year, state, state_id, district_panchayat, district_panchayat_id, block_panchayat, block_panchayat_id, village_panchayat, village_panchayat_id, village_panchayat_budget_id, category, sctied, sttied, generaltied, totaltied, scuntied, stuntied, generaluntied, totaluntied
2015, RAJASTHAN, 8, AJMER, 77, ARAIN, 1149, AAKODIYA, 33588, 1142970, Maintenance of community system, 0, 0, 0, 0, 0, 0, 400000, 400000
2015, RAJASTHAN, 8, AJMER, 77, ARAIN, 1149, AAKODIYA, 33588, 1142970, Roads, 0, 0, 0, 0, 0, 0, 80000, 80000
2015, RAJASTHAN, 8, AJMER, 77, ARAIN, 1149, AAKODIYA, 33588, 1142970, Total, 0, 0, 0, 0, 0, 0, 480000, 480000
2015, RAJASTHAN, 8, AJMER, 77, ARAIN, 1149, ARAIN, 33589, 1142972, Drinking water, 0, 0, 0, 0, 0, 0, 500000, 500000
2015, RAJASTHAN, 8, AJMER, 77, ARAIN, 1149, ARAIN, 33589, 1142972, Roads, 0, 0, 0, 0, 0, 0, 2100000, 2100000
2015, RAJASTHAN, 8, AJMER, 77, ARAIN, 1149, ARAIN, 33589, 1142972, Total, 0, 0, 0, 0, 0, 0, 2600000, 2600000
2015, RAJASTHAN, 8, AJMER, 77, ARAIN, 1149, BAROL, 33620, 1143033, Roads, 0, 0, 0, 0, 0, 0, 1000000, 1000000
2015, RAJASTHAN, 8, AJMER, 77, ARAIN, 1149, BAROL, 33620, 1143033, Total, 0, 0, 0, 0, 0, 0, 1000000, 1000000
2015, RAJASTHAN, 8, AJMER, 77, ARAIN, 1149, BHAGWANTPURA, 33621, 1143003, Roads, 0, 0, 0, 0, 0, 0, 750000, 750000
2015, RAJASTHAN, 8, AJMER, 77, ARAIN, 1149, BHAGWANTPURA, 33621, 1143003, Total, 0, 0, 0, 0, 0, 0, 750000, 750000
2015, RAJASTHAN, 8, AJMER, 77, ARAIN, 1149, BHAMOLAV, 33591, 1143154, Roads, 0, 0, 0, 0, 0, 0, 700000, 700000
2015, RAJASTHAN, 8, AJMER, 77, ARAIN, 1149, BHAMOLAV, 33591, 1143154, Total, 0, 0, 0, 0, 0, 0, 700000, 700000
2015, RAJASTHAN, 8, AJMER, 77, ARAIN, 1149, BHOGADEET, 33592, 1143010, Roads, 0, 0, 0, 0, 0, 0, 750000, 750000
2015, RAJASTHAN, 8, AJMER, 77, ARAIN, 1149, BHOGADEET, 33592, 1143010, Total, 0, 0, 0, 0, 0, 0, 750000, 750000
2015, RAJASTHAN, 8, AJMER, 77, ARAIN, 1149, BORADA, 33594, 1142977, Roads, 0, 0, 0, 0, 0, 0, 1300000, 1300000
2015, RAJASTHAN, 8, AJMER, 77, ARAIN, 1149, BORADA, 33594, 1142977, Total, 0, 0, 0, 0, 0, 0, 1300000, 1300000
2015, RAJASTHAN, 8, AJMER, 77, ARAIN, 1149, CHHOTA LAMBA, 33608, 1142982, Drinking water, 0, 0, 0, 0, 0, 0, 350000, 350000
2015, RAJASTHAN, 8, AJMER, 77, ARAIN, 1149, CHHOTA LAMBA, 33608, 1142982, Land improvement, 0, 0, 0, 0, 0, 0, 50000, 50000
2015, RAJASTHAN, 8, AJMER, 77, ARAIN, 1149, CHHOTA LAMBA, 33608, 1142982, Maintenance of community system, 0, 0, 0, 0, 0, 0, 100000, 100000
2015, RAJASTHAN, 8, AJMER, 77, ARAIN, 1149, CHHOTA LAMBA, 33608, 1142982, Roads, 0, 0, 0, 0, 0, 0, 50000, 50000
2015, RAJASTHAN, 8, AJMER, 77, ARAIN, 1149, CHHOTA LAMBA, 33608, 1142982, Total, 0, 0, 0, 0, 0, 0, 550000, 550000
2015, RAJASTHAN, 8, AJMER, 77, ARAIN, 1149, DABRELA, 33626, 1143139, Roads, 0, 0, 0, 0, 0, 0, 900000, 900000
2015, RAJASTHAN, 8, AJMER, 77, ARAIN, 1149, DABRELA, 33626, 1143139, Total, 0, 0, 0, 0, 0, 0, 900000, 900000
2015, RAJASTHAN, 8, AJMER, 77, ARAIN, 1149, DADIYA, 33595, 1142985, Roads, 0, 0, 0, 0, 0, 0, 200000, 200000
2015, RAJASTHAN, 8, AJMER, 77, ARAIN, 1149, DADIYA, 33595, 1142985, Total, 0, 0, 0, 0, 0, 0, 200000, 200000
2015, RAJASTHAN, 8, AJMER, 77, ARAIN, 1149, DEOPURI, 33596, 1142991, Roads, 0, 0, 0, 0, 0, 0, 800000, 800000
2015, RAJASTHAN, 8, AJMER, 77, ARAIN, 1149, DEOPURI, 33596, 1142991, Total, 0, 0, 0, 0, 0, 0, 800000, 800000
2015, RAJASTHAN, 8, AJMER, 77, ARAIN, 1149, DHASOOK, 33597, 1143150, Land improvement, 0, 0, 0, 0, 0, 0, 200000, 200000
2015, RAJASTHAN, 8, AJMER, 77, ARAIN, 1149, DHASOOK, 33597, 1143150, Roads, 0, 0, 0, 0, 0, 0, 600000, 600000
2015, RAJASTHAN, 8, AJMER, 77, ARAIN, 1149, DHASOOK, 33597, 1143150, Total, 0, 0, 0, 0, 0, 0, 800000, 800000
2015, RAJASTHAN, 8, AJMER, 77, ARAIN, 1149, GOTHIYANA, 33599, 1142992, Sanitation, 0, 0, 0, 0, 0, 0, 600000, 600000
2015, RAJASTHAN, 8, AJMER, 77, ARAIN, 1149, GOTHIYANA, 33599, 1142992, Total, 0, 0, 0, 0, 0, 0, 600000, 600000
2015, RAJASTHAN, 8, AJMER, 77, ARAIN, 1149, JHEEROTA, 33602, 1142988, Roads, 0, 0, 0, 0, 0, 0, 300000, 300000
2015, RAJASTHAN, 8, AJMER, 77, ARAIN, 1149, JHEEROTA, 33602, 1142988, Rural electrification, 0, 0, 0, 0, 0, 0, 50000, 50000
2015, RAJASTHAN, 8, AJMER, 77, ARAIN, 1149, JHEEROTA, 33602, 1142988, Total, 0, 0, 0, 0, 0, 0, 350000, 350000
2015, RAJASTHAN, 8, AJMER, 77, ARAIN, 1149, KALANADA, 33603, 1143109, Roads, 0, 0, 0, 0, 0, 0, 300000, 300000
2015, RAJASTHAN, 8, AJMER, 77, ARAIN, 1149, KALANADA, 33603, 1143109, Total, 0, 0, 0, 0, 0, 0, 300000, 300000
2015, RAJASTHAN, 8, AJMER, 77, ARAIN, 1149, KASHEER, 33604, 1142983, Maintenance of community system, 0, 0, 0, 0, 0, 0, 500000, 500000
2015, RAJASTHAN, 8, AJMER, 77, ARAIN, 1149, KASHEER, 33604, 1142983, Roads, 0, 0, 0, 0, 0, 0, 1000000, 1000000
2015, RAJASTHAN, 8, AJMER, 77, ARAIN, 1149, KASHEER, 33604, 1142983, Total, 0, 0, 0, 0, 0, 0, 1500000, 1500000
2015, RAJASTHAN, 8, AJMER, 77, ARAIN, 1149, KATSOORA, 33605, 1143009, Maintenance of community system, 0, 0, 0, 0, 0, 0, 600000, 600000
2015, RAJASTHAN, 8, AJMER, 77, ARAIN, 1149, KATSOORA, 33605, 1143009, Roads, 0, 0, 0, 0, 0, 0, 200000, 200000
2015, RAJASTHAN, 8, AJMER, 77, ARAIN, 1149, KATSOORA, 33605, 1143009, Total, 0, 0, 0, 0, 0, 0, 800000, 800000
2015, RAJASTHAN, 8, AJMER, 77, ARAIN, 1149, MANDAWARIYA, 33609, 1143002, Land improvement, 0, 0, 0, 0, 0, 0, 190000, 190000
2015, RAJASTHAN, 8, AJMER, 77, ARAIN, 1149, MANDAWARIYA, 33609, 1143002, Roads, 0, 0, 0, 0, 0, 0, 500000, 500000
2015, RAJASTHAN, 8, AJMER, 77, ARAIN, 1149, MANDAWARIYA, 33609, 1143002, Total, 0, 0, 0, 0, 0, 0, 690000, 690000
2015, RAJASTHAN, 8, AJMER, 77, ARAIN, 1149, MANOHARPURA, 33610, 1142981, Roads, 0, 0, 0, 0, 0, 0, 900000, 900000
2015, RAJASTHAN, 8, AJMER, 77, ARAIN, 1149, MANOHARPURA, 33610, 1142981, Total, 0, 0, 0, 0, 0, 0, 900000, 900000
2015, RAJASTHAN, 8, AJMER, 77, ARAIN, 1149, SANDOLIYA, 33612, 1143022, Roads, 0, 0, 0, 0, 0, 0, 750000, 750000
2015, RAJASTHAN, 8, AJMER, 77, ARAIN, 1149, SANDOLIYA, 33612, 1143022, Total, 0, 0, 0, 0, 0, 0, 750000, 750000
2015, RAJASTHAN, 8, AJMER, 77, ARAIN, 1149, SIROONJ, 33614, 1143106, Drinking water, 0, 0, 0, 0, 0, 0, 100000, 100000
2015, RAJASTHAN, 8, AJMER, 77, ARAIN, 1149, SIROONJ, 33614, 1143106, Roads, 0, 0, 0, 0, 0, 0, 400000, 400000
2015, RAJASTHAN, 8, AJMER, 77, ARAIN, 1149, SIROONJ, 33614, 1143106, Total, 0, 0, 0, 0, 0, 0, 500000, 500000
2015, RAJASTHAN, 8, AJMER, 77, BHINAY, 1150, BANDANWARA, 33617, 1142482, Roads, 0, 0, 0, 0, 0, 0, 700000, 700000
2015, RAJASTHAN, 8, AJMER, 77, BHINAY, 1150, BANDANWARA, 33617, 1142482, Total, 0, 0, 0, 0, 0, 0, 700000, 700000
2015, RAJASTHAN, 8, AJMER, 77, BHINAY, 1150, BARGAON (SURKHAND), 33618, 1142442, Maintenance of community system, 0, 0, 0, 0, 0, 0, 300000, 300000
2015, RAJASTHAN, 8, AJMER, 77, BHINAY, 1150, BARGAON (SURKHAND), 33618, 1142442, Roads, 0, 0, 0, 0, 0, 0, 50000, 50000
2015, RAJASTHAN, 8, AJMER, 77, BHINAY, 1150, BARGAON (SURKHAND), 33618, 1142442, Total, 0, 0, 0, 0, 0, 0, 350000, 350000
2015, RAJASTHAN, 8, AJMER, 77, BHINAY, 1150, BARLI, 33619, 1143182, Maintenance of community system, 0, 0, 0, 0, 0, 0, 400000, 400000
2015, RAJASTHAN, 8, AJMER, 77, BHINAY, 1150, BARLI, 33619, 1143182, Total, 0, 0, 0, 0, 0, 0, 400000, 400000
2015, RAJASTHAN, 8, AJMER, 77, BHINAY, 1150, BHINAY, 33622, 1143188, Drinking water, 0, 0, 0, 0, 0, 0, 100000, 100000
2015, RAJASTHAN, 8, AJMER, 77, BHINAY, 1150, BHINAY, 33622, 1143188, Maintenance of community system, 0, 0, 0, 0, 0, 0, 250000, 250000
2015, RAJASTHAN, 8, AJMER, 77, BHINAY, 1150, BHINAY, 33622, 1143188, Total, 0, 0, 0, 0, 0, 0, 350000, 350000
2015, RAJASTHAN, 8, AJMER, 77, BHINAY, 1150, BOOBKIYA, 33623, 1142433, Maintenance of community system, 0, 0, 0, 0, 0, 0, 200000, 200000
2015, RAJASTHAN, 8, AJMER, 77, BHINAY, 1150, BOOBKIYA, 33623, 1142433, Roads, 0, 0, 0, 0, 0, 0, 500000, 500000
2015, RAJASTHAN, 8, AJMER, 77, BHINAY, 1150, BOOBKIYA, 33623, 1142433, Total, 0, 0, 0, 0, 0, 0, 700000, 700000
2015, RAJASTHAN, 8, AJMER, 77, BHINAY, 1150, CHAPANERI, 33624, 1143191, Roads, 0, 0, 0, 0, 0, 0, 200000, 200000
2015, RAJASTHAN, 8, AJMER, 77, BHINAY, 1150, CHAPANERI, 33624, 1143191, Total, 0, 0, 0, 0, 0, 0, 200000, 200000
2015, RAJASTHAN, 8, AJMER, 77, BHINAY, 1150, CHHACHHUNDRA, 33625, 1142558, Roads, 0, 0, 0, 0, 0, 0, 700000, 700000
2015, RAJASTHAN, 8, AJMER, 77, BHINAY, 1150, CHHACHHUNDRA, 33625, 1142558, Total, 0, 0, 0, 0, 0, 0, 700000, 700000
2015, RAJASTHAN, 8, AJMER, 77, BHINAY, 1150, DEOLIYA KALAN, 33627, 1142465, Roads, 0, 0, 0, 0, 0, 0, 1200000, 1200000
2015, RAJASTHAN, 8, AJMER, 77, BHINAY, 1150, DEOLIYA KALAN, 33627, 1142465, Total, 0, 0, 0, 0, 0, 0, 1200000, 1200000
2015, RAJASTHAN, 8, AJMER, 77, BHINAY, 1150, DHANTOL, 33628, 1143208, Land improvement, 0, 0, 0, 0, 0, 0, 200000, 200000
2015, RAJASTHAN, 8, AJMER, 77, BHINAY, 1150, DHANTOL, 33628, 1143208, Maintenance of community system, 0, 0, 0, 0, 0, 0, 100000, 100000
2015, RAJASTHAN, 8, AJMER, 77, BHINAY, 1150, DHANTOL, 33628, 1143208, Total, 0, 0, 0, 0, 0, 0, 300000, 300000
2015, RAJASTHAN, 8, AJMER, 77, BHINAY, 1150, EKALSEENGA, 33629, 1143211, Roads, 0, 0, 0, 0, 0, 0, 600000, 600000
2015, RAJASTHAN, 8, AJMER, 77, BHINAY, 1150, EKALSEENGA, 33629, 1143211, Total, 0, 0, 0, 0, 0, 0, 600000, 600000
2015, RAJASTHAN, 8, AJMER, 77, BHINAY, 1150, GURHA KHURD, 33631, 1146612, Roads, 0, 0, 0, 0, 0, 0, 400000, 400000
2015, RAJASTHAN, 8, AJMER, 77, BHINAY, 1150, GURHA KHURD, 33631, 1146612, Total, 0, 0, 0, 0, 0, 0, 550000, 550000
2015, RAJASTHAN, 8, AJMER, 77, BHINAY, 1150, GURHA KHURD, 33631, 1146612, Water Conservation, 0, 0, 0, 0, 0, 0, 150000, 150000
2015, RAJASTHAN, 8, AJMER, 77, BHINAY, 1150, KANAI KALAN, 33633, 1142552, Maintenance of community system, 0, 0, 0, 0, 0, 0, 1500000, 1500000
2015, RAJASTHAN, 8, AJMER, 77, BHINAY, 1150, KANAI KALAN, 33633, 1142552, Total, 0, 0, 0, 0, 0, 0, 1500000, 1500000
2015, RAJASTHAN, 8, AJMER, 77, BHINAY, 1150, KARANTI, 33634, 1143170, Roads, 0, 0, 0, 0, 0, 0, 600000, 600000
2015, RAJASTHAN, 8, AJMER, 77, BHINAY, 1150, KARANTI, 33634, 1143170, Total, 0, 0, 0, 0, 0, 0, 600000, 600000
2015, RAJASTHAN, 8, AJMER, 77, BHINAY, 1150, KEROT, 33636, 1143267, Maintenance of community system, 0, 0, 0, 0, 0, 0, 100000, 100000
2015, RAJASTHAN, 8, AJMER, 77, BHINAY, 1150, KEROT, 33636, 1143267, Roads, 0, 0, 0, 0, 0, 0, 350000, 350000
2015, RAJASTHAN, 8, AJMER, 77, BHINAY, 1150, KEROT, 33636, 1143267, Total, 0, 0, 0, 0, 0, 0, 450000, 450000
2015, RAJASTHAN, 8, AJMER, 77, BHINAY, 1150, KUMHARIYA, 33637, 1143283, Maintenance of community system, 0, 0, 0, 0, 0, 0, 200000, 200000
2015, RAJASTHAN, 8, AJMER, 77, BHINAY, 1150, KUMHARIYA, 33637, 1143283, Roads, 0, 0, 0, 0, 0, 0, 200000, 200000
2015, RAJASTHAN, 8, AJMER, 77, BHINAY, 1150, KUMHARIYA, 33637, 1143283, Total, 0, 0, 0, 0, 0, 0, 400000, 400000
2015, RAJASTHAN, 8, AJMER, 77, BHINAY, 1150, LAMGARA, 33638, 1143280, Roads, 0, 0, 0, 0, 0, 0, 95000, 95000
2015, RAJASTHAN, 8, AJMER, 77, BHINAY, 1150, LAMGARA, 33638, 1143280, Total, 0, 0, 0, 0, 0, 0, 95000, 95000
2015, RAJASTHAN, 8, AJMER, 77, BHINAY, 1150, NAGOLA, 33639, 1143284, Maintenance of community system, 0, 0, 0, 0, 0, 0, 500000, 500000
2015, RAJASTHAN, 8, AJMER, 77, BHINAY, 1150, NAGOLA, 33639, 1143284, Roads, 0, 0, 0, 0, 0, 0, 200000, 200000
2015, RAJASTHAN, 8, AJMER, 77, BHINAY, 1150, NAGOLA, 33639, 1143284, Total, 0, 0, 0, 0, 0, 0, 700000, 700000
2015, RAJASTHAN, 8, AJMER, 77, BHINAY, 1150, NANDSI, 33640, 1143293, Land improvement, 0, 0, 0, 0, 0, 0, 100000, 100000
2015, RAJASTHAN, 8, AJMER, 77, BHINAY, 1150, NANDSI, 33640, 1143293, Roads, 0, 0, 0, 0, 0, 0, 100000, 100000
2015, RAJASTHAN, 8, AJMER, 77, BHINAY, 1150, NANDSI, 33640, 1143293, Total, 0, 0, 0, 0, 0, 0, 200000, 200000
2015, RAJASTHAN, 8, AJMER, 77, BHINAY, 1150, PADALIYA, 33641, 1142555, Maintenance of community system, 0, 0, 0, 0, 0, 0, 800000, 800000
2015, RAJASTHAN, 8, AJMER, 77, BHINAY, 1150, PADALIYA, 33641, 1142555, Roads, 0, 0, 0, 0, 0, 0, 500000, 500000
2015, RAJASTHAN, 8, AJMER, 77, BHINAY, 1150, PADALIYA, 33641, 1142555, Total, 0, 0, 0, 0, 0, 0, 1300000, 1300000
2015, RAJASTHAN, 8, AJMER, 77, BHINAY, 1150, PADANGA, 33642, 1143171, Maintenance of community system, 0, 0, 0, 0, 0, 0, 300000, 300000
2015, RAJASTHAN, 8, AJMER, 77, BHINAY, 1150, PADANGA, 33642, 1143171, Roads, 0, 0, 0, 0, 0, 0, 400000, 400000
2015, RAJASTHAN, 8, AJMER, 77, BHINAY, 1150, PADANGA, 33642, 1143171, Total, 0, 0, 0, 0, 0, 0, 700000, 700000
2015, RAJASTHAN, 8, AJMER, 77, BHINAY, 1150, RAMMALIYA, 33643, 1142150, Land improvement, 0, 0, 0, 0, 0, 0, 200000, 200000
2015, RAJASTHAN, 8, AJMER, 77, BHINAY, 1150, RAMMALIYA, 33643, 1142150, Roads, 0, 0, 0, 0, 0, 0, 800000, 800000
2015, RAJASTHAN, 8, AJMER, 77, BHINAY, 1150, RAMMALIYA, 33643, 1142150, Total, 0, 0, 0, 0, 0, 0, 1000000, 1000000
2015, RAJASTHAN, 8, AJMER, 77, BHINAY, 1150, RATAKOT, 33644, 1143295, Roads, 0, 0, 0, 0, 0, 0, 1100000, 1100000
2015, RAJASTHAN, 8, AJMER, 77, BHINAY, 1150, RATAKOT, 33644, 1143295, Total, 0, 0, 0, 0, 0, 0, 1100000, 1100000
2015, RAJASTHAN, 8, AJMER, 77, BHINAY, 1150, SINGAWAL, 33649, 1143300, Roads, 0, 0, 0, 0, 0, 0, 900000, 900000
2015, RAJASTHAN, 8, AJMER, 77, BHINAY, 1150, SINGAWAL, 33649, 1143300, Total, 0, 0, 0, 0, 0, 0, 900000, 900000
2015, RAJASTHAN, 8, AJMER, 77, BHINAY, 1150, SOBDI, 33650, 1143303, Drinking water, 0, 0, 0, 0, 0, 0, 100000, 100000
2015, RAJASTHAN, 8, AJMER, 77, BHINAY, 1150, SOBDI, 33650, 1143303, Roads, 0, 0, 0, 0, 0, 0, 200000, 200000
2015, RAJASTHAN, 8, AJMER, 77, BHINAY, 1150, SOBDI, 33650, 1143303, Total, 0, 0, 0, 0, 0, 0, 300000, 300000
2015, RAJASTHAN, 8, AJMER, 77, JAWAJA, 1151, ASAN, 33652, 1149254, Roads, 0, 0, 0, 0, 0, 0, 1500000, 1500000
2015, RAJASTHAN, 8, AJMER, 77, JAWAJA, 1151, ASAN, 33652, 1149254, Total, 0, 0, 0, 0, 0, 0, 1500000, 1500000
2015, RAJASTHAN, 8, AJMER, 77, JAWAJA, 1151, ATEETMAND, 33653, 1149259, Roads, 0, 0, 0, 0, 0, 0, 1145000, 1145000
2015, RAJASTHAN, 8, AJMER, 77, JAWAJA, 1151, ATEETMAND, 33653, 1149259, Total, 0, 0, 0, 0, 0, 0, 1145000, 1145000
2015, RAJASTHAN, 8, AJMER, 77, JAWAJA, 1151, BADA KHERA (KHERA KALAN), 33658, 1149267, Land improvement, 0, 0, 0, 0, 0, 0, 1463000, 1463000
2015, RAJASTHAN, 8, AJMER, 77, JAWAJA, 1151, BADA KHERA (KHERA KALAN), 33658, 1149267, Total, 0, 0, 0, 0, 0, 0, 1463000, 1463000
2015, RAJASTHAN, 8, AJMER, 77, JAWAJA, 1151, BALAR, 33654, 1149278, Roads, 0, 0, 0, 0, 0, 0, 1500000, 1500000
2015, RAJASTHAN, 8, AJMER, 77, JAWAJA, 1151, BALAR, 33654, 1149278, Total, 0, 0, 0, 0, 0, 0, 1500000, 1500000
2015, RAJASTHAN, 8, AJMER, 77, JAWAJA, 1151, BAMANHERA, 33655, 1149287, Roads, 0, 0, 0, 0, 0, 0, 865000, 865000
2015, RAJASTHAN, 8, AJMER, 77, JAWAJA, 1151, BAMANHERA, 33655, 1149287, Total, 0, 0, 0, 0, 0, 0, 865000, 865000
2015, RAJASTHAN, 8, AJMER, 77, JAWAJA, 1151, BANJARI, 33656, 1150264, Drinking water, 0, 0, 0, 0, 0, 0, 600000, 600000
2015, RAJASTHAN, 8, AJMER, 77, JAWAJA, 1151, BANJARI, 33656, 1150264, Roads, 0, 0, 0, 0, 0, 0, 652000, 652000
2015, RAJASTHAN, 8, AJMER, 77, JAWAJA, 1151, BANJARI, 33656, 1150264, Total, 0, 0, 0, 0, 0, 0, 1252000, 1252000
2015, RAJASTHAN, 8, AJMER, 77, JAWAJA, 1151, BAR KOCHARA, 33657, 1151433, Roads, 0, 0, 0, 0, 0, 0, 1175000, 1175000
2015, RAJASTHAN, 8, AJMER, 77, JAWAJA, 1151, BAR KOCHARA, 33657, 1151433, Total, 0, 0, 0, 0, 0, 0, 1175000, 1175000
2015, RAJASTHAN, 8, AJMER, 77, JAWAJA, 1151, BARAKHAN, 33659, 1150273, Roads, 0, 0, 0, 0, 0, 0, 1200000, 1200000
2015, RAJASTHAN, 8, AJMER, 77, JAWAJA, 1151, BARAKHAN, 33659, 1150273, Total, 0, 0, 0, 0, 0, 0, 1200000, 1200000
2015, RAJASTHAN, 8, AJMER, 77, JAWAJA, 1151, BEAWAR KHAS, 33660, 1151436, Land improvement, 0, 0, 0, 0, 0, 0, 1400000, 1400000
2015, RAJASTHAN, 8, AJMER, 77, JAWAJA, 1151, BEAWAR KHAS, 33660, 1151436, Total, 0, 0, 0, 0, 0, 0, 1400000, 1400000
2015, RAJASTHAN, 8, AJMER, 77, JAWAJA, 1151, DELWARA, 33661, 1151440, Roads, 0, 0, 0, 0, 0, 0, 1200000, 1200000
2015, RAJASTHAN, 8, AJMER, 77, JAWAJA, 1151, DELWARA, 33661, 1151440, Total, 0, 0, 0, 0, 0, 0, 1200000, 1200000
2015, RAJASTHAN, 8, AJMER, 77, JAWAJA, 1151, DEWATA, 33662, 1151442, Land improvement, 0, 0, 0, 0, 0, 0, 865000, 865000
2015, RAJASTHAN, 8, AJMER, 77, JAWAJA, 1151, DEWATA, 33662, 1151442, Total, 0, 0, 0, 0, 0, 0, 865000, 865000
2015, RAJASTHAN, 8, AJMER, 77, JAWAJA, 1151, DURGAWAS, 33663, 1151446, Roads, 0, 0, 0, 0, 0, 0, 1000000, 1000000
2015, RAJASTHAN, 8, AJMER, 77, JAWAJA, 1151, DURGAWAS, 33663, 1151446, Total, 0, 0, 0, 0, 0, 0, 1000000, 1000000
2015, RAJASTHAN, 8, AJMER, 77, JAWAJA, 1151, GOHANA, 33664, 1151447, Roads, 0, 0, 0, 0, 0, 0, 1200000, 1200000
2015, RAJASTHAN, 8, AJMER, 77, JAWAJA, 1151, GOHANA, 33664, 1151447, Total, 0, 0, 0, 0, 0, 0, 1200000, 1200000
2015, RAJASTHAN, 8, AJMER, 77, JAWAJA, 1151, JALIYA-I, 33665, 1151448, Land improvement, 0, 0, 0, 0, 0, 0, 800000, 800000
2015, RAJASTHAN, 8, AJMER, 77, JAWAJA, 1151, JALIYA-I, 33665, 1151448, Sanitation, 0, 0, 0, 0, 0, 0, 400000, 400000
2015, RAJASTHAN, 8, AJMER, 77, JAWAJA, 1151, JALIYA-I, 33665, 1151448, Total, 0, 0, 0, 0, 0, 0, 1200000, 1200000
2015, RAJASTHAN, 8, AJMER, 77, JAWAJA, 1151, JAWAJA, 33666, 1151450, Land improvement, 0, 0, 0, 0, 0, 0, 798000, 798000
2015, RAJASTHAN, 8, AJMER, 77, JAWAJA, 1151, JAWAJA, 33666, 1151450, Roads, 0, 0, 0, 0, 0, 0, 800000, 800000
2015, RAJASTHAN, 8, AJMER, 77, JAWAJA, 1151, JAWAJA, 33666, 1151450, Total, 0, 0, 0, 0, 0, 0, 1598000, 1598000
2015, RAJASTHAN, 8, AJMER, 77, JAWAJA, 1151, KABRA, 33667, 1151451, Roads, 0, 0, 0, 0, 0, 0, 1100000, 1100000
2015, RAJASTHAN, 8, AJMER, 77, JAWAJA, 1151, KABRA, 33667, 1151451, Total, 0, 0, 0, 0, 0, 0, 1100000, 1100000
2015, RAJASTHAN, 8, AJMER, 77, JAWAJA, 1151, KISHANPURA, 33668, 1151454, Roads, 0, 0, 0, 0, 0, 0, 1600000, 1600000
2015, RAJASTHAN, 8, AJMER, 77, JAWAJA, 1151, KISHANPURA, 33668, 1151454, Total, 0, 0, 0, 0, 0, 0, 1600000, 1600000
2015, RAJASTHAN, 8, AJMER, 77, JAWAJA, 1151, KOTRA, 33669, 1151457, Roads, 0, 0, 0, 0, 0, 0, 945000, 945000
2015, RAJASTHAN, 8, AJMER, 77, JAWAJA, 1151, KOTRA, 33669, 1151457, Total, 0, 0, 0, 0, 0, 0, 945000, 945000
2015, RAJASTHAN, 8, AJMER, 77, JAWAJA, 1151, LOTIYANA, 33670, 1151460, Roads, 0, 0, 0, 0, 0, 0, 811000, 811000
2015, RAJASTHAN, 8, AJMER, 77, JAWAJA, 1151, LOTIYANA, 33670, 1151460, Total, 0, 0, 0, 0, 0, 0, 811000, 811000
2015, RAJASTHAN, 8, AJMER, 77, JAWAJA, 1151, MALATON KI BER, 33671, 1151463, Land improvement, 0, 0, 0, 0, 0, 0, 700000, 700000
2015, RAJASTHAN, 8, AJMER, 77, JAWAJA, 1151, MALATON KI BER, 33671, 1151463, Roads, 0, 0, 0, 0, 0, 0, 600000, 600000
2015, RAJASTHAN, 8, AJMER, 77, JAWAJA, 1151, MALATON KI BER, 33671, 1151463, Total, 0, 0, 0, 0, 0, 0, 1300000, 1300000
2015, RAJASTHAN, 8, AJMER, 77, JAWAJA, 1151, MALPURA, 33672, 1151467, Roads, 0, 0, 0, 0, 0, 0, 1335000, 1335000
2015, RAJASTHAN, 8, AJMER, 77, JAWAJA, 1151, MALPURA, 33672, 1151467, Total, 0, 0, 0, 0, 0, 0, 1335000, 1335000
2015, RAJASTHAN, 8, AJMER, 77, JAWAJA, 1151, Mediya, 262067, 1151470, Roads, 0, 0, 0, 0, 0, 0, 1500000, 1500000
2015, RAJASTHAN, 8, AJMER, 77, JAWAJA, 1151, Mediya, 262067, 1151470, Total, 0, 0, 0, 0, 0, 0, 1500000, 1500000
2015, RAJASTHAN, 8, AJMER, 77, JAWAJA, 1151, NAI KALAN, 33673, 1151473, Roads, 0, 0, 0, 0, 0, 0, 900000, 900000
2015, RAJASTHAN, 8, AJMER, 77, JAWAJA, 1151, NAI KALAN, 33673, 1151473, Total, 0, 0, 0, 0, 0, 0, 900000, 900000
2015, RAJASTHAN, 8, AJMER, 77, JAWAJA, 1151, NARBAD KHERA, 33674, 1151476, Land improvement, 0, 0, 0, 0, 0, 0, 600000, 600000
2015, RAJASTHAN, 8, AJMER, 77, JAWAJA, 1151, NARBAD KHERA, 33674, 1151476, Roads, 0, 0, 0, 0, 0, 0, 800000, 800000
2015, RAJASTHAN, 8, AJMER, 77, JAWAJA, 1151, NARBAD KHERA, 33674, 1151476, Total, 0, 0, 0, 0, 0, 0, 1400000, 1400000
2015, RAJASTHAN, 8, AJMER, 77, JAWAJA, 1151, NOONDRI MAHINDRATAN, 33676, 1151479, Roads, 0, 0, 0, 0, 0, 0, 1663000, 1663000
2015, RAJASTHAN, 8, AJMER, 77, JAWAJA, 1151, NOONDRI MAHINDRATAN, 33676, 1151479, Total, 0, 0, 0, 0, 0, 0, 1663000, 1663000
2015, RAJASTHAN, 8, AJMER, 77, JAWAJA, 1151, NOONDRI MALDEO, 33675, 1151487, Land improvement, 0, 0, 0, 0, 0, 0, 400000, 400000
2015, RAJASTHAN, 8, AJMER, 77, JAWAJA, 1151, NOONDRI MALDEO, 33675, 1151487, Roads, 0, 0, 0, 0, 0, 0, 1000000, 1000000
2015, RAJASTHAN, 8, AJMER, 77, JAWAJA, 1151, NOONDRI MALDEO, 33675, 1151487, Total, 0, 0, 0, 0, 0, 0, 1400000, 1400000
2015, RAJASTHAN, 8, AJMER, 77, JAWAJA, 1151, RAJIYAWAS, 33677, 1151488, Land improvement, 0, 0, 0, 0, 0, 0, 565000, 565000
2015, RAJASTHAN, 8, AJMER, 77, JAWAJA, 1151, RAJIYAWAS, 33677, 1151488, Roads, 0, 0, 0, 0, 0, 0, 500000, 500000
2015, RAJASTHAN, 8, AJMER, 77, JAWAJA, 1151, RAJIYAWAS, 33677, 1151488, Total, 0, 0, 0, 0, 0, 0, 1065000, 1065000
2015, RAJASTHAN, 8, AJMER, 77, JAWAJA, 1151, RAWATMALA, 33678, 1151491, Roads, 0, 0, 0, 0, 0, 0, 545000, 545000
2015, RAJASTHAN, 8, AJMER, 77, JAWAJA, 1151, RAWATMALA, 33678, 1151491, Sanitation, 0, 0, 0, 0, 0, 0, 400000, 400000
2015, RAJASTHAN, 8, AJMER, 77, JAWAJA, 1151, RAWATMALA, 33678, 1151491, Total, 0, 0, 0, 0, 0, 0, 945000, 945000
2015, RAJASTHAN, 8, AJMER, 77, JAWAJA, 1151, ROOPNAGAR, 33679, 1151494, Land improvement, 0, 0, 0, 0, 0, 0, 644000, 644000
2015, RAJASTHAN, 8, AJMER, 77, JAWAJA, 1151, ROOPNAGAR, 33679, 1151494, Roads, 0, 0, 0, 0, 0, 0, 700000, 700000
2015, RAJASTHAN, 8, AJMER, 77, JAWAJA, 1151, ROOPNAGAR, 33679, 1151494, Total, 0, 0, 0, 0, 0, 0, 1344000, 1344000
2015, RAJASTHAN, 8, AJMER, 77, JAWAJA, 1151, SARMALIYA, 33680, 1151495, Roads, 0, 0, 0, 0, 0, 0, 1600000, 1600000
2015, RAJASTHAN, 8, AJMER, 77, JAWAJA, 1151, SARMALIYA, 33680, 1151495, Total, 0, 0, 0, 0, 0, 0, 1600000, 1600000
2015, RAJASTHAN, 8, AJMER, 77, JAWAJA, 1151, SARVEENA, 33681, 1151497, Roads, 0, 0, 0, 0, 0, 0, 1021000, 1021000
2015, RAJASTHAN, 8, AJMER, 77, JAWAJA, 1151, SARVEENA, 33681, 1151497, Total, 0, 0, 0, 0, 0, 0, 1021000, 1021000
2015, RAJASTHAN, 8, AJMER, 77, JAWAJA, 1151, SUHAWA, 33682, 1151500, Land improvement, 0, 0, 0, 0, 0, 0, 400000, 400000
2015, RAJASTHAN, 8, AJMER, 77, JAWAJA, 1151, SUHAWA, 33682, 1151500, Roads, 0, 0, 0, 0, 0, 0, 800000, 800000
2015, RAJASTHAN, 8, AJMER, 77, JAWAJA, 1151, SUHAWA, 33682, 1151500, Total, 0, 0, 0, 0, 0, 0, 1200000, 1200000
2015, RAJASTHAN, 8, AJMER, 77, JAWAJA, 1151, SURADIYA, 33683, 1151503, Roads, 0, 0, 0, 0, 0, 0, 1178000, 1178000
2015, RAJASTHAN, 8, AJMER, 77, JAWAJA, 1151, SURADIYA, 33683, 1151503, Total, 0, 0, 0, 0, 0, 0, 1178000, 1178000
2015, RAJASTHAN, 8, AJMER, 77, JAWAJA, 1151, SURAJPURA, 33684, 1151505, Land improvement, 0, 0, 0, 0, 0, 0, 700000, 700000
2015, RAJASTHAN, 8, AJMER, 77, JAWAJA, 1151, SURAJPURA, 33684, 1151505, Roads, 0, 0, 0, 0, 0, 0, 846000, 846000
2015, RAJASTHAN, 8, AJMER, 77, JAWAJA, 1151, SURAJPURA, 33684, 1151505, Total, 0, 0, 0, 0, 0, 0, 1546000, 1546000
2015, RAJASTHAN, 8, AJMER, 77, JAWAJA, 1151, TARAGARH, 33685, 1151507, Land improvement, 0, 0, 0, 0, 0, 0, 1100000, 1100000
2015, RAJASTHAN, 8, AJMER, 77, JAWAJA, 1151, TARAGARH, 33685, 1151507, Total, 0, 0, 0, 0, 0, 0, 1100000, 1100000
2015, RAJASTHAN, 8, AJMER, 77, JAWAJA, 1151, TATGARH, 33686, 1151511, Roads, 0, 0, 0, 0, 0, 0, 1200000, 1200000
2015, RAJASTHAN, 8, AJMER, 77, JAWAJA, 1151, TATGARH, 33686, 1151511, Total, 0, 0, 0, 0, 0, 0, 1200000, 1200000
2015, RAJASTHAN, 8, AJMER, 77, KEKRI, 1152, ALOLI, 33687, 1149181, Roads, 0, 0, 0, 0, 0, 0, 500000, 500000
2015, RAJASTHAN, 8, AJMER, 77, KEKRI, 1152, ALOLI, 33687, 1149181, Total, 0, 0, 0, 0, 0, 0, 500000, 500000
2015, RAJASTHAN, 8, AJMER, 77, KEKRI, 1152, BAGHERA, 33688, 1149214, Roads, 0, 0, 0, 0, 0, 0, 350000, 350000
2015, RAJASTHAN, 8, AJMER, 77, KEKRI, 1152, BAGHERA, 33688, 1149214, Rural electrification, 0, 0, 0, 0, 0, 0, 300000, 300000
2015, RAJASTHAN, 8, AJMER, 77, KEKRI, 1152, BAGHERA, 33688, 1149214, Total, 0, 0, 0, 0, 0, 0, 650000, 650000
2015, RAJASTHAN, 8, AJMER, 77, KEKRI, 1152, BAJTA, 33689, 1149168, Roads, 0, 0, 0, 0, 0, 0, 350000, 350000
2015, RAJASTHAN, 8, AJMER, 77, KEKRI, 1152, BAJTA, 33689, 1149168, Social welfare, 0, 0, 0, 0, 0, 0, 250000, 250000
2015, RAJASTHAN, 8, AJMER, 77, KEKRI, 1152, BAJTA, 33689, 1149168, Total, 0, 0, 0, 0, 0, 0, 600000, 600000
2015, RAJASTHAN, 8, AJMER, 77, KEKRI, 1152, BHARAI, 33690, 1149224, Roads, 0, 0, 0, 0, 0, 0, 300000, 300000
2015, RAJASTHAN, 8, AJMER, 77, KEKRI, 1152, BHARAI, 33690, 1149224, Social welfare, 0, 0, 0, 0, 0, 0, 250000, 250000
2015, RAJASTHAN, 8, AJMER, 77, KEKRI, 1152, BHARAI, 33690, 1149224, Total, 0, 0, 0, 0, 0, 0, 550000, 550000
2015, RAJASTHAN, 8, AJMER, 77, KEKRI, 1152, BHEEMRAWAS, 33691, 1149227, Roads, 0, 0, 0, 0, 0, 0, 470000, 470000
2015, RAJASTHAN, 8, AJMER, 77, KEKRI, 1152, BHEEMRAWAS, 33691, 1149227, Total, 0, 0, 0, 0, 0, 0, 470000, 470000
2015, RAJASTHAN, 8, AJMER, 77, KEKRI, 1152, CHEETIWAS, 33692, 1142642, Drinking water, 0, 0, 0, 0, 0, 0, 60000, 60000
2015, RAJASTHAN, 8, AJMER, 77, KEKRI, 1152, CHEETIWAS, 33692, 1142642, Roads, 0, 0, 0, 0, 0, 0, 200000, 200000
2015, RAJASTHAN, 8, AJMER, 77, KEKRI, 1152, CHEETIWAS, 33692, 1142642, Total, 0, 0, 0, 0, 0, 0, 260000, 260000
2015, RAJASTHAN, 8, AJMER, 77, KEKRI, 1152, DEOGAON, 33694, 1149245, Maintenance of community system, 0, 0, 0, 0, 0, 0, 50000, 50000
2015, RAJASTHAN, 8, AJMER, 77, KEKRI, 1152, DEOGAON, 33694, 1149245, Total, 0, 0, 0, 0, 0, 0, 100000, 100000
2015, RAJASTHAN, 8, AJMER, 77, KEKRI, 1152, DEOGAON, 33694, 1149245, Water Conservation, 0, 0, 0, 0, 0, 0, 50000, 50000
2015, RAJASTHAN, 8, AJMER, 77, KEKRI, 1152, DHOONDHARI, 33695, 1149292, Roads, 0, 0, 0, 0, 0, 0, 898000, 898000
2015, RAJASTHAN, 8, AJMER, 77, KEKRI, 1152, DHOONDHARI, 33695, 1149292, Total, 0, 0, 0, 0, 0, 0, 898000, 898000
2015, RAJASTHAN, 8, AJMER, 77, KEKRI, 1152, GHATIYALI, 33696, 1146797, Drinking water, 0, 0, 0, 0, 0, 0, 300000, 300000
2015, RAJASTHAN, 8, AJMER, 77, KEKRI, 1152, GHATIYALI, 33696, 1146797, Roads, 0, 0, 0, 0, 0, 0, 300000, 300000
2015, RAJASTHAN, 8, AJMER, 77, KEKRI, 1152, GHATIYALI, 33696, 1146797, Total, 0, 0, 0, 0, 0, 0, 600000, 600000
2015, RAJASTHAN, 8, AJMER, 77, KEKRI, 1152, GIRWARPURA, 33697, 1149357, Roads, 0, 0, 0, 0, 0, 0, 773000, 773000
2015, RAJASTHAN, 8, AJMER, 77, KEKRI, 1152, GIRWARPURA, 33697, 1149357, Total, 0, 0, 0, 0, 0, 0, 773000, 773000
2015, RAJASTHAN, 8, AJMER, 77, KEKRI, 1152, GORDHA, 33698, 1149298, Social welfare, 0, 0, 0, 0, 0, 0, 500000, 500000
2015, RAJASTHAN, 8, AJMER, 77, KEKRI, 1152, GORDHA, 33698, 1149298, Total, 0, 0, 0, 0, 0, 0, 500000, 500000
2015, RAJASTHAN, 8, AJMER, 77, KEKRI, 1152, GULGAON, 33699, 1149305, Roads, 0, 0, 0, 0, 0, 0, 995000, 995000
2015, RAJASTHAN, 8, AJMER, 77, KEKRI, 1152, GULGAON, 33699, 1149305, Total, 0, 0, 0, 0, 0, 0, 995000, 995000
2015, RAJASTHAN, 8, AJMER, 77, KEKRI, 1152, JOONIYA, 33700, 1149317, Social welfare, 0, 0, 0, 0, 0, 0, 300000, 300000
2015, RAJASTHAN, 8, AJMER, 77, KEKRI, 1152, JOONIYA, 33700, 1149317, Total, 0, 0, 0, 0, 0, 0, 300000, 300000
2015, RAJASTHAN, 8, AJMER, 77, KEKRI, 1152, KADERA, 33701, 1146759, Social welfare, 0, 0, 0, 0, 0, 0, 1500000, 1500000
2015, RAJASTHAN, 8, AJMER, 77, KEKRI, 1152, KADERA, 33701, 1146759, Total, 0, 0, 0, 0, 0, 0, 1500000, 1500000
2015, RAJASTHAN, 8, AJMER, 77, KEKRI, 1152, KALERA KANWARJI, 262957, 1149365, Roads, 0, 0, 0, 0, 0, 0, 288000, 288000
2015, RAJASTHAN, 8, AJMER, 77, KEKRI, 1152, KALERA KANWARJI, 262957, 1149365, Social welfare, 0, 0, 0, 0, 0, 0, 300000, 300000
2015, RAJASTHAN, 8, AJMER, 77, KEKRI, 1152, KALERA KANWARJI, 262957, 1149365, Total, 0, 0, 0, 0, 0, 0, 588000, 588000
2015, RAJASTHAN, 8, AJMER, 77, KEKRI, 1152, KALERA KRISHNA GOPAL, 33702, 1146850, Roads, 0, 0, 0, 0, 0, 0, 200000, 200000
2015, RAJASTHAN, 8, AJMER, 77, KEKRI, 1152, KALERA KRISHNA GOPAL, 33702, 1146850, Total, 0, 0, 0, 0, 0, 0, 700000, 700000
2015, RAJASTHAN, 8, AJMER, 77, KEKRI, 1152, KALERA KRISHNA GOPAL, 33702, 1146850, Water Conservation, 0, 0, 0, 0, 0, 0, 500000, 500000
2015, RAJASTHAN, 8, AJMER, 77, KEKRI, 1152, KANOJ, 33703, 1149371, Land improvement, 0, 0, 0, 0, 0, 0, 394000, 394000
2015, RAJASTHAN, 8, AJMER, 77, KEKRI, 1152, KANOJ, 33703, 1149371, Maintenance of community system, 0, 0, 0, 0, 0, 0, 400000, 400000
2015, RAJASTHAN, 8, AJMER, 77, KEKRI, 1152, KANOJ, 33703, 1149371, Total, 0, 0, 0, 0, 0, 0, 794000, 794000
2015, RAJASTHAN, 8, AJMER, 77, KEKRI, 1152, KHAWAS, 33704, 1149665, Roads, 0, 0, 0, 0, 0, 0, 761000, 761000
2015, RAJASTHAN, 8, AJMER, 77, KEKRI, 1152, KHAWAS, 33704, 1149665, Total, 0, 0, 0, 0, 0, 0, 761000, 761000
2015, RAJASTHAN, 8, AJMER, 77, KEKRI, 1152, KUSHAYATA, 33705, 1149457, Roads, 0, 0, 0, 0, 0, 0, 800000, 800000
2015, RAJASTHAN, 8, AJMER, 77, KEKRI, 1152, KUSHAYATA, 33705, 1149457, Total, 0, 0, 0, 0, 0, 0, 800000, 800000
2015, RAJASTHAN, 8, AJMER, 77, KEKRI, 1152, LASADIYA, 33706, 1149681, Rural electrification, 0, 0, 0, 0, 0, 0, 70000, 70000
2015, RAJASTHAN, 8, AJMER, 77, KEKRI, 1152, LASADIYA, 33706, 1149681, Total, 0, 0, 0, 0, 0, 0, 70000, 70000
2015, RAJASTHAN, 8, AJMER, 77, KEKRI, 1152, MEHROO KALAN, 33707, 1149699, Roads, 0, 0, 0, 0, 0, 0, 900000, 900000
2015, RAJASTHAN, 8, AJMER, 77, KEKRI, 1152, MEHROO KALAN, 33707, 1149699, Total, 0, 0, 0, 0, 0, 0, 900000, 900000
2015, RAJASTHAN, 8, AJMER, 77, KEKRI, 1152, MEODA KALAN, 33708, 1149768, Land improvement, 0, 0, 0, 0, 0, 0, 100000, 100000
2015, RAJASTHAN, 8, AJMER, 77, KEKRI, 1152, MEODA KALAN, 33708, 1149768, Maintenance of community system, 0, 0, 0, 0, 0, 0, 100000, 100000
2015, RAJASTHAN, 8, AJMER, 77, KEKRI, 1152, MEODA KALAN, 33708, 1149768, Total, 0, 0, 0, 0, 0, 0, 200000, 200000
2015, RAJASTHAN, 8, AJMER, 77, KEKRI, 1152, MOLKIYA, 33709, 1149688, Roads, 0, 0, 0, 0, 0, 0, 800000, 800000
2015, RAJASTHAN, 8, AJMER, 77, KEKRI, 1152, MOLKIYA, 33709, 1149688, Total, 0, 0, 0, 0, 0, 0, 800000, 800000
2015, RAJASTHAN, 8, AJMER, 77, KEKRI, 1152, PARA, 33710, 1149672, Roads, 0, 0, 0, 0, 0, 0, 1023000, 1023000
2015, RAJASTHAN, 8, AJMER, 77, KEKRI, 1152, PARA, 33710, 1149672, Total, 0, 0, 0, 0, 0, 0, 1023000, 1023000
2015, RAJASTHAN, 8, AJMER, 77, KEKRI, 1152, PEEPLAJ, 33711, 1149733, Maintenance of community system, 0, 0, 0, 0, 0, 0, 200000, 200000
2015, RAJASTHAN, 8, AJMER, 77, KEKRI, 1152, PEEPLAJ, 33711, 1149733, Social welfare, 0, 0, 0, 0, 0, 0, 100000, 100000
2015, RAJASTHAN, 8, AJMER, 77, KEKRI, 1152, PEEPLAJ, 33711, 1149733, Total, 0, 0, 0, 0, 0, 0, 300000, 300000
2015, RAJASTHAN, 8, AJMER, 77, KEKRI, 1152, PRANHEDA, 33712, 1146686, Maintenance of community system, 0, 0, 0, 0, 0, 0, 450000, 450000
2015, RAJASTHAN, 8, AJMER, 77, KEKRI, 1152, PRANHEDA, 33712, 1146686, Social welfare, 0, 0, 0, 0, 0, 0, 450000, 450000
2015, RAJASTHAN, 8, AJMER, 77, KEKRI, 1152, PRANHEDA, 33712, 1146686, Total, 0, 0, 0, 0, 0, 0, 900000, 900000
2015, RAJASTHAN, 8, AJMER, 77, KEKRI, 1152, SADARA, 33713, 1149717, Roads, 0, 0, 0, 0, 0, 0, 450000, 450000
2015, RAJASTHAN, 8, AJMER, 77, KEKRI, 1152, SADARA, 33713, 1149717, Total, 0, 0, 0, 0, 0, 0, 450000, 450000
2015, RAJASTHAN, 8, AJMER, 77, KEKRI, 1152, SALARI, 33714, 1142635, Maintenance of community system, 0, 0, 0, 0, 0, 0, 1000000, 1000000
2015, RAJASTHAN, 8, AJMER, 77, KEKRI, 1152, SALARI, 33714, 1142635, Total, 0, 0, 0, 0, 0, 0, 1000000, 1000000
2015, RAJASTHAN, 8, AJMER, 77, KEKRI, 1152, SARSARI, 33715, 1149658, Roads, 0, 0, 0, 0, 0, 0, 550000, 550000
2015, RAJASTHAN, 8, AJMER, 77, KEKRI, 1152, SARSARI, 33715, 1149658, Total, 0, 0, 0, 0, 0, 0, 550000, 550000
2015, RAJASTHAN, 8, AJMER, 77, KEKRI, 1152, SAWAR, 33716, 1149759, Roads, 0, 0, 0, 0, 0, 0, 1000000, 1000000
2015, RAJASTHAN, 8, AJMER, 77, KEKRI, 1152, SAWAR, 33716, 1149759, Total, 0, 0, 0, 0, 0, 0, 1000000, 1000000
2015, RAJASTHAN, 8, AJMER, 77, KEKRI, 1152, TANKAWAS, 33717, 1149647, Roads, 0, 0, 0, 0, 0, 0, 500000, 500000
2015, RAJASTHAN, 8, AJMER, 77, KEKRI, 1152, TANKAWAS, 33717, 1149647, Social welfare, 0, 0, 0, 0, 0, 0, 150000, 150000
2015, RAJASTHAN, 8, AJMER, 77, KEKRI, 1152, TANKAWAS, 33717, 1149647, Total, 0, 0, 0, 0, 0, 0, 650000, 650000
2015, RAJASTHAN, 8, AJMER, 77, MASOODA, 1154, ANDHI DEORI, 33749, 1147175, Roads, 0, 0, 0, 0, 0, 0, 770000, 770000
2015, RAJASTHAN, 8, AJMER, 77, MASOODA, 1154, ANDHI DEORI, 33749, 1147175, Total, 0, 0, 0, 0, 0, 0, 770000, 770000
2015, RAJASTHAN, 8, AJMER, 77, MASOODA, 1154, BARAL-II, 33750, 1147479, Drinking water, 0, 0, 0, 0, 0, 0, 396000, 396000
2015, RAJASTHAN, 8, AJMER, 77, MASOODA, 1154, BARAL-II, 33750, 1147479, Land improvement, 0, 0, 0, 0, 0, 0, 50000, 50000
2015, RAJASTHAN, 8, AJMER, 77, MASOODA, 1154, BARAL-II, 33750, 1147479, Total, 0, 0, 0, 0, 0, 0, 446000, 446000
2015, RAJASTHAN, 8, AJMER, 77, MASOODA, 1154, BARI, 33751, 1147205, Drinking water, 0, 0, 0, 0, 0, 0, 396000, 396000
2015, RAJASTHAN, 8, AJMER, 77, MASOODA, 1154, BARI, 33751, 1147205, Land improvement, 0, 0, 0, 0, 0, 0, 200000, 200000
2015, RAJASTHAN, 8, AJMER, 77, MASOODA, 1154, BARI, 33751, 1147205, Total, 0, 0, 0, 0, 0, 0, 596000, 596000
2015, RAJASTHAN, 8, AJMER, 77, MASOODA, 1154, BEGALIYAWAS, 33752, 1147208, Maintenance of community system, 0, 0, 0, 0, 0, 0, 250000, 250000
2015, RAJASTHAN, 8, AJMER, 77, MASOODA, 1154, BEGALIYAWAS, 33752, 1147208, Roads, 0, 0, 0, 0, 0, 0, 300000, 300000
2015, RAJASTHAN, 8, AJMER, 77, MASOODA, 1154, BEGALIYAWAS, 33752, 1147208, Total, 0, 0, 0, 0, 0, 0, 550000, 550000
2015, RAJASTHAN, 8, AJMER, 77, MASOODA, 1154, DAULATPURA-I, 33753, 1147212, Drinking water, 0, 0, 0, 0, 0, 0, 396000, 396000
2015, RAJASTHAN, 8, AJMER, 77, MASOODA, 1154, DAULATPURA-I, 33753, 1147212, Roads, 0, 0, 0, 0, 0, 0, 400000, 400000
2015, RAJASTHAN, 8, AJMER, 77, MASOODA, 1154, DAULATPURA-I, 33753, 1147212, Total, 0, 0, 0, 0, 0, 0, 796000, 796000
2015, RAJASTHAN, 8, AJMER, 77, MASOODA, 1154, DAULATPURA-II, 33754, 1147358, Roads, 0, 0, 0, 0, 0, 0, 665000, 665000
2015, RAJASTHAN, 8, AJMER, 77, MASOODA, 1154, DAULATPURA-II, 33754, 1147358, Total, 0, 0, 0, 0, 0, 0, 665000, 665000
2015, RAJASTHAN, 8, AJMER, 77, MASOODA, 1154, DEOMALI, 33755, 1147486, Drinking water, 0, 0, 0, 0, 0, 0, 66000, 66000
2015, RAJASTHAN, 8, AJMER, 77, MASOODA, 1154, DEOMALI, 33755, 1147486, Maintenance of community system, 0, 0, 0, 0, 0, 0, 250000, 250000
2015, RAJASTHAN, 8, AJMER, 77, MASOODA, 1154, DEOMALI, 33755, 1147486, Total, 0, 0, 0, 0, 0, 0, 316000, 316000
2015, RAJASTHAN, 8, AJMER, 77, MASOODA, 1154, DEOPURA, 262068, 1147248, Drinking water, 0, 0, 0, 0, 0, 0, 396000, 396000
2015, RAJASTHAN, 8, AJMER, 77, MASOODA, 1154, DEOPURA, 262068, 1147248, Roads, 0, 0, 0, 0, 0, 0, 200000, 200000
2015, RAJASTHAN, 8, AJMER, 77, MASOODA, 1154, DEOPURA, 262068, 1147248, Total, 0, 0, 0, 0, 0, 0, 596000, 596000
2015, RAJASTHAN, 8, AJMER, 77, MASOODA, 1154, DEWAS, 33756, 1147285, Drinking water, 0, 0, 0, 0, 0, 0, 396000, 396000
2015, RAJASTHAN, 8, AJMER, 77, MASOODA, 1154, DEWAS, 33756, 1147285, Roads, 0, 0, 0, 0, 0, 0, 260000, 260000
2015, RAJASTHAN, 8, AJMER, 77, MASOODA, 1154, DEWAS, 33756, 1147285, Total, 0, 0, 0, 0, 0, 0, 656000, 656000
2015, RAJASTHAN, 8, AJMER, 77, MASOODA, 1154, DHOLA DANTA, 33757, 1147325, Drinking water, 0, 0, 0, 0, 0, 0, 396000, 396000
2015, RAJASTHAN, 8, AJMER, 77, MASOODA, 1154, DHOLA DANTA, 33757, 1147325, Roads, 0, 0, 0, 0, 0, 0, 250000, 250000
2015, RAJASTHAN, 8, AJMER, 77, MASOODA, 1154, DHOLA DANTA, 33757, 1147325, Total, 0, 0, 0, 0, 0, 0, 646000, 646000
2015, RAJASTHAN, 8, AJMER, 77, MASOODA, 1154, HANOOTIYA, 33758, 1147310, Drinking water, 0, 0, 0, 0, 0, 0, 396000, 396000
2015, RAJASTHAN, 8, AJMER, 77, MASOODA, 1154, HANOOTIYA, 33758, 1147310, Roads, 0, 0, 0, 0, 0, 0, 200000, 200000
2015, RAJASTHAN, 8, AJMER, 77, MASOODA, 1154, HANOOTIYA, 33758, 1147310, Total, 0, 0, 0, 0, 0, 0, 596000, 596000
2015, RAJASTHAN, 8, AJMER, 77, MASOODA, 1154, HARRAJPURA, 33759, 1147403, Drinking water, 0, 0, 0, 0, 0, 0, 66000, 66000
2015, RAJASTHAN, 8, AJMER, 77, MASOODA, 1154, HARRAJPURA, 33759, 1147403, Roads, 0, 0, 0, 0, 0, 0, 195000, 195000
2015, RAJASTHAN, 8, AJMER, 77, MASOODA, 1154, HARRAJPURA, 33759, 1147403, Total, 0, 0, 0, 0, 0, 0, 261000, 261000
2015, RAJASTHAN, 8, AJMER, 77, MASOODA, 1154, JALIYA II, 33760, 1147424, Drinking water, 0, 0, 0, 0, 0, 0, 396000, 396000
2015, RAJASTHAN, 8, AJMER, 77, MASOODA, 1154, JALIYA II, 33760, 1147424, Roads, 0, 0, 0, 0, 0, 0, 300000, 300000
2015, RAJASTHAN, 8, AJMER, 77, MASOODA, 1154, JALIYA II, 33760, 1147424, Total, 0, 0, 0, 0, 0, 0, 696000, 696000
2015, RAJASTHAN, 8, AJMER, 77, MASOODA, 1154, JAMOLA, 33761, 1147321, Drinking water, 0, 0, 0, 0, 0, 0, 396000, 396000
2015, RAJASTHAN, 8, AJMER, 77, MASOODA, 1154, JAMOLA, 33761, 1147321, Maintenance of community system, 0, 0, 0, 0, 0, 0, 200000, 200000
2015, RAJASTHAN, 8, AJMER, 77, MASOODA, 1154, JAMOLA, 33761, 1147321, Total, 0, 0, 0, 0, 0, 0, 596000, 596000
2015, RAJASTHAN, 8, AJMER, 77, MASOODA, 1154, JEEVANA, 33762, 1147425, Drinking water, 0, 0, 0, 0, 0, 0, 396000, 396000
2015, RAJASTHAN, 8, AJMER, 77, MASOODA, 1154, JEEVANA, 33762, 1147425, Roads, 0, 0, 0, 0, 0, 0, 172000, 172000
2015, RAJASTHAN, 8, AJMER, 77, MASOODA, 1154, JEEVANA, 33762, 1147425, Total, 0, 0, 0, 0, 0, 0, 568000, 568000
2015, RAJASTHAN, 8, AJMER, 77, MASOODA, 1154, JHANK, 33763, 1147329, Drinking water, 0, 0, 0, 0, 0, 0, 330000, 330000
2015, RAJASTHAN, 8, AJMER, 77, MASOODA, 1154, JHANK, 33763, 1147329, Roads, 0, 0, 0, 0, 0, 0, 200000, 200000
2015, RAJASTHAN, 8, AJMER, 77, MASOODA, 1154, JHANK, 33763, 1147329, Total, 0, 0, 0, 0, 0, 0, 530000, 530000
2015, RAJASTHAN, 8, AJMER, 77, MASOODA, 1154, KANA KHERA, 33764, 1147418, Maintenance of community system, 0, 0, 0, 0, 0, 0, 150000, 150000
2015, RAJASTHAN, 8, AJMER, 77, MASOODA, 1154, KANA KHERA, 33764, 1147418, Roads, 0, 0, 0, 0, 0, 0, 150000, 150000
2015, RAJASTHAN, 8, AJMER, 77, MASOODA, 1154, KANA KHERA, 33764, 1147418, Total, 0, 0, 0, 0, 0, 0, 300000, 300000
2015, RAJASTHAN, 8, AJMER, 77, MASOODA, 1154, KHARWA, 33766, 1147277, Maintenance of community system, 0, 0, 0, 0, 0, 0, 600000, 600000
2015, RAJASTHAN, 8, AJMER, 77, MASOODA, 1154, KHARWA, 33766, 1147277, Total, 0, 0, 0, 0, 0, 0, 600000, 600000
2015, RAJASTHAN, 8, AJMER, 77, MASOODA, 1154, KIRAP, 33767, 1147349, Drinking water, 0, 0, 0, 0, 0, 0, 396000, 396000
2015, RAJASTHAN, 8, AJMER, 77, MASOODA, 1154, KIRAP, 33767, 1147349, Land improvement, 0, 0, 0, 0, 0, 0, 50000, 50000
2015, RAJASTHAN, 8, AJMER, 77, MASOODA, 1154, KIRAP, 33767, 1147349, Total, 0, 0, 0, 0, 0, 0, 446000, 446000
2015, RAJASTHAN, 8, AJMER, 77, MASOODA, 1154, LODIYANA, 33768, 1147410, Drinking water, 0, 0, 0, 0, 0, 0, 396000, 396000
2015, RAJASTHAN, 8, AJMER, 77, MASOODA, 1154, LODIYANA, 33768, 1147410, Roads, 0, 0, 0, 0, 0, 0, 100000, 100000
2015, RAJASTHAN, 8, AJMER, 77, MASOODA, 1154, LODIYANA, 33768, 1147410, Total, 0, 0, 0, 0, 0, 0, 496000, 496000
2015, RAJASTHAN, 8, AJMER, 77, MASOODA, 1154, LOOLWA, 33769, 1147398, Drinking water, 0, 0, 0, 0, 0, 0, 396000, 396000
2015, RAJASTHAN, 8, AJMER, 77, MASOODA, 1154, LOOLWA, 33769, 1147398, Roads, 0, 0, 0, 0, 0, 0, 300000, 300000
2015, RAJASTHAN, 8, AJMER, 77, MASOODA, 1154, LOOLWA, 33769, 1147398, Total, 0, 0, 0, 0, 0, 0, 696000, 696000
2015, RAJASTHAN, 8, AJMER, 77, MASOODA, 1154, MASOODA, 33770, 1147273, Roads, 0, 0, 0, 0, 0, 0, 500000, 500000
2015, RAJASTHAN, 8, AJMER, 77, MASOODA, 1154, MASOODA, 33770, 1147273, Total, 0, 0, 0, 0, 0, 0, 500000, 500000
2015, RAJASTHAN, 8, AJMER, 77, MASOODA, 1154, MAYLA, 33771, 1147470, Roads, 0, 0, 0, 0, 0, 0, 380000, 380000
2015, RAJASTHAN, 8, AJMER, 77, MASOODA, 1154, MAYLA, 33771, 1147470, Total, 0, 0, 0, 0, 0, 0, 380000, 380000
2015, RAJASTHAN, 8, AJMER, 77, MASOODA, 1154, MOYANA, 33772, 1147451, Roads, 0, 0, 0, 0, 0, 0, 400000, 400000
2015, RAJASTHAN, 8, AJMER, 77, MASOODA, 1154, MOYANA, 33772, 1147451, Total, 0, 0, 0, 0, 0, 0, 400000, 400000
2015, RAJASTHAN, 8, AJMER, 77, MASOODA, 1154, NADI, 262082, 1147369, Maintenance of community system, 0, 0, 0, 0, 0, 0, 220000, 220000
2015, RAJASTHAN, 8, AJMER, 77, MASOODA, 1154, NADI, 262082, 1147369, Roads, 0, 0, 0, 0, 0, 0, 246000, 246000
2015, RAJASTHAN, 8, AJMER, 77, MASOODA, 1154, NADI, 262082, 1147369, Total, 0, 0, 0, 0, 0, 0, 466000, 466000
2015, RAJASTHAN, 8, AJMER, 77, MASOODA, 1154, NANDWARA, 33773, 1147413, Drinking water, 0, 0, 0, 0, 0, 0, 264000, 264000
2015, RAJASTHAN, 8, AJMER, 77, MASOODA, 1154, NANDWARA, 33773, 1147413, Total, 0, 0, 0, 0, 0, 0, 264000, 264000
2015, RAJASTHAN, 8, AJMER, 77, MASOODA, 1154, NAYAGAON, 262078, 1147442, Drinking water, 0, 0, 0, 0, 0, 0, 396000, 396000
2015, RAJASTHAN, 8, AJMER, 77, MASOODA, 1154, NAYAGAON, 262078, 1147442, Maintenance of community system, 0, 0, 0, 0, 0, 0, 100000, 100000
2015, RAJASTHAN, 8, AJMER, 77, MASOODA, 1154, NAYAGAON, 262078, 1147442, Total, 0, 0, 0, 0, 0, 0, 496000, 496000
2015, RAJASTHAN, 8, AJMER, 77, MASOODA, 1154, PEEPLAJ, 33774, 1147371, Roads, 0, 0, 0, 0, 0, 0, 400000, 400000
2015, RAJASTHAN, 8, AJMER, 77, MASOODA, 1154, PEEPLAJ, 33774, 1147371, Total, 0, 0, 0, 0, 0, 0, 400000, 400000
2015, RAJASTHAN, 8, AJMER, 77, MASOODA, 1154, RAMGARH, 33775, 1147354, Roads, 0, 0, 0, 0, 0, 0, 400000, 400000
2015, RAJASTHAN, 8, AJMER, 77, MASOODA, 1154, RAMGARH, 33775, 1147354, Total, 0, 0, 0, 0, 0, 0, 400000, 400000
2015, RAJASTHAN, 8, AJMER, 77, MASOODA, 1154, SATAWARIYA, 33776, 1147200, Roads, 0, 0, 0, 0, 0, 0, 600000, 600000
2015, RAJASTHAN, 8, AJMER, 77, MASOODA, 1154, SATAWARIYA, 33776, 1147200, Total, 0, 0, 0, 0, 0, 0, 600000, 600000
2015, RAJASTHAN, 8, AJMER, 77, MASOODA, 1154, SATHANA, 33777, 1147196, Maintenance of community system, 0, 0, 0, 0, 0, 0, 290000, 290000
2015, RAJASTHAN, 8, AJMER, 77, MASOODA, 1154, SATHANA, 33777, 1147196, Total, 0, 0, 0, 0, 0, 0, 290000, 290000
2015, RAJASTHAN, 8, AJMER, 77, MASOODA, 1154, SHERGARH, 33778, 1147186, Land improvement, 0, 0, 0, 0, 0, 0, 200000, 200000
2015, RAJASTHAN, 8, AJMER, 77, MASOODA, 1154, SHERGARH, 33778, 1147186, Roads, 0, 0, 0, 0, 0, 0, 200000, 200000
2015, RAJASTHAN, 8, AJMER, 77, MASOODA, 1154, SHERGARH, 33778, 1147186, Total, 0, 0, 0, 0, 0, 0, 400000, 400000
2015, RAJASTHAN, 8, AJMER, 77, MASOODA, 1154, SHYAM GARH, 33779, 1147181, Roads, 0, 0, 0, 0, 0, 0, 506000, 506000
2015, RAJASTHAN, 8, AJMER, 77, MASOODA, 1154, SHYAM GARH, 33779, 1147181, Total, 0, 0, 0, 0, 0, 0, 506000, 506000
2015, RAJASTHAN, 8, AJMER, 77, MASOODA, 1154, SIKHRANI, 33780, 1147234, Drinking water, 0, 0, 0, 0, 0, 0, 396000, 396000
2015, RAJASTHAN, 8, AJMER, 77, MASOODA, 1154, SIKHRANI, 33780, 1147234, Land improvement, 0, 0, 0, 0, 0, 0, 200000, 200000
2015, RAJASTHAN, 8, AJMER, 77, MASOODA, 1154, SIKHRANI, 33780, 1147234, Total, 0, 0, 0, 0, 0, 0, 596000, 596000
2015, RAJASTHAN, 8, AJMER, 77, PISANGAN, 1155, BAGHSURI, 33781, 1144202, Roads, 0, 0, 0, 0, 0, 0, 400000, 400000
2015, RAJASTHAN, 8, AJMER, 77, PISANGAN, 1155, BAGHSURI, 33781, 1144202, Total, 0, 0, 0, 0, 0, 0, 400000, 400000
2015, RAJASTHAN, 8, AJMER, 77, PISANGAN, 1155, BHAGWANPURA, 33782, 1142265, Drinking water, 0, 0, 0, 0, 0, 0, 200000, 200000
2015, RAJASTHAN, 8, AJMER, 77, PISANGAN, 1155, BHAGWANPURA, 33782, 1142265, Total, 0, 0, 0, 0, 0, 0, 200000, 200000
2015, RAJASTHAN, 8, AJMER, 77, PISANGAN, 1155, BHANWTA, 33783, 1144206, Roads, 0, 0, 0, 0, 0, 0, 200000, 200000
2015, RAJASTHAN, 8, AJMER, 77, PISANGAN, 1155, BHANWTA, 33783, 1144206, Total, 0, 0, 0, 0, 0, 0, 200000, 200000
2015, RAJASTHAN, 8, AJMER, 77, PISANGAN, 1155, BHATSOORI, 33785, 1144208, Rural electrification, 0, 0, 0, 0, 0, 0, 400000, 400000
2015, RAJASTHAN, 8, AJMER, 77, PISANGAN, 1155, BHATSOORI, 33785, 1144208, Total, 0, 0, 0, 0, 0, 0, 400000, 400000
2015, RAJASTHAN, 8, AJMER, 77, PISANGAN, 1155, BHAWANI KHERA, 33786, 1144210, Roads, 0, 0, 0, 0, 0, 0, 450000, 450000
2015, RAJASTHAN, 8, AJMER, 77, PISANGAN, 1155, BHAWANI KHERA, 33786, 1144210, Total, 0, 0, 0, 0, 0, 0, 450000, 450000
2015, RAJASTHAN, 8, AJMER, 77, PISANGAN, 1155, BIDKACHIYAWAS, 33787, 1144211, Drinking water, 0, 0, 0, 0, 0, 0, 100000, 100000
2015, RAJASTHAN, 8, AJMER, 77, PISANGAN, 1155, BIDKACHIYAWAS, 33787, 1144211, Roads, 0, 0, 0, 0, 0, 0, 250000, 250000
2015, RAJASTHAN, 8, AJMER, 77, PISANGAN, 1155, BIDKACHIYAWAS, 33787, 1144211, Total, 0, 0, 0, 0, 0, 0, 350000, 350000
2015, RAJASTHAN, 8, AJMER, 77, PISANGAN, 1155, BITHOOR, 33788, 1144212, Land improvement, 0, 0, 0, 0, 0, 0, 100000, 100000
2015, RAJASTHAN, 8, AJMER, 77, PISANGAN, 1155, BITHOOR, 33788, 1144212, Roads, 0, 0, 0, 0, 0, 0, 250000, 250000
2015, RAJASTHAN, 8, AJMER, 77, PISANGAN, 1155, BITHOOR, 33788, 1144212, Total, 0, 0, 0, 0, 0, 0, 350000, 350000
2015, RAJASTHAN, 8, AJMER, 77, PISANGAN, 1155, BUDHWARA, 33789, 1144214, Roads, 0, 0, 0, 0, 0, 0, 850000, 850000
2015, RAJASTHAN, 8, AJMER, 77, PISANGAN, 1155, BUDHWARA, 33789, 1144214, Total, 0, 0, 0, 0, 0, 0, 850000, 850000
2015, RAJASTHAN, 8, AJMER, 77, PISANGAN, 1155, DANTRA, 33790, 1144216, Maintenance of community system, 0, 0, 0, 0, 0, 0, 200000, 200000
2015, RAJASTHAN, 8, AJMER, 77, PISANGAN, 1155, DANTRA, 33790, 1144216, Roads, 0, 0, 0, 0, 0, 0, 400000, 400000
2015, RAJASTHAN, 8, AJMER, 77, PISANGAN, 1155, DANTRA, 33790, 1144216, Total, 0, 0, 0, 0, 0, 0, 600000, 600000
2015, RAJASTHAN, 8, AJMER, 77, PISANGAN, 1155, DAURAI, 33791, 1144219, Roads, 0, 0, 0, 0, 0, 0, 500000, 500000
2015, RAJASTHAN, 8, AJMER, 77, PISANGAN, 1155, DAURAI, 33791, 1144219, Total, 0, 0, 0, 0, 0, 0, 500000, 500000
2015, RAJASTHAN, 8, AJMER, 77, PISANGAN, 1155, DEO NAGAR, 33792, 1144221, Drinking water, 0, 0, 0, 0, 0, 0, 140000, 140000
2015, RAJASTHAN, 8, AJMER, 77, PISANGAN, 1155, DEO NAGAR, 33792, 1144221, Total, 0, 0, 0, 0, 0, 0, 140000, 140000
2015, RAJASTHAN, 8, AJMER, 77, PISANGAN, 1155, DODIYANA, 33794, 1144222, Roads, 0, 0, 0, 0, 0, 0, 1000000, 1000000
2015, RAJASTHAN, 8, AJMER, 77, PISANGAN, 1155, DODIYANA, 33794, 1144222, Total, 0, 0, 0, 0, 0, 0, 1000000, 1000000
2015, RAJASTHAN, 8, AJMER, 77, PISANGAN, 1155, DOOMARA, 33795, 1144224, Land improvement, 0, 0, 0, 0, 0, 0, 500000, 500000
2015, RAJASTHAN, 8, AJMER, 77, PISANGAN, 1155, DOOMARA, 33795, 1144224, Roads, 0, 0, 0, 0, 0, 0, 500000, 500000
2015, RAJASTHAN, 8, AJMER, 77, PISANGAN, 1155, DOOMARA, 33795, 1144224, Total, 0, 0, 0, 0, 0, 0, 1000000, 1000000
2015, RAJASTHAN, 8, AJMER, 77, PISANGAN, 1155, GANAHERA, 33796, 1144227, Land improvement, 0, 0, 0, 0, 0, 0, 50000, 50000
2015, RAJASTHAN, 8, AJMER, 77, PISANGAN, 1155, GANAHERA, 33796, 1144227, Roads, 0, 0, 0, 0, 0, 0, 300000, 300000
2015, RAJASTHAN, 8, AJMER, 77, PISANGAN, 1155, GANAHERA, 33796, 1144227, Total, 0, 0, 0, 0, 0, 0, 350000, 350000
2015, RAJASTHAN, 8, AJMER, 77, PISANGAN, 1155, GOLA, 33797, 1144232, Land improvement, 0, 0, 0, 0, 0, 0, 150000, 150000
2015, RAJASTHAN, 8, AJMER, 77, PISANGAN, 1155, GOLA, 33797, 1144232, Roads, 0, 0, 0, 0, 0, 0, 500000, 500000
2015, RAJASTHAN, 8, AJMER, 77, PISANGAN, 1155, GOLA, 33797, 1144232, Total, 0, 0, 0, 0, 0, 0, 650000, 650000
2015, RAJASTHAN, 8, AJMER, 77, PISANGAN, 1155, GOVINDGARH, 33798, 1144233, Roads, 0, 0, 0, 0, 0, 0, 1000000, 1000000
2015, RAJASTHAN, 8, AJMER, 77, PISANGAN, 1155, GOVINDGARH, 33798, 1144233, Total, 0, 0, 0, 0, 0, 0, 1000000, 1000000
2015, RAJASTHAN, 8, AJMER, 77, PISANGAN, 1155, HATOONDI, 33799, 1146851, Roads, 0, 0, 0, 0, 0, 0, 500000, 500000
2015, RAJASTHAN, 8, AJMER, 77, PISANGAN, 1155, HATOONDI, 33799, 1146851, Total, 0, 0, 0, 0, 0, 0, 500000, 500000
2015, RAJASTHAN, 8, AJMER, 77, PISANGAN, 1155, JETHANA, 33800, 1146856, Roads, 0, 0, 0, 0, 0, 0, 500000, 500000
2015, RAJASTHAN, 8, AJMER, 77, PISANGAN, 1155, JETHANA, 33800, 1146856, Total, 0, 0, 0, 0, 0, 0, 500000, 500000
2015, RAJASTHAN, 8, AJMER, 77, PISANGAN, 1155, Jaswantpura, 262886, 1146855, Drinking water, 0, 0, 0, 0, 0, 0, 200000, 200000
2015, RAJASTHAN, 8, AJMER, 77, PISANGAN, 1155, Jaswantpura, 262886, 1146855, Total, 0, 0, 0, 0, 0, 0, 200000, 200000
2015, RAJASTHAN, 8, AJMER, 77, PISANGAN, 1155, KADEL, 33802, 1146859, Roads, 0, 0, 0, 0, 0, 0, 400000, 400000
2015, RAJASTHAN, 8, AJMER, 77, PISANGAN, 1155, KADEL, 33802, 1146859, Total, 0, 0, 0, 0, 0, 0, 400000, 400000
2015, RAJASTHAN, 8, AJMER, 77, PISANGAN, 1155, KALESARA, 33803, 1146862, Roads, 0, 0, 0, 0, 0, 0, 232000, 232000
2015, RAJASTHAN, 8, AJMER, 77, PISANGAN, 1155, KALESARA, 33803, 1146862, Total, 0, 0, 0, 0, 0, 0, 232000, 232000
2015, RAJASTHAN, 8, AJMER, 77, PISANGAN, 1155, KANAS., 262885, 1146864, Roads, 0, 0, 0, 0, 0, 0, 1000000, 1000000
2015, RAJASTHAN, 8, AJMER, 77, PISANGAN, 1155, KANAS., 262885, 1146864, Total, 0, 0, 0, 0, 0, 0, 1000000, 1000000
2015, RAJASTHAN, 8, AJMER, 77, PISANGAN, 1155, KARNOS, 33804, 1146868, Roads, 0, 0, 0, 0, 0, 0, 450000, 450000
2015, RAJASTHAN, 8, AJMER, 77, PISANGAN, 1155, KARNOS, 33804, 1146868, Total, 0, 0, 0, 0, 0, 0, 450000, 450000
2015, RAJASTHAN, 8, AJMER, 77, PISANGAN, 1155, KESHARPURA, 33805, 1146870, Land improvement, 0, 0, 0, 0, 0, 0, 500000, 500000
2015, RAJASTHAN, 8, AJMER, 77, PISANGAN, 1155, KESHARPURA, 33805, 1146870, Roads, 0, 0, 0, 0, 0, 0, 500000, 500000
2015, RAJASTHAN, 8, AJMER, 77, PISANGAN, 1155, KESHARPURA, 33805, 1146870, Total, 0, 0, 0, 0, 0, 0, 1000000, 1000000
2015, RAJASTHAN, 8, AJMER, 77, PISANGAN, 1155, KHORI, 33806, 1146874, Land improvement, 0, 0, 0, 0, 0, 0, 250000, 250000
2015, RAJASTHAN, 8, AJMER, 77, PISANGAN, 1155, KHORI, 33806, 1146874, Roads, 0, 0, 0, 0, 0, 0, 250000, 250000
2015, RAJASTHAN, 8, AJMER, 77, PISANGAN, 1155, KHORI, 33806, 1146874, Total, 0, 0, 0, 0, 0, 0, 500000, 500000
2015, RAJASTHAN, 8, AJMER, 77, PISANGAN, 1155, LAMANA, 33807, 1146877, Roads, 0, 0, 0, 0, 0, 0, 1000000, 1000000
2015, RAJASTHAN, 8, AJMER, 77, PISANGAN, 1155, LAMANA, 33807, 1146877, Total, 0, 0, 0, 0, 0, 0, 1000000, 1000000
2015, RAJASTHAN, 8, AJMER, 77, PISANGAN, 1155, LEERI, 33808, 1146881, Roads, 0, 0, 0, 0, 0, 0, 500000, 500000
2015, RAJASTHAN, 8, AJMER, 77, PISANGAN, 1155, LEERI, 33808, 1146881, Total, 0, 0, 0, 0, 0, 0, 500000, 500000
2015, RAJASTHAN, 8, AJMER, 77, PISANGAN, 1155, MAKRERA, 33809, 1146888, Roads, 0, 0, 0, 0, 0, 0, 400000, 400000
2015, RAJASTHAN, 8, AJMER, 77, PISANGAN, 1155, MAKRERA, 33809, 1146888, Total, 0, 0, 0, 0, 0, 0, 400000, 400000
2015, RAJASTHAN, 8, AJMER, 77, PISANGAN, 1155, MANGALIYAWAS, 33810, 1146889, Land improvement, 0, 0, 0, 0, 0, 0, 400000, 400000
2015, RAJASTHAN, 8, AJMER, 77, PISANGAN, 1155, MANGALIYAWAS, 33810, 1146889, Maintenance of community system, 0, 0, 0, 0, 0, 0, 100000, 100000
2015, RAJASTHAN, 8, AJMER, 77, PISANGAN, 1155, MANGALIYAWAS, 33810, 1146889, Total, 0, 0, 0, 0, 0, 0, 500000, 500000
2015, RAJASTHAN, 8, AJMER, 77, PISANGAN, 1155, MIYAPUR, 33811, 1146903, Roads, 0, 0, 0, 0, 0, 0, 500000, 500000
2015, RAJASTHAN, 8, AJMER, 77, PISANGAN, 1155, MIYAPUR, 33811, 1146903, Total, 0, 0, 0, 0, 0, 0, 500000, 500000
2015, RAJASTHAN, 8, AJMER, 77, PISANGAN, 1155, NAGELAO, 33812, 1146908, Roads, 0, 0, 0, 0, 0, 500000, 500000, 1000000
2015, RAJASTHAN, 8, AJMER, 77, PISANGAN, 1155, NAGELAO, 33812, 1146908, Total, 0, 0, 0, 0, 0, 500000, 500000, 1000000
2015, RAJASTHAN, 8, AJMER, 77, PISANGAN, 1155, NAND, 33813, 1146911, Drinking water, 0, 0, 0, 0, 0, 0, 200000, 200000
2015, RAJASTHAN, 8, AJMER, 77, PISANGAN, 1155, NAND, 33813, 1146911, Maintenance of community system, 0, 0, 0, 0, 0, 0, 350000, 350000
2015, RAJASTHAN, 8, AJMER, 77, PISANGAN, 1155, NAND, 33813, 1146911, Total, 0, 0, 0, 0, 0, 0, 550000, 550000
2015, RAJASTHAN, 8, AJMER, 77, PISANGAN, 1155, NANDLA, 33814, 1146914, Maintenance of community system, 0, 0, 0, 0, 0, 0, 300000, 300000
2015, RAJASTHAN, 8, AJMER, 77, PISANGAN, 1155, NANDLA, 33814, 1146914, Roads, 0, 0, 0, 0, 0, 0, 200000, 200000
2015, RAJASTHAN, 8, AJMER, 77, PISANGAN, 1155, NANDLA, 33814, 1146914, Total, 0, 0, 0, 0, 0, 0, 500000, 500000
2015, RAJASTHAN, 8, AJMER, 77, PISANGAN, 1155, NYARA, 33815, 1146918, Maintenance of community system, 0, 0, 0, 0, 0, 0, 200000, 200000
2015, RAJASTHAN, 8, AJMER, 77, PISANGAN, 1155, NYARA, 33815, 1146918, Roads, 0, 0, 0, 0, 0, 0, 500000, 500000
2015, RAJASTHAN, 8, AJMER, 77, PISANGAN, 1155, NYARA, 33815, 1146918, Total, 0, 0, 0, 0, 0, 0, 700000, 700000
2015, RAJASTHAN, 8, AJMER, 77, PISANGAN, 1155, PAGARA, 33816, 1146924, Drinking water, 0, 0, 0, 0, 0, 0, 100000, 100000
2015, RAJASTHAN, 8, AJMER, 77, PISANGAN, 1155, PAGARA, 33816, 1146924, Roads, 0, 0, 0, 0, 0, 0, 200000, 200000
2015, RAJASTHAN, 8, AJMER, 77, PISANGAN, 1155, PAGARA, 33816, 1146924, Total, 0, 0, 0, 0, 0, 0, 300000, 300000
2015, RAJASTHAN, 8, AJMER, 77, PISANGAN, 1155, PEESANGAN, 33817, 1142241, Land improvement, 0, 0, 0, 0, 0, 0, 500000, 500000
2015, RAJASTHAN, 8, AJMER, 77, PISANGAN, 1155, PEESANGAN, 33817, 1142241, Roads, 0, 0, 0, 0, 0, 0, 500000, 500000
2015, RAJASTHAN, 8, AJMER, 77, PISANGAN, 1155, PEESANGAN, 33817, 1142241, Total, 0, 0, 0, 0, 0, 0, 1000000, 1000000
2015, RAJASTHAN, 8, AJMER, 77, PISANGAN, 1155, PICHOLIYA, 33818, 1146927, Roads, 0, 0, 0, 0, 0, 0, 150000, 150000
2015, RAJASTHAN, 8, AJMER, 77, PISANGAN, 1155, PICHOLIYA, 33818, 1146927, Sanitation, 0, 0, 0, 0, 0, 0, 500000, 500000
2015, RAJASTHAN, 8, AJMER, 77, PISANGAN, 1155, PICHOLIYA, 33818, 1146927, Total, 0, 0, 0, 0, 0, 0, 650000, 650000
2015, RAJASTHAN, 8, AJMER, 77, PISANGAN, 1155, RAJGARH, 33819, 1146929, Drinking water, 0, 0, 0, 0, 0, 0, 250000, 250000
2015, RAJASTHAN, 8, AJMER, 77, PISANGAN, 1155, RAJGARH, 33819, 1146929, Roads, 0, 0, 0, 0, 0, 0, 200000, 200000
2015, RAJASTHAN, 8, AJMER, 77, PISANGAN, 1155, RAJGARH, 33819, 1146929, Total, 0, 0, 0, 0, 0, 0, 450000, 450000
2015, RAJASTHAN, 8, AJMER, 77, PISANGAN, 1155, RAJOSI, 33820, 1146932, Roads, 0, 0, 0, 0, 0, 0, 750000, 750000
2015, RAJASTHAN, 8, AJMER, 77, PISANGAN, 1155, RAJOSI, 33820, 1146932, Total, 0, 0, 0, 0, 0, 0, 750000, 750000
2015, RAJASTHAN, 8, AJMER, 77, PISANGAN, 1155, RAMPURA DABLA, 33821, 1146938, Roads, 0, 0, 0, 0, 0, 0, 1000000, 1000000
2015, RAJASTHAN, 8, AJMER, 77, PISANGAN, 1155, RAMPURA DABLA, 33821, 1146938, Total, 0, 0, 0, 0, 0, 0, 1000000, 1000000
2015, RAJASTHAN, 8, AJMER, 77, PISANGAN, 1155, SARADHANA, 33822, 1146940, Land improvement, 0, 0, 0, 0, 0, 0, 200000, 200000
2015, RAJASTHAN, 8, AJMER, 77, PISANGAN, 1155, SARADHANA, 33822, 1146940, Maintenance of community system, 0, 0, 0, 0, 0, 0, 500000, 500000
2015, RAJASTHAN, 8, AJMER, 77, PISANGAN, 1155, SARADHANA, 33822, 1146940, Total, 0, 0, 0, 0, 0, 0, 700000, 700000
2015, RAJASTHAN, 8, AJMER, 77, PISANGAN, 1155, SOMALPUR, 33823, 1146941, Roads, 0, 0, 0, 0, 0, 0, 1000000, 1000000
2015, RAJASTHAN, 8, AJMER, 77, PISANGAN, 1155, SOMALPUR, 33823, 1146941, Total, 0, 0, 0, 0, 0, 0, 1000000, 1000000
2015, RAJASTHAN, 8, AJMER, 77, PISANGAN, 1155, TABEEJI, 33824, 1146942, Roads, 0, 0, 0, 0, 0, 0, 750000, 750000
2015, RAJASTHAN, 8, AJMER, 77, PISANGAN, 1155, TABEEJI, 33824, 1146942, Total, 0, 0, 0, 0, 0, 0, 750000, 750000
2015, RAJASTHAN, 8, AJMER, 77, PISANGAN, 1155, TILORA, 33825, 1146948, Roads, 0, 0, 0, 0, 0, 0, 700000, 700000
2015, RAJASTHAN, 8, AJMER, 77, PISANGAN, 1155, TILORA, 33825, 1146948, Total, 0, 0, 0, 0, 0, 0, 700000, 700000
2015, RAJASTHAN, 8, AJMER, 77, SARWAR, 262721, AJGARA, 33587, 1158346, Roads, 0, 0, 0, 0, 0, 0, 800000, 800000
2015, RAJASTHAN, 8, AJMER, 77, SARWAR, 262721, AJGARA, 33587, 1158346, Total, 0, 0, 0, 0, 0, 0, 800000, 800000
2015, RAJASTHAN, 8, AJMER, 77, SARWAR, 262721, BHAGWANPURA, 33590, 1158848, Maintenance of community system, 0, 0, 0, 0, 0, 0, 250000, 250000
2015, RAJASTHAN, 8, AJMER, 77, SARWAR, 262721, BHAGWANPURA, 33590, 1158848, Roads, 0, 0, 0, 0, 0, 0, 200000, 200000
2015, RAJASTHAN, 8, AJMER, 77, SARWAR, 262721, BHAGWANPURA, 33590, 1158848, Total, 0, 0, 0, 0, 0, 0, 450000, 450000
2015, RAJASTHAN, 8, AJMER, 77, SARWAR, 262721, BIRLA, 33593, 1158438, Roads, 0, 0, 0, 0, 0, 0, 834000, 834000
2015, RAJASTHAN, 8, AJMER, 77, SARWAR, 262721, BIRLA, 33593, 1158438, Total, 0, 0, 0, 0, 0, 0, 834000, 834000
2015, RAJASTHAN, 8, AJMER, 77, SARWAR, 262721, FATEHGARH, 33598, 1158450, Roads, 0, 0, 0, 0, 0, 0, 800000, 800000
2015, RAJASTHAN, 8, AJMER, 77, SARWAR, 262721, FATEHGARH, 33598, 1158450, Total, 0, 0, 0, 0, 0, 0, 800000, 800000
2015, RAJASTHAN, 8, AJMER, 77, SARWAR, 262721, GOYLA, 33630, 1158841, Roads, 0, 0, 0, 0, 0, 0, 450000, 450000
2015, RAJASTHAN, 8, AJMER, 77, SARWAR, 262721, GOYLA, 33630, 1158841, Total, 0, 0, 0, 0, 0, 0, 450000, 450000
2015, RAJASTHAN, 8, AJMER, 77, SARWAR, 262721, HARPURA, 33600, 1158491, Roads, 0, 0, 0, 0, 0, 0, 668000, 668000
2015, RAJASTHAN, 8, AJMER, 77, SARWAR, 262721, HARPURA, 33600, 1158491, Total, 0, 0, 0, 0, 0, 0, 668000, 668000
2015, RAJASTHAN, 8, AJMER, 77, SARWAR, 262721, HINGONIYAN, 33601, 1159911, Roads, 0, 0, 0, 0, 0, 0, 716000, 716000
2015, RAJASTHAN, 8, AJMER, 77, SARWAR, 262721, HINGONIYAN, 33601, 1159911, Total, 0, 0, 0, 0, 0, 0, 716000, 716000
2015, RAJASTHAN, 8, AJMER, 77, SARWAR, 262721, JOTAYAN, 33632, 1158998, Drinking water, 0, 0, 0, 0, 0, 0, 120000, 120000
2015, RAJASTHAN, 8, AJMER, 77, SARWAR, 262721, JOTAYAN, 33632, 1158998, Total, 0, 0, 0, 0, 0, 0, 120000, 120000
2015, RAJASTHAN, 8, AJMER, 77, SARWAR, 262721, KEBANIYA, 33635, 1159913, Land improvement, 0, 0, 0, 0, 0, 0, 150000, 150000
2015, RAJASTHAN, 8, AJMER, 77, SARWAR, 262721, KEBANIYA, 33635, 1159913, Roads, 0, 0, 0, 0, 0, 0, 300000, 300000
2015, RAJASTHAN, 8, AJMER, 77, SARWAR, 262721, KEBANIYA, 33635, 1159913, Total, 0, 0, 0, 0, 0, 0, 450000, 450000
2015, RAJASTHAN, 8, AJMER, 77, SARWAR, 262721, KHEERIYA, 33606, 1158999, Drinking water, 0, 0, 0, 0, 0, 0, 60000, 60000
2015, RAJASTHAN, 8, AJMER, 77, SARWAR, 262721, KHEERIYA, 33606, 1158999, Land improvement, 0, 0, 0, 0, 0, 0, 200000, 200000
2015, RAJASTHAN, 8, AJMER, 77, SARWAR, 262721, KHEERIYA, 33606, 1158999, Total, 0, 0, 0, 0, 0, 0, 260000, 260000
2015, RAJASTHAN, 8, AJMER, 77, SARWAR, 262721, LALLAI, 33607, 1159914, Roads, 0, 0, 0, 0, 0, 0, 300000, 300000
2015, RAJASTHAN, 8, AJMER, 77, SARWAR, 262721, LALLAI, 33607, 1159914, Total, 0, 0, 0, 0, 0, 0, 300000, 300000
2015, RAJASTHAN, 8, AJMER, 77, SARWAR, 262721, RAMPALI, 33611, 1158957, Maintenance of community system, 0, 0, 0, 0, 0, 0, 200000, 200000
2015, RAJASTHAN, 8, AJMER, 77, SARWAR, 262721, RAMPALI, 33611, 1158957, Roads, 0, 0, 0, 0, 0, 0, 200000, 200000
2015, RAJASTHAN, 8, AJMER, 77, SARWAR, 262721, RAMPALI, 33611, 1158957, Total, 0, 0, 0, 0, 0, 0, 400000, 400000
2015, RAJASTHAN, 8, AJMER, 77, SARWAR, 262721, SAPLA, 33613, 1159915, Roads, 0, 0, 0, 0, 0, 0, 1000000, 1000000
2015, RAJASTHAN, 8, AJMER, 77, SARWAR, 262721, SAPLA, 33613, 1159915, Total, 0, 0, 0, 0, 0, 0, 1000000, 1000000
2015, RAJASTHAN, 8, AJMER, 77, SARWAR, 262721, SARANA, 33645, 1159858, Roads, 0, 0, 0, 0, 0, 0, 373000, 373000
2015, RAJASTHAN, 8, AJMER, 77, SARWAR, 262721, SARANA, 33645, 1159858, Total, 0, 0, 0, 0, 0, 0, 373000, 373000
2015, RAJASTHAN, 8, AJMER, 77, SARWAR, 262721, SATOLAO, 33646, 1158958, Maintenance of community system, 0, 0, 0, 0, 0, 0, 200000, 200000
2015, RAJASTHAN, 8, AJMER, 77, SARWAR, 262721, SATOLAO, 33646, 1158958, Roads, 0, 0, 0, 0, 0, 0, 200000, 200000
2015, RAJASTHAN, 8, AJMER, 77, SARWAR, 262721, SATOLAO, 33646, 1158958, Total, 0, 0, 0, 0, 0, 0, 400000, 400000
2015, RAJASTHAN, 8, AJMER, 77, SARWAR, 262721, SHERGARH, 33647, 1158994, Roads, 0, 0, 0, 0, 0, 0, 1152000, 1152000
2015, RAJASTHAN, 8, AJMER, 77, SARWAR, 262721, SHERGARH, 33647, 1158994, Total, 0, 0, 0, 0, 0, 0, 1152000, 1152000
2015, RAJASTHAN, 8, AJMER, 77, SARWAR, 262721, SHOKALIYA, 33648, 1158979, Roads, 0, 0, 0, 0, 0, 0, 400000, 400000
2015, RAJASTHAN, 8, AJMER, 77, SARWAR, 262721, SHOKALIYA, 33648, 1158979, Total, 0, 0, 0, 0, 0, 0, 400000, 400000
2015, RAJASTHAN, 8, AJMER, 77, SARWAR, 262721, SOONPA, 33615, 1158956, Land improvement, 0, 0, 0, 0, 0, 0, 300000, 300000
2015, RAJASTHAN, 8, AJMER, 77, SARWAR, 262721, SOONPA, 33615, 1158956, Maintenance of community system, 0, 0, 0, 0, 0, 0, 311000, 311000
2015, RAJASTHAN, 8, AJMER, 77, SARWAR, 262721, SOONPA, 33615, 1158956, Total, 0, 0, 0, 0, 0, 0, 611000, 611000
2015, RAJASTHAN, 8, AJMER, 77, SARWAR, 262721, SYAR, 33616, 1158434, Land improvement, 0, 0, 0, 0, 0, 0, 150000, 150000
2015, RAJASTHAN, 8, AJMER, 77, SARWAR, 262721, SYAR, 33616, 1158434, Total, 0, 0, 0, 0, 0, 0, 150000, 150000
2015, RAJASTHAN, 8, AJMER, 77, SARWAR, 262721, TANTOTI, 33651, 1158485, Maintenance of community system, 0, 0, 0, 0, 0, 0, 300000, 300000
2015, RAJASTHAN, 8, AJMER, 77, SARWAR, 262721, TANTOTI, 33651, 1158485, Roads, 0, 0, 0, 0, 0, 0, 300000, 300000
2015, RAJASTHAN, 8, AJMER, 77, SARWAR, 262721, TANTOTI, 33651, 1158485, Total, 0, 0, 0, 0, 0, 0, 600000, 600000
2015, RAJASTHAN, 8, AJMER, 77, SILORA, 1153, AMARPURA, 33718, 1143796, Roads, 0, 0, 0, 0, 0, 0, 1415000, 1415000
2015, RAJASTHAN, 8, AJMER, 77, SILORA, 1153, AMARPURA, 33718, 1143796, Total, 0, 0, 0, 0, 0, 0, 1415000, 1415000
2015, RAJASTHAN, 8, AJMER, 77, SILORA, 1153, BANDAR SEENDRI, 33719, 1143798, Roads, 0, 0, 0, 0, 0, 0, 2825000, 2825000
2015, RAJASTHAN, 8, AJMER, 77, SILORA, 1153, BANDAR SEENDRI, 33719, 1143798, Total, 0, 0, 0, 0, 0, 0, 2825000, 2825000
2015, RAJASTHAN, 8, AJMER, 77, SILORA, 1153, BARNA, 33720, 1172296, Roads, 0, 0, 0, 0, 0, 0, 1527000, 1527000
2015, RAJASTHAN, 8, AJMER, 77, SILORA, 1153, BARNA, 33720, 1172296, Total, 0, 0, 0, 0, 0, 0, 1527000, 1527000
2015, RAJASTHAN, 8, AJMER, 77, SILORA, 1153, BHADOON, 33721, 1172302, Roads, 0, 0, 0, 0, 0, 0, 2028000, 2028000
2015, RAJASTHAN, 8, AJMER, 77, SILORA, 1153, BHADOON, 33721, 1172302, Total, 0, 0, 0, 0, 0, 0, 2028000, 2028000
2015, RAJASTHAN, 8, AJMER, 77, SILORA, 1153, BUHAROO, 33722, 1144169, Roads, 0, 0, 0, 0, 0, 0, 1415000, 1415000
2015, RAJASTHAN, 8, AJMER, 77, SILORA, 1153, BUHAROO, 33722, 1144169, Total, 0, 0, 0, 0, 0, 0, 1415000, 1415000
2015, RAJASTHAN, 8, AJMER, 77, SILORA, 1153, DEENDWARA, 33723, 1172312, Roads, 0, 0, 0, 0, 0, 0, 2325000, 2325000
2015, RAJASTHAN, 8, AJMER, 77, SILORA, 1153, DEENDWARA, 33723, 1172312, Total, 0, 0, 0, 0, 0, 0, 2325000, 2325000
2015, RAJASTHAN, 8, AJMER, 77, SILORA, 1153, HARMARA, 33724, 1144120, Roads, 0, 0, 0, 0, 0, 0, 2021000, 2021000
2015, RAJASTHAN, 8, AJMER, 77, SILORA, 1153, HARMARA, 33724, 1144120, Total, 0, 0, 0, 0, 0, 0, 2021000, 2021000
2015, RAJASTHAN, 8, AJMER, 77, SILORA, 1153, JAJOTA, 33725, 1144127, Roads, 0, 0, 0, 0, 0, 0, 1526000, 1526000
2015, RAJASTHAN, 8, AJMER, 77, SILORA, 1153, JAJOTA, 33725, 1144127, Total, 0, 0, 0, 0, 0, 0, 1526000, 1526000
2015, RAJASTHAN, 8, AJMER, 77, SILORA, 1153, KADHA, 33726, 1172291, Roads, 0, 0, 0, 0, 0, 0, 1619000, 1619000
2015, RAJASTHAN, 8, AJMER, 77, SILORA, 1153, KADHA, 33726, 1172291, Total, 0, 0, 0, 0, 0, 0, 1619000, 1619000
2015, RAJASTHAN, 8, AJMER, 77, SILORA, 1153, KARKERI, 33727, 1144138, Roads, 0, 0, 0, 0, 0, 0, 1825000, 1825000
2015, RAJASTHAN, 8, AJMER, 77, SILORA, 1153, KARKERI, 33727, 1144138, Total, 0, 0, 0, 0, 0, 0, 1825000, 1825000
2015, RAJASTHAN, 8, AJMER, 77, SILORA, 1153, KHATOLI, 33728, 1172309, Roads, 0, 0, 0, 0, 0, 0, 3017000, 3017000
2015, RAJASTHAN, 8, AJMER, 77, SILORA, 1153, KHATOLI, 33728, 1172309, Total, 0, 0, 0, 0, 0, 0, 3017000, 3017000
2015, RAJASTHAN, 8, AJMER, 77, SILORA, 1153, KOTRI, 33730, 1173098, Roads, 0, 0, 0, 0, 0, 0, 1699000, 1699000
2015, RAJASTHAN, 8, AJMER, 77, SILORA, 1153, KOTRI, 33730, 1173098, Total, 0, 0, 0, 0, 0, 0, 1699000, 1699000
2015, RAJASTHAN, 8, AJMER, 77, SILORA, 1153, KUCHEEL, 33731, 1144142, Maintenance of community system, 0, 0, 0, 0, 0, 0, 515000, 515000
2015, RAJASTHAN, 8, AJMER, 77, SILORA, 1153, KUCHEEL, 33731, 1144142, Roads, 0, 0, 0, 0, 0, 0, 700000, 700000
2015, RAJASTHAN, 8, AJMER, 77, SILORA, 1153, KUCHEEL, 33731, 1144142, Total, 0, 0, 0, 0, 0, 0, 1215000, 1215000
2015, RAJASTHAN, 8, AJMER, 77, SILORA, 1153, MALION KI BARI, 33729, 1144146, Roads, 0, 0, 0, 0, 0, 0, 1515000, 1515000
2015, RAJASTHAN, 8, AJMER, 77, SILORA, 1153, MALION KI BARI, 33729, 1144146, Total, 0, 0, 0, 0, 0, 0, 1515000, 1515000
2015, RAJASTHAN, 8, AJMER, 77, SILORA, 1153, NALOO, 33732, 1144153, Maintenance of community system, 0, 0, 0, 0, 0, 0, 800000, 800000
2015, RAJASTHAN, 8, AJMER, 77, SILORA, 1153, NALOO, 33732, 1144153, Roads, 0, 0, 0, 0, 0, 0, 725000, 725000
2015, RAJASTHAN, 8, AJMER, 77, SILORA, 1153, NALOO, 33732, 1144153, Total, 0, 0, 0, 0, 0, 0, 1525000, 1525000
2015, RAJASTHAN, 8, AJMER, 77, SILORA, 1153, NAWA, 33733, 1340889, Roads, 0, 0, 0, 0, 0, 0, 2115000, 2115000
2015, RAJASTHAN, 8, AJMER, 77, SILORA, 1153, NAWA, 33733, 1340889, Total, 0, 0, 0, 0, 0, 0, 2115000, 2115000
2015, RAJASTHAN, 8, AJMER, 77, SILORA, 1153, NOSAL, 33734, 1144155, Roads, 0, 0, 0, 0, 0, 0, 1025000, 1025000
2015, RAJASTHAN, 8, AJMER, 77, SILORA, 1153, NOSAL, 33734, 1144155, Total, 0, 0, 0, 0, 0, 0, 1025000, 1025000
2015, RAJASTHAN, 8, AJMER, 77, SILORA, 1153, PANER, 33735, 1144162, Roads, 0, 0, 0, 0, 0, 0, 2015000, 2015000
2015, RAJASTHAN, 8, AJMER, 77, SILORA, 1153, PANER, 33735, 1144162, Total, 0, 0, 0, 0, 0, 0, 2015000, 2015000
2015, RAJASTHAN, 8, AJMER, 77, SILORA, 1153, PATAN, 33736, 1144158, Maintenance of community system, 0, 0, 0, 0, 0, 0, 1000000, 1000000
2015, RAJASTHAN, 8, AJMER, 77, SILORA, 1153, PATAN, 33736, 1144158, Roads, 0, 0, 0, 0, 0, 0, 875000, 875000
2015, RAJASTHAN, 8, AJMER, 77, SILORA, 1153, PATAN, 33736, 1144158, Total, 0, 0, 0, 0, 0, 0, 1875000, 1875000
2015, RAJASTHAN, 8, AJMER, 77, SILORA, 1153, PEENGLOD, 33737, 1144147, Roads, 0, 0, 0, 0, 0, 0, 1625000, 1625000
2015, RAJASTHAN, 8, AJMER, 77, SILORA, 1153, PEENGLOD, 33737, 1144147, Total, 0, 0, 0, 0, 0, 0, 1625000, 1625000
2015, RAJASTHAN, 8, AJMER, 77, SILORA, 1153, RALAWATAN, 33738, 1144143, Roads, 0, 0, 0, 0, 0, 0, 1525000, 1525000
2015, RAJASTHAN, 8, AJMER, 77, SILORA, 1153, RALAWATAN, 33738, 1144143, Total, 0, 0, 0, 0, 0, 0, 1525000, 1525000
2015, RAJASTHAN, 8, AJMER, 77, SILORA, 1153, ROOPANGARH, 33739, 1144165, Roads, 0, 0, 0, 0, 0, 0, 3535000, 3535000
2015, RAJASTHAN, 8, AJMER, 77, SILORA, 1153, ROOPANGARH, 33739, 1144165, Total, 0, 0, 0, 0, 0, 0, 3535000, 3535000
2015, RAJASTHAN, 8, AJMER, 77, SILORA, 1153, SALEMABAD, 33740, 1144139, Roads, 0, 0, 0, 0, 0, 0, 2575000, 2575000
2015, RAJASTHAN, 8, AJMER, 77, SILORA, 1153, SALEMABAD, 33740, 1144139, Total, 0, 0, 0, 0, 0, 0, 2575000, 2575000
2015, RAJASTHAN, 8, AJMER, 77, SILORA, 1153, SARGAON, 33741, 1146644, Roads, 0, 0, 0, 0, 0, 0, 825000, 825000
2015, RAJASTHAN, 8, AJMER, 77, SILORA, 1153, SARGAON, 33741, 1146644, Rural electrification, 0, 0, 0, 0, 0, 0, 1000000, 1000000
2015, RAJASTHAN, 8, AJMER, 77, SILORA, 1153, SARGAON, 33741, 1146644, Total, 0, 0, 0, 0, 0, 0, 1825000, 1825000
2015, RAJASTHAN, 8, AJMER, 77, SILORA, 1153, SILORA, 33742, 1172313, Roads, 0, 0, 0, 0, 0, 0, 2105000, 2105000
2015, RAJASTHAN, 8, AJMER, 77, SILORA, 1153, SILORA, 33742, 1172313, Total, 0, 0, 0, 0, 0, 0, 2105000, 2105000
2015, RAJASTHAN, 8, AJMER, 77, SILORA, 1153, SINODIYA, 33743, 1144135, Maintenance of community system, 0, 0, 0, 0, 0, 0, 725000, 725000
2015, RAJASTHAN, 8, AJMER, 77, SILORA, 1153, SINODIYA, 33743, 1144135, Roads, 0, 0, 0, 0, 0, 0, 500000, 500000
2015, RAJASTHAN, 8, AJMER, 77, SILORA, 1153, SINODIYA, 33743, 1144135, Total, 0, 0, 0, 0, 0, 0, 1225000, 1225000
2015, RAJASTHAN, 8, AJMER, 77, SILORA, 1153, SURSURA, 33744, 1144123, Maintenance of community system, 0, 0, 0, 0, 0, 0, 875000, 875000
2015, RAJASTHAN, 8, AJMER, 77, SILORA, 1153, SURSURA, 33744, 1144123, Roads, 0, 0, 0, 0, 0, 0, 800000, 800000
2015, RAJASTHAN, 8, AJMER, 77, SILORA, 1153, SURSURA, 33744, 1144123, Total, 0, 0, 0, 0, 0, 0, 1675000, 1675000
2015, RAJASTHAN, 8, AJMER, 77, SILORA, 1153, THAL, 33745, 1144118, Roads, 0, 0, 0, 0, 0, 0, 1225000, 1225000
2015, RAJASTHAN, 8, AJMER, 77, SILORA, 1153, THAL, 33745, 1144118, Total, 0, 0, 0, 0, 0, 0, 1225000, 1225000
2015, RAJASTHAN, 8, AJMER, 77, SILORA, 1153, TIKAWARA, 33746, 1144121, Maintenance of community system, 0, 0, 0, 0, 0, 0, 2525000, 2525000
2015, RAJASTHAN, 8, AJMER, 77, SILORA, 1153, TIKAWARA, 33746, 1144121, Total, 0, 0, 0, 0, 0, 0, 2525000, 2525000
2015, RAJASTHAN, 8, AJMER, 77, SILORA, 1153, TILONIYA, 33747, 1173101, Roads, 0, 0, 0, 0, 0, 0, 2343000, 2343000
2015, RAJASTHAN, 8, AJMER, 77, SILORA, 1153, TILONIYA, 33747, 1173101, Total, 0, 0, 0, 0, 0, 0, 2343000, 2343000
2015, RAJASTHAN, 8, AJMER, 77, SILORA, 1153, TYOD, 33748, 1172298, Roads, 0, 0, 0, 0, 0, 0, 2346000, 2346000
2015, RAJASTHAN, 8, AJMER, 77, SILORA, 1153, TYOD, 33748, 1172298, Total, 0, 0, 0, 0, 0, 0, 2346000, 2346000
2015, RAJASTHAN, 8, AJMER, 77, SRINAGAR, 1156, AJAYSAR, 33826, 1143789, Maintenance of community system, 0, 0, 0, 0, 0, 0, 500000, 500000
2015, RAJASTHAN, 8, AJMER, 77, SRINAGAR, 1156, AJAYSAR, 33826, 1143789, Roads, 0, 0, 0, 0, 0, 0, 500000, 500000
2015, RAJASTHAN, 8, AJMER, 77, SRINAGAR, 1156, AJAYSAR, 33826, 1143789, Total, 0, 0, 0, 0, 0, 0, 1000000, 1000000
2015, RAJASTHAN, 8, AJMER, 77, SRINAGAR, 1156, ARADKA, 33827, 1143820, Roads, 0, 0, 0, 0, 0, 0, 411000, 411000
2015, RAJASTHAN, 8, AJMER, 77, SRINAGAR, 1156, ARADKA, 33827, 1143820, Total, 0, 0, 0, 0, 0, 0, 411000, 411000
2015, RAJASTHAN, 8, AJMER, 77, SRINAGAR, 1156, BABAYACHA, 33828, 1143839, Drinking water, 0, 0, 0, 0, 0, 0, 239000, 239000
2015, RAJASTHAN, 8, AJMER, 77, SRINAGAR, 1156, BABAYACHA, 33828, 1143839, Roads, 0, 0, 0, 0, 0, 0, 300000, 300000
2015, RAJASTHAN, 8, AJMER, 77, SRINAGAR, 1156, BABAYACHA, 33828, 1143839, Total, 0, 0, 0, 0, 0, 0, 539000, 539000
2015, RAJASTHAN, 8, AJMER, 77, SRINAGAR, 1156, BARLIYA, 33829, 1148293, Land improvement, 0, 0, 0, 0, 0, 0, 500000, 500000
2015, RAJASTHAN, 8, AJMER, 77, SRINAGAR, 1156, BARLIYA, 33829, 1148293, Roads, 0, 0, 0, 0, 0, 0, 600000, 600000
2015, RAJASTHAN, 8, AJMER, 77, SRINAGAR, 1156, BARLIYA, 33829, 1148293, Total, 0, 0, 0, 0, 0, 0, 1100000, 1100000
2015, RAJASTHAN, 8, AJMER, 77, SRINAGAR, 1156, BEER, 33830, 1143914, Roads, 0, 0, 0, 0, 0, 0, 1100000, 1100000
2015, RAJASTHAN, 8, AJMER, 77, SRINAGAR, 1156, BEER, 33830, 1143914, Total, 0, 0, 0, 0, 0, 0, 1100000, 1100000
2015, RAJASTHAN, 8, AJMER, 77, SRINAGAR, 1156, BHATIYANI, 33784, 1143915, Roads, 0, 0, 0, 0, 0, 0, 1472000, 1472000
2015, RAJASTHAN, 8, AJMER, 77, SRINAGAR, 1156, BHATIYANI, 33784, 1143915, Total, 0, 0, 0, 0, 0, 0, 1472000, 1472000
2015, RAJASTHAN, 8, AJMER, 77, SRINAGAR, 1156, BHOODOL, 33831, 1143917, Land improvement, 0, 0, 0, 0, 0, 0, 600000, 600000
2015, RAJASTHAN, 8, AJMER, 77, SRINAGAR, 1156, BHOODOL, 33831, 1143917, Roads, 0, 0, 0, 0, 0, 0, 551000, 551000
2015, RAJASTHAN, 8, AJMER, 77, SRINAGAR, 1156, BHOODOL, 33831, 1143917, Total, 0, 0, 0, 0, 0, 0, 1151000, 1151000
2015, RAJASTHAN, 8, AJMER, 77, SRINAGAR, 1156, BUBANI, 33832, 1143754, Roads, 0, 0, 0, 0, 0, 0, 1100000, 1100000
2015, RAJASTHAN, 8, AJMER, 77, SRINAGAR, 1156, BUBANI, 33832, 1143754, Total, 0, 0, 0, 0, 0, 0, 1100000, 1100000
2015, RAJASTHAN, 8, AJMER, 77, SRINAGAR, 1156, CHACHIYAWAS, 33833, 1143918, Land improvement, 0, 0, 0, 0, 0, 0, 500000, 500000
2015, RAJASTHAN, 8, AJMER, 77, SRINAGAR, 1156, CHACHIYAWAS, 33833, 1143918, Maintenance of community system, 0, 0, 0, 0, 0, 0, 150000, 150000
2015, RAJASTHAN, 8, AJMER, 77, SRINAGAR, 1156, CHACHIYAWAS, 33833, 1143918, Total, 0, 0, 0, 0, 0, 0, 650000, 650000
2015, RAJASTHAN, 8, AJMER, 77, SRINAGAR, 1156, DANTA, 33834, 1143934, Land improvement, 0, 0, 0, 0, 0, 0, 800000, 800000
2015, RAJASTHAN, 8, AJMER, 77, SRINAGAR, 1156, DANTA, 33834, 1143934, Maintenance of community system, 0, 0, 0, 0, 0, 0, 450000, 450000
2015, RAJASTHAN, 8, AJMER, 77, SRINAGAR, 1156, DANTA, 33834, 1143934, Total, 0, 0, 0, 0, 0, 0, 1250000, 1250000
2015, RAJASTHAN, 8, AJMER, 77, SRINAGAR, 1156, DERATHOO, 33793, 1142474, Drinking water, 0, 0, 0, 0, 0, 0, 100000, 100000
2015, RAJASTHAN, 8, AJMER, 77, SRINAGAR, 1156, DERATHOO, 33793, 1142474, Maintenance of community system, 0, 0, 0, 0, 0, 0, 151000, 151000
2015, RAJASTHAN, 8, AJMER, 77, SRINAGAR, 1156, DERATHOO, 33793, 1142474, Total, 0, 0, 0, 0, 0, 0, 251000, 251000
2015, RAJASTHAN, 8, AJMER, 77, SRINAGAR, 1156, DHAL, 33835, 1143935, Maintenance of community system, 0, 0, 0, 0, 0, 0, 399000, 399000
2015, RAJASTHAN, 8, AJMER, 77, SRINAGAR, 1156, DHAL, 33835, 1143935, Roads, 0, 0, 0, 0, 0, 0, 500000, 500000
2015, RAJASTHAN, 8, AJMER, 77, SRINAGAR, 1156, DHAL, 33835, 1143935, Total, 0, 0, 0, 0, 0, 0, 899000, 899000
2015, RAJASTHAN, 8, AJMER, 77, SRINAGAR, 1156, DILWARA, 33836, 1143936, Roads, 0, 0, 0, 0, 0, 0, 1300000, 1300000
2015, RAJASTHAN, 8, AJMER, 77, SRINAGAR, 1156, DILWARA, 33836, 1143936, Total, 0, 0, 0, 0, 0, 0, 1300000, 1300000
2015, RAJASTHAN, 8, AJMER, 77, SRINAGAR, 1156, GAGWANA, 33837, 1143310, Land improvement, 0, 0, 0, 0, 0, 0, 550000, 550000
2015, RAJASTHAN, 8, AJMER, 77, SRINAGAR, 1156, GAGWANA, 33837, 1143310, Total, 0, 0, 0, 0, 0, 0, 550000, 550000
2015, RAJASTHAN, 8, AJMER, 77, SRINAGAR, 1156, GEGAL, 33838, 1148529, Maintenance of community system, 0, 0, 0, 0, 0, 0, 2088000, 2088000
2015, RAJASTHAN, 8, AJMER, 77, SRINAGAR, 1156, GEGAL, 33838, 1148529, Total, 0, 0, 0, 0, 0, 0, 2088000, 2088000
2015, RAJASTHAN, 8, AJMER, 77, SRINAGAR, 1156, GHOOGHRA, 33839, 1143320, Roads, 0, 0, 0, 0, 0, 0, 450000, 450000
2015, RAJASTHAN, 8, AJMER, 77, SRINAGAR, 1156, GHOOGHRA, 33839, 1143320, Total, 0, 0, 0, 0, 0, 0, 450000, 450000
2015, RAJASTHAN, 8, AJMER, 77, SRINAGAR, 1156, GODIYAWAS, 33840, 1143928, Land improvement, 0, 0, 0, 0, 0, 0, 200000, 200000
2015, RAJASTHAN, 8, AJMER, 77, SRINAGAR, 1156, GODIYAWAS, 33840, 1143928, Roads, 0, 0, 0, 0, 0, 0, 257000, 257000
2015, RAJASTHAN, 8, AJMER, 77, SRINAGAR, 1156, GODIYAWAS, 33840, 1143928, Total, 0, 0, 0, 0, 0, 0, 457000, 457000
2015, RAJASTHAN, 8, AJMER, 77, SRINAGAR, 1156, HATHI KHERA, 33841, 1143926, Land improvement, 0, 0, 0, 0, 0, 0, 200000, 200000
2015, RAJASTHAN, 8, AJMER, 77, SRINAGAR, 1156, HATHI KHERA, 33841, 1143926, Roads, 0, 0, 0, 0, 0, 0, 500000, 500000
2015, RAJASTHAN, 8, AJMER, 77, SRINAGAR, 1156, HATHI KHERA, 33841, 1143926, Total, 0, 0, 0, 0, 0, 0, 700000, 700000
2015, RAJASTHAN, 8, AJMER, 77, SRINAGAR, 1156, JHARWASA, 33801, 1148535, Maintenance of community system, 0, 0, 0, 0, 0, 0, 717000, 717000
2015, RAJASTHAN, 8, AJMER, 77, SRINAGAR, 1156, JHARWASA, 33801, 1148535, Total, 0, 0, 0, 0, 0, 0, 717000, 717000
2015, RAJASTHAN, 8, AJMER, 77, SRINAGAR, 1156, KANA KHERI, 33842, 1143749, Land improvement, 0, 0, 0, 0, 0, 0, 523000, 523000
2015, RAJASTHAN, 8, AJMER, 77, SRINAGAR, 1156, KANA KHERI, 33842, 1143749, Roads, 0, 0, 0, 0, 0, 0, 600000, 600000
2015, RAJASTHAN, 8, AJMER, 77, SRINAGAR, 1156, KANA KHERI, 33842, 1143749, Total, 0, 0, 0, 0, 0, 0, 1123000, 1123000
2015, RAJASTHAN, 8, AJMER, 77, SRINAGAR, 1156, KANPURA, 33843, 1143840, Land improvement, 0, 0, 0, 0, 0, 0, 188000, 188000
2015, RAJASTHAN, 8, AJMER, 77, SRINAGAR, 1156, KANPURA, 33843, 1143840, Roads, 0, 0, 0, 0, 0, 0, 500000, 500000
2015, RAJASTHAN, 8, AJMER, 77, SRINAGAR, 1156, KANPURA, 33843, 1143840, Total, 0, 0, 0, 0, 0, 0, 688000, 688000
2015, RAJASTHAN, 8, AJMER, 77, SRINAGAR, 1156, KAYAD, 259730, 1148576, Roads, 0, 0, 0, 0, 0, 0, 1314000, 1314000
2015, RAJASTHAN, 8, AJMER, 77, SRINAGAR, 1156, KAYAD, 259730, 1148576, Total, 0, 0, 0, 0, 0, 0, 1314000, 1314000
2015, RAJASTHAN, 8, AJMER, 77, SRINAGAR, 1156, KAYAMPURA, 33844, 1148626, Maintenance of community system, 0, 0, 0, 0, 0, 0, 258000, 258000
2015, RAJASTHAN, 8, AJMER, 77, SRINAGAR, 1156, KAYAMPURA, 33844, 1148626, Total, 0, 0, 0, 0, 0, 0, 258000, 258000
2015, RAJASTHAN, 8, AJMER, 77, SRINAGAR, 1156, LAVERA, 33845, 1143791, Roads, 0, 0, 0, 0, 0, 0, 1000000, 1000000
2015, RAJASTHAN, 8, AJMER, 77, SRINAGAR, 1156, LAVERA, 33845, 1143791, Total, 0, 0, 0, 0, 0, 0, 1000000, 1000000
2015, RAJASTHAN, 8, AJMER, 77, SRINAGAR, 1156, LOHARWARA, 33846, 1148564, Land improvement, 0, 0, 0, 0, 0, 0, 508000, 508000
2015, RAJASTHAN, 8, AJMER, 77, SRINAGAR, 1156, LOHARWARA, 33846, 1148564, Roads, 0, 0, 0, 0, 0, 0, 400000, 400000
2015, RAJASTHAN, 8, AJMER, 77, SRINAGAR, 1156, LOHARWARA, 33846, 1148564, Total, 0, 0, 0, 0, 0, 0, 908000, 908000
2015, RAJASTHAN, 8, AJMER, 77, SRINAGAR, 1156, MAKARWALI, 33847, 1148574, Roads, 0, 0, 0, 0, 0, 0, 600000, 600000
2015, RAJASTHAN, 8, AJMER, 77, SRINAGAR, 1156, MAKARWALI, 33847, 1148574, Total, 0, 0, 0, 0, 0, 0, 600000, 600000
2015, RAJASTHAN, 8, AJMER, 77, SRINAGAR, 1156, MAOSHIYA, 33848, 1148605, Maintenance of community system, 0, 0, 0, 0, 0, 0, 229000, 229000
2015, RAJASTHAN, 8, AJMER, 77, SRINAGAR, 1156, MAOSHIYA, 33848, 1148605, Roads, 0, 0, 0, 0, 0, 0, 500000, 500000
2015, RAJASTHAN, 8, AJMER, 77, SRINAGAR, 1156, MAOSHIYA, 33848, 1148605, Total, 0, 0, 0, 0, 0, 0, 729000, 729000
2015, RAJASTHAN, 8, AJMER, 77, SRINAGAR, 1156, NARELI, 33849, 1148749, Roads, 0, 0, 0, 0, 0, 0, 949000, 949000
2015, RAJASTHAN, 8, AJMER, 77, SRINAGAR, 1156, NARELI, 33849, 1148749, Total, 0, 0, 0, 0, 0, 0, 949000, 949000
2015, RAJASTHAN, 8, AJMER, 77, SRINAGAR, 1156, NARWAR, 33850, 1143795, Land improvement, 0, 0, 0, 0, 0, 0, 500000, 500000
2015, RAJASTHAN, 8, AJMER, 77, SRINAGAR, 1156, NARWAR, 33850, 1143795, Maintenance of community system, 0, 0, 0, 0, 0, 0, 300000, 300000
2015, RAJASTHAN, 8, AJMER, 77, SRINAGAR, 1156, NARWAR, 33850, 1143795, Total, 0, 0, 0, 0, 0, 0, 800000, 800000
2015, RAJASTHAN, 8, AJMER, 77, SRINAGAR, 1156, OONTRA, 33851, 1148528, Roads, 0, 0, 0, 0, 0, 0, 828000, 828000
2015, RAJASTHAN, 8, AJMER, 77, SRINAGAR, 1156, OONTRA, 33851, 1148528, Total, 0, 0, 0, 0, 0, 0, 828000, 828000
2015, RAJASTHAN, 8, AJMER, 77, SRINAGAR, 1156, PALRA, 33852, 1143314, Roads, 0, 0, 0, 0, 0, 0, 1000000, 1000000
2015, RAJASTHAN, 8, AJMER, 77, SRINAGAR, 1156, PALRA, 33852, 1143314, Total, 0, 0, 0, 0, 0, 0, 1000000, 1000000
2015, RAJASTHAN, 8, AJMER, 77, SRINAGAR, 1156, PHARKIYA, 33853, 1148581, Land improvement, 0, 0, 0, 0, 0, 0, 700000, 700000
2015, RAJASTHAN, 8, AJMER, 77, SRINAGAR, 1156, PHARKIYA, 33853, 1148581, Total, 0, 0, 0, 0, 0, 0, 700000, 700000
2015, RAJASTHAN, 8, AJMER, 77, SRINAGAR, 1156, RAMNER DHANI, 33854, 1148661, Land improvement, 0, 0, 0, 0, 0, 0, 652000, 652000
2015, RAJASTHAN, 8, AJMER, 77, SRINAGAR, 1156, RAMNER DHANI, 33854, 1148661, Maintenance of community system, 0, 0, 0, 0, 0, 0, 500000, 500000
2015, RAJASTHAN, 8, AJMER, 77, SRINAGAR, 1156, RAMNER DHANI, 33854, 1148661, Total, 0, 0, 0, 0, 0, 0, 1152000, 1152000
2015, RAJASTHAN, 8, AJMER, 77, SRINAGAR, 1156, RAMSAR, 33855, 1148530, Land improvement, 0, 0, 0, 0, 0, 0, 500000, 500000
2015, RAJASTHAN, 8, AJMER, 77, SRINAGAR, 1156, RAMSAR, 33855, 1148530, Roads, 0, 0, 0, 0, 0, 0, 314000, 314000
2015, RAJASTHAN, 8, AJMER, 77, SRINAGAR, 1156, RAMSAR, 33855, 1148530, Total, 0, 0, 0, 0, 0, 0, 814000, 814000
2015, RAJASTHAN, 8, AJMER, 77, SRINAGAR, 1156, RASOOLPURA, 33856, 1148596, Roads, 0, 0, 0, 0, 0, 0, 300000, 300000
2015, RAJASTHAN, 8, AJMER, 77, SRINAGAR, 1156, RASOOLPURA, 33856, 1148596, Total, 0, 0, 0, 0, 0, 0, 300000, 300000
2015, RAJASTHAN, 8, AJMER, 77, SRINAGAR, 1156, SAMPRODA, 33857, 1148565, Maintenance of community system, 0, 0, 0, 0, 0, 0, 178000, 178000
2015, RAJASTHAN, 8, AJMER, 77, SRINAGAR, 1156, SAMPRODA, 33857, 1148565, Roads, 0, 0, 0, 0, 0, 0, 461000, 461000
2015, RAJASTHAN, 8, AJMER, 77, SRINAGAR, 1156, SAMPRODA, 33857, 1148565, Total, 0, 0, 0, 0, 0, 0, 639000, 639000
2015, RAJASTHAN, 8, AJMER, 77, SRINAGAR, 1156, SANOD, 33858, 1142494, Maintenance of community system, 0, 0, 0, 0, 0, 0, 148000, 148000
2015, RAJASTHAN, 8, AJMER, 77, SRINAGAR, 1156, SANOD, 33858, 1142494, Total, 0, 0, 0, 0, 0, 0, 148000, 148000
2015, RAJASTHAN, 8, AJMER, 77, SRINAGAR, 1156, SEDARIYA, 33859, 1143938, Land improvement, 0, 0, 0, 0, 0, 0, 355000, 355000
2015, RAJASTHAN, 8, AJMER, 77, SRINAGAR, 1156, SEDARIYA, 33859, 1143938, Roads, 0, 0, 0, 0, 0, 0, 600000, 600000
2015, RAJASTHAN, 8, AJMER, 77, SRINAGAR, 1156, SEDARIYA, 33859, 1143938, Total, 0, 0, 0, 0, 0, 0, 955000, 955000
2015, RAJASTHAN, 8, AJMER, 77, SRINAGAR, 1156, SRINAGAR, 33860, 1148643, Roads, 0, 0, 0, 0, 0, 0, 1050000, 1050000
2015, RAJASTHAN, 8, AJMER, 77, SRINAGAR, 1156, SRINAGAR, 33860, 1148643, Total, 0, 0, 0, 0, 0, 0, 1050000, 1050000
2015, RAJASTHAN, 8, AJMER, 77, SRINAGAR, 1156, TIHARI, 33861, 1143824, Drinking water, 0, 0, 0, 0, 0, 0, 255000, 255000
2015, RAJASTHAN, 8, AJMER, 77, SRINAGAR, 1156, TIHARI, 33861, 1143824, Total, 0, 0, 0, 0, 0, 0, 255000, 255000
2015, RAJASTHAN, 8, AJMER, 77, SRINAGAR, 1156, TILANA, 33862, 1148541, Maintenance of community system, 0, 0, 0, 0, 0, 0, 500000, 500000
2015, RAJASTHAN, 8, AJMER, 77, SRINAGAR, 1156, TILANA, 33862, 1148541, Roads, 0, 0, 0, 0, 0, 0, 625000, 625000
2015, RAJASTHAN, 8, AJMER, 77, SRINAGAR, 1156, TILANA, 33862, 1148541, Total, 0, 0, 0, 0, 0, 0, 1125000, 1125000
2015, RAJASTHAN, 8, ALWAR, 78, BANSUR, 1157, ALAMPUR, 33863, 1090912, Drinking water, 0, 0, 0, 0, 0, 0, 298465, 298465
2015, RAJASTHAN, 8, ALWAR, 78, BANSUR, 1157, ALAMPUR, 33863, 1090912, Roads, 0, 0, 0, 0, 0, 0, 538932, 538932
2015, RAJASTHAN, 8, ALWAR, 78, BANSUR, 1157, ALAMPUR, 33863, 1090912, Total, 0, 0, 0, 0, 0, 0, 837397, 837397
2015, RAJASTHAN, 8, ALWAR, 78, BANSUR, 1157, BABARIYA, 33865, 1091058, Roads, 0, 0, 0, 0, 0, 0, 760000, 760000
2015, RAJASTHAN, 8, ALWAR, 78, BANSUR, 1157, BABARIYA, 33865, 1091058, Total, 0, 0, 0, 0, 0, 0, 760000, 760000
2015, RAJASTHAN, 8, ALWAR, 78, BANSUR, 1157, BABERA, 262621, 1090906, Rural electrification, 0, 0, 0, 0, 0, 0, 296000, 296000
2015, RAJASTHAN, 8, ALWAR, 78, BANSUR, 1157, BABERA, 262621, 1090906, Total, 0, 0, 0, 0, 0, 0, 296000, 296000
2015, RAJASTHAN, 8, ALWAR, 78, BANSUR, 1157, BABERI, 33864, 1093715, Drinking water, 0, 0, 0, 0, 0, 0, 118866, 118866
2015, RAJASTHAN, 8, ALWAR, 78, BANSUR, 1157, BABERI, 33864, 1093715, Rural housing, 0, 0, 0, 0, 0, 0, 730264, 730264
2015, RAJASTHAN, 8, ALWAR, 78, BANSUR, 1157, BABERI, 33864, 1093715, Total, 0, 0, 0, 0, 0, 0, 849130, 849130
2015, RAJASTHAN, 8, ALWAR, 78, BANSUR, 1157, BABERI, 33864, 1117338, Drinking water, 0, 0, 0, 0, 0, 0, 118866, 118866
2015, RAJASTHAN, 8, ALWAR, 78, BANSUR, 1157, BABERI, 33864, 1117338, Social welfare, 0, 0, 0, 0, 0, 0, 730264, 730264
2015, RAJASTHAN, 8, ALWAR, 78, BANSUR, 1157, BABERI, 33864, 1117338, Total, 0, 0, 0, 0, 0, 0, 849130, 849130
2015, RAJASTHAN, 8, ALWAR, 78, BANSUR, 1157, BAHRAM KA BAS, 262619, 1092087, Roads, 0, 0, 0, 0, 0, 0, 630000, 630000
2015, RAJASTHAN, 8, ALWAR, 78, BANSUR, 1157, BAHRAM KA BAS, 262619, 1092087, Total, 0, 0, 0, 0, 0, 0, 630000, 630000
2015, RAJASTHAN, 8, ALWAR, 78, BANSUR, 1157, BAHRAM KA BAS, 262619, 1153534, Roads, 0, 0, 0, 0, 0, 0, 484720, 484720
2015, RAJASTHAN, 8, ALWAR, 78, BANSUR, 1157, BAHRAM KA BAS, 262619, 1153534, Total, 0, 0, 0, 0, 0, 0, 484720, 484720
2015, RAJASTHAN, 8, ALWAR, 78, BANSUR, 1157, BALAWAS, 33866, 1088292, Rural electrification, 0, 0, 0, 0, 0, 0, 546520, 546520
2015, RAJASTHAN, 8, ALWAR, 78, BANSUR, 1157, BALAWAS, 33866, 1088292, Sanitation, 0, 0, 0, 0, 0, 0, 484568, 484568
2015, RAJASTHAN, 8, ALWAR, 78, BANSUR, 1157, BALAWAS, 33866, 1088292, Total, 0, 0, 0, 0, 0, 0, 1031088, 1031088
2015, RAJASTHAN, 8, ALWAR, 78, BANSUR, 1157, BAMANWAS, 33867, 1111172, Drinking water, 0, 0, 0, 0, 0, 0, 421663, 421663
2015, RAJASTHAN, 8, ALWAR, 78, BANSUR, 1157, BAMANWAS, 33867, 1111172, Roads, 0, 0, 0, 0, 0, 0, 1614614, 1614614
2015, RAJASTHAN, 8, ALWAR, 78, BANSUR, 1157, BAMANWAS, 33867, 1111172, Sanitation, 0, 0, 0, 0, 0, 0, 667923, 667923
2015, RAJASTHAN, 8, ALWAR, 78, BANSUR, 1157, BAMANWAS, 33867, 1111172, Total, 0, 0, 0, 0, 0, 0, 2704200, 2704200
2015, RAJASTHAN, 8, ALWAR, 78, BANSUR, 1157, BAS DAYAL, 33869, 1090909, Roads, 0, 0, 0, 0, 0, 0, 304614, 304614
2015, RAJASTHAN, 8, ALWAR, 78, BANSUR, 1157, BAS DAYAL, 33869, 1090909, Rural electrification, 0, 0, 0, 0, 0, 0, 398440, 398440
2015, RAJASTHAN, 8, ALWAR, 78, BANSUR, 1157, BAS DAYAL, 33869, 1090909, Total, 0, 0, 0, 0, 0, 0, 703054, 703054
2015, RAJASTHAN, 8, ALWAR, 78, BANSUR, 1157, BHAGGOO KA BAS, 33870, 1101223, Drinking water, 0, 0, 0, 0, 0, 0, 486102, 486102
2015, RAJASTHAN, 8, ALWAR, 78, BANSUR, 1157, BHAGGOO KA BAS, 33870, 1101223, Total, 0, 0, 0, 0, 0, 0, 486102, 486102
2015, RAJASTHAN, 8, ALWAR, 78, BANSUR, 1157, BHOOPSERA, 33871, 1090908, Drinking water, 0, 0, 0, 0, 0, 0, 236861, 236861
2015, RAJASTHAN, 8, ALWAR, 78, BANSUR, 1157, BHOOPSERA, 33871, 1090908, Roads, 0, 0, 0, 0, 0, 0, 589155, 589155
2015, RAJASTHAN, 8, ALWAR, 78, BANSUR, 1157, BHOOPSERA, 33871, 1090908, Rural electrification, 0, 0, 0, 0, 0, 0, 370800, 370800
2015, RAJASTHAN, 8, ALWAR, 78, BANSUR, 1157, BHOOPSERA, 33871, 1090908, Sanitation, 0, 0, 0, 0, 0, 0, 103466, 103466
2015, RAJASTHAN, 8, ALWAR, 78, BANSUR, 1157, BHOOPSERA, 33871, 1090908, Total, 0, 0, 0, 0, 0, 0, 1300282, 1300282
2015, RAJASTHAN, 8, ALWAR, 78, BANSUR, 1157, BILALI, 33872, 1101219, Drinking water, 0, 0, 0, 0, 0, 0, 699019, 699019
2015, RAJASTHAN, 8, ALWAR, 78, BANSUR, 1157, BILALI, 33872, 1101219, Roads, 0, 0, 0, 0, 0, 0, 1078442, 1078442
2015, RAJASTHAN, 8, ALWAR, 78, BANSUR, 1157, BILALI, 33872, 1101219, Total, 0, 0, 0, 0, 0, 0, 1777461, 1777461
2015, RAJASTHAN, 8, ALWAR, 78, BANSUR, 1157, BUTERI, 33873, 1090916, Roads, 0, 0, 0, 0, 0, 0, 388662, 388662
2015, RAJASTHAN, 8, ALWAR, 78, BANSUR, 1157, BUTERI, 33873, 1090916, Total, 0, 0, 0, 0, 0, 0, 388662, 388662
2015, RAJASTHAN, 8, ALWAR, 78, BANSUR, 1157, CHATARPURA, 33874, 1090917, Roads, 0, 0, 0, 0, 0, 0, 1073791, 1073791
2015, RAJASTHAN, 8, ALWAR, 78, BANSUR, 1157, CHATARPURA, 33874, 1090917, Total, 0, 0, 0, 0, 0, 0, 1073791, 1073791
2015, RAJASTHAN, 8, ALWAR, 78, BANSUR, 1157, CHHEEND, 33875, 1153383, Roads, 0, 0, 0, 0, 0, 0, 595732, 595732
2015, RAJASTHAN, 8, ALWAR, 78, BANSUR, 1157, CHHEEND, 33875, 1153383, Total, 0, 0, 0, 0, 0, 0, 595732, 595732
2015, RAJASTHAN, 8, ALWAR, 78, BANSUR, 1157, CHOOLA, 33876, 1115336, Roads, 0, 0, 0, 0, 0, 0, 4080000, 4080000
2015, RAJASTHAN, 8, ALWAR, 78, BANSUR, 1157, CHOOLA, 33876, 1115336, Social welfare, 0, 0, 0, 0, 0, 0, 500000, 500000
2015, RAJASTHAN, 8, ALWAR, 78, BANSUR, 1157, CHOOLA, 33876, 1115336, Total, 0, 0, 0, 0, 0, 0, 4580000, 4580000
2015, RAJASTHAN, 8, ALWAR, 78, BANSUR, 1157, DEOSAN, 33877, 1163562, Roads, 0, 0, 0, 0, 0, 0, 800000, 800000
2015, RAJASTHAN, 8, ALWAR, 78, BANSUR, 1157, DEOSAN, 33877, 1163562, Total, 0, 0, 0, 0, 0, 0, 800000, 800000
2015, RAJASTHAN, 8, ALWAR, 78, BANSUR, 1157, GIROODI, 33878, 1117346, Drinking water, 0, 0, 0, 0, 0, 0, 352076, 352076
2015, RAJASTHAN, 8, ALWAR, 78, BANSUR, 1157, GIROODI, 33878, 1117346, Roads, 0, 0, 0, 0, 0, 0, 2842389, 2842389
2015, RAJASTHAN, 8, ALWAR, 78, BANSUR, 1157, GIROODI, 33878, 1117346, Rural electrification, 0, 0, 0, 0, 0, 0, 851000, 851000
2015, RAJASTHAN, 8, ALWAR, 78, BANSUR, 1157, GIROODI, 33878, 1117346, Sanitation, 0, 0, 0, 0, 0, 0, 22000, 22000
2015, RAJASTHAN, 8, ALWAR, 78, BANSUR, 1157, GIROODI, 33878, 1117346, Social welfare, 0, 0, 0, 0, 0, 0, 74404, 74404
2015, RAJASTHAN, 8, ALWAR, 78, BANSUR, 1157, GIROODI, 33878, 1117346, Total, 0, 0, 0, 0, 0, 0, 4141869, 4141869
2015, RAJASTHAN, 8, ALWAR, 78, BANSUR, 1157, GOONTA, 33879, 1150396, Roads, 0, 0, 0, 0, 0, 0, 550000, 550000
2015, RAJASTHAN, 8, ALWAR, 78, BANSUR, 1157, GOONTA, 33879, 1150396, Total, 0, 0, 0, 0, 0, 0, 550000, 550000
2015, RAJASTHAN, 8, ALWAR, 78, BANSUR, 1157, GYANPURA, 33880, 1090914, Drinking water, 0, 0, 0, 0, 0, 0, 1003990, 1003990
2015, RAJASTHAN, 8, ALWAR, 78, BANSUR, 1157, GYANPURA, 33880, 1090914, Roads, 0, 0, 0, 0, 0, 0, 1397663, 1397663
2015, RAJASTHAN, 8, ALWAR, 78, BANSUR, 1157, GYANPURA, 33880, 1090914, Sanitation, 0, 0, 0, 0, 0, 0, 399984, 399984
2015, RAJASTHAN, 8, ALWAR, 78, BANSUR, 1157, GYANPURA, 33880, 1090914, Total, 0, 0, 0, 0, 0, 0, 2801637, 2801637
2015, RAJASTHAN, 8, ALWAR, 78, BANSUR, 1157, HAJIPUR, 33881, 1111161, Drinking water, 0, 0, 0, 0, 0, 0, 1427400, 1427400
2015, RAJASTHAN, 8, ALWAR, 78, BANSUR, 1157, HAJIPUR, 33881, 1111161, Roads, 0, 0, 0, 0, 0, 0, 71398, 71398
2015, RAJASTHAN, 8, ALWAR, 78, BANSUR, 1157, HAJIPUR, 33881, 1111161, Social welfare, 0, 0, 0, 0, 0, 0, 1198946, 1198946
2015, RAJASTHAN, 8, ALWAR, 78, BANSUR, 1157, HAJIPUR, 33881, 1111161, Total, 0, 0, 0, 0, 0, 0, 2697744, 2697744
2015, RAJASTHAN, 8, ALWAR, 78, BANSUR, 1157, HAMEERPUR, 33882, 1122850, Drinking water, 0, 0, 0, 0, 0, 0, 6500, 6500
2015, RAJASTHAN, 8, ALWAR, 78, BANSUR, 1157, HAMEERPUR, 33882, 1122850, Rural electrification, 0, 0, 0, 0, 0, 0, 509175, 509175
2015, RAJASTHAN, 8, ALWAR, 78, BANSUR, 1157, HAMEERPUR, 33882, 1122850, Sanitation, 0, 0, 0, 0, 0, 0, 133200, 133200
2015, RAJASTHAN, 8, ALWAR, 78, BANSUR, 1157, HAMEERPUR, 33882, 1122850, Social forestry and farm forestry, 0, 0, 0, 0, 0, 0, 12300, 12300
2015, RAJASTHAN, 8, ALWAR, 78, BANSUR, 1157, HAMEERPUR, 33882, 1122850, Social welfare, 0, 0, 0, 0, 0, 0, 491068, 491068
2015, RAJASTHAN, 8, ALWAR, 78, BANSUR, 1157, HAMEERPUR, 33882, 1122850, Total, 0, 0, 0, 0, 0, 0, 1152243, 1152243
2015, RAJASTHAN, 8, ALWAR, 78, BANSUR, 1157, HARSORA, 33883, 1090918, Rural electrification, 0, 0, 0, 0, 0, 0, 532000, 532000
2015, RAJASTHAN, 8, ALWAR, 78, BANSUR, 1157, HARSORA, 33883, 1090918, Rural housing, 0, 0, 0, 0, 0, 0, 845000, 845000
2015, RAJASTHAN, 8, ALWAR, 78, BANSUR, 1157, HARSORA, 33883, 1090918, Total, 0, 0, 0, 0, 0, 0, 1377000, 1377000
2015, RAJASTHAN, 8, ALWAR, 78, BANSUR, 1157, HOLAWAS, 33884, 1101021, Drinking water, 0, 0, 0, 0, 0, 0, 42249, 42249
2015, RAJASTHAN, 8, ALWAR, 78, BANSUR, 1157, HOLAWAS, 33884, 1101021, Roads, 0, 0, 0, 0, 0, 0, 501599, 501599
2015, RAJASTHAN, 8, ALWAR, 78, BANSUR, 1157, HOLAWAS, 33884, 1101021, Rural electrification, 0, 0, 0, 0, 0, 0, 266400, 266400
2015, RAJASTHAN, 8, ALWAR, 78, BANSUR, 1157, HOLAWAS, 33884, 1101021, Total, 0, 0, 0, 0, 0, 0, 810248, 810248
2015, RAJASTHAN, 8, ALWAR, 78, BANSUR, 1157, KASBA BANSUR, 33868, 1163775, Drinking water, 0, 0, 0, 0, 0, 0, 503852, 503852
2015, RAJASTHAN, 8, ALWAR, 78, BANSUR, 1157, KASBA BANSUR, 33868, 1163775, Roads, 0, 0, 0, 0, 0, 0, 544994, 544994
2015, RAJASTHAN, 8, ALWAR, 78, BANSUR, 1157, KASBA BANSUR, 33868, 1163775, Rural housing, 0, 0, 0, 0, 0, 0, 173726, 173726
2015, RAJASTHAN, 8, ALWAR, 78, BANSUR, 1157, KASBA BANSUR, 33868, 1163775, Sanitation, 0, 0, 0, 0, 0, 0, 60517, 60517
2015, RAJASTHAN, 8, ALWAR, 78, BANSUR, 1157, KASBA BANSUR, 33868, 1163775, Total, 0, 0, 0, 0, 0, 0, 1283089, 1283089
2015, RAJASTHAN, 8, ALWAR, 78, BANSUR, 1157, KHERA, 33886, 1153357, Drinking water, 0, 0, 0, 0, 0, 0, 124204, 124204
2015, RAJASTHAN, 8, ALWAR, 78, BANSUR, 1157, KHERA, 33886, 1153357, Roads, 0, 0, 0, 0, 0, 0, 2102591, 2102591
2015, RAJASTHAN, 8, ALWAR, 78, BANSUR, 1157, KHERA, 33886, 1153357, Rural electrification, 0, 0, 0, 0, 0, 0, 515276, 515276
2015, RAJASTHAN, 8, ALWAR, 78, BANSUR, 1157, KHERA, 33886, 1153357, Sanitation, 0, 0, 0, 0, 0, 0, 191785, 191785
2015, RAJASTHAN, 8, ALWAR, 78, BANSUR, 1157, KHERA, 33886, 1153357, Social welfare, 0, 0, 0, 0, 0, 0, 176042, 176042
2015, RAJASTHAN, 8, ALWAR, 78, BANSUR, 1157, KHERA, 33886, 1153357, Total, 0, 0, 0, 0, 0, 0, 3109898, 3109898
2015, RAJASTHAN, 8, ALWAR, 78, BANSUR, 1157, KHOHRI, 33887, 1090904, Roads, 0, 0, 0, 0, 0, 0, 421048, 421048
2015, RAJASTHAN, 8, ALWAR, 78, BANSUR, 1157, KHOHRI, 33887, 1090904, Total, 0, 0, 0, 0, 0, 0, 421048, 421048
2015, RAJASTHAN, 8, ALWAR, 78, BANSUR, 1157, LEKRI, 33888, 1117308, Roads, 0, 0, 0, 0, 0, 0, 3151387, 3151387
2015, RAJASTHAN, 8, ALWAR, 78, BANSUR, 1157, LEKRI, 33888, 1117308, Rural electrification, 0, 0, 0, 0, 0, 0, 310000, 310000
2015, RAJASTHAN, 8, ALWAR, 78, BANSUR, 1157, LEKRI, 33888, 1117308, Social welfare, 0, 0, 0, 0, 0, 0, 834500, 834500
2015, RAJASTHAN, 8, ALWAR, 78, BANSUR, 1157, LEKRI, 33888, 1117308, Total, 0, 0, 0, 0, 0, 0, 4295887, 4295887
2015, RAJASTHAN, 8, ALWAR, 78, BANSUR, 1157, LOYATI, 33889, 1090905, Social welfare, 0, 0, 0, 0, 0, 0, 941742, 941742
2015, RAJASTHAN, 8, ALWAR, 78, BANSUR, 1157, LOYATI, 33889, 1090905, Total, 0, 0, 0, 0, 0, 0, 941742, 941742
2015, RAJASTHAN, 8, ALWAR, 78, BANSUR, 1157, MAHANPUR, 33891, 1090922, Roads, 0, 0, 0, 0, 0, 0, 174507, 174507
2015, RAJASTHAN, 8, ALWAR, 78, BANSUR, 1157, MAHANPUR, 33891, 1090922, Rural electrification, 0, 0, 0, 0, 0, 0, 355000, 355000
2015, RAJASTHAN, 8, ALWAR, 78, BANSUR, 1157, MAHANPUR, 33891, 1090922, Sanitation, 0, 0, 0, 0, 0, 0, 230426, 230426
2015, RAJASTHAN, 8, ALWAR, 78, BANSUR, 1157, MAHANPUR, 33891, 1090922, Total, 0, 0, 0, 0, 0, 0, 759933, 759933
2015, RAJASTHAN, 8, ALWAR, 78, BANSUR, 1157, MAJRA AHEER, 33890, 1093718, Drinking water, 0, 0, 0, 0, 0, 0, 26212, 26212
2015, RAJASTHAN, 8, ALWAR, 78, BANSUR, 1157, MAJRA AHEER, 33890, 1093718, Roads, 0, 0, 0, 0, 0, 0, 1073740, 1073740
2015, RAJASTHAN, 8, ALWAR, 78, BANSUR, 1157, MAJRA AHEER, 33890, 1093718, Social welfare, 0, 0, 0, 0, 0, 0, 239156, 239156
2015, RAJASTHAN, 8, ALWAR, 78, BANSUR, 1157, MAJRA AHEER, 33890, 1093718, Total, 0, 0, 0, 0, 0, 0, 1339108, 1339108
2015, RAJASTHAN, 8, ALWAR, 78, BANSUR, 1157, MOTHOOKA, 33892, 1117341, Drinking water, 0, 0, 0, 0, 0, 0, 46234, 46234
2015, RAJASTHAN, 8, ALWAR, 78, BANSUR, 1157, MOTHOOKA, 33892, 1117341, Roads, 0, 0, 0, 0, 0, 0, 1269957, 1269957
2015, RAJASTHAN, 8, ALWAR, 78, BANSUR, 1157, MOTHOOKA, 33892, 1117341, Rural electrification, 0, 0, 0, 0, 0, 0, 480926, 480926
2015, RAJASTHAN, 8, ALWAR, 78, BANSUR, 1157, MOTHOOKA, 33892, 1117341, Social welfare, 0, 0, 0, 0, 0, 0, 24370, 24370
2015, RAJASTHAN, 8, ALWAR, 78, BANSUR, 1157, MOTHOOKA, 33892, 1117341, Total, 0, 0, 0, 0, 0, 0, 1821487, 1821487
2015, RAJASTHAN, 8, ALWAR, 78, BANSUR, 1157, NANGAL LAKHA, 33893, 1111143, Health, 0, 0, 0, 0, 0, 0, 79764, 79764
2015, RAJASTHAN, 8, ALWAR, 78, BANSUR, 1157, NANGAL LAKHA, 33893, 1111143, Roads, 0, 0, 0, 0, 0, 0, 2383517, 2383517
2015, RAJASTHAN, 8, ALWAR, 78, BANSUR, 1157, NANGAL LAKHA, 33893, 1111143, Total, 0, 0, 0, 0, 0, 0, 2463281, 2463281
2015, RAJASTHAN, 8, ALWAR, 78, BANSUR, 1157, NAYA BAS, 33894, 1115362, Drinking water, 0, 0, 0, 0, 0, 0, 171843, 171843
2015, RAJASTHAN, 8, ALWAR, 78, BANSUR, 1157, NAYA BAS, 33894, 1115362, Roads, 0, 0, 0, 0, 0, 0, 1142763, 1142763
2015, RAJASTHAN, 8, ALWAR, 78, BANSUR, 1157, NAYA BAS, 33894, 1115362, Sanitation, 0, 0, 0, 0, 0, 0, 326616, 326616
2015, RAJASTHAN, 8, ALWAR, 78, BANSUR, 1157, NAYA BAS, 33894, 1115362, Total, 0, 0, 0, 0, 0, 0, 1641222, 1641222
2015, RAJASTHAN, 8, ALWAR, 78, BANSUR, 1157, NEEMOOCHANA, 33895, 1090902, Roads, 0, 0, 0, 0, 0, 0, 1419057, 1419057
2015, RAJASTHAN, 8, ALWAR, 78, BANSUR, 1157, NEEMOOCHANA, 33895, 1090902, Rural electrification, 0, 0, 0, 0, 0, 0, 654470, 654470
2015, RAJASTHAN, 8, ALWAR, 78, BANSUR, 1157, NEEMOOCHANA, 33895, 1090902, Sanitation, 0, 0, 0, 0, 0, 0, 604804, 604804
2015, RAJASTHAN, 8, ALWAR, 78, BANSUR, 1157, NEEMOOCHANA, 33895, 1090902, Total, 0, 0, 0, 0, 0, 0, 2747219, 2747219
2015, RAJASTHAN, 8, ALWAR, 78, BANSUR, 1157, NEEMOOCHANA, 33895, 1090902, Welfare of the weaker sections, 0, 0, 0, 0, 0, 0, 68888, 68888
2015, RAJASTHAN, 8, ALWAR, 78, BANSUR, 1157, RAMPUR, 33896, 1117316, Roads, 0, 0, 0, 0, 0, 0, 2000000, 2000000
2015, RAJASTHAN, 8, ALWAR, 78, BANSUR, 1157, RAMPUR, 33896, 1117316, Sanitation, 0, 0, 0, 0, 0, 0, 850000, 850000
2015, RAJASTHAN, 8, ALWAR, 78, BANSUR, 1157, RAMPUR, 33896, 1117316, Total, 0, 0, 0, 0, 0, 0, 2850000, 2850000
2015, RAJASTHAN, 8, ALWAR, 78, BANSUR, 1157, RASNALI, 262625, 1101059, Rural electrification, 0, 0, 0, 0, 0, 0, 333000, 333000
2015, RAJASTHAN, 8, ALWAR, 78, BANSUR, 1157, RASNALI, 262625, 1101059, Social welfare, 0, 0, 0, 0, 0, 0, 179347, 179347
2015, RAJASTHAN, 8, ALWAR, 78, BANSUR, 1157, RASNALI, 262625, 1101059, Total, 0, 0, 0, 0, 0, 0, 512347, 512347
2015, RAJASTHAN, 8, ALWAR, 78, BANSUR, 1157, RATANPURA KARANA, 33885, 1090911, Drinking water, 0, 0, 0, 0, 0, 0, 149228, 149228
2015, RAJASTHAN, 8, ALWAR, 78, BANSUR, 1157, RATANPURA KARANA, 33885, 1090911, Roads, 0, 0, 0, 0, 0, 0, 892830, 892830
2015, RAJASTHAN, 8, ALWAR, 78, BANSUR, 1157, RATANPURA KARANA, 33885, 1090911, Total, 0, 0, 0, 0, 0, 0, 1042058, 1042058
2015, RAJASTHAN, 8, ALWAR, 78, BANSUR, 1157, SABALPURA, 262616, 1101067, Drinking water, 0, 0, 0, 0, 0, 0, 62756, 62756
2015, RAJASTHAN, 8, ALWAR, 78, BANSUR, 1157, SABALPURA, 262616, 1101067, Social welfare, 0, 0, 0, 0, 0, 0, 3398, 3398
2015, RAJASTHAN, 8, ALWAR, 78, BANSUR, 1157, SABALPURA, 262616, 1101067, Total, 0, 0, 0, 0, 0, 0, 66154, 66154
2015, RAJASTHAN, 8, ALWAR, 78, BANSUR, 1157, SHAHPUR, 33897, 1163568, Drinking water, 0, 0, 0, 0, 0, 0, 250000, 250000
2015, RAJASTHAN, 8, ALWAR, 78, BANSUR, 1157, SHAHPUR, 33897, 1163568, Roads, 0, 0, 0, 0, 0, 0, 500000, 500000
2015, RAJASTHAN, 8, ALWAR, 78, BANSUR, 1157, SHAHPUR, 33897, 1163568, Total, 0, 0, 0, 0, 0, 0, 750000, 750000
2015, RAJASTHAN, 8, ALWAR, 78, BANSUR, 1157, SHYAMPURA, 33898, 1090921, Sanitation, 0, 0, 0, 0, 0, 0, 94287, 94287
2015, RAJASTHAN, 8, ALWAR, 78, BANSUR, 1157, SHYAMPURA, 33898, 1090921, Social welfare, 0, 0, 0, 0, 0, 0, 84813, 84813
2015, RAJASTHAN, 8, ALWAR, 78, BANSUR, 1157, SHYAMPURA, 33898, 1090921, Total, 0, 0, 0, 0, 0, 0, 179100, 179100
2015, RAJASTHAN, 8, ALWAR, 78, BEHROR, 1158, ANTPURA, 33899, 1099739, Roads, 0, 0, 0, 0, 0, 0, 600000, 600000
2015, RAJASTHAN, 8, ALWAR, 78, BEHROR, 1158, ANTPURA, 33899, 1099739, Sanitation, 0, 0, 0, 0, 0, 0, 271879, 271879
2015, RAJASTHAN, 8, ALWAR, 78, BEHROR, 1158, ANTPURA, 33899, 1099739, Total, 0, 0, 0, 0, 0, 0, 871879, 871879
2015, RAJASTHAN, 8, ALWAR, 78, BEHROR, 1158, BARDOD, 33900, 1101782, Drinking water, 0, 0, 0, 0, 0, 0, 1000000, 1000000
2015, RAJASTHAN, 8, ALWAR, 78, BEHROR, 1158, BARDOD, 33900, 1101782, Maintenance of community system, 0, 0, 0, 0, 0, 0, 1500000, 1500000
2015, RAJASTHAN, 8, ALWAR, 78, BEHROR, 1158, BARDOD, 33900, 1101782, Rural electrification, 0, 0, 0, 0, 0, 0, 316188, 316188
2015, RAJASTHAN, 8, ALWAR, 78, BEHROR, 1158, BARDOD, 33900, 1101782, Sanitation, 0, 0, 0, 0, 0, 0, 700000, 700000
2015, RAJASTHAN, 8, ALWAR, 78, BEHROR, 1158, BARDOD, 33900, 1101782, Total, 0, 0, 0, 0, 0, 0, 3516188, 3516188
2015, RAJASTHAN, 8, ALWAR, 78, BEHROR, 1158, BASAI, 33901, 1099654, Roads, 0, 0, 0, 0, 0, 0, 600000, 600000
2015, RAJASTHAN, 8, ALWAR, 78, BEHROR, 1158, BASAI, 33901, 1099654, Sanitation, 0, 0, 0, 0, 0, 0, 330503, 330503
2015, RAJASTHAN, 8, ALWAR, 78, BEHROR, 1158, BASAI, 33901, 1099654, Total, 0, 0, 0, 0, 0, 0, 930503, 930503
2015, RAJASTHAN, 8, ALWAR, 78, BEHROR, 1158, BHAGWARI KHURD, 33902, 1101789, Roads, 0, 0, 0, 0, 0, 0, 700000, 700000
2015, RAJASTHAN, 8, ALWAR, 78, BEHROR, 1158, BHAGWARI KHURD, 33902, 1101789, Sanitation, 0, 0, 0, 0, 0, 0, 238635, 238635
2015, RAJASTHAN, 8, ALWAR, 78, BEHROR, 1158, BHAGWARI KHURD, 33902, 1101789, Total, 0, 0, 0, 0, 0, 0, 938635, 938635
2015, RAJASTHAN, 8, ALWAR, 78, BEHROR, 1158, BOORHWAL, 33903, 1103009, Drinking water, 0, 0, 0, 0, 0, 0, 221436, 221436
2015, RAJASTHAN, 8, ALWAR, 78, BEHROR, 1158, BOORHWAL, 33903, 1103009, Roads, 0, 0, 0, 0, 0, 0, 800000, 800000
2015, RAJASTHAN, 8, ALWAR, 78, BEHROR, 1158, BOORHWAL, 33903, 1103009, Total, 0, 0, 0, 0, 0, 0, 1021436, 1021436
2015, RAJASTHAN, 8, ALWAR, 78, BEHROR, 1158, DAHMI, 262628, 1101722, Roads, 0, 0, 0, 0, 0, 0, 1000000, 1000000
2015, RAJASTHAN, 8, ALWAR, 78, BEHROR, 1158, DAHMI, 262628, 1101722, Sanitation, 0, 0, 0, 0, 0, 0, 357993, 357993
2015, RAJASTHAN, 8, ALWAR, 78, BEHROR, 1158, DAHMI, 262628, 1101722, Total, 0, 0, 0, 0, 0, 0, 1357993, 1357993
2015, RAJASTHAN, 8, ALWAR, 78, BEHROR, 1158, DHOONDHARIYA, 33904, 1103011, Drinking water, 0, 0, 0, 0, 0, 0, 573856, 573856
2015, RAJASTHAN, 8, ALWAR, 78, BEHROR, 1158, DHOONDHARIYA, 33904, 1103011, Roads, 0, 0, 0, 0, 0, 0, 500000, 500000
2015, RAJASTHAN, 8, ALWAR, 78, BEHROR, 1158, DHOONDHARIYA, 33904, 1103011, Total, 0, 0, 0, 0, 0, 0, 1073856, 1073856
2015, RAJASTHAN, 8, ALWAR, 78, BEHROR, 1158, GADHOJ, 33905, 1099805, Roads, 0, 0, 0, 0, 0, 0, 1000000, 1000000
2015, RAJASTHAN, 8, ALWAR, 78, BEHROR, 1158, GADHOJ, 33905, 1099805, Sanitation, 0, 0, 0, 0, 0, 0, 262566, 262566
2015, RAJASTHAN, 8, ALWAR, 78, BEHROR, 1158, GADHOJ, 33905, 1099805, Total, 0, 0, 0, 0, 0, 0, 1262566, 1262566
2015, RAJASTHAN, 8, ALWAR, 78, BEHROR, 1158, GANDALA, 33906, 1099774, Drinking water, 0, 0, 0, 0, 0, 0, 436943, 436943
2015, RAJASTHAN, 8, ALWAR, 78, BEHROR, 1158, GANDALA, 33906, 1099774, Roads, 0, 0, 0, 0, 0, 0, 1000000, 1000000
2015, RAJASTHAN, 8, ALWAR, 78, BEHROR, 1158, GANDALA, 33906, 1099774, Total, 0, 0, 0, 0, 0, 0, 1436943, 1436943
2015, RAJASTHAN, 8, ALWAR, 78, BEHROR, 1158, GOONTI, 33908, 1099251, Drinking water, 0, 0, 0, 0, 0, 0, 678502, 678502
2015, RAJASTHAN, 8, ALWAR, 78, BEHROR, 1158, GOONTI, 33908, 1099251, Roads, 0, 0, 0, 0, 0, 0, 677778, 677778
2015, RAJASTHAN, 8, ALWAR, 78, BEHROR, 1158, GOONTI, 33908, 1099251, Total, 0, 0, 0, 0, 0, 0, 1356280, 1356280
2015, RAJASTHAN, 8, ALWAR, 78, BEHROR, 1158, GUJARWAS, 33907, 1101639, Roads, 0, 0, 0, 0, 0, 0, 800000, 800000
2015, RAJASTHAN, 8, ALWAR, 78, BEHROR, 1158, GUJARWAS, 33907, 1101639, Sanitation, 0, 0, 0, 0, 0, 0, 220152, 220152
2015, RAJASTHAN, 8, ALWAR, 78, BEHROR, 1158, GUJARWAS, 33907, 1101639, Total, 0, 0, 0, 0, 0, 0, 1020152, 1020152
2015, RAJASTHAN, 8, ALWAR, 78, BEHROR, 1158, HAMEEDPUR, 33909, 1101561, Drinking water, 0, 0, 0, 0, 0, 0, 254171, 254171
2015, RAJASTHAN, 8, ALWAR, 78, BEHROR, 1158, HAMEEDPUR, 33909, 1101561, Roads, 0, 0, 0, 0, 0, 0, 800000, 800000
2015, RAJASTHAN, 8, ALWAR, 78, BEHROR, 1158, HAMEEDPUR, 33909, 1101561, Total, 0, 0, 0, 0, 0, 0, 1054171, 1054171
2015, RAJASTHAN, 8, ALWAR, 78, BEHROR, 1158, JAGUWAS, 33910, 1099075, Drinking water, 0, 0, 0, 0, 0, 0, 245237, 245237
2015, RAJASTHAN, 8, ALWAR, 78, BEHROR, 1158, JAGUWAS, 33910, 1099075, Roads, 0, 0, 0, 0, 0, 0, 1000000, 1000000
2015, RAJASTHAN, 8, ALWAR, 78, BEHROR, 1158, JAGUWAS, 33910, 1099075, Total, 0, 0, 0, 0, 0, 0, 1245237, 1245237
2015, RAJASTHAN, 8, ALWAR, 78, BEHROR, 1158, JAINPURWAS, 33911, 1099669, Roads, 0, 0, 0, 0, 0, 0, 700000, 700000
2015, RAJASTHAN, 8, ALWAR, 78, BEHROR, 1158, JAINPURWAS, 33911, 1099669, Sanitation, 0, 0, 0, 0, 0, 0, 203331, 203331
2015, RAJASTHAN, 8, ALWAR, 78, BEHROR, 1158, JAINPURWAS, 33911, 1099669, Total, 0, 0, 0, 0, 0, 0, 903331, 903331
2015, RAJASTHAN, 8, ALWAR, 78, BEHROR, 1158, JAKHRANA KALAN, 33912, 1101541, Roads, 0, 0, 0, 0, 0, 0, 1000000, 1000000
2015, RAJASTHAN, 8, ALWAR, 78, BEHROR, 1158, JAKHRANA KALAN, 33912, 1101541, Sanitation, 0, 0, 0, 0, 0, 0, 100386, 100386
2015, RAJASTHAN, 8, ALWAR, 78, BEHROR, 1158, JAKHRANA KALAN, 33912, 1101541, Total, 0, 0, 0, 0, 0, 0, 1100386, 1100386
2015, RAJASTHAN, 8, ALWAR, 78, BEHROR, 1158, JAT GAONRA, 33913, 1099713, Roads, 0, 0, 0, 0, 0, 0, 700000, 700000
2015, RAJASTHAN, 8, ALWAR, 78, BEHROR, 1158, JAT GAONRA, 33913, 1099713, Sanitation, 0, 0, 0, 0, 0, 0, 187284, 187284
2015, RAJASTHAN, 8, ALWAR, 78, BEHROR, 1158, JAT GAONRA, 33913, 1099713, Total, 0, 0, 0, 0, 0, 0, 887284, 887284
2015, RAJASTHAN, 8, ALWAR, 78, BEHROR, 1158, KANKAR DOPA, 33914, 1099754, Roads, 0, 0, 0, 0, 0, 0, 1000000, 1000000
2015, RAJASTHAN, 8, ALWAR, 78, BEHROR, 1158, KANKAR DOPA, 33914, 1099754, Sanitation, 0, 0, 0, 0, 0, 0, 103382, 103382
2015, RAJASTHAN, 8, ALWAR, 78, BEHROR, 1158, KANKAR DOPA, 33914, 1099754, Total, 0, 0, 0, 0, 0, 0, 1103382, 1103382
2015, RAJASTHAN, 8, ALWAR, 78, BEHROR, 1158, KARODA, 33915, 1099243, Drinking water, 0, 0, 0, 0, 0, 0, 500000, 500000
2015, RAJASTHAN, 8, ALWAR, 78, BEHROR, 1158, KARODA, 33915, 1099243, Roads, 0, 0, 0, 0, 0, 0, 814010, 814010
2015, RAJASTHAN, 8, ALWAR, 78, BEHROR, 1158, KARODA, 33915, 1099243, Sanitation, 0, 0, 0, 0, 0, 0, 313141, 313141
2015, RAJASTHAN, 8, ALWAR, 78, BEHROR, 1158, KARODA, 33915, 1099243, Total, 0, 0, 0, 0, 0, 0, 1627151, 1627151
2015, RAJASTHAN, 8, ALWAR, 78, BEHROR, 1158, KHOHAR, 33916, 1103018, Roads, 0, 0, 0, 0, 0, 0, 536627, 536627
2015, RAJASTHAN, 8, ALWAR, 78, BEHROR, 1158, KHOHAR, 33916, 1103018, Sanitation, 0, 0, 0, 0, 0, 0, 500000, 500000
2015, RAJASTHAN, 8, ALWAR, 78, BEHROR, 1158, KHOHAR, 33916, 1103018, Total, 0, 0, 0, 0, 0, 0, 1036627, 1036627
2015, RAJASTHAN, 8, ALWAR, 78, BEHROR, 1158, KHOHRI, 33917, 1103017, Roads, 0, 0, 0, 0, 0, 0, 1000000, 1000000
2015, RAJASTHAN, 8, ALWAR, 78, BEHROR, 1158, KHOHRI, 33917, 1103017, Sanitation, 0, 0, 0, 0, 0, 0, 346225, 346225
2015, RAJASTHAN, 8, ALWAR, 78, BEHROR, 1158, KHOHRI, 33917, 1103017, Total, 0, 0, 0, 0, 0, 0, 1346225, 1346225
2015, RAJASTHAN, 8, ALWAR, 78, BEHROR, 1158, KOHRANA, 33918, 1099250, Drinking water, 0, 0, 0, 0, 0, 0, 385667, 385667
2015, RAJASTHAN, 8, ALWAR, 78, BEHROR, 1158, KOHRANA, 33918, 1099250, Roads, 0, 0, 0, 0, 0, 0, 386079, 386079
2015, RAJASTHAN, 8, ALWAR, 78, BEHROR, 1158, KOHRANA, 33918, 1099250, Total, 0, 0, 0, 0, 0, 0, 771746, 771746
2015, RAJASTHAN, 8, ALWAR, 78, BEHROR, 1158, MACHAL, 33920, 1103022, Roads, 0, 0, 0, 0, 0, 0, 700000, 700000
2015, RAJASTHAN, 8, ALWAR, 78, BEHROR, 1158, MACHAL, 33920, 1103022, Sanitation, 0, 0, 0, 0, 0, 0, 301965, 301965
2015, RAJASTHAN, 8, ALWAR, 78, BEHROR, 1158, MACHAL, 33920, 1103022, Total, 0, 0, 0, 0, 0, 0, 1001965, 1001965
2015, RAJASTHAN, 8, ALWAR, 78, BEHROR, 1158, MAHARAJWAS, 33919, 1102714, Roads, 0, 0, 0, 0, 0, 0, 800000, 800000
2015, RAJASTHAN, 8, ALWAR, 78, BEHROR, 1158, MAHARAJWAS, 33919, 1102714, Sanitation, 0, 0, 0, 0, 0, 0, 175649, 175649
2015, RAJASTHAN, 8, ALWAR, 78, BEHROR, 1158, MAHARAJWAS, 33919, 1102714, Total, 0, 0, 0, 0, 0, 0, 975649, 975649
2015, RAJASTHAN, 8, ALWAR, 78, BEHROR, 1158, MOHAMMADPUR, 33921, 1099804, Roads, 0, 0, 0, 0, 0, 0, 600000, 600000
2015, RAJASTHAN, 8, ALWAR, 78, BEHROR, 1158, MOHAMMADPUR, 33921, 1099804, Sanitation, 0, 0, 0, 0, 0, 0, 324513, 324513
2015, RAJASTHAN, 8, ALWAR, 78, BEHROR, 1158, MOHAMMADPUR, 33921, 1099804, Total, 0, 0, 0, 0, 0, 0, 924513, 924513
2015, RAJASTHAN, 8, ALWAR, 78, BEHROR, 1158, NAGAL KHODIYA, 33922, 1103015, Roads, 0, 0, 0, 0, 0, 0, 500000, 500000
2015, RAJASTHAN, 8, ALWAR, 78, BEHROR, 1158, NAGAL KHODIYA, 33922, 1103015, Sanitation, 0, 0, 0, 0, 0, 0, 263189, 263189
2015, RAJASTHAN, 8, ALWAR, 78, BEHROR, 1158, NAGAL KHODIYA, 33922, 1103015, Total, 0, 0, 0, 0, 0, 0, 763189, 763189
2015, RAJASTHAN, 8, ALWAR, 78, BEHROR, 1158, PAHARI, 33923, 1101628, Roads, 0, 0, 0, 0, 0, 0, 600000, 600000
2015, RAJASTHAN, 8, ALWAR, 78, BEHROR, 1158, PAHARI, 33923, 1101628, Sanitation, 0, 0, 0, 0, 0, 0, 261610, 261610
2015, RAJASTHAN, 8, ALWAR, 78, BEHROR, 1158, PAHARI, 33923, 1101628, Total, 0, 0, 0, 0, 0, 0, 861610, 861610
2015, RAJASTHAN, 8, ALWAR, 78, BEHROR, 1158, RAMSINGHPURA, 33924, 1098985, Drinking water, 0, 0, 0, 0, 0, 0, 112156, 112156
2015, RAJASTHAN, 8, ALWAR, 78, BEHROR, 1158, RAMSINGHPURA, 33924, 1098985, Roads, 0, 0, 0, 0, 0, 0, 512703, 512703
2015, RAJASTHAN, 8, ALWAR, 78, BEHROR, 1158, RAMSINGHPURA, 33924, 1098985, Sanitation, 0, 0, 0, 0, 0, 0, 400000, 400000
2015, RAJASTHAN, 8, ALWAR, 78, BEHROR, 1158, RAMSINGHPURA, 33924, 1098985, Total, 0, 0, 0, 0, 0, 0, 1024859, 1024859
2015, RAJASTHAN, 8, ALWAR, 78, BEHROR, 1158, RIWALI, 33925, 1101798, Roads, 0, 0, 0, 0, 0, 0, 800000, 800000
2015, RAJASTHAN, 8, ALWAR, 78, BEHROR, 1158, RIWALI, 33925, 1101798, Sanitation, 0, 0, 0, 0, 0, 0, 201538, 201538
2015, RAJASTHAN, 8, ALWAR, 78, BEHROR, 1158, RIWALI, 33925, 1101798, Total, 0, 0, 0, 0, 0, 0, 1001538, 1001538
2015, RAJASTHAN, 8, ALWAR, 78, BEHROR, 1158, SHERPUR, 33926, 1099055, Drinking water, 0, 0, 0, 0, 0, 0, 90860, 90860
2015, RAJASTHAN, 8, ALWAR, 78, BEHROR, 1158, SHERPUR, 33926, 1099055, Roads, 0, 0, 0, 0, 0, 0, 1400000, 1400000
2015, RAJASTHAN, 8, ALWAR, 78, BEHROR, 1158, SHERPUR, 33926, 1099055, Total, 0, 0, 0, 0, 0, 0, 1490860, 1490860
2015, RAJASTHAN, 8, ALWAR, 78, BEHROR, 1158, TASEENG, 33927, 1101694, Roads, 0, 0, 0, 0, 0, 0, 400000, 400000
2015, RAJASTHAN, 8, ALWAR, 78, BEHROR, 1158, TASEENG, 33927, 1101694, Sanitation, 0, 0, 0, 0, 0, 0, 295792, 295792
2015, RAJASTHAN, 8, ALWAR, 78, BEHROR, 1158, TASEENG, 33927, 1101694, Total, 0, 0, 0, 0, 0, 0, 695792, 695792
2015, RAJASTHAN, 8, ALWAR, 78, KATHUMAR, 1159, ADOLI, 33928, 1098357, Roads, 0, 0, 0, 0, 0, 0, 1000000, 1000000
2015, RAJASTHAN, 8, ALWAR, 78, KATHUMAR, 1159, ADOLI, 33928, 1098357, Total, 0, 0, 0, 0, 0, 0, 1000000, 1000000
2015, RAJASTHAN, 8, ALWAR, 78, KATHUMAR, 1159, ARROOWA, 33929, 1095642, Cultural activities, 0, 0, 0, 0, 0, 0, 100000, 100000
2015, RAJASTHAN, 8, ALWAR, 78, KATHUMAR, 1159, ARROOWA, 33929, 1095642, Roads, 0, 0, 0, 0, 0, 0, 1938000, 1938000
2015, RAJASTHAN, 8, ALWAR, 78, KATHUMAR, 1159, ARROOWA, 33929, 1095642, Total, 0, 0, 0, 0, 0, 0, 2038000, 2038000
2015, RAJASTHAN, 8, ALWAR, 78, KATHUMAR, 1159, BAHRAMPURA, 33931, 1092208, Roads, 0, 0, 0, 0, 0, 0, 2326791, 2326791
2015, RAJASTHAN, 8, ALWAR, 78, KATHUMAR, 1159, BAHRAMPURA, 33931, 1092208, Total, 0, 0, 0, 0, 0, 0, 2326791, 2326791
2015, RAJASTHAN, 8, ALWAR, 78, KATHUMAR, 1159, BAHTOO KALAN, 33930, 1092885, Roads, 0, 0, 0, 0, 0, 0, 1161392, 1161392
2015, RAJASTHAN, 8, ALWAR, 78, KATHUMAR, 1159, BAHTOO KALAN, 33930, 1092885, Total, 0, 0, 0, 0, 0, 0, 1161392, 1161392
2015, RAJASTHAN, 8, ALWAR, 78, KATHUMAR, 1159, BARODAKAN, 33932, 1094379, Drinking water, 0, 0, 0, 0, 0, 0, 258486, 258486
2015, RAJASTHAN, 8, ALWAR, 78, KATHUMAR, 1159, BARODAKAN, 33932, 1094379, Roads, 0, 0, 0, 0, 0, 0, 867657, 867657
2015, RAJASTHAN, 8, ALWAR, 78, KATHUMAR, 1159, BARODAKAN, 33932, 1094379, Total, 0, 0, 0, 0, 0, 0, 1126143, 1126143
2015, RAJASTHAN, 8, ALWAR, 78, KATHUMAR, 1159, BASETH, 33933, 1095635, Roads, 0, 0, 0, 0, 0, 0, 799613, 799613
2015, RAJASTHAN, 8, ALWAR, 78, KATHUMAR, 1159, BASETH, 33933, 1095635, Sanitation, 0, 0, 0, 0, 0, 0, 299539, 299539
2015, RAJASTHAN, 8, ALWAR, 78, KATHUMAR, 1159, BASETH, 33933, 1095635, Total, 0, 0, 0, 0, 0, 0, 1099152, 1099152
2015, RAJASTHAN, 8, ALWAR, 78, KATHUMAR, 1159, BERKA, 262600, 1093707, Roads, 0, 0, 0, 0, 0, 0, 1648284, 1648284
2015, RAJASTHAN, 8, ALWAR, 78, KATHUMAR, 1159, BERKA, 262600, 1093707, Sanitation, 0, 0, 0, 0, 0, 0, 177546, 177546
2015, RAJASTHAN, 8, ALWAR, 78, KATHUMAR, 1159, BERKA, 262600, 1093707, Total, 0, 0, 0, 0, 0, 0, 1825830, 1825830
2015, RAJASTHAN, 8, ALWAR, 78, KATHUMAR, 1159, BHANOKHAR, 33934, 1092847, Roads, 0, 0, 0, 0, 0, 0, 175039, 175039
2015, RAJASTHAN, 8, ALWAR, 78, KATHUMAR, 1159, BHANOKHAR, 33934, 1092847, Sanitation, 0, 0, 0, 0, 0, 0, 389597, 389597
2015, RAJASTHAN, 8, ALWAR, 78, KATHUMAR, 1159, BHANOKHAR, 33934, 1092847, Total, 0, 0, 0, 0, 0, 0, 564636, 564636
2015, RAJASTHAN, 8, ALWAR, 78, KATHUMAR, 1159, DANTIYA, 33935, 1088287, Public distribution system, 0, 0, 0, 0, 0, 0, 149727, 149727
2015, RAJASTHAN, 8, ALWAR, 78, KATHUMAR, 1159, DANTIYA, 33935, 1088287, Roads, 0, 0, 0, 0, 0, 0, 65838, 65838
2015, RAJASTHAN, 8, ALWAR, 78, KATHUMAR, 1159, DANTIYA, 33935, 1088287, Sanitation, 0, 0, 0, 0, 0, 0, 1095730, 1095730
2015, RAJASTHAN, 8, ALWAR, 78, KATHUMAR, 1159, DANTIYA, 33935, 1088287, Total, 0, 0, 0, 0, 0, 0, 1311295, 1311295
2015, RAJASTHAN, 8, ALWAR, 78, KATHUMAR, 1159, DARODA, 33936, 1091744, Roads, 0, 0, 0, 0, 0, 0, 199816, 199816
2015, RAJASTHAN, 8, ALWAR, 78, KATHUMAR, 1159, DARODA, 33936, 1091744, Sanitation, 0, 0, 0, 0, 0, 0, 90284, 90284
2015, RAJASTHAN, 8, ALWAR, 78, KATHUMAR, 1159, DARODA, 33936, 1091744, Total, 0, 0, 0, 0, 0, 0, 290100, 290100
2015, RAJASTHAN, 8, ALWAR, 78, KATHUMAR, 1159, DOROLI, 33937, 1098347, Drinking water, 0, 0, 0, 0, 0, 0, 13800, 13800
2015, RAJASTHAN, 8, ALWAR, 78, KATHUMAR, 1159, DOROLI, 33937, 1098347, Roads, 0, 0, 0, 0, 0, 0, 58240, 58240
2015, RAJASTHAN, 8, ALWAR, 78, KATHUMAR, 1159, DOROLI, 33937, 1098347, Total, 0, 0, 0, 0, 0, 0, 72040, 72040
2015, RAJASTHAN, 8, ALWAR, 78, KATHUMAR, 1159, GAROO, 33938, 1093377, Cultural activities, 0, 0, 0, 0, 0, 0, 22940, 22940
2015, RAJASTHAN, 8, ALWAR, 78, KATHUMAR, 1159, GAROO, 33938, 1093377, Roads, 0, 0, 0, 0, 0, 0, 481195, 481195
2015, RAJASTHAN, 8, ALWAR, 78, KATHUMAR, 1159, GAROO, 33938, 1093377, Total, 0, 0, 0, 0, 0, 0, 504135, 504135
2015, RAJASTHAN, 8, ALWAR, 78, KATHUMAR, 1159, ISHROTA, 33939, 1098348, Roads, 0, 0, 0, 0, 0, 0, 849565, 849565
2015, RAJASTHAN, 8, ALWAR, 78, KATHUMAR, 1159, ISHROTA, 33939, 1098348, Total, 0, 0, 0, 0, 0, 0, 849565, 849565
2015, RAJASTHAN, 8, ALWAR, 78, KATHUMAR, 1159, JADLA, 33941, 1095735, Cultural activities, 0, 0, 0, 0, 0, 0, 277910, 277910
2015, RAJASTHAN, 8, ALWAR, 78, KATHUMAR, 1159, JADLA, 33941, 1095735, Drinking water, 0, 0, 0, 0, 0, 0, 168096, 168096
2015, RAJASTHAN, 8, ALWAR, 78, KATHUMAR, 1159, JADLA, 33941, 1095735, Roads, 0, 0, 0, 0, 0, 0, 649982, 649982
2015, RAJASTHAN, 8, ALWAR, 78, KATHUMAR, 1159, JADLA, 33941, 1095735, Total, 0, 0, 0, 0, 0, 0, 1095988, 1095988
2015, RAJASTHAN, 8, ALWAR, 78, KATHUMAR, 1159, JAHADOO, 33940, 1087847, Drinking water, 0, 0, 0, 0, 0, 0, 214056, 214056
2015, RAJASTHAN, 8, ALWAR, 78, KATHUMAR, 1159, JAHADOO, 33940, 1087847, Roads, 0, 0, 0, 0, 0, 0, 249911, 249911
2015, RAJASTHAN, 8, ALWAR, 78, KATHUMAR, 1159, JAHADOO, 33940, 1087847, Sanitation, 0, 0, 0, 0, 0, 0, 468753, 468753
2015, RAJASTHAN, 8, ALWAR, 78, KATHUMAR, 1159, JAHADOO, 33940, 1087847, Total, 0, 0, 0, 0, 0, 0, 932720, 932720
2015, RAJASTHAN, 8, ALWAR, 78, KATHUMAR, 1159, JATWARA, 33942, 1092906, Cultural activities, 0, 0, 0, 0, 0, 0, 35250, 35250
2015, RAJASTHAN, 8, ALWAR, 78, KATHUMAR, 1159, JATWARA, 33942, 1092906, Public distribution system, 0, 0, 0, 0, 0, 0, 37075, 37075
2015, RAJASTHAN, 8, ALWAR, 78, KATHUMAR, 1159, JATWARA, 33942, 1092906, Roads, 0, 0, 0, 0, 0, 0, 248289, 248289
2015, RAJASTHAN, 8, ALWAR, 78, KATHUMAR, 1159, JATWARA, 33942, 1092906, Rural electrification, 0, 0, 0, 0, 0, 0, 23138, 23138
2015, RAJASTHAN, 8, ALWAR, 78, KATHUMAR, 1159, JATWARA, 33942, 1092906, Total, 0, 0, 0, 0, 0, 0, 343752, 343752
2015, RAJASTHAN, 8, ALWAR, 78, KATHUMAR, 1159, KALWARI, 33943, 1090572, Cultural activities, 0, 0, 0, 0, 0, 0, 163977, 163977
2015, RAJASTHAN, 8, ALWAR, 78, KATHUMAR, 1159, KALWARI, 33943, 1090572, Sanitation, 0, 0, 0, 0, 0, 0, 282942, 282942
2015, RAJASTHAN, 8, ALWAR, 78, KATHUMAR, 1159, KALWARI, 33943, 1090572, Total, 0, 0, 0, 0, 0, 0, 446919, 446919
2015, RAJASTHAN, 8, ALWAR, 78, KATHUMAR, 1159, KATHOOMAR, 33944, 1094721, Cultural activities, 0, 0, 0, 0, 0, 0, 326932, 326932
2015, RAJASTHAN, 8, ALWAR, 78, KATHUMAR, 1159, KATHOOMAR, 33944, 1094721, Public distribution system, 0, 0, 0, 0, 0, 0, 179004, 179004
2015, RAJASTHAN, 8, ALWAR, 78, KATHUMAR, 1159, KATHOOMAR, 33944, 1094721, Roads, 0, 0, 0, 0, 0, 0, 384458, 384458
2015, RAJASTHAN, 8, ALWAR, 78, KATHUMAR, 1159, KATHOOMAR, 33944, 1094721, Total, 0, 0, 0, 0, 0, 0, 890394, 890394
2015, RAJASTHAN, 8, ALWAR, 78, KATHUMAR, 1159, KHERA MEDA, 33946, 1091687, Roads, 0, 0, 0, 0, 0, 0, 822403, 822403
2015, RAJASTHAN, 8, ALWAR, 78, KATHUMAR, 1159, KHERA MEDA, 33946, 1091687, Total, 0, 0, 0, 0, 0, 0, 822403, 822403
2015, RAJASTHAN, 8, ALWAR, 78, KATHUMAR, 1159, KHERA TARF KALYANPURA, 33945, 1094726, Roads, 0, 0, 0, 0, 0, 0, 757767, 757767
2015, RAJASTHAN, 8, ALWAR, 78, KATHUMAR, 1159, KHERA TARF KALYANPURA, 33945, 1094726, Sanitation, 0, 0, 0, 0, 0, 0, 302000, 302000
2015, RAJASTHAN, 8, ALWAR, 78, KATHUMAR, 1159, KHERA TARF KALYANPURA, 33945, 1094726, Total, 0, 0, 0, 0, 0, 0, 1059767, 1059767
2015, RAJASTHAN, 8, ALWAR, 78, KATHUMAR, 1159, KHERLI REL, 33947, 1093397, Roads, 0, 0, 0, 0, 0, 0, 915320, 915320
2015, RAJASTHAN, 8, ALWAR, 78, KATHUMAR, 1159, KHERLI REL, 33947, 1093397, Sanitation, 0, 0, 0, 0, 0, 0, 346000, 346000
2015, RAJASTHAN, 8, ALWAR, 78, KATHUMAR, 1159, KHERLI REL, 33947, 1093397, Total, 0, 0, 0, 0, 0, 0, 1261320, 1261320
2015, RAJASTHAN, 8, ALWAR, 78, KATHUMAR, 1159, KHOH, 33948, 1086324, Drinking water, 0, 0, 0, 0, 0, 0, 211000, 211000
2015, RAJASTHAN, 8, ALWAR, 78, KATHUMAR, 1159, KHOH, 33948, 1086324, Land improvement, 0, 0, 0, 0, 0, 0, 150000, 150000
2015, RAJASTHAN, 8, ALWAR, 78, KATHUMAR, 1159, KHOH, 33948, 1086324, Total, 0, 0, 0, 0, 0, 0, 361000, 361000
2015, RAJASTHAN, 8, ALWAR, 78, KATHUMAR, 1159, KHONKHAR, 33949, 1092946, Roads, 0, 0, 0, 0, 0, 0, 130000, 130000
2015, RAJASTHAN, 8, ALWAR, 78, KATHUMAR, 1159, KHONKHAR, 33949, 1092946, Sanitation, 0, 0, 0, 0, 0, 0, 430980, 430980
2015, RAJASTHAN, 8, ALWAR, 78, KATHUMAR, 1159, KHONKHAR, 33949, 1092946, Total, 0, 0, 0, 0, 0, 0, 560980, 560980
2015, RAJASTHAN, 8, ALWAR, 78, KATHUMAR, 1159, MAITHNA, 33952, 1092156, Roads, 0, 0, 0, 0, 0, 0, 920125, 920125
2015, RAJASTHAN, 8, ALWAR, 78, KATHUMAR, 1159, MAITHNA, 33952, 1092156, Total, 0, 0, 0, 0, 0, 0, 920125, 920125
2015, RAJASTHAN, 8, ALWAR, 78, KATHUMAR, 1159, MASARI, 33950, 1091724, Roads, 0, 0, 0, 0, 0, 0, 485451, 485451
2015, RAJASTHAN, 8, ALWAR, 78, KATHUMAR, 1159, MASARI, 33950, 1091724, Sanitation, 0, 0, 0, 0, 0, 0, 248455, 248455
2015, RAJASTHAN, 8, ALWAR, 78, KATHUMAR, 1159, MASARI, 33950, 1091724, Total, 0, 0, 0, 0, 0, 0, 733906, 733906
2015, RAJASTHAN, 8, ALWAR, 78, KATHUMAR, 1159, MATHURA HERA, 33951, 1098138, Drinking water, 0, 0, 0, 0, 0, 0, 705789, 705789
2015, RAJASTHAN, 8, ALWAR, 78, KATHUMAR, 1159, MATHURA HERA, 33951, 1098138, Roads, 0, 0, 0, 0, 0, 0, 814633, 814633
2015, RAJASTHAN, 8, ALWAR, 78, KATHUMAR, 1159, MATHURA HERA, 33951, 1098138, Total, 0, 0, 0, 0, 0, 0, 1520422, 1520422
2015, RAJASTHAN, 8, ALWAR, 78, KATHUMAR, 1159, NAHAR KHOHRA, 33953, 1093729, Cultural activities, 0, 0, 0, 0, 0, 0, 148877, 148877
2015, RAJASTHAN, 8, ALWAR, 78, KATHUMAR, 1159, NAHAR KHOHRA, 33953, 1093729, Maintenance of community system, 0, 0, 0, 0, 0, 0, 114891, 114891
2015, RAJASTHAN, 8, ALWAR, 78, KATHUMAR, 1159, NAHAR KHOHRA, 33953, 1093729, Roads, 0, 0, 0, 0, 0, 0, 583991, 583991
2015, RAJASTHAN, 8, ALWAR, 78, KATHUMAR, 1159, NAHAR KHOHRA, 33953, 1093729, Sanitation, 0, 0, 0, 0, 0, 0, 525021, 525021
2015, RAJASTHAN, 8, ALWAR, 78, KATHUMAR, 1159, NAHAR KHOHRA, 33953, 1093729, Total, 0, 0, 0, 0, 0, 0, 1372780, 1372780
2015, RAJASTHAN, 8, ALWAR, 78, KATHUMAR, 1159, NATOJ, 33954, 1087894, Roads, 0, 0, 0, 0, 0, 0, 978629, 978629
2015, RAJASTHAN, 8, ALWAR, 78, KATHUMAR, 1159, NATOJ, 33954, 1087894, Sanitation, 0, 0, 0, 0, 0, 0, 315000, 315000
2015, RAJASTHAN, 8, ALWAR, 78, KATHUMAR, 1159, NATOJ, 33954, 1087894, Total, 0, 0, 0, 0, 0, 0, 1293629, 1293629
2015, RAJASTHAN, 8, ALWAR, 78, KATHUMAR, 1159, NOORPUR, 33955, 1094390, Drinking water, 0, 0, 0, 0, 0, 0, 509660, 509660
2015, RAJASTHAN, 8, ALWAR, 78, KATHUMAR, 1159, NOORPUR, 33955, 1094390, Roads, 0, 0, 0, 0, 0, 0, 859038, 859038
2015, RAJASTHAN, 8, ALWAR, 78, KATHUMAR, 1159, NOORPUR, 33955, 1094390, Total, 0, 0, 0, 0, 0, 0, 1368698, 1368698
2015, RAJASTHAN, 8, ALWAR, 78, KATHUMAR, 1159, RETA, 33956, 1093172, Maintenance of community system, 0, 0, 0, 0, 0, 0, 80000, 80000
2015, RAJASTHAN, 8, ALWAR, 78, KATHUMAR, 1159, RETA, 33956, 1093172, Roads, 0, 0, 0, 0, 0, 0, 1400000, 1400000
2015, RAJASTHAN, 8, ALWAR, 78, KATHUMAR, 1159, RETA, 33956, 1093172, Total, 0, 0, 0, 0, 0, 0, 1480000, 1480000
2015, RAJASTHAN, 8, ALWAR, 78, KATHUMAR, 1159, RONEEJA THAN, 33957, 1093808, Roads, 0, 0, 0, 0, 0, 0, 499310, 499310
2015, RAJASTHAN, 8, ALWAR, 78, KATHUMAR, 1159, RONEEJA THAN, 33957, 1093808, Total, 0, 0, 0, 0, 0, 0, 499310, 499310
2015, RAJASTHAN, 8, ALWAR, 78, KATHUMAR, 1159, SAHARI, 33958, 1093167, Drinking water, 0, 0, 0, 0, 0, 0, 417525, 417525
2015, RAJASTHAN, 8, ALWAR, 78, KATHUMAR, 1159, SAHARI, 33958, 1093167, Roads, 0, 0, 0, 0, 0, 0, 499741, 499741
2015, RAJASTHAN, 8, ALWAR, 78, KATHUMAR, 1159, SAHARI, 33958, 1093167, Total, 0, 0, 0, 0, 0, 0, 917266, 917266
2015, RAJASTHAN, 8, ALWAR, 78, KATHUMAR, 1159, SALWARI, 33959, 1093110, Cultural activities, 0, 0, 0, 0, 0, 0, 99750, 99750
2015, RAJASTHAN, 8, ALWAR, 78, KATHUMAR, 1159, SALWARI, 33959, 1093110, Drinking water, 0, 0, 0, 0, 0, 0, 277931, 277931
2015, RAJASTHAN, 8, ALWAR, 78, KATHUMAR, 1159, SALWARI, 33959, 1093110, Maintenance of community system, 0, 0, 0, 0, 0, 0, 38765, 38765
2015, RAJASTHAN, 8, ALWAR, 78, KATHUMAR, 1159, SALWARI, 33959, 1093110, Roads, 0, 0, 0, 0, 0, 0, 90592, 90592
2015, RAJASTHAN, 8, ALWAR, 78, KATHUMAR, 1159, SALWARI, 33959, 1093110, Total, 0, 0, 0, 0, 0, 0, 507038, 507038
2015, RAJASTHAN, 8, ALWAR, 78, KATHUMAR, 1159, SAMOOCHI, 33960, 1093091, Roads, 0, 0, 0, 0, 0, 0, 1687776, 1687776
2015, RAJASTHAN, 8, ALWAR, 78, KATHUMAR, 1159, SAMOOCHI, 33960, 1093091, Sanitation, 0, 0, 0, 0, 0, 0, 424719, 424719
2015, RAJASTHAN, 8, ALWAR, 78, KATHUMAR, 1159, SAMOOCHI, 33960, 1093091, Total, 0, 0, 0, 0, 0, 0, 2112495, 2112495
2015, RAJASTHAN, 8, ALWAR, 78, KATHUMAR, 1159, SONKH, 33961, 1095682, Drinking water, 0, 0, 0, 0, 0, 0, 367580, 367580
2015, RAJASTHAN, 8, ALWAR, 78, KATHUMAR, 1159, SONKH, 33961, 1095682, Roads, 0, 0, 0, 0, 0, 0, 603386, 603386
2015, RAJASTHAN, 8, ALWAR, 78, KATHUMAR, 1159, SONKH, 33961, 1095682, Sanitation, 0, 0, 0, 0, 0, 0, 400000, 400000
2015, RAJASTHAN, 8, ALWAR, 78, KATHUMAR, 1159, SONKH, 33961, 1095682, Total, 0, 0, 0, 0, 0, 0, 1370966, 1370966
2015, RAJASTHAN, 8, ALWAR, 78, KATHUMAR, 1159, SONKHAR (RURAL), 33962, 1093043, Roads, 0, 0, 0, 0, 0, 0, 2058566, 2058566
2015, RAJASTHAN, 8, ALWAR, 78, KATHUMAR, 1159, SONKHAR (RURAL), 33962, 1093043, Total, 0, 0, 0, 0, 0, 0, 2058566, 2058566
2015, RAJASTHAN, 8, ALWAR, 78, KATHUMAR, 1159, SONKHARI, 33963, 1093165, Roads, 0, 0, 0, 0, 0, 0, 1125515, 1125515
2015, RAJASTHAN, 8, ALWAR, 78, KATHUMAR, 1159, SONKHARI, 33963, 1093165, Sanitation, 0, 0, 0, 0, 0, 0, 116000, 116000
2015, RAJASTHAN, 8, ALWAR, 78, KATHUMAR, 1159, SONKHARI, 33963, 1093165, Total, 0, 0, 0, 0, 0, 0, 1241515, 1241515
2015, RAJASTHAN, 8, ALWAR, 78, KATHUMAR, 1159, TASAI, 33964, 1098908, Drinking water, 0, 0, 0, 0, 0, 0, 510000, 510000
2015, RAJASTHAN, 8, ALWAR, 78, KATHUMAR, 1159, TASAI, 33964, 1098908, Roads, 0, 0, 0, 0, 0, 0, 565000, 565000
2015, RAJASTHAN, 8, ALWAR, 78, KATHUMAR, 1159, TASAI, 33964, 1098908, Total, 0, 0, 0, 0, 0, 0, 1075000, 1075000
2015, RAJASTHAN, 8, ALWAR, 78, KATHUMAR, 1159, TIGARIYA, 33966, 1093837, Drinking water, 0, 0, 0, 0, 0, 0, 75000, 75000
2015, RAJASTHAN, 8, ALWAR, 78, KATHUMAR, 1159, TIGARIYA, 33966, 1093837, Roads, 0, 0, 0, 0, 0, 0, 598483, 598483
2015, RAJASTHAN, 8, ALWAR, 78, KATHUMAR, 1159, TIGARIYA, 33966, 1093837, Total, 0, 0, 0, 0, 0, 0, 673483, 673483
2015, RAJASTHAN, 8, ALWAR, 78, KATHUMAR, 1159, TITPURI, 33967, 1088893, Drinking water, 0, 0, 0, 0, 0, 0, 185796, 185796
2015, RAJASTHAN, 8, ALWAR, 78, KATHUMAR, 1159, TITPURI, 33967, 1088893, Sanitation, 0, 0, 0, 0, 0, 0, 1020000, 1020000
2015, RAJASTHAN, 8, ALWAR, 78, KATHUMAR, 1159, TITPURI, 33967, 1088893, Total, 0, 0, 0, 0, 0, 0, 1205796, 1205796
2015, RAJASTHAN, 8, ALWAR, 78, KATHUMAR, 1159, TODA, 33968, 1093739, Drinking water, 0, 0, 0, 0, 0, 0, 60000, 60000
2015, RAJASTHAN, 8, ALWAR, 78, KATHUMAR, 1159, TODA, 33968, 1093739, Roads, 0, 0, 0, 0, 0, 0, 499974, 499974
2015, RAJASTHAN, 8, ALWAR, 78, KATHUMAR, 1159, TODA, 33968, 1093739, Total, 0, 0, 0, 0, 0, 0, 559974, 559974
2015, RAJASTHAN, 8, ALWAR, 78, KATHUMAR, 1159, TUSARI, 33965, 1092970, Sanitation, 0, 0, 0, 0, 0, 0, 446340, 446340
2015, RAJASTHAN, 8, ALWAR, 78, KATHUMAR, 1159, TUSARI, 33965, 1092970, Total, 0, 0, 0, 0, 0, 0, 446340, 446340
2015, RAJASTHAN, 8, ALWAR, 78, KISHANGARH BAS, 1160, BAGHERI KALAN, 33969, 1118628, Roads, 0, 0, 0, 0, 0, 0, 347176, 347176
2015, RAJASTHAN, 8, ALWAR, 78, KISHANGARH BAS, 1160, BAGHERI KALAN, 33969, 1118628, Rural electrification, 0, 0, 0, 0, 0, 0, 201508, 201508
2015, RAJASTHAN, 8, ALWAR, 78, KISHANGARH BAS, 1160, BAGHERI KALAN, 33969, 1118628, Total, 0, 0, 0, 0, 0, 0, 548684, 548684
2015, RAJASTHAN, 8, ALWAR, 78, KISHANGARH BAS, 1160, BAGHORA, 33970, 1122647, Roads, 0, 0, 0, 0, 0, 0, 449000, 449000
2015, RAJASTHAN, 8, ALWAR, 78, KISHANGARH BAS, 1160, BAGHORA, 33970, 1122647, Total, 0, 0, 0, 0, 0, 0, 449000, 449000
2015, RAJASTHAN, 8, ALWAR, 78, KISHANGARH BAS, 1160, BAHADURPUR PATTI JORIYA, 33971, 1089183, Roads, 0, 0, 0, 0, 0, 0, 488978, 488978
2015, RAJASTHAN, 8, ALWAR, 78, KISHANGARH BAS, 1160, BAHADURPUR PATTI JORIYA, 33971, 1089183, Rural electrification, 0, 0, 0, 0, 0, 0, 389456, 389456
2015, RAJASTHAN, 8, ALWAR, 78, KISHANGARH BAS, 1160, BAHADURPUR PATTI JORIYA, 33971, 1089183, Total, 0, 0, 0, 0, 0, 0, 878434, 878434
2015, RAJASTHAN, 8, ALWAR, 78, KISHANGARH BAS, 1160, BALLABHGRAM, 262582, 1120132, Drinking water, 0, 0, 0, 0, 0, 0, 25896, 25896
2015, RAJASTHAN, 8, ALWAR, 78, KISHANGARH BAS, 1160, BALLABHGRAM, 262582, 1120132, Rural electrification, 0, 0, 0, 0, 0, 0, 231953, 231953
2015, RAJASTHAN, 8, ALWAR, 78, KISHANGARH BAS, 1160, BALLABHGRAM, 262582, 1120132, Total, 0, 0, 0, 0, 0, 0, 257849, 257849
2015, RAJASTHAN, 8, ALWAR, 78, KISHANGARH BAS, 1160, BAMBORA, 33972, 1089207, Roads, 0, 0, 0, 0, 0, 0, 491696, 491696
2015, RAJASTHAN, 8, ALWAR, 78, KISHANGARH BAS, 1160, BAMBORA, 33972, 1089207, Total, 0, 0, 0, 0, 0, 0, 491696, 491696
2015, RAJASTHAN, 8, ALWAR, 78, KISHANGARH BAS, 1160, BHAJERA, 33974, 1092047, Rural electrification, 0, 0, 0, 0, 0, 0, 50000, 50000
2015, RAJASTHAN, 8, ALWAR, 78, KISHANGARH BAS, 1160, BHAJERA, 33974, 1092047, Total, 0, 0, 0, 0, 0, 0, 50000, 50000
2015, RAJASTHAN, 8, ALWAR, 78, KISHANGARH BAS, 1160, BRISANGPUR, 33975, 1089227, Rural electrification, 0, 0, 0, 0, 0, 0, 87055, 87055
2015, RAJASTHAN, 8, ALWAR, 78, KISHANGARH BAS, 1160, BRISANGPUR, 33975, 1089227, Total, 0, 0, 0, 0, 0, 0, 87055, 87055
2015, RAJASTHAN, 8, ALWAR, 78, KISHANGARH BAS, 1160, DHAMOOKAR, 262564, 1093407, Drinking water, 0, 0, 0, 0, 0, 0, 66990, 66990
2015, RAJASTHAN, 8, ALWAR, 78, KISHANGARH BAS, 1160, DHAMOOKAR, 262564, 1093407, Roads, 0, 0, 0, 0, 0, 0, 789166, 789166
2015, RAJASTHAN, 8, ALWAR, 78, KISHANGARH BAS, 1160, DHAMOOKAR, 262564, 1093407, Total, 0, 0, 0, 0, 0, 0, 856156, 856156
2015, RAJASTHAN, 8, ALWAR, 78, KISHANGARH BAS, 1160, DONGRA, 262577, 1098616, Rural electrification, 0, 0, 0, 0, 0, 0, 296771, 296771
2015, RAJASTHAN, 8, ALWAR, 78, KISHANGARH BAS, 1160, DONGRA, 262577, 1098616, Total, 0, 0, 0, 0, 0, 0, 296771, 296771
2015, RAJASTHAN, 8, ALWAR, 78, KISHANGARH BAS, 1160, GHASOLI, 33978, 1091992, Rural electrification, 0, 0, 0, 0, 0, 0, 236486, 236486
2015, RAJASTHAN, 8, ALWAR, 78, KISHANGARH BAS, 1160, GHASOLI, 33978, 1091992, Total, 0, 0, 0, 0, 0, 0, 236486, 236486
2015, RAJASTHAN, 8, ALWAR, 78, KISHANGARH BAS, 1160, JEELOTA, 262587, 1088792, Rural electrification, 0, 0, 0, 0, 0, 0, 1021008, 1021008
2015, RAJASTHAN, 8, ALWAR, 78, KISHANGARH BAS, 1160, JEELOTA, 262587, 1088792, Total, 0, 0, 0, 0, 0, 0, 1021008, 1021008
2015, RAJASTHAN, 8, ALWAR, 78, KISHANGARH BAS, 1160, KHANPUR MEWAN, 33982, 1119229, Roads, 0, 0, 0, 0, 0, 0, 1590547, 1590547
2015, RAJASTHAN, 8, ALWAR, 78, KISHANGARH BAS, 1160, KHANPUR MEWAN, 33982, 1119229, Total, 0, 0, 0, 0, 0, 0, 1590547, 1590547
2015, RAJASTHAN, 8, ALWAR, 78, KISHANGARH BAS, 1160, KITHOOR, 33984, 1089823, Roads, 0, 0, 0, 0, 0, 0, 73153, 73153
2015, RAJASTHAN, 8, ALWAR, 78, KISHANGARH BAS, 1160, KITHOOR, 33984, 1089823, Rural electrification, 0, 0, 0, 0, 0, 0, 685000, 685000
2015, RAJASTHAN, 8, ALWAR, 78, KISHANGARH BAS, 1160, KITHOOR, 33984, 1089823, Total, 0, 0, 0, 0, 0, 0, 758153, 758153
2015, RAJASTHAN, 8, ALWAR, 78, KISHANGARH BAS, 1160, KOLGAON, 33985, 1089111, Rural electrification, 0, 0, 0, 0, 0, 0, 291842, 291842
2015, RAJASTHAN, 8, ALWAR, 78, KISHANGARH BAS, 1160, KOLGAON, 33985, 1089111, Total, 0, 0, 0, 0, 0, 0, 291842, 291842
2015, RAJASTHAN, 8, ALWAR, 78, KISHANGARH BAS, 1160, MACHH ROLI, 33987, 1122798, Roads, 0, 0, 0, 0, 0, 0, 174060, 174060
2015, RAJASTHAN, 8, ALWAR, 78, KISHANGARH BAS, 1160, MACHH ROLI, 33987, 1122798, Total, 0, 0, 0, 0, 0, 0, 174060, 174060
2015, RAJASTHAN, 8, ALWAR, 78, KISHANGARH BAS, 1160, MAHOND, 33988, 1119210, Drinking water, 0, 0, 0, 0, 0, 0, 20400, 20400
2015, RAJASTHAN, 8, ALWAR, 78, KISHANGARH BAS, 1160, MAHOND, 33988, 1119210, Education, 0, 0, 0, 0, 0, 0, 4800, 4800
2015, RAJASTHAN, 8, ALWAR, 78, KISHANGARH BAS, 1160, MAHOND, 33988, 1119210, Total, 0, 0, 0, 0, 0, 0, 43200, 43200
2015, RAJASTHAN, 8, ALWAR, 78, KISHANGARH BAS, 1160, MAHOND, 33988, 1119210, Welfare of the weaker sections, 0, 0, 0, 0, 0, 0, 18000, 18000
2015, RAJASTHAN, 8, ALWAR, 78, KISHANGARH BAS, 1160, MAHOND, 33988, 1123603, Drinking water, 0, 0, 0, 0, 0, 0, 20400, 20400
2015, RAJASTHAN, 8, ALWAR, 78, KISHANGARH BAS, 1160, MAHOND, 33988, 1123603, Markets and fairs, 0, 0, 0, 0, 0, 0, 22800, 22800
2015, RAJASTHAN, 8, ALWAR, 78, KISHANGARH BAS, 1160, MAHOND, 33988, 1123603, Total, 0, 0, 0, 0, 0, 0, 43200, 43200
2015, RAJASTHAN, 8, ALWAR, 78, KISHANGARH BAS, 1160, MAHRAMPUR, 33989, 1118573, Roads, 0, 0, 0, 0, 0, 0, 270071, 270071
2015, RAJASTHAN, 8, ALWAR, 78, KISHANGARH BAS, 1160, MAHRAMPUR, 33989, 1118573, Rural electrification, 0, 0, 0, 0, 0, 0, 390028, 390028
2015, RAJASTHAN, 8, ALWAR, 78, KISHANGARH BAS, 1160, MAHRAMPUR, 33989, 1118573, Total, 0, 0, 0, 0, 0, 0, 660099, 660099
2015, RAJASTHAN, 8, ALWAR, 78, KISHANGARH BAS, 1160, MEERKA, 262578, 1117934, Family welfare, 0, 0, 0, 0, 0, 0, 42000, 42000
2015, RAJASTHAN, 8, ALWAR, 78, KISHANGARH BAS, 1160, MEERKA, 262578, 1117934, Roads, 0, 0, 0, 0, 0, 0, 505088, 505088
2015, RAJASTHAN, 8, ALWAR, 78, KISHANGARH BAS, 1160, MEERKA, 262578, 1117934, Social welfare, 0, 0, 0, 0, 0, 0, 136143, 136143
2015, RAJASTHAN, 8, ALWAR, 78, KISHANGARH BAS, 1160, MEERKA, 262578, 1117934, Total, 0, 0, 0, 0, 0, 0, 683231, 683231
2015, RAJASTHAN, 8, ALWAR, 78, KISHANGARH BAS, 1160, MOOSA KHERA, 33991, 1097846, Rural electrification, 0, 0, 0, 0, 0, 0, 665646, 665646
2015, RAJASTHAN, 8, ALWAR, 78, KISHANGARH BAS, 1160, MOOSA KHERA, 33991, 1097846, Total, 0, 0, 0, 0, 0, 0, 665646, 665646
2015, RAJASTHAN, 8, ALWAR, 78, KISHANGARH BAS, 1160, MOTHOOKA, 262557, 1088189, Drinking water, 0, 0, 0, 0, 0, 0, 224000, 224000
2015, RAJASTHAN, 8, ALWAR, 78, KISHANGARH BAS, 1160, MOTHOOKA, 262557, 1088189, Rural electrification, 0, 0, 0, 0, 0, 0, 547860, 547860
2015, RAJASTHAN, 8, ALWAR, 78, KISHANGARH BAS, 1160, MOTHOOKA, 262557, 1088189, Total, 0, 0, 0, 0, 0, 0, 771860, 771860
2015, RAJASTHAN, 8, ALWAR, 78, KISHANGARH BAS, 1160, NAGLA RAISEES, 262553, 1088801, Rural electrification, 0, 0, 0, 0, 0, 0, 577377, 577377
2015, RAJASTHAN, 8, ALWAR, 78, KISHANGARH BAS, 1160, NAGLA RAISEES, 262553, 1088801, Total, 0, 0, 0, 0, 0, 0, 577377, 577377
2015, RAJASTHAN, 8, ALWAR, 78, KISHANGARH BAS, 1160, NOOR NAGAR, 33992, 1092099, Roads, 0, 0, 0, 0, 0, 0, 490000, 490000
2015, RAJASTHAN, 8, ALWAR, 78, KISHANGARH BAS, 1160, NOOR NAGAR, 33992, 1092099, Rural electrification, 0, 0, 0, 0, 0, 0, 626220, 626220
2015, RAJASTHAN, 8, ALWAR, 78, KISHANGARH BAS, 1160, NOOR NAGAR, 33992, 1092099, Total, 0, 0, 0, 0, 0, 0, 1116220, 1116220
2015, RAJASTHAN, 8, ALWAR, 78, KISHANGARH BAS, 1160, PATAN MEWAN, 33993, 1088733, Rural electrification, 0, 0, 0, 0, 0, 0, 965146, 965146
2015, RAJASTHAN, 8, ALWAR, 78, KISHANGARH BAS, 1160, PATAN MEWAN, 33993, 1088733, Total, 0, 0, 0, 0, 0, 0, 965146, 965146
2015, RAJASTHAN, 8, ALWAR, 78, KISHANGARH BAS, 1160, RAYABKA, 33995, 1101596, Drinking water, 0, 0, 0, 0, 0, 0, 20904, 20904
2015, RAJASTHAN, 8, ALWAR, 78, KISHANGARH BAS, 1160, RAYABKA, 33995, 1101596, Public distribution system, 0, 0, 0, 0, 0, 0, 42000, 42000
2015, RAJASTHAN, 8, ALWAR, 78, KISHANGARH BAS, 1160, RAYABKA, 33995, 1101596, Rural electrification, 0, 0, 0, 0, 0, 0, 389855, 389855
2015, RAJASTHAN, 8, ALWAR, 78, KISHANGARH BAS, 1160, RAYABKA, 33995, 1101596, Total, 0, 0, 0, 0, 0, 0, 452759, 452759
2015, RAJASTHAN, 8, ALWAR, 78, KISHANGARH BAS, 1160, tahnoli, 262884, 1098693, Rural electrification, 0, 0, 0, 0, 0, 0, 868368, 868368
2015, RAJASTHAN, 8, ALWAR, 78, KISHANGARH BAS, 1160, tahnoli, 262884, 1098693, Total, 0, 0, 0, 0, 0, 0, 868368, 868368
2015, RAJASTHAN, 8, ALWAR, 78, KOTKASIM, 1161, BAGHANA, 33998, 1091629, Roads, 0, 0, 0, 0, 0, 0, 472000, 472000
2015, RAJASTHAN, 8, ALWAR, 78, KOTKASIM, 1161, BAGHANA, 33998, 1091629, Total, 0, 0, 0, 0, 0, 0, 472000, 472000
2015, RAJASTHAN, 8, ALWAR, 78, KOTKASIM, 1161, BAGHERI KHURD, 33999, 1088512, Drinking water, 0, 0, 0, 0, 0, 0, 2500, 2500
2015, RAJASTHAN, 8, ALWAR, 78, KOTKASIM, 1161, BAGHERI KHURD, 33999, 1088512, Roads, 0, 0, 0, 0, 0, 0, 250000, 250000
2015, RAJASTHAN, 8, ALWAR, 78, KOTKASIM, 1161, BAGHERI KHURD, 33999, 1088512, Total, 0, 0, 0, 0, 0, 0, 252500, 252500
2015, RAJASTHAN, 8, ALWAR, 78, KOTKASIM, 1161, BEELAHERI, 34001, 1097416, Drinking water, 0, 0, 0, 0, 0, 0, 850000, 850000
2015, RAJASTHAN, 8, ALWAR, 78, KOTKASIM, 1161, BEELAHERI, 34001, 1097416, Roads, 0, 0, 0, 0, 0, 0, 200000, 200000
2015, RAJASTHAN, 8, ALWAR, 78, KOTKASIM, 1161, BEELAHERI, 34001, 1097416, Total, 0, 0, 0, 0, 0, 0, 1050000, 1050000
2015, RAJASTHAN, 8, ALWAR, 78, KOTKASIM, 1161, BHONKAR, 34000, 1097426, Roads, 0, 0, 0, 0, 0, 0, 500000, 500000
2015, RAJASTHAN, 8, ALWAR, 78, KOTKASIM, 1161, BHONKAR, 34000, 1097426, Total, 0, 0, 0, 0, 0, 0, 500000, 500000
2015, RAJASTHAN, 8, ALWAR, 78, KOTKASIM, 1161, BURHI BAWAL, 34002, 1087445, Health & Sanitation, 0, 0, 0, 0, 0, 0, 225000, 225000
2015, RAJASTHAN, 8, ALWAR, 78, KOTKASIM, 1161, BURHI BAWAL, 34002, 1087445, Roads, 0, 0, 0, 0, 0, 0, 900000, 900000
2015, RAJASTHAN, 8, ALWAR, 78, KOTKASIM, 1161, BURHI BAWAL, 34002, 1087445, Rural housing, 0, 0, 0, 0, 0, 0, 38000, 38000
2015, RAJASTHAN, 8, ALWAR, 78, KOTKASIM, 1161, BURHI BAWAL, 34002, 1087445, Social welfare, 0, 0, 0, 0, 0, 0, 38000, 38000
2015, RAJASTHAN, 8, ALWAR, 78, KOTKASIM, 1161, BURHI BAWAL, 34002, 1087445, Total, 0, 0, 0, 0, 0, 0, 1201000, 1201000
2015, RAJASTHAN, 8, ALWAR, 78, KOTKASIM, 1161, GHEEKAKA, 34003, 1097389, Drinking water, 0, 0, 0, 0, 0, 0, 300000, 300000
2015, RAJASTHAN, 8, ALWAR, 78, KOTKASIM, 1161, GHEEKAKA, 34003, 1097389, Roads, 0, 0, 0, 0, 0, 0, 500000, 500000
2015, RAJASTHAN, 8, ALWAR, 78, KOTKASIM, 1161, GHEEKAKA, 34003, 1097389, Total, 0, 0, 0, 0, 0, 0, 800000, 800000
2015, RAJASTHAN, 8, ALWAR, 78, KOTKASIM, 1161, GUNSAR, 34004, 1091604, Roads, 0, 0, 0, 0, 0, 0, 222000, 222000
2015, RAJASTHAN, 8, ALWAR, 78, KOTKASIM, 1161, GUNSAR, 34004, 1091604, Sanitation, 0, 0, 0, 0, 0, 0, 800000, 800000
2015, RAJASTHAN, 8, ALWAR, 78, KOTKASIM, 1161, GUNSAR, 34004, 1091604, Total, 0, 0, 0, 0, 0, 0, 1022000, 1022000
2015, RAJASTHAN, 8, ALWAR, 78, KOTKASIM, 1161, HARSOLI, 34005, 1091564, Roads, 0, 0, 0, 0, 0, 0, 999000, 999000
2015, RAJASTHAN, 8, ALWAR, 78, KOTKASIM, 1161, HARSOLI, 34005, 1091564, Sanitation, 0, 0, 0, 0, 0, 0, 250000, 250000
2015, RAJASTHAN, 8, ALWAR, 78, KOTKASIM, 1161, HARSOLI, 34005, 1091564, Total, 0, 0, 0, 0, 0, 0, 1249000, 1249000
2015, RAJASTHAN, 8, ALWAR, 78, KOTKASIM, 1161, IKROTIYA, 34006, 1091571, Roads, 0, 0, 0, 0, 0, 0, 750000, 750000
2015, RAJASTHAN, 8, ALWAR, 78, KOTKASIM, 1161, IKROTIYA, 34006, 1091571, Total, 0, 0, 0, 0, 0, 0, 750000, 750000
2015, RAJASTHAN, 8, ALWAR, 78, KOTKASIM, 1161, JATIYANA, 34007, 1091583, Roads, 0, 0, 0, 0, 0, 0, 500000, 500000
2015, RAJASTHAN, 8, ALWAR, 78, KOTKASIM, 1161, JATIYANA, 34007, 1091583, Total, 0, 0, 0, 0, 0, 0, 500000, 500000
2015, RAJASTHAN, 8, ALWAR, 78, KOTKASIM, 1161, JORIYA, 34008, 1096443, Drinking water, 0, 0, 0, 0, 0, 0, 200000, 200000
2015, RAJASTHAN, 8, ALWAR, 78, KOTKASIM, 1161, JORIYA, 34008, 1096443, Roads, 0, 0, 0, 0, 0, 0, 500000, 500000
2015, RAJASTHAN, 8, ALWAR, 78, KOTKASIM, 1161, JORIYA, 34008, 1096443, Total, 0, 0, 0, 0, 0, 0, 700000, 700000
2015, RAJASTHAN, 8, ALWAR, 78, KOTKASIM, 1161, KANHARKA, 34009, 1096939, Roads, 0, 0, 0, 0, 0, 0, 500000, 500000
2015, RAJASTHAN, 8, ALWAR, 78, KOTKASIM, 1161, KANHARKA, 34009, 1096939, Sanitation, 0, 0, 0, 0, 0, 0, 40000, 40000
2015, RAJASTHAN, 8, ALWAR, 78, KOTKASIM, 1161, KANHARKA, 34009, 1096939, Total, 0, 0, 0, 0, 0, 0, 540000, 540000
2015, RAJASTHAN, 8, ALWAR, 78, KOTKASIM, 1161, KHANPUR AHEERAN, 34011, 1097394, Roads, 0, 0, 0, 0, 0, 0, 500000, 500000
2015, RAJASTHAN, 8, ALWAR, 78, KOTKASIM, 1161, KHANPUR AHEERAN, 34011, 1097394, Total, 0, 0, 0, 0, 0, 0, 500000, 500000
2015, RAJASTHAN, 8, ALWAR, 78, KOTKASIM, 1161, KOTKASIM, 34012, 1091769, Drinking water, 0, 0, 0, 0, 0, 0, 250000, 250000
2015, RAJASTHAN, 8, ALWAR, 78, KOTKASIM, 1161, KOTKASIM, 34012, 1091769, Roads, 0, 0, 0, 0, 0, 0, 294000, 294000
2015, RAJASTHAN, 8, ALWAR, 78, KOTKASIM, 1161, KOTKASIM, 34012, 1091769, Sanitation, 0, 0, 0, 0, 0, 0, 25000, 25000
2015, RAJASTHAN, 8, ALWAR, 78, KOTKASIM, 1161, KOTKASIM, 34012, 1091769, Total, 0, 0, 0, 0, 0, 0, 569000, 569000
2015, RAJASTHAN, 8, ALWAR, 78, KOTKASIM, 1161, KUTUBPUR, 34010, 1097430, Health, 0, 0, 0, 0, 0, 0, 100000, 100000
2015, RAJASTHAN, 8, ALWAR, 78, KOTKASIM, 1161, KUTUBPUR, 34010, 1097430, Roads, 0, 0, 0, 0, 0, 0, 500000, 500000
2015, RAJASTHAN, 8, ALWAR, 78, KOTKASIM, 1161, KUTUBPUR, 34010, 1097430, Total, 0, 0, 0, 0, 0, 0, 600000, 600000
2015, RAJASTHAN, 8, ALWAR, 78, KOTKASIM, 1161, LADPUR, 34013, 1091594, Drinking water, 0, 0, 0, 0, 0, 0, 65000, 65000
2015, RAJASTHAN, 8, ALWAR, 78, KOTKASIM, 1161, LADPUR, 34013, 1091594, Roads, 0, 0, 0, 0, 0, 0, 200000, 200000
2015, RAJASTHAN, 8, ALWAR, 78, KOTKASIM, 1161, LADPUR, 34013, 1091594, Total, 0, 0, 0, 0, 0, 0, 265000, 265000
2015, RAJASTHAN, 8, ALWAR, 78, KOTKASIM, 1161, MAKDAWA, 34014, 1096839, Drinking water, 0, 0, 0, 0, 0, 0, 750000, 750000
2015, RAJASTHAN, 8, ALWAR, 78, KOTKASIM, 1161, MAKDAWA, 34014, 1096839, Total, 0, 0, 0, 0, 0, 0, 750000, 750000
2015, RAJASTHAN, 8, ALWAR, 78, KOTKASIM, 1161, NANGAL SALIYA, 34015, 1095948, Roads, 0, 0, 0, 0, 0, 0, 633000, 633000
2015, RAJASTHAN, 8, ALWAR, 78, KOTKASIM, 1161, NANGAL SALIYA, 34015, 1095948, Total, 0, 0, 0, 0, 0, 0, 633000, 633000
2015, RAJASTHAN, 8, ALWAR, 78, KOTKASIM, 1161, PATALIYA, 34016, 1097412, Roads, 0, 0, 0, 0, 0, 0, 600000, 600000
2015, RAJASTHAN, 8, ALWAR, 78, KOTKASIM, 1161, PATALIYA, 34016, 1097412, Total, 0, 0, 0, 0, 0, 0, 600000, 600000
2015, RAJASTHAN, 8, ALWAR, 78, KOTKASIM, 1161, PATAN AHEER, 34017, 1089950, Roads, 0, 0, 0, 0, 0, 0, 500000, 500000
2015, RAJASTHAN, 8, ALWAR, 78, KOTKASIM, 1161, PATAN AHEER, 34017, 1089950, Total, 0, 0, 0, 0, 0, 0, 500000, 500000
2015, RAJASTHAN, 8, ALWAR, 78, KOTKASIM, 1161, PUR, 34018, 1088948, Land improvement, 0, 0, 0, 0, 0, 0, 250000, 250000
2015, RAJASTHAN, 8, ALWAR, 78, KOTKASIM, 1161, PUR, 34018, 1088948, Roads, 0, 0, 0, 0, 0, 0, 250000, 250000
2015, RAJASTHAN, 8, ALWAR, 78, KOTKASIM, 1161, PUR, 34018, 1088948, Total, 0, 0, 0, 0, 0, 0, 500000, 500000
2015, RAJASTHAN, 8, ALWAR, 78, KOTKASIM, 1161, TEUWAS, 34019, 1095967, Drinking water, 0, 0, 0, 0, 0, 0, 275000, 275000
2015, RAJASTHAN, 8, ALWAR, 78, KOTKASIM, 1161, TEUWAS, 34019, 1095967, Total, 0, 0, 0, 0, 0, 0, 275000, 275000
2015, RAJASTHAN, 8, ALWAR, 78, KOTKASIM, 1161, TIGANWA, 34020, 1089118, Health, 0, 0, 0, 0, 0, 0, 1000000, 1000000
2015, RAJASTHAN, 8, ALWAR, 78, KOTKASIM, 1161, TIGANWA, 34020, 1089118, Roads, 0, 0, 0, 0, 0, 0, 500000, 500000
2015, RAJASTHAN, 8, ALWAR, 78, KOTKASIM, 1161, TIGANWA, 34020, 1089118, Total, 0, 0, 0, 0, 0, 0, 1500000, 1500000
2015, RAJASTHAN, 8, ALWAR, 78, KOTKASIM, 1161, UJOLI, 34021, 1096455, Roads, 0, 0, 0, 0, 0, 0, 1000000, 1000000
2015, RAJASTHAN, 8, ALWAR, 78, KOTKASIM, 1161, UJOLI, 34021, 1096455, Total, 0, 0, 0, 0, 0, 0, 1000000, 1000000
2015, RAJASTHAN, 8, ALWAR, 78, LAXMANGARH, 1162, BADKA, 34022, 1098500, Roads, 0, 0, 0, 0, 0, 0, 241426, 241426
2015, RAJASTHAN, 8, ALWAR, 78, LAXMANGARH, 1162, BADKA, 34022, 1098500, Sanitation, 0, 0, 0, 0, 0, 0, 661454, 661454
2015, RAJASTHAN, 8, ALWAR, 78, LAXMANGARH, 1162, BADKA, 34022, 1098500, Total, 0, 0, 0, 0, 0, 0, 902880, 902880
2015, RAJASTHAN, 8, ALWAR, 78, LAXMANGARH, 1162, BERLA, 34024, 1092242, Drinking water, 0, 0, 0, 0, 0, 0, 1195270, 1195270
2015, RAJASTHAN, 8, ALWAR, 78, LAXMANGARH, 1162, BERLA, 34024, 1092242, Maintenance of community system, 0, 0, 0, 0, 0, 0, 499718, 499718
2015, RAJASTHAN, 8, ALWAR, 78, LAXMANGARH, 1162, BERLA, 34024, 1092242, Total, 0, 0, 0, 0, 0, 0, 1694988, 1694988
2015, RAJASTHAN, 8, ALWAR, 78, LAXMANGARH, 1162, BICHGAON, 34026, 1102852, Roads, 0, 0, 0, 0, 0, 0, 1077045, 1077045
2015, RAJASTHAN, 8, ALWAR, 78, LAXMANGARH, 1162, BICHGAON, 34026, 1102852, Total, 0, 0, 0, 0, 0, 0, 1077045, 1077045
2015, RAJASTHAN, 8, ALWAR, 78, LAXMANGARH, 1162, CHIMRAWALI GORH, 34030, 1092123, Drinking water, 0, 0, 0, 0, 0, 0, 647560, 647560
2015, RAJASTHAN, 8, ALWAR, 78, LAXMANGARH, 1162, CHIMRAWALI GORH, 34030, 1092123, Sanitation, 0, 0, 0, 0, 0, 0, 363907, 363907
2015, RAJASTHAN, 8, ALWAR, 78, LAXMANGARH, 1162, CHIMRAWALI GORH, 34030, 1092123, Total, 0, 0, 0, 0, 0, 0, 1011467, 1011467
2015, RAJASTHAN, 8, ALWAR, 78, LAXMANGARH, 1162, GOTHRA, 34038, 1183859, Maintenance of community system, 0, 0, 0, 0, 0, 0, 84941, 84941
2015, RAJASTHAN, 8, ALWAR, 78, LAXMANGARH, 1162, GOTHRA, 34038, 1183859, Total, 0, 0, 0, 0, 0, 0, 84941, 84941
2015, RAJASTHAN, 8, ALWAR, 78, LAXMANGARH, 1162, ITERA, 34034, 1092158, Roads, 0, 0, 0, 0, 0, 0, 699000, 699000
2015, RAJASTHAN, 8, ALWAR, 78, LAXMANGARH, 1162, ITERA, 34034, 1092158, Total, 0, 0, 0, 0, 0, 0, 699000, 699000
2015, RAJASTHAN, 8, ALWAR, 78, LAXMANGARH, 1162, JHALATALA, 34043, 1107481, Drinking water, 0, 0, 0, 0, 0, 0, 6992, 6992
2015, RAJASTHAN, 8, ALWAR, 78, LAXMANGARH, 1162, JHALATALA, 34043, 1107481, Sanitation, 0, 0, 0, 0, 0, 0, 84948, 84948
2015, RAJASTHAN, 8, ALWAR, 78, LAXMANGARH, 1162, JHALATALA, 34043, 1107481, Social welfare, 0, 0, 0, 0, 0, 0, 200632, 200632
2015, RAJASTHAN, 8, ALWAR, 78, LAXMANGARH, 1162, JHALATALA, 34043, 1107481, Total, 0, 0, 0, 0, 0, 0, 292572, 292572
2015, RAJASTHAN, 8, ALWAR, 78, LAXMANGARH, 1162, KHERA MAHMOOD, 34044, 1089858, Roads, 0, 0, 0, 0, 0, 0, 36230, 36230
2015, RAJASTHAN, 8, ALWAR, 78, LAXMANGARH, 1162, KHERA MAHMOOD, 34044, 1089858, Sanitation, 0, 0, 0, 0, 0, 0, 417621, 417621
2015, RAJASTHAN, 8, ALWAR, 78, LAXMANGARH, 1162, KHERA MAHMOOD, 34044, 1089858, Total, 0, 0, 0, 0, 0, 0, 453851, 453851
2015, RAJASTHAN, 8, ALWAR, 78, LAXMANGARH, 1162, KHERA MANGAL SINGH, 34045, 1088941, Sanitation, 0, 0, 0, 0, 0, 0, 315401, 315401
2015, RAJASTHAN, 8, ALWAR, 78, LAXMANGARH, 1162, KHERA MANGAL SINGH, 34045, 1088941, Total, 0, 0, 0, 0, 0, 0, 315401, 315401
2015, RAJASTHAN, 8, ALWAR, 78, LAXMANGARH, 1162, LACHHMANGARH, 34048, 1183834, Sanitation, 0, 0, 0, 0, 0, 0, 489725, 489725
2015, RAJASTHAN, 8, ALWAR, 78, LAXMANGARH, 1162, LACHHMANGARH, 34048, 1183834, Total, 0, 0, 0, 0, 0, 0, 489725, 489725
2015, RAJASTHAN, 8, ALWAR, 78, LAXMANGARH, 1162, LILEE, 34049, 1090610, Drinking water, 0, 0, 0, 0, 0, 0, 108764, 108764
2015, RAJASTHAN, 8, ALWAR, 78, LAXMANGARH, 1162, LILEE, 34049, 1090610, Sanitation, 0, 0, 0, 0, 0, 0, 524884, 524884
2015, RAJASTHAN, 8, ALWAR, 78, LAXMANGARH, 1162, LILEE, 34049, 1090610, Total, 0, 0, 0, 0, 0, 0, 633648, 633648
2015, RAJASTHAN, 8, ALWAR, 78, LAXMANGARH, 1162, MOJPUR, 34051, 1088207, Public distribution system, 0, 0, 0, 0, 0, 0, 833926, 833926
2015, RAJASTHAN, 8, ALWAR, 78, LAXMANGARH, 1162, MOJPUR, 34051, 1088207, Total, 0, 0, 0, 0, 0, 0, 833926, 833926
2015, RAJASTHAN, 8, ALWAR, 78, LAXMANGARH, 1162, MOLIYA, 34052, 1090850, Drinking water, 0, 0, 0, 0, 0, 0, 322392, 322392
2015, RAJASTHAN, 8, ALWAR, 78, LAXMANGARH, 1162, MOLIYA, 34052, 1090850, Sanitation, 0, 0, 0, 0, 0, 0, 338640, 338640
2015, RAJASTHAN, 8, ALWAR, 78, LAXMANGARH, 1162, MOLIYA, 34052, 1090850, Total, 0, 0, 0, 0, 0, 0, 661032, 661032
2015, RAJASTHAN, 8, ALWAR, 78, LAXMANGARH, 1162, NYANA, 34056, 1107689, Roads, 0, 0, 0, 0, 0, 0, 614028, 614028
2015, RAJASTHAN, 8, ALWAR, 78, LAXMANGARH, 1162, NYANA, 34056, 1107689, Total, 0, 0, 0, 0, 0, 0, 614028, 614028
2015, RAJASTHAN, 8, ALWAR, 78, LAXMANGARH, 1162, SAHADKA, 34061, 1092920, Drinking water, 0, 0, 0, 0, 0, 0, 213472, 213472
2015, RAJASTHAN, 8, ALWAR, 78, LAXMANGARH, 1162, SAHADKA, 34061, 1092920, Total, 0, 0, 0, 0, 0, 0, 213472, 213472
2015, RAJASTHAN, 8, ALWAR, 78, LAXMANGARH, 1162, SAIDAMPUR, 34058, 1090563, Sanitation, 0, 0, 0, 0, 0, 0, 809761, 809761
2015, RAJASTHAN, 8, ALWAR, 78, LAXMANGARH, 1162, SAIDAMPUR, 34058, 1090563, Total, 0, 0, 0, 0, 0, 0, 809761, 809761
2015, RAJASTHAN, 8, ALWAR, 78, LAXMANGARH, 1162, SALEMA KHURD, 34060, 1092033, Sanitation, 0, 0, 0, 0, 0, 0, 313981, 313981
2015, RAJASTHAN, 8, ALWAR, 78, LAXMANGARH, 1162, SALEMA KHURD, 34060, 1092033, Total, 0, 0, 0, 0, 0, 0, 313981, 313981
2015, RAJASTHAN, 8, ALWAR, 78, LAXMANGARH, 1162, TALRA, 262525, 1187011, Sanitation, 0, 0, 0, 0, 0, 0, 422748, 422748
2015, RAJASTHAN, 8, ALWAR, 78, LAXMANGARH, 1162, TALRA, 262525, 1187011, Total, 0, 0, 0, 0, 0, 0, 422748, 422748
2015, RAJASTHAN, 8, ALWAR, 78, MANDAWAR, 1163, AJARKA, 34064, 1095956, Roads, 0, 0, 0, 0, 0, 0, 293000, 293000
2015, RAJASTHAN, 8, ALWAR, 78, MANDAWAR, 1163, AJARKA, 34064, 1095956, Total, 0, 0, 0, 0, 0, 0, 293000, 293000
2015, RAJASTHAN, 8, ALWAR, 78, MANDAWAR, 1163, BALLOOWAS, 34065, 1095934, Social welfare, 0, 0, 0, 0, 0, 0, 135000, 135000
2015, RAJASTHAN, 8, ALWAR, 78, MANDAWAR, 1163, BALLOOWAS, 34065, 1095934, Total, 0, 0, 0, 0, 0, 0, 135000, 135000
2015, RAJASTHAN, 8, ALWAR, 78, MANDAWAR, 1163, BASNI, 34066, 1086400, Drinking water, 0, 0, 0, 0, 0, 0, 87200, 87200
2015, RAJASTHAN, 8, ALWAR, 78, MANDAWAR, 1163, BASNI, 34066, 1086400, Total, 0, 0, 0, 0, 0, 0, 87200, 87200
2015, RAJASTHAN, 8, ALWAR, 78, MANDAWAR, 1163, BAWAD, 34067, 1095960, Social welfare, 0, 0, 0, 0, 0, 0, 354600, 354600
2015, RAJASTHAN, 8, ALWAR, 78, MANDAWAR, 1163, BAWAD, 34067, 1095960, Total, 0, 0, 0, 0, 0, 0, 354600, 354600
2015, RAJASTHAN, 8, ALWAR, 78, MANDAWAR, 1163, BEEJWAD CHAUHAN, 34068, 1095976, Social welfare, 0, 0, 0, 0, 0, 0, 119800, 119800
2015, RAJASTHAN, 8, ALWAR, 78, MANDAWAR, 1163, BEEJWAD CHAUHAN, 34068, 1095976, Total, 0, 0, 0, 0, 0, 0, 119800, 119800
2015, RAJASTHAN, 8, ALWAR, 78, MANDAWAR, 1163, BEHROJ, 34069, 1099242, Drinking water, 0, 0, 0, 0, 0, 0, 16302, 16302
2015, RAJASTHAN, 8, ALWAR, 78, MANDAWAR, 1163, BEHROJ, 34069, 1099242, Roads, 0, 0, 0, 0, 0, 0, 249997, 249997
2015, RAJASTHAN, 8, ALWAR, 78, MANDAWAR, 1163, BEHROJ, 34069, 1099242, Total, 0, 0, 0, 0, 0, 0, 266299, 266299
2015, RAJASTHAN, 8, ALWAR, 78, MANDAWAR, 1163, BEHROR JAT, 34079, 1088063, Maintenance of community system, 0, 0, 0, 0, 0, 0, 20000, 20000
2015, RAJASTHAN, 8, ALWAR, 78, MANDAWAR, 1163, BEHROR JAT, 34079, 1088063, Roads, 0, 0, 0, 0, 0, 0, 247200, 247200
2015, RAJASTHAN, 8, ALWAR, 78, MANDAWAR, 1163, BEHROR JAT, 34079, 1088063, Total, 0, 0, 0, 0, 0, 0, 267200, 267200
2015, RAJASTHAN, 8, ALWAR, 78, MANDAWAR, 1163, BHANOT, 34070, 1088052, Roads, 0, 0, 0, 0, 0, 0, 897340, 897340
2015, RAJASTHAN, 8, ALWAR, 78, MANDAWAR, 1163, BHANOT, 34070, 1088052, Total, 0, 0, 0, 0, 0, 0, 897340, 897340
2015, RAJASTHAN, 8, ALWAR, 78, MANDAWAR, 1163, BHOONGARA AHEER, 34071, 1088199, Drinking water, 0, 0, 0, 0, 0, 0, 750000, 750000
2015, RAJASTHAN, 8, ALWAR, 78, MANDAWAR, 1163, BHOONGARA AHEER, 34071, 1088199, Total, 0, 0, 0, 0, 0, 0, 750000, 750000
2015, RAJASTHAN, 8, ALWAR, 78, MANDAWAR, 1163, CHANDPUR, 34072, 1099533, Roads, 0, 0, 0, 0, 0, 0, 1109500, 1109500
2015, RAJASTHAN, 8, ALWAR, 78, MANDAWAR, 1163, CHANDPUR, 34072, 1099533, Total, 0, 0, 0, 0, 0, 0, 1109500, 1109500
2015, RAJASTHAN, 8, ALWAR, 78, MANDAWAR, 1163, DARBARPUR, 34073, 1099816, Drinking water, 0, 0, 0, 0, 0, 0, 380000, 380000
2015, RAJASTHAN, 8, ALWAR, 78, MANDAWAR, 1163, DARBARPUR, 34073, 1099816, Roads, 0, 0, 0, 0, 0, 0, 380000, 380000
2015, RAJASTHAN, 8, ALWAR, 78, MANDAWAR, 1163, DARBARPUR, 34073, 1099816, Total, 0, 0, 0, 0, 0, 0, 760000, 760000
2015, RAJASTHAN, 8, ALWAR, 78, MANDAWAR, 1163, GADOOWAS, 34074, 1099202, Roads, 0, 0, 0, 0, 0, 0, 1281521, 1281521
2015, RAJASTHAN, 8, ALWAR, 78, MANDAWAR, 1163, GADOOWAS, 34074, 1099202, Total, 0, 0, 0, 0, 0, 0, 1281521, 1281521
2015, RAJASTHAN, 8, ALWAR, 78, MANDAWAR, 1163, GOPIPURA, 34075, 1087675, Roads, 0, 0, 0, 0, 0, 0, 194800, 194800
2015, RAJASTHAN, 8, ALWAR, 78, MANDAWAR, 1163, GOPIPURA, 34075, 1087675, Social welfare, 0, 0, 0, 0, 0, 0, 1000, 1000
2015, RAJASTHAN, 8, ALWAR, 78, MANDAWAR, 1163, GOPIPURA, 34075, 1087675, Total, 0, 0, 0, 0, 0, 0, 195800, 195800
2015, RAJASTHAN, 8, ALWAR, 78, MANDAWAR, 1163, HATOONDI, 34076, 1088212, Drinking water, 0, 0, 0, 0, 0, 0, 5000, 5000
2015, RAJASTHAN, 8, ALWAR, 78, MANDAWAR, 1163, HATOONDI, 34076, 1088212, Roads, 0, 0, 0, 0, 0, 0, 137000, 137000
2015, RAJASTHAN, 8, ALWAR, 78, MANDAWAR, 1163, HATOONDI, 34076, 1088212, Total, 0, 0, 0, 0, 0, 0, 142000, 142000
2015, RAJASTHAN, 8, ALWAR, 78, MANDAWAR, 1163, JALWAS, 34077, 1088352, Roads, 0, 0, 0, 0, 0, 0, 635000, 635000
2015, RAJASTHAN, 8, ALWAR, 78, MANDAWAR, 1163, JALWAS, 34077, 1088352, Total, 0, 0, 0, 0, 0, 0, 635000, 635000
2015, RAJASTHAN, 8, ALWAR, 78, MANDAWAR, 1163, JASAI, 34078, 1099537, Roads, 0, 0, 0, 0, 0, 0, 545767, 545767
2015, RAJASTHAN, 8, ALWAR, 78, MANDAWAR, 1163, JASAI, 34078, 1099537, Total, 0, 0, 0, 0, 0, 0, 545767, 545767
2015, RAJASTHAN, 8, ALWAR, 78, MANDAWAR, 1163, JEENDOLI, 34080, 1099815, Drinking water, 0, 0, 0, 0, 0, 0, 550651, 550651
2015, RAJASTHAN, 8, ALWAR, 78, MANDAWAR, 1163, JEENDOLI, 34080, 1099815, Roads, 0, 0, 0, 0, 0, 0, 550651, 550651
2015, RAJASTHAN, 8, ALWAR, 78, MANDAWAR, 1163, JEENDOLI, 34080, 1099815, Total, 0, 0, 0, 0, 0, 0, 1101302, 1101302
2015, RAJASTHAN, 8, ALWAR, 78, MANDAWAR, 1163, KARNI KOT, 34081, 1095969, Social welfare, 0, 0, 0, 0, 0, 0, 221000, 221000
2015, RAJASTHAN, 8, ALWAR, 78, MANDAWAR, 1163, KARNI KOT, 34081, 1095969, Total, 0, 0, 0, 0, 0, 0, 221000, 221000
2015, RAJASTHAN, 8, ALWAR, 78, MANDAWAR, 1163, KHANPUR AHEER, 34082, 1095853, Social welfare, 0, 0, 0, 0, 0, 0, 170500, 170500
2015, RAJASTHAN, 8, ALWAR, 78, MANDAWAR, 1163, KHANPUR AHEER, 34082, 1095853, Total, 0, 0, 0, 0, 0, 0, 170500, 170500
2015, RAJASTHAN, 8, ALWAR, 78, MANDAWAR, 1163, MAJRI KHOLA, 34084, 1095772, Social welfare, 0, 0, 0, 0, 0, 0, 466800, 466800
2015, RAJASTHAN, 8, ALWAR, 78, MANDAWAR, 1163, MAJRI KHOLA, 34084, 1095772, Total, 0, 0, 0, 0, 0, 0, 466800, 466800
2015, RAJASTHAN, 8, ALWAR, 78, MANDAWAR, 1163, MANKA, 34085, 1095845, Drinking water, 0, 0, 0, 0, 0, 0, 70000, 70000
2015, RAJASTHAN, 8, ALWAR, 78, MANDAWAR, 1163, MANKA, 34085, 1095845, Social welfare, 0, 0, 0, 0, 0, 0, 10000, 10000
2015, RAJASTHAN, 8, ALWAR, 78, MANDAWAR, 1163, MANKA, 34085, 1095845, Total, 0, 0, 0, 0, 0, 0, 80000, 80000
2015, RAJASTHAN, 8, ALWAR, 78, MANDAWAR, 1163, MATOR, 34086, 1088333, Drinking water, 0, 0, 0, 0, 0, 0, 264000, 264000
2015, RAJASTHAN, 8, ALWAR, 78, MANDAWAR, 1163, MATOR, 34086, 1088333, Roads, 0, 0, 0, 0, 0, 0, 232000, 232000
2015, RAJASTHAN, 8, ALWAR, 78, MANDAWAR, 1163, MATOR, 34086, 1088333, Total, 0, 0, 0, 0, 0, 0, 496000, 496000
2015, RAJASTHAN, 8, ALWAR, 78, MANDAWAR, 1163, MENPUR, 34083, 1088348, Drinking water, 0, 0, 0, 0, 0, 0, 140000, 140000
2015, RAJASTHAN, 8, ALWAR, 78, MANDAWAR, 1163, MENPUR, 34083, 1088348, Fuel and fodder, 0, 0, 0, 0, 0, 0, 137000, 137000
2015, RAJASTHAN, 8, ALWAR, 78, MANDAWAR, 1163, MENPUR, 34083, 1088348, Roads, 0, 0, 0, 0, 0, 0, 185000, 185000
2015, RAJASTHAN, 8, ALWAR, 78, MANDAWAR, 1163, MENPUR, 34083, 1088348, Total, 0, 0, 0, 0, 0, 0, 462000, 462000
2015, RAJASTHAN, 8, ALWAR, 78, MANDAWAR, 1163, MUNDANWARA KALAN, 34087, 1088342, Drinking water, 0, 0, 0, 0, 0, 0, 604800, 604800
2015, RAJASTHAN, 8, ALWAR, 78, MANDAWAR, 1163, MUNDANWARA KALAN, 34087, 1088342, Total, 0, 0, 0, 0, 0, 0, 604800, 604800
2015, RAJASTHAN, 8, ALWAR, 78, MANDAWAR, 1163, MUNDAWAR, 34088, 1095939, Social welfare, 0, 0, 0, 0, 0, 0, 98000, 98000
2015, RAJASTHAN, 8, ALWAR, 78, MANDAWAR, 1163, MUNDAWAR, 34088, 1095939, Total, 0, 0, 0, 0, 0, 0, 98000, 98000
2015, RAJASTHAN, 8, ALWAR, 78, MANDAWAR, 1163, Nangli ojha, 262590, 1121084, Drinking water, 0, 0, 0, 0, 0, 0, 116900, 116900
2015, RAJASTHAN, 8, ALWAR, 78, MANDAWAR, 1163, Nangli ojha, 262590, 1121084, Total, 0, 0, 0, 0, 0, 0, 116900, 116900
2015, RAJASTHAN, 8, ALWAR, 78, MANDAWAR, 1163, PALAWA, 34089, 1095971, Social welfare, 0, 0, 0, 0, 0, 0, 87600, 87600
2015, RAJASTHAN, 8, ALWAR, 78, MANDAWAR, 1163, PALAWA, 34089, 1095971, Total, 0, 0, 0, 0, 0, 0, 87600, 87600
2015, RAJASTHAN, 8, ALWAR, 78, MANDAWAR, 1163, PEEPLI, 34090, 1095973, Roads, 0, 0, 0, 0, 0, 0, 100000, 100000
2015, RAJASTHAN, 8, ALWAR, 78, MANDAWAR, 1163, PEEPLI, 34090, 1095973, Social welfare, 0, 0, 0, 0, 0, 0, 100000, 100000
2015, RAJASTHAN, 8, ALWAR, 78, MANDAWAR, 1163, PEEPLI, 34090, 1095973, Total, 0, 0, 0, 0, 0, 0, 200000, 200000
2015, RAJASTHAN, 8, ALWAR, 78, MANDAWAR, 1163, PEHAL, 34091, 1088357, Drinking water, 0, 0, 0, 0, 0, 0, 62000, 62000
2015, RAJASTHAN, 8, ALWAR, 78, MANDAWAR, 1163, PEHAL, 34091, 1088357, Total, 0, 0, 0, 0, 0, 0, 62000, 62000
2015, RAJASTHAN, 8, ALWAR, 78, MANDAWAR, 1163, RAJWARA, 34092, 1095950, Roads, 0, 0, 0, 0, 0, 0, 243000, 243000
2015, RAJASTHAN, 8, ALWAR, 78, MANDAWAR, 1163, RAJWARA, 34092, 1095950, Total, 0, 0, 0, 0, 0, 0, 243000, 243000
2015, RAJASTHAN, 8, ALWAR, 78, MANDAWAR, 1163, RANOTH, 34093, 1090853, Drinking water, 0, 0, 0, 0, 0, 0, 214000, 214000
2015, RAJASTHAN, 8, ALWAR, 78, MANDAWAR, 1163, RANOTH, 34093, 1090853, Total, 0, 0, 0, 0, 0, 0, 214000, 214000
2015, RAJASTHAN, 8, ALWAR, 78, MANDAWAR, 1163, RESGAN, 34094, 1095943, Social welfare, 0, 0, 0, 0, 0, 0, 80800, 80800
2015, RAJASTHAN, 8, ALWAR, 78, MANDAWAR, 1163, RESGAN, 34094, 1095943, Total, 0, 0, 0, 0, 0, 0, 80800, 80800
2015, RAJASTHAN, 8, ALWAR, 78, MANDAWAR, 1163, SARAI KALAN, 34095, 1095954, Health, 0, 0, 0, 0, 0, 0, 31000, 31000
2015, RAJASTHAN, 8, ALWAR, 78, MANDAWAR, 1163, SARAI KALAN, 34095, 1095954, Social welfare, 0, 0, 0, 0, 0, 0, 41000, 41000
2015, RAJASTHAN, 8, ALWAR, 78, MANDAWAR, 1163, SARAI KALAN, 34095, 1095954, Total, 0, 0, 0, 0, 0, 0, 72000, 72000
2015, RAJASTHAN, 8, ALWAR, 78, MANDAWAR, 1163, SEEL GAON, 34096, 1088353, Roads, 0, 0, 0, 0, 0, 0, 480900, 480900
2015, RAJASTHAN, 8, ALWAR, 78, MANDAWAR, 1163, SEEL GAON, 34096, 1088353, Total, 0, 0, 0, 0, 0, 0, 480900, 480900
2015, RAJASTHAN, 8, ALWAR, 78, MANDAWAR, 1163, SHAMDA, 34097, 1099554, Roads, 0, 0, 0, 0, 0, 0, 612706, 612706
2015, RAJASTHAN, 8, ALWAR, 78, MANDAWAR, 1163, SHAMDA, 34097, 1099554, Total, 0, 0, 0, 0, 0, 0, 612706, 612706
2015, RAJASTHAN, 8, ALWAR, 78, MANDAWAR, 1163, SHYOPUR, 34098, 1088345, Drinking water, 0, 0, 0, 0, 0, 0, 16000, 16000
2015, RAJASTHAN, 8, ALWAR, 78, MANDAWAR, 1163, SHYOPUR, 34098, 1088345, Roads, 0, 0, 0, 0, 0, 0, 279000, 279000
2015, RAJASTHAN, 8, ALWAR, 78, MANDAWAR, 1163, SHYOPUR, 34098, 1088345, Total, 0, 0, 0, 0, 0, 0, 295000, 295000
2015, RAJASTHAN, 8, ALWAR, 78, MANDAWAR, 1163, SIHALI KHURD, 34099, 1095964, Roads, 0, 0, 0, 0, 0, 0, 210000, 210000
2015, RAJASTHAN, 8, ALWAR, 78, MANDAWAR, 1163, SIHALI KHURD, 34099, 1095964, Social welfare, 0, 0, 0, 0, 0, 0, 10000, 10000
2015, RAJASTHAN, 8, ALWAR, 78, MANDAWAR, 1163, SIHALI KHURD, 34099, 1095964, Total, 0, 0, 0, 0, 0, 0, 220000, 220000
2015, RAJASTHAN, 8, ALWAR, 78, MANDAWAR, 1163, SODAWAS, 34100, 1090863, Drinking water, 0, 0, 0, 0, 0, 0, 1244560, 1244560
2015, RAJASTHAN, 8, ALWAR, 78, MANDAWAR, 1163, SODAWAS, 34100, 1090863, Maintenance of community system, 0, 0, 0, 0, 0, 0, 161100, 161100
2015, RAJASTHAN, 8, ALWAR, 78, MANDAWAR, 1163, SODAWAS, 34100, 1090863, Roads, 0, 0, 0, 0, 0, 0, 256800, 256800
2015, RAJASTHAN, 8, ALWAR, 78, MANDAWAR, 1163, SODAWAS, 34100, 1090863, Total, 0, 0, 0, 0, 0, 0, 1662460, 1662460
2015, RAJASTHAN, 8, ALWAR, 78, MANDAWAR, 1163, SORKHA KALAN, 34101, 1099246, Drinking water, 0, 0, 0, 0, 0, 0, 259500, 259500
2015, RAJASTHAN, 8, ALWAR, 78, MANDAWAR, 1163, SORKHA KALAN, 34101, 1099246, Maintenance of community system, 0, 0, 0, 0, 0, 0, 273796, 273796
2015, RAJASTHAN, 8, ALWAR, 78, MANDAWAR, 1163, SORKHA KALAN, 34101, 1099246, Total, 0, 0, 0, 0, 0, 0, 533296, 533296
2015, RAJASTHAN, 8, ALWAR, 78, MANDAWAR, 1163, TATARPUR, 34102, 1088347, Roads, 0, 0, 0, 0, 0, 0, 135400, 135400
2015, RAJASTHAN, 8, ALWAR, 78, MANDAWAR, 1163, TATARPUR, 34102, 1088347, Rural housing, 0, 0, 0, 0, 0, 0, 207400, 207400
2015, RAJASTHAN, 8, ALWAR, 78, MANDAWAR, 1163, TATARPUR, 34102, 1088347, Total, 0, 0, 0, 0, 0, 0, 342800, 342800
2015, RAJASTHAN, 8, ALWAR, 78, MANDAWAR, 1163, ULAHERI, 34103, 1099423, Drinking water, 0, 0, 0, 0, 0, 0, 46879, 46879
2015, RAJASTHAN, 8, ALWAR, 78, MANDAWAR, 1163, ULAHERI, 34103, 1099423, Total, 0, 0, 0, 0, 0, 0, 46879, 46879
2015, RAJASTHAN, 8, ALWAR, 78, MANDAWAR, 1163, badheen, 262845, 1087936, Roads, 0, 0, 0, 0, 0, 0, 876900, 876900
2015, RAJASTHAN, 8, ALWAR, 78, MANDAWAR, 1163, badheen, 262845, 1087936, Total, 0, 0, 0, 0, 0, 0, 876900, 876900
2015, RAJASTHAN, 8, ALWAR, 78, MANDAWAR, 1163, khreta, 262401, 1099545, Drinking water, 0, 0, 0, 0, 0, 0, 212116, 212116
2015, RAJASTHAN, 8, ALWAR, 78, MANDAWAR, 1163, khreta, 262401, 1099545, Social welfare, 0, 0, 0, 0, 0, 0, 656011, 656011
2015, RAJASTHAN, 8, ALWAR, 78, MANDAWAR, 1163, khreta, 262401, 1099545, Total, 0, 0, 0, 0, 0, 0, 868127, 868127
2015, RAJASTHAN, 8, ALWAR, 78, NEEMRANA, 1164, AKLEEMPURA, 34104, 1098443, Roads, 0, 0, 0, 0, 0, 0, 85000, 85000
2015, RAJASTHAN, 8, ALWAR, 78, NEEMRANA, 1164, AKLEEMPURA, 34104, 1098443, Sanitation, 0, 0, 0, 0, 0, 0, 476640, 476640
2015, RAJASTHAN, 8, ALWAR, 78, NEEMRANA, 1164, AKLEEMPURA, 34104, 1098443, Total, 0, 0, 0, 0, 0, 0, 561640, 561640
2015, RAJASTHAN, 8, ALWAR, 78, NEEMRANA, 1164, BEECHPURI, 34105, 1098028, Drinking water, 0, 0, 0, 0, 0, 0, 1027919, 1027919
2015, RAJASTHAN, 8, ALWAR, 78, NEEMRANA, 1164, BEECHPURI, 34105, 1098028, Sanitation, 0, 0, 0, 0, 0, 0, 500000, 500000
2015, RAJASTHAN, 8, ALWAR, 78, NEEMRANA, 1164, BEECHPURI, 34105, 1098028, Total, 0, 0, 0, 0, 0, 0, 1527919, 1527919
2015, RAJASTHAN, 8, ALWAR, 78, NEEMRANA, 1164, DABARWAS, 34106, 1098465, Drinking water, 0, 0, 0, 0, 0, 0, 800000, 800000
2015, RAJASTHAN, 8, ALWAR, 78, NEEMRANA, 1164, DABARWAS, 34106, 1098465, Sanitation, 0, 0, 0, 0, 0, 0, 529984, 529984
2015, RAJASTHAN, 8, ALWAR, 78, NEEMRANA, 1164, DABARWAS, 34106, 1098465, Total, 0, 0, 0, 0, 0, 0, 1329984, 1329984
2015, RAJASTHAN, 8, ALWAR, 78, NEEMRANA, 1164, DAULATSINGHPURA, 34107, 1092529, Drinking water, 0, 0, 0, 0, 0, 0, 600000, 600000
2015, RAJASTHAN, 8, ALWAR, 78, NEEMRANA, 1164, DAULATSINGHPURA, 34107, 1092529, Sanitation, 0, 0, 0, 0, 0, 0, 792183, 792183
2015, RAJASTHAN, 8, ALWAR, 78, NEEMRANA, 1164, DAULATSINGHPURA, 34107, 1092529, Total, 0, 0, 0, 0, 0, 0, 1392183, 1392183
2015, RAJASTHAN, 8, ALWAR, 78, NEEMRANA, 1164, DAUSOD, 34108, 1098280, Drinking water, 0, 0, 0, 0, 0, 0, 130000, 130000
2015, RAJASTHAN, 8, ALWAR, 78, NEEMRANA, 1164, DAUSOD, 34108, 1098280, Sanitation, 0, 0, 0, 0, 0, 0, 763061, 763061
2015, RAJASTHAN, 8, ALWAR, 78, NEEMRANA, 1164, DAUSOD, 34108, 1098280, Total, 0, 0, 0, 0, 0, 0, 893061, 893061
2015, RAJASTHAN, 8, ALWAR, 78, NEEMRANA, 1164, DOOMROLI, 34109, 1098617, Drinking water, 0, 0, 0, 0, 0, 0, 440102, 440102
2015, RAJASTHAN, 8, ALWAR, 78, NEEMRANA, 1164, DOOMROLI, 34109, 1098617, Sanitation, 0, 0, 0, 0, 0, 0, 836351, 836351
2015, RAJASTHAN, 8, ALWAR, 78, NEEMRANA, 1164, DOOMROLI, 34109, 1098617, Total, 0, 0, 0, 0, 0, 0, 1276453, 1276453
2015, RAJASTHAN, 8, ALWAR, 78, NEEMRANA, 1164, FAULADPUR, 34110, 1096587, Health, 0, 0, 0, 0, 0, 0, 300000, 300000
2015, RAJASTHAN, 8, ALWAR, 78, NEEMRANA, 1164, FAULADPUR, 34110, 1096587, Roads, 0, 0, 0, 0, 0, 0, 701538, 701538
2015, RAJASTHAN, 8, ALWAR, 78, NEEMRANA, 1164, FAULADPUR, 34110, 1096587, Total, 0, 0, 0, 0, 0, 0, 1001538, 1001538
2015, RAJASTHAN, 8, ALWAR, 78, NEEMRANA, 1164, GHEELOT, 34111, 1098477, Drinking water, 0, 0, 0, 0, 0, 0, 400000, 400000
2015, RAJASTHAN, 8, ALWAR, 78, NEEMRANA, 1164, GHEELOT, 34111, 1098477, Sanitation, 0, 0, 0, 0, 0, 0, 384157, 384157
2015, RAJASTHAN, 8, ALWAR, 78, NEEMRANA, 1164, GHEELOT, 34111, 1098477, Total, 0, 0, 0, 0, 0, 0, 784157, 784157
2015, RAJASTHAN, 8, ALWAR, 78, NEEMRANA, 1164, GIGLANA, 34112, 1098277, Drinking water, 0, 0, 0, 0, 0, 0, 900173, 900173
2015, RAJASTHAN, 8, ALWAR, 78, NEEMRANA, 1164, GIGLANA, 34112, 1098277, Roads, 0, 0, 0, 0, 0, 0, 200000, 200000
2015, RAJASTHAN, 8, ALWAR, 78, NEEMRANA, 1164, GIGLANA, 34112, 1098277, Total, 0, 0, 0, 0, 0, 0, 1100173, 1100173
2015, RAJASTHAN, 8, ALWAR, 78, NEEMRANA, 1164, GOOGAL KOTA, 34113, 1098954, Drinking water, 0, 0, 0, 0, 0, 0, 1117805, 1117805
2015, RAJASTHAN, 8, ALWAR, 78, NEEMRANA, 1164, GOOGAL KOTA, 34113, 1098954, Sanitation, 0, 0, 0, 0, 0, 0, 400000, 400000
2015, RAJASTHAN, 8, ALWAR, 78, NEEMRANA, 1164, GOOGAL KOTA, 34113, 1098954, Total, 0, 0, 0, 0, 0, 0, 1517805, 1517805
2015, RAJASTHAN, 8, ALWAR, 78, NEEMRANA, 1164, HUDIYA KALAN, 34114, 1098770, Drinking water, 0, 0, 0, 0, 0, 0, 153774, 153774
2015, RAJASTHAN, 8, ALWAR, 78, NEEMRANA, 1164, HUDIYA KALAN, 34114, 1098770, Sanitation, 0, 0, 0, 0, 0, 0, 600000, 600000
2015, RAJASTHAN, 8, ALWAR, 78, NEEMRANA, 1164, HUDIYA KALAN, 34114, 1098770, Total, 0, 0, 0, 0, 0, 0, 753774, 753774
2015, RAJASTHAN, 8, ALWAR, 78, NEEMRANA, 1164, JONAYCHA KALAN, 34115, 1097996, Drinking water, 0, 0, 0, 0, 0, 0, 637401, 637401
2015, RAJASTHAN, 8, ALWAR, 78, NEEMRANA, 1164, JONAYCHA KALAN, 34115, 1097996, Sanitation, 0, 0, 0, 0, 0, 0, 500000, 500000
2015, RAJASTHAN, 8, ALWAR, 78, NEEMRANA, 1164, JONAYCHA KALAN, 34115, 1097996, Total, 0, 0, 0, 0, 0, 0, 1137401, 1137401
2015, RAJASTHAN, 8, ALWAR, 78, NEEMRANA, 1164, JONAYCHA KHURD, 34116, 1096028, Drinking water, 0, 0, 0, 0, 0, 0, 300000, 300000
2015, RAJASTHAN, 8, ALWAR, 78, NEEMRANA, 1164, JONAYCHA KHURD, 34116, 1096028, Sanitation, 0, 0, 0, 0, 0, 0, 382954, 382954
2015, RAJASTHAN, 8, ALWAR, 78, NEEMRANA, 1164, JONAYCHA KHURD, 34116, 1096028, Total, 0, 0, 0, 0, 0, 0, 682954, 682954
2015, RAJASTHAN, 8, ALWAR, 78, NEEMRANA, 1164, KANHAWAS, 34117, 1098764, Drinking water, 0, 0, 0, 0, 0, 0, 625983, 625983
2015, RAJASTHAN, 8, ALWAR, 78, NEEMRANA, 1164, KANHAWAS, 34117, 1098764, Sanitation, 0, 0, 0, 0, 0, 0, 660000, 660000
2015, RAJASTHAN, 8, ALWAR, 78, NEEMRANA, 1164, KANHAWAS, 34117, 1098764, Total, 0, 0, 0, 0, 0, 0, 1285983, 1285983
2015, RAJASTHAN, 8, ALWAR, 78, NEEMRANA, 1164, KATHOOWAS, 34118, 1098274, Drinking water, 0, 0, 0, 0, 0, 0, 463948, 463948
2015, RAJASTHAN, 8, ALWAR, 78, NEEMRANA, 1164, KATHOOWAS, 34118, 1098274, Sanitation, 0, 0, 0, 0, 0, 0, 660000, 660000
2015, RAJASTHAN, 8, ALWAR, 78, NEEMRANA, 1164, KATHOOWAS, 34118, 1098274, Total, 0, 0, 0, 0, 0, 0, 1123948, 1123948
2015, RAJASTHAN, 8, ALWAR, 78, NEEMRANA, 1164, KAYSA, 34119, 1098559, Drinking water, 0, 0, 0, 0, 0, 0, 489637, 489637
2015, RAJASTHAN, 8, ALWAR, 78, NEEMRANA, 1164, KAYSA, 34119, 1098559, Sanitation, 0, 0, 0, 0, 0, 0, 438171, 438171
2015, RAJASTHAN, 8, ALWAR, 78, NEEMRANA, 1164, KAYSA, 34119, 1098559, Total, 0, 0, 0, 0, 0, 0, 927808, 927808
2015, RAJASTHAN, 8, ALWAR, 78, NEEMRANA, 1164, KHOONDROT, 34120, 1101830, Drinking water, 0, 0, 0, 0, 0, 0, 568355, 568355
2015, RAJASTHAN, 8, ALWAR, 78, NEEMRANA, 1164, KHOONDROT, 34120, 1101830, Education, 0, 0, 0, 0, 0, 0, 50000, 50000
2015, RAJASTHAN, 8, ALWAR, 78, NEEMRANA, 1164, KHOONDROT, 34120, 1101830, Sanitation, 0, 0, 0, 0, 0, 0, 870000, 870000
2015, RAJASTHAN, 8, ALWAR, 78, NEEMRANA, 1164, KHOONDROT, 34120, 1101830, Total, 0, 0, 0, 0, 0, 0, 1488355, 1488355
2015, RAJASTHAN, 8, ALWAR, 78, NEEMRANA, 1164, KOLILA JOGA, 34121, 1096699, Drinking water, 0, 0, 0, 0, 0, 0, 2138899, 2138899
2015, RAJASTHAN, 8, ALWAR, 78, NEEMRANA, 1164, KOLILA JOGA, 34121, 1096699, Sanitation, 0, 0, 0, 0, 0, 0, 340000, 340000
2015, RAJASTHAN, 8, ALWAR, 78, NEEMRANA, 1164, KOLILA JOGA, 34121, 1096699, Total, 0, 0, 0, 0, 0, 0, 2478899, 2478899
2015, RAJASTHAN, 8, ALWAR, 78, NEEMRANA, 1164, KUTEENA, 34122, 1098484, Drinking water, 0, 0, 0, 0, 0, 0, 800000, 800000
2015, RAJASTHAN, 8, ALWAR, 78, NEEMRANA, 1164, KUTEENA, 34122, 1098484, Sanitation, 0, 0, 0, 0, 0, 0, 971951, 971951
2015, RAJASTHAN, 8, ALWAR, 78, NEEMRANA, 1164, KUTEENA, 34122, 1098484, Total, 0, 0, 0, 0, 0, 0, 1771951, 1771951
2015, RAJASTHAN, 8, ALWAR, 78, NEEMRANA, 1164, MAHTAWAS, 34123, 1098646, Drinking water, 0, 0, 0, 0, 0, 0, 927396, 927396
2015, RAJASTHAN, 8, ALWAR, 78, NEEMRANA, 1164, MAHTAWAS, 34123, 1098646, Sanitation, 0, 0, 0, 0, 0, 0, 427309, 427309
2015, RAJASTHAN, 8, ALWAR, 78, NEEMRANA, 1164, MAHTAWAS, 34123, 1098646, Total, 0, 0, 0, 0, 0, 0, 1354705, 1354705
2015, RAJASTHAN, 8, ALWAR, 78, NEEMRANA, 1164, MAJRA, 34124, 1098266, Drinking water, 0, 0, 0, 0, 0, 0, 775656, 775656
2015, RAJASTHAN, 8, ALWAR, 78, NEEMRANA, 1164, MAJRA, 34124, 1098266, Sanitation, 0, 0, 0, 0, 0, 0, 338000, 338000
2015, RAJASTHAN, 8, ALWAR, 78, NEEMRANA, 1164, MAJRA, 34124, 1098266, Total, 0, 0, 0, 0, 0, 0, 1113656, 1113656
2015, RAJASTHAN, 8, ALWAR, 78, NEEMRANA, 1164, MAJRI KALAN, 34125, 1097739, Drinking water, 0, 0, 0, 0, 0, 0, 500000, 500000
2015, RAJASTHAN, 8, ALWAR, 78, NEEMRANA, 1164, MAJRI KALAN, 34125, 1097739, Sanitation, 0, 0, 0, 0, 0, 0, 827396, 827396
2015, RAJASTHAN, 8, ALWAR, 78, NEEMRANA, 1164, MAJRI KALAN, 34125, 1097739, Total, 0, 0, 0, 0, 0, 0, 1327396, 1327396
2015, RAJASTHAN, 8, ALWAR, 78, NEEMRANA, 1164, MANDHAN, 34126, 1098774, Drinking water, 0, 0, 0, 0, 0, 0, 995288, 995288
2015, RAJASTHAN, 8, ALWAR, 78, NEEMRANA, 1164, MANDHAN, 34126, 1098774, Rural electrification, 0, 0, 0, 0, 0, 0, 50000, 50000
2015, RAJASTHAN, 8, ALWAR, 78, NEEMRANA, 1164, MANDHAN, 34126, 1098774, Total, 0, 0, 0, 0, 0, 0, 1045288, 1045288
2015, RAJASTHAN, 8, ALWAR, 78, NEEMRANA, 1164, NANAGWAS, 34127, 1097881, Drinking water, 0, 0, 0, 0, 0, 0, 723507, 723507
2015, RAJASTHAN, 8, ALWAR, 78, NEEMRANA, 1164, NANAGWAS, 34127, 1097881, Sanitation, 0, 0, 0, 0, 0, 0, 800000, 800000
2015, RAJASTHAN, 8, ALWAR, 78, NEEMRANA, 1164, NANAGWAS, 34127, 1097881, Total, 0, 0, 0, 0, 0, 0, 1523507, 1523507
2015, RAJASTHAN, 8, ALWAR, 78, NEEMRANA, 1164, NEEMRANA, 34128, 1098019, Drinking water, 0, 0, 0, 0, 0, 0, 1409401, 1409401
2015, RAJASTHAN, 8, ALWAR, 78, NEEMRANA, 1164, NEEMRANA, 34128, 1098019, Sanitation, 0, 0, 0, 0, 0, 0, 728302, 728302
2015, RAJASTHAN, 8, ALWAR, 78, NEEMRANA, 1164, NEEMRANA, 34128, 1098019, Total, 0, 0, 0, 0, 0, 0, 2137703, 2137703
2015, RAJASTHAN, 8, ALWAR, 78, NEEMRANA, 1164, PARTAPUR, 34129, 1090697, Drinking water, 0, 0, 0, 0, 0, 0, 69954, 69954
2015, RAJASTHAN, 8, ALWAR, 78, NEEMRANA, 1164, PARTAPUR, 34129, 1090697, Sanitation, 0, 0, 0, 0, 0, 0, 800000, 800000
2015, RAJASTHAN, 8, ALWAR, 78, NEEMRANA, 1164, PARTAPUR, 34129, 1090697, Total, 0, 0, 0, 0, 0, 0, 869954, 869954
2015, RAJASTHAN, 8, ALWAR, 78, NEEMRANA, 1164, PRATAPSINGHPURA, 34130, 1096723, Drinking water, 0, 0, 0, 0, 0, 0, 799036, 799036
2015, RAJASTHAN, 8, ALWAR, 78, NEEMRANA, 1164, PRATAPSINGHPURA, 34130, 1096723, Sanitation, 0, 0, 0, 0, 0, 0, 250000, 250000
2015, RAJASTHAN, 8, ALWAR, 78, NEEMRANA, 1164, PRATAPSINGHPURA, 34130, 1096723, Total, 0, 0, 0, 0, 0, 0, 1049036, 1049036
2015, RAJASTHAN, 8, ALWAR, 78, NEEMRANA, 1164, RAIWANA, 34131, 1098260, Drinking water, 0, 0, 0, 0, 0, 0, 559449, 559449
2015, RAJASTHAN, 8, ALWAR, 78, NEEMRANA, 1164, RAIWANA, 34131, 1098260, Sanitation, 0, 0, 0, 0, 0, 0, 700000, 700000
2015, RAJASTHAN, 8, ALWAR, 78, NEEMRANA, 1164, RAIWANA, 34131, 1098260, Total, 0, 0, 0, 0, 0, 0, 1259449, 1259449
2015, RAJASTHAN, 8, ALWAR, 78, NEEMRANA, 1164, RODWAL, 34132, 1098252, Drinking water, 0, 0, 0, 0, 0, 0, 734589, 734589
2015, RAJASTHAN, 8, ALWAR, 78, NEEMRANA, 1164, RODWAL, 34132, 1098252, Roads, 0, 0, 0, 0, 0, 0, 500000, 500000
2015, RAJASTHAN, 8, ALWAR, 78, NEEMRANA, 1164, RODWAL, 34132, 1098252, Sanitation, 0, 0, 0, 0, 0, 0, 250000, 250000
2015, RAJASTHAN, 8, ALWAR, 78, NEEMRANA, 1164, RODWAL, 34132, 1098252, Total, 0, 0, 0, 0, 0, 0, 1484589, 1484589
2015, RAJASTHAN, 8, ALWAR, 78, NEEMRANA, 1164, SALARPUR, 34133, 1098250, Drinking water, 0, 0, 0, 0, 0, 0, 1306321, 1306321
2015, RAJASTHAN, 8, ALWAR, 78, NEEMRANA, 1164, SALARPUR, 34133, 1098250, Sanitation, 0, 0, 0, 0, 0, 0, 50000, 50000
2015, RAJASTHAN, 8, ALWAR, 78, NEEMRANA, 1164, SALARPUR, 34133, 1098250, Total, 0, 0, 0, 0, 0, 0, 1356321, 1356321
2015, RAJASTHAN, 8, ALWAR, 78, NEEMRANA, 1164, SANTO, 34134, 1096845, Drinking water, 0, 0, 0, 0, 0, 0, 789821, 789821
2015, RAJASTHAN, 8, ALWAR, 78, NEEMRANA, 1164, SANTO, 34134, 1096845, Sanitation, 0, 0, 0, 0, 0, 0, 504397, 504397
2015, RAJASTHAN, 8, ALWAR, 78, NEEMRANA, 1164, SANTO, 34134, 1096845, Total, 0, 0, 0, 0, 0, 0, 1294218, 1294218
2015, RAJASTHAN, 8, ALWAR, 78, NEEMRANA, 1164, SHAHJAHANPUR, 34135, 1097850, Drinking water, 0, 0, 0, 0, 0, 0, 500000, 500000
2015, RAJASTHAN, 8, ALWAR, 78, NEEMRANA, 1164, SHAHJAHANPUR, 34135, 1097850, Sanitation, 0, 0, 0, 0, 0, 0, 1604706, 1604706
2015, RAJASTHAN, 8, ALWAR, 78, NEEMRANA, 1164, SHAHJAHANPUR, 34135, 1097850, Social welfare, 0, 0, 0, 0, 0, 0, 245091, 245091
2015, RAJASTHAN, 8, ALWAR, 78, NEEMRANA, 1164, SHAHJAHANPUR, 34135, 1097850, Total, 0, 0, 0, 0, 0, 0, 2349797, 2349797
2015, RAJASTHAN, 8, ALWAR, 78, NEEMRANA, 1164, SHRIYANI, 34136, 1098503, Drinking water, 0, 0, 0, 0, 0, 0, 440000, 440000
2015, RAJASTHAN, 8, ALWAR, 78, NEEMRANA, 1164, SHRIYANI, 34136, 1098503, Sanitation, 0, 0, 0, 0, 0, 0, 400000, 400000
2015, RAJASTHAN, 8, ALWAR, 78, NEEMRANA, 1164, SHRIYANI, 34136, 1098503, Total, 0, 0, 0, 0, 0, 0, 840000, 840000
2015, RAJASTHAN, 8, ALWAR, 78, RAJGARH, 1165, ALEI, 34137, 1088091, Roads, 0, 0, 0, 0, 0, 0, 1418000, 1418000
2015, RAJASTHAN, 8, ALWAR, 78, RAJGARH, 1165, ALEI, 34137, 1088091, Total, 0, 0, 0, 0, 0, 0, 1418000, 1418000
2015, RAJASTHAN, 8, ALWAR, 78, RAJGARH, 1165, BALDEOGARH, 34138, 1098179, Roads, 0, 0, 0, 0, 0, 0, 900000, 900000
2015, RAJASTHAN, 8, ALWAR, 78, RAJGARH, 1165, BALDEOGARH, 34138, 1098179, Total, 0, 0, 0, 0, 0, 0, 900000, 900000
2015, RAJASTHAN, 8, ALWAR, 78, RAJGARH, 1165, BEEGHOTA, 34139, 1094886, Roads, 0, 0, 0, 0, 0, 0, 276000, 276000
2015, RAJASTHAN, 8, ALWAR, 78, RAJGARH, 1165, BEEGHOTA, 34139, 1094886, Total, 0, 0, 0, 0, 0, 0, 276000, 276000
2015, RAJASTHAN, 8, ALWAR, 78, RAJGARH, 1165, BHAJEDA, 34140, 1096370, Roads, 0, 0, 0, 0, 0, 0, 569000, 569000
2015, RAJASTHAN, 8, ALWAR, 78, RAJGARH, 1165, BHAJEDA, 34140, 1096370, Total, 0, 0, 0, 0, 0, 0, 569000, 569000
2015, RAJASTHAN, 8, ALWAR, 78, RAJGARH, 1165, DHAMRED, 34142, 1094758, Roads, 0, 0, 0, 0, 0, 0, 900000, 900000
2015, RAJASTHAN, 8, ALWAR, 78, RAJGARH, 1165, DHAMRED, 34142, 1094758, Total, 0, 0, 0, 0, 0, 0, 900000, 900000
2015, RAJASTHAN, 8, ALWAR, 78, RAJGARH, 1165, DIGAWARA, 34141, 1096688, Roads, 0, 0, 0, 0, 0, 0, 180000, 180000
2015, RAJASTHAN, 8, ALWAR, 78, RAJGARH, 1165, DIGAWARA, 34141, 1096688, Total, 0, 0, 0, 0, 0, 0, 180000, 180000
2015, RAJASTHAN, 8, ALWAR, 78, RAJGARH, 1165, DUBBI, 34143, 1095424, Roads, 0, 0, 0, 0, 0, 0, 750000, 750000
2015, RAJASTHAN, 8, ALWAR, 78, RAJGARH, 1165, DUBBI, 34143, 1095424, Total, 0, 0, 0, 0, 0, 0, 750000, 750000
2015, RAJASTHAN, 8, ALWAR, 78, RAJGARH, 1165, FIROZPUR JAGEER, 34144, 1087591, Roads, 0, 0, 0, 0, 0, 0, 750000, 750000
2015, RAJASTHAN, 8, ALWAR, 78, RAJGARH, 1165, FIROZPUR JAGEER, 34144, 1087591, Total, 0, 0, 0, 0, 0, 0, 750000, 750000
2015, RAJASTHAN, 8, ALWAR, 78, RAJGARH, 1165, GOLA KA BAS, 34145, 1088329, Roads, 0, 0, 0, 0, 0, 0, 1586500, 1586500
2015, RAJASTHAN, 8, ALWAR, 78, RAJGARH, 1165, GOLA KA BAS, 34145, 1088329, Total, 0, 0, 0, 0, 0, 0, 1586500, 1586500
2015, RAJASTHAN, 8, ALWAR, 78, RAJGARH, 1165, KHOH, 34147, 1099434, Education, 0, 0, 0, 0, 0, 0, 200000, 200000
2015, RAJASTHAN, 8, ALWAR, 78, RAJGARH, 1165, KHOH, 34147, 1099434, Maintenance of community system, 0, 0, 0, 0, 0, 0, 200000, 200000
2015, RAJASTHAN, 8, ALWAR, 78, RAJGARH, 1165, KHOH, 34147, 1099434, Total, 0, 0, 0, 0, 0, 0, 400000, 400000
2015, RAJASTHAN, 8, ALWAR, 78, RAJGARH, 1165, KLESHAN, 34146, 1095658, Roads, 0, 0, 0, 0, 0, 0, 170000, 170000
2015, RAJASTHAN, 8, ALWAR, 78, RAJGARH, 1165, KLESHAN, 34146, 1095658, Total, 0, 0, 0, 0, 0, 0, 170000, 170000
2015, RAJASTHAN, 8, ALWAR, 78, RAJGARH, 1165, KOONDLA, 34148, 1094701, Roads, 0, 0, 0, 0, 0, 0, 1000000, 1000000
2015, RAJASTHAN, 8, ALWAR, 78, RAJGARH, 1165, KOONDLA, 34148, 1094701, Total, 0, 0, 0, 0, 0, 0, 1000000, 1000000
2015, RAJASTHAN, 8, ALWAR, 78, RAJGARH, 1165, MALLANA, 34149, 1099119, Roads, 0, 0, 0, 0, 0, 0, 700000, 700000
2015, RAJASTHAN, 8, ALWAR, 78, RAJGARH, 1165, MALLANA, 34149, 1099119, Total, 0, 0, 0, 0, 0, 0, 700000, 700000
2015, RAJASTHAN, 8, ALWAR, 78, RAJGARH, 1165, MOTIWARA, 34150, 1094767, Roads, 0, 0, 0, 0, 0, 0, 500000, 500000
2015, RAJASTHAN, 8, ALWAR, 78, RAJGARH, 1165, MOTIWARA, 34150, 1094767, Total, 0, 0, 0, 0, 0, 0, 500000, 500000
2015, RAJASTHAN, 8, ALWAR, 78, RAJGARH, 1165, NATHALWARA, 34151, 1094783, Roads, 0, 0, 0, 0, 0, 0, 1500000, 1500000
2015, RAJASTHAN, 8, ALWAR, 78, RAJGARH, 1165, NATHALWARA, 34151, 1094783, Total, 0, 0, 0, 0, 0, 0, 1500000, 1500000
2015, RAJASTHAN, 8, ALWAR, 78, RAJGARH, 1165, NAYAGAON BOLKA, 34152, 1089854, Roads, 0, 0, 0, 0, 0, 0, 716000, 716000
2015, RAJASTHAN, 8, ALWAR, 78, RAJGARH, 1165, NAYAGAON BOLKA, 34152, 1089854, Total, 0, 0, 0, 0, 0, 0, 716000, 716000
2015, RAJASTHAN, 8, ALWAR, 78, RAJGARH, 1165, NEEMLA, 34153, 1094804, Roads, 0, 0, 0, 0, 0, 0, 650000, 650000
2015, RAJASTHAN, 8, ALWAR, 78, RAJGARH, 1165, NEEMLA, 34153, 1094804, Total, 0, 0, 0, 0, 0, 0, 650000, 650000
2015, RAJASTHAN, 8, ALWAR, 78, RAJGARH, 1165, PALWA, 34154, 1098170, Roads, 0, 0, 0, 0, 0, 0, 600000, 600000
2015, RAJASTHAN, 8, ALWAR, 78, RAJGARH, 1165, PALWA, 34154, 1098170, Total, 0, 0, 0, 0, 0, 0, 600000, 600000
2015, RAJASTHAN, 8, ALWAR, 78, RAJGARH, 1165, RAJGARH (RURAL), 34155, 1088197, Roads, 0, 0, 0, 0, 0, 0, 1250000, 1250000
2015, RAJASTHAN, 8, ALWAR, 78, RAJGARH, 1165, RAJGARH (RURAL), 34155, 1088197, Total, 0, 0, 0, 0, 0, 0, 1250000, 1250000
2015, RAJASTHAN, 8, ALWAR, 78, RAJGARH, 1165, RAJOR, 34156, 1096385, Roads, 0, 0, 0, 0, 0, 0, 750000, 750000
2015, RAJASTHAN, 8, ALWAR, 78, RAJGARH, 1165, RAJOR, 34156, 1096385, Total, 0, 0, 0, 0, 0, 0, 750000, 750000
2015, RAJASTHAN, 8, ALWAR, 78, RAJGARH, 1165, RAJPUR BARA, 34157, 1088232, Roads, 0, 0, 0, 0, 0, 0, 1000000, 1000000
2015, RAJASTHAN, 8, ALWAR, 78, RAJGARH, 1165, RAJPUR BARA, 34157, 1088232, Total, 0, 0, 0, 0, 0, 0, 1000000, 1000000
2015, RAJASTHAN, 8, ALWAR, 78, RAJGARH, 1165, SAKAT, 34158, 1096116, Roads, 0, 0, 0, 0, 0, 0, 1000000, 1000000
2015, RAJASTHAN, 8, ALWAR, 78, RAJGARH, 1165, SAKAT, 34158, 1096116, Total, 0, 0, 0, 0, 0, 0, 1000000, 1000000
2015, RAJASTHAN, 8, ALWAR, 78, RAJGARH, 1165, SHRI CHANDPURA, 34160, 1088311, Roads, 0, 0, 0, 0, 0, 0, 1000000, 1000000
2015, RAJASTHAN, 8, ALWAR, 78, RAJGARH, 1165, SHRI CHANDPURA, 34160, 1088311, Total, 0, 0, 0, 0, 0, 0, 1000000, 1000000
2015, RAJASTHAN, 8, ALWAR, 78, RAJGARH, 1165, SURER, 34161, 1094738, Roads, 0, 0, 0, 0, 0, 0, 750000, 750000
2015, RAJASTHAN, 8, ALWAR, 78, RAJGARH, 1165, SURER, 34161, 1094738, Total, 0, 0, 0, 0, 0, 0, 750000, 750000
2015, RAJASTHAN, 8, ALWAR, 78, RAJGARH, 1165, SYALUTA, 34159, 1094719, Roads, 0, 0, 0, 0, 0, 0, 500000, 500000
2015, RAJASTHAN, 8, ALWAR, 78, RAJGARH, 1165, SYALUTA, 34159, 1094719, Total, 0, 0, 0, 0, 0, 0, 500000, 500000
2015, RAJASTHAN, 8, ALWAR, 78, RAJGARH, 1165, TAHLA, 34162, 1095436, Roads, 0, 0, 0, 0, 0, 0, 1000000, 1000000
2015, RAJASTHAN, 8, ALWAR, 78, RAJGARH, 1165, TAHLA, 34162, 1095436, Total, 0, 0, 0, 0, 0, 0, 1000000, 1000000
2015, RAJASTHAN, 8, ALWAR, 78, RAJGARH, 1165, TALAB, 34163, 1095636, Roads, 0, 0, 0, 0, 0, 0, 750000, 750000
2015, RAJASTHAN, 8, ALWAR, 78, RAJGARH, 1165, TALAB, 34163, 1095636, Total, 0, 0, 0, 0, 0, 0, 750000, 750000
2015, RAJASTHAN, 8, ALWAR, 78, RAJGARH, 1165, THANA, 34164, 1094838, Roads, 0, 0, 0, 0, 0, 0, 700000, 700000
2015, RAJASTHAN, 8, ALWAR, 78, RAJGARH, 1165, THANA, 34164, 1094838, Total, 0, 0, 0, 0, 0, 0, 700000, 700000
2015, RAJASTHAN, 8, ALWAR, 78, RAJGARH, 1165, TILWAR, 34165, 1099185, Drinking water, 0, 0, 0, 0, 0, 0, 107812, 107812
2015, RAJASTHAN, 8, ALWAR, 78, RAJGARH, 1165, TILWAR, 34165, 1099185, Roads, 0, 0, 0, 0, 0, 0, 500000, 500000
2015, RAJASTHAN, 8, ALWAR, 78, RAJGARH, 1165, TILWAR, 34165, 1099185, Total, 0, 0, 0, 0, 0, 0, 607812, 607812
2015, RAJASTHAN, 8, ALWAR, 78, RAJGARH, 1165, TODA JAISINGHPURA, 34166, 1095158, Roads, 0, 0, 0, 0, 0, 0, 400000, 400000
2015, RAJASTHAN, 8, ALWAR, 78, RAJGARH, 1165, TODA JAISINGHPURA, 34166, 1095158, Total, 0, 0, 0, 0, 0, 0, 400000, 400000
2015, RAJASTHAN, 8, ALWAR, 78, RAJGARH, 1165, dhiroda, 262649, 1095716, Roads, 0, 0, 0, 0, 0, 0, 500000, 500000
2015, RAJASTHAN, 8, ALWAR, 78, RAJGARH, 1165, dhiroda, 262649, 1095716, Total, 0, 0, 0, 0, 0, 0, 500000, 500000
2015, RAJASTHAN, 8, ALWAR, 78, RAMGARH, 1166, BAHALA, 34169, 1096741, Drinking water, 0, 0, 0, 0, 0, 0, 150000, 150000
2015, RAJASTHAN, 8, ALWAR, 78, RAMGARH, 1166, BAHALA, 34169, 1096741, Total, 0, 0, 0, 0, 0, 0, 150000, 150000
2015, RAJASTHAN, 8, ALWAR, 78, RAMGARH, 1166, BHAJEET, 34171, 1087255, Sanitation, 0, 0, 0, 0, 0, 0, 1135000, 1135000
2015, RAJASTHAN, 8, ALWAR, 78, RAMGARH, 1166, BHAJEET, 34171, 1087255, Total, 0, 0, 0, 0, 0, 0, 1135000, 1135000
2015, RAJASTHAN, 8, ALWAR, 78, RAMGARH, 1166, Bagar Meo, 262077, 1096277, Roads, 0, 0, 0, 0, 0, 0, 747563, 747563
2015, RAJASTHAN, 8, ALWAR, 78, RAMGARH, 1166, Bagar Meo, 262077, 1096277, Total, 0, 0, 0, 0, 0, 0, 747563, 747563
2015, RAJASTHAN, 8, ALWAR, 78, RAMGARH, 1166, GOONDPUR, 34180, 1087432, Sanitation, 0, 0, 0, 0, 0, 0, 275686, 275686
2015, RAJASTHAN, 8, ALWAR, 78, RAMGARH, 1166, GOONDPUR, 34180, 1087432, Total, 0, 0, 0, 0, 0, 0, 275686, 275686
2015, RAJASTHAN, 8, ALWAR, 78, RAMGARH, 1166, HAJIPUR, 34181, 1087216, Maintenance of community system, 0, 0, 0, 0, 0, 0, 249990, 249990
2015, RAJASTHAN, 8, ALWAR, 78, RAMGARH, 1166, HAJIPUR, 34181, 1087216, Total, 0, 0, 0, 0, 0, 0, 249990, 249990
2015, RAJASTHAN, 8, ALWAR, 78, RAMGARH, 1166, KESROLI, 34184, 1096864, Roads, 0, 0, 0, 0, 0, 0, 249000, 249000
2015, RAJASTHAN, 8, ALWAR, 78, RAMGARH, 1166, KESROLI, 34184, 1096864, Total, 0, 0, 0, 0, 0, 0, 249000, 249000
2015, RAJASTHAN, 8, ALWAR, 78, RAMGARH, 1166, KHERI, 34185, 1086441, Drinking water, 0, 0, 0, 0, 0, 0, 87909, 87909
2015, RAJASTHAN, 8, ALWAR, 78, RAMGARH, 1166, KHERI, 34185, 1086441, Sanitation, 0, 0, 0, 0, 0, 0, 148811, 148811
2015, RAJASTHAN, 8, ALWAR, 78, RAMGARH, 1166, KHERI, 34185, 1086441, Total, 0, 0, 0, 0, 0, 0, 236720, 236720
2015, RAJASTHAN, 8, ALWAR, 78, RAMGARH, 1166, KHERLI SAIYED, 34186, 1096463, Roads, 0, 0, 0, 0, 0, 0, 750000, 750000
2015, RAJASTHAN, 8, ALWAR, 78, RAMGARH, 1166, KHERLI SAIYED, 34186, 1096463, Total, 0, 0, 0, 0, 0, 0, 750000, 750000
2015, RAJASTHAN, 8, ALWAR, 78, RAMGARH, 1166, KHUNTETA KALAN, 34189, 1096307, Drinking water, 0, 0, 0, 0, 0, 0, 118000, 118000
2015, RAJASTHAN, 8, ALWAR, 78, RAMGARH, 1166, KHUNTETA KALAN, 34189, 1096307, Total, 0, 0, 0, 0, 0, 0, 118000, 118000
2015, RAJASTHAN, 8, ALWAR, 78, RAMGARH, 1166, Khohrakarmali, 262079, 1088724, Sanitation, 0, 0, 0, 0, 0, 0, 248703, 248703
2015, RAJASTHAN, 8, ALWAR, 78, RAMGARH, 1166, Khohrakarmali, 262079, 1088724, Total, 0, 0, 0, 0, 0, 0, 248703, 248703
2015, RAJASTHAN, 8, ALWAR, 78, RAMGARH, 1166, Lalavandi, 262075, 1087215, Roads, 0, 0, 0, 0, 0, 0, 157000, 157000
2015, RAJASTHAN, 8, ALWAR, 78, RAMGARH, 1166, Lalavandi, 262075, 1087215, Sanitation, 0, 0, 0, 0, 0, 0, 425460, 425460
2015, RAJASTHAN, 8, ALWAR, 78, RAMGARH, 1166, Lalavandi, 262075, 1087215, Total, 0, 0, 0, 0, 0, 0, 582460, 582460
2015, RAJASTHAN, 8, ALWAR, 78, RAMGARH, 1166, MILAKPUR, 34190, 1097185, Roads, 0, 0, 0, 0, 0, 0, 250000, 250000
2015, RAJASTHAN, 8, ALWAR, 78, RAMGARH, 1166, MILAKPUR, 34190, 1097185, Total, 0, 0, 0, 0, 0, 0, 250000, 250000
2015, RAJASTHAN, 8, ALWAR, 78, RAMGARH, 1166, NANGLA BANJEERKA, 34192, 1096253, Roads, 0, 0, 0, 0, 0, 0, 142000, 142000
2015, RAJASTHAN, 8, ALWAR, 78, RAMGARH, 1166, NANGLA BANJEERKA, 34192, 1096253, Total, 0, 0, 0, 0, 0, 0, 142000, 142000
2015, RAJASTHAN, 8, ALWAR, 78, RAMGARH, 1166, PATA, 34196, 1096846, Roads, 0, 0, 0, 0, 0, 0, 843000, 843000
2015, RAJASTHAN, 8, ALWAR, 78, RAMGARH, 1166, PATA, 34196, 1096846, Total, 0, 0, 0, 0, 0, 0, 843000, 843000
2015, RAJASTHAN, 8, ALWAR, 78, RAMGARH, 1166, RAMGARH, 34199, 1088144, Health, 0, 0, 0, 0, 0, 0, 241000, 241000
2015, RAJASTHAN, 8, ALWAR, 78, RAMGARH, 1166, RAMGARH, 34199, 1088144, Public distribution system, 0, 0, 0, 0, 0, 0, 250000, 250000
2015, RAJASTHAN, 8, ALWAR, 78, RAMGARH, 1166, RAMGARH, 34199, 1088144, Total, 0, 0, 0, 0, 0, 0, 491000, 491000
2015, RAJASTHAN, 8, ALWAR, 78, RAMGARH, 1166, RASGAN, 34200, 1096197, Roads, 0, 0, 0, 0, 0, 0, 654647, 654647
2015, RAJASTHAN, 8, ALWAR, 78, RAMGARH, 1166, RASGAN, 34200, 1096197, Total, 0, 0, 0, 0, 0, 0, 654647, 654647
2015, RAJASTHAN, 8, ALWAR, 78, RAMGARH, 1166, SENTHLI, 34202, 1096158, Drinking water, 0, 0, 0, 0, 0, 0, 367453, 367453
2015, RAJASTHAN, 8, ALWAR, 78, RAMGARH, 1166, SENTHLI, 34202, 1096158, Roads, 0, 0, 0, 0, 0, 0, 1266265, 1266265
2015, RAJASTHAN, 8, ALWAR, 78, RAMGARH, 1166, SENTHLI, 34202, 1096158, Sanitation, 0, 0, 0, 0, 0, 0, 460000, 460000
2015, RAJASTHAN, 8, ALWAR, 78, RAMGARH, 1166, SENTHLI, 34202, 1096158, Total, 0, 0, 0, 0, 0, 0, 2093718, 2093718
2015, RAJASTHAN, 8, ALWAR, 78, RENI, 1167, BAHADKHO KALAN, 34205, 1086185, Drinking water, 0, 0, 0, 0, 0, 0, 18000, 18000
2015, RAJASTHAN, 8, ALWAR, 78, RENI, 1167, BAHADKHO KALAN, 34205, 1086185, Roads, 0, 0, 0, 0, 0, 0, 15300, 15300
2015, RAJASTHAN, 8, ALWAR, 78, RENI, 1167, BAHADKHO KALAN, 34205, 1086185, Total, 0, 0, 0, 0, 0, 0, 33300, 33300
2015, RAJASTHAN, 8, ALWAR, 78, RENI, 1167, BAIRER, 34206, 1092791, Drinking water, 0, 0, 0, 0, 0, 0, 630000, 630000
2015, RAJASTHAN, 8, ALWAR, 78, RENI, 1167, BAIRER, 34206, 1092791, Roads, 0, 0, 0, 0, 0, 0, 462069, 462069
2015, RAJASTHAN, 8, ALWAR, 78, RENI, 1167, BAIRER, 34206, 1092791, Total, 0, 0, 0, 0, 0, 0, 1092069, 1092069
2015, RAJASTHAN, 8, ALWAR, 78, RENI, 1167, BHAJERA, 34208, 1096853, Drinking water, 0, 0, 0, 0, 0, 0, 151135, 151135
2015, RAJASTHAN, 8, ALWAR, 78, RENI, 1167, BHAJERA, 34208, 1096853, Maintenance of community system, 0, 0, 0, 0, 0, 0, 312626, 312626
2015, RAJASTHAN, 8, ALWAR, 78, RENI, 1167, BHAJERA, 34208, 1096853, Roads, 0, 0, 0, 0, 0, 0, 1560389, 1560389
2015, RAJASTHAN, 8, ALWAR, 78, RENI, 1167, BHAJERA, 34208, 1096853, Total, 0, 0, 0, 0, 0, 0, 2024150, 2024150
2015, RAJASTHAN, 8, ALWAR, 78, RENI, 1167, BHOODA, 34209, 1099096, Drinking water, 0, 0, 0, 0, 0, 0, 700000, 700000
2015, RAJASTHAN, 8, ALWAR, 78, RENI, 1167, BHOODA, 34209, 1099096, Roads, 0, 0, 0, 0, 0, 0, 794070, 794070
2015, RAJASTHAN, 8, ALWAR, 78, RENI, 1167, BHOODA, 34209, 1099096, Total, 0, 0, 0, 0, 0, 0, 1494070, 1494070
2015, RAJASTHAN, 8, ALWAR, 78, RENI, 1167, BHULERI, 34210, 1096830, Drinking water, 0, 0, 0, 0, 0, 0, 280000, 280000
2015, RAJASTHAN, 8, ALWAR, 78, RENI, 1167, BHULERI, 34210, 1096830, Maintenance of community system, 0, 0, 0, 0, 0, 0, 86000, 86000
2015, RAJASTHAN, 8, ALWAR, 78, RENI, 1167, BHULERI, 34210, 1096830, Roads, 0, 0, 0, 0, 0, 0, 1126381, 1126381
2015, RAJASTHAN, 8, ALWAR, 78, RENI, 1167, BHULERI, 34210, 1096830, Total, 0, 0, 0, 0, 0, 0, 1492381, 1492381
2015, RAJASTHAN, 8, ALWAR, 78, RENI, 1167, BILETA, 34207, 1087284, Drinking water, 0, 0, 0, 0, 0, 0, 39912, 39912
2015, RAJASTHAN, 8, ALWAR, 78, RENI, 1167, BILETA, 34207, 1087284, Roads, 0, 0, 0, 0, 0, 0, 480152, 480152
2015, RAJASTHAN, 8, ALWAR, 78, RENI, 1167, BILETA, 34207, 1087284, Total, 0, 0, 0, 0, 0, 0, 520064, 520064
2015, RAJASTHAN, 8, ALWAR, 78, RENI, 1167, CHHILODI, 34212, 1098622, Roads, 0, 0, 0, 0, 0, 0, 759000, 759000
2015, RAJASTHAN, 8, ALWAR, 78, RENI, 1167, CHHILODI, 34212, 1098622, Total, 0, 0, 0, 0, 0, 0, 759000, 759000
2015, RAJASTHAN, 8, ALWAR, 78, RENI, 1167, DERA, 34213, 1084611, Drinking water, 0, 0, 0, 0, 0, 0, 118168, 118168
2015, RAJASTHAN, 8, ALWAR, 78, RENI, 1167, DERA, 34213, 1084611, Roads, 0, 0, 0, 0, 0, 0, 376041, 376041
2015, RAJASTHAN, 8, ALWAR, 78, RENI, 1167, DERA, 34213, 1084611, Total, 0, 0, 0, 0, 0, 0, 494209, 494209
2015, RAJASTHAN, 8, ALWAR, 78, RENI, 1167, DOROLI, 34214, 1087973, Cultural activities, 0, 0, 0, 0, 0, 0, 398660, 398660
2015, RAJASTHAN, 8, ALWAR, 78, RENI, 1167, DOROLI, 34214, 1087973, Drinking water, 0, 0, 0, 0, 0, 0, 234630, 234630
2015, RAJASTHAN, 8, ALWAR, 78, RENI, 1167, DOROLI, 34214, 1087973, Total, 0, 0, 0, 0, 0, 0, 633290, 633290
2015, RAJASTHAN, 8, ALWAR, 78, RENI, 1167, GARHI SAWAIRAM, 34215, 1084343, Roads, 0, 0, 0, 0, 0, 0, 1796262, 1796262
2015, RAJASTHAN, 8, ALWAR, 78, RENI, 1167, GARHI SAWAIRAM, 34215, 1084343, Total, 0, 0, 0, 0, 0, 0, 1796262, 1796262
2015, RAJASTHAN, 8, ALWAR, 78, RENI, 1167, ITOLI, 34216, 1086094, Drinking water, 0, 0, 0, 0, 139942, 0, 139942, 279884
2015, RAJASTHAN, 8, ALWAR, 78, RENI, 1167, ITOLI, 34216, 1086094, Total, 0, 0, 0, 0, 139942, 0, 139942, 279884
2015, RAJASTHAN, 8, ALWAR, 78, RENI, 1167, JAMDOLI, 34217, 1098679, Drinking water, 0, 0, 0, 0, 0, 0, 1010000, 1010000
2015, RAJASTHAN, 8, ALWAR, 78, RENI, 1167, JAMDOLI, 34217, 1098679, Roads, 0, 0, 0, 0, 0, 0, 100000, 100000
2015, RAJASTHAN, 8, ALWAR, 78, RENI, 1167, JAMDOLI, 34217, 1098679, Total, 0, 0, 0, 0, 0, 0, 1110000, 1110000
2015, RAJASTHAN, 8, ALWAR, 78, RENI, 1167, KANETI, 34218, 1086641, Drinking water, 0, 0, 0, 0, 0, 0, 623567, 623567
2015, RAJASTHAN, 8, ALWAR, 78, RENI, 1167, KANETI, 34218, 1086641, Total, 0, 0, 0, 0, 0, 0, 623567, 623567
2015, RAJASTHAN, 8, ALWAR, 78, RENI, 1167, KEELPUR, 34219, 1098077, Drinking water, 0, 0, 0, 0, 0, 0, 350000, 350000
2015, RAJASTHAN, 8, ALWAR, 78, RENI, 1167, KEELPUR, 34219, 1098077, Roads, 0, 0, 0, 0, 0, 0, 748000, 748000
2015, RAJASTHAN, 8, ALWAR, 78, RENI, 1167, KEELPUR, 34219, 1098077, Total, 0, 0, 0, 0, 0, 0, 1098000, 1098000
2015, RAJASTHAN, 8, ALWAR, 78, RENI, 1167, MACHARI, 34220, 1098706, Roads, 0, 0, 0, 0, 0, 0, 1592000, 1592000
2015, RAJASTHAN, 8, ALWAR, 78, RENI, 1167, MACHARI, 34220, 1098706, Total, 0, 0, 0, 0, 0, 0, 1592000, 1592000
2015, RAJASTHAN, 8, ALWAR, 78, RENI, 1167, PADA, 34221, 1088147, Drinking water, 0, 0, 0, 0, 0, 0, 343778, 343778
2015, RAJASTHAN, 8, ALWAR, 78, RENI, 1167, PADA, 34221, 1088147, Total, 0, 0, 0, 0, 0, 0, 343778, 343778
2015, RAJASTHAN, 8, ALWAR, 78, RENI, 1167, PARBAINI, 34222, 1084508, Drinking water, 0, 0, 0, 0, 0, 0, 269932, 269932
2015, RAJASTHAN, 8, ALWAR, 78, RENI, 1167, PARBAINI, 34222, 1084508, Total, 0, 0, 0, 0, 0, 0, 269932, 269932
2015, RAJASTHAN, 8, ALWAR, 78, RENI, 1167, PARBAINI, 34222, 1084557, Drinking water, 0, 0, 0, 0, 0, 0, 242110, 242110
2015, RAJASTHAN, 8, ALWAR, 78, RENI, 1167, PARBAINI, 34222, 1084557, Roads, 0, 0, 0, 0, 0, 0, 151841, 151841
2015, RAJASTHAN, 8, ALWAR, 78, RENI, 1167, PARBAINI, 34222, 1084557, Total, 0, 0, 0, 0, 0, 0, 393951, 393951
2015, RAJASTHAN, 8, ALWAR, 78, RENI, 1167, PATAN, 34223, 1098383, Drinking water, 0, 0, 0, 0, 0, 0, 76000, 76000
2015, RAJASTHAN, 8, ALWAR, 78, RENI, 1167, PATAN, 34223, 1098383, Roads, 0, 0, 0, 0, 0, 0, 1058000, 1058000
2015, RAJASTHAN, 8, ALWAR, 78, RENI, 1167, PATAN, 34223, 1098383, Total, 0, 0, 0, 0, 0, 0, 1134000, 1134000
2015, RAJASTHAN, 8, ALWAR, 78, RENI, 1167, PINAN, 34224, 1098470, Drinking water, 0, 0, 0, 0, 0, 0, 507050, 507050
2015, RAJASTHAN, 8, ALWAR, 78, RENI, 1167, PINAN, 34224, 1098470, Sanitation, 0, 0, 0, 0, 0, 0, 388000, 388000
2015, RAJASTHAN, 8, ALWAR, 78, RENI, 1167, PINAN, 34224, 1098470, Total, 0, 0, 0, 0, 0, 0, 895050, 895050
2015, RAJASTHAN, 8, ALWAR, 78, RENI, 1167, PRAGPURA, 34225, 1098412, Drinking water, 0, 0, 0, 0, 0, 0, 1050000, 1050000
2015, RAJASTHAN, 8, ALWAR, 78, RENI, 1167, PRAGPURA, 34225, 1098412, Total, 0, 0, 0, 0, 0, 0, 1050000, 1050000
2015, RAJASTHAN, 8, ALWAR, 78, RENI, 1167, RAJPUR CHHOTA, 34226, 1086686, Drinking water, 0, 0, 0, 0, 0, 0, 669078, 669078
2015, RAJASTHAN, 8, ALWAR, 78, RENI, 1167, RAJPUR CHHOTA, 34226, 1086686, Total, 0, 0, 0, 0, 0, 0, 669078, 669078
2015, RAJASTHAN, 8, ALWAR, 78, RENI, 1167, RAMPURA, 34227, 1098193, Cultural activities, 0, 0, 0, 0, 0, 0, 93000, 93000
2015, RAJASTHAN, 8, ALWAR, 78, RENI, 1167, RAMPURA, 34227, 1098193, Drinking water, 0, 0, 0, 0, 0, 0, 46300, 46300
2015, RAJASTHAN, 8, ALWAR, 78, RENI, 1167, RAMPURA, 34227, 1098193, Maintenance of community system, 0, 0, 0, 0, 0, 0, 157754, 157754
2015, RAJASTHAN, 8, ALWAR, 78, RENI, 1167, RAMPURA, 34227, 1098193, Roads, 0, 0, 0, 0, 0, 0, 659000, 659000
2015, RAJASTHAN, 8, ALWAR, 78, RENI, 1167, RAMPURA, 34227, 1098193, Total, 0, 0, 0, 0, 0, 0, 956054, 956054
2015, RAJASTHAN, 8, ALWAR, 78, RENI, 1167, RENI, 34228, 1087470, Drinking water, 0, 0, 0, 0, 0, 0, 69900, 69900
2015, RAJASTHAN, 8, ALWAR, 78, RENI, 1167, RENI, 34228, 1087470, Roads, 0, 0, 0, 0, 0, 0, 422661, 422661
2015, RAJASTHAN, 8, ALWAR, 78, RENI, 1167, RENI, 34228, 1087470, Total, 0, 0, 0, 0, 0, 0, 492561, 492561
2015, RAJASTHAN, 8, ALWAR, 78, RENI, 1167, SALOLI, 34211, 1087639, Drinking water, 0, 0, 0, 0, 0, 0, 699710, 699710
2015, RAJASTHAN, 8, ALWAR, 78, RENI, 1167, SALOLI, 34211, 1087639, Total, 0, 0, 0, 0, 0, 0, 699710, 699710
2015, RAJASTHAN, 8, ALWAR, 78, RENI, 1167, TAHTARA, 34229, 1088125, Drinking water, 0, 0, 0, 0, 0, 0, 467578, 467578
2015, RAJASTHAN, 8, ALWAR, 78, RENI, 1167, TAHTARA, 34229, 1088125, Total, 0, 0, 0, 0, 0, 0, 467578, 467578
2015, RAJASTHAN, 8, ALWAR, 78, RENI, 1167, VABELI, 34204, 1099089, Drinking water, 0, 0, 0, 0, 0, 0, 1184000, 1184000
2015, RAJASTHAN, 8, ALWAR, 78, RENI, 1167, VABELI, 34204, 1099089, Total, 0, 0, 0, 0, 0, 0, 1184000, 1184000
2015, RAJASTHAN, 8, ALWAR, 78, THANAGAZI, 1168, AGAR, 34230, 1101034, Roads, 0, 0, 0, 0, 0, 0, 1183616, 1183616
2015, RAJASTHAN, 8, ALWAR, 78, THANAGAZI, 1168, AGAR, 34230, 1101034, Total, 0, 0, 0, 0, 0, 0, 1183616, 1183616
2015, RAJASTHAN, 8, ALWAR, 78, THANAGAZI, 1168, AJABGARH, 34231, 1101144, Drinking water, 0, 0, 0, 0, 0, 0, 905898, 905898
2015, RAJASTHAN, 8, ALWAR, 78, THANAGAZI, 1168, AJABGARH, 34231, 1101144, Total, 0, 0, 0, 0, 0, 0, 905898, 905898
2015, RAJASTHAN, 8, ALWAR, 78, THANAGAZI, 1168, AJABPURA, 34232, 1114387, Drinking water, 0, 0, 0, 0, 0, 0, 276935, 276935
2015, RAJASTHAN, 8, ALWAR, 78, THANAGAZI, 1168, AJABPURA, 34232, 1114387, Roads, 0, 0, 0, 0, 0, 0, 670969, 670969
2015, RAJASTHAN, 8, ALWAR, 78, THANAGAZI, 1168, AJABPURA, 34232, 1114387, Sanitation, 0, 0, 0, 0, 0, 0, 59838, 59838
2015, RAJASTHAN, 8, ALWAR, 78, THANAGAZI, 1168, AJABPURA, 34232, 1114387, Total, 0, 0, 0, 0, 0, 0, 1007742, 1007742
2015, RAJASTHAN, 8, ALWAR, 78, THANAGAZI, 1168, ANGARI, 34233, 1117218, Drinking water, 0, 0, 0, 0, 0, 0, 533846, 533846
2015, RAJASTHAN, 8, ALWAR, 78, THANAGAZI, 1168, ANGARI, 34233, 1117218, Roads, 0, 0, 0, 0, 0, 0, 500000, 500000
2015, RAJASTHAN, 8, ALWAR, 78, THANAGAZI, 1168, ANGARI, 34233, 1117218, Total, 0, 0, 0, 0, 0, 0, 1033846, 1033846
2015, RAJASTHAN, 8, ALWAR, 78, THANAGAZI, 1168, BAMANWAS CHAUGAN, 34234, 1099402, Drinking water, 0, 0, 0, 0, 0, 0, 1079847, 1079847
2015, RAJASTHAN, 8, ALWAR, 78, THANAGAZI, 1168, BAMANWAS CHAUGAN, 34234, 1099402, Total, 0, 0, 0, 0, 0, 0, 1079847, 1079847
2015, RAJASTHAN, 8, ALWAR, 78, THANAGAZI, 1168, BAMANWAS KANKAR, 34235, 1107612, Drinking water, 0, 0, 0, 0, 0, 0, 384000, 384000
2015, RAJASTHAN, 8, ALWAR, 78, THANAGAZI, 1168, BAMANWAS KANKAR, 34235, 1107612, Education, 0, 0, 0, 0, 0, 0, 52000, 52000
2015, RAJASTHAN, 8, ALWAR, 78, THANAGAZI, 1168, BAMANWAS KANKAR, 34235, 1107612, Maintenance of community system, 0, 0, 0, 0, 0, 0, 97851, 97851
2015, RAJASTHAN, 8, ALWAR, 78, THANAGAZI, 1168, BAMANWAS KANKAR, 34235, 1107612, Roads, 0, 0, 0, 0, 0, 0, 1150000, 1150000
2015, RAJASTHAN, 8, ALWAR, 78, THANAGAZI, 1168, BAMANWAS KANKAR, 34235, 1107612, Total, 0, 0, 0, 0, 0, 0, 1683851, 1683851
2015, RAJASTHAN, 8, ALWAR, 78, THANAGAZI, 1168, BASAI JOGIYAN, 34236, 1101127, Drinking water, 0, 0, 0, 0, 0, 0, 517381, 517381
2015, RAJASTHAN, 8, ALWAR, 78, THANAGAZI, 1168, BASAI JOGIYAN, 34236, 1101127, Roads, 0, 0, 0, 0, 0, 0, 978400, 978400
2015, RAJASTHAN, 8, ALWAR, 78, THANAGAZI, 1168, BASAI JOGIYAN, 34236, 1101127, Total, 0, 0, 0, 0, 0, 0, 1495781, 1495781
2015, RAJASTHAN, 8, ALWAR, 78, THANAGAZI, 1168, BHANGDOLI, 34237, 1103474, Drinking water, 0, 0, 0, 0, 0, 0, 313356, 313356
2015, RAJASTHAN, 8, ALWAR, 78, THANAGAZI, 1168, BHANGDOLI, 34237, 1103474, Roads, 0, 0, 0, 0, 0, 0, 900000, 900000
2015, RAJASTHAN, 8, ALWAR, 78, THANAGAZI, 1168, BHANGDOLI, 34237, 1103474, Total, 0, 0, 0, 0, 0, 0, 1213356, 1213356
2015, RAJASTHAN, 8, ALWAR, 78, THANAGAZI, 1168, BHOODIYAWAS, 34238, 1101041, Drinking water, 0, 0, 0, 0, 0, 0, 1194528, 1194528
2015, RAJASTHAN, 8, ALWAR, 78, THANAGAZI, 1168, BHOODIYAWAS, 34238, 1101041, Total, 0, 0, 0, 0, 0, 0, 1194528, 1194528
2015, RAJASTHAN, 8, ALWAR, 78, THANAGAZI, 1168, CHANDPURI, 34239, 1120310, Administrative & Technical Support, 0, 0, 0, 0, 0, 0, 128020, 128020
2015, RAJASTHAN, 8, ALWAR, 78, THANAGAZI, 1168, CHANDPURI, 34239, 1120310, Drinking water, 0, 0, 0, 0, 0, 0, 275000, 275000
2015, RAJASTHAN, 8, ALWAR, 78, THANAGAZI, 1168, CHANDPURI, 34239, 1120310, Roads, 0, 0, 0, 0, 0, 0, 750000, 750000
2015, RAJASTHAN, 8, ALWAR, 78, THANAGAZI, 1168, CHANDPURI, 34239, 1120310, Total, 0, 0, 0, 0, 0, 0, 1153020, 1153020
2015, RAJASTHAN, 8, ALWAR, 78, THANAGAZI, 1168, DUHAR CHAUGAN, 34241, 1099197, Drinking water, 0, 0, 0, 0, 0, 0, 1115547, 1115547
2015, RAJASTHAN, 8, ALWAR, 78, THANAGAZI, 1168, DUHAR CHAUGAN, 34241, 1099197, Roads, 0, 0, 0, 0, 0, 0, 300000, 300000
2015, RAJASTHAN, 8, ALWAR, 78, THANAGAZI, 1168, DUHAR CHAUGAN, 34241, 1099197, Total, 0, 0, 0, 0, 0, 0, 1415547, 1415547
2015, RAJASTHAN, 8, ALWAR, 78, THANAGAZI, 1168, DWARAPUR, 34240, 1123099, Drinking water, 0, 0, 0, 0, 0, 0, 797978, 797978
2015, RAJASTHAN, 8, ALWAR, 78, THANAGAZI, 1168, DWARAPUR, 34240, 1123099, Roads, 0, 0, 0, 0, 0, 0, 247422, 247422
2015, RAJASTHAN, 8, ALWAR, 78, THANAGAZI, 1168, DWARAPUR, 34240, 1123099, Total, 0, 0, 0, 0, 0, 0, 1045400, 1045400
2015, RAJASTHAN, 8, ALWAR, 78, THANAGAZI, 1168, GARH BASAI, 34242, 1103562, Drinking water, 0, 0, 0, 0, 0, 0, 456114, 456114
2015, RAJASTHAN, 8, ALWAR, 78, THANAGAZI, 1168, GARH BASAI, 34242, 1103562, Roads, 0, 0, 0, 0, 0, 0, 496000, 496000
2015, RAJASTHAN, 8, ALWAR, 78, THANAGAZI, 1168, GARH BASAI, 34242, 1103562, Total, 0, 0, 0, 0, 0, 0, 952114, 952114
2015, RAJASTHAN, 8, ALWAR, 78, THANAGAZI, 1168, GARHI, 34243, 1099676, Drinking water, 0, 0, 0, 0, 0, 0, 1150000, 1150000
2015, RAJASTHAN, 8, ALWAR, 78, THANAGAZI, 1168, GARHI, 34243, 1099676, Rural housing, 0, 0, 0, 0, 0, 0, 366321, 366321
2015, RAJASTHAN, 8, ALWAR, 78, THANAGAZI, 1168, GARHI, 34243, 1099676, Total, 0, 0, 0, 0, 0, 0, 1516321, 1516321
2015, RAJASTHAN, 8, ALWAR, 78, THANAGAZI, 1168, GURHA CHURANI, 34244, 1103500, Drinking water, 0, 0, 0, 0, 0, 0, 296306, 296306
2015, RAJASTHAN, 8, ALWAR, 78, THANAGAZI, 1168, GURHA CHURANI, 34244, 1103500, Roads, 0, 0, 0, 0, 0, 0, 950000, 950000
2015, RAJASTHAN, 8, ALWAR, 78, THANAGAZI, 1168, GURHA CHURANI, 34244, 1103500, Total, 0, 0, 0, 0, 0, 0, 1246306, 1246306
2015, RAJASTHAN, 8, ALWAR, 78, THANAGAZI, 1168, HARNER, 34245, 1099396, Drinking water, 0, 0, 0, 0, 0, 0, 442699, 442699
2015, RAJASTHAN, 8, ALWAR, 78, THANAGAZI, 1168, HARNER, 34245, 1099396, Roads, 0, 0, 0, 0, 0, 0, 500000, 500000
2015, RAJASTHAN, 8, ALWAR, 78, THANAGAZI, 1168, HARNER, 34245, 1099396, Total, 0, 0, 0, 0, 0, 0, 942699, 942699
2015, RAJASTHAN, 8, ALWAR, 78, THANAGAZI, 1168, JHIRI, 34246, 1117211, Drinking water, 0, 0, 0, 0, 0, 0, 580489, 580489
2015, RAJASTHAN, 8, ALWAR, 78, THANAGAZI, 1168, JHIRI, 34246, 1117211, Roads, 0, 0, 0, 0, 0, 0, 500000, 500000
2015, RAJASTHAN, 8, ALWAR, 78, THANAGAZI, 1168, JHIRI, 34246, 1117211, Total, 0, 0, 0, 0, 0, 0, 1080489, 1080489
2015, RAJASTHAN, 8, ALWAR, 78, THANAGAZI, 1168, KHARKHARI KALAN, 34247, 1151465, Drinking water, 0, 0, 0, 0, 0, 0, 435541, 435541
2015, RAJASTHAN, 8, ALWAR, 78, THANAGAZI, 1168, KHARKHARI KALAN, 34247, 1151465, Roads, 0, 0, 0, 0, 0, 0, 750000, 750000
2015, RAJASTHAN, 8, ALWAR, 78, THANAGAZI, 1168, KHARKHARI KALAN, 34247, 1151465, Total, 0, 0, 0, 0, 0, 0, 1185541, 1185541
2015, RAJASTHAN, 8, ALWAR, 78, THANAGAZI, 1168, KISHORI, 34248, 1101051, Drinking water, 0, 0, 0, 0, 0, 0, 1048608, 1048608
2015, RAJASTHAN, 8, ALWAR, 78, THANAGAZI, 1168, KISHORI, 34248, 1101051, Total, 0, 0, 0, 0, 0, 0, 1048608, 1048608
2015, RAJASTHAN, 8, ALWAR, 78, THANAGAZI, 1168, KOLAHERA, 34249, 1107618, Drinking water, 0, 0, 0, 0, 0, 0, 150000, 150000
2015, RAJASTHAN, 8, ALWAR, 78, THANAGAZI, 1168, KOLAHERA, 34249, 1107618, Maintenance of community system, 0, 0, 0, 0, 0, 0, 492536, 492536
2015, RAJASTHAN, 8, ALWAR, 78, THANAGAZI, 1168, KOLAHERA, 34249, 1107618, Roads, 0, 0, 0, 0, 0, 0, 500000, 500000
2015, RAJASTHAN, 8, ALWAR, 78, THANAGAZI, 1168, KOLAHERA, 34249, 1107618, Total, 0, 0, 0, 0, 0, 0, 1142536, 1142536
2015, RAJASTHAN, 8, ALWAR, 78, THANAGAZI, 1168, KYARA, 34250, 1098692, Drinking water, 0, 0, 0, 0, 0, 0, 904732, 904732
2015, RAJASTHAN, 8, ALWAR, 78, THANAGAZI, 1168, KYARA, 34250, 1098692, Health, 0, 0, 0, 0, 0, 0, 250000, 250000
2015, RAJASTHAN, 8, ALWAR, 78, THANAGAZI, 1168, KYARA, 34250, 1098692, Total, 0, 0, 0, 0, 0, 0, 1154732, 1154732
2015, RAJASTHAN, 8, ALWAR, 78, THANAGAZI, 1168, LALPURA, 34251, 1101066, Drinking water, 0, 0, 0, 0, 0, 0, 1304737, 1304737
2015, RAJASTHAN, 8, ALWAR, 78, THANAGAZI, 1168, LALPURA, 34251, 1101066, Total, 0, 0, 0, 0, 0, 0, 1304737, 1304737
2015, RAJASTHAN, 8, ALWAR, 78, THANAGAZI, 1168, MALOOTANA, 34252, 1117205, Drinking water, 0, 0, 0, 0, 0, 0, 275260, 275260
2015, RAJASTHAN, 8, ALWAR, 78, THANAGAZI, 1168, MALOOTANA, 34252, 1117205, Roads, 0, 0, 0, 0, 0, 0, 1230578, 1230578
2015, RAJASTHAN, 8, ALWAR, 78, THANAGAZI, 1168, MALOOTANA, 34252, 1117205, Total, 0, 0, 0, 0, 0, 0, 1505838, 1505838
2015, RAJASTHAN, 8, ALWAR, 78, THANAGAZI, 1168, MUNDAWARA, 34253, 1096897, Drinking water, 0, 0, 0, 0, 0, 0, 36980, 36980
2015, RAJASTHAN, 8, ALWAR, 78, THANAGAZI, 1168, MUNDAWARA, 34253, 1096897, Roads, 0, 0, 0, 0, 0, 0, 739824, 739824
2015, RAJASTHAN, 8, ALWAR, 78, THANAGAZI, 1168, MUNDAWARA, 34253, 1096897, Total, 0, 0, 0, 0, 0, 0, 776804, 776804
2015, RAJASTHAN, 8, ALWAR, 78, THANAGAZI, 1168, NANGAL BANI, 34254, 1101583, Drinking water, 0, 0, 0, 0, 0, 0, 97488, 97488
2015, RAJASTHAN, 8, ALWAR, 78, THANAGAZI, 1168, NANGAL BANI, 34254, 1101583, Roads, 0, 0, 0, 0, 0, 0, 750000, 750000
2015, RAJASTHAN, 8, ALWAR, 78, THANAGAZI, 1168, NANGAL BANI, 34254, 1101583, Total, 0, 0, 0, 0, 0, 0, 847488, 847488
2015, RAJASTHAN, 8, ALWAR, 78, THANAGAZI, 1168, NARAYANPUR, 34255, 1117732, Drinking water, 0, 0, 0, 0, 0, 0, 1206381, 1206381
2015, RAJASTHAN, 8, ALWAR, 78, THANAGAZI, 1168, NARAYANPUR, 34255, 1117732, Roads, 0, 0, 0, 0, 0, 0, 2650000, 2650000
2015, RAJASTHAN, 8, ALWAR, 78, THANAGAZI, 1168, NARAYANPUR, 34255, 1117732, Total, 0, 0, 0, 0, 0, 0, 3856381, 3856381
2015, RAJASTHAN, 8, ALWAR, 78, THANAGAZI, 1168, NATHOOSAR, 34256, 1096866, Drinking water, 0, 0, 0, 0, 0, 0, 596260, 596260
2015, RAJASTHAN, 8, ALWAR, 78, THANAGAZI, 1168, NATHOOSAR, 34256, 1096866, Total, 0, 0, 0, 0, 0, 0, 596260, 596260
2015, RAJASTHAN, 8, ALWAR, 78, THANAGAZI, 1168, PADAK CHHAPLI, 34257, 1101133, Roads, 0, 0, 0, 0, 0, 0, 1353071, 1353071
2015, RAJASTHAN, 8, ALWAR, 78, THANAGAZI, 1168, PADAK CHHAPLI, 34257, 1101133, Total, 0, 0, 0, 0, 0, 0, 1353071, 1353071
2015, RAJASTHAN, 8, ALWAR, 78, THANAGAZI, 1168, PIPLAI, 34258, 1099145, Drinking water, 0, 0, 0, 0, 0, 0, 728976, 728976
2015, RAJASTHAN, 8, ALWAR, 78, THANAGAZI, 1168, PIPLAI, 34258, 1099145, Roads, 0, 0, 0, 0, 0, 0, 500000, 500000
2015, RAJASTHAN, 8, ALWAR, 78, THANAGAZI, 1168, PIPLAI, 34258, 1099145, Total, 0, 0, 0, 0, 0, 0, 1228976, 1228976
2015, RAJASTHAN, 8, ALWAR, 78, THANAGAZI, 1168, PRATAPGARH, 34259, 1096949, Fisheries, 0, 0, 0, 0, 0, 0, 233019, 233019
2015, RAJASTHAN, 8, ALWAR, 78, THANAGAZI, 1168, PRATAPGARH, 34259, 1096949, Roads, 0, 0, 0, 0, 0, 0, 1237052, 1237052
2015, RAJASTHAN, 8, ALWAR, 78, THANAGAZI, 1168, PRATAPGARH, 34259, 1096949, Total, 0, 0, 0, 0, 0, 0, 1470071, 1470071
2015, RAJASTHAN, 8, ALWAR, 78, THANAGAZI, 1168, SALETA, 34260, 1099399, Drinking water, 0, 0, 0, 0, 0, 0, 797828, 797828
2015, RAJASTHAN, 8, ALWAR, 78, THANAGAZI, 1168, SALETA, 34260, 1099399, Roads, 0, 0, 0, 0, 0, 0, 786746, 786746
2015, RAJASTHAN, 8, ALWAR, 78, THANAGAZI, 1168, SALETA, 34260, 1099399, Total, 0, 0, 0, 0, 0, 0, 1584574, 1584574
2015, RAJASTHAN, 8, ALWAR, 78, THANAGAZI, 1168, SAMRA, 34261, 1098542, Drinking water, 0, 0, 0, 0, 0, 0, 1400000, 1400000
2015, RAJASTHAN, 8, ALWAR, 78, THANAGAZI, 1168, SAMRA, 34261, 1098542, Rural housing, 0, 0, 0, 0, 0, 0, 565419, 565419
2015, RAJASTHAN, 8, ALWAR, 78, THANAGAZI, 1168, SAMRA, 34261, 1098542, Total, 0, 0, 0, 0, 0, 0, 1965419, 1965419
2015, RAJASTHAN, 8, ALWAR, 78, THANAGAZI, 1168, SEELI BAORI, 34262, 1101039, Drinking water, 0, 0, 0, 0, 0, 0, 1000799, 1000799
2015, RAJASTHAN, 8, ALWAR, 78, THANAGAZI, 1168, SEELI BAORI, 34262, 1101039, Roads, 0, 0, 0, 0, 0, 0, 250000, 250000
2015, RAJASTHAN, 8, ALWAR, 78, THANAGAZI, 1168, SEELI BAORI, 34262, 1101039, Total, 0, 0, 0, 0, 0, 0, 1250799, 1250799
2015, RAJASTHAN, 8, ALWAR, 78, THANAGAZI, 1168, THANAGAZI, 34263, 1101156, Drinking water, 0, 0, 0, 0, 0, 0, 2881374, 2881374
2015, RAJASTHAN, 8, ALWAR, 78, THANAGAZI, 1168, THANAGAZI, 34263, 1101156, Total, 0, 0, 0, 0, 0, 0, 2881374, 2881374
2015, RAJASTHAN, 8, ALWAR, 78, THANAGAZI, 1168, VIJAYPURA, 34264, 1104805, Drinking water, 0, 0, 0, 0, 0, 0, 1314653, 1314653
2015, RAJASTHAN, 8, ALWAR, 78, THANAGAZI, 1168, VIJAYPURA, 34264, 1104805, Education, 0, 0, 0, 0, 0, 0, 15000, 15000
2015, RAJASTHAN, 8, ALWAR, 78, THANAGAZI, 1168, VIJAYPURA, 34264, 1104805, Roads, 0, 0, 0, 0, 0, 0, 250000, 250000
2015, RAJASTHAN, 8, ALWAR, 78, THANAGAZI, 1168, VIJAYPURA, 34264, 1104805, Total, 0, 0, 0, 0, 0, 0, 1579653, 1579653
2015, RAJASTHAN, 8, ALWAR, 78, THANAGAZI, 1168, bhooriyawas, 262793, 1144070, Drinking water, 0, 0, 0, 0, 0, 0, 135359, 135359
2015, RAJASTHAN, 8, ALWAR, 78, THANAGAZI, 1168, bhooriyawas, 262793, 1144070, Roads, 0, 0, 0, 0, 0, 0, 750000, 750000
2015, RAJASTHAN, 8, ALWAR, 78, THANAGAZI, 1168, bhooriyawas, 262793, 1144070, Total, 0, 0, 0, 0, 0, 0, 885359, 885359
2015, RAJASTHAN, 8, ALWAR, 78, TIJARA, 1169, BAGHOR, 34265, 1139200, Rural electrification, 0, 0, 0, 0, 0, 0, 862009, 862009
2015, RAJASTHAN, 8, ALWAR, 78, TIJARA, 1169, BAGHOR, 34265, 1139200, Total, 0, 0, 0, 0, 0, 0, 862009, 862009
2015, RAJASTHAN, 8, ALWAR, 78, TIJARA, 1169, BHINDOOSI, 34266, 1101281, Drinking water, 0, 0, 0, 0, 0, 0, 25024, 25024
2015, RAJASTHAN, 8, ALWAR, 78, TIJARA, 1169, BHINDOOSI, 34266, 1101281, Rural electrification, 0, 0, 0, 0, 0, 0, 364289, 364289
2015, RAJASTHAN, 8, ALWAR, 78, TIJARA, 1169, BHINDOOSI, 34266, 1101281, Total, 0, 0, 0, 0, 0, 0, 389313, 389313
2015, RAJASTHAN, 8, ALWAR, 78, TIJARA, 1169, BICHHALA, 34267, 1147642, Rural electrification, 0, 0, 0, 0, 0, 0, 2500, 2500
2015, RAJASTHAN, 8, ALWAR, 78, TIJARA, 1169, BICHHALA, 34267, 1147642, Sanitation, 0, 0, 0, 0, 0, 0, 2750, 2750
2015, RAJASTHAN, 8, ALWAR, 78, TIJARA, 1169, BICHHALA, 34267, 1147642, Total, 0, 0, 0, 0, 0, 0, 5250, 5250
2015, RAJASTHAN, 8, ALWAR, 78, TIJARA, 1169, Burheda, 262090, 1101203, Drinking water, 0, 0, 0, 0, 0, 0, 432564, 432564
2015, RAJASTHAN, 8, ALWAR, 78, TIJARA, 1169, Burheda, 262090, 1101203, Total, 0, 0, 0, 0, 0, 0, 432564, 432564
2015, RAJASTHAN, 8, ALWAR, 78, TIJARA, 1169, CHAWANDI KALAN, 34268, 1099214, Drinking water, 0, 0, 0, 0, 0, 0, 95940, 95940
2015, RAJASTHAN, 8, ALWAR, 78, TIJARA, 1169, CHAWANDI KALAN, 34268, 1099214, Education, 0, 0, 0, 0, 0, 0, 50000, 50000
2015, RAJASTHAN, 8, ALWAR, 78, TIJARA, 1169, CHAWANDI KALAN, 34268, 1099214, Khadi, 0, 0, 0, 0, 0, 0, 261247, 261247
2015, RAJASTHAN, 8, ALWAR, 78, TIJARA, 1169, CHAWANDI KALAN, 34268, 1099214, Roads, 0, 0, 0, 0, 0, 0, 262824, 262824
2015, RAJASTHAN, 8, ALWAR, 78, TIJARA, 1169, CHAWANDI KALAN, 34268, 1099214, Rural electrification, 0, 0, 0, 0, 0, 0, 333893, 333893
2015, RAJASTHAN, 8, ALWAR, 78, TIJARA, 1169, CHAWANDI KALAN, 34268, 1099214, Total, 0, 0, 0, 0, 0, 0, 1003904, 1003904
2015, RAJASTHAN, 8, ALWAR, 78, TIJARA, 1169, CHOOHARPUR, 34269, 1103361, Drinking water, 0, 0, 0, 0, 0, 0, 38150, 38150
2015, RAJASTHAN, 8, ALWAR, 78, TIJARA, 1169, CHOOHARPUR, 34269, 1103361, Roads, 0, 0, 0, 0, 0, 0, 77641, 77641
2015, RAJASTHAN, 8, ALWAR, 78, TIJARA, 1169, CHOOHARPUR, 34269, 1103361, Total, 0, 0, 0, 0, 0, 0, 115791, 115791
2015, RAJASTHAN, 8, ALWAR, 78, TIJARA, 1169, FAKRUDEENKA, 262237, 1098459, Drinking water, 0, 0, 0, 0, 0, 0, 132170, 132170
2015, RAJASTHAN, 8, ALWAR, 78, TIJARA, 1169, FAKRUDEENKA, 262237, 1098459, Education, 0, 0, 0, 0, 0, 0, 47300, 47300
2015, RAJASTHAN, 8, ALWAR, 78, TIJARA, 1169, FAKRUDEENKA, 262237, 1098459, Khadi, 0, 0, 0, 0, 0, 0, 82871, 82871
2015, RAJASTHAN, 8, ALWAR, 78, TIJARA, 1169, FAKRUDEENKA, 262237, 1098459, Roads, 0, 0, 0, 0, 0, 0, 515949, 515949
2015, RAJASTHAN, 8, ALWAR, 78, TIJARA, 1169, FAKRUDEENKA, 262237, 1098459, Rural electrification, 0, 0, 0, 0, 0, 0, 178873, 178873
2015, RAJASTHAN, 8, ALWAR, 78, TIJARA, 1169, FAKRUDEENKA, 262237, 1098459, Total, 0, 0, 0, 0, 0, 0, 957163, 957163
2015, RAJASTHAN, 8, ALWAR, 78, TIJARA, 1169, GAHANKHAR, 34270, 1099152, Drinking water, 0, 0, 0, 0, 0, 0, 96089, 96089
2015, RAJASTHAN, 8, ALWAR, 78, TIJARA, 1169, GAHANKHAR, 34270, 1099152, Khadi, 0, 0, 0, 0, 0, 0, 25760, 25760
2015, RAJASTHAN, 8, ALWAR, 78, TIJARA, 1169, GAHANKHAR, 34270, 1099152, Roads, 0, 0, 0, 0, 0, 0, 450295, 450295
2015, RAJASTHAN, 8, ALWAR, 78, TIJARA, 1169, GAHANKHAR, 34270, 1099152, Rural electrification, 0, 0, 0, 0, 0, 0, 91453, 91453
2015, RAJASTHAN, 8, ALWAR, 78, TIJARA, 1169, GAHANKHAR, 34270, 1099152, Total, 0, 0, 0, 0, 0, 0, 663597, 663597
2015, RAJASTHAN, 8, ALWAR, 78, TIJARA, 1169, GOTHRA, 34271, 1100846, Drinking water, 0, 0, 0, 0, 0, 0, 54318, 54318
2015, RAJASTHAN, 8, ALWAR, 78, TIJARA, 1169, GOTHRA, 34271, 1100846, Khadi, 0, 0, 0, 0, 0, 0, 202016, 202016
2015, RAJASTHAN, 8, ALWAR, 78, TIJARA, 1169, GOTHRA, 34271, 1100846, Roads, 0, 0, 0, 0, 0, 0, 379656, 379656
2015, RAJASTHAN, 8, ALWAR, 78, TIJARA, 1169, GOTHRA, 34271, 1100846, Rural electrification, 0, 0, 0, 0, 0, 0, 268310, 268310
2015, RAJASTHAN, 8, ALWAR, 78, TIJARA, 1169, GOTHRA, 34271, 1100846, Total, 0, 0, 0, 0, 0, 0, 904300, 904300
2015, RAJASTHAN, 8, ALWAR, 78, TIJARA, 1169, GUWALDA, 34272, 1101120, Sanitation, 0, 0, 0, 0, 0, 0, 295890, 295890
2015, RAJASTHAN, 8, ALWAR, 78, TIJARA, 1169, GUWALDA, 34272, 1101120, Total, 0, 0, 0, 0, 0, 0, 295890, 295890
2015, RAJASTHAN, 8, ALWAR, 78, TIJARA, 1169, HAMEERAKA, 34273, 1099764, Rural electrification, 0, 0, 0, 0, 0, 0, 110353, 110353
2015, RAJASTHAN, 8, ALWAR, 78, TIJARA, 1169, HAMEERAKA, 34273, 1099764, Total, 0, 0, 0, 0, 0, 0, 110353, 110353
2015, RAJASTHAN, 8, ALWAR, 78, TIJARA, 1169, HASANPUR MAFI, 34274, 1099011, Roads, 0, 0, 0, 0, 0, 0, 377556, 377556
2015, RAJASTHAN, 8, ALWAR, 78, TIJARA, 1169, HASANPUR MAFI, 34274, 1099011, Rural electrification, 0, 0, 0, 0, 0, 0, 144238, 144238
2015, RAJASTHAN, 8, ALWAR, 78, TIJARA, 1169, HASANPUR MAFI, 34274, 1099011, Total, 0, 0, 0, 0, 0, 0, 521794, 521794
2015, RAJASTHAN, 8, ALWAR, 78, TIJARA, 1169, HEENGWAHERA, 34275, 1099570, Drinking water, 0, 0, 0, 0, 0, 0, 991000, 991000
2015, RAJASTHAN, 8, ALWAR, 78, TIJARA, 1169, HEENGWAHERA, 34275, 1099570, Total, 0, 0, 0, 0, 0, 0, 991000, 991000
2015, RAJASTHAN, 8, ALWAR, 78, TIJARA, 1169, ISHRODA, 34276, 1099127, Rural electrification, 0, 0, 0, 0, 0, 0, 146536, 146536
2015, RAJASTHAN, 8, ALWAR, 78, TIJARA, 1169, ISHRODA, 34276, 1099127, Total, 0, 0, 0, 0, 0, 0, 146536, 146536
2015, RAJASTHAN, 8, ALWAR, 78, TIJARA, 1169, JAIROLI, 34297, 1100734, Khadi, 0, 0, 0, 0, 0, 0, 69487, 69487
2015, RAJASTHAN, 8, ALWAR, 78, TIJARA, 1169, JAIROLI, 34297, 1100734, Roads, 0, 0, 0, 0, 0, 0, 706563, 706563
2015, RAJASTHAN, 8, ALWAR, 78, TIJARA, 1169, JAIROLI, 34297, 1100734, Rural electrification, 0, 0, 0, 0, 0, 0, 294892, 294892
2015, RAJASTHAN, 8, ALWAR, 78, TIJARA, 1169, JAIROLI, 34297, 1100734, Total, 0, 0, 0, 0, 0, 0, 1070942, 1070942
2015, RAJASTHAN, 8, ALWAR, 78, TIJARA, 1169, JHIWANA, 34277, 1101069, Education, 0, 0, 0, 0, 0, 0, 321608, 321608
2015, RAJASTHAN, 8, ALWAR, 78, TIJARA, 1169, JHIWANA, 34277, 1101069, Sanitation, 0, 0, 0, 0, 0, 0, 25557, 25557
2015, RAJASTHAN, 8, ALWAR, 78, TIJARA, 1169, JHIWANA, 34277, 1101069, Total, 0, 0, 0, 0, 0, 0, 347165, 347165
2015, RAJASTHAN, 8, ALWAR, 78, TIJARA, 1169, JORIYA, 34278, 1101682, Drinking water, 0, 0, 0, 0, 0, 0, 193837, 193837
2015, RAJASTHAN, 8, ALWAR, 78, TIJARA, 1169, JORIYA, 34278, 1101682, Education, 0, 0, 0, 0, 0, 0, 30084, 30084
2015, RAJASTHAN, 8, ALWAR, 78, TIJARA, 1169, JORIYA, 34278, 1101682, Rural electrification, 0, 0, 0, 0, 0, 0, 263326, 263326
2015, RAJASTHAN, 8, ALWAR, 78, TIJARA, 1169, JORIYA, 34278, 1101682, Total, 0, 0, 0, 0, 0, 0, 487247, 487247
2015, RAJASTHAN, 8, ALWAR, 78, TIJARA, 1169, Jojaka, 262266, 1098977, Roads, 0, 0, 0, 0, 0, 0, 10000, 10000
2015, RAJASTHAN, 8, ALWAR, 78, TIJARA, 1169, Jojaka, 262266, 1098977, Rural electrification, 0, 0, 0, 0, 0, 0, 187270, 187270
2015, RAJASTHAN, 8, ALWAR, 78, TIJARA, 1169, Jojaka, 262266, 1098977, Total, 0, 0, 0, 0, 0, 0, 197270, 197270
2015, RAJASTHAN, 8, ALWAR, 78, TIJARA, 1169, KARENDA, 34279, 1101344, Drinking water, 0, 0, 0, 0, 0, 0, 402000, 402000
2015, RAJASTHAN, 8, ALWAR, 78, TIJARA, 1169, KARENDA, 34279, 1101344, Roads, 0, 0, 0, 0, 0, 0, 1198000, 1198000
2015, RAJASTHAN, 8, ALWAR, 78, TIJARA, 1169, KARENDA, 34279, 1101344, Total, 0, 0, 0, 0, 0, 0, 1600000, 1600000
2015, RAJASTHAN, 8, ALWAR, 78, TIJARA, 1169, KHALILPURI, 262322, 1099212, Khadi, 0, 0, 0, 0, 0, 0, 327974, 327974
2015, RAJASTHAN, 8, ALWAR, 78, TIJARA, 1169, KHALILPURI, 262322, 1099212, Rural electrification, 0, 0, 0, 0, 0, 0, 159297, 159297
2015, RAJASTHAN, 8, ALWAR, 78, TIJARA, 1169, KHALILPURI, 262322, 1099212, Total, 0, 0, 0, 0, 0, 0, 487271, 487271
2015, RAJASTHAN, 8, ALWAR, 78, TIJARA, 1169, KHIDARPUR, 34280, 1098730, Drinking water, 0, 0, 0, 0, 0, 0, 168226, 168226
2015, RAJASTHAN, 8, ALWAR, 78, TIJARA, 1169, KHIDARPUR, 34280, 1098730, Khadi, 0, 0, 0, 0, 0, 0, 123870, 123870
2015, RAJASTHAN, 8, ALWAR, 78, TIJARA, 1169, KHIDARPUR, 34280, 1098730, Rural electrification, 0, 0, 0, 0, 0, 0, 500000, 500000
2015, RAJASTHAN, 8, ALWAR, 78, TIJARA, 1169, KHIDARPUR, 34280, 1098730, Total, 0, 0, 0, 0, 0, 0, 792096, 792096
2015, RAJASTHAN, 8, ALWAR, 78, TIJARA, 1169, Kamalpur, 262087, 1100779, Drinking water, 0, 0, 0, 0, 0, 0, 205756, 205756
2015, RAJASTHAN, 8, ALWAR, 78, TIJARA, 1169, Kamalpur, 262087, 1100779, Education, 0, 0, 0, 0, 0, 0, 35713, 35713
2015, RAJASTHAN, 8, ALWAR, 78, TIJARA, 1169, Kamalpur, 262087, 1100779, Khadi, 0, 0, 0, 0, 0, 0, 31350, 31350
2015, RAJASTHAN, 8, ALWAR, 78, TIJARA, 1169, Kamalpur, 262087, 1100779, Rural electrification, 0, 0, 0, 0, 0, 0, 42096, 42096
2015, RAJASTHAN, 8, ALWAR, 78, TIJARA, 1169, Kamalpur, 262087, 1100779, Total, 0, 0, 0, 0, 0, 0, 314915, 314915
2015, RAJASTHAN, 8, ALWAR, 78, TIJARA, 1169, LUHADERA, 34281, 1099729, Adult and non-formal education, 0, 0, 0, 0, 0, 0, 49980, 49980
2015, RAJASTHAN, 8, ALWAR, 78, TIJARA, 1169, LUHADERA, 34281, 1099729, Khadi, 0, 0, 0, 0, 0, 0, 71825, 71825
2015, RAJASTHAN, 8, ALWAR, 78, TIJARA, 1169, LUHADERA, 34281, 1099729, Poverty allevation programme, 0, 0, 0, 0, 0, 0, 24000, 24000
2015, RAJASTHAN, 8, ALWAR, 78, TIJARA, 1169, LUHADERA, 34281, 1099729, Rural electrification, 0, 0, 0, 0, 0, 0, 57518, 57518
2015, RAJASTHAN, 8, ALWAR, 78, TIJARA, 1169, LUHADERA, 34281, 1099729, Total, 0, 0, 0, 0, 0, 0, 203323, 203323
2015, RAJASTHAN, 8, ALWAR, 78, TIJARA, 1169, MAHESARA, 34282, 1147622, Drinking water, 0, 0, 0, 0, 0, 0, 3000, 3000
2015, RAJASTHAN, 8, ALWAR, 78, TIJARA, 1169, MAHESARA, 34282, 1147622, Roads, 0, 0, 0, 0, 0, 0, 5000, 5000
2015, RAJASTHAN, 8, ALWAR, 78, TIJARA, 1169, MAHESARA, 34282, 1147622, Rural electrification, 0, 0, 0, 0, 0, 0, 3000, 3000
2015, RAJASTHAN, 8, ALWAR, 78, TIJARA, 1169, MAHESARA, 34282, 1147622, Total, 0, 0, 0, 0, 0, 0, 11000, 11000
2015, RAJASTHAN, 8, ALWAR, 78, TIJARA, 1169, MALIYAR JAT, 262325, 1147570, Drinking water, 0, 0, 0, 0, 0, 0, 5000, 5000
2015, RAJASTHAN, 8, ALWAR, 78, TIJARA, 1169, MALIYAR JAT, 262325, 1147570, Roads, 0, 0, 0, 0, 0, 0, 2000, 2000
2015, RAJASTHAN, 8, ALWAR, 78, TIJARA, 1169, MALIYAR JAT, 262325, 1147570, Rural electrification, 0, 0, 0, 0, 0, 0, 3000, 3000
2015, RAJASTHAN, 8, ALWAR, 78, TIJARA, 1169, MALIYAR JAT, 262325, 1147570, Total, 0, 0, 0, 0, 0, 0, 10000, 10000
2015, RAJASTHAN, 8, ALWAR, 78, TIJARA, 1169, MASEET, 34283, 1100654, Khadi, 0, 0, 0, 0, 0, 0, 81100, 81100
2015, RAJASTHAN, 8, ALWAR, 78, TIJARA, 1169, MASEET, 34283, 1100654, Rural electrification, 0, 0, 0, 0, 0, 0, 21364, 21364
2015, RAJASTHAN, 8, ALWAR, 78, TIJARA, 1169, MASEET, 34283, 1100654, Total, 0, 0, 0, 0, 0, 0, 102464, 102464
2015, RAJASTHAN, 8, ALWAR, 78, TIJARA, 1169, MAYAPUR, 34284, 1101533, Drinking water, 0, 0, 0, 0, 0, 0, 474000, 474000
2015, RAJASTHAN, 8, ALWAR, 78, TIJARA, 1169, MAYAPUR, 34284, 1101533, Khadi, 0, 0, 0, 0, 0, 0, 200000, 200000
2015, RAJASTHAN, 8, ALWAR, 78, TIJARA, 1169, MAYAPUR, 34284, 1101533, Rural electrification, 0, 0, 0, 0, 0, 0, 128432, 128432
2015, RAJASTHAN, 8, ALWAR, 78, TIJARA, 1169, MAYAPUR, 34284, 1101533, Total, 0, 0, 0, 0, 0, 0, 802432, 802432
2015, RAJASTHAN, 8, ALWAR, 78, TIJARA, 1169, MILAKPUR TURK, 34285, 1098659, Drinking water, 0, 0, 0, 0, 0, 0, 8340, 8340
2015, RAJASTHAN, 8, ALWAR, 78, TIJARA, 1169, MILAKPUR TURK, 34285, 1098659, Education, 0, 0, 0, 0, 0, 0, 197092, 197092
2015, RAJASTHAN, 8, ALWAR, 78, TIJARA, 1169, MILAKPUR TURK, 34285, 1098659, Roads, 0, 0, 0, 0, 0, 0, 5000, 5000
2015, RAJASTHAN, 8, ALWAR, 78, TIJARA, 1169, MILAKPUR TURK, 34285, 1098659, Rural electrification, 0, 0, 0, 0, 0, 0, 70000, 70000
2015, RAJASTHAN, 8, ALWAR, 78, TIJARA, 1169, MILAKPUR TURK, 34285, 1098659, Total, 0, 0, 0, 0, 0, 0, 280432, 280432
2015, RAJASTHAN, 8, ALWAR, 78, TIJARA, 1169, MUNDANA, 34286, 1098696, Drinking water, 0, 0, 0, 0, 0, 0, 125570, 125570
2015, RAJASTHAN, 8, ALWAR, 78, TIJARA, 1169, MUNDANA, 34286, 1098696, Total, 0, 0, 0, 0, 0, 0, 125570, 125570
2015, RAJASTHAN, 8, ALWAR, 78, TIJARA, 1169, PALPUR, 34287, 1099706, Drinking water, 0, 0, 0, 0, 0, 0, 328802, 328802
2015, RAJASTHAN, 8, ALWAR, 78, TIJARA, 1169, PALPUR, 34287, 1099706, Total, 0, 0, 0, 0, 0, 0, 328802, 328802
2015, RAJASTHAN, 8, ALWAR, 78, TIJARA, 1169, PHULLABAS, 34288, 1101316, Drinking water, 0, 0, 0, 0, 0, 0, 79277, 79277
2015, RAJASTHAN, 8, ALWAR, 78, TIJARA, 1169, PHULLABAS, 34288, 1101316, Rural electrification, 0, 0, 0, 0, 0, 0, 178358, 178358
2015, RAJASTHAN, 8, ALWAR, 78, TIJARA, 1169, PHULLABAS, 34288, 1101316, Total, 0, 0, 0, 0, 0, 0, 257635, 257635
2015, RAJASTHAN, 8, ALWAR, 78, TIJARA, 1169, RABHANA, 34289, 1101570, Drinking water, 0, 0, 0, 0, 0, 0, 18613, 18613
2015, RAJASTHAN, 8, ALWAR, 78, TIJARA, 1169, RABHANA, 34289, 1101570, Total, 0, 0, 0, 0, 0, 0, 18613, 18613
2015, RAJASTHAN, 8, ALWAR, 78, TIJARA, 1169, RAI KHERA, 34290, 1101155, Rural electrification, 0, 0, 0, 0, 0, 0, 175600, 175600
2015, RAJASTHAN, 8, ALWAR, 78, TIJARA, 1169, RAI KHERA, 34290, 1101155, Total, 0, 0, 0, 0, 0, 0, 175600, 175600
2015, RAJASTHAN, 8, ALWAR, 78, TIJARA, 1169, ROOPBAS, 34291, 1147588, Drinking water, 0, 0, 0, 0, 0, 0, 7000, 7000
2015, RAJASTHAN, 8, ALWAR, 78, TIJARA, 1169, ROOPBAS, 34291, 1147588, Roads, 0, 0, 0, 0, 0, 0, 2500, 2500
2015, RAJASTHAN, 8, ALWAR, 78, TIJARA, 1169, ROOPBAS, 34291, 1147588, Sanitation, 0, 0, 0, 0, 0, 0, 5000, 5000
2015, RAJASTHAN, 8, ALWAR, 78, TIJARA, 1169, ROOPBAS, 34291, 1147588, Total, 0, 0, 0, 0, 0, 0, 14500, 14500
2015, RAJASTHAN, 8, ALWAR, 78, TIJARA, 1169, SALARPUR, 34292, 1099753, Drinking water, 0, 0, 0, 0, 0, 0, 70716, 70716
2015, RAJASTHAN, 8, ALWAR, 78, TIJARA, 1169, SALARPUR, 34292, 1099753, Education, 0, 0, 0, 0, 0, 0, 115385, 115385
2015, RAJASTHAN, 8, ALWAR, 78, TIJARA, 1169, SALARPUR, 34292, 1099753, Total, 0, 0, 0, 0, 0, 0, 186101, 186101
2015, RAJASTHAN, 8, ALWAR, 78, TIJARA, 1169, SAREKALA, 262286, 1099649, Drinking water, 0, 0, 0, 0, 0, 0, 40000, 40000
2015, RAJASTHAN, 8, ALWAR, 78, TIJARA, 1169, SAREKALA, 262286, 1099649, Education, 0, 0, 0, 0, 0, 0, 411274, 411274
2015, RAJASTHAN, 8, ALWAR, 78, TIJARA, 1169, SAREKALA, 262286, 1099649, Roads, 0, 0, 0, 0, 0, 0, 486026, 486026
2015, RAJASTHAN, 8, ALWAR, 78, TIJARA, 1169, SAREKALA, 262286, 1099649, Total, 0, 0, 0, 0, 0, 0, 937300, 937300
2015, RAJASTHAN, 8, ALWAR, 78, TIJARA, 1169, SARHHETA, 34293, 1101735, Education, 0, 0, 0, 0, 0, 0, 187000, 187000
2015, RAJASTHAN, 8, ALWAR, 78, TIJARA, 1169, SARHHETA, 34293, 1101735, Rural electrification, 0, 0, 0, 0, 0, 0, 175487, 175487
2015, RAJASTHAN, 8, ALWAR, 78, TIJARA, 1169, SARHHETA, 34293, 1101735, Total, 0, 0, 0, 0, 0, 0, 362487, 362487
2015, RAJASTHAN, 8, ALWAR, 78, TIJARA, 1169, SHAHBAD, 34294, 1101230, Drinking water, 0, 0, 0, 0, 0, 0, 876794, 876794
2015, RAJASTHAN, 8, ALWAR, 78, TIJARA, 1169, SHAHBAD, 34294, 1101230, Education, 0, 0, 0, 0, 0, 0, 32148, 32148
2015, RAJASTHAN, 8, ALWAR, 78, TIJARA, 1169, SHAHBAD, 34294, 1101230, Total, 0, 0, 0, 0, 0, 0, 908942, 908942
2015, RAJASTHAN, 8, ALWAR, 78, TIJARA, 1169, TAPOOKRA, 34295, 1100857, Health, 0, 0, 0, 0, 0, 0, 39800, 39800
2015, RAJASTHAN, 8, ALWAR, 78, TIJARA, 1169, TAPOOKRA, 34295, 1100857, Rural electrification, 0, 0, 0, 0, 0, 0, 52248, 52248
2015, RAJASTHAN, 8, ALWAR, 78, TIJARA, 1169, TAPOOKRA, 34295, 1100857, Total, 0, 0, 0, 0, 0, 0, 92048, 92048
2015, RAJASTHAN, 8, ALWAR, 78, TIJARA, 1169, Tatarpur, 262089, 1101266, Drinking water, 0, 0, 0, 0, 0, 0, 606716, 606716
2015, RAJASTHAN, 8, ALWAR, 78, TIJARA, 1169, Tatarpur, 262089, 1101266, Rural electrification, 0, 0, 0, 0, 0, 0, 47511, 47511
2015, RAJASTHAN, 8, ALWAR, 78, TIJARA, 1169, Tatarpur, 262089, 1101266, Total, 0, 0, 0, 0, 0, 0, 654227, 654227
2015, RAJASTHAN, 8, ALWAR, 78, TIJARA, 1169, Thara, 262088, 1098553, Drinking water, 0, 0, 0, 0, 0, 0, 146824, 146824
2015, RAJASTHAN, 8, ALWAR, 78, TIJARA, 1169, Thara, 262088, 1098553, Education, 0, 0, 0, 0, 0, 0, 43600, 43600
2015, RAJASTHAN, 8, ALWAR, 78, TIJARA, 1169, Thara, 262088, 1098553, Khadi, 0, 0, 0, 0, 0, 0, 83548, 83548
2015, RAJASTHAN, 8, ALWAR, 78, TIJARA, 1169, Thara, 262088, 1098553, Roads, 0, 0, 0, 0, 0, 0, 155420, 155420
2015, RAJASTHAN, 8, ALWAR, 78, TIJARA, 1169, Thara, 262088, 1098553, Rural electrification, 0, 0, 0, 0, 0, 0, 83934, 83934
2015, RAJASTHAN, 8, ALWAR, 78, TIJARA, 1169, Thara, 262088, 1098553, Total, 0, 0, 0, 0, 0, 0, 513326, 513326
2015, RAJASTHAN, 8, ALWAR, 78, TIJARA, 1169, VIRAMPUR, 34296, 1101767, Drinking water, 0, 0, 0, 0, 0, 0, 17418, 17418
2015, RAJASTHAN, 8, ALWAR, 78, TIJARA, 1169, VIRAMPUR, 34296, 1101767, Khadi, 0, 0, 0, 0, 0, 0, 8400, 8400
2015, RAJASTHAN, 8, ALWAR, 78, TIJARA, 1169, VIRAMPUR, 34296, 1101767, Rural electrification, 0, 0, 0, 0, 0, 0, 13836, 13836
2015, RAJASTHAN, 8, ALWAR, 78, TIJARA, 1169, VIRAMPUR, 34296, 1101767, Total, 0, 0, 0, 0, 0, 0, 39654, 39654
2015, RAJASTHAN, 8, ALWAR, 78, TIJARA, 1169, mithiyawas, 262828, 1097774, Drinking water, 0, 0, 0, 0, 0, 0, 55164, 55164
2015, RAJASTHAN, 8, ALWAR, 78, TIJARA, 1169, mithiyawas, 262828, 1097774, Education, 0, 0, 0, 0, 0, 0, 491285, 491285
2015, RAJASTHAN, 8, ALWAR, 78, TIJARA, 1169, mithiyawas, 262828, 1097774, Rural electrification, 0, 0, 0, 0, 0, 0, 145639, 145639
2015, RAJASTHAN, 8, ALWAR, 78, TIJARA, 1169, mithiyawas, 262828, 1097774, Social welfare, 0, 0, 0, 0, 0, 0, 94518, 94518
2015, RAJASTHAN, 8, ALWAR, 78, TIJARA, 1169, mithiyawas, 262828, 1097774, Total, 0, 0, 0, 0, 0, 0, 786606, 786606
2015, RAJASTHAN, 8, ALWAR, 78, UMREN, 1170, AKBARPUR, 34298, 1096420, Drinking water, 0, 0, 0, 0, 0, 0, 139886, 139886
2015, RAJASTHAN, 8, ALWAR, 78, UMREN, 1170, AKBARPUR, 34298, 1096420, Roads, 0, 0, 0, 0, 0, 0, 249756, 249756
2015, RAJASTHAN, 8, ALWAR, 78, UMREN, 1170, AKBARPUR, 34298, 1096420, Rural electrification, 0, 0, 0, 0, 0, 0, 79352, 79352
2015, RAJASTHAN, 8, ALWAR, 78, UMREN, 1170, AKBARPUR, 34298, 1096420, Total, 0, 0, 0, 0, 0, 0, 468994, 468994
2015, RAJASTHAN, 8, ALWAR, 78, UMREN, 1170, BADER, 34299, 1098892, Maintenance of community system, 0, 0, 0, 0, 0, 0, 188101, 188101
2015, RAJASTHAN, 8, ALWAR, 78, UMREN, 1170, BADER, 34299, 1098892, Total, 0, 0, 0, 0, 0, 0, 188101, 188101
2015, RAJASTHAN, 8, ALWAR, 78, UMREN, 1170, BAKHTPURA, 34300, 1098520, Roads, 0, 0, 0, 0, 0, 0, 416473, 416473
2015, RAJASTHAN, 8, ALWAR, 78, UMREN, 1170, BAKHTPURA, 34300, 1098520, Total, 0, 0, 0, 0, 0, 0, 416473, 416473
2015, RAJASTHAN, 8, ALWAR, 78, UMREN, 1170, BALETA, 34301, 1104025, Drinking water, 0, 0, 0, 0, 0, 0, 634211, 634211
2015, RAJASTHAN, 8, ALWAR, 78, UMREN, 1170, BALETA, 34301, 1104025, Sanitation, 0, 0, 0, 0, 0, 0, 534211, 534211
2015, RAJASTHAN, 8, ALWAR, 78, UMREN, 1170, BALETA, 34301, 1104025, Total, 0, 0, 0, 0, 0, 0, 1168422, 1168422
2015, RAJASTHAN, 8, ALWAR, 78, UMREN, 1170, BARKHERA, 34303, 1099068, Administrative & Technical Support, 0, 0, 0, 0, 0, 0, 49960, 49960
2015, RAJASTHAN, 8, ALWAR, 78, UMREN, 1170, BARKHERA, 34303, 1099068, Land improvement, 0, 0, 0, 0, 0, 0, 36205, 36205
2015, RAJASTHAN, 8, ALWAR, 78, UMREN, 1170, BARKHERA, 34303, 1099068, Maintenance of community system, 0, 0, 0, 0, 0, 0, 247831, 247831
2015, RAJASTHAN, 8, ALWAR, 78, UMREN, 1170, BARKHERA, 34303, 1099068, Roads, 0, 0, 0, 0, 0, 0, 390404, 390404
2015, RAJASTHAN, 8, ALWAR, 78, UMREN, 1170, BARKHERA, 34303, 1099068, Sanitation, 0, 0, 0, 0, 0, 0, 4000, 4000
2015, RAJASTHAN, 8, ALWAR, 78, UMREN, 1170, BARKHERA, 34303, 1099068, Total, 0, 0, 0, 0, 0, 0, 728400, 728400
2015, RAJASTHAN, 8, ALWAR, 78, UMREN, 1170, BEEJWAR, 34304, 1143462, Drinking water, 0, 0, 0, 0, 0, 0, 75000, 75000
2015, RAJASTHAN, 8, ALWAR, 78, UMREN, 1170, BEEJWAR, 34304, 1143462, Maintenance of community system, 0, 0, 0, 0, 0, 0, 146000, 146000
2015, RAJASTHAN, 8, ALWAR, 78, UMREN, 1170, BEEJWAR, 34304, 1143462, Roads, 0, 0, 0, 0, 0, 0, 375000, 375000
2015, RAJASTHAN, 8, ALWAR, 78, UMREN, 1170, BEEJWAR, 34304, 1143462, Total, 0, 0, 0, 0, 0, 0, 596000, 596000
2015, RAJASTHAN, 8, ALWAR, 78, UMREN, 1170, BELAKA, 262507, 1104723, Drinking water, 0, 0, 0, 0, 0, 0, 980000, 980000
2015, RAJASTHAN, 8, ALWAR, 78, UMREN, 1170, BELAKA, 262507, 1104723, Land improvement, 0, 0, 0, 0, 0, 0, 500000, 500000
2015, RAJASTHAN, 8, ALWAR, 78, UMREN, 1170, BELAKA, 262507, 1104723, Maintenance of community system, 0, 0, 0, 0, 0, 0, 150151, 150151
2015, RAJASTHAN, 8, ALWAR, 78, UMREN, 1170, BELAKA, 262507, 1104723, Sanitation, 0, 0, 0, 0, 0, 0, 800000, 800000
2015, RAJASTHAN, 8, ALWAR, 78, UMREN, 1170, BELAKA, 262507, 1104723, Total, 0, 0, 0, 0, 0, 0, 2430151, 2430151
2015, RAJASTHAN, 8, ALWAR, 78, UMREN, 1170, BHANDODI, 34302, 1098476, Land improvement, 0, 0, 0, 0, 0, 0, 41733, 41733
2015, RAJASTHAN, 8, ALWAR, 78, UMREN, 1170, BHANDODI, 34302, 1098476, Roads, 0, 0, 0, 0, 0, 0, 1098794, 1098794
2015, RAJASTHAN, 8, ALWAR, 78, UMREN, 1170, BHANDODI, 34302, 1098476, Total, 0, 0, 0, 0, 0, 0, 1140527, 1140527
2015, RAJASTHAN, 8, ALWAR, 78, UMREN, 1170, BHANDWARA, 34305, 1143457, Maintenance of community system, 0, 0, 0, 0, 0, 0, 27000, 27000
2015, RAJASTHAN, 8, ALWAR, 78, UMREN, 1170, BHANDWARA, 34305, 1143457, Total, 0, 0, 0, 0, 0, 0, 27000, 27000
2015, RAJASTHAN, 8, ALWAR, 78, UMREN, 1170, BHARKOL, 262501, 1112681, Drinking water, 0, 0, 0, 0, 0, 0, 100000, 100000
2015, RAJASTHAN, 8, ALWAR, 78, UMREN, 1170, BHARKOL, 262501, 1112681, Roads, 0, 0, 0, 0, 0, 0, 720000, 720000
2015, RAJASTHAN, 8, ALWAR, 78, UMREN, 1170, BHARKOL, 262501, 1112681, Sanitation, 0, 0, 0, 0, 0, 0, 120000, 120000
2015, RAJASTHAN, 8, ALWAR, 78, UMREN, 1170, BHARKOL, 262501, 1112681, Total, 0, 0, 0, 0, 0, 0, 940000, 940000
2015, RAJASTHAN, 8, ALWAR, 78, UMREN, 1170, BHOOGAR, 34306, 1092175, Roads, 0, 0, 0, 0, 0, 0, 862352, 862352
2015, RAJASTHAN, 8, ALWAR, 78, UMREN, 1170, BHOOGAR, 34306, 1092175, Total, 0, 0, 0, 0, 0, 0, 862352, 862352
2015, RAJASTHAN, 8, ALWAR, 78, UMREN, 1170, CHANDOLI, 34307, 1115315, Maintenance of community system, 0, 0, 0, 0, 0, 0, 512666, 512666
2015, RAJASTHAN, 8, ALWAR, 78, UMREN, 1170, CHANDOLI, 34307, 1115315, Total, 0, 0, 0, 0, 0, 0, 512666, 512666
2015, RAJASTHAN, 8, ALWAR, 78, UMREN, 1170, DADAR, 34308, 1095196, Roads, 0, 0, 0, 0, 0, 0, 771349, 771349
2015, RAJASTHAN, 8, ALWAR, 78, UMREN, 1170, DADAR, 34308, 1095196, Total, 0, 0, 0, 0, 0, 0, 771349, 771349
2015, RAJASTHAN, 8, ALWAR, 78, UMREN, 1170, DHAHALAWAS, 34310, 1101016, Roads, 0, 0, 0, 0, 0, 0, 1849085, 1849085
2015, RAJASTHAN, 8, ALWAR, 78, UMREN, 1170, DHAHALAWAS, 34310, 1101016, Total, 0, 0, 0, 0, 0, 0, 1849085, 1849085
2015, RAJASTHAN, 8, ALWAR, 78, UMREN, 1170, DHAKPURI, 34309, 1101589, Drinking water, 0, 0, 0, 0, 0, 0, 400000, 400000
2015, RAJASTHAN, 8, ALWAR, 78, UMREN, 1170, DHAKPURI, 34309, 1101589, Maintenance of community system, 0, 0, 0, 0, 0, 0, 13750, 13750
2015, RAJASTHAN, 8, ALWAR, 78, UMREN, 1170, DHAKPURI, 34309, 1101589, Total, 0, 0, 0, 0, 0, 0, 413750, 413750
2015, RAJASTHAN, 8, ALWAR, 78, UMREN, 1170, DIWAKARI, 34311, 1095200, Roads, 0, 0, 0, 0, 0, 0, 623858, 623858
2015, RAJASTHAN, 8, ALWAR, 78, UMREN, 1170, DIWAKARI, 34311, 1095200, Total, 0, 0, 0, 0, 0, 0, 623858, 623858
2015, RAJASTHAN, 8, ALWAR, 78, UMREN, 1170, GHATLA, 34312, 1098417, Drinking water, 0, 0, 0, 0, 0, 0, 45000, 45000
2015, RAJASTHAN, 8, ALWAR, 78, UMREN, 1170, GHATLA, 34312, 1098417, Rural electrification, 0, 0, 0, 0, 0, 0, 151554, 151554
2015, RAJASTHAN, 8, ALWAR, 78, UMREN, 1170, GHATLA, 34312, 1098417, Total, 0, 0, 0, 0, 0, 0, 196554, 196554
2015, RAJASTHAN, 8, ALWAR, 78, UMREN, 1170, HAJIPUR, 262473, 1143506, Maintenance of community system, 0, 0, 0, 0, 0, 0, 80000, 80000
2015, RAJASTHAN, 8, ALWAR, 78, UMREN, 1170, HAJIPUR, 262473, 1143506, Roads, 0, 0, 0, 0, 0, 0, 1050000, 1050000
2015, RAJASTHAN, 8, ALWAR, 78, UMREN, 1170, HAJIPUR, 262473, 1143506, Total, 0, 0, 0, 0, 0, 0, 1130000, 1130000
2015, RAJASTHAN, 8, ALWAR, 78, UMREN, 1170, HALDEENA, 34313, 1143459, Maintenance of community system, 0, 0, 0, 0, 0, 0, 25000, 25000
2015, RAJASTHAN, 8, ALWAR, 78, UMREN, 1170, HALDEENA, 34313, 1143459, Roads, 0, 0, 0, 0, 0, 0, 405100, 405100
2015, RAJASTHAN, 8, ALWAR, 78, UMREN, 1170, HALDEENA, 34313, 1143459, Total, 0, 0, 0, 0, 0, 0, 430100, 430100
2015, RAJASTHAN, 8, ALWAR, 78, UMREN, 1170, JAMALPUR, 34314, 1101646, Maintenance of community system, 0, 0, 0, 0, 0, 0, 126000, 126000
2015, RAJASTHAN, 8, ALWAR, 78, UMREN, 1170, JAMALPUR, 34314, 1101646, Non-conventional energy sources, 0, 0, 0, 0, 0, 0, 176050, 176050
2015, RAJASTHAN, 8, ALWAR, 78, UMREN, 1170, JAMALPUR, 34314, 1101646, Roads, 0, 0, 0, 0, 0, 0, 56700, 56700
2015, RAJASTHAN, 8, ALWAR, 78, UMREN, 1170, JAMALPUR, 34314, 1101646, Total, 0, 0, 0, 0, 0, 0, 358750, 358750
2015, RAJASTHAN, 8, ALWAR, 78, UMREN, 1170, JATIYANA, 34315, 1098483, Roads, 0, 0, 0, 0, 0, 0, 1499000, 1499000
2015, RAJASTHAN, 8, ALWAR, 78, UMREN, 1170, JATIYANA, 34315, 1098483, Rural electrification, 0, 0, 0, 0, 0, 0, 1161006, 1161006
2015, RAJASTHAN, 8, ALWAR, 78, UMREN, 1170, JATIYANA, 34315, 1098483, Total, 0, 0, 0, 0, 0, 0, 2660006, 2660006
2015, RAJASTHAN, 8, ALWAR, 78, UMREN, 1170, KAIRWAWAL, 34317, 1146569, Maintenance of community system, 0, 0, 0, 0, 0, 0, 33873, 33873
2015, RAJASTHAN, 8, ALWAR, 78, UMREN, 1170, KAIRWAWAL, 34317, 1146569, Roads, 0, 0, 0, 0, 0, 0, 2160178, 2160178
2015, RAJASTHAN, 8, ALWAR, 78, UMREN, 1170, KAIRWAWAL, 34317, 1146569, Total, 0, 0, 0, 0, 0, 0, 2194051, 2194051
2015, RAJASTHAN, 8, ALWAR, 78, UMREN, 1170, KALSARA, 34316, 1099015, Maintenance of community system, 0, 0, 0, 0, 0, 0, 255270, 255270
2015, RAJASTHAN, 8, ALWAR, 78, UMREN, 1170, KALSARA, 34316, 1099015, Roads, 0, 0, 0, 0, 0, 0, 508261, 508261
2015, RAJASTHAN, 8, ALWAR, 78, UMREN, 1170, KALSARA, 34316, 1099015, Total, 0, 0, 0, 0, 0, 0, 763531, 763531
2015, RAJASTHAN, 8, ALWAR, 78, UMREN, 1170, KASBA DAHRA, 34318, 1143497, Maintenance of community system, 0, 0, 0, 0, 0, 0, 80000, 80000
2015, RAJASTHAN, 8, ALWAR, 78, UMREN, 1170, KASBA DAHRA, 34318, 1143497, Total, 0, 0, 0, 0, 0, 0, 80000, 80000
2015, RAJASTHAN, 8, ALWAR, 78, UMREN, 1170, KESHARPUR, 34319, 1110965, Drinking water, 0, 0, 0, 0, 0, 0, 534000, 534000
2015, RAJASTHAN, 8, ALWAR, 78, UMREN, 1170, KESHARPUR, 34319, 1110965, Total, 0, 0, 0, 0, 0, 0, 534000, 534000
2015, RAJASTHAN, 8, ALWAR, 78, UMREN, 1170, KESHARPUR, 34319, 1112640, Maintenance of community system, 0, 0, 0, 0, 0, 0, 150000, 150000
2015, RAJASTHAN, 8, ALWAR, 78, UMREN, 1170, KESHARPUR, 34319, 1112640, Roads, 0, 0, 0, 0, 0, 0, 1250000, 1250000
2015, RAJASTHAN, 8, ALWAR, 78, UMREN, 1170, KESHARPUR, 34319, 1112640, Total, 0, 0, 0, 0, 0, 0, 1400000, 1400000
2015, RAJASTHAN, 8, ALWAR, 78, UMREN, 1170, LEELI, 262483, 1104430, Sanitation, 0, 0, 0, 0, 0, 0, 23350, 23350
2015, RAJASTHAN, 8, ALWAR, 78, UMREN, 1170, LEELI, 262483, 1104430, Total, 0, 0, 0, 0, 0, 0, 23350, 23350
2015, RAJASTHAN, 8, ALWAR, 78, UMREN, 1170, MADHO GARH, 34320, 1143491, Maintenance of community system, 0, 0, 0, 0, 0, 0, 230968, 230968
2015, RAJASTHAN, 8, ALWAR, 78, UMREN, 1170, MADHO GARH, 34320, 1143491, Total, 0, 0, 0, 0, 0, 0, 230968, 230968
2015, RAJASTHAN, 8, ALWAR, 78, UMREN, 1170, MAHWA KHURD, 34321, 1095615, Administrative & Technical Support, 0, 0, 0, 0, 0, 0, 142579, 142579
2015, RAJASTHAN, 8, ALWAR, 78, UMREN, 1170, MAHWA KHURD, 34321, 1095615, Drinking water, 0, 0, 0, 0, 0, 0, 218496, 218496
2015, RAJASTHAN, 8, ALWAR, 78, UMREN, 1170, MAHWA KHURD, 34321, 1095615, Maintenance of community system, 0, 0, 0, 0, 0, 0, 57330, 57330
2015, RAJASTHAN, 8, ALWAR, 78, UMREN, 1170, MAHWA KHURD, 34321, 1095615, Roads, 0, 0, 0, 0, 0, 0, 699522, 699522
2015, RAJASTHAN, 8, ALWAR, 78, UMREN, 1170, MAHWA KHURD, 34321, 1095615, Total, 0, 0, 0, 0, 0, 0, 1117927, 1117927
2015, RAJASTHAN, 8, ALWAR, 78, UMREN, 1170, MALAKHERA, 34322, 1099131, Drinking water, 0, 0, 0, 0, 0, 0, 280000, 280000
2015, RAJASTHAN, 8, ALWAR, 78, UMREN, 1170, MALAKHERA, 34322, 1099131, Roads, 0, 0, 0, 0, 0, 0, 1279922, 1279922
2015, RAJASTHAN, 8, ALWAR, 78, UMREN, 1170, MALAKHERA, 34322, 1099131, Total, 0, 0, 0, 0, 0, 0, 1559922, 1559922
2015, RAJASTHAN, 8, ALWAR, 78, UMREN, 1170, MOHABBATPUR, 34323, 1104201, Drinking water, 0, 0, 0, 0, 0, 0, 518464, 518464
2015, RAJASTHAN, 8, ALWAR, 78, UMREN, 1170, MOHABBATPUR, 34323, 1104201, Sanitation, 0, 0, 0, 0, 0, 0, 777694, 777694
2015, RAJASTHAN, 8, ALWAR, 78, UMREN, 1170, MOHABBATPUR, 34323, 1104201, Total, 0, 0, 0, 0, 0, 0, 1296158, 1296158
2015, RAJASTHAN, 8, ALWAR, 78, UMREN, 1170, NAITHLA, 34324, 1101495, Drinking water, 0, 0, 0, 0, 0, 0, 83500, 83500
2015, RAJASTHAN, 8, ALWAR, 78, UMREN, 1170, NAITHLA, 34324, 1101495, Maintenance of community system, 0, 0, 0, 0, 0, 0, 486723, 486723
2015, RAJASTHAN, 8, ALWAR, 78, UMREN, 1170, NAITHLA, 34324, 1101495, Total, 0, 0, 0, 0, 0, 0, 570223, 570223
2015, RAJASTHAN, 8, ALWAR, 78, UMREN, 1170, PALA, 34325, 1092234, Drinking water, 0, 0, 0, 0, 0, 0, 710094, 710094
2015, RAJASTHAN, 8, ALWAR, 78, UMREN, 1170, PALA, 34325, 1092234, Total, 0, 0, 0, 0, 0, 0, 710094, 710094
2015, RAJASTHAN, 8, ALWAR, 78, UMREN, 1170, PALKHARI, 34326, 1091768, Drinking water, 0, 0, 0, 0, 0, 0, 865015, 865015
2015, RAJASTHAN, 8, ALWAR, 78, UMREN, 1170, PALKHARI, 34326, 1091768, Land improvement, 0, 0, 0, 0, 0, 0, 26454, 26454
2015, RAJASTHAN, 8, ALWAR, 78, UMREN, 1170, PALKHARI, 34326, 1091768, Total, 0, 0, 0, 0, 0, 0, 891469, 891469
2015, RAJASTHAN, 8, ALWAR, 78, UMREN, 1170, PARSA KA BAS, 34327, 1103792, Drinking water, 0, 0, 0, 0, 0, 0, 74000, 74000
2015, RAJASTHAN, 8, ALWAR, 78, UMREN, 1170, PARSA KA BAS, 34327, 1103792, Maintenance of community system, 0, 0, 0, 0, 0, 0, 200000, 200000
2015, RAJASTHAN, 8, ALWAR, 78, UMREN, 1170, PARSA KA BAS, 34327, 1103792, Total, 0, 0, 0, 0, 0, 0, 274000, 274000
2015, RAJASTHAN, 8, ALWAR, 78, UMREN, 1170, POONKHAR, 34329, 1100662, Roads, 0, 0, 0, 0, 0, 0, 1262908, 1262908
2015, RAJASTHAN, 8, ALWAR, 78, UMREN, 1170, POONKHAR, 34329, 1100662, Total, 0, 0, 0, 0, 0, 0, 1262908, 1262908
2015, RAJASTHAN, 8, ALWAR, 78, UMREN, 1170, PRITHVIPURA, 34328, 1143523, Roads, 0, 0, 0, 0, 0, 0, 509710, 509710
2015, RAJASTHAN, 8, ALWAR, 78, UMREN, 1170, PRITHVIPURA, 34328, 1143523, Total, 0, 0, 0, 0, 0, 0, 509710, 509710
2015, RAJASTHAN, 8, ALWAR, 78, UMREN, 1170, SAHORI, 262492, 1092203, Roads, 0, 0, 0, 0, 0, 0, 423279, 423279
2015, RAJASTHAN, 8, ALWAR, 78, UMREN, 1170, SAHORI, 262492, 1092203, Total, 0, 0, 0, 0, 0, 0, 423279, 423279
2015, RAJASTHAN, 8, ALWAR, 78, UMREN, 1170, SALPUR, 34330, 1104212, Maintenance of community system, 0, 0, 0, 0, 0, 0, 235224, 235224
2015, RAJASTHAN, 8, ALWAR, 78, UMREN, 1170, SALPUR, 34330, 1104212, Roads, 0, 0, 0, 0, 0, 0, 499948, 499948
2015, RAJASTHAN, 8, ALWAR, 78, UMREN, 1170, SALPUR, 34330, 1104212, Sanitation, 0, 0, 0, 0, 0, 0, 470452, 470452
2015, RAJASTHAN, 8, ALWAR, 78, UMREN, 1170, SALPUR, 34330, 1104212, Total, 0, 0, 0, 0, 0, 0, 1205624, 1205624
2015, RAJASTHAN, 8, ALWAR, 78, UMREN, 1170, SHAHPUR, 34331, 1098390, Drinking water, 0, 0, 0, 0, 0, 0, 90000, 90000
2015, RAJASTHAN, 8, ALWAR, 78, UMREN, 1170, SHAHPUR, 34331, 1098390, Rural electrification, 0, 0, 0, 0, 0, 0, 445391, 445391
2015, RAJASTHAN, 8, ALWAR, 78, UMREN, 1170, SHAHPUR, 34331, 1098390, Total, 0, 0, 0, 0, 0, 0, 535391, 535391
2015, RAJASTHAN, 8, ALWAR, 78, UMREN, 1170, TOOLERA, 34332, 1143489, Maintenance of community system, 0, 0, 0, 0, 0, 0, 55663, 55663
2015, RAJASTHAN, 8, ALWAR, 78, UMREN, 1170, TOOLERA, 34332, 1143489, Total, 0, 0, 0, 0, 0, 0, 55663, 55663
2015, RAJASTHAN, 8, ALWAR, 78, UMREN, 1170, UMREN, 34333, 1098438, Roads, 0, 0, 0, 0, 0, 0, 612947, 612947
2015, RAJASTHAN, 8, ALWAR, 78, UMREN, 1170, UMREN, 34333, 1098438, Total, 0, 0, 0, 0, 0, 0, 612947, 612947
2015, RAJASTHAN, 8, BANSWARA, 79, ANANDPURI, 1171, AMLIYA AMBADARA, 34334, 1167418, Drinking water, 0, 0, 0, 0, 0, 0, 360000, 360000
2015, RAJASTHAN, 8, BANSWARA, 79, ANANDPURI, 1171, AMLIYA AMBADARA, 34334, 1167418, Roads, 0, 0, 0, 0, 0, 0, 640000, 640000
2015, RAJASTHAN, 8, BANSWARA, 79, ANANDPURI, 1171, AMLIYA AMBADARA, 34334, 1167418, Total, 0, 0, 0, 0, 0, 0, 1000000, 1000000
2015, RAJASTHAN, 8, BANSWARA, 79, ANANDPURI, 1171, ANANDPURI, 34335, 1167424, Drinking water, 0, 0, 0, 0, 0, 0, 700000, 700000
2015, RAJASTHAN, 8, BANSWARA, 79, ANANDPURI, 1171, ANANDPURI, 34335, 1167424, Roads, 0, 0, 0, 0, 0, 0, 800000, 800000
2015, RAJASTHAN, 8, BANSWARA, 79, ANANDPURI, 1171, ANANDPURI, 34335, 1167424, Total, 0, 0, 0, 0, 0, 0, 1500000, 1500000
2015, RAJASTHAN, 8, BANSWARA, 79, ANANDPURI, 1171, ANANDPURI, 34335, 1184573, Drinking water, 0, 0, 0, 0, 0, 0, 100000, 100000
2015, RAJASTHAN, 8, BANSWARA, 79, ANANDPURI, 1171, ANANDPURI, 34335, 1184573, Public distribution system, 0, 0, 0, 0, 0, 0, 1500000, 1500000
2015, RAJASTHAN, 8, BANSWARA, 79, ANANDPURI, 1171, ANANDPURI, 34335, 1184573, Total, 0, 0, 0, 0, 0, 0, 1600000, 1600000
2015, RAJASTHAN, 8, BANSWARA, 79, ANANDPURI, 1171, BARETH, 34336, 1184567, Drinking water, 0, 0, 0, 0, 0, 0, 1100000, 1100000
2015, RAJASTHAN, 8, BANSWARA, 79, ANANDPURI, 1171, BARETH, 34336, 1184567, Total, 0, 0, 0, 0, 0, 0, 1100000, 1100000
2015, RAJASTHAN, 8, BANSWARA, 79, ANANDPURI, 1171, BARJARIYA, 34337, 1184566, Drinking water, 0, 0, 0, 0, 0, 0, 3200000, 3200000
2015, RAJASTHAN, 8, BANSWARA, 79, ANANDPURI, 1171, BARJARIYA, 34337, 1184566, Total, 0, 0, 0, 0, 0, 0, 3200000, 3200000
2015, RAJASTHAN, 8, BANSWARA, 79, ANANDPURI, 1171, BARLIYA, 34338, 1157219, Drinking water, 0, 0, 0, 0, 0, 0, 2600000, 2600000
2015, RAJASTHAN, 8, BANSWARA, 79, ANANDPURI, 1171, BARLIYA, 34338, 1157219, Total, 0, 0, 0, 0, 0, 0, 2600000, 2600000
2015, RAJASTHAN, 8, BANSWARA, 79, ANANDPURI, 1171, BHALER BHODAR, 34339, 1184063, Drinking water, 0, 0, 0, 0, 0, 0, 1000000, 1000000
2015, RAJASTHAN, 8, BANSWARA, 79, ANANDPURI, 1171, BHALER BHODAR, 34339, 1184063, Roads, 0, 0, 0, 0, 0, 0, 200000, 200000
2015, RAJASTHAN, 8, BANSWARA, 79, ANANDPURI, 1171, BHALER BHODAR, 34339, 1184063, Total, 0, 0, 0, 0, 0, 0, 1200000, 1200000
2015, RAJASTHAN, 8, BANSWARA, 79, ANANDPURI, 1171, BHALER BHODAR, 34339, 1184564, Drinking water, 0, 0, 0, 0, 0, 0, 1000000, 1000000
2015, RAJASTHAN, 8, BANSWARA, 79, ANANDPURI, 1171, BHALER BHODAR, 34339, 1184564, Roads, 0, 0, 0, 0, 0, 0, 500000, 500000
2015, RAJASTHAN, 8, BANSWARA, 79, ANANDPURI, 1171, BHALER BHODAR, 34339, 1184564, Total, 0, 0, 0, 0, 0, 0, 1500000, 1500000
2015, RAJASTHAN, 8, BANSWARA, 79, ANANDPURI, 1171, CHANDARWARA, 34340, 1184070, Drinking water, 0, 0, 0, 0, 0, 0, 1200000, 1200000
2015, RAJASTHAN, 8, BANSWARA, 79, ANANDPURI, 1171, CHANDARWARA, 34340, 1184070, Total, 0, 0, 0, 0, 0, 0, 1200000, 1200000
2015, RAJASTHAN, 8, BANSWARA, 79, ANANDPURI, 1171, CHANDARWARA, 34340, 1184560, Drinking water, 0, 0, 0, 0, 0, 0, 1100000, 1100000
2015, RAJASTHAN, 8, BANSWARA, 79, ANANDPURI, 1171, CHANDARWARA, 34340, 1184560, Total, 0, 0, 0, 0, 0, 0, 1100000, 1100000
2015, RAJASTHAN, 8, BANSWARA, 79, ANANDPURI, 1171, CHHAJA, 34341, 1184054, Drinking water, 0, 0, 0, 0, 0, 0, 1000000, 1000000
2015, RAJASTHAN, 8, BANSWARA, 79, ANANDPURI, 1171, CHHAJA, 34341, 1184054, Total, 0, 0, 0, 0, 0, 0, 1000000, 1000000
2015, RAJASTHAN, 8, BANSWARA, 79, ANANDPURI, 1171, CHHAJA, 34341, 1184556, Drinking water, 0, 0, 0, 0, 0, 0, 1050000, 1050000
2015, RAJASTHAN, 8, BANSWARA, 79, ANANDPURI, 1171, CHHAJA, 34341, 1184556, Total, 0, 0, 0, 0, 0, 0, 1050000, 1050000
2015, RAJASTHAN, 8, BANSWARA, 79, ANANDPURI, 1171, CHIKLI TEJA, 34342, 1183011, Administrative & Technical Support, 0, 0, 0, 0, 0, 0, 1800000, 1800000
2015, RAJASTHAN, 8, BANSWARA, 79, ANANDPURI, 1171, CHIKLI TEJA, 34342, 1183011, Drinking water, 0, 0, 0, 0, 0, 0, 100000, 100000
2015, RAJASTHAN, 8, BANSWARA, 79, ANANDPURI, 1171, CHIKLI TEJA, 34342, 1183011, Total, 0, 0, 0, 0, 0, 0, 1900000, 1900000
2015, RAJASTHAN, 8, BANSWARA, 79, ANANDPURI, 1171, CHORDI, 34343, 1184552, Drinking water, 0, 0, 0, 0, 0, 0, 1000000, 1000000
2015, RAJASTHAN, 8, BANSWARA, 79, ANANDPURI, 1171, CHORDI, 34343, 1184552, Roads, 0, 0, 0, 0, 0, 0, 500000, 500000
2015, RAJASTHAN, 8, BANSWARA, 79, ANANDPURI, 1171, CHORDI, 34343, 1184552, Total, 0, 0, 0, 0, 0, 0, 1500000, 1500000
2015, RAJASTHAN, 8, BANSWARA, 79, ANANDPURI, 1171, DHODIYA, 262193, 1184550, Drinking water, 0, 0, 0, 0, 0, 0, 1200000, 1200000
2015, RAJASTHAN, 8, BANSWARA, 79, ANANDPURI, 1171, DHODIYA, 262193, 1184550, Roads, 0, 0, 0, 0, 0, 0, 500000, 500000
2015, RAJASTHAN, 8, BANSWARA, 79, ANANDPURI, 1171, DHODIYA, 262193, 1184550, Total, 0, 0, 0, 0, 0, 0, 1700000, 1700000
2015, RAJASTHAN, 8, BANSWARA, 79, ANANDPURI, 1171, DOKAR, 34344, 1184547, Drinking water, 0, 0, 0, 0, 0, 0, 2600000, 2600000
2015, RAJASTHAN, 8, BANSWARA, 79, ANANDPURI, 1171, DOKAR, 34344, 1184547, Total, 0, 0, 0, 0, 0, 0, 2600000, 2600000
2015, RAJASTHAN, 8, BANSWARA, 79, ANANDPURI, 1171, JHER, 262200, 1184546, Drinking water, 0, 0, 0, 0, 0, 0, 1100000, 1100000
2015, RAJASTHAN, 8, BANSWARA, 79, ANANDPURI, 1171, JHER, 262200, 1184546, Total, 0, 0, 0, 0, 0, 0, 1100000, 1100000
2015, RAJASTHAN, 8, BANSWARA, 79, ANANDPURI, 1171, KAJALIYA, 34345, 1184543, Drinking water, 0, 0, 0, 0, 0, 0, 1000000, 1000000
2015, RAJASTHAN, 8, BANSWARA, 79, ANANDPURI, 1171, KAJALIYA, 34345, 1184543, Roads, 0, 0, 0, 0, 0, 0, 500000, 500000
2015, RAJASTHAN, 8, BANSWARA, 79, ANANDPURI, 1171, KAJALIYA, 34345, 1184543, Total, 0, 0, 0, 0, 0, 0, 1500000, 1500000
2015, RAJASTHAN, 8, BANSWARA, 79, ANANDPURI, 1171, KANELA, 34346, 1184335, Drinking water, 0, 0, 0, 0, 0, 0, 1100000, 1100000
2015, RAJASTHAN, 8, BANSWARA, 79, ANANDPURI, 1171, KANELA, 34346, 1184335, Total, 0, 0, 0, 0, 0, 0, 1100000, 1100000
2015, RAJASTHAN, 8, BANSWARA, 79, ANANDPURI, 1171, KARDA, 34347, 1184310, Drinking water, 0, 0, 0, 0, 0, 0, 1300000, 1300000
2015, RAJASTHAN, 8, BANSWARA, 79, ANANDPURI, 1171, KARDA, 34347, 1184310, Total, 0, 0, 0, 0, 0, 0, 1300000, 1300000
2015, RAJASTHAN, 8, BANSWARA, 79, ANANDPURI, 1171, MADKOLA MOGJI, 34348, 1184273, Drinking water, 0, 0, 0, 0, 0, 0, 3600000, 3600000
2015, RAJASTHAN, 8, BANSWARA, 79, ANANDPURI, 1171, MADKOLA MOGJI, 34348, 1184273, Total, 0, 0, 0, 0, 0, 0, 3600000, 3600000
2015, RAJASTHAN, 8, BANSWARA, 79, ANANDPURI, 1171, MENA PADHAR, 34349, 1184258, Drinking water, 0, 0, 0, 0, 0, 0, 3100000, 3100000
2015, RAJASTHAN, 8, BANSWARA, 79, ANANDPURI, 1171, MENA PADHAR, 34349, 1184258, Total, 0, 0, 0, 0, 0, 0, 3100000, 3100000
2015, RAJASTHAN, 8, BANSWARA, 79, ANANDPURI, 1171, MUNDRI, 34350, 1184250, Drinking water, 0, 0, 0, 0, 0, 0, 3000000, 3000000
2015, RAJASTHAN, 8, BANSWARA, 79, ANANDPURI, 1171, MUNDRI, 34350, 1184250, Roads, 0, 0, 0, 0, 0, 0, 500000, 500000
2015, RAJASTHAN, 8, BANSWARA, 79, ANANDPURI, 1171, MUNDRI, 34350, 1184250, Total, 0, 0, 0, 0, 0, 0, 3500000, 3500000
2015, RAJASTHAN, 8, BANSWARA, 79, ANANDPURI, 1171, NAHARPURA, 34351, 1184238, Administrative & Technical Support, 0, 0, 0, 0, 0, 0, 4500000, 4500000
2015, RAJASTHAN, 8, BANSWARA, 79, ANANDPURI, 1171, NAHARPURA, 34351, 1184238, Roads, 0, 0, 0, 0, 0, 0, 200000, 200000
2015, RAJASTHAN, 8, BANSWARA, 79, ANANDPURI, 1171, NAHARPURA, 34351, 1184238, Total, 0, 0, 0, 0, 0, 0, 4700000, 4700000
2015, RAJASTHAN, 8, BANSWARA, 79, ANANDPURI, 1171, OBLA, 34352, 1184230, Administrative & Technical Support, 0, 0, 0, 0, 0, 0, 2000000, 2000000
2015, RAJASTHAN, 8, BANSWARA, 79, ANANDPURI, 1171, OBLA, 34352, 1184230, Drinking water, 0, 0, 0, 0, 0, 0, 200000, 200000
2015, RAJASTHAN, 8, BANSWARA, 79, ANANDPURI, 1171, OBLA, 34352, 1184230, Total, 0, 0, 0, 0, 0, 0, 2200000, 2200000
2015, RAJASTHAN, 8, BANSWARA, 79, ANANDPURI, 1171, PATIYA GALIYA, 34353, 1184224, Drinking water, 0, 0, 0, 0, 0, 0, 2300000, 2300000
2015, RAJASTHAN, 8, BANSWARA, 79, ANANDPURI, 1171, PATIYA GALIYA, 34353, 1184224, Roads, 0, 0, 0, 0, 0, 0, 200000, 200000
2015, RAJASTHAN, 8, BANSWARA, 79, ANANDPURI, 1171, PATIYA GALIYA, 34353, 1184224, Total, 0, 0, 0, 0, 0, 0, 2500000, 2500000
2015, RAJASTHAN, 8, BANSWARA, 79, ANANDPURI, 1171, PATNAWAGARA, 34354, 1184217, Administrative & Technical Support, 0, 0, 0, 0, 0, 0, 1350000, 1350000
2015, RAJASTHAN, 8, BANSWARA, 79, ANANDPURI, 1171, PATNAWAGARA, 34354, 1184217, Drinking water, 0, 0, 0, 0, 0, 0, 100000, 100000
2015, RAJASTHAN, 8, BANSWARA, 79, ANANDPURI, 1171, PATNAWAGARA, 34354, 1184217, Total, 0, 0, 0, 0, 0, 0, 1450000, 1450000
2015, RAJASTHAN, 8, BANSWARA, 79, ANANDPURI, 1171, PHALWAN, 34355, 1184210, Administrative & Technical Support, 0, 0, 0, 0, 0, 0, 1750000, 1750000
2015, RAJASTHAN, 8, BANSWARA, 79, ANANDPURI, 1171, PHALWAN, 34355, 1184210, Roads, 0, 0, 0, 0, 0, 0, 250000, 250000
2015, RAJASTHAN, 8, BANSWARA, 79, ANANDPURI, 1171, PHALWAN, 34355, 1184210, Total, 0, 0, 0, 0, 0, 0, 2000000, 2000000
2015, RAJASTHAN, 8, BANSWARA, 79, ANANDPURI, 1171, RATANPURA, 34356, 1184201, Drinking water, 0, 0, 0, 0, 0, 0, 1000000, 1000000
2015, RAJASTHAN, 8, BANSWARA, 79, ANANDPURI, 1171, RATANPURA, 34356, 1184201, Roads, 0, 0, 0, 0, 0, 0, 600000, 600000
2015, RAJASTHAN, 8, BANSWARA, 79, ANANDPURI, 1171, RATANPURA, 34356, 1184201, Total, 0, 0, 0, 0, 0, 0, 1600000, 1600000
2015, RAJASTHAN, 8, BANSWARA, 79, ANANDPURI, 1171, SUNDRAO, 34357, 1184182, Drinking water, 0, 0, 0, 0, 0, 0, 1500000, 1500000
2015, RAJASTHAN, 8, BANSWARA, 79, ANANDPURI, 1171, SUNDRAO, 34357, 1184182, Roads, 0, 0, 0, 0, 0, 0, 200000, 200000
2015, RAJASTHAN, 8, BANSWARA, 79, ANANDPURI, 1171, SUNDRAO, 34357, 1184182, Total, 0, 0, 0, 0, 0, 0, 1700000, 1700000
2015, RAJASTHAN, 8, BANSWARA, 79, ANANDPURI, 1171, TAMTIYA, 34358, 1184151, Drinking water, 0, 0, 0, 0, 0, 0, 2600000, 2600000
2015, RAJASTHAN, 8, BANSWARA, 79, ANANDPURI, 1171, TAMTIYA, 34358, 1184151, Total, 0, 0, 0, 0, 0, 0, 2600000, 2600000
2015, RAJASTHAN, 8, BANSWARA, 79, ANANDPURI, 1171, TEJPURA, 262198, 1184107, Drinking water, 0, 0, 0, 0, 0, 0, 1200000, 1200000
2015, RAJASTHAN, 8, BANSWARA, 79, ANANDPURI, 1171, TEJPURA, 262198, 1184107, Total, 0, 0, 0, 0, 0, 0, 1200000, 1200000
2015, RAJASTHAN, 8, BANSWARA, 79, ANANDPURI, 1171, UDAIPURA BARA, 34359, 1184089, Drinking water, 0, 0, 0, 0, 0, 0, 1200000, 1200000
2015, RAJASTHAN, 8, BANSWARA, 79, ANANDPURI, 1171, UDAIPURA BARA, 34359, 1184089, Total, 0, 0, 0, 0, 0, 0, 1200000, 1200000
2015, RAJASTHAN, 8, BANSWARA, 79, ARTHUNA, 262584, ANJANA, 34456, 1184013, Roads, 0, 0, 0, 0, 0, 0, 4204000, 4204000
2015, RAJASTHAN, 8, BANSWARA, 79, ARTHUNA, 262584, ANJANA, 34456, 1184013, Total, 0, 0, 0, 0, 0, 0, 4204000, 4204000
2015, RAJASTHAN, 8, BANSWARA, 79, ARTHUNA, 262584, ARTHUNA, 34461, 1181302, Drinking water, 0, 0, 0, 0, 0, 0, 1611000, 1611000
2015, RAJASTHAN, 8, BANSWARA, 79, ARTHUNA, 262584, ARTHUNA, 34461, 1181302, Health, 0, 0, 0, 0, 0, 0, 700000, 700000
2015, RAJASTHAN, 8, BANSWARA, 79, ARTHUNA, 262584, ARTHUNA, 34461, 1181302, Roads, 0, 0, 0, 0, 0, 0, 1000000, 1000000
2015, RAJASTHAN, 8, BANSWARA, 79, ARTHUNA, 262584, ARTHUNA, 34461, 1181302, Total, 0, 0, 0, 0, 0, 0, 3311000, 3311000
2015, RAJASTHAN, 8, BANSWARA, 79, ARTHUNA, 262584, BASSI MOTI, 34462, 1174251, Drinking water, 0, 0, 0, 0, 0, 0, 293000, 293000
2015, RAJASTHAN, 8, BANSWARA, 79, ARTHUNA, 262584, BASSI MOTI, 34462, 1174251, Education, 0, 0, 0, 0, 0, 0, 750000, 750000
2015, RAJASTHAN, 8, BANSWARA, 79, ARTHUNA, 262584, BASSI MOTI, 34462, 1174251, Roads, 0, 0, 0, 0, 0, 0, 1934000, 1934000
2015, RAJASTHAN, 8, BANSWARA, 79, ARTHUNA, 262584, BASSI MOTI, 34462, 1174251, Total, 0, 0, 0, 0, 0, 0, 2977000, 2977000
2015, RAJASTHAN, 8, BANSWARA, 79, ARTHUNA, 262584, BHATAR, 262470, 1185658, Drinking water, 0, 0, 0, 0, 0, 0, 1759000, 1759000
2015, RAJASTHAN, 8, BANSWARA, 79, ARTHUNA, 262584, BHATAR, 262470, 1185658, Education, 0, 0, 0, 0, 0, 0, 400000, 400000
2015, RAJASTHAN, 8, BANSWARA, 79, ARTHUNA, 262584, BHATAR, 262470, 1185658, Maintenance of community system, 0, 0, 0, 0, 0, 0, 200000, 200000
2015, RAJASTHAN, 8, BANSWARA, 79, ARTHUNA, 262584, BHATAR, 262470, 1185658, Total, 0, 0, 0, 0, 0, 0, 2359000, 2359000
2015, RAJASTHAN, 8, BANSWARA, 79, ARTHUNA, 262584, BILODA, 34467, 1184067, Drinking water, 0, 0, 0, 0, 0, 0, 1424000, 1424000
2015, RAJASTHAN, 8, BANSWARA, 79, ARTHUNA, 262584, BILODA, 34467, 1184067, Land improvement, 0, 0, 0, 0, 0, 0, 500000, 500000
2015, RAJASTHAN, 8, BANSWARA, 79, ARTHUNA, 262584, BILODA, 34467, 1184067, Roads, 0, 0, 0, 0, 0, 0, 800000, 800000
2015, RAJASTHAN, 8, BANSWARA, 79, ARTHUNA, 262584, BILODA, 34467, 1184067, Total, 0, 0, 0, 0, 0, 0, 2724000, 2724000
2015, RAJASTHAN, 8, BANSWARA, 79, ARTHUNA, 262584, ITAUWA, 34471, 1185770, Drinking water, 0, 0, 0, 0, 0, 0, 321000, 321000
2015, RAJASTHAN, 8, BANSWARA, 79, ARTHUNA, 262584, ITAUWA, 34471, 1185770, Roads, 0, 0, 0, 0, 0, 0, 2000000, 2000000
2015, RAJASTHAN, 8, BANSWARA, 79, ARTHUNA, 262584, ITAUWA, 34471, 1185770, Total, 0, 0, 0, 0, 0, 0, 2321000, 2321000
2015, RAJASTHAN, 8, BANSWARA, 79, ARTHUNA, 262584, JHADAS, 34474, 1173833, Drinking water, 0, 0, 0, 0, 0, 0, 164000, 164000
2015, RAJASTHAN, 8, BANSWARA, 79, ARTHUNA, 262584, JHADAS, 34474, 1173833, Health, 0, 0, 0, 0, 0, 0, 506000, 506000
2015, RAJASTHAN, 8, BANSWARA, 79, ARTHUNA, 262584, JHADAS, 34474, 1173833, Roads, 0, 0, 0, 0, 0, 0, 1000000, 1000000
2015, RAJASTHAN, 8, BANSWARA, 79, ARTHUNA, 262584, JHADAS, 34474, 1173833, Total, 0, 0, 0, 0, 0, 0, 1670000, 1670000
2015, RAJASTHAN, 8, BANSWARA, 79, ARTHUNA, 262584, JOLANA, 34475, 1174295, Drinking water, 0, 0, 0, 0, 0, 0, 639300, 639300
2015, RAJASTHAN, 8, BANSWARA, 79, ARTHUNA, 262584, JOLANA, 34475, 1174295, Health, 0, 0, 0, 0, 0, 0, 200000, 200000
2015, RAJASTHAN, 8, BANSWARA, 79, ARTHUNA, 262584, JOLANA, 34475, 1174295, Roads, 0, 0, 0, 0, 0, 0, 1800000, 1800000
2015, RAJASTHAN, 8, BANSWARA, 79, ARTHUNA, 262584, JOLANA, 34475, 1174295, Total, 0, 0, 0, 0, 0, 0, 2639300, 2639300
2015, RAJASTHAN, 8, BANSWARA, 79, ARTHUNA, 262584, KESARPURA, 34477, 1173921, Drinking water, 0, 0, 0, 0, 0, 0, 1365000, 1365000
2015, RAJASTHAN, 8, BANSWARA, 79, ARTHUNA, 262584, KESARPURA, 34477, 1173921, Roads, 0, 0, 0, 0, 0, 0, 900000, 900000
2015, RAJASTHAN, 8, BANSWARA, 79, ARTHUNA, 262584, KESARPURA, 34477, 1173921, Total, 0, 0, 0, 0, 0, 0, 2265000, 2265000
2015, RAJASTHAN, 8, BANSWARA, 79, ARTHUNA, 262584, KOTDA, 34481, 1173841, Drinking water, 0, 0, 0, 0, 0, 0, 860000, 860000
2015, RAJASTHAN, 8, BANSWARA, 79, ARTHUNA, 262584, KOTDA, 34481, 1173841, Roads, 0, 0, 0, 0, 0, 0, 1900000, 1900000
2015, RAJASTHAN, 8, BANSWARA, 79, ARTHUNA, 262584, KOTDA, 34481, 1173841, Total, 0, 0, 0, 0, 0, 0, 2760000, 2760000
2015, RAJASTHAN, 8, BANSWARA, 79, ARTHUNA, 262584, KUNWALIYA, 262479, 1173857, Drinking water, 0, 0, 0, 0, 0, 0, 1016000, 1016000
2015, RAJASTHAN, 8, BANSWARA, 79, ARTHUNA, 262584, KUNWALIYA, 262479, 1173857, Roads, 0, 0, 0, 0, 0, 0, 900000, 900000
2015, RAJASTHAN, 8, BANSWARA, 79, ARTHUNA, 262584, KUNWALIYA, 262479, 1173857, Total, 0, 0, 0, 0, 0, 0, 1916000, 1916000
2015, RAJASTHAN, 8, BANSWARA, 79, ARTHUNA, 262584, MALANA, 34486, 1174263, Drinking water, 0, 0, 0, 0, 0, 0, 264200, 264200
2015, RAJASTHAN, 8, BANSWARA, 79, ARTHUNA, 262584, MALANA, 34486, 1174263, Roads, 0, 0, 0, 0, 0, 0, 1750000, 1750000
2015, RAJASTHAN, 8, BANSWARA, 79, ARTHUNA, 262584, MALANA, 34486, 1174263, Total, 0, 0, 0, 0, 0, 0, 2014200, 2014200
2015, RAJASTHAN, 8, BANSWARA, 79, ARTHUNA, 262584, MANDELA PADA, 262484, 1185566, Cultural activities, 0, 0, 0, 0, 0, 0, 600300, 600300
2015, RAJASTHAN, 8, BANSWARA, 79, ARTHUNA, 262584, MANDELA PADA, 262484, 1185566, Drinking water, 0, 0, 0, 0, 0, 0, 1300000, 1300000
2015, RAJASTHAN, 8, BANSWARA, 79, ARTHUNA, 262584, MANDELA PADA, 262484, 1185566, Total, 0, 0, 0, 0, 0, 0, 1900300, 1900300
2015, RAJASTHAN, 8, BANSWARA, 79, ARTHUNA, 262584, NAHLI, 34489, 1181273, Drinking water, 0, 0, 0, 0, 0, 0, 1006700, 1006700
2015, RAJASTHAN, 8, BANSWARA, 79, ARTHUNA, 262584, NAHLI, 34489, 1181273, Roads, 0, 0, 0, 0, 0, 0, 1500000, 1500000
2015, RAJASTHAN, 8, BANSWARA, 79, ARTHUNA, 262584, NAHLI, 34489, 1181273, Total, 0, 0, 0, 0, 0, 0, 2506700, 2506700
2015, RAJASTHAN, 8, BANSWARA, 79, ARTHUNA, 262584, NAVAGHARA, 34490, 1184023, Cultural activities, 0, 0, 0, 0, 0, 0, 300000, 300000
2015, RAJASTHAN, 8, BANSWARA, 79, ARTHUNA, 262584, NAVAGHARA, 34490, 1184023, Drinking water, 0, 0, 0, 0, 0, 0, 450000, 450000
2015, RAJASTHAN, 8, BANSWARA, 79, ARTHUNA, 262584, NAVAGHARA, 34490, 1184023, Roads, 0, 0, 0, 0, 0, 0, 2258000, 2258000
2015, RAJASTHAN, 8, BANSWARA, 79, ARTHUNA, 262584, NAVAGHARA, 34490, 1184023, Total, 0, 0, 0, 0, 0, 0, 3008000, 3008000
2015, RAJASTHAN, 8, BANSWARA, 79, ARTHUNA, 262584, ODA, 262476, 1181332, Drinking water, 0, 0, 0, 0, 0, 0, 1457000, 1457000
2015, RAJASTHAN, 8, BANSWARA, 79, ARTHUNA, 262584, ODA, 262476, 1181332, Roads, 0, 0, 0, 0, 0, 0, 400000, 400000
2015, RAJASTHAN, 8, BANSWARA, 79, ARTHUNA, 262584, ODA, 262476, 1181332, Total, 0, 0, 0, 0, 0, 0, 1857000, 1857000
2015, RAJASTHAN, 8, BANSWARA, 79, ARTHUNA, 262584, ODWADA, 34491, 1181346, Drinking water, 0, 0, 0, 0, 0, 0, 671000, 671000
2015, RAJASTHAN, 8, BANSWARA, 79, ARTHUNA, 262584, ODWADA, 34491, 1181346, Roads, 0, 0, 0, 0, 0, 0, 2400000, 2400000
2015, RAJASTHAN, 8, BANSWARA, 79, ARTHUNA, 262584, ODWADA, 34491, 1181346, Total, 0, 0, 0, 0, 0, 0, 3071000, 3071000
2015, RAJASTHAN, 8, BANSWARA, 79, ARTHUNA, 262584, PADEDI, 34492, 1185728, Cultural activities, 0, 0, 0, 0, 0, 0, 800000, 800000
2015, RAJASTHAN, 8, BANSWARA, 79, ARTHUNA, 262584, PADEDI, 34492, 1185728, Drinking water, 0, 0, 0, 0, 0, 0, 1539000, 1539000
2015, RAJASTHAN, 8, BANSWARA, 79, ARTHUNA, 262584, PADEDI, 34492, 1185728, Education, 0, 0, 0, 0, 0, 0, 400000, 400000
2015, RAJASTHAN, 8, BANSWARA, 79, ARTHUNA, 262584, PADEDI, 34492, 1185728, Total, 0, 0, 0, 0, 0, 0, 2739000, 2739000
2015, RAJASTHAN, 8, BANSWARA, 79, ARTHUNA, 262584, RAIYANA, 34496, 1174283, Drinking water, 0, 0, 0, 0, 0, 0, 198000, 198000
2015, RAJASTHAN, 8, BANSWARA, 79, ARTHUNA, 262584, RAIYANA, 34496, 1174283, Health, 0, 0, 0, 0, 0, 0, 211000, 211000
2015, RAJASTHAN, 8, BANSWARA, 79, ARTHUNA, 262584, RAIYANA, 34496, 1174283, Roads, 0, 0, 0, 0, 0, 0, 1600000, 1600000
2015, RAJASTHAN, 8, BANSWARA, 79, ARTHUNA, 262584, RAIYANA, 34496, 1174283, Total, 0, 0, 0, 0, 0, 0, 2009000, 2009000
2015, RAJASTHAN, 8, BANSWARA, 79, ARTHUNA, 262584, SAHARANPUR, 34501, 1185681, Drinking water, 0, 0, 0, 0, 0, 0, 1043000, 1043000
2015, RAJASTHAN, 8, BANSWARA, 79, ARTHUNA, 262584, SAHARANPUR, 34501, 1185681, Education, 0, 0, 0, 0, 0, 0, 1300000, 1300000
2015, RAJASTHAN, 8, BANSWARA, 79, ARTHUNA, 262584, SAHARANPUR, 34501, 1185681, Total, 0, 0, 0, 0, 0, 0, 2343000, 2343000
2015, RAJASTHAN, 8, BANSWARA, 79, ARTHUNA, 262584, TAMTIA RATHORE, 34505, 1185954, Drinking water, 0, 0, 0, 0, 0, 0, 300000, 300000
2015, RAJASTHAN, 8, BANSWARA, 79, ARTHUNA, 262584, TAMTIA RATHORE, 34505, 1185954, Roads, 0, 0, 0, 0, 0, 0, 800000, 800000
2015, RAJASTHAN, 8, BANSWARA, 79, ARTHUNA, 262584, TAMTIA RATHORE, 34505, 1185954, Sanitation, 0, 0, 0, 0, 0, 0, 672000, 672000
2015, RAJASTHAN, 8, BANSWARA, 79, ARTHUNA, 262584, TAMTIA RATHORE, 34505, 1185954, Total, 0, 0, 0, 0, 0, 0, 1772000, 1772000
2015, RAJASTHAN, 8, BANSWARA, 79, ARTHUNA, 262584, TIMURWA, 34506, 1185973, Drinking water, 0, 0, 0, 0, 0, 0, 500000, 500000
2015, RAJASTHAN, 8, BANSWARA, 79, ARTHUNA, 262584, TIMURWA, 34506, 1185973, Land improvement, 0, 0, 0, 0, 0, 0, 793000, 793000
2015, RAJASTHAN, 8, BANSWARA, 79, ARTHUNA, 262584, TIMURWA, 34506, 1185973, Roads, 0, 0, 0, 0, 0, 0, 1000000, 1000000
2015, RAJASTHAN, 8, BANSWARA, 79, ARTHUNA, 262584, TIMURWA, 34506, 1185973, Sanitation, 0, 0, 0, 0, 0, 0, 500000, 500000
2015, RAJASTHAN, 8, BANSWARA, 79, ARTHUNA, 262584, TIMURWA, 34506, 1185973, Total, 0, 0, 0, 0, 0, 0, 2793000, 2793000
2015, RAJASTHAN, 8, BANSWARA, 79, ARTHUNA, 262584, WAKHATPURA, 34509, 1184038, Drinking water, 0, 0, 0, 0, 0, 0, 1150000, 1150000
2015, RAJASTHAN, 8, BANSWARA, 79, ARTHUNA, 262584, WAKHATPURA, 34509, 1184038, Roads, 0, 0, 0, 0, 0, 0, 800000, 800000
2015, RAJASTHAN, 8, BANSWARA, 79, ARTHUNA, 262584, WAKHATPURA, 34509, 1184038, Sanitation, 0, 0, 0, 0, 0, 0, 1599000, 1599000
2015, RAJASTHAN, 8, BANSWARA, 79, ARTHUNA, 262584, WAKHATPURA, 34509, 1184038, Total, 0, 0, 0, 0, 0, 0, 3549000, 3549000
2015, RAJASTHAN, 8, BANSWARA, 79, BAGIDORA, 1172, BAGIDORA, 34360, 1165844, Drinking water, 0, 0, 0, 0, 0, 0, 1113000, 1113000
2015, RAJASTHAN, 8, BANSWARA, 79, BAGIDORA, 1172, BAGIDORA, 34360, 1165844, Total, 0, 0, 0, 0, 0, 0, 1113000, 1113000
2015, RAJASTHAN, 8, BANSWARA, 79, BAGIDORA, 1172, BALAWARA, 34361, 1160638, Drinking water, 0, 0, 0, 0, 0, 0, 2583000, 2583000
2015, RAJASTHAN, 8, BANSWARA, 79, BAGIDORA, 1172, BALAWARA, 34361, 1160638, Roads, 0, 0, 0, 0, 0, 0, 400000, 400000
2015, RAJASTHAN, 8, BANSWARA, 79, BAGIDORA, 1172, BALAWARA, 34361, 1160638, Total, 0, 0, 0, 0, 0, 0, 2983000, 2983000
2015, RAJASTHAN, 8, BANSWARA, 79, BAGIDORA, 1172, BARIGAMA, 34362, 1161315, Drinking water, 0, 0, 0, 0, 0, 0, 2079000, 2079000
2015, RAJASTHAN, 8, BANSWARA, 79, BAGIDORA, 1172, BARIGAMA, 34362, 1161315, Maintenance of community system, 0, 0, 0, 0, 0, 0, 237000, 237000
2015, RAJASTHAN, 8, BANSWARA, 79, BAGIDORA, 1172, BARIGAMA, 34362, 1161315, Roads, 0, 0, 0, 0, 0, 0, 1200000, 1200000
2015, RAJASTHAN, 8, BANSWARA, 79, BAGIDORA, 1172, BARIGAMA, 34362, 1161315, Total, 0, 0, 0, 0, 0, 0, 3516000, 3516000
2015, RAJASTHAN, 8, BANSWARA, 79, BAGIDORA, 1172, BARODIYA, 34363, 1160991, Drinking water, 0, 0, 0, 0, 0, 0, 2607000, 2607000
2015, RAJASTHAN, 8, BANSWARA, 79, BAGIDORA, 1172, BARODIYA, 34363, 1160991, Roads, 0, 0, 0, 0, 0, 0, 1000000, 1000000
2015, RAJASTHAN, 8, BANSWARA, 79, BAGIDORA, 1172, BARODIYA, 34363, 1160991, Total, 0, 0, 0, 0, 0, 0, 3607000, 3607000
2015, RAJASTHAN, 8, BANSWARA, 79, BAGIDORA, 1172, BODIGAMA, 34364, 1165864, Drinking water, 0, 0, 0, 0, 0, 0, 2520000, 2520000
2015, RAJASTHAN, 8, BANSWARA, 79, BAGIDORA, 1172, BODIGAMA, 34364, 1165864, Roads, 0, 0, 0, 0, 0, 0, 1000000, 1000000
2015, RAJASTHAN, 8, BANSWARA, 79, BAGIDORA, 1172, BODIGAMA, 34364, 1165864, Total, 0, 0, 0, 0, 0, 0, 3520000, 3520000
2015, RAJASTHAN, 8, BANSWARA, 79, BAGIDORA, 1172, BUDWA, 34365, 1161719, Drinking water, 0, 0, 0, 0, 0, 0, 1378000, 1378000
2015, RAJASTHAN, 8, BANSWARA, 79, BAGIDORA, 1172, BUDWA, 34365, 1161719, Roads, 0, 0, 0, 0, 0, 0, 1000000, 1000000
2015, RAJASTHAN, 8, BANSWARA, 79, BAGIDORA, 1172, BUDWA, 34365, 1161719, Total, 0, 0, 0, 0, 0, 0, 2378000, 2378000
2015, RAJASTHAN, 8, BANSWARA, 79, BAGIDORA, 1172, Bansla, 262262, 1228817, Drinking water, 0, 0, 0, 0, 0, 0, 1749000, 1749000
2015, RAJASTHAN, 8, BANSWARA, 79, BAGIDORA, 1172, Bansla, 262262, 1228817, Total, 0, 0, 0, 0, 0, 0, 1749000, 1749000
2015, RAJASTHAN, 8, BANSWARA, 79, BAGIDORA, 1172, CHHEENCH, 34366, 1164999, Drinking water, 0, 0, 0, 0, 0, 0, 150000, 150000
2015, RAJASTHAN, 8, BANSWARA, 79, BAGIDORA, 1172, CHHEENCH, 34366, 1164999, Roads, 0, 0, 0, 0, 0, 0, 600000, 600000
2015, RAJASTHAN, 8, BANSWARA, 79, BAGIDORA, 1172, CHHEENCH, 34366, 1164999, Sanitation, 0, 0, 0, 0, 0, 0, 500000, 500000
2015, RAJASTHAN, 8, BANSWARA, 79, BAGIDORA, 1172, CHHEENCH, 34366, 1164999, Social welfare, 0, 0, 0, 0, 0, 0, 500000, 500000
2015, RAJASTHAN, 8, BANSWARA, 79, BAGIDORA, 1172, CHHEENCH, 34366, 1164999, Total, 0, 0, 0, 0, 0, 0, 1750000, 1750000
2015, RAJASTHAN, 8, BANSWARA, 79, BAGIDORA, 1172, CHOKHALA, 34367, 1183498, Drinking water, 0, 0, 0, 0, 0, 0, 200000, 200000
2015, RAJASTHAN, 8, BANSWARA, 79, BAGIDORA, 1172, CHOKHALA, 34367, 1183498, Roads, 0, 0, 0, 0, 0, 0, 400000, 400000
2015, RAJASTHAN, 8, BANSWARA, 79, BAGIDORA, 1172, CHOKHALA, 34367, 1183498, Sanitation, 0, 0, 0, 0, 0, 0, 100000, 100000
2015, RAJASTHAN, 8, BANSWARA, 79, BAGIDORA, 1172, CHOKHALA, 34367, 1183498, Total, 0, 0, 0, 0, 0, 0, 700000, 700000
2015, RAJASTHAN, 8, BANSWARA, 79, BAGIDORA, 1172, CHOKHALA, 34367, 1183752, Roads, 0, 0, 0, 0, 0, 0, 753000, 753000
2015, RAJASTHAN, 8, BANSWARA, 79, BAGIDORA, 1172, CHOKHALA, 34367, 1183752, Total, 0, 0, 0, 0, 0, 0, 753000, 753000
2015, RAJASTHAN, 8, BANSWARA, 79, BAGIDORA, 1172, ITAUWA, 34372, 1161300, Drinking water, 0, 0, 0, 0, 0, 0, 2772000, 2772000
2015, RAJASTHAN, 8, BANSWARA, 79, BAGIDORA, 1172, ITAUWA, 34372, 1161300, Roads, 0, 0, 0, 0, 0, 0, 1100000, 1100000
2015, RAJASTHAN, 8, BANSWARA, 79, BAGIDORA, 1172, ITAUWA, 34372, 1161300, Social welfare, 0, 0, 0, 0, 0, 0, 500000, 500000
2015, RAJASTHAN, 8, BANSWARA, 79, BAGIDORA, 1172, ITAUWA, 34372, 1161300, Total, 0, 0, 0, 0, 0, 0, 4372000, 4372000
2015, RAJASTHAN, 8, BANSWARA, 79, BAGIDORA, 1172, KALINJARA, 34375, 1161734, Drinking water, 0, 0, 0, 0, 0, 0, 2392000, 2392000
2015, RAJASTHAN, 8, BANSWARA, 79, BAGIDORA, 1172, KALINJARA, 34375, 1161734, Roads, 0, 0, 0, 0, 0, 0, 2100000, 2100000
2015, RAJASTHAN, 8, BANSWARA, 79, BAGIDORA, 1172, KALINJARA, 34375, 1161734, Total, 0, 0, 0, 0, 0, 0, 4492000, 4492000
2015, RAJASTHAN, 8, BANSWARA, 79, BAGIDORA, 1172, KARJI, 34376, 1161736, Drinking water, 0, 0, 0, 0, 0, 0, 1089000, 1089000
2015, RAJASTHAN, 8, BANSWARA, 79, BAGIDORA, 1172, KARJI, 34376, 1161736, Total, 0, 0, 0, 0, 0, 0, 1089000, 1089000
2015, RAJASTHAN, 8, BANSWARA, 79, BAGIDORA, 1172, KHOONTA MACHAR, 34379, 1160349, Drinking water, 0, 0, 0, 0, 0, 0, 1166000, 1166000
2015, RAJASTHAN, 8, BANSWARA, 79, BAGIDORA, 1172, KHOONTA MACHAR, 34379, 1160349, Roads, 0, 0, 0, 0, 0, 0, 600000, 600000
2015, RAJASTHAN, 8, BANSWARA, 79, BAGIDORA, 1172, KHOONTA MACHAR, 34379, 1160349, Total, 0, 0, 0, 0, 0, 0, 1766000, 1766000
2015, RAJASTHAN, 8, BANSWARA, 79, BAGIDORA, 1172, Mangaliya Daira, 262279, 1229522, Drinking water, 0, 0, 0, 0, 0, 0, 1166000, 1166000
2015, RAJASTHAN, 8, BANSWARA, 79, BAGIDORA, 1172, Mangaliya Daira, 262279, 1229522, Total, 0, 0, 0, 0, 0, 0, 1166000, 1166000
2015, RAJASTHAN, 8, BANSWARA, 79, BAGIDORA, 1172, NAGAWARA, 34384, 1165856, Drinking water, 0, 0, 0, 0, 0, 0, 318000, 318000
2015, RAJASTHAN, 8, BANSWARA, 79, BAGIDORA, 1172, NAGAWARA, 34384, 1165856, Roads, 0, 0, 0, 0, 0, 0, 1000000, 1000000
2015, RAJASTHAN, 8, BANSWARA, 79, BAGIDORA, 1172, NAGAWARA, 34384, 1165856, Total, 0, 0, 0, 0, 0, 0, 1318000, 1318000
2015, RAJASTHAN, 8, BANSWARA, 79, BAGIDORA, 1172, NAL, 34385, 1165006, Drinking water, 0, 0, 0, 0, 0, 0, 4922000, 4922000
2015, RAJASTHAN, 8, BANSWARA, 79, BAGIDORA, 1172, NAL, 34385, 1165006, Total, 0, 0, 0, 0, 0, 0, 4922000, 4922000
2015, RAJASTHAN, 8, BANSWARA, 79, BAGIDORA, 1172, NAUGAMA, 34386, 1183503, Drinking water, 0, 0, 0, 0, 0, 0, 3591000, 3591000
2015, RAJASTHAN, 8, BANSWARA, 79, BAGIDORA, 1172, NAUGAMA, 34386, 1183503, Roads, 0, 0, 0, 0, 0, 0, 1000000, 1000000
2015, RAJASTHAN, 8, BANSWARA, 79, BAGIDORA, 1172, NAUGAMA, 34386, 1183503, Total, 0, 0, 0, 0, 0, 0, 4591000, 4591000
2015, RAJASTHAN, 8, BANSWARA, 79, BAGIDORA, 1172, PATAN, 34387, 1161885, Drinking water, 0, 0, 0, 0, 0, 0, 1581000, 1581000
2015, RAJASTHAN, 8, BANSWARA, 79, BAGIDORA, 1172, PATAN, 34387, 1161885, Total, 0, 0, 0, 0, 0, 0, 1581000, 1581000
2015, RAJASTHAN, 8, BANSWARA, 79, BAGIDORA, 1172, PEEPLOD, 34388, 1183770, Drinking water, 0, 0, 0, 0, 0, 0, 150000, 150000
2015, RAJASTHAN, 8, BANSWARA, 79, BAGIDORA, 1172, PEEPLOD, 34388, 1183770, Roads, 0, 0, 0, 0, 0, 0, 500000, 500000
2015, RAJASTHAN, 8, BANSWARA, 79, BAGIDORA, 1172, PEEPLOD, 34388, 1183770, Total, 0, 0, 0, 0, 0, 0, 650000, 650000
2015, RAJASTHAN, 8, BANSWARA, 79, BAGIDORA, 1172, PINDARMA, 34389, 1161879, Drinking water, 0, 0, 0, 0, 0, 0, 1638000, 1638000
2015, RAJASTHAN, 8, BANSWARA, 79, BAGIDORA, 1172, PINDARMA, 34389, 1161879, Roads, 0, 0, 0, 0, 0, 0, 1960000, 1960000
2015, RAJASTHAN, 8, BANSWARA, 79, BAGIDORA, 1172, PINDARMA, 34389, 1161879, Total, 0, 0, 0, 0, 0, 0, 3598000, 3598000
2015, RAJASTHAN, 8, BANSWARA, 79, BAGIDORA, 1172, RAKHO, 34390, 1161891, Drinking water, 0, 0, 0, 0, 0, 0, 1449000, 1449000
2015, RAJASTHAN, 8, BANSWARA, 79, BAGIDORA, 1172, RAKHO, 34390, 1161891, Roads, 0, 0, 0, 0, 0, 0, 127000, 127000
2015, RAJASTHAN, 8, BANSWARA, 79, BAGIDORA, 1172, RAKHO, 34390, 1161891, Sanitation, 0, 0, 0, 0, 0, 0, 400000, 400000
2015, RAJASTHAN, 8, BANSWARA, 79, BAGIDORA, 1172, RAKHO, 34390, 1161891, Total, 0, 0, 0, 0, 0, 0, 1976000, 1976000
2015, RAJASTHAN, 8, BANSWARA, 79, BAGIDORA, 1172, SUWALA, 34398, 1162151, Drinking water, 0, 0, 0, 0, 0, 0, 1177000, 1177000
2015, RAJASTHAN, 8, BANSWARA, 79, BAGIDORA, 1172, SUWALA, 34398, 1162151, Roads, 0, 0, 0, 0, 0, 0, 1100000, 1100000
2015, RAJASTHAN, 8, BANSWARA, 79, BAGIDORA, 1172, SUWALA, 34398, 1162151, Total, 0, 0, 0, 0, 0, 0, 2277000, 2277000
2015, RAJASTHAN, 8, BANSWARA, 79, BAGIDORA, 1172, Sogpura, 262272, 1165822, Drinking water, 0, 0, 0, 0, 0, 0, 2709000, 2709000
2015, RAJASTHAN, 8, BANSWARA, 79, BAGIDORA, 1172, Sogpura, 262272, 1165822, Roads, 0, 0, 0, 0, 0, 0, 750000, 750000
2015, RAJASTHAN, 8, BANSWARA, 79, BAGIDORA, 1172, Sogpura, 262272, 1165822, Total, 0, 0, 0, 0, 0, 0, 3459000, 3459000
2015, RAJASTHAN, 8, BANSWARA, 79, BAGIDORA, 1172, UMMED GARHI, 34400, 1183499, Drinking water, 0, 0, 0, 0, 0, 0, 500000, 500000
2015, RAJASTHAN, 8, BANSWARA, 79, BAGIDORA, 1172, UMMED GARHI, 34400, 1183499, Roads, 0, 0, 0, 0, 0, 0, 500000, 500000
2015, RAJASTHAN, 8, BANSWARA, 79, BAGIDORA, 1172, UMMED GARHI, 34400, 1183499, Total, 0, 0, 0, 0, 0, 0, 1000000, 1000000
2015, RAJASTHAN, 8, BANSWARA, 79, BAGIDORA, 1172, Vanela Para, 262244, 1165835, Drinking water, 0, 0, 0, 0, 0, 0, 1749000, 1749000
2015, RAJASTHAN, 8, BANSWARA, 79, BAGIDORA, 1172, Vanela Para, 262244, 1165835, Roads, 0, 0, 0, 0, 0, 0, 500000, 500000
2015, RAJASTHAN, 8, BANSWARA, 79, BAGIDORA, 1172, Vanela Para, 262244, 1165835, Total, 0, 0, 0, 0, 0, 0, 2249000, 2249000
2015, RAJASTHAN, 8, BANSWARA, 79, BANSWARA, 1173, ABAPURA, 34401, 1163680, Drinking water, 0, 0, 0, 0, 0, 0, 1600000, 1600000
2015, RAJASTHAN, 8, BANSWARA, 79, BANSWARA, 1173, ABAPURA, 34401, 1163680, Total, 0, 0, 0, 0, 0, 0, 1600000, 1600000
2015, RAJASTHAN, 8, BANSWARA, 79, BANSWARA, 1173, BADREL KHURD, 34402, 1161705, Maintenance of community system, 0, 0, 0, 0, 0, 0, 430000, 430000
2015, RAJASTHAN, 8, BANSWARA, 79, BANSWARA, 1173, BADREL KHURD, 34402, 1161705, Roads, 0, 0, 0, 0, 0, 0, 1000000, 1000000
2015, RAJASTHAN, 8, BANSWARA, 79, BANSWARA, 1173, BADREL KHURD, 34402, 1161705, Total, 0, 0, 0, 0, 0, 0, 1430000, 1430000
2015, RAJASTHAN, 8, BANSWARA, 79, BANSWARA, 1173, BADVI, 34405, 1160847, Drinking water, 0, 0, 0, 0, 0, 0, 700000, 700000
2015, RAJASTHAN, 8, BANSWARA, 79, BANSWARA, 1173, BADVI, 34405, 1160847, Roads, 0, 0, 0, 0, 0, 0, 1060000, 1060000
2015, RAJASTHAN, 8, BANSWARA, 79, BANSWARA, 1173, BADVI, 34405, 1160847, Total, 0, 0, 0, 0, 0, 0, 1760000, 1760000
2015, RAJASTHAN, 8, BANSWARA, 79, BANSWARA, 1173, BARWALA RAJIYA, 34404, 1161696, Drinking water, 0, 0, 0, 0, 0, 0, 1400000, 1400000
2015, RAJASTHAN, 8, BANSWARA, 79, BANSWARA, 1173, BARWALA RAJIYA, 34404, 1161696, Roads, 0, 0, 0, 0, 0, 0, 600000, 600000
2015, RAJASTHAN, 8, BANSWARA, 79, BANSWARA, 1173, BARWALA RAJIYA, 34404, 1161696, Total, 0, 0, 0, 0, 0, 0, 2000000, 2000000
2015, RAJASTHAN, 8, BANSWARA, 79, BANSWARA, 1173, BHAPOR, 34407, 1160880, Drinking water, 0, 0, 0, 0, 0, 0, 2600000, 2600000
2015, RAJASTHAN, 8, BANSWARA, 79, BANSWARA, 1173, BHAPOR, 34407, 1160880, Roads, 0, 0, 0, 0, 0, 0, 500000, 500000
2015, RAJASTHAN, 8, BANSWARA, 79, BANSWARA, 1173, BHAPOR, 34407, 1160880, Total, 0, 0, 0, 0, 0, 0, 3100000, 3100000
2015, RAJASTHAN, 8, BANSWARA, 79, BANSWARA, 1173, BOR KHABAR, 34408, 1163249, Roads, 0, 0, 0, 0, 0, 0, 1200000, 1200000
2015, RAJASTHAN, 8, BANSWARA, 79, BANSWARA, 1173, BOR KHABAR, 34408, 1163249, Total, 0, 0, 0, 0, 0, 0, 2100000, 2100000
2015, RAJASTHAN, 8, BANSWARA, 79, BANSWARA, 1173, BOR KHABAR, 34408, 1163249, Water Conservation, 0, 0, 0, 0, 0, 0, 900000, 900000
2015, RAJASTHAN, 8, BANSWARA, 79, BANSWARA, 1173, BORIYA, 34409, 1163301, Roads, 0, 0, 0, 0, 0, 0, 3000000, 3000000
2015, RAJASTHAN, 8, BANSWARA, 79, BANSWARA, 1173, BORIYA, 34409, 1163301, Total, 0, 0, 0, 0, 0, 0, 3000000, 3000000
2015, RAJASTHAN, 8, BANSWARA, 79, BANSWARA, 1173, BORKHEDA, 34410, 1162312, Drinking water, 0, 0, 0, 0, 0, 0, 1400000, 1400000
2015, RAJASTHAN, 8, BANSWARA, 79, BANSWARA, 1173, BORKHEDA, 34410, 1162312, Roads, 0, 0, 0, 0, 0, 0, 1000000, 1000000
2015, RAJASTHAN, 8, BANSWARA, 79, BANSWARA, 1173, BORKHEDA, 34410, 1162312, Total, 0, 0, 0, 0, 0, 0, 2400000, 2400000
2015, RAJASTHAN, 8, BANSWARA, 79, BANSWARA, 1173, CHACHAKOTA, 34412, 1163246, Drinking water, 0, 0, 0, 0, 0, 0, 500000, 500000
2015, RAJASTHAN, 8, BANSWARA, 79, BANSWARA, 1173, CHACHAKOTA, 34412, 1163246, Education, 0, 0, 0, 0, 0, 0, 1200000, 1200000
2015, RAJASTHAN, 8, BANSWARA, 79, BANSWARA, 1173, CHACHAKOTA, 34412, 1163246, Roads, 0, 0, 0, 0, 0, 0, 1500000, 1500000
2015, RAJASTHAN, 8, BANSWARA, 79, BANSWARA, 1173, CHACHAKOTA, 34412, 1163246, Total, 0, 0, 0, 0, 0, 0, 3200000, 3200000
2015, RAJASTHAN, 8, BANSWARA, 79, BANSWARA, 1173, CHHAPARIYA, 34413, 1163344, Drinking water, 0, 0, 0, 0, 0, 0, 60000, 60000
2015, RAJASTHAN, 8, BANSWARA, 79, BANSWARA, 1173, CHHAPARIYA, 34413, 1163344, Roads, 0, 0, 0, 0, 0, 0, 2400000, 2400000
2015, RAJASTHAN, 8, BANSWARA, 79, BANSWARA, 1173, CHHAPARIYA, 34413, 1163344, Total, 0, 0, 0, 0, 0, 0, 2460000, 2460000
2015, RAJASTHAN, 8, BANSWARA, 79, BANSWARA, 1173, DEVGARH, 34415, 1163221, Roads, 0, 0, 0, 0, 0, 0, 3000000, 3000000
2015, RAJASTHAN, 8, BANSWARA, 79, BANSWARA, 1173, DEVGARH, 34415, 1163221, Total, 0, 0, 0, 0, 0, 0, 3000000, 3000000
2015, RAJASTHAN, 8, BANSWARA, 79, BANSWARA, 1173, GANAU, 34418, 1163362, Drinking water, 0, 0, 0, 0, 0, 0, 1600000, 1600000
2015, RAJASTHAN, 8, BANSWARA, 79, BANSWARA, 1173, GANAU, 34418, 1163362, Roads, 0, 0, 0, 0, 0, 0, 1400000, 1400000
2015, RAJASTHAN, 8, BANSWARA, 79, BANSWARA, 1173, GANAU, 34418, 1163362, Total, 0, 0, 0, 0, 0, 0, 3000000, 3000000
2015, RAJASTHAN, 8, BANSWARA, 79, BANSWARA, 1173, JHARNIYA, 34421, 1163460, Drinking water, 0, 0, 0, 0, 0, 0, 500000, 500000
2015, RAJASTHAN, 8, BANSWARA, 79, BANSWARA, 1173, JHARNIYA, 34421, 1163460, Roads, 0, 0, 0, 0, 0, 0, 2400000, 2400000
2015, RAJASTHAN, 8, BANSWARA, 79, BANSWARA, 1173, JHARNIYA, 34421, 1163460, Total, 0, 0, 0, 0, 0, 0, 2900000, 2900000
2015, RAJASTHAN, 8, BANSWARA, 79, BANSWARA, 1173, JHUPEL, 34422, 1163360, Drinking water, 0, 0, 0, 0, 0, 0, 800000, 800000
2015, RAJASTHAN, 8, BANSWARA, 79, BANSWARA, 1173, JHUPEL, 34422, 1163360, Land improvement, 0, 0, 0, 0, 0, 0, 500000, 500000
2015, RAJASTHAN, 8, BANSWARA, 79, BANSWARA, 1173, JHUPEL, 34422, 1163360, Roads, 0, 0, 0, 0, 0, 0, 1700000, 1700000
2015, RAJASTHAN, 8, BANSWARA, 79, BANSWARA, 1173, JHUPEL, 34422, 1163360, Total, 0, 0, 0, 0, 0, 0, 3000000, 3000000
2015, RAJASTHAN, 8, BANSWARA, 79, BANSWARA, 1173, KADELIYA, 34423, 1163380, Drinking water, 0, 0, 0, 0, 0, 0, 600000, 600000
2015, RAJASTHAN, 8, BANSWARA, 79, BANSWARA, 1173, KADELIYA, 34423, 1163380, Land improvement, 0, 0, 0, 0, 0, 0, 1000000, 1000000
2015, RAJASTHAN, 8, BANSWARA, 79, BANSWARA, 1173, KADELIYA, 34423, 1163380, Roads, 0, 0, 0, 0, 0, 0, 1500000, 1500000
2015, RAJASTHAN, 8, BANSWARA, 79, BANSWARA, 1173, KADELIYA, 34423, 1163380, Total, 0, 0, 0, 0, 0, 0, 3100000, 3100000
2015, RAJASTHAN, 8, BANSWARA, 79, BANSWARA, 1173, KATIYOR, 34424, 1160935, Maintenance of community system, 0, 0, 0, 0, 0, 0, 100000, 100000
2015, RAJASTHAN, 8, BANSWARA, 79, BANSWARA, 1173, KATIYOR, 34424, 1160935, Roads, 0, 0, 0, 0, 0, 0, 800000, 800000
2015, RAJASTHAN, 8, BANSWARA, 79, BANSWARA, 1173, KATIYOR, 34424, 1160935, Total, 0, 0, 0, 0, 0, 0, 900000, 900000
2015, RAJASTHAN, 8, BANSWARA, 79, BANSWARA, 1173, KESHARPURA, 34425, 1163367, Drinking water, 0, 0, 0, 0, 0, 0, 1300000, 1300000
2015, RAJASTHAN, 8, BANSWARA, 79, BANSWARA, 1173, KESHARPURA, 34425, 1163367, Maintenance of community system, 0, 0, 0, 0, 0, 0, 300000, 300000
2015, RAJASTHAN, 8, BANSWARA, 79, BANSWARA, 1173, KESHARPURA, 34425, 1163367, Roads, 0, 0, 0, 0, 0, 0, 1625000, 1625000
2015, RAJASTHAN, 8, BANSWARA, 79, BANSWARA, 1173, KESHARPURA, 34425, 1163367, Total, 0, 0, 0, 0, 0, 0, 3225000, 3225000
2015, RAJASTHAN, 8, BANSWARA, 79, BANSWARA, 1173, KHEDA BADLIPADA, 34426, 1161703, Drinking water, 0, 0, 0, 0, 0, 0, 1400000, 1400000
2015, RAJASTHAN, 8, BANSWARA, 79, BANSWARA, 1173, KHEDA BADLIPADA, 34426, 1161703, Roads, 0, 0, 0, 0, 0, 0, 900000, 900000
2015, RAJASTHAN, 8, BANSWARA, 79, BANSWARA, 1173, KHEDA BADLIPADA, 34426, 1161703, Total, 0, 0, 0, 0, 0, 0, 2300000, 2300000
2015, RAJASTHAN, 8, BANSWARA, 79, BANSWARA, 1173, KHERDABRA, 34427, 1163129, Drinking water, 0, 0, 0, 0, 0, 0, 800000, 800000
2015, RAJASTHAN, 8, BANSWARA, 79, BANSWARA, 1173, KHERDABRA, 34427, 1163129, Roads, 0, 0, 0, 0, 0, 0, 1200000, 1200000
2015, RAJASTHAN, 8, BANSWARA, 79, BANSWARA, 1173, KHERDABRA, 34427, 1163129, Rural electrification, 0, 0, 0, 0, 0, 0, 1000000, 1000000
2015, RAJASTHAN, 8, BANSWARA, 79, BANSWARA, 1173, KHERDABRA, 34427, 1163129, Total, 0, 0, 0, 0, 0, 0, 3000000, 3000000
2015, RAJASTHAN, 8, BANSWARA, 79, BANSWARA, 1173, KUNDLAKHURD, 34429, 1163166, Roads, 0, 0, 0, 0, 0, 0, 2662000, 2662000
2015, RAJASTHAN, 8, BANSWARA, 79, BANSWARA, 1173, KUNDLAKHURD, 34429, 1163166, Total, 0, 0, 0, 0, 0, 0, 2662000, 2662000
2015, RAJASTHAN, 8, BANSWARA, 79, BANSWARA, 1173, LAXMANGARH JHARI, 262277, 1161751, Drinking water, 0, 0, 0, 0, 0, 0, 500000, 500000
2015, RAJASTHAN, 8, BANSWARA, 79, BANSWARA, 1173, LAXMANGARH JHARI, 262277, 1161751, Roads, 0, 0, 0, 0, 0, 0, 2000000, 2000000
2015, RAJASTHAN, 8, BANSWARA, 79, BANSWARA, 1173, LAXMANGARH JHARI, 262277, 1161751, Total, 0, 0, 0, 0, 0, 0, 2500000, 2500000
2015, RAJASTHAN, 8, BANSWARA, 79, BANSWARA, 1173, LIMTHAN, 34432, 1163293, Drinking water, 0, 0, 0, 0, 0, 0, 1000000, 1000000
2015, RAJASTHAN, 8, BANSWARA, 79, BANSWARA, 1173, LIMTHAN, 34432, 1163293, Roads, 0, 0, 0, 0, 0, 0, 2500000, 2500000
2015, RAJASTHAN, 8, BANSWARA, 79, BANSWARA, 1173, LIMTHAN, 34432, 1163293, Total, 0, 0, 0, 0, 0, 0, 3500000, 3500000
2015, RAJASTHAN, 8, BANSWARA, 79, BANSWARA, 1173, MAHESHPURA, 34434, 1163375, Land improvement, 0, 0, 0, 0, 0, 0, 500000, 500000
2015, RAJASTHAN, 8, BANSWARA, 79, BANSWARA, 1173, MAHESHPURA, 34434, 1163375, Roads, 0, 0, 0, 0, 0, 0, 2000000, 2000000
2015, RAJASTHAN, 8, BANSWARA, 79, BANSWARA, 1173, MAHESHPURA, 34434, 1163375, Total, 0, 0, 0, 0, 0, 0, 2500000, 2500000
2015, RAJASTHAN, 8, BANSWARA, 79, BANSWARA, 1173, NALDA, 34437, 1161083, Drinking water, 0, 0, 0, 0, 0, 0, 800000, 800000
2015, RAJASTHAN, 8, BANSWARA, 79, BANSWARA, 1173, NALDA, 34437, 1161083, Roads, 0, 0, 0, 0, 0, 0, 1000000, 1000000
2015, RAJASTHAN, 8, BANSWARA, 79, BANSWARA, 1173, NALDA, 34437, 1161083, Total, 0, 0, 0, 0, 0, 0, 1800000, 1800000
2015, RAJASTHAN, 8, BANSWARA, 79, BANSWARA, 1173, NAVAKHEDA, 262281, 1161691, Drinking water, 0, 0, 0, 0, 0, 0, 800000, 800000
2015, RAJASTHAN, 8, BANSWARA, 79, BANSWARA, 1173, NAVAKHEDA, 262281, 1161691, Roads, 0, 0, 0, 0, 0, 0, 1600000, 1600000
2015, RAJASTHAN, 8, BANSWARA, 79, BANSWARA, 1173, NAVAKHEDA, 262281, 1161691, Total, 0, 0, 0, 0, 0, 0, 2400000, 2400000
2015, RAJASTHAN, 8, BANSWARA, 79, BANSWARA, 1173, NAWAGAOV, 34438, 1160897, Administrative & Technical Support, 0, 0, 0, 0, 0, 0, 500000, 500000
2015, RAJASTHAN, 8, BANSWARA, 79, BANSWARA, 1173, NAWAGAOV, 34438, 1160897, Drinking water, 0, 0, 0, 0, 0, 0, 800000, 800000
2015, RAJASTHAN, 8, BANSWARA, 79, BANSWARA, 1173, NAWAGAOV, 34438, 1160897, Total, 0, 0, 0, 0, 0, 0, 1300000, 1300000
2015, RAJASTHAN, 8, BANSWARA, 79, BANSWARA, 1173, NICHLA GHANTALA, 34439, 1141615, Drinking water, 0, 0, 0, 0, 0, 0, 120000, 120000
2015, RAJASTHAN, 8, BANSWARA, 79, BANSWARA, 1173, NICHLA GHANTALA, 34439, 1141615, Roads, 0, 0, 0, 0, 0, 0, 2000000, 2000000
2015, RAJASTHAN, 8, BANSWARA, 79, BANSWARA, 1173, NICHLA GHANTALA, 34439, 1141615, Total, 0, 0, 0, 0, 0, 0, 2120000, 2120000
2015, RAJASTHAN, 8, BANSWARA, 79, BANSWARA, 1173, PADI KALAN, 34440, 1162252, Roads, 0, 0, 0, 0, 0, 0, 2075000, 2075000
2015, RAJASTHAN, 8, BANSWARA, 79, BANSWARA, 1173, PADI KALAN, 34440, 1162252, Total, 0, 0, 0, 0, 0, 0, 2075000, 2075000
2015, RAJASTHAN, 8, BANSWARA, 79, BANSWARA, 1173, SAGVADIYA, 262267, 1160928, Drinking water, 0, 0, 0, 0, 0, 0, 600000, 600000
2015, RAJASTHAN, 8, BANSWARA, 79, BANSWARA, 1173, SAGVADIYA, 262267, 1160928, Public distribution system, 0, 0, 0, 0, 0, 0, 200000, 200000
2015, RAJASTHAN, 8, BANSWARA, 79, BANSWARA, 1173, SAGVADIYA, 262267, 1160928, Roads, 0, 0, 0, 0, 0, 0, 1000000, 1000000
2015, RAJASTHAN, 8, BANSWARA, 79, BANSWARA, 1173, SAGVADIYA, 262267, 1160928, Total, 0, 0, 0, 0, 0, 0, 1800000, 1800000
2015, RAJASTHAN, 8, BANSWARA, 79, BANSWARA, 1173, SALIYA, 34442, 1163187, Roads, 0, 0, 0, 0, 0, 0, 2200000, 2200000
2015, RAJASTHAN, 8, BANSWARA, 79, BANSWARA, 1173, SALIYA, 34442, 1163187, Total, 0, 0, 0, 0, 0, 0, 2200000, 2200000
2015, RAJASTHAN, 8, BANSWARA, 79, BANSWARA, 1173, SAMRIYA, 34443, 1161699, Drinking water, 0, 0, 0, 0, 0, 0, 800000, 800000
2015, RAJASTHAN, 8, BANSWARA, 79, BANSWARA, 1173, SAMRIYA, 34443, 1161699, Maintenance of community system, 0, 0, 0, 0, 0, 0, 300000, 300000
2015, RAJASTHAN, 8, BANSWARA, 79, BANSWARA, 1173, SAMRIYA, 34443, 1161699, Total, 0, 0, 0, 0, 0, 0, 1100000, 1100000
2015, RAJASTHAN, 8, BANSWARA, 79, BANSWARA, 1173, SIYAPUR, 34445, 1160982, Drinking water, 0, 0, 0, 0, 0, 0, 550000, 550000
2015, RAJASTHAN, 8, BANSWARA, 79, BANSWARA, 1173, SIYAPUR, 34445, 1160982, Roads, 0, 0, 0, 0, 0, 0, 3115000, 3115000
2015, RAJASTHAN, 8, BANSWARA, 79, BANSWARA, 1173, SIYAPUR, 34445, 1160982, Total, 0, 0, 0, 0, 0, 0, 3815000, 3815000
2015, RAJASTHAN, 8, BANSWARA, 79, BANSWARA, 1173, SIYAPUR, 34445, 1160982, Water Conservation, 0, 0, 0, 0, 0, 0, 150000, 150000
2015, RAJASTHAN, 8, BANSWARA, 79, BANSWARA, 1173, SURWANIYA, 34448, 1163261, Drinking water, 0, 0, 0, 0, 0, 0, 50000, 50000
2015, RAJASTHAN, 8, BANSWARA, 79, BANSWARA, 1173, SURWANIYA, 34448, 1163261, Roads, 0, 0, 0, 0, 0, 0, 2500000, 2500000
2015, RAJASTHAN, 8, BANSWARA, 79, BANSWARA, 1173, SURWANIYA, 34448, 1163261, Total, 0, 0, 0, 0, 0, 0, 2550000, 2550000
2015, RAJASTHAN, 8, BANSWARA, 79, BANSWARA, 1173, THIKARIYA, 34452, 1163518, Drinking water, 0, 0, 0, 0, 0, 0, 2200000, 2200000
2015, RAJASTHAN, 8, BANSWARA, 79, BANSWARA, 1173, THIKARIYA, 34452, 1163518, Roads, 0, 0, 0, 0, 0, 0, 1500000, 1500000
2015, RAJASTHAN, 8, BANSWARA, 79, BANSWARA, 1173, THIKARIYA, 34452, 1163518, Total, 0, 0, 0, 0, 0, 0, 3700000, 3700000
2015, RAJASTHAN, 8, BANSWARA, 79, BANSWARA, 1173, UPLAGHANTALA, 34454, 1161731, Drinking water, 0, 0, 0, 0, 0, 0, 500000, 500000
2015, RAJASTHAN, 8, BANSWARA, 79, BANSWARA, 1173, UPLAGHANTALA, 34454, 1161731, Roads, 0, 0, 0, 0, 0, 0, 1000000, 1000000
2015, RAJASTHAN, 8, BANSWARA, 79, BANSWARA, 1173, UPLAGHANTALA, 34454, 1161731, Total, 0, 0, 0, 0, 0, 0, 2000000, 2000000
2015, RAJASTHAN, 8, BANSWARA, 79, BANSWARA, 1173, UPLAGHANTALA, 34454, 1161731, Water Conservation, 0, 0, 0, 0, 0, 0, 500000, 500000
2015, RAJASTHAN, 8, BANSWARA, 79, BANSWARA, 1173, VIRPUR, 34455, 1163482, Drinking water, 0, 0, 0, 0, 0, 0, 1000000, 1000000
2015, RAJASTHAN, 8, BANSWARA, 79, BANSWARA, 1173, VIRPUR, 34455, 1163482, Roads, 0, 0, 0, 0, 0, 0, 1730000, 1730000
2015, RAJASTHAN, 8, BANSWARA, 79, BANSWARA, 1173, VIRPUR, 34455, 1163482, Total, 0, 0, 0, 0, 0, 0, 2730000, 2730000
2015, RAJASTHAN, 8, BANSWARA, 79, CHHOTI SARWAN, 6835, BARI, 34593, 1136379, Drinking water, 0, 0, 0, 0, 0, 0, 180000, 180000
2015, RAJASTHAN, 8, BANSWARA, 79, CHHOTI SARWAN, 6835, BARI, 34593, 1136379, Land improvement, 0, 0, 0, 0, 0, 0, 400000, 400000
2015, RAJASTHAN, 8, BANSWARA, 79, CHHOTI SARWAN, 6835, BARI, 34593, 1136379, Total, 0, 0, 0, 0, 0, 0, 580000, 580000
2015, RAJASTHAN, 8, BANSWARA, 79, CHHOTI SARWAN, 6835, CHAYANBARI, 34596, 1154414, Drinking water, 0, 0, 0, 0, 0, 0, 720000, 720000
2015, RAJASTHAN, 8, BANSWARA, 79, CHHOTI SARWAN, 6835, CHAYANBARI, 34596, 1154414, Total, 0, 0, 0, 0, 0, 0, 720000, 720000
2015, RAJASTHAN, 8, BANSWARA, 79, CHHOTI SARWAN, 6835, CHOTI SARVAN, 34623, 1154461, Drinking water, 0, 0, 0, 0, 0, 0, 1080000, 1080000
2015, RAJASTHAN, 8, BANSWARA, 79, CHHOTI SARWAN, 6835, CHOTI SARVAN, 34623, 1154461, Total, 0, 0, 0, 0, 0, 0, 1080000, 1080000
2015, RAJASTHAN, 8, BANSWARA, 79, CHHOTI SARWAN, 6835, DANAKSHARI, 34597, 1154635, Drinking water, 0, 0, 0, 0, 0, 0, 660000, 660000
2015, RAJASTHAN, 8, BANSWARA, 79, CHHOTI SARWAN, 6835, DANAKSHARI, 34597, 1154635, Total, 0, 0, 0, 0, 0, 0, 660000, 660000
2015, RAJASTHAN, 8, BANSWARA, 79, CHHOTI SARWAN, 6835, DANPUR, 34598, 1155384, Drinking water, 0, 0, 0, 0, 0, 0, 840000, 840000
2015, RAJASTHAN, 8, BANSWARA, 79, CHHOTI SARWAN, 6835, DANPUR, 34598, 1155384, Total, 0, 0, 0, 0, 0, 0, 840000, 840000
2015, RAJASTHAN, 8, BANSWARA, 79, CHHOTI SARWAN, 6835, FEFAR, 34621, 1155388, Drinking water, 0, 0, 0, 0, 0, 0, 540000, 540000
2015, RAJASTHAN, 8, BANSWARA, 79, CHHOTI SARWAN, 6835, FEFAR, 34621, 1155388, Total, 0, 0, 0, 0, 0, 0, 540000, 540000
2015, RAJASTHAN, 8, BANSWARA, 79, CHHOTI SARWAN, 6835, GAGARWA, 34600, 1155390, Drinking water, 0, 0, 0, 0, 0, 0, 780000, 780000
2015, RAJASTHAN, 8, BANSWARA, 79, CHHOTI SARWAN, 6835, GAGARWA, 34600, 1155390, Total, 0, 0, 0, 0, 0, 0, 780000, 780000
2015, RAJASTHAN, 8, BANSWARA, 79, CHHOTI SARWAN, 6835, GHODI, 34602, 1155412, Drinking water, 0, 0, 0, 0, 0, 0, 960000, 960000
2015, RAJASTHAN, 8, BANSWARA, 79, CHHOTI SARWAN, 6835, GHODI, 34602, 1155412, Total, 0, 0, 0, 0, 0, 0, 960000, 960000
2015, RAJASTHAN, 8, BANSWARA, 79, CHHOTI SARWAN, 6835, HARNATHPURA, 34603, 1155419, Drinking water, 0, 0, 0, 0, 0, 0, 600000, 600000
2015, RAJASTHAN, 8, BANSWARA, 79, CHHOTI SARWAN, 6835, HARNATHPURA, 34603, 1155419, Total, 0, 0, 0, 0, 0, 0, 600000, 600000
2015, RAJASTHAN, 8, BANSWARA, 79, CHHOTI SARWAN, 6835, JAHANPURA, 34604, 1155422, Drinking water, 0, 0, 0, 0, 0, 0, 720000, 720000
2015, RAJASTHAN, 8, BANSWARA, 79, CHHOTI SARWAN, 6835, JAHANPURA, 34604, 1155422, Total, 0, 0, 0, 0, 0, 0, 720000, 720000
2015, RAJASTHAN, 8, BANSWARA, 79, CHHOTI SARWAN, 6835, KATUMBI, 34608, 1155426, Drinking water, 0, 0, 0, 0, 0, 0, 1080000, 1080000
2015, RAJASTHAN, 8, BANSWARA, 79, CHHOTI SARWAN, 6835, KATUMBI, 34608, 1155426, Total, 0, 0, 0, 0, 0, 0, 1080000, 1080000
2015, RAJASTHAN, 8, BANSWARA, 79, CHHOTI SARWAN, 6835, KHAJURI, 34611, 1137718, Cultural activities, 0, 0, 0, 0, 0, 0, 4355000, 4355000
2015, RAJASTHAN, 8, BANSWARA, 79, CHHOTI SARWAN, 6835, KHAJURI, 34611, 1137718, Total, 0, 0, 0, 0, 0, 0, 4355000, 4355000
2015, RAJASTHAN, 8, BANSWARA, 79, CHHOTI SARWAN, 6835, KOTRA, 34612, 1155430, Drinking water, 0, 0, 0, 0, 0, 0, 780000, 780000
2015, RAJASTHAN, 8, BANSWARA, 79, CHHOTI SARWAN, 6835, KOTRA, 34612, 1155430, Total, 0, 0, 0, 0, 0, 0, 780000, 780000
2015, RAJASTHAN, 8, BANSWARA, 79, CHHOTI SARWAN, 6835, Kundal, 262171, 1155432, Drinking water, 0, 0, 0, 0, 0, 0, 720000, 720000
2015, RAJASTHAN, 8, BANSWARA, 79, CHHOTI SARWAN, 6835, Kundal, 262171, 1155432, Total, 0, 0, 0, 0, 0, 0, 720000, 720000
2015, RAJASTHAN, 8, BANSWARA, 79, CHHOTI SARWAN, 6835, MAKANPURA, 34614, 1155435, Drinking water, 0, 0, 0, 0, 0, 0, 780000, 780000
2015, RAJASTHAN, 8, BANSWARA, 79, CHHOTI SARWAN, 6835, MAKANPURA, 34614, 1155435, Total, 0, 0, 0, 0, 0, 0, 780000, 780000
2015, RAJASTHAN, 8, BANSWARA, 79, CHHOTI SARWAN, 6835, MULIYA, 34615, 1155436, Drinking water, 0, 0, 0, 0, 0, 0, 720000, 720000
2015, RAJASTHAN, 8, BANSWARA, 79, CHHOTI SARWAN, 6835, MULIYA, 34615, 1155436, Total, 0, 0, 0, 0, 0, 0, 720000, 720000
2015, RAJASTHAN, 8, BANSWARA, 79, CHHOTI SARWAN, 6835, NADIYA, 34616, 1137702, Cultural activities, 0, 0, 0, 0, 0, 0, 1650000, 1650000
2015, RAJASTHAN, 8, BANSWARA, 79, CHHOTI SARWAN, 6835, NADIYA, 34616, 1137702, Total, 0, 0, 0, 0, 0, 0, 1650000, 1650000
2015, RAJASTHAN, 8, BANSWARA, 79, CHHOTI SARWAN, 6835, NAPLA, 34617, 1155439, Drinking water, 0, 0, 0, 0, 0, 0, 780000, 780000
2015, RAJASTHAN, 8, BANSWARA, 79, CHHOTI SARWAN, 6835, NAPLA, 34617, 1155439, Total, 0, 0, 0, 0, 0, 0, 780000, 780000
2015, RAJASTHAN, 8, BANSWARA, 79, CHHOTI SARWAN, 6835, WAGTALAB, 34592, 1155442, Drinking water, 0, 0, 0, 0, 0, 0, 1260000, 1260000
2015, RAJASTHAN, 8, BANSWARA, 79, CHHOTI SARWAN, 6835, WAGTALAB, 34592, 1155442, Total, 0, 0, 0, 0, 0, 0, 1260000, 1260000
2015, RAJASTHAN, 8, BANSWARA, 79, GANGAR TALAI, 262567, CHARKANI, 262311, 1172811, Drinking water, 0, 0, 0, 0, 0, 0, 5040000, 5040000
2015, RAJASTHAN, 8, BANSWARA, 79, GANGAR TALAI, 262567, CHARKANI, 262311, 1172811, Total, 0, 0, 0, 0, 0, 0, 5040000, 5040000
2015, RAJASTHAN, 8, BANSWARA, 79, GANGAR TALAI, 262567, Chalka Talai, 262451, 1166439, Drinking water, 0, 0, 0, 0, 0, 0, 1530000, 1530000
2015, RAJASTHAN, 8, BANSWARA, 79, GANGAR TALAI, 262567, Chalka Talai, 262451, 1166439, Fisheries, 0, 0, 0, 0, 0, 0, 1000000, 1000000
2015, RAJASTHAN, 8, BANSWARA, 79, GANGAR TALAI, 262567, Chalka Talai, 262451, 1166439, Non-conventional energy sources, 0, 0, 0, 0, 0, 0, 2000000, 2000000
2015, RAJASTHAN, 8, BANSWARA, 79, GANGAR TALAI, 262567, Chalka Talai, 262451, 1166439, Total, 0, 0, 0, 0, 0, 0, 4530000, 4530000
2015, RAJASTHAN, 8, BANSWARA, 79, GANGAR TALAI, 262567, DHALAR, 34368, 1166453, Drinking water, 0, 0, 0, 0, 0, 0, 2295000, 2295000
2015, RAJASTHAN, 8, BANSWARA, 79, GANGAR TALAI, 262567, DHALAR, 34368, 1166453, Non-conventional energy sources, 0, 0, 0, 0, 0, 0, 3500000, 3500000
2015, RAJASTHAN, 8, BANSWARA, 79, GANGAR TALAI, 262567, DHALAR, 34368, 1166453, Total, 0, 0, 0, 0, 0, 0, 5795000, 5795000
2015, RAJASTHAN, 8, BANSWARA, 79, GANGAR TALAI, 262567, GADULI, 262313, 1172813, Drinking water, 0, 0, 0, 0, 0, 0, 5550000, 5550000
2015, RAJASTHAN, 8, BANSWARA, 79, GANGAR TALAI, 262567, GADULI, 262313, 1172813, Total, 0, 0, 0, 0, 0, 0, 5550000, 5550000
2015, RAJASTHAN, 8, BANSWARA, 79, GANGAR TALAI, 262567, GAMANIYA HAMEERA, 34369, 1169187, Drinking water, 0, 0, 0, 0, 0, 0, 6600000, 6600000
2015, RAJASTHAN, 8, BANSWARA, 79, GANGAR TALAI, 262567, GAMANIYA HAMEERA, 34369, 1169187, Non-conventional energy sources, 0, 0, 0, 0, 0, 0, 2000000, 2000000
2015, RAJASTHAN, 8, BANSWARA, 79, GANGAR TALAI, 262567, GAMANIYA HAMEERA, 34369, 1169187, Total, 0, 0, 0, 0, 0, 0, 8600000, 8600000
2015, RAJASTHAN, 8, BANSWARA, 79, GANGAR TALAI, 262567, GANGAR TALAI, 34370, 1169195, Drinking water, 0, 0, 0, 0, 0, 0, 6530000, 6530000
2015, RAJASTHAN, 8, BANSWARA, 79, GANGAR TALAI, 262567, GANGAR TALAI, 34370, 1169195, Total, 0, 0, 0, 0, 0, 0, 6530000, 6530000
2015, RAJASTHAN, 8, BANSWARA, 79, GANGAR TALAI, 262567, HANDI, 34371, 1164154, Drinking water, 0, 0, 0, 0, 0, 0, 2193000, 2193000
2015, RAJASTHAN, 8, BANSWARA, 79, GANGAR TALAI, 262567, HANDI, 34371, 1164154, Family welfare, 0, 0, 0, 0, 0, 0, 2500000, 2500000
2015, RAJASTHAN, 8, BANSWARA, 79, GANGAR TALAI, 262567, HANDI, 34371, 1164154, Total, 0, 0, 0, 0, 0, 0, 4693000, 4693000
2015, RAJASTHAN, 8, BANSWARA, 79, GANGAR TALAI, 262567, JAMBURI, 34373, 1164532, Drinking water, 0, 0, 0, 0, 0, 0, 3673000, 3673000
2015, RAJASTHAN, 8, BANSWARA, 79, GANGAR TALAI, 262567, JAMBURI, 34373, 1164532, Total, 0, 0, 0, 0, 0, 0, 3673000, 3673000
2015, RAJASTHAN, 8, BANSWARA, 79, GANGAR TALAI, 262567, JHAJHARWA KALAN, 34374, 1164146, Drinking water, 0, 0, 0, 0, 0, 0, 5097000, 5097000
2015, RAJASTHAN, 8, BANSWARA, 79, GANGAR TALAI, 262567, JHAJHARWA KALAN, 34374, 1164146, Family welfare, 0, 0, 0, 0, 0, 0, 1500000, 1500000
2015, RAJASTHAN, 8, BANSWARA, 79, GANGAR TALAI, 262567, JHAJHARWA KALAN, 34374, 1164146, Total, 0, 0, 0, 0, 0, 0, 6597000, 6597000
2015, RAJASTHAN, 8, BANSWARA, 79, GANGAR TALAI, 262567, JHER MOTI, 262420, 1164136, Drinking water, 0, 0, 0, 0, 0, 0, 2724000, 2724000
2015, RAJASTHAN, 8, BANSWARA, 79, GANGAR TALAI, 262567, JHER MOTI, 262420, 1164136, Total, 0, 0, 0, 0, 0, 0, 2724000, 2724000
2015, RAJASTHAN, 8, BANSWARA, 79, GANGAR TALAI, 262567, KHODALEEM, 34377, 1164470, Drinking water, 0, 0, 0, 0, 0, 0, 676000, 676000
2015, RAJASTHAN, 8, BANSWARA, 79, GANGAR TALAI, 262567, KHODALEEM, 34377, 1164470, Non-conventional energy sources, 0, 0, 0, 0, 0, 0, 2500000, 2500000
2015, RAJASTHAN, 8, BANSWARA, 79, GANGAR TALAI, 262567, KHODALEEM, 34377, 1164470, Total, 0, 0, 0, 0, 0, 0, 3176000, 3176000
2015, RAJASTHAN, 8, BANSWARA, 79, GANGAR TALAI, 262567, KHOONTA GALIYA, 34378, 1169202, Drinking water, 0, 0, 0, 0, 0, 0, 7550000, 7550000
2015, RAJASTHAN, 8, BANSWARA, 79, GANGAR TALAI, 262567, KHOONTA GALIYA, 34378, 1169202, Total, 0, 0, 0, 0, 0, 0, 7550000, 7550000
2015, RAJASTHAN, 8, BANSWARA, 79, GANGAR TALAI, 262567, KHOONTI NARJI, 34380, 1164512, Drinking water, 0, 0, 0, 0, 0, 0, 2862000, 2862000
2015, RAJASTHAN, 8, BANSWARA, 79, GANGAR TALAI, 262567, KHOONTI NARJI, 34380, 1164512, Non-conventional energy sources, 0, 0, 0, 0, 0, 0, 3000000, 3000000
2015, RAJASTHAN, 8, BANSWARA, 79, GANGAR TALAI, 262567, KHOONTI NARJI, 34380, 1164512, Total, 0, 0, 0, 0, 0, 0, 5862000, 5862000
2015, RAJASTHAN, 8, BANSWARA, 79, GANGAR TALAI, 262567, LANKAI, 34381, 1169205, Drinking water, 0, 0, 0, 0, 0, 0, 7652000, 7652000
2015, RAJASTHAN, 8, BANSWARA, 79, GANGAR TALAI, 262567, LANKAI, 34381, 1169205, Total, 0, 0, 0, 0, 0, 0, 7652000, 7652000
2015, RAJASTHAN, 8, BANSWARA, 79, GANGAR TALAI, 262567, MOTI TIMBI, 34382, 1169687, Drinking water, 0, 0, 0, 0, 0, 0, 8060000, 8060000
2015, RAJASTHAN, 8, BANSWARA, 79, GANGAR TALAI, 262567, MOTI TIMBI, 34382, 1169687, Total, 0, 0, 0, 0, 0, 0, 8060000, 8060000
2015, RAJASTHAN, 8, BANSWARA, 79, GANGAR TALAI, 262567, MUNNA DOONGAR, 34383, 1164549, Drinking water, 0, 0, 0, 0, 0, 0, 2805000, 2805000
2015, RAJASTHAN, 8, BANSWARA, 79, GANGAR TALAI, 262567, MUNNA DOONGAR, 34383, 1164549, Non-conventional energy sources, 0, 0, 0, 0, 0, 0, 1300000, 1300000
2015, RAJASTHAN, 8, BANSWARA, 79, GANGAR TALAI, 262567, MUNNA DOONGAR, 34383, 1164549, Total, 0, 0, 0, 0, 0, 0, 4105000, 4105000
2015, RAJASTHAN, 8, BANSWARA, 79, GANGAR TALAI, 262567, RAM KA MUNNA, 34391, 1169689, Drinking water, 0, 0, 0, 0, 0, 0, 7805000, 7805000
2015, RAJASTHAN, 8, BANSWARA, 79, GANGAR TALAI, 262567, RAM KA MUNNA, 34391, 1169689, Total, 0, 0, 0, 0, 0, 0, 7805000, 7805000
2015, RAJASTHAN, 8, BANSWARA, 79, GANGAR TALAI, 262567, ROHANIYA, 34392, 1164149, Drinking water, 0, 0, 0, 0, 0, 0, 5300000, 5300000
2015, RAJASTHAN, 8, BANSWARA, 79, GANGAR TALAI, 262567, ROHANIYA, 34392, 1164149, Family welfare, 0, 0, 0, 0, 0, 0, 2000000, 2000000
2015, RAJASTHAN, 8, BANSWARA, 79, GANGAR TALAI, 262567, ROHANIYA, 34392, 1164149, Total, 0, 0, 0, 0, 0, 0, 7300000, 7300000
2015, RAJASTHAN, 8, BANSWARA, 79, GANGAR TALAI, 262567, ROHANWARI, 34393, 1164438, Drinking water, 0, 0, 0, 0, 0, 0, 4880000, 4880000
2015, RAJASTHAN, 8, BANSWARA, 79, GANGAR TALAI, 262567, ROHANWARI, 34393, 1164438, Non-conventional energy sources, 0, 0, 0, 0, 0, 0, 1000000, 1000000
2015, RAJASTHAN, 8, BANSWARA, 79, GANGAR TALAI, 262567, ROHANWARI, 34393, 1164438, Total, 0, 0, 0, 0, 0, 0, 5880000, 5880000
2015, RAJASTHAN, 8, BANSWARA, 79, GANGAR TALAI, 262567, SALIYA, 34394, 1169698, Drinking water, 0, 0, 0, 0, 0, 0, 4000000, 4000000
2015, RAJASTHAN, 8, BANSWARA, 79, GANGAR TALAI, 262567, SALIYA, 34394, 1169698, Education, 0, 0, 0, 0, 0, 0, 2856000, 2856000
2015, RAJASTHAN, 8, BANSWARA, 79, GANGAR TALAI, 262567, SALIYA, 34394, 1169698, Total, 0, 0, 0, 0, 0, 0, 6856000, 6856000
2015, RAJASTHAN, 8, BANSWARA, 79, GANGAR TALAI, 262567, SALLOPAT, 34395, 1164126, Drinking water, 0, 0, 0, 0, 0, 0, 3528000, 3528000
2015, RAJASTHAN, 8, BANSWARA, 79, GANGAR TALAI, 262567, SALLOPAT, 34395, 1164126, Education, 0, 0, 0, 0, 0, 0, 500000, 500000
2015, RAJASTHAN, 8, BANSWARA, 79, GANGAR TALAI, 262567, SALLOPAT, 34395, 1164126, Total, 0, 0, 0, 0, 0, 0, 4028000, 4028000
2015, RAJASTHAN, 8, BANSWARA, 79, GANGAR TALAI, 262567, SENDNANI, 34396, 1172817, Drinking water, 0, 0, 0, 0, 0, 0, 5978000, 5978000
2015, RAJASTHAN, 8, BANSWARA, 79, GANGAR TALAI, 262567, SENDNANI, 34396, 1172817, Total, 0, 0, 0, 0, 0, 0, 5978000, 5978000
2015, RAJASTHAN, 8, BANSWARA, 79, GANGAR TALAI, 262567, SHERGARH, 34397, 1166447, Drinking water, 0, 0, 0, 0, 0, 0, 2040000, 2040000
2015, RAJASTHAN, 8, BANSWARA, 79, GANGAR TALAI, 262567, SHERGARH, 34397, 1166447, Education, 0, 0, 0, 0, 0, 0, 3000000, 3000000
2015, RAJASTHAN, 8, BANSWARA, 79, GANGAR TALAI, 262567, SHERGARH, 34397, 1166447, Total, 0, 0, 0, 0, 0, 0, 5040000, 5040000
2015, RAJASTHAN, 8, BANSWARA, 79, GANGAR TALAI, 262567, TANDI NANI, 34399, 1169177, Drinking water, 0, 0, 0, 0, 0, 0, 4038000, 4038000
2015, RAJASTHAN, 8, BANSWARA, 79, GANGAR TALAI, 262567, TANDI NANI, 34399, 1169177, Total, 0, 0, 0, 0, 0, 0, 4038000, 4038000
2015, RAJASTHAN, 8, BANSWARA, 79, GARHI, 1174, ADORE, 34459, 1165026, Drinking water, 0, 0, 0, 0, 0, 0, 900000, 900000
2015, RAJASTHAN, 8, BANSWARA, 79, GARHI, 1174, ADORE, 34459, 1165026, Maintenance of community system, 0, 0, 0, 0, 0, 0, 170000, 170000
2015, RAJASTHAN, 8, BANSWARA, 79, GARHI, 1174, ADORE, 34459, 1165026, Roads, 0, 0, 0, 0, 0, 0, 2900000, 2900000
2015, RAJASTHAN, 8, BANSWARA, 79, GARHI, 1174, ADORE, 34459, 1165026, Total, 0, 0, 0, 0, 0, 0, 3970000, 3970000
2015, RAJASTHAN, 8, BANSWARA, 79, GARHI, 1174, AMJA, 34460, 1183845, Drinking water, 0, 0, 0, 0, 0, 0, 500000, 500000
2015, RAJASTHAN, 8, BANSWARA, 79, GARHI, 1174, AMJA, 34460, 1183845, Roads, 0, 0, 0, 0, 0, 0, 600000, 600000
2015, RAJASTHAN, 8, BANSWARA, 79, GARHI, 1174, AMJA, 34460, 1183845, Sanitation, 0, 0, 0, 0, 0, 0, 764822, 764822
2015, RAJASTHAN, 8, BANSWARA, 79, GARHI, 1174, AMJA, 34460, 1183845, Total, 0, 0, 0, 0, 0, 0, 1864822, 1864822
2015, RAJASTHAN, 8, BANSWARA, 79, GARHI, 1174, ASAN, 34457, 1165030, Drinking water, 0, 0, 0, 0, 0, 0, 200000, 200000
2015, RAJASTHAN, 8, BANSWARA, 79, GARHI, 1174, ASAN, 34457, 1165030, Roads, 0, 0, 0, 0, 0, 0, 3200000, 3200000
2015, RAJASTHAN, 8, BANSWARA, 79, GARHI, 1174, ASAN, 34457, 1165030, Total, 0, 0, 0, 0, 0, 0, 3400000, 3400000
2015, RAJASTHAN, 8, BANSWARA, 79, GARHI, 1174, ASODA, 34458, 1163591, Drinking water, 0, 0, 0, 0, 0, 0, 200000, 200000
2015, RAJASTHAN, 8, BANSWARA, 79, GARHI, 1174, ASODA, 34458, 1163591, Sanitation, 0, 0, 0, 0, 0, 0, 450000, 450000
2015, RAJASTHAN, 8, BANSWARA, 79, GARHI, 1174, ASODA, 34458, 1163591, Social welfare, 0, 0, 0, 0, 0, 0, 200000, 200000
2015, RAJASTHAN, 8, BANSWARA, 79, GARHI, 1174, ASODA, 34458, 1163591, Total, 0, 0, 0, 0, 0, 0, 850000, 850000
2015, RAJASTHAN, 8, BANSWARA, 79, GARHI, 1174, BEDWA, 34463, 1165068, Roads, 0, 0, 0, 0, 0, 0, 2438466, 2438466
2015, RAJASTHAN, 8, BANSWARA, 79, GARHI, 1174, BEDWA, 34463, 1165068, Sanitation, 0, 0, 0, 0, 0, 0, 600000, 600000
2015, RAJASTHAN, 8, BANSWARA, 79, GARHI, 1174, BEDWA, 34463, 1165068, Total, 0, 0, 0, 0, 0, 0, 3038466, 3038466
2015, RAJASTHAN, 8, BANSWARA, 79, GARHI, 1174, BHAGORA, 34464, 1175574, Drinking water, 0, 0, 0, 0, 0, 0, 1300000, 1300000
2015, RAJASTHAN, 8, BANSWARA, 79, GARHI, 1174, BHAGORA, 34464, 1175574, Education, 0, 0, 0, 0, 0, 0, 500000, 500000
2015, RAJASTHAN, 8, BANSWARA, 79, GARHI, 1174, BHAGORA, 34464, 1175574, Roads, 0, 0, 0, 0, 0, 0, 2116982, 2116982
2015, RAJASTHAN, 8, BANSWARA, 79, GARHI, 1174, BHAGORA, 34464, 1175574, Total, 0, 0, 0, 0, 0, 0, 3916982, 3916982
2015, RAJASTHAN, 8, BANSWARA, 79, GARHI, 1174, BHIMPUR, 34465, 1175575, Drinking water, 0, 0, 0, 0, 0, 0, 153118, 153118
2015, RAJASTHAN, 8, BANSWARA, 79, GARHI, 1174, BHIMPUR, 34465, 1175575, Roads, 0, 0, 0, 0, 0, 0, 1000000, 1000000
2015, RAJASTHAN, 8, BANSWARA, 79, GARHI, 1174, BHIMPUR, 34465, 1175575, Rural electrification, 0, 0, 0, 0, 0, 0, 400000, 400000
2015, RAJASTHAN, 8, BANSWARA, 79, GARHI, 1174, BHIMPUR, 34465, 1175575, Sanitation, 0, 0, 0, 0, 0, 0, 450000, 450000
2015, RAJASTHAN, 8, BANSWARA, 79, GARHI, 1174, BHIMPUR, 34465, 1175575, Total, 0, 0, 0, 0, 0, 0, 2003118, 2003118
2015, RAJASTHAN, 8, BANSWARA, 79, GARHI, 1174, BHIMSOUR, 34466, 1183883, Drinking water, 0, 0, 0, 0, 0, 0, 500000, 500000
2015, RAJASTHAN, 8, BANSWARA, 79, GARHI, 1174, BHIMSOUR, 34466, 1183883, Roads, 0, 0, 0, 0, 0, 0, 500000, 500000
2015, RAJASTHAN, 8, BANSWARA, 79, GARHI, 1174, BHIMSOUR, 34466, 1183883, Sanitation, 0, 0, 0, 0, 0, 0, 173726, 173726
2015, RAJASTHAN, 8, BANSWARA, 79, GARHI, 1174, BHIMSOUR, 34466, 1183883, Total, 0, 0, 0, 0, 0, 0, 1173726, 1173726
2015, RAJASTHAN, 8, BANSWARA, 79, GARHI, 1174, BORI, 34468, 1183797, Roads, 0, 0, 0, 0, 0, 0, 1552849, 1552849
2015, RAJASTHAN, 8, BANSWARA, 79, GARHI, 1174, BORI, 34468, 1183797, Sanitation, 0, 0, 0, 0, 0, 0, 400000, 400000
2015, RAJASTHAN, 8, BANSWARA, 79, GARHI, 1174, BORI, 34468, 1183797, Total, 0, 0, 0, 0, 0, 0, 1952849, 1952849
2015, RAJASTHAN, 8, BANSWARA, 79, GARHI, 1174, CHUPASAG, 34469, 1176270, Drinking water, 0, 0, 0, 0, 0, 0, 388923, 388923
2015, RAJASTHAN, 8, BANSWARA, 79, GARHI, 1174, CHUPASAG, 34469, 1176270, Roads, 0, 0, 0, 0, 0, 0, 1500000, 1500000
2015, RAJASTHAN, 8, BANSWARA, 79, GARHI, 1174, CHUPASAG, 34469, 1176270, Total, 0, 0, 0, 0, 0, 0, 1888923, 1888923
2015, RAJASTHAN, 8, BANSWARA, 79, GARHI, 1174, DADOOKA, 34470, 1176276, Drinking water, 0, 0, 0, 0, 0, 0, 494019, 494019
2015, RAJASTHAN, 8, BANSWARA, 79, GARHI, 1174, DADOOKA, 34470, 1176276, Roads, 0, 0, 0, 0, 0, 0, 800000, 800000
2015, RAJASTHAN, 8, BANSWARA, 79, GARHI, 1174, DADOOKA, 34470, 1176276, Total, 0, 0, 0, 0, 0, 0, 1294019, 1294019
2015, RAJASTHAN, 8, BANSWARA, 79, GARHI, 1174, DAKAR KUNDI, 262488, 1176287, Drinking water, 0, 0, 0, 0, 0, 0, 330719, 330719
2015, RAJASTHAN, 8, BANSWARA, 79, GARHI, 1174, DAKAR KUNDI, 262488, 1176287, Roads, 0, 0, 0, 0, 0, 0, 700000, 700000
2015, RAJASTHAN, 8, BANSWARA, 79, GARHI, 1174, DAKAR KUNDI, 262488, 1176287, Total, 0, 0, 0, 0, 0, 0, 1030719, 1030719
2015, RAJASTHAN, 8, BANSWARA, 79, GARHI, 1174, GARHI, 34472, 1175648, Maintenance of community system, 0, 0, 0, 0, 0, 0, 1025000, 1025000
2015, RAJASTHAN, 8, BANSWARA, 79, GARHI, 1174, GARHI, 34472, 1175648, Roads, 0, 0, 0, 0, 0, 0, 1999275, 1999275
2015, RAJASTHAN, 8, BANSWARA, 79, GARHI, 1174, GARHI, 34472, 1175648, Rural electrification, 0, 0, 0, 0, 0, 0, 750000, 750000
2015, RAJASTHAN, 8, BANSWARA, 79, GARHI, 1174, GARHI, 34472, 1175648, Sanitation, 0, 0, 0, 0, 0, 0, 800000, 800000
2015, RAJASTHAN, 8, BANSWARA, 79, GARHI, 1174, GARHI, 34472, 1175648, Total, 0, 0, 0, 0, 0, 0, 4574275, 4574275
2015, RAJASTHAN, 8, BANSWARA, 79, GARHI, 1174, GOPI NATH KA GADA, 34473, 1183856, Drinking water, 0, 0, 0, 0, 0, 0, 500000, 500000
2015, RAJASTHAN, 8, BANSWARA, 79, GARHI, 1174, GOPI NATH KA GADA, 34473, 1183856, Roads, 0, 0, 0, 0, 0, 0, 700000, 700000
2015, RAJASTHAN, 8, BANSWARA, 79, GARHI, 1174, GOPI NATH KA GADA, 34473, 1183856, Sanitation, 0, 0, 0, 0, 0, 0, 104235, 104235
2015, RAJASTHAN, 8, BANSWARA, 79, GARHI, 1174, GOPI NATH KA GADA, 34473, 1183856, Total, 0, 0, 0, 0, 0, 0, 1304235, 1304235
2015, RAJASTHAN, 8, BANSWARA, 79, GARHI, 1174, JHALO KA GARA, 262506, 1183862, Drinking water, 0, 0, 0, 0, 0, 0, 308366, 308366
2015, RAJASTHAN, 8, BANSWARA, 79, GARHI, 1174, JHALO KA GARA, 262506, 1183862, Roads, 0, 0, 0, 0, 0, 0, 800000, 800000
2015, RAJASTHAN, 8, BANSWARA, 79, GARHI, 1174, JHALO KA GARA, 262506, 1183862, Total, 0, 0, 0, 0, 0, 0, 1108366, 1108366
2015, RAJASTHAN, 8, BANSWARA, 79, GARHI, 1174, KARANPUR, 34476, 1183910, Drinking water, 0, 0, 0, 0, 0, 0, 255408, 255408
2015, RAJASTHAN, 8, BANSWARA, 79, GARHI, 1174, KARANPUR, 34476, 1183910, Roads, 0, 0, 0, 0, 0, 0, 700000, 700000
2015, RAJASTHAN, 8, BANSWARA, 79, GARHI, 1174, KARANPUR, 34476, 1183910, Total, 0, 0, 0, 0, 0, 0, 955408, 955408
2015, RAJASTHAN, 8, BANSWARA, 79, GARHI, 1174, KHEDA, 34478, 1175654, Roads, 0, 0, 0, 0, 0, 0, 2278531, 2278531
2015, RAJASTHAN, 8, BANSWARA, 79, GARHI, 1174, KHEDA, 34478, 1175654, Total, 0, 0, 0, 0, 0, 0, 2278531, 2278531
2015, RAJASTHAN, 8, BANSWARA, 79, GARHI, 1174, KHERAN KA PARDA, 34479, 1175655, Roads, 0, 0, 0, 0, 0, 0, 1909144, 1909144
2015, RAJASTHAN, 8, BANSWARA, 79, GARHI, 1174, KHERAN KA PARDA, 34479, 1175655, Sanitation, 0, 0, 0, 0, 0, 0, 1200000, 1200000
2015, RAJASTHAN, 8, BANSWARA, 79, GARHI, 1174, KHERAN KA PARDA, 34479, 1175655, Social welfare, 0, 0, 0, 0, 0, 0, 250000, 250000
2015, RAJASTHAN, 8, BANSWARA, 79, GARHI, 1174, KHERAN KA PARDA, 34479, 1175655, Total, 0, 0, 0, 0, 0, 0, 3359144, 3359144
2015, RAJASTHAN, 8, BANSWARA, 79, GARHI, 1174, KHODAN, 34480, 1175658, Drinking water, 0, 0, 0, 0, 0, 0, 85000, 85000
2015, RAJASTHAN, 8, BANSWARA, 79, GARHI, 1174, KHODAN, 34480, 1175658, Roads, 0, 0, 0, 0, 0, 0, 1052472, 1052472
2015, RAJASTHAN, 8, BANSWARA, 79, GARHI, 1174, KHODAN, 34480, 1175658, Sanitation, 0, 0, 0, 0, 0, 0, 2550000, 2550000
2015, RAJASTHAN, 8, BANSWARA, 79, GARHI, 1174, KHODAN, 34480, 1175658, Total, 0, 0, 0, 0, 0, 0, 3687472, 3687472
2015, RAJASTHAN, 8, BANSWARA, 79, GARHI, 1174, KOTDA BADA, 34482, 1175660, Drinking water, 0, 0, 0, 0, 0, 0, 300000, 300000
2015, RAJASTHAN, 8, BANSWARA, 79, GARHI, 1174, KOTDA BADA, 34482, 1175660, Roads, 0, 0, 0, 0, 0, 0, 1227069, 1227069
2015, RAJASTHAN, 8, BANSWARA, 79, GARHI, 1174, KOTDA BADA, 34482, 1175660, Sanitation, 0, 0, 0, 0, 0, 0, 500000, 500000
2015, RAJASTHAN, 8, BANSWARA, 79, GARHI, 1174, KOTDA BADA, 34482, 1175660, Total, 0, 0, 0, 0, 0, 0, 2027069, 2027069
2015, RAJASTHAN, 8, BANSWARA, 79, GARHI, 1174, LASADA, 34483, 1183932, Drinking water, 0, 0, 0, 0, 0, 0, 678210, 678210
2015, RAJASTHAN, 8, BANSWARA, 79, GARHI, 1174, LASADA, 34483, 1183932, Roads, 0, 0, 0, 0, 0, 0, 800000, 800000
2015, RAJASTHAN, 8, BANSWARA, 79, GARHI, 1174, LASADA, 34483, 1183932, Total, 0, 0, 0, 0, 0, 0, 1478210, 1478210
2015, RAJASTHAN, 8, BANSWARA, 79, GARHI, 1174, LOHARIYA, 34484, 1175666, Roads, 0, 0, 0, 0, 0, 0, 4009243, 4009243
2015, RAJASTHAN, 8, BANSWARA, 79, GARHI, 1174, LOHARIYA, 34484, 1175666, Sanitation, 0, 0, 0, 0, 0, 0, 150000, 150000
2015, RAJASTHAN, 8, BANSWARA, 79, GARHI, 1174, LOHARIYA, 34484, 1175666, Total, 0, 0, 0, 0, 0, 0, 4159243, 4159243
2015, RAJASTHAN, 8, BANSWARA, 79, GARHI, 1174, MADALDA, 34485, 1175668, Drinking water, 0, 0, 0, 0, 0, 0, 1300000, 1300000
2015, RAJASTHAN, 8, BANSWARA, 79, GARHI, 1174, MADALDA, 34485, 1175668, Roads, 0, 0, 0, 0, 0, 0, 1579722, 1579722
2015, RAJASTHAN, 8, BANSWARA, 79, GARHI, 1174, MADALDA, 34485, 1175668, Total, 0, 0, 0, 0, 0, 0, 2879722, 2879722
2015, RAJASTHAN, 8, BANSWARA, 79, GARHI, 1174, METWALA, 34487, 1180164, Drinking water, 0, 0, 0, 0, 0, 0, 133425, 133425
2015, RAJASTHAN, 8, BANSWARA, 79, GARHI, 1174, METWALA, 34487, 1180164, Maintenance of community system, 0, 0, 0, 0, 0, 0, 350000, 350000
2015, RAJASTHAN, 8, BANSWARA, 79, GARHI, 1174, METWALA, 34487, 1180164, Sanitation, 0, 0, 0, 0, 0, 0, 850000, 850000
2015, RAJASTHAN, 8, BANSWARA, 79, GARHI, 1174, METWALA, 34487, 1180164, Total, 0, 0, 0, 0, 0, 0, 1333425, 1333425
2015, RAJASTHAN, 8, BANSWARA, 79, GARHI, 1174, MOR, 34488, 1183870, Drinking water, 0, 0, 0, 0, 0, 0, 572789, 572789
2015, RAJASTHAN, 8, BANSWARA, 79, GARHI, 1174, MOR, 34488, 1183870, Roads, 0, 0, 0, 0, 0, 0, 1000000, 1000000
2015, RAJASTHAN, 8, BANSWARA, 79, GARHI, 1174, MOR, 34488, 1183870, Total, 0, 0, 0, 0, 0, 0, 1572789, 1572789
2015, RAJASTHAN, 8, BANSWARA, 79, GARHI, 1174, MOYAVASA, 262510, 1183920, Roads, 0, 0, 0, 0, 0, 0, 700000, 700000
2015, RAJASTHAN, 8, BANSWARA, 79, GARHI, 1174, MOYAVASA, 262510, 1183920, Sanitation, 0, 0, 0, 0, 0, 0, 306491, 306491
2015, RAJASTHAN, 8, BANSWARA, 79, GARHI, 1174, MOYAVASA, 262510, 1183920, Total, 0, 0, 0, 0, 0, 0, 1006491, 1006491
2015, RAJASTHAN, 8, BANSWARA, 79, GARHI, 1174, PALODA, 34493, 1175617, Maintenance of community system, 0, 0, 0, 0, 0, 0, 700000, 700000
2015, RAJASTHAN, 8, BANSWARA, 79, GARHI, 1174, PALODA, 34493, 1175617, Roads, 0, 0, 0, 0, 0, 0, 1332920, 1332920
2015, RAJASTHAN, 8, BANSWARA, 79, GARHI, 1174, PALODA, 34493, 1175617, Sanitation, 0, 0, 0, 0, 0, 0, 1900000, 1900000
2015, RAJASTHAN, 8, BANSWARA, 79, GARHI, 1174, PALODA, 34493, 1175617, Total, 0, 0, 0, 0, 0, 0, 3932920, 3932920
2015, RAJASTHAN, 8, BANSWARA, 79, GARHI, 1174, PANASI CHHOTI, 34494, 1175615, Drinking water, 0, 0, 0, 0, 0, 0, 2457407, 2457407
2015, RAJASTHAN, 8, BANSWARA, 79, GARHI, 1174, PANASI CHHOTI, 34494, 1175615, Rural electrification, 0, 0, 0, 0, 0, 0, 400000, 400000
2015, RAJASTHAN, 8, BANSWARA, 79, GARHI, 1174, PANASI CHHOTI, 34494, 1175615, Total, 0, 0, 0, 0, 0, 0, 2857407, 2857407
2015, RAJASTHAN, 8, BANSWARA, 79, GARHI, 1174, PARHEDA, 34495, 1183908, Drinking water, 0, 0, 0, 0, 0, 0, 363828, 363828
2015, RAJASTHAN, 8, BANSWARA, 79, GARHI, 1174, PARHEDA, 34495, 1183908, Roads, 0, 0, 0, 0, 0, 0, 800000, 800000
2015, RAJASTHAN, 8, BANSWARA, 79, GARHI, 1174, PARHEDA, 34495, 1183908, Total, 0, 0, 0, 0, 0, 0, 1163828, 1163828
2015, RAJASTHAN, 8, BANSWARA, 79, GARHI, 1174, PARTAPUR, 258052, 1183912, Drinking water, 0, 0, 0, 0, 0, 0, 1070160, 1070160
2015, RAJASTHAN, 8, BANSWARA, 79, GARHI, 1174, PARTAPUR, 258052, 1183912, Roads, 0, 0, 0, 0, 0, 0, 1000000, 1000000
2015, RAJASTHAN, 8, BANSWARA, 79, GARHI, 1174, PARTAPUR, 258052, 1183912, Sanitation, 0, 0, 0, 0, 0, 0, 1070163, 1070163
2015, RAJASTHAN, 8, BANSWARA, 79, GARHI, 1174, PARTAPUR, 258052, 1183912, Total, 0, 0, 0, 0, 0, 0, 3140323, 3140323
2015, RAJASTHAN, 8, BANSWARA, 79, GARHI, 1174, RATHADIA PADA, 34497, 1175579, Land improvement, 0, 0, 0, 0, 0, 0, 700000, 700000
2015, RAJASTHAN, 8, BANSWARA, 79, GARHI, 1174, RATHADIA PADA, 34497, 1175579, Roads, 0, 0, 0, 0, 0, 0, 1682448, 1682448
2015, RAJASTHAN, 8, BANSWARA, 79, GARHI, 1174, RATHADIA PADA, 34497, 1175579, Total, 0, 0, 0, 0, 0, 0, 2382448, 2382448
2015, RAJASTHAN, 8, BANSWARA, 79, GARHI, 1174, ROHIDA, 34498, 1175577, Drinking water, 0, 0, 0, 0, 0, 0, 200000, 200000
2015, RAJASTHAN, 8, BANSWARA, 79, GARHI, 1174, ROHIDA, 34498, 1175577, Roads, 0, 0, 0, 0, 0, 0, 860496, 860496
2015, RAJASTHAN, 8, BANSWARA, 79, GARHI, 1174, ROHIDA, 34498, 1175577, Sanitation, 0, 0, 0, 0, 0, 0, 1000000, 1000000
2015, RAJASTHAN, 8, BANSWARA, 79, GARHI, 1174, ROHIDA, 34498, 1175577, Total, 0, 0, 0, 0, 0, 0, 2060496, 2060496
2015, RAJASTHAN, 8, BANSWARA, 79, GARHI, 1174, SAGWADIYA, 34499, 1175175, Maintenance of community system, 0, 0, 0, 0, 0, 0, 250000, 250000
2015, RAJASTHAN, 8, BANSWARA, 79, GARHI, 1174, SAGWADIYA, 34499, 1175175, Roads, 0, 0, 0, 0, 0, 0, 2259136, 2259136
2015, RAJASTHAN, 8, BANSWARA, 79, GARHI, 1174, SAGWADIYA, 34499, 1175175, Sanitation, 0, 0, 0, 0, 0, 0, 150000, 150000
2015, RAJASTHAN, 8, BANSWARA, 79, GARHI, 1174, SAGWADIYA, 34499, 1175175, Total, 0, 0, 0, 0, 0, 0, 2659136, 2659136
2015, RAJASTHAN, 8, BANSWARA, 79, GARHI, 1174, SAKARIYA, 34500, 1175174, Cultural activities, 0, 0, 0, 0, 0, 0, 244000, 244000
2015, RAJASTHAN, 8, BANSWARA, 79, GARHI, 1174, SAKARIYA, 34500, 1175174, Drinking water, 0, 0, 0, 0, 0, 0, 1330000, 1330000
2015, RAJASTHAN, 8, BANSWARA, 79, GARHI, 1174, SAKARIYA, 34500, 1175174, Health, 0, 0, 0, 0, 0, 0, 1125938, 1125938
2015, RAJASTHAN, 8, BANSWARA, 79, GARHI, 1174, SAKARIYA, 34500, 1175174, Total, 0, 0, 0, 0, 0, 0, 2699938, 2699938
2015, RAJASTHAN, 8, BANSWARA, 79, GARHI, 1174, SAREDI BADI, 34502, 1175172, Education, 0, 0, 0, 0, 0, 0, 125000, 125000
2015, RAJASTHAN, 8, BANSWARA, 79, GARHI, 1174, SAREDI BADI, 34502, 1175172, Roads, 0, 0, 0, 0, 0, 0, 2383591, 2383591
2015, RAJASTHAN, 8, BANSWARA, 79, GARHI, 1174, SAREDI BADI, 34502, 1175172, Sanitation, 0, 0, 0, 0, 0, 0, 250000, 250000
2015, RAJASTHAN, 8, BANSWARA, 79, GARHI, 1174, SAREDI BADI, 34502, 1175172, Total, 0, 0, 0, 0, 0, 0, 2758591, 2758591
2015, RAJASTHAN, 8, BANSWARA, 79, GARHI, 1174, SAREDI CHHOTI, 34503, 1175171, Roads, 0, 0, 0, 0, 0, 0, 2851033, 2851033
2015, RAJASTHAN, 8, BANSWARA, 79, GARHI, 1174, SAREDI CHHOTI, 34503, 1175171, Total, 0, 0, 0, 0, 0, 0, 2851033, 2851033
2015, RAJASTHAN, 8, BANSWARA, 79, GARHI, 1174, SUJAJI KA GADA, 262497, 1183924, Drinking water, 0, 0, 0, 0, 0, 0, 115541, 115541
2015, RAJASTHAN, 8, BANSWARA, 79, GARHI, 1174, SUJAJI KA GADA, 262497, 1183924, Roads, 0, 0, 0, 0, 0, 0, 900000, 900000
2015, RAJASTHAN, 8, BANSWARA, 79, GARHI, 1174, SUJAJI KA GADA, 262497, 1183924, Total, 0, 0, 0, 0, 0, 0, 1015541, 1015541
2015, RAJASTHAN, 8, BANSWARA, 79, GARHI, 1174, SUNDANI, 34504, 1174189, Cultural activities, 0, 0, 0, 0, 0, 0, 700000, 700000
2015, RAJASTHAN, 8, BANSWARA, 79, GARHI, 1174, SUNDANI, 34504, 1174189, Roads, 0, 0, 0, 0, 0, 0, 1867331, 1867331
2015, RAJASTHAN, 8, BANSWARA, 79, GARHI, 1174, SUNDANI, 34504, 1174189, Total, 0, 0, 0, 0, 0, 0, 2567331, 2567331
2015, RAJASTHAN, 8, BANSWARA, 79, GARHI, 1174, UMBADA, 34507, 1174187, Drinking water, 0, 0, 0, 0, 0, 0, 700000, 700000
2015, RAJASTHAN, 8, BANSWARA, 79, GARHI, 1174, UMBADA, 34507, 1174187, Roads, 0, 0, 0, 0, 0, 0, 2021615, 2021615
2015, RAJASTHAN, 8, BANSWARA, 79, GARHI, 1174, UMBADA, 34507, 1174187, Total, 0, 0, 0, 0, 0, 0, 2721615, 2721615
2015, RAJASTHAN, 8, BANSWARA, 79, GARHI, 1174, VAJVANA, 34508, 1174169, Drinking water, 0, 0, 0, 0, 0, 0, 142765, 142765
2015, RAJASTHAN, 8, BANSWARA, 79, GARHI, 1174, VAJVANA, 34508, 1174169, Roads, 0, 0, 0, 0, 0, 0, 750000, 750000
2015, RAJASTHAN, 8, BANSWARA, 79, GARHI, 1174, VAJVANA, 34508, 1174169, Sanitation, 0, 0, 0, 0, 0, 0, 300000, 300000
2015, RAJASTHAN, 8, BANSWARA, 79, GARHI, 1174, VAJVANA, 34508, 1174169, Total, 0, 0, 0, 0, 0, 0, 1192765, 1192765
2015, RAJASTHAN, 8, BANSWARA, 79, GHATOL, 1175, AMAR SINGH KA GADA, 34510, 1161164, Drinking water, 0, 0, 0, 0, 0, 0, 750000, 750000
2015, RAJASTHAN, 8, BANSWARA, 79, GHATOL, 1175, AMAR SINGH KA GADA, 34510, 1161164, Roads, 0, 0, 0, 0, 0, 0, 900000, 900000
2015, RAJASTHAN, 8, BANSWARA, 79, GHATOL, 1175, AMAR SINGH KA GADA, 34510, 1161164, Total, 0, 0, 0, 0, 0, 0, 1650000, 1650000
2015, RAJASTHAN, 8, BANSWARA, 79, GHATOL, 1175, AMARTHUN, 34511, 1161165, Agriculture, 0, 0, 0, 0, 0, 0, 1800000, 1800000
2015, RAJASTHAN, 8, BANSWARA, 79, GHATOL, 1175, AMARTHUN, 34511, 1161165, Drinking water, 0, 0, 0, 0, 0, 0, 950000, 950000
2015, RAJASTHAN, 8, BANSWARA, 79, GHATOL, 1175, AMARTHUN, 34511, 1161165, Total, 0, 0, 0, 0, 0, 0, 2750000, 2750000
2015, RAJASTHAN, 8, BANSWARA, 79, GHATOL, 1175, BADANA, 34512, 1160978, Drinking water, 0, 0, 0, 0, 0, 0, 250000, 250000
2015, RAJASTHAN, 8, BANSWARA, 79, GHATOL, 1175, BADANA, 34512, 1160978, Roads, 0, 0, 0, 0, 0, 0, 3325000, 3325000
2015, RAJASTHAN, 8, BANSWARA, 79, GHATOL, 1175, BADANA, 34512, 1160978, Total, 0, 0, 0, 0, 0, 0, 3575000, 3575000
2015, RAJASTHAN, 8, BANSWARA, 79, GHATOL, 1175, BADGUN, 34516, 1161186, Drinking water, 0, 0, 0, 0, 0, 0, 1450000, 1450000
2015, RAJASTHAN, 8, BANSWARA, 79, GHATOL, 1175, BADGUN, 34516, 1161186, Roads, 0, 0, 0, 0, 0, 0, 1700000, 1700000
2015, RAJASTHAN, 8, BANSWARA, 79, GHATOL, 1175, BADGUN, 34516, 1161186, Total, 0, 0, 0, 0, 0, 0, 3150000, 3150000
2015, RAJASTHAN, 8, BANSWARA, 79, GHATOL, 1175, BADLIYA, 34513, 1161176, Drinking water, 0, 0, 0, 0, 0, 0, 500000, 500000
2015, RAJASTHAN, 8, BANSWARA, 79, GHATOL, 1175, BADLIYA, 34513, 1161176, Roads, 0, 0, 0, 0, 0, 0, 1500000, 1500000
2015, RAJASTHAN, 8, BANSWARA, 79, GHATOL, 1175, BADLIYA, 34513, 1161176, Total, 0, 0, 0, 0, 0, 0, 2000000, 2000000
2015, RAJASTHAN, 8, BANSWARA, 79, GHATOL, 1175, BAMAN PADA, 34514, 1161177, Drinking water, 0, 0, 0, 0, 0, 0, 500000, 500000
2015, RAJASTHAN, 8, BANSWARA, 79, GHATOL, 1175, BAMAN PADA, 34514, 1161177, Roads, 0, 0, 0, 0, 0, 0, 1000000, 1000000
2015, RAJASTHAN, 8, BANSWARA, 79, GHATOL, 1175, BAMAN PADA, 34514, 1161177, Total, 0, 0, 0, 0, 0, 0, 1500000, 1500000
2015, RAJASTHAN, 8, BANSWARA, 79, GHATOL, 1175, BANSLI KHEDA, 34515, 1161181, Drinking water, 0, 0, 0, 0, 0, 0, 2200000, 2200000
2015, RAJASTHAN, 8, BANSWARA, 79, GHATOL, 1175, BANSLI KHEDA, 34515, 1161181, Roads, 0, 0, 0, 0, 0, 0, 800000, 800000
2015, RAJASTHAN, 8, BANSWARA, 79, GHATOL, 1175, BANSLI KHEDA, 34515, 1161181, Total, 0, 0, 0, 0, 0, 0, 3000000, 3000000
2015, RAJASTHAN, 8, BANSWARA, 79, GHATOL, 1175, BASSIADA, 34517, 1161188, Drinking water, 0, 0, 0, 0, 0, 0, 2000000, 2000000
2015, RAJASTHAN, 8, BANSWARA, 79, GHATOL, 1175, BASSIADA, 34517, 1161188, Roads, 0, 0, 0, 0, 0, 0, 1000000, 1000000
2015, RAJASTHAN, 8, BANSWARA, 79, GHATOL, 1175, BASSIADA, 34517, 1161188, Total, 0, 0, 0, 0, 0, 0, 3000000, 3000000
2015, RAJASTHAN, 8, BANSWARA, 79, GHATOL, 1175, BHAGORO KA KHEDA, 34518, 1160493, Drinking water, 0, 0, 0, 0, 0, 0, 3000000, 3000000
2015, RAJASTHAN, 8, BANSWARA, 79, GHATOL, 1175, BHAGORO KA KHEDA, 34518, 1160493, Roads, 0, 0, 0, 0, 0, 0, 2100000, 2100000
2015, RAJASTHAN, 8, BANSWARA, 79, GHATOL, 1175, BHAGORO KA KHEDA, 34518, 1160493, Total, 0, 0, 0, 0, 0, 0, 5100000, 5100000
2015, RAJASTHAN, 8, BANSWARA, 79, GHATOL, 1175, BHOYAR, 34520, 1161337, Drinking water, 0, 0, 0, 0, 0, 0, 500000, 500000
2015, RAJASTHAN, 8, BANSWARA, 79, GHATOL, 1175, BHOYAR, 34520, 1161337, Roads, 0, 0, 0, 0, 0, 0, 1000000, 1000000
2015, RAJASTHAN, 8, BANSWARA, 79, GHATOL, 1175, BHOYAR, 34520, 1161337, Total, 0, 0, 0, 0, 0, 0, 1500000, 1500000
2015, RAJASTHAN, 8, BANSWARA, 79, GHATOL, 1175, BHUNGRA, 34519, 1161247, Drinking water, 0, 0, 0, 0, 0, 0, 500000, 500000
2015, RAJASTHAN, 8, BANSWARA, 79, GHATOL, 1175, BHUNGRA, 34519, 1161247, Roads, 0, 0, 0, 0, 0, 0, 2000000, 2000000
2015, RAJASTHAN, 8, BANSWARA, 79, GHATOL, 1175, BHUNGRA, 34519, 1161247, Total, 0, 0, 0, 0, 0, 0, 2500000, 2500000
2015, RAJASTHAN, 8, BANSWARA, 79, GHATOL, 1175, BHUWASA, 34521, 1161376, Drinking water, 0, 0, 0, 0, 0, 0, 500000, 500000
2015, RAJASTHAN, 8, BANSWARA, 79, GHATOL, 1175, BHUWASA, 34521, 1161376, Roads, 0, 0, 0, 0, 0, 0, 1000000, 1000000
2015, RAJASTHAN, 8, BANSWARA, 79, GHATOL, 1175, BHUWASA, 34521, 1161376, Total, 0, 0, 0, 0, 0, 0, 1500000, 1500000
2015, RAJASTHAN, 8, BANSWARA, 79, GHATOL, 1175, BICHAWADA, 34522, 1161483, Drinking water, 0, 0, 0, 0, 0, 0, 500000, 500000
2015, RAJASTHAN, 8, BANSWARA, 79, GHATOL, 1175, BICHAWADA, 34522, 1161483, Roads, 0, 0, 0, 0, 0, 0, 2000000, 2000000
2015, RAJASTHAN, 8, BANSWARA, 79, GHATOL, 1175, BICHAWADA, 34522, 1161483, Total, 0, 0, 0, 0, 0, 0, 2500000, 2500000
2015, RAJASTHAN, 8, BANSWARA, 79, GHATOL, 1175, BORDA, 34523, 1161488, Drinking water, 0, 0, 0, 0, 0, 0, 1000000, 1000000
2015, RAJASTHAN, 8, BANSWARA, 79, GHATOL, 1175, BORDA, 34523, 1161488, Roads, 0, 0, 0, 0, 0, 0, 900000, 900000
2015, RAJASTHAN, 8, BANSWARA, 79, GHATOL, 1175, BORDA, 34523, 1161488, Total, 0, 0, 0, 0, 0, 0, 1900000, 1900000
2015, RAJASTHAN, 8, BANSWARA, 79, GHATOL, 1175, BORPIKHANTA, 34524, 1161497, Drinking water, 0, 0, 0, 0, 0, 0, 500000, 500000
2015, RAJASTHAN, 8, BANSWARA, 79, GHATOL, 1175, BORPIKHANTA, 34524, 1161497, Roads, 0, 0, 0, 0, 0, 0, 1600000, 1600000
2015, RAJASTHAN, 8, BANSWARA, 79, GHATOL, 1175, BORPIKHANTA, 34524, 1161497, Total, 0, 0, 0, 0, 0, 0, 2100000, 2100000
2015, RAJASTHAN, 8, BANSWARA, 79, GHATOL, 1175, CHADLA, 34526, 1161505, Roads, 0, 0, 0, 0, 0, 0, 3000000, 3000000
2015, RAJASTHAN, 8, BANSWARA, 79, GHATOL, 1175, CHADLA, 34526, 1161505, Total, 0, 0, 0, 0, 0, 0, 3000000, 3000000
2015, RAJASTHAN, 8, BANSWARA, 79, GHATOL, 1175, CHANDUJI KA GADA, 34525, 1161516, Drinking water, 0, 0, 0, 0, 0, 0, 1400000, 1400000
2015, RAJASTHAN, 8, BANSWARA, 79, GHATOL, 1175, CHANDUJI KA GADA, 34525, 1161516, Total, 0, 0, 0, 0, 0, 0, 1400000, 1400000
2015, RAJASTHAN, 8, BANSWARA, 79, GHATOL, 1175, CHIRAWALA GADA, 34527, 1161524, Drinking water, 0, 0, 0, 0, 0, 0, 800000, 800000
2015, RAJASTHAN, 8, BANSWARA, 79, GHATOL, 1175, CHIRAWALA GADA, 34527, 1161524, Roads, 0, 0, 0, 0, 0, 0, 800000, 800000
2015, RAJASTHAN, 8, BANSWARA, 79, GHATOL, 1175, CHIRAWALA GADA, 34527, 1161524, Total, 0, 0, 0, 0, 0, 0, 1600000, 1600000
2015, RAJASTHAN, 8, BANSWARA, 79, GHATOL, 1175, DAGAL, 34528, 1161533, Drinking water, 0, 0, 0, 0, 0, 0, 500000, 500000
2015, RAJASTHAN, 8, BANSWARA, 79, GHATOL, 1175, DAGAL, 34528, 1161533, Roads, 0, 0, 0, 0, 0, 0, 2000000, 2000000
2015, RAJASTHAN, 8, BANSWARA, 79, GHATOL, 1175, DAGAL, 34528, 1161533, Total, 0, 0, 0, 0, 0, 0, 2500000, 2500000
2015, RAJASTHAN, 8, BANSWARA, 79, GHATOL, 1175, DELWADA LOKIYA, 34529, 1161547, Drinking water, 0, 0, 0, 0, 0, 0, 2000000, 2000000
2015, RAJASTHAN, 8, BANSWARA, 79, GHATOL, 1175, DELWADA LOKIYA, 34529, 1161547, Roads, 0, 0, 0, 0, 0, 0, 1200000, 1200000
2015, RAJASTHAN, 8, BANSWARA, 79, GHATOL, 1175, DELWADA LOKIYA, 34529, 1161547, Total, 0, 0, 0, 0, 0, 0, 3200000, 3200000
2015, RAJASTHAN, 8, BANSWARA, 79, GHATOL, 1175, DEVDA, 34530, 1161605, Drinking water, 0, 0, 0, 0, 0, 0, 400000, 400000
2015, RAJASTHAN, 8, BANSWARA, 79, GHATOL, 1175, DEVDA, 34530, 1161605, Roads, 0, 0, 0, 0, 0, 0, 1000000, 1000000
2015, RAJASTHAN, 8, BANSWARA, 79, GHATOL, 1175, DEVDA, 34530, 1161605, Total, 0, 0, 0, 0, 0, 0, 1400000, 1400000
2015, RAJASTHAN, 8, BANSWARA, 79, GHATOL, 1175, DOODKA, 34531, 1161609, Drinking water, 0, 0, 0, 0, 0, 0, 3050000, 3050000
2015, RAJASTHAN, 8, BANSWARA, 79, GHATOL, 1175, DOODKA, 34531, 1161609, Total, 0, 0, 0, 0, 0, 0, 3050000, 3050000
2015, RAJASTHAN, 8, BANSWARA, 79, GHATOL, 1175, DUNGAR, 34532, 1161614, Drinking water, 0, 0, 0, 0, 0, 0, 900000, 900000
2015, RAJASTHAN, 8, BANSWARA, 79, GHATOL, 1175, DUNGAR, 34532, 1161614, Roads, 0, 0, 0, 0, 0, 0, 1000000, 1000000
2015, RAJASTHAN, 8, BANSWARA, 79, GHATOL, 1175, DUNGAR, 34532, 1161614, Total, 0, 0, 0, 0, 0, 0, 1900000, 1900000
2015, RAJASTHAN, 8, BANSWARA, 79, GHATOL, 1175, DUNGARIYA, 34533, 1161679, Drinking water, 0, 0, 0, 0, 0, 0, 400000, 400000
2015, RAJASTHAN, 8, BANSWARA, 79, GHATOL, 1175, DUNGARIYA, 34533, 1161679, Roads, 0, 0, 0, 0, 0, 0, 1000000, 1000000
2015, RAJASTHAN, 8, BANSWARA, 79, GHATOL, 1175, DUNGARIYA, 34533, 1161679, Total, 0, 0, 0, 0, 0, 0, 1400000, 1400000
2015, RAJASTHAN, 8, BANSWARA, 79, GHATOL, 1175, GANODA, 34534, 1161682, Drinking water, 0, 0, 0, 0, 0, 0, 1000000, 1000000
2015, RAJASTHAN, 8, BANSWARA, 79, GHATOL, 1175, GANODA, 34534, 1161682, Roads, 0, 0, 0, 0, 0, 0, 2000000, 2000000
2015, RAJASTHAN, 8, BANSWARA, 79, GHATOL, 1175, GANODA, 34534, 1161682, Total, 0, 0, 0, 0, 0, 0, 3000000, 3000000
2015, RAJASTHAN, 8, BANSWARA, 79, GHATOL, 1175, GHATOL, 34535, 1161099, Cultural activities, 0, 0, 0, 0, 0, 0, 400000, 400000
2015, RAJASTHAN, 8, BANSWARA, 79, GHATOL, 1175, GHATOL, 34535, 1161099, Drinking water, 0, 0, 0, 0, 0, 0, 800000, 800000
2015, RAJASTHAN, 8, BANSWARA, 79, GHATOL, 1175, GHATOL, 34535, 1161099, Roads, 0, 0, 0, 0, 0, 0, 2500000, 2500000
2015, RAJASTHAN, 8, BANSWARA, 79, GHATOL, 1175, GHATOL, 34535, 1161099, Total, 0, 0, 0, 0, 0, 0, 3700000, 3700000
2015, RAJASTHAN, 8, BANSWARA, 79, GHATOL, 1175, GOLIYAWADA, 34536, 1161687, Drinking water, 0, 0, 0, 0, 0, 0, 2050000, 2050000
2015, RAJASTHAN, 8, BANSWARA, 79, GHATOL, 1175, GOLIYAWADA, 34536, 1161687, Roads, 0, 0, 0, 0, 0, 0, 1500000, 1500000
2015, RAJASTHAN, 8, BANSWARA, 79, GHATOL, 1175, GOLIYAWADA, 34536, 1161687, Total, 0, 0, 0, 0, 0, 0, 3550000, 3550000
2015, RAJASTHAN, 8, BANSWARA, 79, GHATOL, 1175, GORCHA, 34537, 1161056, Drinking water, 0, 0, 0, 0, 0, 0, 1850000, 1850000
2015, RAJASTHAN, 8, BANSWARA, 79, GHATOL, 1175, GORCHA, 34537, 1161056, Roads, 0, 0, 0, 0, 0, 0, 3400000, 3400000
2015, RAJASTHAN, 8, BANSWARA, 79, GHATOL, 1175, GORCHA, 34537, 1161056, Total, 0, 0, 0, 0, 0, 0, 5250000, 5250000
2015, RAJASTHAN, 8, BANSWARA, 79, GHATOL, 1175, JAGPURA, 34538, 1157729, Land improvement, 0, 0, 0, 0, 0, 0, 500000, 500000
2015, RAJASTHAN, 8, BANSWARA, 79, GHATOL, 1175, JAGPURA, 34538, 1157729, Roads, 0, 0, 0, 0, 0, 0, 6300000, 6300000
2015, RAJASTHAN, 8, BANSWARA, 79, GHATOL, 1175, JAGPURA, 34538, 1157729, Total, 0, 0, 0, 0, 0, 0, 6800000, 6800000
2015, RAJASTHAN, 8, BANSWARA, 79, GHATOL, 1175, KADVA AAMRI, 262178, 1161688, Drinking water, 0, 0, 0, 0, 0, 0, 500000, 500000
2015, RAJASTHAN, 8, BANSWARA, 79, GHATOL, 1175, KADVA AAMRI, 262178, 1161688, Roads, 0, 0, 0, 0, 0, 0, 900000, 900000
2015, RAJASTHAN, 8, BANSWARA, 79, GHATOL, 1175, KADVA AAMRI, 262178, 1161688, Total, 0, 0, 0, 0, 0, 0, 1400000, 1400000
2015, RAJASTHAN, 8, BANSWARA, 79, GHATOL, 1175, KALIMAGRI, 34539, 1161690, Drinking water, 0, 0, 0, 0, 0, 0, 1000000, 1000000
2015, RAJASTHAN, 8, BANSWARA, 79, GHATOL, 1175, KALIMAGRI, 34539, 1161690, Roads, 0, 0, 0, 0, 0, 0, 900000, 900000
2015, RAJASTHAN, 8, BANSWARA, 79, GHATOL, 1175, KALIMAGRI, 34539, 1161690, Total, 0, 0, 0, 0, 0, 0, 1900000, 1900000
2015, RAJASTHAN, 8, BANSWARA, 79, GHATOL, 1175, KANJI KA GADA, 34540, 1161934, Cultural activities, 0, 0, 0, 0, 0, 0, 500000, 500000
2015, RAJASTHAN, 8, BANSWARA, 79, GHATOL, 1175, KANJI KA GADA, 34540, 1161934, Roads, 0, 0, 0, 0, 0, 0, 1000000, 1000000
2015, RAJASTHAN, 8, BANSWARA, 79, GHATOL, 1175, KANJI KA GADA, 34540, 1161934, Total, 0, 0, 0, 0, 0, 0, 1500000, 1500000
2015, RAJASTHAN, 8, BANSWARA, 79, GHATOL, 1175, KANRA, 262181, 1161922, Drinking water, 0, 0, 0, 0, 0, 0, 800000, 800000
2015, RAJASTHAN, 8, BANSWARA, 79, GHATOL, 1175, KANRA, 262181, 1161922, Roads, 0, 0, 0, 0, 0, 0, 800000, 800000
2015, RAJASTHAN, 8, BANSWARA, 79, GHATOL, 1175, KANRA, 262181, 1161922, Total, 0, 0, 0, 0, 0, 0, 1600000, 1600000
2015, RAJASTHAN, 8, BANSWARA, 79, GHATOL, 1175, KANTHAO, 34541, 1161937, Drinking water, 0, 0, 0, 0, 0, 0, 500000, 500000
2015, RAJASTHAN, 8, BANSWARA, 79, GHATOL, 1175, KANTHAO, 34541, 1161937, Roads, 0, 0, 0, 0, 0, 0, 1500000, 1500000
2015, RAJASTHAN, 8, BANSWARA, 79, GHATOL, 1175, KANTHAO, 34541, 1161937, Total, 0, 0, 0, 0, 0, 0, 2000000, 2000000
2015, RAJASTHAN, 8, BANSWARA, 79, GHATOL, 1175, KHAMERA, 34542, 1169672, Drinking water, 0, 0, 0, 0, 0, 0, 1250000, 1250000
2015, RAJASTHAN, 8, BANSWARA, 79, GHATOL, 1175, KHAMERA, 34542, 1169672, Education, 0, 0, 0, 0, 0, 0, 1000000, 1000000
2015, RAJASTHAN, 8, BANSWARA, 79, GHATOL, 1175, KHAMERA, 34542, 1169672, Total, 0, 0, 0, 0, 0, 0, 2250000, 2250000
2015, RAJASTHAN, 8, BANSWARA, 79, GHATOL, 1175, KHERWA, 34543, 1169674, Drinking water, 0, 0, 0, 0, 0, 0, 900000, 900000
2015, RAJASTHAN, 8, BANSWARA, 79, GHATOL, 1175, KHERWA, 34543, 1169674, Roads, 0, 0, 0, 0, 0, 0, 1200000, 1200000
2015, RAJASTHAN, 8, BANSWARA, 79, GHATOL, 1175, KHERWA, 34543, 1169674, Total, 0, 0, 0, 0, 0, 0, 2100000, 2100000
2015, RAJASTHAN, 8, BANSWARA, 79, GHATOL, 1175, KUWANIYA, 34544, 1169671, Drinking water, 0, 0, 0, 0, 0, 0, 1000000, 1000000
2015, RAJASTHAN, 8, BANSWARA, 79, GHATOL, 1175, KUWANIYA, 34544, 1169671, Roads, 0, 0, 0, 0, 0, 0, 1000000, 1000000
2015, RAJASTHAN, 8, BANSWARA, 79, GHATOL, 1175, KUWANIYA, 34544, 1169671, Total, 0, 0, 0, 0, 0, 0, 2000000, 2000000
2015, RAJASTHAN, 8, BANSWARA, 79, GHATOL, 1175, MIYASA, 34545, 1171848, Drinking water, 0, 0, 0, 0, 0, 0, 1000000, 1000000
2015, RAJASTHAN, 8, BANSWARA, 79, GHATOL, 1175, MIYASA, 34545, 1171848, Roads, 0, 0, 0, 0, 0, 0, 1000000, 1000000
2015, RAJASTHAN, 8, BANSWARA, 79, GHATOL, 1175, MIYASA, 34545, 1171848, Total, 0, 0, 0, 0, 0, 0, 2000000, 2000000
2015, RAJASTHAN, 8, BANSWARA, 79, GHATOL, 1175, MORDI NICHALI, 34546, 1169802, Drinking water, 0, 0, 0, 0, 0, 0, 1050000, 1050000
2015, RAJASTHAN, 8, BANSWARA, 79, GHATOL, 1175, MORDI NICHALI, 34546, 1169802, Roads, 0, 0, 0, 0, 0, 0, 1400000, 1400000
2015, RAJASTHAN, 8, BANSWARA, 79, GHATOL, 1175, MORDI NICHALI, 34546, 1169802, Total, 0, 0, 0, 0, 0, 0, 2450000, 2450000
2015, RAJASTHAN, 8, BANSWARA, 79, GHATOL, 1175, MOTA TANDA, 34547, 1169865, Drinking water, 0, 0, 0, 0, 0, 0, 1000000, 1000000
2015, RAJASTHAN, 8, BANSWARA, 79, GHATOL, 1175, MOTA TANDA, 34547, 1169865, Roads, 0, 0, 0, 0, 0, 0, 1000000, 1000000
2015, RAJASTHAN, 8, BANSWARA, 79, GHATOL, 1175, MOTA TANDA, 34547, 1169865, Total, 0, 0, 0, 0, 0, 0, 2000000, 2000000
2015, RAJASTHAN, 8, BANSWARA, 79, GHATOL, 1175, MOTAGAON, 34548, 1169867, Drinking water, 0, 0, 0, 0, 0, 0, 1100000, 1100000
2015, RAJASTHAN, 8, BANSWARA, 79, GHATOL, 1175, MOTAGAON, 34548, 1169867, Roads, 0, 0, 0, 0, 0, 0, 1000000, 1000000
2015, RAJASTHAN, 8, BANSWARA, 79, GHATOL, 1175, MOTAGAON, 34548, 1169867, Total, 0, 0, 0, 0, 0, 0, 2100000, 2100000
2015, RAJASTHAN, 8, BANSWARA, 79, GHATOL, 1175, MUDASEL, 34550, 1158152, Education, 0, 0, 0, 0, 0, 0, 1000000, 1000000
2015, RAJASTHAN, 8, BANSWARA, 79, GHATOL, 1175, MUDASEL, 34550, 1158152, Land improvement, 0, 0, 0, 0, 0, 0, 1000000, 1000000
2015, RAJASTHAN, 8, BANSWARA, 79, GHATOL, 1175, MUDASEL, 34550, 1158152, Roads, 0, 0, 0, 0, 0, 0, 2400000, 2400000
2015, RAJASTHAN, 8, BANSWARA, 79, GHATOL, 1175, MUDASEL, 34550, 1158152, Total, 0, 0, 0, 0, 0, 0, 4400000, 4400000
2015, RAJASTHAN, 8, BANSWARA, 79, GHATOL, 1175, MUNGANA, 34549, 1171849, Drinking water, 0, 0, 0, 0, 0, 0, 1000000, 1000000
2015, RAJASTHAN, 8, BANSWARA, 79, GHATOL, 1175, MUNGANA, 34549, 1171849, Roads, 0, 0, 0, 0, 0, 0, 1000000, 1000000
2015, RAJASTHAN, 8, BANSWARA, 79, GHATOL, 1175, MUNGANA, 34549, 1171849, Total, 0, 0, 0, 0, 0, 0, 2000000, 2000000
2015, RAJASTHAN, 8, BANSWARA, 79, GHATOL, 1175, NARWALI, 34551, 1169797, Drinking water, 0, 0, 0, 0, 0, 0, 1100000, 1100000
2015, RAJASTHAN, 8, BANSWARA, 79, GHATOL, 1175, NARWALI, 34551, 1169797, Roads, 0, 0, 0, 0, 0, 0, 1000000, 1000000
2015, RAJASTHAN, 8, BANSWARA, 79, GHATOL, 1175, NARWALI, 34551, 1169797, Total, 0, 0, 0, 0, 0, 0, 2100000, 2100000
2015, RAJASTHAN, 8, BANSWARA, 79, GHATOL, 1175, PADAL BADI, 34552, 1158114, Cultural activities, 0, 0, 0, 0, 0, 0, 500000, 500000
2015, RAJASTHAN, 8, BANSWARA, 79, GHATOL, 1175, PADAL BADI, 34552, 1158114, Drinking water, 0, 0, 0, 0, 0, 0, 600000, 600000
2015, RAJASTHAN, 8, BANSWARA, 79, GHATOL, 1175, PADAL BADI, 34552, 1158114, Roads, 0, 0, 0, 0, 0, 0, 3200000, 3200000
2015, RAJASTHAN, 8, BANSWARA, 79, GHATOL, 1175, PADAL BADI, 34552, 1158114, Social welfare, 0, 0, 0, 0, 0, 0, 500000, 500000
2015, RAJASTHAN, 8, BANSWARA, 79, GHATOL, 1175, PADAL BADI, 34552, 1158114, Total, 0, 0, 0, 0, 0, 0, 4800000, 4800000
2015, RAJASTHAN, 8, BANSWARA, 79, GHATOL, 1175, PADAL CHOTI, 34553, 1158603, Education, 0, 0, 0, 0, 0, 0, 1000000, 1000000
2015, RAJASTHAN, 8, BANSWARA, 79, GHATOL, 1175, PADAL CHOTI, 34553, 1158603, Roads, 0, 0, 0, 0, 0, 0, 3950000, 3950000
2015, RAJASTHAN, 8, BANSWARA, 79, GHATOL, 1175, PADAL CHOTI, 34553, 1158603, Social welfare, 0, 0, 0, 0, 0, 0, 900000, 900000
2015, RAJASTHAN, 8, BANSWARA, 79, GHATOL, 1175, PADAL CHOTI, 34553, 1158603, Total, 0, 0, 0, 0, 0, 0, 5850000, 5850000
2015, RAJASTHAN, 8, BANSWARA, 79, GHATOL, 1175, PADLA, 34554, 1158135, Cultural activities, 0, 0, 0, 0, 0, 0, 500000, 500000
2015, RAJASTHAN, 8, BANSWARA, 79, GHATOL, 1175, PADLA, 34554, 1158135, Drinking water, 0, 0, 0, 0, 0, 0, 400000, 400000
2015, RAJASTHAN, 8, BANSWARA, 79, GHATOL, 1175, PADLA, 34554, 1158135, Education, 0, 0, 0, 0, 0, 0, 400000, 400000
2015, RAJASTHAN, 8, BANSWARA, 79, GHATOL, 1175, PADLA, 34554, 1158135, Roads, 0, 0, 0, 0, 0, 0, 3500000, 3500000
2015, RAJASTHAN, 8, BANSWARA, 79, GHATOL, 1175, PADLA, 34554, 1158135, Total, 0, 0, 0, 0, 0, 0, 4800000, 4800000
2015, RAJASTHAN, 8, BANSWARA, 79, GHATOL, 1175, PADOLI GORDHAN, 34555, 1169800, Drinking water, 0, 0, 0, 0, 0, 0, 1000000, 1000000
2015, RAJASTHAN, 8, BANSWARA, 79, GHATOL, 1175, PADOLI GORDHAN, 34555, 1169800, Roads, 0, 0, 0, 0, 0, 0, 1200000, 1200000
2015, RAJASTHAN, 8, BANSWARA, 79, GHATOL, 1175, PADOLI GORDHAN, 34555, 1169800, Total, 0, 0, 0, 0, 0, 0, 2200000, 2200000
2015, RAJASTHAN, 8, BANSWARA, 79, GHATOL, 1175, PODOLI RATHOD, 34556, 1158131, Education, 0, 0, 0, 0, 0, 0, 1150000, 1150000
2015, RAJASTHAN, 8, BANSWARA, 79, GHATOL, 1175, PODOLI RATHOD, 34556, 1158131, Roads, 0, 0, 0, 0, 0, 0, 3800000, 3800000
2015, RAJASTHAN, 8, BANSWARA, 79, GHATOL, 1175, PODOLI RATHOD, 34556, 1158131, Social welfare, 0, 0, 0, 0, 0, 0, 500000, 500000
2015, RAJASTHAN, 8, BANSWARA, 79, GHATOL, 1175, PODOLI RATHOD, 34556, 1158131, Total, 0, 0, 0, 0, 0, 0, 5450000, 5450000
2015, RAJASTHAN, 8, BANSWARA, 79, GHATOL, 1175, ROONJIYA, 34557, 1158767, Drinking water, 0, 0, 0, 0, 0, 0, 2450000, 2450000
2015, RAJASTHAN, 8, BANSWARA, 79, GHATOL, 1175, ROONJIYA, 34557, 1158767, Roads, 0, 0, 0, 0, 0, 0, 500000, 500000
2015, RAJASTHAN, 8, BANSWARA, 79, GHATOL, 1175, ROONJIYA, 34557, 1158767, Total, 0, 0, 0, 0, 0, 0, 2950000, 2950000
2015, RAJASTHAN, 8, BANSWARA, 79, GHATOL, 1175, ROOPJI KA KHEDA, 34558, 1171852, Drinking water, 0, 0, 0, 0, 0, 0, 1000000, 1000000
2015, RAJASTHAN, 8, BANSWARA, 79, GHATOL, 1175, ROOPJI KA KHEDA, 34558, 1171852, Roads, 0, 0, 0, 0, 0, 0, 1200000, 1200000
2015, RAJASTHAN, 8, BANSWARA, 79, GHATOL, 1175, ROOPJI KA KHEDA, 34558, 1171852, Total, 0, 0, 0, 0, 0, 0, 2200000, 2200000
2015, RAJASTHAN, 8, BANSWARA, 79, GHATOL, 1175, SARONDIYA, 34559, 1158107, Agriculture, 0, 0, 0, 0, 0, 0, 2997000, 2997000
2015, RAJASTHAN, 8, BANSWARA, 79, GHATOL, 1175, SARONDIYA, 34559, 1158107, Animal husbandry, 0, 0, 0, 0, 0, 0, 140000, 140000
2015, RAJASTHAN, 8, BANSWARA, 79, GHATOL, 1175, SARONDIYA, 34559, 1158107, Drinking water, 0, 0, 0, 0, 0, 0, 650000, 650000
2015, RAJASTHAN, 8, BANSWARA, 79, GHATOL, 1175, SARONDIYA, 34559, 1158107, Land improvement, 0, 0, 0, 0, 0, 0, 2694000, 2694000
2015, RAJASTHAN, 8, BANSWARA, 79, GHATOL, 1175, SARONDIYA, 34559, 1158107, Roads, 0, 0, 0, 0, 0, 0, 6000000, 6000000
2015, RAJASTHAN, 8, BANSWARA, 79, GHATOL, 1175, SARONDIYA, 34559, 1158107, Total, 0, 0, 0, 0, 0, 0, 12481000, 12481000
2015, RAJASTHAN, 8, BANSWARA, 79, GHATOL, 1175, SAVANIYA, 34560, 1182060, Drinking water, 0, 0, 0, 0, 0, 0, 1000000, 1000000
2015, RAJASTHAN, 8, BANSWARA, 79, GHATOL, 1175, SAVANIYA, 34560, 1182060, Education, 0, 0, 0, 0, 0, 0, 800000, 800000
2015, RAJASTHAN, 8, BANSWARA, 79, GHATOL, 1175, SAVANIYA, 34560, 1182060, Roads, 0, 0, 0, 0, 0, 0, 1000000, 1000000
2015, RAJASTHAN, 8, BANSWARA, 79, GHATOL, 1175, SAVANIYA, 34560, 1182060, Total, 0, 0, 0, 0, 0, 0, 2800000, 2800000
2015, RAJASTHAN, 8, BANSWARA, 79, GHATOL, 1175, SENAWASA, 34561, 1182137, Drinking water, 0, 0, 0, 0, 0, 0, 900000, 900000
2015, RAJASTHAN, 8, BANSWARA, 79, GHATOL, 1175, SENAWASA, 34561, 1182137, Education, 0, 0, 0, 0, 0, 0, 700000, 700000
2015, RAJASTHAN, 8, BANSWARA, 79, GHATOL, 1175, SENAWASA, 34561, 1182137, Roads, 0, 0, 0, 0, 0, 0, 1400000, 1400000
2015, RAJASTHAN, 8, BANSWARA, 79, GHATOL, 1175, SENAWASA, 34561, 1182137, Total, 0, 0, 0, 0, 0, 0, 3000000, 3000000
2015, RAJASTHAN, 8, BANSWARA, 79, GHATOL, 1175, SONAMANGRI, 262176, 1181622, Drinking water, 0, 0, 0, 0, 0, 0, 750000, 750000
2015, RAJASTHAN, 8, BANSWARA, 79, GHATOL, 1175, SONAMANGRI, 262176, 1181622, Roads, 0, 0, 0, 0, 0, 0, 1050000, 1050000
2015, RAJASTHAN, 8, BANSWARA, 79, GHATOL, 1175, SONAMANGRI, 262176, 1181622, Total, 0, 0, 0, 0, 0, 0, 1800000, 1800000
2015, RAJASTHAN, 8, BANSWARA, 79, GHATOL, 1175, THIKARIYA CHANDRAWAT, 34562, 1169676, Drinking water, 0, 0, 0, 0, 0, 0, 1200000, 1200000
2015, RAJASTHAN, 8, BANSWARA, 79, GHATOL, 1175, THIKARIYA CHANDRAWAT, 34562, 1169676, Roads, 0, 0, 0, 0, 0, 0, 1000000, 1000000
2015, RAJASTHAN, 8, BANSWARA, 79, GHATOL, 1175, THIKARIYA CHANDRAWAT, 34562, 1169676, Total, 0, 0, 0, 0, 0, 0, 2200000, 2200000
2015, RAJASTHAN, 8, BANSWARA, 79, KUSHALGARH, 1176, BADWAS  CHHOTI, 34565, 1156298, Agriculture, 0, 0, 0, 0, 0, 147000, 0, 147000
2015, RAJASTHAN, 8, BANSWARA, 79, KUSHALGARH, 1176, BADWAS  CHHOTI, 34565, 1156298, Roads, 0, 0, 0, 0, 0, 392000, 0, 392000
2015, RAJASTHAN, 8, BANSWARA, 79, KUSHALGARH, 1176, BADWAS  CHHOTI, 34565, 1156298, Total, 0, 0, 0, 0, 0, 539000, 0, 539000
2015, RAJASTHAN, 8, BANSWARA, 79, KUSHALGARH, 1176, BADWAS BADI, 34564, 1157971, Agriculture, 0, 0, 0, 0, 0, 268000, 0, 268000
2015, RAJASTHAN, 8, BANSWARA, 79, KUSHALGARH, 1176, BADWAS BADI, 34564, 1157971, Total, 0, 0, 0, 0, 0, 268000, 0, 268000
2015, RAJASTHAN, 8, BANSWARA, 79, KUSHALGARH, 1176, BAGAYACHA, 262234, 1156334, Roads, 0, 0, 0, 0, 0, 777000, 0, 777000
2015, RAJASTHAN, 8, BANSWARA, 79, KUSHALGARH, 1176, BAGAYACHA, 262234, 1156334, Total, 0, 0, 0, 0, 0, 777000, 0, 777000
2015, RAJASTHAN, 8, BANSWARA, 79, KUSHALGARH, 1176, BARI SARWA, 34563, 1151349, Agriculture, 0, 0, 0, 0, 0, 70000, 0, 70000
2015, RAJASTHAN, 8, BANSWARA, 79, KUSHALGARH, 1176, BARI SARWA, 34563, 1151349, Roads, 0, 0, 0, 0, 0, 758000, 0, 758000
2015, RAJASTHAN, 8, BANSWARA, 79, KUSHALGARH, 1176, BARI SARWA, 34563, 1151349, Total, 0, 0, 0, 0, 0, 828000, 0, 828000
2015, RAJASTHAN, 8, BANSWARA, 79, KUSHALGARH, 1176, BASSI, 34566, 1157991, Agriculture, 0, 0, 0, 0, 0, 268000, 0, 268000
2015, RAJASTHAN, 8, BANSWARA, 79, KUSHALGARH, 1176, BASSI, 34566, 1157991, Total, 0, 0, 0, 0, 0, 268000, 0, 268000
2015, RAJASTHAN, 8, BANSWARA, 79, KUSHALGARH, 1176, BAWALIYA PARA, 34567, 1160618, Roads, 0, 0, 0, 0, 0, 400000, 0, 400000
2015, RAJASTHAN, 8, BANSWARA, 79, KUSHALGARH, 1176, BAWALIYA PARA, 34567, 1160618, Total, 0, 0, 0, 0, 0, 400000, 0, 400000
2015, RAJASTHAN, 8, BANSWARA, 79, KUSHALGARH, 1176, BEELIPARA, 262213, 1157301, Roads, 0, 0, 0, 0, 0, 1234000, 0, 1234000
2015, RAJASTHAN, 8, BANSWARA, 79, KUSHALGARH, 1176, BEELIPARA, 262213, 1157301, Total, 0, 0, 0, 0, 0, 1234000, 0, 1234000
2015, RAJASTHAN, 8, BANSWARA, 79, KUSHALGARH, 1176, BHAGATPURA, 34568, 1157340, Roads, 0, 0, 0, 0, 0, 618000, 0, 618000
2015, RAJASTHAN, 8, BANSWARA, 79, KUSHALGARH, 1176, BHAGATPURA, 34568, 1157340, Total, 0, 0, 0, 0, 0, 618000, 0, 618000
2015, RAJASTHAN, 8, BANSWARA, 79, KUSHALGARH, 1176, BIJORI BADI, 34569, 1156573, Roads, 0, 0, 0, 0, 0, 953000, 0, 953000
2015, RAJASTHAN, 8, BANSWARA, 79, KUSHALGARH, 1176, BIJORI BADI, 34569, 1156573, Total, 0, 0, 0, 0, 0, 953000, 0, 953000
2015, RAJASTHAN, 8, BANSWARA, 79, KUSHALGARH, 1176, CHARKANI, 34570, 1157887, Roads, 0, 0, 0, 0, 0, 1171000, 0, 1171000
2015, RAJASTHAN, 8, BANSWARA, 79, KUSHALGARH, 1176, CHARKANI, 34570, 1157887, Total, 0, 0, 0, 0, 0, 1171000, 0, 1171000
2015, RAJASTHAN, 8, BANSWARA, 79, KUSHALGARH, 1176, CHHOTI SARWA, 34571, 1157824, Roads, 0, 0, 0, 0, 0, 624000, 0, 624000
2015, RAJASTHAN, 8, BANSWARA, 79, KUSHALGARH, 1176, CHHOTI SARWA, 34571, 1157824, Total, 0, 0, 0, 0, 0, 624000, 0, 624000
2015, RAJASTHAN, 8, BANSWARA, 79, KUSHALGARH, 1176, CHOKHWARA, 34572, 1157860, Roads, 0, 0, 0, 0, 0, 480000, 0, 480000
2015, RAJASTHAN, 8, BANSWARA, 79, KUSHALGARH, 1176, CHOKHWARA, 34572, 1157860, Total, 0, 0, 0, 0, 0, 480000, 0, 480000
2015, RAJASTHAN, 8, BANSWARA, 79, KUSHALGARH, 1176, DOONGRI PARA, 34573, 1157819, Agriculture, 0, 0, 0, 0, 0, 435000, 0, 435000
2015, RAJASTHAN, 8, BANSWARA, 79, KUSHALGARH, 1176, DOONGRI PARA, 34573, 1157819, Roads, 0, 0, 0, 0, 0, 455000, 0, 455000
2015, RAJASTHAN, 8, BANSWARA, 79, KUSHALGARH, 1176, DOONGRI PARA, 34573, 1157819, Total, 0, 0, 0, 0, 0, 890000, 0, 890000
2015, RAJASTHAN, 8, BANSWARA, 79, KUSHALGARH, 1176, GHATA, 262219, 1143573, Agriculture, 0, 0, 0, 0, 0, 300000, 0, 300000
2015, RAJASTHAN, 8, BANSWARA, 79, KUSHALGARH, 1176, GHATA, 262219, 1143573, Roads, 0, 0, 0, 0, 0, 750000, 0, 750000
2015, RAJASTHAN, 8, BANSWARA, 79, KUSHALGARH, 1176, GHATA, 262219, 1143573, Total, 0, 0, 0, 0, 0, 1050000, 0, 1050000
2015, RAJASTHAN, 8, BANSWARA, 79, KUSHALGARH, 1176, GOPALPURA, 262216, 1157869, Roads, 0, 0, 0, 0, 0, 1045000, 0, 1045000
2015, RAJASTHAN, 8, BANSWARA, 79, KUSHALGARH, 1176, GOPALPURA, 262216, 1157869, Total, 0, 0, 0, 0, 0, 1045000, 0, 1045000
2015, RAJASTHAN, 8, BANSWARA, 79, KUSHALGARH, 1176, JHEEKLI, 34574, 1145041, Agriculture, 0, 0, 0, 0, 0, 686000, 0, 686000
2015, RAJASTHAN, 8, BANSWARA, 79, KUSHALGARH, 1176, JHEEKLI, 34574, 1145041, Total, 0, 0, 0, 0, 0, 686000, 0, 686000
2015, RAJASTHAN, 8, BANSWARA, 79, KUSHALGARH, 1176, KAKANWANI, 34575, 1156433, Agriculture, 0, 0, 0, 0, 0, 325000, 0, 325000
2015, RAJASTHAN, 8, BANSWARA, 79, KUSHALGARH, 1176, KAKANWANI, 34575, 1156433, Markets and fairs, 0, 0, 0, 0, 0, 125000, 0, 125000
2015, RAJASTHAN, 8, BANSWARA, 79, KUSHALGARH, 1176, KAKANWANI, 34575, 1156433, Roads, 0, 0, 0, 0, 0, 930000, 0, 930000
2015, RAJASTHAN, 8, BANSWARA, 79, KUSHALGARH, 1176, KAKANWANI, 34575, 1156433, Total, 0, 0, 0, 0, 0, 1380000, 0, 1380000
2015, RAJASTHAN, 8, BANSWARA, 79, KUSHALGARH, 1176, KALINJARA, 34576, 1156397, Roads, 0, 0, 0, 0, 0, 1010000, 0, 1010000
2015, RAJASTHAN, 8, BANSWARA, 79, KUSHALGARH, 1176, KALINJARA, 34576, 1156397, Total, 0, 0, 0, 0, 0, 1010000, 0, 1010000
2015, RAJASTHAN, 8, BANSWARA, 79, KUSHALGARH, 1176, KHAJURA, 262210, 1145011, Roads, 0, 0, 0, 0, 0, 575000, 0, 575000
2015, RAJASTHAN, 8, BANSWARA, 79, KUSHALGARH, 1176, KHAJURA, 262210, 1145011, Total, 0, 0, 0, 0, 0, 575000, 0, 575000
2015, RAJASTHAN, 8, BANSWARA, 79, KUSHALGARH, 1176, KHEDPUR, 262231, 1143589, Agriculture, 0, 0, 0, 0, 0, 230000, 0, 230000
2015, RAJASTHAN, 8, BANSWARA, 79, KUSHALGARH, 1176, KHEDPUR, 262231, 1143589, Education, 0, 0, 0, 0, 0, 100000, 0, 100000
2015, RAJASTHAN, 8, BANSWARA, 79, KUSHALGARH, 1176, KHEDPUR, 262231, 1143589, Markets and fairs, 0, 0, 0, 0, 0, 100000, 0, 100000
2015, RAJASTHAN, 8, BANSWARA, 79, KUSHALGARH, 1176, KHEDPUR, 262231, 1143589, Roads, 0, 0, 0, 0, 0, 380000, 0, 380000
2015, RAJASTHAN, 8, BANSWARA, 79, KUSHALGARH, 1176, KHEDPUR, 262231, 1143589, Social welfare, 0, 0, 0, 0, 0, 100000, 0, 100000
2015, RAJASTHAN, 8, BANSWARA, 79, KUSHALGARH, 1176, KHEDPUR, 262231, 1143589, Total, 0, 0, 0, 0, 0, 910000, 0, 910000
2015, RAJASTHAN, 8, BANSWARA, 79, KUSHALGARH, 1176, KOTRA, 34577, 1156464, Agriculture, 0, 0, 0, 0, 0, 20000, 0, 20000
2015, RAJASTHAN, 8, BANSWARA, 79, KUSHALGARH, 1176, KOTRA, 34577, 1156464, Roads, 0, 0, 0, 0, 0, 945000, 0, 945000
2015, RAJASTHAN, 8, BANSWARA, 79, KUSHALGARH, 1176, KOTRA, 34577, 1156464, Total, 0, 0, 0, 0, 0, 965000, 0, 965000
2015, RAJASTHAN, 8, BANSWARA, 79, KUSHALGARH, 1176, KUSHALAPARA, 34578, 1156489, Public distribution system, 0, 0, 0, 0, 0, 633000, 0, 633000
2015, RAJASTHAN, 8, BANSWARA, 79, KUSHALGARH, 1176, KUSHALAPARA, 34578, 1156489, Roads, 0, 0, 0, 0, 0, 347000, 0, 347000
2015, RAJASTHAN, 8, BANSWARA, 79, KUSHALGARH, 1176, KUSHALAPARA, 34578, 1156489, Total, 0, 0, 0, 0, 0, 980000, 0, 980000
2015, RAJASTHAN, 8, BANSWARA, 79, KUSHALGARH, 1176, LOHARIYA KALAN, 34579, 1157881, Agriculture, 0, 0, 0, 0, 0, 120000, 0, 120000
2015, RAJASTHAN, 8, BANSWARA, 79, KUSHALGARH, 1176, LOHARIYA KALAN, 34579, 1157881, Roads, 0, 0, 0, 0, 0, 1018000, 0, 1018000
2015, RAJASTHAN, 8, BANSWARA, 79, KUSHALGARH, 1176, LOHARIYA KALAN, 34579, 1157881, Total, 0, 0, 0, 0, 0, 1138000, 0, 1138000
2015, RAJASTHAN, 8, BANSWARA, 79, KUSHALGARH, 1176, MAHURA, 34580, 1156532, Roads, 0, 0, 0, 0, 0, 1569000, 0, 1569000
2015, RAJASTHAN, 8, BANSWARA, 79, KUSHALGARH, 1176, MAHURA, 34580, 1156532, Total, 0, 0, 0, 0, 0, 1569000, 0, 1569000
2015, RAJASTHAN, 8, BANSWARA, 79, KUSHALGARH, 1176, MOHKAMPURA, 34581, 1156548, Agriculture, 0, 0, 0, 0, 0, 300000, 0, 300000
2015, RAJASTHAN, 8, BANSWARA, 79, KUSHALGARH, 1176, MOHKAMPURA, 34581, 1156548, Roads, 0, 0, 0, 0, 0, 650000, 0, 650000
2015, RAJASTHAN, 8, BANSWARA, 79, KUSHALGARH, 1176, MOHKAMPURA, 34581, 1156548, Total, 0, 0, 0, 0, 0, 950000, 0, 950000
2015, RAJASTHAN, 8, BANSWARA, 79, KUSHALGARH, 1176, MUNDARI, 34582, 1156513, Agriculture, 0, 0, 0, 0, 0, 278000, 0, 278000
2015, RAJASTHAN, 8, BANSWARA, 79, KUSHALGARH, 1176, MUNDARI, 34582, 1156513, Roads, 0, 0, 0, 0, 0, 619000, 0, 619000
2015, RAJASTHAN, 8, BANSWARA, 79, KUSHALGARH, 1176, MUNDARI, 34582, 1156513, Total, 0, 0, 0, 0, 0, 897000, 0, 897000
2015, RAJASTHAN, 8, BANSWARA, 79, KUSHALGARH, 1176, PATAN, 34583, 1157578, Agriculture, 0, 0, 0, 0, 0, 550000, 0, 550000
2015, RAJASTHAN, 8, BANSWARA, 79, KUSHALGARH, 1176, PATAN, 34583, 1157578, Roads, 0, 0, 0, 0, 0, 703000, 0, 703000
2015, RAJASTHAN, 8, BANSWARA, 79, KUSHALGARH, 1176, PATAN, 34583, 1157578, Total, 0, 0, 0, 0, 0, 1253000, 0, 1253000
2015, RAJASTHAN, 8, BANSWARA, 79, KUSHALGARH, 1176, POTALIYA, 34584, 1157364, Agriculture, 0, 0, 0, 0, 0, 365000, 0, 365000
2015, RAJASTHAN, 8, BANSWARA, 79, KUSHALGARH, 1176, POTALIYA, 34584, 1157364, Roads, 0, 0, 0, 0, 0, 700000, 0, 700000
2015, RAJASTHAN, 8, BANSWARA, 79, KUSHALGARH, 1176, POTALIYA, 34584, 1157364, Total, 0, 0, 0, 0, 0, 1065000, 0, 1065000
2015, RAJASTHAN, 8, BANSWARA, 79, KUSHALGARH, 1176, RAMGARH, 34585, 1157999, Agriculture, 0, 0, 0, 0, 0, 268000, 0, 268000
2015, RAJASTHAN, 8, BANSWARA, 79, KUSHALGARH, 1176, RAMGARH, 34585, 1157999, Total, 0, 0, 0, 0, 0, 268000, 0, 268000
2015, RAJASTHAN, 8, BANSWARA, 79, KUSHALGARH, 1176, ROOPGARH, 262221, 1120539, Agriculture, 0, 0, 0, 0, 0, 698000, 0, 698000
2015, RAJASTHAN, 8, BANSWARA, 79, KUSHALGARH, 1176, ROOPGARH, 262221, 1120539, Roads, 0, 0, 0, 0, 0, 385000, 0, 385000
2015, RAJASTHAN, 8, BANSWARA, 79, KUSHALGARH, 1176, ROOPGARH, 262221, 1120539, Total, 0, 0, 0, 0, 0, 1083000, 0, 1083000
2015, RAJASTHAN, 8, BANSWARA, 79, KUSHALGARH, 1176, SABALPURA, 34586, 1158001, Agriculture, 0, 0, 0, 0, 0, 268000, 0, 268000
2015, RAJASTHAN, 8, BANSWARA, 79, KUSHALGARH, 1176, SABALPURA, 34586, 1158001, Total, 0, 0, 0, 0, 0, 268000, 0, 268000
2015, RAJASTHAN, 8, BANSWARA, 79, KUSHALGARH, 1176, SARAN, 34587, 1157674, Agriculture, 0, 0, 0, 0, 0, 225000, 0, 225000
2015, RAJASTHAN, 8, BANSWARA, 79, KUSHALGARH, 1176, SARAN, 34587, 1157674, Roads, 0, 0, 0, 0, 0, 1030000, 0, 1030000
2015, RAJASTHAN, 8, BANSWARA, 79, KUSHALGARH, 1176, SARAN, 34587, 1157674, Total, 0, 0, 0, 0, 0, 1255000, 0, 1255000
2015, RAJASTHAN, 8, BANSWARA, 79, KUSHALGARH, 1176, SATALIYA, 262227, 1157701, Agriculture, 0, 0, 0, 0, 0, 495000, 0, 495000
2015, RAJASTHAN, 8, BANSWARA, 79, KUSHALGARH, 1176, SATALIYA, 262227, 1157701, Roads, 0, 0, 0, 0, 0, 760000, 0, 760000
2015, RAJASTHAN, 8, BANSWARA, 79, KUSHALGARH, 1176, SATALIYA, 262227, 1157701, Total, 0, 0, 0, 0, 0, 1255000, 0, 1255000
2015, RAJASTHAN, 8, BANSWARA, 79, KUSHALGARH, 1176, SHOBHAWATI, 262241, 1157981, Agriculture, 0, 0, 0, 0, 0, 268000, 0, 268000
2015, RAJASTHAN, 8, BANSWARA, 79, KUSHALGARH, 1176, SHOBHAWATI, 262241, 1157981, Total, 0, 0, 0, 0, 0, 268000, 0, 268000
2015, RAJASTHAN, 8, BANSWARA, 79, KUSHALGARH, 1176, TEEMERA KALAN, 34588, 1158906, Agriculture, 0, 0, 0, 0, 0, 134000, 0, 134000
2015, RAJASTHAN, 8, BANSWARA, 79, KUSHALGARH, 1176, TEEMERA KALAN, 34588, 1158906, Roads, 0, 0, 0, 0, 0, 150000, 0, 150000
2015, RAJASTHAN, 8, BANSWARA, 79, KUSHALGARH, 1176, TEEMERA KALAN, 34588, 1158906, Total, 0, 0, 0, 0, 0, 284000, 0, 284000
2015, RAJASTHAN, 8, BANSWARA, 79, KUSHALGARH, 1176, THUMMATH, 34589, 1145107, Agriculture, 0, 0, 0, 0, 0, 275000, 0, 275000
2015, RAJASTHAN, 8, BANSWARA, 79, KUSHALGARH, 1176, THUMMATH, 34589, 1145107, Roads, 0, 0, 0, 0, 0, 926000, 0, 926000
2015, RAJASTHAN, 8, BANSWARA, 79, KUSHALGARH, 1176, THUMMATH, 34589, 1145107, Total, 0, 0, 0, 0, 0, 1201000, 0, 1201000
2015, RAJASTHAN, 8, BANSWARA, 79, KUSHALGARH, 1176, UKALA, 34590, 1157740, Roads, 0, 0, 0, 0, 0, 1240000, 0, 1240000
2015, RAJASTHAN, 8, BANSWARA, 79, KUSHALGARH, 1176, UKALA, 34590, 1157740, Total, 0, 0, 0, 0, 0, 1240000, 0, 1240000
2015, RAJASTHAN, 8, BANSWARA, 79, KUSHALGARH, 1176, VASOONI, 34591, 1157848, Roads, 0, 0, 0, 0, 0, 900000, 0, 900000
2015, RAJASTHAN, 8, BANSWARA, 79, KUSHALGARH, 1176, VASOONI, 34591, 1157848, Total, 0, 0, 0, 0, 0, 900000, 0, 900000
2015, RAJASTHAN, 8, BANSWARA, 79, SAJJANGARH, 1178, ANDESHWAR, 34628, 1162458, Roads, 0, 0, 0, 0, 0, 0, 470000, 470000
2015, RAJASTHAN, 8, BANSWARA, 79, SAJJANGARH, 1178, ANDESHWAR, 34628, 1162458, Total, 0, 0, 0, 0, 0, 0, 470000, 470000
2015, RAJASTHAN, 8, BANSWARA, 79, SAJJANGARH, 1178, BARVIPARA, 34629, 1180949, Drinking water, 0, 0, 0, 0, 0, 0, 120000, 120000
2015, RAJASTHAN, 8, BANSWARA, 79, SAJJANGARH, 1178, BARVIPARA, 34629, 1180949, Roads, 0, 0, 0, 0, 0, 0, 1000000, 1000000
2015, RAJASTHAN, 8, BANSWARA, 79, SAJJANGARH, 1178, BARVIPARA, 34629, 1180949, Total, 0, 0, 0, 0, 0, 0, 1120000, 1120000
2015, RAJASTHAN, 8, BANSWARA, 79, SAJJANGARH, 1178, BEELARI, 34630, 1143264, Drinking water, 0, 0, 0, 0, 0, 0, 2081000, 2081000
2015, RAJASTHAN, 8, BANSWARA, 79, SAJJANGARH, 1178, BEELARI, 34630, 1143264, Social welfare, 0, 0, 0, 0, 0, 0, 419000, 419000
2015, RAJASTHAN, 8, BANSWARA, 79, SAJJANGARH, 1178, BEELARI, 34630, 1143264, Total, 0, 0, 0, 0, 0, 0, 2500000, 2500000
2015, RAJASTHAN, 8, BANSWARA, 79, SAJJANGARH, 1178, BHOORA KUA, 34631, 1140182, Drinking water, 0, 0, 0, 0, 0, 0, 360000, 360000
2015, RAJASTHAN, 8, BANSWARA, 79, SAJJANGARH, 1178, BHOORA KUA, 34631, 1140182, Total, 0, 0, 0, 0, 0, 0, 360000, 360000
2015, RAJASTHAN, 8, BANSWARA, 79, SAJJANGARH, 1178, BHOORA KUA, 34631, 1163169, Drinking water, 0, 0, 0, 0, 0, 0, 120000, 120000
2015, RAJASTHAN, 8, BANSWARA, 79, SAJJANGARH, 1178, BHOORA KUA, 34631, 1163169, Total, 0, 0, 0, 0, 0, 0, 120000, 120000
2015, RAJASTHAN, 8, BANSWARA, 79, SAJJANGARH, 1178, DOONGRA BADA, 34632, 1162466, Roads, 0, 0, 0, 0, 0, 0, 1200000, 1200000
2015, RAJASTHAN, 8, BANSWARA, 79, SAJJANGARH, 1178, DOONGRA BADA, 34632, 1162466, Total, 0, 0, 0, 0, 0, 0, 1200000, 1200000
2015, RAJASTHAN, 8, BANSWARA, 79, SAJJANGARH, 1178, DOONGRA CHHOTA, 34633, 1162086, Drinking water, 0, 0, 0, 0, 0, 0, 540000, 540000
2015, RAJASTHAN, 8, BANSWARA, 79, SAJJANGARH, 1178, DOONGRA CHHOTA, 34633, 1162086, Roads, 0, 0, 0, 0, 0, 0, 1000000, 1000000
2015, RAJASTHAN, 8, BANSWARA, 79, SAJJANGARH, 1178, DOONGRA CHHOTA, 34633, 1162086, Total, 0, 0, 0, 0, 0, 0, 1540000, 1540000
2015, RAJASTHAN, 8, BANSWARA, 79, SAJJANGARH, 1178, GODAWARA NARENG, 34634, 1163198, Drinking water, 0, 0, 0, 0, 0, 0, 180000, 180000
2015, RAJASTHAN, 8, BANSWARA, 79, SAJJANGARH, 1178, GODAWARA NARENG, 34634, 1163198, Total, 0, 0, 0, 0, 0, 0, 180000, 180000
2015, RAJASTHAN, 8, BANSWARA, 79, SAJJANGARH, 1178, HIMMATGARH, 34635, 1142942, Drinking water, 0, 0, 0, 0, 0, 0, 240000, 240000
2015, RAJASTHAN, 8, BANSWARA, 79, SAJJANGARH, 1178, HIMMATGARH, 34635, 1142942, Total, 0, 0, 0, 0, 0, 0, 240000, 240000
2015, RAJASTHAN, 8, BANSWARA, 79, SAJJANGARH, 1178, ITALA, 34636, 1162055, Drinking water, 0, 0, 0, 0, 0, 0, 660000, 660000
2015, RAJASTHAN, 8, BANSWARA, 79, SAJJANGARH, 1178, ITALA, 34636, 1162055, Public distribution system, 0, 0, 0, 0, 0, 0, 300000, 300000
2015, RAJASTHAN, 8, BANSWARA, 79, SAJJANGARH, 1178, ITALA, 34636, 1162055, Total, 0, 0, 0, 0, 0, 0, 960000, 960000
2015, RAJASTHAN, 8, BANSWARA, 79, SAJJANGARH, 1178, JALIMPURA, 34637, 1163029, Drinking water, 0, 0, 0, 0, 0, 0, 480000, 480000
2015, RAJASTHAN, 8, BANSWARA, 79, SAJJANGARH, 1178, JALIMPURA, 34637, 1163029, Total, 0, 0, 0, 0, 0, 0, 480000, 480000
2015, RAJASTHAN, 8, BANSWARA, 79, SAJJANGARH, 1178, KASARWARI, 34638, 1180981, Drinking water, 0, 0, 0, 0, 0, 0, 120000, 120000
2015, RAJASTHAN, 8, BANSWARA, 79, SAJJANGARH, 1178, KASARWARI, 34638, 1180981, Roads, 0, 0, 0, 0, 0, 0, 300000, 300000
2015, RAJASTHAN, 8, BANSWARA, 79, SAJJANGARH, 1178, KASARWARI, 34638, 1180981, Total, 0, 0, 0, 0, 0, 0, 420000, 420000
2015, RAJASTHAN, 8, BANSWARA, 79, SAJJANGARH, 1178, KHOONTA CHATRA, 34639, 1181003, Drinking water, 0, 0, 0, 0, 0, 0, 120000, 120000
2015, RAJASTHAN, 8, BANSWARA, 79, SAJJANGARH, 1178, KHOONTA CHATRA, 34639, 1181003, Roads, 0, 0, 0, 0, 0, 0, 300000, 300000
2015, RAJASTHAN, 8, BANSWARA, 79, SAJJANGARH, 1178, KHOONTA CHATRA, 34639, 1181003, Total, 0, 0, 0, 0, 0, 0, 420000, 420000
2015, RAJASTHAN, 8, BANSWARA, 79, SAJJANGARH, 1178, KHOONTA JEEVA, 34640, 1139961, Roads, 0, 0, 0, 0, 0, 0, 700000, 700000
2015, RAJASTHAN, 8, BANSWARA, 79, SAJJANGARH, 1178, KHOONTA JEEVA, 34640, 1139961, Total, 0, 0, 0, 0, 0, 0, 700000, 700000
2015, RAJASTHAN, 8, BANSWARA, 79, SAJJANGARH, 1178, KHUNDANI HALA, 34641, 1139963, Roads, 0, 0, 0, 0, 0, 0, 981000, 981000
2015, RAJASTHAN, 8, BANSWARA, 79, SAJJANGARH, 1178, KHUNDANI HALA, 34641, 1139963, Total, 0, 0, 0, 0, 0, 0, 981000, 981000
2015, RAJASTHAN, 8, BANSWARA, 79, SAJJANGARH, 1178, MACHARA SATH, 34642, 1149781, Drinking water, 0, 0, 0, 0, 0, 0, 1860000, 1860000
2015, RAJASTHAN, 8, BANSWARA, 79, SAJJANGARH, 1178, MACHARA SATH, 34642, 1149781, Roads, 0, 0, 0, 0, 0, 0, 100000, 100000
2015, RAJASTHAN, 8, BANSWARA, 79, SAJJANGARH, 1178, MACHARA SATH, 34642, 1149781, Total, 0, 0, 0, 0, 0, 0, 1960000, 1960000
2015, RAJASTHAN, 8, BANSWARA, 79, SAJJANGARH, 1178, MAGARDA  DAMRA SATH, 34643, 1163140, Drinking water, 0, 0, 0, 0, 0, 0, 600000, 600000
2015, RAJASTHAN, 8, BANSWARA, 79, SAJJANGARH, 1178, MAGARDA  DAMRA SATH, 34643, 1163140, Total, 0, 0, 0, 0, 0, 0, 600000, 600000
2015, RAJASTHAN, 8, BANSWARA, 79, SAJJANGARH, 1178, MAHUDI, 262070, 1181018, Drinking water, 0, 0, 0, 0, 0, 0, 60000, 60000
2015, RAJASTHAN, 8, BANSWARA, 79, SAJJANGARH, 1178, MAHUDI, 262070, 1181018, Roads, 0, 0, 0, 0, 0, 0, 600000, 600000
2015, RAJASTHAN, 8, BANSWARA, 79, SAJJANGARH, 1178, MAHUDI, 262070, 1181018, Total, 0, 0, 0, 0, 0, 0, 660000, 660000
2015, RAJASTHAN, 8, BANSWARA, 79, SAJJANGARH, 1178, MAHURI, 34644, 1181183, Drinking water, 0, 0, 0, 0, 0, 0, 60000, 60000
2015, RAJASTHAN, 8, BANSWARA, 79, SAJJANGARH, 1178, MAHURI, 34644, 1181183, Roads, 0, 0, 0, 0, 0, 0, 500000, 500000
2015, RAJASTHAN, 8, BANSWARA, 79, SAJJANGARH, 1178, MAHURI, 34644, 1181183, Total, 0, 0, 0, 0, 0, 0, 560000, 560000
2015, RAJASTHAN, 8, BANSWARA, 79, SAJJANGARH, 1178, MASKA  KALAN, 34645, 1160090, Drinking water, 0, 0, 0, 0, 0, 0, 600000, 600000
2015, RAJASTHAN, 8, BANSWARA, 79, SAJJANGARH, 1178, MASKA  KALAN, 34645, 1160090, Total, 0, 0, 0, 0, 0, 0, 600000, 600000
2015, RAJASTHAN, 8, BANSWARA, 79, SAJJANGARH, 1178, MUNIYA KHOONTA, 34646, 1139958, Roads, 0, 0, 0, 0, 0, 0, 1050000, 1050000
2015, RAJASTHAN, 8, BANSWARA, 79, SAJJANGARH, 1178, MUNIYA KHOONTA, 34646, 1139958, Total, 0, 0, 0, 0, 0, 0, 1050000, 1050000
2015, RAJASTHAN, 8, BANSWARA, 79, SAJJANGARH, 1178, MUNIYA KHOONTA, 34646, 1160600, Drinking water, 0, 0, 0, 0, 0, 0, 960000, 960000
2015, RAJASTHAN, 8, BANSWARA, 79, SAJJANGARH, 1178, MUNIYA KHOONTA, 34646, 1160600, Total, 0, 0, 0, 0, 0, 0, 960000, 960000
2015, RAJASTHAN, 8, BANSWARA, 79, SAJJANGARH, 1178, NAWAGAON, 262909, 1247269, Drinking water, 0, 0, 0, 0, 0, 0, 600000, 600000
2015, RAJASTHAN, 8, BANSWARA, 79, SAJJANGARH, 1178, NAWAGAON, 262909, 1247269, Roads, 0, 0, 0, 0, 0, 0, 1000000, 1000000
2015, RAJASTHAN, 8, BANSWARA, 79, SAJJANGARH, 1178, NAWAGAON, 262909, 1247269, Total, 0, 0, 0, 0, 0, 0, 1600000, 1600000
2015, RAJASTHAN, 8, BANSWARA, 79, SAJJANGARH, 1178, PALI BADI, 34647, 1181231, Drinking water, 0, 0, 0, 0, 0, 0, 60000, 60000
2015, RAJASTHAN, 8, BANSWARA, 79, SAJJANGARH, 1178, PALI BADI, 34647, 1181231, Roads, 0, 0, 0, 0, 0, 0, 800000, 800000
2015, RAJASTHAN, 8, BANSWARA, 79, SAJJANGARH, 1178, PALI BADI, 34647, 1181231, Total, 0, 0, 0, 0, 0, 0, 860000, 860000
2015, RAJASTHAN, 8, BANSWARA, 79, SAJJANGARH, 1178, RATH DHAN RAJ, 34648, 1162469, Drinking water, 0, 0, 0, 0, 0, 0, 50000, 50000
2015, RAJASTHAN, 8, BANSWARA, 79, SAJJANGARH, 1178, RATH DHAN RAJ, 34648, 1162469, Roads, 0, 0, 0, 0, 0, 0, 391000, 391000
2015, RAJASTHAN, 8, BANSWARA, 79, SAJJANGARH, 1178, RATH DHAN RAJ, 34648, 1162469, Total, 0, 0, 0, 0, 0, 0, 441000, 441000
2015, RAJASTHAN, 8, BANSWARA, 79, SAJJANGARH, 1178, ROHNIYA LAXMAN SINGH, 34649, 1139964, Roads, 0, 0, 0, 0, 0, 0, 500000, 500000
2015, RAJASTHAN, 8, BANSWARA, 79, SAJJANGARH, 1178, ROHNIYA LAXMAN SINGH, 34649, 1139964, Total, 0, 0, 0, 0, 0, 0, 500000, 500000
2015, RAJASTHAN, 8, BANSWARA, 79, SAJJANGARH, 1178, SAGWA, 34650, 1139957, Roads, 0, 0, 0, 0, 0, 0, 600000, 600000
2015, RAJASTHAN, 8, BANSWARA, 79, SAJJANGARH, 1178, SAGWA, 34650, 1139957, Total, 0, 0, 0, 0, 0, 0, 600000, 600000
2015, RAJASTHAN, 8, BANSWARA, 79, SAJJANGARH, 1178, SAGWA, 34650, 1162468, Drinking water, 0, 0, 0, 0, 0, 0, 2040000, 2040000
2015, RAJASTHAN, 8, BANSWARA, 79, SAJJANGARH, 1178, SAGWA, 34650, 1162468, Total, 0, 0, 0, 0, 0, 0, 2040000, 2040000
2015, RAJASTHAN, 8, BANSWARA, 79, SAJJANGARH, 1178, SAJJANGARH, 34651, 1163489, Public distribution system, 0, 0, 0, 0, 0, 0, 100000, 100000
2015, RAJASTHAN, 8, BANSWARA, 79, SAJJANGARH, 1178, SAJJANGARH, 34651, 1163489, Roads, 0, 0, 0, 0, 0, 0, 100000, 100000
2015, RAJASTHAN, 8, BANSWARA, 79, SAJJANGARH, 1178, SAJJANGARH, 34651, 1163489, Total, 0, 0, 0, 0, 0, 0, 200000, 200000
2015, RAJASTHAN, 8, BANSWARA, 79, SAJJANGARH, 1178, SATSERA KHURD, 34652, 1140191, Drinking water, 0, 0, 0, 0, 0, 0, 360000, 360000
2015, RAJASTHAN, 8, BANSWARA, 79, SAJJANGARH, 1178, SATSERA KHURD, 34652, 1140191, Total, 0, 0, 0, 0, 0, 0, 360000, 360000
2015, RAJASTHAN, 8, BANSWARA, 79, SAJJANGARH, 1178, SHAKKARWARA, 34653, 1159666, Drinking water, 0, 0, 0, 0, 0, 0, 960000, 960000
2015, RAJASTHAN, 8, BANSWARA, 79, SAJJANGARH, 1178, SHAKKARWARA, 34653, 1159666, Total, 0, 0, 0, 0, 0, 0, 960000, 960000
2015, RAJASTHAN, 8, BANSWARA, 79, SAJJANGARH, 1178, TAMBESRA, 34654, 1139956, Drinking water, 0, 0, 0, 0, 0, 0, 680000, 680000
2015, RAJASTHAN, 8, BANSWARA, 79, SAJJANGARH, 1178, TAMBESRA, 34654, 1139956, Public distribution system, 0, 0, 0, 0, 0, 0, 200000, 200000
2015, RAJASTHAN, 8, BANSWARA, 79, SAJJANGARH, 1178, TAMBESRA, 34654, 1139956, Roads, 0, 0, 0, 0, 0, 0, 500000, 500000
2015, RAJASTHAN, 8, BANSWARA, 79, SAJJANGARH, 1178, TAMBESRA, 34654, 1139956, Total, 0, 0, 0, 0, 0, 0, 1380000, 1380000
2015, RAJASTHAN, 8, BANSWARA, 79, SAJJANGARH, 1178, TAMBESRA, 34654, 1163174, Drinking water, 0, 0, 0, 0, 0, 0, 240000, 240000
2015, RAJASTHAN, 8, BANSWARA, 79, SAJJANGARH, 1178, TAMBESRA, 34654, 1163174, Total, 0, 0, 0, 0, 0, 0, 240000, 240000
2015, RAJASTHAN, 8, BANSWARA, 79, SAJJANGARH, 1178, TANDA MANGLA, 34655, 1148426, Drinking water, 0, 0, 0, 0, 0, 0, 60000, 60000
2015, RAJASTHAN, 8, BANSWARA, 79, SAJJANGARH, 1178, TANDA MANGLA, 34655, 1148426, Total, 0, 0, 0, 0, 0, 0, 485000, 485000
2015, RAJASTHAN, 8, BANSWARA, 79, SAJJANGARH, 1178, TANDA MANGLA, 34655, 1148426, Women and child development, 0, 0, 0, 0, 0, 0, 425000, 425000
2015, RAJASTHAN, 8, BANSWARA, 79, SAJJANGARH, 1178, TANDA MANGLA, 34655, 1159969, Drinking water, 0, 0, 0, 0, 0, 0, 780000, 780000
2015, RAJASTHAN, 8, BANSWARA, 79, SAJJANGARH, 1178, TANDA MANGLA, 34655, 1159969, Total, 0, 0, 0, 0, 0, 0, 780000, 780000
2015, RAJASTHAN, 8, BANSWARA, 79, SAJJANGARH, 1178, TANDA RATNA, 34656, 1181260, Drinking water, 0, 0, 0, 0, 0, 0, 60000, 60000
2015, RAJASTHAN, 8, BANSWARA, 79, SAJJANGARH, 1178, TANDA RATNA, 34656, 1181260, Roads, 0, 0, 0, 0, 0, 0, 800000, 800000
2015, RAJASTHAN, 8, BANSWARA, 79, SAJJANGARH, 1178, TANDA RATNA, 34656, 1181260, Total, 0, 0, 0, 0, 0, 0, 860000, 860000
2015, RAJASTHAN, 8, BANSWARA, 79, SAJJANGARH, 1178, TANDI BADI, 34657, 1162451, Drinking water, 0, 0, 0, 0, 0, 0, 360000, 360000
2015, RAJASTHAN, 8, BANSWARA, 79, SAJJANGARH, 1178, TANDI BADI, 34657, 1162451, Total, 0, 0, 0, 0, 0, 0, 360000, 360000
2015, RAJASTHAN, 8, BANSWARA, 79, SAJJANGARH, 1178, TIMBAMAHUDI, 262072, 1148421, Drinking water, 0, 0, 0, 0, 0, 0, 420000, 420000
2015, RAJASTHAN, 8, BANSWARA, 79, SAJJANGARH, 1178, TIMBAMAHUDI, 262072, 1148421, Roads, 0, 0, 0, 0, 0, 0, 662000, 662000
2015, RAJASTHAN, 8, BANSWARA, 79, SAJJANGARH, 1178, TIMBAMAHUDI, 262072, 1148421, Total, 0, 0, 0, 0, 0, 0, 1082000, 1082000
2015, RAJASTHAN, 8, BANSWARA, 79, TALWARA, 262588, BADGAOV, 34403, 1139282, Roads, 0, 0, 0, 0, 0, 0, 400000, 400000
2015, RAJASTHAN, 8, BANSWARA, 79, TALWARA, 262588, BADGAOV, 34403, 1139282, Total, 0, 0, 0, 0, 0, 0, 400000, 400000
2015, RAJASTHAN, 8, BANSWARA, 79, TALWARA, 262588, BHACHADIYA, 34406, 1139270, Roads, 0, 0, 0, 0, 0, 0, 1000000, 1000000
2015, RAJASTHAN, 8, BANSWARA, 79, TALWARA, 262588, BHACHADIYA, 34406, 1139270, Total, 0, 0, 0, 0, 0, 0, 1000000, 1000000
2015, RAJASTHAN, 8, BANSWARA, 79, TALWARA, 262588, BORWAT, 34411, 1139926, Roads, 0, 0, 0, 0, 0, 0, 850000, 850000
2015, RAJASTHAN, 8, BANSWARA, 79, TALWARA, 262588, BORWAT, 34411, 1139926, Social welfare, 0, 0, 0, 0, 0, 0, 500000, 500000
2015, RAJASTHAN, 8, BANSWARA, 79, TALWARA, 262588, BORWAT, 34411, 1139926, Total, 0, 0, 0, 0, 0, 0, 1350000, 1350000
2015, RAJASTHAN, 8, BANSWARA, 79, TALWARA, 262588, CHIDIYAWASA, 34414, 1143697, Roads, 0, 0, 0, 0, 0, 0, 1475000, 1475000
2015, RAJASTHAN, 8, BANSWARA, 79, TALWARA, 262588, CHIDIYAWASA, 34414, 1143697, Total, 0, 0, 0, 0, 0, 0, 1475000, 1475000
2015, RAJASTHAN, 8, BANSWARA, 79, TALWARA, 262588, DEVALIYA, 34416, 1143702, Education, 0, 0, 0, 0, 0, 0, 100000, 100000
2015, RAJASTHAN, 8, BANSWARA, 79, TALWARA, 262588, DEVALIYA, 34416, 1143702, Roads, 0, 0, 0, 0, 0, 0, 2261550, 2261550
2015, RAJASTHAN, 8, BANSWARA, 79, TALWARA, 262588, DEVALIYA, 34416, 1143702, Sanitation, 0, 0, 0, 0, 0, 0, 325000, 325000
2015, RAJASTHAN, 8, BANSWARA, 79, TALWARA, 262588, DEVALIYA, 34416, 1143702, Total, 0, 0, 0, 0, 0, 0, 2686550, 2686550
2015, RAJASTHAN, 8, BANSWARA, 79, TALWARA, 262588, GAMDI, 34417, 1145096, Rural electrification, 0, 0, 0, 0, 0, 0, 1000000, 1000000
2015, RAJASTHAN, 8, BANSWARA, 79, TALWARA, 262588, GAMDI, 34417, 1145096, Sanitation, 0, 0, 0, 0, 0, 0, 500000, 500000
2015, RAJASTHAN, 8, BANSWARA, 79, TALWARA, 262588, GAMDI, 34417, 1145096, Total, 0, 0, 0, 0, 0, 0, 1500000, 1500000
2015, RAJASTHAN, 8, BANSWARA, 79, TALWARA, 262588, GHALKIYA, 34419, 1145963, Education, 0, 0, 0, 0, 0, 0, 600000, 600000
2015, RAJASTHAN, 8, BANSWARA, 79, TALWARA, 262588, GHALKIYA, 34419, 1145963, Roads, 0, 0, 0, 0, 0, 0, 5400000, 5400000
2015, RAJASTHAN, 8, BANSWARA, 79, TALWARA, 262588, GHALKIYA, 34419, 1145963, Rural electrification, 0, 0, 0, 0, 0, 0, 1200000, 1200000
2015, RAJASTHAN, 8, BANSWARA, 79, TALWARA, 262588, GHALKIYA, 34419, 1145963, Sanitation, 0, 0, 0, 0, 0, 0, 200000, 200000
2015, RAJASTHAN, 8, BANSWARA, 79, TALWARA, 262588, GHALKIYA, 34419, 1145963, Total, 0, 0, 0, 0, 0, 0, 7400000, 7400000
2015, RAJASTHAN, 8, BANSWARA, 79, TALWARA, 262588, JHANTLA, 34420, 1146011, Roads, 0, 0, 0, 0, 0, 0, 250000, 250000
2015, RAJASTHAN, 8, BANSWARA, 79, TALWARA, 262588, JHANTLA, 34420, 1146011, Rural electrification, 0, 0, 0, 0, 0, 0, 500000, 500000
2015, RAJASTHAN, 8, BANSWARA, 79, TALWARA, 262588, JHANTLA, 34420, 1146011, Total, 0, 0, 0, 0, 0, 0, 750000, 750000
2015, RAJASTHAN, 8, BANSWARA, 79, TALWARA, 262588, KUNWALA WITH WANTA, 34428, 1145979, Drinking water, 0, 0, 0, 0, 0, 0, 750000, 750000
2015, RAJASTHAN, 8, BANSWARA, 79, TALWARA, 262588, KUNWALA WITH WANTA, 34428, 1145979, Roads, 0, 0, 0, 0, 0, 0, 3350000, 3350000
2015, RAJASTHAN, 8, BANSWARA, 79, TALWARA, 262588, KUNWALA WITH WANTA, 34428, 1145979, Rural electrification, 0, 0, 0, 0, 0, 0, 400000, 400000
2015, RAJASTHAN, 8, BANSWARA, 79, TALWARA, 262588, KUNWALA WITH WANTA, 34428, 1145979, Sanitation, 0, 0, 0, 0, 0, 0, 50000, 50000
2015, RAJASTHAN, 8, BANSWARA, 79, TALWARA, 262588, KUNWALA WITH WANTA, 34428, 1145979, Social welfare, 0, 0, 0, 0, 0, 0, 650000, 650000
2015, RAJASTHAN, 8, BANSWARA, 79, TALWARA, 262588, KUNWALA WITH WANTA, 34428, 1145979, Total, 0, 0, 0, 0, 0, 0, 5200000, 5200000
2015, RAJASTHAN, 8, BANSWARA, 79, TALWARA, 262588, KUPDA, 34430, 1145992, Agriculture, 0, 0, 0, 0, 0, 0, 1700000, 1700000
2015, RAJASTHAN, 8, BANSWARA, 79, TALWARA, 262588, KUPDA, 34430, 1145992, Education, 0, 0, 0, 0, 0, 0, 500000, 500000
2015, RAJASTHAN, 8, BANSWARA, 79, TALWARA, 262588, KUPDA, 34430, 1145992, Maintenance of community system, 0, 0, 0, 0, 0, 0, 400000, 400000
2015, RAJASTHAN, 8, BANSWARA, 79, TALWARA, 262588, KUPDA, 34430, 1145992, Roads, 0, 0, 0, 0, 0, 0, 2850000, 2850000
2015, RAJASTHAN, 8, BANSWARA, 79, TALWARA, 262588, KUPDA, 34430, 1145992, Social welfare, 0, 0, 0, 0, 0, 0, 250000, 250000
2015, RAJASTHAN, 8, BANSWARA, 79, TALWARA, 262588, KUPDA, 34430, 1145992, Total, 0, 0, 0, 0, 0, 0, 5700000, 5700000
2015, RAJASTHAN, 8, BANSWARA, 79, TALWARA, 262588, KUSHALPURA, 34431, 1145999, Cultural activities, 0, 0, 0, 0, 0, 0, 300000, 300000
2015, RAJASTHAN, 8, BANSWARA, 79, TALWARA, 262588, KUSHALPURA, 34431, 1145999, Drinking water, 0, 0, 0, 0, 0, 0, 850000, 850000
2015, RAJASTHAN, 8, BANSWARA, 79, TALWARA, 262588, KUSHALPURA, 34431, 1145999, Roads, 0, 0, 0, 0, 0, 0, 1890000, 1890000
2015, RAJASTHAN, 8, BANSWARA, 79, TALWARA, 262588, KUSHALPURA, 34431, 1145999, Sanitation, 0, 0, 0, 0, 0, 0, 550000, 550000
2015, RAJASTHAN, 8, BANSWARA, 79, TALWARA, 262588, KUSHALPURA, 34431, 1145999, Social welfare, 0, 0, 0, 0, 0, 0, 250000, 250000
2015, RAJASTHAN, 8, BANSWARA, 79, TALWARA, 262588, KUSHALPURA, 34431, 1145999, Total, 0, 0, 0, 0, 0, 0, 3840000, 3840000
2015, RAJASTHAN, 8, BANSWARA, 79, TALWARA, 262588, LODHA, 34433, 1146004, Drinking water, 0, 0, 0, 0, 0, 0, 1400000, 1400000
2015, RAJASTHAN, 8, BANSWARA, 79, TALWARA, 262588, LODHA, 34433, 1146004, Roads, 0, 0, 0, 0, 0, 0, 1550000, 1550000
2015, RAJASTHAN, 8, BANSWARA, 79, TALWARA, 262588, LODHA, 34433, 1146004, Sanitation, 0, 0, 0, 0, 0, 0, 300000, 300000
2015, RAJASTHAN, 8, BANSWARA, 79, TALWARA, 262588, LODHA, 34433, 1146004, Social welfare, 0, 0, 0, 0, 0, 0, 110000, 110000
2015, RAJASTHAN, 8, BANSWARA, 79, TALWARA, 262588, LODHA, 34433, 1146004, Total, 0, 0, 0, 0, 0, 0, 3360000, 3360000
2015, RAJASTHAN, 8, BANSWARA, 79, TALWARA, 262588, MAKOD, 34435, 1146028, Drinking water, 0, 0, 0, 0, 0, 0, 400000, 400000
2015, RAJASTHAN, 8, BANSWARA, 79, TALWARA, 262588, MAKOD, 34435, 1146028, Total, 0, 0, 0, 0, 0, 0, 400000, 400000
2015, RAJASTHAN, 8, BANSWARA, 79, TALWARA, 262588, MALWASA, 262271, 1146201, Drinking water, 0, 0, 0, 0, 0, 0, 1100000, 1100000
2015, RAJASTHAN, 8, BANSWARA, 79, TALWARA, 262588, MALWASA, 262271, 1146201, Education, 0, 0, 0, 0, 0, 0, 250000, 250000
2015, RAJASTHAN, 8, BANSWARA, 79, TALWARA, 262588, MALWASA, 262271, 1146201, Roads, 0, 0, 0, 0, 0, 0, 800000, 800000
2015, RAJASTHAN, 8, BANSWARA, 79, TALWARA, 262588, MALWASA, 262271, 1146201, Total, 0, 0, 0, 0, 0, 0, 2150000, 2150000
2015, RAJASTHAN, 8, BANSWARA, 79, TALWARA, 262588, MASOTIYA, 34436, 1146030, Roads, 0, 0, 0, 0, 0, 0, 950000, 950000
2015, RAJASTHAN, 8, BANSWARA, 79, TALWARA, 262588, MASOTIYA, 34436, 1146030, Rural electrification, 0, 0, 0, 0, 0, 0, 500000, 500000
2015, RAJASTHAN, 8, BANSWARA, 79, TALWARA, 262588, MASOTIYA, 34436, 1146030, Social welfare, 0, 0, 0, 0, 0, 0, 500000, 500000
2015, RAJASTHAN, 8, BANSWARA, 79, TALWARA, 262588, MASOTIYA, 34436, 1146030, Total, 0, 0, 0, 0, 0, 0, 1950000, 1950000
2015, RAJASTHAN, 8, BANSWARA, 79, TALWARA, 262588, SAGDOD, 34441, 1146035, Cultural activities, 0, 0, 0, 0, 0, 0, 100000, 100000
2015, RAJASTHAN, 8, BANSWARA, 79, TALWARA, 262588, SAGDOD, 34441, 1146035, Drinking water, 0, 0, 0, 0, 0, 0, 1000000, 1000000
2015, RAJASTHAN, 8, BANSWARA, 79, TALWARA, 262588, SAGDOD, 34441, 1146035, Education, 0, 0, 0, 0, 0, 0, 150000, 150000
2015, RAJASTHAN, 8, BANSWARA, 79, TALWARA, 262588, SAGDOD, 34441, 1146035, Roads, 0, 0, 0, 0, 0, 0, 2600000, 2600000
2015, RAJASTHAN, 8, BANSWARA, 79, TALWARA, 262588, SAGDOD, 34441, 1146035, Rural electrification, 0, 0, 0, 0, 0, 0, 900000, 900000
2015, RAJASTHAN, 8, BANSWARA, 79, TALWARA, 262588, SAGDOD, 34441, 1146035, Social welfare, 0, 0, 0, 0, 0, 0, 200000, 200000
2015, RAJASTHAN, 8, BANSWARA, 79, TALWARA, 262588, SAGDOD, 34441, 1146035, Total, 0, 0, 0, 0, 0, 0, 5432000, 5432000
2015, RAJASTHAN, 8, BANSWARA, 79, TALWARA, 262588, SAGDOD, 34441, 1146035, Women and child development, 0, 0, 0, 0, 0, 0, 482000, 482000
2015, RAJASTHAN, 8, BANSWARA, 79, TALWARA, 262588, SEWNA, 34444, 1146040, Education, 0, 0, 0, 0, 0, 0, 440000, 440000
2015, RAJASTHAN, 8, BANSWARA, 79, TALWARA, 262588, SEWNA, 34444, 1146040, Roads, 0, 0, 0, 0, 0, 0, 3200000, 3200000
2015, RAJASTHAN, 8, BANSWARA, 79, TALWARA, 262588, SEWNA, 34444, 1146040, Total, 0, 0, 0, 0, 0, 0, 3640000, 3640000
2015, RAJASTHAN, 8, BANSWARA, 79, TALWARA, 262588, SUNDANPUR, 34447, 1146046, Drinking water, 0, 0, 0, 0, 0, 0, 350000, 350000
2015, RAJASTHAN, 8, BANSWARA, 79, TALWARA, 262588, SUNDANPUR, 34447, 1146046, Education, 0, 0, 0, 0, 0, 0, 1500000, 1500000
2015, RAJASTHAN, 8, BANSWARA, 79, TALWARA, 262588, SUNDANPUR, 34447, 1146046, Roads, 0, 0, 0, 0, 0, 0, 1500000, 1500000
2015, RAJASTHAN, 8, BANSWARA, 79, TALWARA, 262588, SUNDANPUR, 34447, 1146046, Sanitation, 0, 0, 0, 0, 0, 0, 100000, 100000
2015, RAJASTHAN, 8, BANSWARA, 79, TALWARA, 262588, SUNDANPUR, 34447, 1146046, Total, 0, 0, 0, 0, 0, 0, 3450000, 3450000
2015, RAJASTHAN, 8, BANSWARA, 79, TALWARA, 262588, SURPUR, 34446, 1146048, Cultural activities, 0, 0, 0, 0, 0, 0, 250000, 250000
2015, RAJASTHAN, 8, BANSWARA, 79, TALWARA, 262588, SURPUR, 34446, 1146048, Education, 0, 0, 0, 0, 0, 0, 1300000, 1300000
2015, RAJASTHAN, 8, BANSWARA, 79, TALWARA, 262588, SURPUR, 34446, 1146048, Roads, 0, 0, 0, 0, 0, 0, 1200000, 1200000
2015, RAJASTHAN, 8, BANSWARA, 79, TALWARA, 262588, SURPUR, 34446, 1146048, Sanitation, 0, 0, 0, 0, 0, 0, 80000, 80000
2015, RAJASTHAN, 8, BANSWARA, 79, TALWARA, 262588, SURPUR, 34446, 1146048, Social welfare, 0, 0, 0, 0, 0, 0, 550000, 550000
2015, RAJASTHAN, 8, BANSWARA, 79, TALWARA, 262588, SURPUR, 34446, 1146048, Total, 0, 0, 0, 0, 0, 0, 3860000, 3860000
2015, RAJASTHAN, 8, BANSWARA, 79, TALWARA, 262588, SURPUR, 34446, 1146048, Women and child development, 0, 0, 0, 0, 0, 0, 480000, 480000
2015, RAJASTHAN, 8, BANSWARA, 79, TALWARA, 262588, TALWARA, 34449, 1146053, Roads, 0, 0, 0, 0, 0, 0, 7300000, 7300000
2015, RAJASTHAN, 8, BANSWARA, 79, TALWARA, 262588, TALWARA, 34449, 1146053, Rural electrification, 0, 0, 0, 0, 0, 0, 1000000, 1000000
2015, RAJASTHAN, 8, BANSWARA, 79, TALWARA, 262588, TALWARA, 34449, 1146053, Sanitation, 0, 0, 0, 0, 0, 0, 905000, 905000
2015, RAJASTHAN, 8, BANSWARA, 79, TALWARA, 262588, TALWARA, 34449, 1146053, Social welfare, 0, 0, 0, 0, 0, 0, 41000, 41000
2015, RAJASTHAN, 8, BANSWARA, 79, TALWARA, 262588, TALWARA, 34449, 1146053, Total, 0, 0, 0, 0, 0, 0, 9246000, 9246000
2015, RAJASTHAN, 8, BANSWARA, 79, TALWARA, 262588, TAMATIYA, 34450, 1146161, Cultural activities, 0, 0, 0, 0, 0, 0, 200000, 200000
2015, RAJASTHAN, 8, BANSWARA, 79, TALWARA, 262588, TAMATIYA, 34450, 1146161, Roads, 0, 0, 0, 0, 0, 0, 96000, 96000
2015, RAJASTHAN, 8, BANSWARA, 79, TALWARA, 262588, TAMATIYA, 34450, 1146161, Sanitation, 0, 0, 0, 0, 0, 0, 450000, 450000
2015, RAJASTHAN, 8, BANSWARA, 79, TALWARA, 262588, TAMATIYA, 34450, 1146161, Social welfare, 0, 0, 0, 0, 0, 0, 550000, 550000
2015, RAJASTHAN, 8, BANSWARA, 79, TALWARA, 262588, TAMATIYA, 34450, 1146161, Total, 0, 0, 0, 0, 0, 0, 1296000, 1296000
2015, RAJASTHAN, 8, BANSWARA, 79, TALWARA, 262588, TEJPUR, 34451, 1146162, Drinking water, 0, 0, 0, 0, 0, 0, 1500000, 1500000
2015, RAJASTHAN, 8, BANSWARA, 79, TALWARA, 262588, TEJPUR, 34451, 1146162, Education, 0, 0, 0, 0, 0, 0, 100000, 100000
2015, RAJASTHAN, 8, BANSWARA, 79, TALWARA, 262588, TEJPUR, 34451, 1146162, Roads, 0, 0, 0, 0, 0, 0, 1200000, 1200000
2015, RAJASTHAN, 8, BANSWARA, 79, TALWARA, 262588, TEJPUR, 34451, 1146162, Total, 0, 0, 0, 0, 0, 0, 2800000, 2800000
2015, RAJASTHAN, 8, BANSWARA, 79, TALWARA, 262588, UMRAI, 34453, 1146171, Roads, 0, 0, 0, 0, 0, 0, 1000000, 1000000
2015, RAJASTHAN, 8, BANSWARA, 79, TALWARA, 262588, UMRAI, 34453, 1146171, Total, 0, 0, 0, 0, 0, 0, 1000000, 1000000
2015, RAJASTHAN, 8, BARAN, 80, ANTA, 1179, AMALSARA, 34658, 1317526, Drinking water, 0, 0, 0, 0, 0, 0, 50000, 50000
2015, RAJASTHAN, 8, BARAN, 80, ANTA, 1179, AMALSARA, 34658, 1317526, Land improvement, 0, 0, 0, 0, 0, 0, 1466646, 1466646
2015, RAJASTHAN, 8, BARAN, 80, ANTA, 1179, AMALSARA, 34658, 1317526, Maintenance of community system, 0, 0, 0, 0, 0, 0, 123576, 123576
2015, RAJASTHAN, 8, BARAN, 80, ANTA, 1179, AMALSARA, 34658, 1317526, Roads, 0, 0, 0, 0, 0, 0, 400000, 400000
2015, RAJASTHAN, 8, BARAN, 80, ANTA, 1179, AMALSARA, 34658, 1317526, Total, 0, 0, 0, 0, 0, 0, 2040222, 2040222
2015, RAJASTHAN, 8, BARAN, 80, ANTA, 1179, BALA KHERA, 34659, 1317542, Land improvement, 0, 0, 0, 0, 0, 0, 3520933, 3520933
2015, RAJASTHAN, 8, BARAN, 80, ANTA, 1179, BALA KHERA, 34659, 1317542, Roads, 0, 0, 0, 0, 0, 0, 600000, 600000
2015, RAJASTHAN, 8, BARAN, 80, ANTA, 1179, BALA KHERA, 34659, 1317542, Total, 0, 0, 0, 0, 0, 0, 4120933, 4120933
2015, RAJASTHAN, 8, BARAN, 80, ANTA, 1179, BALDARA, 34660, 1317560, Administrative & Technical Support, 0, 0, 0, 0, 0, 0, 229038, 229038
2015, RAJASTHAN, 8, BARAN, 80, ANTA, 1179, BALDARA, 34660, 1317560, Drinking water, 0, 0, 0, 0, 0, 0, 2401843, 2401843
2015, RAJASTHAN, 8, BARAN, 80, ANTA, 1179, BALDARA, 34660, 1317560, Roads, 0, 0, 0, 0, 0, 0, 750000, 750000
2015, RAJASTHAN, 8, BARAN, 80, ANTA, 1179, BALDARA, 34660, 1317560, Total, 0, 0, 0, 0, 0, 0, 3380881, 3380881
2015, RAJASTHAN, 8, BARAN, 80, ANTA, 1179, BAMOOLIYA MATAJI, 34661, 1322264, Land improvement, 0, 0, 0, 0, 0, 0, 1025193, 1025193
2015, RAJASTHAN, 8, BARAN, 80, ANTA, 1179, BAMOOLIYA MATAJI, 34661, 1322264, Roads, 0, 0, 0, 0, 0, 0, 1138598, 1138598
2015, RAJASTHAN, 8, BARAN, 80, ANTA, 1179, BAMOOLIYA MATAJI, 34661, 1322264, Total, 0, 0, 0, 0, 0, 0, 2163791, 2163791
2015, RAJASTHAN, 8, BARAN, 80, ANTA, 1179, BAMOOLYA KALAN, 34668, 1322241, Land improvement, 0, 0, 0, 0, 0, 0, 1300000, 1300000
2015, RAJASTHAN, 8, BARAN, 80, ANTA, 1179, BAMOOLYA KALAN, 34668, 1322241, Maintenance of community system, 0, 0, 0, 0, 0, 0, 132189, 132189
2015, RAJASTHAN, 8, BARAN, 80, ANTA, 1179, BAMOOLYA KALAN, 34668, 1322241, Roads, 0, 0, 0, 0, 0, 0, 1000000, 1000000
2015, RAJASTHAN, 8, BARAN, 80, ANTA, 1179, BAMOOLYA KALAN, 34668, 1322241, Total, 0, 0, 0, 0, 0, 0, 2432189, 2432189
2015, RAJASTHAN, 8, BARAN, 80, ANTA, 1179, BAMORI KALAN, 34662, 1326314, Administrative & Technical Support, 0, 0, 0, 0, 0, 0, 83479, 83479
2015, RAJASTHAN, 8, BARAN, 80, ANTA, 1179, BAMORI KALAN, 34662, 1326314, Drinking water, 0, 0, 0, 0, 0, 0, 180000, 180000
2015, RAJASTHAN, 8, BARAN, 80, ANTA, 1179, BAMORI KALAN, 34662, 1326314, Land improvement, 0, 0, 0, 0, 0, 0, 2191666, 2191666
2015, RAJASTHAN, 8, BARAN, 80, ANTA, 1179, BAMORI KALAN, 34662, 1326314, Maintenance of community system, 0, 0, 0, 0, 0, 0, 400000, 400000
2015, RAJASTHAN, 8, BARAN, 80, ANTA, 1179, BAMORI KALAN, 34662, 1326314, Roads, 0, 0, 0, 0, 0, 0, 450000, 450000
2015, RAJASTHAN, 8, BARAN, 80, ANTA, 1179, BAMORI KALAN, 34662, 1326314, Total, 0, 0, 0, 0, 0, 0, 3305145, 3305145
2015, RAJASTHAN, 8, BARAN, 80, ANTA, 1179, BARGAON, 34663, 1328033, Administrative & Technical Support, 0, 0, 0, 0, 0, 0, 132460, 132460
2015, RAJASTHAN, 8, BARAN, 80, ANTA, 1179, BARGAON, 34663, 1328033, Drinking water, 0, 0, 0, 0, 0, 0, 265083, 265083
2015, RAJASTHAN, 8, BARAN, 80, ANTA, 1179, BARGAON, 34663, 1328033, Land improvement, 0, 0, 0, 0, 0, 0, 2500000, 2500000
2015, RAJASTHAN, 8, BARAN, 80, ANTA, 1179, BARGAON, 34663, 1328033, Maintenance of community system, 0, 0, 0, 0, 0, 0, 200000, 200000
2015, RAJASTHAN, 8, BARAN, 80, ANTA, 1179, BARGAON, 34663, 1328033, Roads, 0, 0, 0, 0, 0, 0, 1050000, 1050000
2015, RAJASTHAN, 8, BARAN, 80, ANTA, 1179, BARGAON, 34663, 1328033, Total, 0, 0, 0, 0, 0, 0, 4147543, 4147543
2015, RAJASTHAN, 8, BARAN, 80, ANTA, 1179, BARWA, 34664, 1328027, Drinking water, 0, 0, 0, 0, 0, 0, 263374, 263374
2015, RAJASTHAN, 8, BARAN, 80, ANTA, 1179, BARWA, 34664, 1328027, Land improvement, 0, 0, 0, 0, 0, 0, 1942066, 1942066
2015, RAJASTHAN, 8, BARAN, 80, ANTA, 1179, BARWA, 34664, 1328027, Maintenance of community system, 0, 0, 0, 0, 0, 0, 100000, 100000
2015, RAJASTHAN, 8, BARAN, 80, ANTA, 1179, BARWA, 34664, 1328027, Roads, 0, 0, 0, 0, 0, 0, 150000, 150000
2015, RAJASTHAN, 8, BARAN, 80, ANTA, 1179, BARWA, 34664, 1328027, Total, 0, 0, 0, 0, 0, 0, 2455440, 2455440
2015, RAJASTHAN, 8, BARAN, 80, ANTA, 1179, BHATWARA, 34665, 1328022, Administrative & Technical Support, 0, 0, 0, 0, 0, 0, 149840, 149840
2015, RAJASTHAN, 8, BARAN, 80, ANTA, 1179, BHATWARA, 34665, 1328022, Drinking water, 0, 0, 0, 0, 0, 0, 50000, 50000
2015, RAJASTHAN, 8, BARAN, 80, ANTA, 1179, BHATWARA, 34665, 1328022, Land improvement, 0, 0, 0, 0, 0, 0, 227035, 227035
2015, RAJASTHAN, 8, BARAN, 80, ANTA, 1179, BHATWARA, 34665, 1328022, Maintenance of community system, 0, 0, 0, 0, 0, 0, 1000000, 1000000
2015, RAJASTHAN, 8, BARAN, 80, ANTA, 1179, BHATWARA, 34665, 1328022, Roads, 0, 0, 0, 0, 0, 0, 1000000, 1000000
2015, RAJASTHAN, 8, BARAN, 80, ANTA, 1179, BHATWARA, 34665, 1328022, Total, 0, 0, 0, 0, 0, 0, 2426875, 2426875
2015, RAJASTHAN, 8, BARAN, 80, ANTA, 1179, BHOJIYA KHERI, 34666, 1328009, Administrative & Technical Support, 0, 0, 0, 0, 0, 0, 200000, 200000
2015, RAJASTHAN, 8, BARAN, 80, ANTA, 1179, BHOJIYA KHERI, 34666, 1328009, Drinking water, 0, 0, 0, 0, 0, 0, 1188306, 1188306
2015, RAJASTHAN, 8, BARAN, 80, ANTA, 1179, BHOJIYA KHERI, 34666, 1328009, Land improvement, 0, 0, 0, 0, 0, 0, 1231773, 1231773
2015, RAJASTHAN, 8, BARAN, 80, ANTA, 1179, BHOJIYA KHERI, 34666, 1328009, Maintenance of community system, 0, 0, 0, 0, 0, 0, 190789, 190789
2015, RAJASTHAN, 8, BARAN, 80, ANTA, 1179, BHOJIYA KHERI, 34666, 1328009, Total, 0, 0, 0, 0, 0, 0, 2810868, 2810868
2015, RAJASTHAN, 8, BARAN, 80, ANTA, 1179, BIJORA, 34667, 1328005, Drinking water, 0, 0, 0, 0, 0, 0, 50000, 50000
2015, RAJASTHAN, 8, BARAN, 80, ANTA, 1179, BIJORA, 34667, 1328005, Land improvement, 0, 0, 0, 0, 0, 0, 1495892, 1495892
2015, RAJASTHAN, 8, BARAN, 80, ANTA, 1179, BIJORA, 34667, 1328005, Maintenance of community system, 0, 0, 0, 0, 0, 0, 220000, 220000
2015, RAJASTHAN, 8, BARAN, 80, ANTA, 1179, BIJORA, 34667, 1328005, Roads, 0, 0, 0, 0, 0, 0, 694863, 694863
2015, RAJASTHAN, 8, BARAN, 80, ANTA, 1179, BIJORA, 34667, 1328005, Total, 0, 0, 0, 0, 0, 0, 2460755, 2460755
2015, RAJASTHAN, 8, BARAN, 80, ANTA, 1179, BOHAT, 34669, 1327998, Administrative & Technical Support, 0, 0, 0, 0, 0, 0, 325000, 325000
2015, RAJASTHAN, 8, BARAN, 80, ANTA, 1179, BOHAT, 34669, 1327998, Drinking water, 0, 0, 0, 0, 0, 0, 1031592, 1031592
2015, RAJASTHAN, 8, BARAN, 80, ANTA, 1179, BOHAT, 34669, 1327998, Land improvement, 0, 0, 0, 0, 0, 0, 1477044, 1477044
2015, RAJASTHAN, 8, BARAN, 80, ANTA, 1179, BOHAT, 34669, 1327998, Maintenance of community system, 0, 0, 0, 0, 0, 0, 50000, 50000
2015, RAJASTHAN, 8, BARAN, 80, ANTA, 1179, BOHAT, 34669, 1327998, Roads, 0, 0, 0, 0, 0, 0, 1289151, 1289151
2015, RAJASTHAN, 8, BARAN, 80, ANTA, 1179, BOHAT, 34669, 1327998, Total, 0, 0, 0, 0, 0, 0, 4172787, 4172787
2015, RAJASTHAN, 8, BARAN, 80, ANTA, 1179, HINGONIYA, 34670, 1327991, Drinking water, 0, 0, 0, 0, 0, 0, 49398, 49398
2015, RAJASTHAN, 8, BARAN, 80, ANTA, 1179, HINGONIYA, 34670, 1327991, Land improvement, 0, 0, 0, 0, 0, 0, 1714996, 1714996
2015, RAJASTHAN, 8, BARAN, 80, ANTA, 1179, HINGONIYA, 34670, 1327991, Roads, 0, 0, 0, 0, 0, 0, 800000, 800000
2015, RAJASTHAN, 8, BARAN, 80, ANTA, 1179, HINGONIYA, 34670, 1327991, Total, 0, 0, 0, 0, 0, 0, 2564394, 2564394
2015, RAJASTHAN, 8, BARAN, 80, ANTA, 1179, ISHARPURA, 34671, 1327983, Drinking water, 0, 0, 0, 0, 0, 0, 200000, 200000
2015, RAJASTHAN, 8, BARAN, 80, ANTA, 1179, ISHARPURA, 34671, 1327983, Land improvement, 0, 0, 0, 0, 0, 0, 934101, 934101
2015, RAJASTHAN, 8, BARAN, 80, ANTA, 1179, ISHARPURA, 34671, 1327983, Maintenance of community system, 0, 0, 0, 0, 0, 0, 159555, 159555
2015, RAJASTHAN, 8, BARAN, 80, ANTA, 1179, ISHARPURA, 34671, 1327983, Roads, 0, 0, 0, 0, 0, 0, 1100000, 1100000
2015, RAJASTHAN, 8, BARAN, 80, ANTA, 1179, ISHARPURA, 34671, 1327983, Total, 0, 0, 0, 0, 0, 0, 2393656, 2393656
2015, RAJASTHAN, 8, BARAN, 80, ANTA, 1179, JAI NAGAR, 34672, 1327975, Drinking water, 0, 0, 0, 0, 0, 0, 280104, 280104
2015, RAJASTHAN, 8, BARAN, 80, ANTA, 1179, JAI NAGAR, 34672, 1327975, Land improvement, 0, 0, 0, 0, 0, 0, 1150000, 1150000
2015, RAJASTHAN, 8, BARAN, 80, ANTA, 1179, JAI NAGAR, 34672, 1327975, Maintenance of community system, 0, 0, 0, 0, 0, 0, 150178, 150178
2015, RAJASTHAN, 8, BARAN, 80, ANTA, 1179, JAI NAGAR, 34672, 1327975, Roads, 0, 0, 0, 0, 0, 0, 1016000, 1016000
2015, RAJASTHAN, 8, BARAN, 80, ANTA, 1179, JAI NAGAR, 34672, 1327975, Total, 0, 0, 0, 0, 0, 0, 2596282, 2596282
2015, RAJASTHAN, 8, BARAN, 80, ANTA, 1179, JALODA TEJAJI, 34673, 1327964, Administrative & Technical Support, 0, 0, 0, 0, 0, 0, 100000, 100000
2015, RAJASTHAN, 8, BARAN, 80, ANTA, 1179, JALODA TEJAJI, 34673, 1327964, Land improvement, 0, 0, 0, 0, 0, 0, 1397061, 1397061
2015, RAJASTHAN, 8, BARAN, 80, ANTA, 1179, JALODA TEJAJI, 34673, 1327964, Maintenance of community system, 0, 0, 0, 0, 0, 0, 176000, 176000
2015, RAJASTHAN, 8, BARAN, 80, ANTA, 1179, JALODA TEJAJI, 34673, 1327964, Roads, 0, 0, 0, 0, 0, 0, 700000, 700000
2015, RAJASTHAN, 8, BARAN, 80, ANTA, 1179, JALODA TEJAJI, 34673, 1327964, Total, 0, 0, 0, 0, 0, 0, 2373061, 2373061
2015, RAJASTHAN, 8, BARAN, 80, ANTA, 1179, JARELA, 34674, 1127041, Land improvement, 0, 0, 0, 0, 0, 0, 1000000, 1000000
2015, RAJASTHAN, 8, BARAN, 80, ANTA, 1179, JARELA, 34674, 1127041, Maintenance of community system, 0, 0, 0, 0, 0, 0, 11657, 11657
2015, RAJASTHAN, 8, BARAN, 80, ANTA, 1179, JARELA, 34674, 1127041, Roads, 0, 0, 0, 0, 0, 0, 1123567, 1123567
2015, RAJASTHAN, 8, BARAN, 80, ANTA, 1179, JARELA, 34674, 1127041, Total, 0, 0, 0, 0, 0, 0, 2135224, 2135224
2015, RAJASTHAN, 8, BARAN, 80, ANTA, 1179, KACHRI, 34675, 1121752, Land improvement, 0, 0, 0, 0, 0, 0, 1090663, 1090663
2015, RAJASTHAN, 8, BARAN, 80, ANTA, 1179, KACHRI, 34675, 1121752, Roads, 0, 0, 0, 0, 0, 0, 1211312, 1211312
2015, RAJASTHAN, 8, BARAN, 80, ANTA, 1179, KACHRI, 34675, 1121752, Total, 0, 0, 0, 0, 0, 0, 2301975, 2301975
2015, RAJASTHAN, 8, BARAN, 80, ANTA, 1179, KHAJOORNA KALAN, 34676, 1327961, Drinking water, 0, 0, 0, 0, 0, 0, 600000, 600000
2015, RAJASTHAN, 8, BARAN, 80, ANTA, 1179, KHAJOORNA KALAN, 34676, 1327961, Land improvement, 0, 0, 0, 0, 0, 0, 1250000, 1250000
2015, RAJASTHAN, 8, BARAN, 80, ANTA, 1179, KHAJOORNA KALAN, 34676, 1327961, Maintenance of community system, 0, 0, 0, 0, 0, 0, 62573, 62573
2015, RAJASTHAN, 8, BARAN, 80, ANTA, 1179, KHAJOORNA KALAN, 34676, 1327961, Roads, 0, 0, 0, 0, 0, 0, 857769, 857769
2015, RAJASTHAN, 8, BARAN, 80, ANTA, 1179, KHAJOORNA KALAN, 34676, 1327961, Total, 0, 0, 0, 0, 0, 0, 2770342, 2770342
2015, RAJASTHAN, 8, BARAN, 80, ANTA, 1179, KISHANPURA, 34677, 1327948, Drinking water, 0, 0, 0, 0, 0, 0, 100000, 100000
2015, RAJASTHAN, 8, BARAN, 80, ANTA, 1179, KISHANPURA, 34677, 1327948, Land improvement, 0, 0, 0, 0, 0, 0, 1378026, 1378026
2015, RAJASTHAN, 8, BARAN, 80, ANTA, 1179, KISHANPURA, 34677, 1327948, Maintenance of community system, 0, 0, 0, 0, 0, 0, 400528, 400528
2015, RAJASTHAN, 8, BARAN, 80, ANTA, 1179, KISHANPURA, 34677, 1327948, Roads, 0, 0, 0, 0, 0, 0, 640000, 640000
2015, RAJASTHAN, 8, BARAN, 80, ANTA, 1179, KISHANPURA, 34677, 1327948, Total, 0, 0, 0, 0, 0, 0, 2518554, 2518554
2015, RAJASTHAN, 8, BARAN, 80, ANTA, 1179, MAHALPUR, 34678, 1327942, Administrative & Technical Support, 0, 0, 0, 0, 0, 0, 166741, 166741
2015, RAJASTHAN, 8, BARAN, 80, ANTA, 1179, MAHALPUR, 34678, 1327942, Drinking water, 0, 0, 0, 0, 0, 0, 634743, 634743
2015, RAJASTHAN, 8, BARAN, 80, ANTA, 1179, MAHALPUR, 34678, 1327942, Maintenance of community system, 0, 0, 0, 0, 0, 0, 900000, 900000
2015, RAJASTHAN, 8, BARAN, 80, ANTA, 1179, MAHALPUR, 34678, 1327942, Roads, 0, 0, 0, 0, 0, 0, 550000, 550000
2015, RAJASTHAN, 8, BARAN, 80, ANTA, 1179, MAHALPUR, 34678, 1327942, Total, 0, 0, 0, 0, 0, 0, 2251484, 2251484
2015, RAJASTHAN, 8, BARAN, 80, ANTA, 1179, MAHUWA, 34679, 1327931, Drinking water, 0, 0, 0, 0, 0, 0, 100000, 100000
2015, RAJASTHAN, 8, BARAN, 80, ANTA, 1179, MAHUWA, 34679, 1327931, Land improvement, 0, 0, 0, 0, 0, 0, 1176675, 1176675
2015, RAJASTHAN, 8, BARAN, 80, ANTA, 1179, MAHUWA, 34679, 1327931, Maintenance of community system, 0, 0, 0, 0, 0, 0, 244536, 244536
2015, RAJASTHAN, 8, BARAN, 80, ANTA, 1179, MAHUWA, 34679, 1327931, Roads, 0, 0, 0, 0, 0, 0, 1000000, 1000000
2015, RAJASTHAN, 8, BARAN, 80, ANTA, 1179, MAHUWA, 34679, 1327931, Total, 0, 0, 0, 0, 0, 0, 2521211, 2521211
2015, RAJASTHAN, 8, BARAN, 80, ANTA, 1179, MAL BAMORI, 34680, 1327920, Administrative & Technical Support, 0, 0, 0, 0, 0, 0, 100466, 100466
2015, RAJASTHAN, 8, BARAN, 80, ANTA, 1179, MAL BAMORI, 34680, 1327920, Drinking water, 0, 0, 0, 0, 0, 0, 160000, 160000
2015, RAJASTHAN, 8, BARAN, 80, ANTA, 1179, MAL BAMORI, 34680, 1327920, Land improvement, 0, 0, 0, 0, 0, 0, 1715917, 1715917
2015, RAJASTHAN, 8, BARAN, 80, ANTA, 1179, MAL BAMORI, 34680, 1327920, Maintenance of community system, 0, 0, 0, 0, 0, 0, 400000, 400000
2015, RAJASTHAN, 8, BARAN, 80, ANTA, 1179, MAL BAMORI, 34680, 1327920, Total, 0, 0, 0, 0, 0, 0, 2376383, 2376383
2015, RAJASTHAN, 8, BARAN, 80, ANTA, 1179, MAU, 34681, 1327907, Drinking water, 0, 0, 0, 0, 0, 0, 650000, 650000
2015, RAJASTHAN, 8, BARAN, 80, ANTA, 1179, MAU, 34681, 1327907, Khadi, 0, 0, 0, 0, 0, 0, 100000, 100000
2015, RAJASTHAN, 8, BARAN, 80, ANTA, 1179, MAU, 34681, 1327907, Land improvement, 0, 0, 0, 0, 0, 0, 2424034, 2424034
2015, RAJASTHAN, 8, BARAN, 80, ANTA, 1179, MAU, 34681, 1327907, Roads, 0, 0, 0, 0, 0, 0, 450000, 450000
2015, RAJASTHAN, 8, BARAN, 80, ANTA, 1179, MAU, 34681, 1327907, Total, 0, 0, 0, 0, 0, 0, 3624034, 3624034
2015, RAJASTHAN, 8, BARAN, 80, ANTA, 1179, MIRZAPUR, 34682, 1327880, Drinking water, 0, 0, 0, 0, 0, 0, 341710, 341710
2015, RAJASTHAN, 8, BARAN, 80, ANTA, 1179, MIRZAPUR, 34682, 1327880, Land improvement, 0, 0, 0, 0, 0, 0, 1014723, 1014723
2015, RAJASTHAN, 8, BARAN, 80, ANTA, 1179, MIRZAPUR, 34682, 1327880, Roads, 0, 0, 0, 0, 0, 0, 1299641, 1299641
2015, RAJASTHAN, 8, BARAN, 80, ANTA, 1179, MIRZAPUR, 34682, 1327880, Total, 0, 0, 0, 0, 0, 0, 2656074, 2656074
2015, RAJASTHAN, 8, BARAN, 80, ANTA, 1179, NIYANA, 34683, 1327856, Drinking water, 0, 0, 0, 0, 0, 0, 223126, 223126
2015, RAJASTHAN, 8, BARAN, 80, ANTA, 1179, NIYANA, 34683, 1327856, Land improvement, 0, 0, 0, 0, 0, 0, 750000, 750000
2015, RAJASTHAN, 8, BARAN, 80, ANTA, 1179, NIYANA, 34683, 1327856, Maintenance of community system, 0, 0, 0, 0, 0, 0, 438325, 438325
2015, RAJASTHAN, 8, BARAN, 80, ANTA, 1179, NIYANA, 34683, 1327856, Roads, 0, 0, 0, 0, 0, 0, 850000, 850000
2015, RAJASTHAN, 8, BARAN, 80, ANTA, 1179, NIYANA, 34683, 1327856, Total, 0, 0, 0, 0, 0, 0, 2261451, 2261451
2015, RAJASTHAN, 8, BARAN, 80, ANTA, 1179, PACHEL KALAN, 34684, 1327820, Drinking water, 0, 0, 0, 0, 0, 0, 230000, 230000
2015, RAJASTHAN, 8, BARAN, 80, ANTA, 1179, PACHEL KALAN, 34684, 1327820, Land improvement, 0, 0, 0, 0, 0, 0, 1482045, 1482045
2015, RAJASTHAN, 8, BARAN, 80, ANTA, 1179, PACHEL KALAN, 34684, 1327820, Maintenance of community system, 0, 0, 0, 0, 0, 0, 120000, 120000
2015, RAJASTHAN, 8, BARAN, 80, ANTA, 1179, PACHEL KALAN, 34684, 1327820, Roads, 0, 0, 0, 0, 0, 0, 450000, 450000
2015, RAJASTHAN, 8, BARAN, 80, ANTA, 1179, PACHEL KALAN, 34684, 1327820, Total, 0, 0, 0, 0, 0, 0, 2282045, 2282045
2015, RAJASTHAN, 8, BARAN, 80, ANTA, 1179, PALAYTHA, 34685, 1327811, Drinking water, 0, 0, 0, 0, 0, 0, 1271130, 1271130
2015, RAJASTHAN, 8, BARAN, 80, ANTA, 1179, PALAYTHA, 34685, 1327811, Land improvement, 0, 0, 0, 0, 0, 0, 1256307, 1256307
2015, RAJASTHAN, 8, BARAN, 80, ANTA, 1179, PALAYTHA, 34685, 1327811, Maintenance of community system, 0, 0, 0, 0, 0, 0, 1650000, 1650000
2015, RAJASTHAN, 8, BARAN, 80, ANTA, 1179, PALAYTHA, 34685, 1327811, Total, 0, 0, 0, 0, 0, 0, 4177437, 4177437
2015, RAJASTHAN, 8, BARAN, 80, ANTA, 1179, PALSAWA, 34686, 1327804, Drinking water, 0, 0, 0, 0, 0, 0, 50000, 50000
2015, RAJASTHAN, 8, BARAN, 80, ANTA, 1179, PALSAWA, 34686, 1327804, Land improvement, 0, 0, 0, 0, 0, 0, 1050000, 1050000
2015, RAJASTHAN, 8, BARAN, 80, ANTA, 1179, PALSAWA, 34686, 1327804, Maintenance of community system, 0, 0, 0, 0, 0, 0, 404601, 404601
2015, RAJASTHAN, 8, BARAN, 80, ANTA, 1179, PALSAWA, 34686, 1327804, Roads, 0, 0, 0, 0, 0, 0, 1000000, 1000000
2015, RAJASTHAN, 8, BARAN, 80, ANTA, 1179, PALSAWA, 34686, 1327804, Total, 0, 0, 0, 0, 0, 0, 2504601, 2504601
2015, RAJASTHAN, 8, BARAN, 80, ANTA, 1179, PATOONDA, 34687, 1327795, Drinking water, 0, 0, 0, 0, 0, 0, 250297, 250297
2015, RAJASTHAN, 8, BARAN, 80, ANTA, 1179, PATOONDA, 34687, 1327795, Land improvement, 0, 0, 0, 0, 0, 0, 1290000, 1290000
2015, RAJASTHAN, 8, BARAN, 80, ANTA, 1179, PATOONDA, 34687, 1327795, Maintenance of community system, 0, 0, 0, 0, 0, 0, 360000, 360000
2015, RAJASTHAN, 8, BARAN, 80, ANTA, 1179, PATOONDA, 34687, 1327795, Roads, 0, 0, 0, 0, 0, 0, 844136, 844136
2015, RAJASTHAN, 8, BARAN, 80, ANTA, 1179, PATOONDA, 34687, 1327795, Total, 0, 0, 0, 0, 0, 0, 2744433, 2744433
2015, RAJASTHAN, 8, BARAN, 80, ANTA, 1179, RAITHAL, 34688, 1326624, Drinking water, 0, 0, 0, 0, 0, 0, 100000, 100000
2015, RAJASTHAN, 8, BARAN, 80, ANTA, 1179, RAITHAL, 34688, 1326624, Health, 0, 0, 0, 0, 0, 0, 150000, 150000
2015, RAJASTHAN, 8, BARAN, 80, ANTA, 1179, RAITHAL, 34688, 1326624, Land improvement, 0, 0, 0, 0, 0, 0, 1883438, 1883438
2015, RAJASTHAN, 8, BARAN, 80, ANTA, 1179, RAITHAL, 34688, 1326624, Maintenance of community system, 0, 0, 0, 0, 0, 0, 350000, 350000
2015, RAJASTHAN, 8, BARAN, 80, ANTA, 1179, RAITHAL, 34688, 1326624, Roads, 0, 0, 0, 0, 0, 0, 1199058, 1199058
2015, RAJASTHAN, 8, BARAN, 80, ANTA, 1179, RAITHAL, 34688, 1326624, Total, 0, 0, 0, 0, 0, 0, 3682496, 3682496
2015, RAJASTHAN, 8, BARAN, 80, ANTA, 1179, SEESWALI, 34689, 1326615, Drinking water, 0, 0, 0, 0, 0, 0, 500000, 500000
2015, RAJASTHAN, 8, BARAN, 80, ANTA, 1179, SEESWALI, 34689, 1326615, Land improvement, 0, 0, 0, 0, 0, 0, 2918654, 2918654
2015, RAJASTHAN, 8, BARAN, 80, ANTA, 1179, SEESWALI, 34689, 1326615, Maintenance of community system, 0, 0, 0, 0, 0, 0, 1300000, 1300000
2015, RAJASTHAN, 8, BARAN, 80, ANTA, 1179, SEESWALI, 34689, 1326615, Roads, 0, 0, 0, 0, 0, 0, 5240630, 5240630
2015, RAJASTHAN, 8, BARAN, 80, ANTA, 1179, SEESWALI, 34689, 1326615, Total, 0, 0, 0, 0, 0, 0, 9959284, 9959284
2015, RAJASTHAN, 8, BARAN, 80, ANTA, 1179, SHAHPURA, 34690, 1326610, Drinking water, 0, 0, 0, 0, 0, 0, 150948, 150948
2015, RAJASTHAN, 8, BARAN, 80, ANTA, 1179, SHAHPURA, 34690, 1326610, Land improvement, 0, 0, 0, 0, 0, 0, 1478941, 1478941
2015, RAJASTHAN, 8, BARAN, 80, ANTA, 1179, SHAHPURA, 34690, 1326610, Maintenance of community system, 0, 0, 0, 0, 0, 0, 335000, 335000
2015, RAJASTHAN, 8, BARAN, 80, ANTA, 1179, SHAHPURA, 34690, 1326610, Roads, 0, 0, 0, 0, 0, 0, 840000, 840000
2015, RAJASTHAN, 8, BARAN, 80, ANTA, 1179, SHAHPURA, 34690, 1326610, Total, 0, 0, 0, 0, 0, 0, 2804889, 2804889
2015, RAJASTHAN, 8, BARAN, 80, ANTA, 1179, SORKHAND KALAN, 34691, 1326595, Drinking water, 0, 0, 0, 0, 0, 0, 450000, 450000
2015, RAJASTHAN, 8, BARAN, 80, ANTA, 1179, SORKHAND KALAN, 34691, 1326595, Land improvement, 0, 0, 0, 0, 0, 0, 1365530, 1365530
2015, RAJASTHAN, 8, BARAN, 80, ANTA, 1179, SORKHAND KALAN, 34691, 1326595, Maintenance of community system, 0, 0, 0, 0, 0, 0, 538929, 538929
2015, RAJASTHAN, 8, BARAN, 80, ANTA, 1179, SORKHAND KALAN, 34691, 1326595, Total, 0, 0, 0, 0, 0, 0, 2354459, 2354459
2015, RAJASTHAN, 8, BARAN, 80, ANTA, 1179, SORSAN, 34692, 1326592, Drinking water, 0, 0, 0, 0, 0, 0, 935000, 935000
2015, RAJASTHAN, 8, BARAN, 80, ANTA, 1179, SORSAN, 34692, 1326592, Land improvement, 0, 0, 0, 0, 0, 0, 500000, 500000
2015, RAJASTHAN, 8, BARAN, 80, ANTA, 1179, SORSAN, 34692, 1326592, Maintenance of community system, 0, 0, 0, 0, 0, 0, 315056, 315056
2015, RAJASTHAN, 8, BARAN, 80, ANTA, 1179, SORSAN, 34692, 1326592, Roads, 0, 0, 0, 0, 0, 0, 740594, 740594
2015, RAJASTHAN, 8, BARAN, 80, ANTA, 1179, SORSAN, 34692, 1326592, Total, 0, 0, 0, 0, 0, 0, 2490650, 2490650
2015, RAJASTHAN, 8, BARAN, 80, ANTA, 1179, THEEKARIYA, 34693, 1326581, Administrative & Technical Support, 0, 0, 0, 0, 0, 0, 150000, 150000
2015, RAJASTHAN, 8, BARAN, 80, ANTA, 1179, THEEKARIYA, 34693, 1326581, Drinking water, 0, 0, 0, 0, 0, 0, 140000, 140000
2015, RAJASTHAN, 8, BARAN, 80, ANTA, 1179, THEEKARIYA, 34693, 1326581, Land improvement, 0, 0, 0, 0, 0, 0, 1600000, 1600000
2015, RAJASTHAN, 8, BARAN, 80, ANTA, 1179, THEEKARIYA, 34693, 1326581, Maintenance of community system, 0, 0, 0, 0, 0, 0, 289930, 289930
2015, RAJASTHAN, 8, BARAN, 80, ANTA, 1179, THEEKARIYA, 34693, 1326581, Roads, 0, 0, 0, 0, 0, 0, 900000, 900000
2015, RAJASTHAN, 8, BARAN, 80, ANTA, 1179, THEEKARIYA, 34693, 1326581, Total, 0, 0, 0, 0, 0, 0, 3079930, 3079930
2015, RAJASTHAN, 8, BARAN, 80, ANTA, 1179, TISAYA, 34694, 1326571, Administrative & Technical Support, 0, 0, 0, 0, 0, 0, 79686, 79686
2015, RAJASTHAN, 8, BARAN, 80, ANTA, 1179, TISAYA, 34694, 1326571, Land improvement, 0, 0, 0, 0, 0, 0, 1644365, 1644365
2015, RAJASTHAN, 8, BARAN, 80, ANTA, 1179, TISAYA, 34694, 1326571, Maintenance of community system, 0, 0, 0, 0, 0, 0, 613392, 613392
2015, RAJASTHAN, 8, BARAN, 80, ANTA, 1179, TISAYA, 34694, 1326571, Roads, 0, 0, 0, 0, 0, 0, 500000, 500000
2015, RAJASTHAN, 8, BARAN, 80, ANTA, 1179, TISAYA, 34694, 1326571, Total, 0, 0, 0, 0, 0, 0, 2837443, 2837443
2015, RAJASTHAN, 8, BARAN, 80, ANTA, 1179, UDPURIYA, 34695, 1326525, Administrative & Technical Support, 0, 0, 0, 0, 0, 0, 100000, 100000
2015, RAJASTHAN, 8, BARAN, 80, ANTA, 1179, UDPURIYA, 34695, 1326525, Drinking water, 0, 0, 0, 0, 0, 0, 220000, 220000
2015, RAJASTHAN, 8, BARAN, 80, ANTA, 1179, UDPURIYA, 34695, 1326525, Land improvement, 0, 0, 0, 0, 0, 0, 580000, 580000
2015, RAJASTHAN, 8, BARAN, 80, ANTA, 1179, UDPURIYA, 34695, 1326525, Maintenance of community system, 0, 0, 0, 0, 0, 0, 856769, 856769
2015, RAJASTHAN, 8, BARAN, 80, ANTA, 1179, UDPURIYA, 34695, 1326525, Roads, 0, 0, 0, 0, 0, 0, 700000, 700000
2015, RAJASTHAN, 8, BARAN, 80, ANTA, 1179, UDPURIYA, 34695, 1326525, Total, 0, 0, 0, 0, 0, 0, 2456769, 2456769
2015, RAJASTHAN, 8, BARAN, 80, ATRU, 1180, ANTANA, 34696, 1309413, Drinking water, 0, 0, 0, 0, 0, 0, 248080, 248080
2015, RAJASTHAN, 8, BARAN, 80, ATRU, 1180, ANTANA, 34696, 1309413, Roads, 0, 0, 0, 0, 0, 0, 1947329, 1947329
2015, RAJASTHAN, 8, BARAN, 80, ATRU, 1180, ANTANA, 34696, 1309413, Sanitation, 0, 0, 0, 0, 0, 0, 80000, 80000
2015, RAJASTHAN, 8, BARAN, 80, ATRU, 1180, ANTANA, 34696, 1309413, Total, 0, 0, 0, 0, 0, 0, 2275409, 2275409
2015, RAJASTHAN, 8, BARAN, 80, ATRU, 1180, ARDAND, 34697, 1309421, Drinking water, 0, 0, 0, 0, 0, 0, 58000, 58000
2015, RAJASTHAN, 8, BARAN, 80, ATRU, 1180, ARDAND, 34697, 1309421, Fisheries, 0, 0, 0, 0, 0, 0, 17698, 17698
2015, RAJASTHAN, 8, BARAN, 80, ATRU, 1180, ARDAND, 34697, 1309421, Roads, 0, 0, 0, 0, 0, 0, 1540000, 1540000
2015, RAJASTHAN, 8, BARAN, 80, ATRU, 1180, ARDAND, 34697, 1309421, Rural housing, 0, 0, 0, 0, 0, 0, 39000, 39000
2015, RAJASTHAN, 8, BARAN, 80, ATRU, 1180, ARDAND, 34697, 1309421, Sanitation, 0, 0, 0, 0, 0, 0, 349654, 349654
2015, RAJASTHAN, 8, BARAN, 80, ATRU, 1180, ARDAND, 34697, 1309421, Total, 0, 0, 0, 0, 0, 0, 2004352, 2004352
2015, RAJASTHAN, 8, BARAN, 80, ATRU, 1180, ATON, 34698, 1310010, Drinking water, 0, 0, 0, 0, 0, 0, 149862, 149862
2015, RAJASTHAN, 8, BARAN, 80, ATRU, 1180, ATON, 34698, 1310010, Roads, 0, 0, 0, 0, 0, 0, 900000, 900000
2015, RAJASTHAN, 8, BARAN, 80, ATRU, 1180, ATON, 34698, 1310010, Rural housing, 0, 0, 0, 0, 0, 0, 43880, 43880
2015, RAJASTHAN, 8, BARAN, 80, ATRU, 1180, ATON, 34698, 1310010, Sanitation, 0, 0, 0, 0, 0, 0, 700000, 700000
2015, RAJASTHAN, 8, BARAN, 80, ATRU, 1180, ATON, 34698, 1310010, Total, 0, 0, 0, 0, 0, 0, 1793742, 1793742
2015, RAJASTHAN, 8, BARAN, 80, ATRU, 1180, ATRU, 34699, 1310981, Drinking water, 0, 0, 0, 0, 0, 0, 100000, 100000
2015, RAJASTHAN, 8, BARAN, 80, ATRU, 1180, ATRU, 34699, 1310981, Maintenance of community system, 0, 0, 0, 0, 0, 0, 474552, 474552
2015, RAJASTHAN, 8, BARAN, 80, ATRU, 1180, ATRU, 34699, 1310981, Roads, 0, 0, 0, 0, 0, 0, 6775473, 6775473
2015, RAJASTHAN, 8, BARAN, 80, ATRU, 1180, ATRU, 34699, 1310981, Rural housing, 0, 0, 0, 0, 0, 0, 100000, 100000
2015, RAJASTHAN, 8, BARAN, 80, ATRU, 1180, ATRU, 34699, 1310981, Sanitation, 0, 0, 0, 0, 0, 0, 200000, 200000
2015, RAJASTHAN, 8, BARAN, 80, ATRU, 1180, ATRU, 34699, 1310981, Total, 0, 0, 0, 0, 0, 0, 7650025, 7650025
2015, RAJASTHAN, 8, BARAN, 80, ATRU, 1180, BADORA, 34700, 1312327, Roads, 0, 0, 0, 0, 0, 0, 3794121, 3794121
2015, RAJASTHAN, 8, BARAN, 80, ATRU, 1180, BADORA, 34700, 1312327, Total, 0, 0, 0, 0, 0, 0, 3794121, 3794121
2015, RAJASTHAN, 8, BARAN, 80, ATRU, 1180, BAMORI, 34701, 1312329, Animal husbandry, 0, 0, 0, 0, 0, 0, 100000, 100000
2015, RAJASTHAN, 8, BARAN, 80, ATRU, 1180, BAMORI, 34701, 1312329, Drinking water, 0, 0, 0, 0, 0, 0, 150000, 150000
2015, RAJASTHAN, 8, BARAN, 80, ATRU, 1180, BAMORI, 34701, 1312329, Roads, 0, 0, 0, 0, 0, 0, 1245386, 1245386
2015, RAJASTHAN, 8, BARAN, 80, ATRU, 1180, BAMORI, 34701, 1312329, Sanitation, 0, 0, 0, 0, 0, 0, 404000, 404000
2015, RAJASTHAN, 8, BARAN, 80, ATRU, 1180, BAMORI, 34701, 1312329, Total, 0, 0, 0, 0, 0, 0, 1899386, 1899386
2015, RAJASTHAN, 8, BARAN, 80, ATRU, 1180, BARLAN, 34702, 1312331, Drinking water, 0, 0, 0, 0, 0, 0, 548102, 548102
2015, RAJASTHAN, 8, BARAN, 80, ATRU, 1180, BARLAN, 34702, 1312331, Roads, 0, 0, 0, 0, 0, 0, 1841689, 1841689
2015, RAJASTHAN, 8, BARAN, 80, ATRU, 1180, BARLAN, 34702, 1312331, Sanitation, 0, 0, 0, 0, 0, 0, 350000, 350000
2015, RAJASTHAN, 8, BARAN, 80, ATRU, 1180, BARLAN, 34702, 1312331, Total, 0, 0, 0, 0, 0, 0, 2739791, 2739791
2015, RAJASTHAN, 8, BARAN, 80, ATRU, 1180, BHAINSARA, 34703, 1312334, Roads, 0, 0, 0, 0, 0, 0, 2647685, 2647685
2015, RAJASTHAN, 8, BARAN, 80, ATRU, 1180, BHAINSARA, 34703, 1312334, Sanitation, 0, 0, 0, 0, 0, 0, 375000, 375000
2015, RAJASTHAN, 8, BARAN, 80, ATRU, 1180, BHAINSARA, 34703, 1312334, Social welfare, 0, 0, 0, 0, 0, 0, 93131, 93131
2015, RAJASTHAN, 8, BARAN, 80, ATRU, 1180, BHAINSARA, 34703, 1312334, Total, 0, 0, 0, 0, 0, 0, 3115816, 3115816
2015, RAJASTHAN, 8, BARAN, 80, ATRU, 1180, CHARDANA, 34704, 1312343, Drinking water, 0, 0, 0, 0, 0, 0, 100000, 100000
2015, RAJASTHAN, 8, BARAN, 80, ATRU, 1180, CHARDANA, 34704, 1312343, Roads, 0, 0, 0, 0, 0, 0, 1873850, 1873850
2015, RAJASTHAN, 8, BARAN, 80, ATRU, 1180, CHARDANA, 34704, 1312343, Sanitation, 0, 0, 0, 0, 0, 0, 827062, 827062
2015, RAJASTHAN, 8, BARAN, 80, ATRU, 1180, CHARDANA, 34704, 1312343, Total, 0, 0, 0, 0, 0, 0, 2800912, 2800912
2015, RAJASTHAN, 8, BARAN, 80, ATRU, 1180, DARA, 34705, 1312345, Drinking water, 0, 0, 0, 0, 0, 0, 100000, 100000
2015, RAJASTHAN, 8, BARAN, 80, ATRU, 1180, DARA, 34705, 1312345, Roads, 0, 0, 0, 0, 0, 0, 1595991, 1595991
2015, RAJASTHAN, 8, BARAN, 80, ATRU, 1180, DARA, 34705, 1312345, Rural housing, 0, 0, 0, 0, 0, 0, 15000, 15000
2015, RAJASTHAN, 8, BARAN, 80, ATRU, 1180, DARA, 34705, 1312345, Sanitation, 0, 0, 0, 0, 0, 0, 305320, 305320
2015, RAJASTHAN, 8, BARAN, 80, ATRU, 1180, DARA, 34705, 1312345, Total, 0, 0, 0, 0, 0, 0, 2016311, 2016311
2015, RAJASTHAN, 8, BARAN, 80, ATRU, 1180, DEELOD HATHI, 34706, 1312347, Roads, 0, 0, 0, 0, 0, 0, 1818796, 1818796
2015, RAJASTHAN, 8, BARAN, 80, ATRU, 1180, DEELOD HATHI, 34706, 1312347, Sanitation, 0, 0, 0, 0, 0, 0, 250000, 250000
2015, RAJASTHAN, 8, BARAN, 80, ATRU, 1180, DEELOD HATHI, 34706, 1312347, Total, 0, 0, 0, 0, 0, 0, 2068796, 2068796
2015, RAJASTHAN, 8, BARAN, 80, ATRU, 1180, DHOTI, 34707, 1312350, Maintenance of community system, 0, 0, 0, 0, 0, 0, 100000, 100000
2015, RAJASTHAN, 8, BARAN, 80, ATRU, 1180, DHOTI, 34707, 1312350, Roads, 0, 0, 0, 0, 0, 0, 1625636, 1625636
2015, RAJASTHAN, 8, BARAN, 80, ATRU, 1180, DHOTI, 34707, 1312350, Rural housing, 0, 0, 0, 0, 0, 0, 16962, 16962
2015, RAJASTHAN, 8, BARAN, 80, ATRU, 1180, DHOTI, 34707, 1312350, Total, 0, 0, 0, 0, 0, 0, 1742598, 1742598
2015, RAJASTHAN, 8, BARAN, 80, ATRU, 1180, GORDHANPURA, 34708, 1312351, Drinking water, 0, 0, 0, 0, 0, 0, 230000, 230000
2015, RAJASTHAN, 8, BARAN, 80, ATRU, 1180, GORDHANPURA, 34708, 1312351, Maintenance of community system, 0, 0, 0, 0, 0, 0, 220000, 220000
2015, RAJASTHAN, 8, BARAN, 80, ATRU, 1180, GORDHANPURA, 34708, 1312351, Roads, 0, 0, 0, 0, 0, 0, 1600000, 1600000
2015, RAJASTHAN, 8, BARAN, 80, ATRU, 1180, GORDHANPURA, 34708, 1312351, Rural housing, 0, 0, 0, 0, 0, 0, 192066, 192066
2015, RAJASTHAN, 8, BARAN, 80, ATRU, 1180, GORDHANPURA, 34708, 1312351, Sanitation, 0, 0, 0, 0, 0, 0, 200000, 200000
2015, RAJASTHAN, 8, BARAN, 80, ATRU, 1180, GORDHANPURA, 34708, 1312351, Social welfare, 0, 0, 0, 0, 0, 0, 13382, 13382
2015, RAJASTHAN, 8, BARAN, 80, ATRU, 1180, GORDHANPURA, 34708, 1312351, Total, 0, 0, 0, 0, 0, 0, 2455448, 2455448
2015, RAJASTHAN, 8, BARAN, 80, ATRU, 1180, JEEROD, 34709, 1312352, Drinking water, 0, 0, 0, 0, 0, 0, 74352, 74352
2015, RAJASTHAN, 8, BARAN, 80, ATRU, 1180, JEEROD, 34709, 1312352, Roads, 0, 0, 0, 0, 0, 0, 1684340, 1684340
2015, RAJASTHAN, 8, BARAN, 80, ATRU, 1180, JEEROD, 34709, 1312352, Sanitation, 0, 0, 0, 0, 0, 0, 340000, 340000
2015, RAJASTHAN, 8, BARAN, 80, ATRU, 1180, JEEROD, 34709, 1312352, Total, 0, 0, 0, 0, 0, 0, 2098692, 2098692
2015, RAJASTHAN, 8, BARAN, 80, ATRU, 1180, KANOTIYA, 34710, 1312354, Drinking water, 0, 0, 0, 0, 0, 0, 210000, 210000
2015, RAJASTHAN, 8, BARAN, 80, ATRU, 1180, KANOTIYA, 34710, 1312354, Roads, 0, 0, 0, 0, 0, 0, 2288883, 2288883
2015, RAJASTHAN, 8, BARAN, 80, ATRU, 1180, KANOTIYA, 34710, 1312354, Sanitation, 0, 0, 0, 0, 0, 0, 330596, 330596
2015, RAJASTHAN, 8, BARAN, 80, ATRU, 1180, KANOTIYA, 34710, 1312354, Total, 0, 0, 0, 0, 0, 0, 2829479, 2829479
2015, RAJASTHAN, 8, BARAN, 80, ATRU, 1180, KATAWAR, 34711, 1312357, Drinking water, 0, 0, 0, 0, 0, 0, 400000, 400000
2015, RAJASTHAN, 8, BARAN, 80, ATRU, 1180, KATAWAR, 34711, 1312357, Roads, 0, 0, 0, 0, 0, 0, 2094411, 2094411
2015, RAJASTHAN, 8, BARAN, 80, ATRU, 1180, KATAWAR, 34711, 1312357, Sanitation, 0, 0, 0, 0, 0, 0, 1010716, 1010716
2015, RAJASTHAN, 8, BARAN, 80, ATRU, 1180, KATAWAR, 34711, 1312357, Total, 0, 0, 0, 0, 0, 0, 3505127, 3505127
2015, RAJASTHAN, 8, BARAN, 80, ATRU, 1180, KAWAI, 34712, 1312358, Drinking water, 0, 0, 0, 0, 0, 0, 1044846, 1044846
2015, RAJASTHAN, 8, BARAN, 80, ATRU, 1180, KAWAI, 34712, 1312358, Maintenance of community system, 0, 0, 0, 0, 0, 0, 250000, 250000
2015, RAJASTHAN, 8, BARAN, 80, ATRU, 1180, KAWAI, 34712, 1312358, Roads, 0, 0, 0, 0, 0, 0, 4492705, 4492705
2015, RAJASTHAN, 8, BARAN, 80, ATRU, 1180, KAWAI, 34712, 1312358, Sanitation, 0, 0, 0, 0, 0, 0, 850000, 850000
2015, RAJASTHAN, 8, BARAN, 80, ATRU, 1180, KAWAI, 34712, 1312358, Total, 0, 0, 0, 0, 0, 0, 6637551, 6637551
2015, RAJASTHAN, 8, BARAN, 80, ATRU, 1180, KERWALIYA, 34713, 1312361, Drinking water, 0, 0, 0, 0, 0, 0, 220000, 220000
2015, RAJASTHAN, 8, BARAN, 80, ATRU, 1180, KERWALIYA, 34713, 1312361, Roads, 0, 0, 0, 0, 0, 0, 1707117, 1707117
2015, RAJASTHAN, 8, BARAN, 80, ATRU, 1180, KERWALIYA, 34713, 1312361, Sanitation, 0, 0, 0, 0, 0, 0, 366894, 366894
2015, RAJASTHAN, 8, BARAN, 80, ATRU, 1180, KERWALIYA, 34713, 1312361, Total, 0, 0, 0, 0, 0, 0, 2294011, 2294011
2015, RAJASTHAN, 8, BARAN, 80, ATRU, 1180, KHARKHADA RAMLOTHAN, 34715, 1312363, Roads, 0, 0, 0, 0, 0, 0, 1648925, 1648925
2015, RAJASTHAN, 8, BARAN, 80, ATRU, 1180, KHARKHADA RAMLOTHAN, 34715, 1312363, Total, 0, 0, 0, 0, 0, 0, 1648925, 1648925
2015, RAJASTHAN, 8, BARAN, 80, ATRU, 1180, KHERLIGANJ, 34714, 1312366, Drinking water, 0, 0, 0, 0, 0, 0, 100000, 100000
2015, RAJASTHAN, 8, BARAN, 80, ATRU, 1180, KHERLIGANJ, 34714, 1312366, Maintenance of community system, 0, 0, 0, 0, 0, 0, 450000, 450000
2015, RAJASTHAN, 8, BARAN, 80, ATRU, 1180, KHERLIGANJ, 34714, 1312366, Roads, 0, 0, 0, 0, 0, 0, 2765086, 2765086
2015, RAJASTHAN, 8, BARAN, 80, ATRU, 1180, KHERLIGANJ, 34714, 1312366, Rural housing, 0, 0, 0, 0, 0, 0, 300000, 300000
2015, RAJASTHAN, 8, BARAN, 80, ATRU, 1180, KHERLIGANJ, 34714, 1312366, Sanitation, 0, 0, 0, 0, 0, 0, 1050000, 1050000
2015, RAJASTHAN, 8, BARAN, 80, ATRU, 1180, KHERLIGANJ, 34714, 1312366, Total, 0, 0, 0, 0, 0, 0, 4665086, 4665086
2015, RAJASTHAN, 8, BARAN, 80, ATRU, 1180, KHURI, 34716, 1312368, Drinking water, 0, 0, 0, 0, 0, 0, 332000, 332000
2015, RAJASTHAN, 8, BARAN, 80, ATRU, 1180, KHURI, 34716, 1312368, Maintenance of community system, 0, 0, 0, 0, 0, 0, 267122, 267122
2015, RAJASTHAN, 8, BARAN, 80, ATRU, 1180, KHURI, 34716, 1312368, Roads, 0, 0, 0, 0, 0, 0, 1465167, 1465167
2015, RAJASTHAN, 8, BARAN, 80, ATRU, 1180, KHURI, 34716, 1312368, Sanitation, 0, 0, 0, 0, 0, 0, 150000, 150000
2015, RAJASTHAN, 8, BARAN, 80, ATRU, 1180, KHURI, 34716, 1312368, Total, 0, 0, 0, 0, 0, 0, 2214289, 2214289
2015, RAJASTHAN, 8, BARAN, 80, ATRU, 1180, KISHANPURA, 34717, 1312370, Drinking water, 0, 0, 0, 0, 0, 0, 450000, 450000
2015, RAJASTHAN, 8, BARAN, 80, ATRU, 1180, KISHANPURA, 34717, 1312370, Roads, 0, 0, 0, 0, 0, 0, 1474909, 1474909
2015, RAJASTHAN, 8, BARAN, 80, ATRU, 1180, KISHANPURA, 34717, 1312370, Sanitation, 0, 0, 0, 0, 0, 0, 782994, 782994
2015, RAJASTHAN, 8, BARAN, 80, ATRU, 1180, KISHANPURA, 34717, 1312370, Total, 0, 0, 0, 0, 0, 0, 2707903, 2707903
2015, RAJASTHAN, 8, BARAN, 80, ATRU, 1180, KUNDI, 34718, 1312373, Drinking water, 0, 0, 0, 0, 0, 0, 300200, 300200
2015, RAJASTHAN, 8, BARAN, 80, ATRU, 1180, KUNDI, 34718, 1312373, Maintenance of community system, 0, 0, 0, 0, 0, 0, 114000, 114000
2015, RAJASTHAN, 8, BARAN, 80, ATRU, 1180, KUNDI, 34718, 1312373, Roads, 0, 0, 0, 0, 0, 0, 1730000, 1730000
2015, RAJASTHAN, 8, BARAN, 80, ATRU, 1180, KUNDI, 34718, 1312373, Sanitation, 0, 0, 0, 0, 0, 0, 98656, 98656
2015, RAJASTHAN, 8, BARAN, 80, ATRU, 1180, KUNDI, 34718, 1312373, Total, 0, 0, 0, 0, 0, 0, 2242856, 2242856
2015, RAJASTHAN, 8, BARAN, 80, ATRU, 1180, KUNJER, 34719, 1312377, Maintenance of community system, 0, 0, 0, 0, 0, 0, 200000, 200000
2015, RAJASTHAN, 8, BARAN, 80, ATRU, 1180, KUNJER, 34719, 1312377, Roads, 0, 0, 0, 0, 0, 0, 2215587, 2215587
2015, RAJASTHAN, 8, BARAN, 80, ATRU, 1180, KUNJER, 34719, 1312377, Total, 0, 0, 0, 0, 0, 0, 2415587, 2415587
2015, RAJASTHAN, 8, BARAN, 80, ATRU, 1180, MERMACHAH, 34720, 1312378, Administrative & Technical Support, 0, 0, 0, 0, 0, 0, 132893, 132893
2015, RAJASTHAN, 8, BARAN, 80, ATRU, 1180, MERMACHAH, 34720, 1312378, Drinking water, 0, 0, 0, 0, 0, 0, 100000, 100000
2015, RAJASTHAN, 8, BARAN, 80, ATRU, 1180, MERMACHAH, 34720, 1312378, Maintenance of community system, 0, 0, 0, 0, 0, 0, 530000, 530000
2015, RAJASTHAN, 8, BARAN, 80, ATRU, 1180, MERMACHAH, 34720, 1312378, Roads, 0, 0, 0, 0, 0, 0, 2370000, 2370000
2015, RAJASTHAN, 8, BARAN, 80, ATRU, 1180, MERMACHAH, 34720, 1312378, Sanitation, 0, 0, 0, 0, 0, 0, 10304, 10304
2015, RAJASTHAN, 8, BARAN, 80, ATRU, 1180, MERMACHAH, 34720, 1312378, Social welfare, 0, 0, 0, 0, 0, 0, 150000, 150000
2015, RAJASTHAN, 8, BARAN, 80, ATRU, 1180, MERMACHAH, 34720, 1312378, Total, 0, 0, 0, 0, 0, 0, 3293197, 3293197
2015, RAJASTHAN, 8, BARAN, 80, ATRU, 1180, MOONDLA BISOTI, 34721, 1312382, Maintenance of community system, 0, 0, 0, 0, 0, 0, 400000, 400000
2015, RAJASTHAN, 8, BARAN, 80, ATRU, 1180, MOONDLA BISOTI, 34721, 1312382, Roads, 0, 0, 0, 0, 0, 0, 2100000, 2100000
2015, RAJASTHAN, 8, BARAN, 80, ATRU, 1180, MOONDLA BISOTI, 34721, 1312382, Rural housing, 0, 0, 0, 0, 0, 0, 173501, 173501
2015, RAJASTHAN, 8, BARAN, 80, ATRU, 1180, MOONDLA BISOTI, 34721, 1312382, Sanitation, 0, 0, 0, 0, 0, 0, 126746, 126746
2015, RAJASTHAN, 8, BARAN, 80, ATRU, 1180, MOONDLA BISOTI, 34721, 1312382, Total, 0, 0, 0, 0, 0, 0, 2800247, 2800247
2015, RAJASTHAN, 8, BARAN, 80, ATRU, 1180, MOTHPUR, 34723, 1312385, Administrative & Technical Support, 0, 0, 0, 0, 0, 0, 200703, 200703
2015, RAJASTHAN, 8, BARAN, 80, ATRU, 1180, MOTHPUR, 34723, 1312385, Drinking water, 0, 0, 0, 0, 0, 0, 370000, 370000
2015, RAJASTHAN, 8, BARAN, 80, ATRU, 1180, MOTHPUR, 34723, 1312385, Maintenance of community system, 0, 0, 0, 0, 0, 0, 30000, 30000
2015, RAJASTHAN, 8, BARAN, 80, ATRU, 1180, MOTHPUR, 34723, 1312385, Roads, 0, 0, 0, 0, 0, 0, 2716382, 2716382
2015, RAJASTHAN, 8, BARAN, 80, ATRU, 1180, MOTHPUR, 34723, 1312385, Sanitation, 0, 0, 0, 0, 0, 0, 200000, 200000
2015, RAJASTHAN, 8, BARAN, 80, ATRU, 1180, MOTHPUR, 34723, 1312385, Total, 0, 0, 0, 0, 0, 0, 3517085, 3517085
2015, RAJASTHAN, 8, BARAN, 80, ATRU, 1180, MUSAI GUJRAN, 34722, 1312386, Drinking water, 0, 0, 0, 0, 0, 0, 167964, 167964
2015, RAJASTHAN, 8, BARAN, 80, ATRU, 1180, MUSAI GUJRAN, 34722, 1312386, Maintenance of community system, 0, 0, 0, 0, 0, 0, 251640, 251640
2015, RAJASTHAN, 8, BARAN, 80, ATRU, 1180, MUSAI GUJRAN, 34722, 1312386, Roads, 0, 0, 0, 0, 0, 0, 1600000, 1600000
2015, RAJASTHAN, 8, BARAN, 80, ATRU, 1180, MUSAI GUJRAN, 34722, 1312386, Rural housing, 0, 0, 0, 0, 0, 0, 200000, 200000
2015, RAJASTHAN, 8, BARAN, 80, ATRU, 1180, MUSAI GUJRAN, 34722, 1312386, Total, 0, 0, 0, 0, 0, 0, 2219604, 2219604
2015, RAJASTHAN, 8, BARAN, 80, ATRU, 1180, NANAWATA, 34724, 1312388, Administrative & Technical Support, 0, 0, 0, 0, 0, 0, 208166, 208166
2015, RAJASTHAN, 8, BARAN, 80, ATRU, 1180, NANAWATA, 34724, 1312388, Drinking water, 0, 0, 0, 0, 0, 0, 360000, 360000
2015, RAJASTHAN, 8, BARAN, 80, ATRU, 1180, NANAWATA, 34724, 1312388, Roads, 0, 0, 0, 0, 0, 0, 1197838, 1197838
2015, RAJASTHAN, 8, BARAN, 80, ATRU, 1180, NANAWATA, 34724, 1312388, Sanitation, 0, 0, 0, 0, 0, 0, 530000, 530000
2015, RAJASTHAN, 8, BARAN, 80, ATRU, 1180, NANAWATA, 34724, 1312388, Total, 0, 0, 0, 0, 0, 0, 2296004, 2296004
2015, RAJASTHAN, 8, BARAN, 80, ATRU, 1180, PATNA, 34725, 1312389, Drinking water, 0, 0, 0, 0, 0, 0, 740381, 740381
2015, RAJASTHAN, 8, BARAN, 80, ATRU, 1180, PATNA, 34725, 1312389, Maintenance of community system, 0, 0, 0, 0, 0, 0, 85000, 85000
2015, RAJASTHAN, 8, BARAN, 80, ATRU, 1180, PATNA, 34725, 1312389, Roads, 0, 0, 0, 0, 0, 0, 1150000, 1150000
2015, RAJASTHAN, 8, BARAN, 80, ATRU, 1180, PATNA, 34725, 1312389, Rural housing, 0, 0, 0, 0, 0, 0, 195000, 195000
2015, RAJASTHAN, 8, BARAN, 80, ATRU, 1180, PATNA, 34725, 1312389, Sanitation, 0, 0, 0, 0, 0, 0, 400000, 400000
2015, RAJASTHAN, 8, BARAN, 80, ATRU, 1180, PATNA, 34725, 1312389, Total, 0, 0, 0, 0, 0, 0, 2570381, 2570381
2015, RAJASTHAN, 8, BARAN, 80, ATRU, 1180, RATANPURA, 262156, 1312392, Administrative & Technical Support, 0, 0, 0, 0, 0, 0, 116113, 116113
2015, RAJASTHAN, 8, BARAN, 80, ATRU, 1180, RATANPURA, 262156, 1312392, Drinking water, 0, 0, 0, 0, 0, 0, 30196, 30196
2015, RAJASTHAN, 8, BARAN, 80, ATRU, 1180, RATANPURA, 262156, 1312392, Roads, 0, 0, 0, 0, 0, 0, 2800000, 2800000
2015, RAJASTHAN, 8, BARAN, 80, ATRU, 1180, RATANPURA, 262156, 1312392, Sanitation, 0, 0, 0, 0, 0, 0, 315000, 315000
2015, RAJASTHAN, 8, BARAN, 80, ATRU, 1180, RATANPURA, 262156, 1312392, Total, 0, 0, 0, 0, 0, 0, 3261309, 3261309
2015, RAJASTHAN, 8, BARAN, 80, ATRU, 1180, REECHHANDA, 34726, 1312393, Drinking water, 0, 0, 0, 0, 0, 0, 200000, 200000
2015, RAJASTHAN, 8, BARAN, 80, ATRU, 1180, REECHHANDA, 34726, 1312393, Roads, 0, 0, 0, 0, 0, 0, 1370185, 1370185
2015, RAJASTHAN, 8, BARAN, 80, ATRU, 1180, REECHHANDA, 34726, 1312393, Rural housing, 0, 0, 0, 0, 0, 0, 325000, 325000
2015, RAJASTHAN, 8, BARAN, 80, ATRU, 1180, REECHHANDA, 34726, 1312393, Sanitation, 0, 0, 0, 0, 0, 0, 851250, 851250
2015, RAJASTHAN, 8, BARAN, 80, ATRU, 1180, REECHHANDA, 34726, 1312393, Total, 0, 0, 0, 0, 0, 0, 2746435, 2746435
2015, RAJASTHAN, 8, BARAN, 80, ATRU, 1180, SAHROD, 34727, 1312394, Administrative & Technical Support, 0, 0, 0, 0, 0, 0, 200000, 200000
2015, RAJASTHAN, 8, BARAN, 80, ATRU, 1180, SAHROD, 34727, 1312394, Drinking water, 0, 0, 0, 0, 0, 0, 40000, 40000
2015, RAJASTHAN, 8, BARAN, 80, ATRU, 1180, SAHROD, 34727, 1312394, Maintenance of community system, 0, 0, 0, 0, 0, 0, 20000, 20000
2015, RAJASTHAN, 8, BARAN, 80, ATRU, 1180, SAHROD, 34727, 1312394, Roads, 0, 0, 0, 0, 0, 0, 816226, 816226
2015, RAJASTHAN, 8, BARAN, 80, ATRU, 1180, SAHROD, 34727, 1312394, Rural housing, 0, 0, 0, 0, 0, 0, 200000, 200000
2015, RAJASTHAN, 8, BARAN, 80, ATRU, 1180, SAHROD, 34727, 1312394, Sanitation, 0, 0, 0, 0, 0, 0, 260000, 260000
2015, RAJASTHAN, 8, BARAN, 80, ATRU, 1180, SAHROD, 34727, 1312394, Social welfare, 0, 0, 0, 0, 0, 0, 120000, 120000
2015, RAJASTHAN, 8, BARAN, 80, ATRU, 1180, SAHROD, 34727, 1312394, Total, 0, 0, 0, 0, 0, 0, 1656226, 1656226
2015, RAJASTHAN, 8, BARAN, 80, ATRU, 1180, SAKATPUR, 34728, 1312396, Drinking water, 0, 0, 0, 0, 0, 0, 100622, 100622
2015, RAJASTHAN, 8, BARAN, 80, ATRU, 1180, SAKATPUR, 34728, 1312396, Maintenance of community system, 0, 0, 0, 0, 0, 0, 90000, 90000
2015, RAJASTHAN, 8, BARAN, 80, ATRU, 1180, SAKATPUR, 34728, 1312396, Roads, 0, 0, 0, 0, 0, 0, 1655728, 1655728
2015, RAJASTHAN, 8, BARAN, 80, ATRU, 1180, SAKATPUR, 34728, 1312396, Sanitation, 0, 0, 0, 0, 0, 0, 350000, 350000
2015, RAJASTHAN, 8, BARAN, 80, ATRU, 1180, SAKATPUR, 34728, 1312396, Total, 0, 0, 0, 0, 0, 0, 2196350, 2196350
2015, RAJASTHAN, 8, BARAN, 80, ATRU, 1180, SHERGARH, 34729, 1312397, Maintenance of community system, 0, 0, 0, 0, 0, 0, 294204, 294204
2015, RAJASTHAN, 8, BARAN, 80, ATRU, 1180, SHERGARH, 34729, 1312397, Roads, 0, 0, 0, 0, 0, 0, 1809480, 1809480
2015, RAJASTHAN, 8, BARAN, 80, ATRU, 1180, SHERGARH, 34729, 1312397, Rural housing, 0, 0, 0, 0, 0, 0, 300000, 300000
2015, RAJASTHAN, 8, BARAN, 80, ATRU, 1180, SHERGARH, 34729, 1312397, Sanitation, 0, 0, 0, 0, 0, 0, 750000, 750000
2015, RAJASTHAN, 8, BARAN, 80, ATRU, 1180, SHERGARH, 34729, 1312397, Total, 0, 0, 0, 0, 0, 0, 3153684, 3153684
2015, RAJASTHAN, 8, BARAN, 80, BARAN (FULL), 1181, BADAN, 34730, 1286670, Administrative & Technical Support, 0, 0, 0, 0, 0, 0, 10000, 10000
2015, RAJASTHAN, 8, BARAN, 80, BARAN (FULL), 1181, BADAN, 34730, 1286670, Drinking water, 0, 0, 0, 0, 0, 0, 325000, 325000
2015, RAJASTHAN, 8, BARAN, 80, BARAN (FULL), 1181, BADAN, 34730, 1286670, Roads, 0, 0, 0, 0, 0, 0, 1638221, 1638221
2015, RAJASTHAN, 8, BARAN, 80, BARAN (FULL), 1181, BADAN, 34730, 1286670, Sanitation, 0, 0, 0, 0, 0, 0, 474912, 474912
2015, RAJASTHAN, 8, BARAN, 80, BARAN (FULL), 1181, BADAN, 34730, 1286670, Total, 0, 0, 0, 0, 0, 0, 2448133, 2448133
2015, RAJASTHAN, 8, BARAN, 80, BARAN (FULL), 1181, BAMLA, 34731, 1286674, Roads, 0, 0, 0, 0, 0, 0, 2207189, 2207189
2015, RAJASTHAN, 8, BARAN, 80, BARAN (FULL), 1181, BAMLA, 34731, 1286674, Rural electrification, 0, 0, 0, 0, 0, 0, 225000, 225000
2015, RAJASTHAN, 8, BARAN, 80, BARAN (FULL), 1181, BAMLA, 34731, 1286674, Total, 0, 0, 0, 0, 0, 0, 2432189, 2432189
2015, RAJASTHAN, 8, BARAN, 80, BARAN (FULL), 1181, BARANA, 34732, 1286679, Drinking water, 0, 0, 0, 0, 0, 0, 185119, 185119
2015, RAJASTHAN, 8, BARAN, 80, BARAN (FULL), 1181, BARANA, 34732, 1286679, Roads, 0, 0, 0, 0, 0, 0, 1077412, 1077412
2015, RAJASTHAN, 8, BARAN, 80, BARAN (FULL), 1181, BARANA, 34732, 1286679, Sanitation, 0, 0, 0, 0, 0, 0, 880000, 880000
2015, RAJASTHAN, 8, BARAN, 80, BARAN (FULL), 1181, BARANA, 34732, 1286679, Total, 0, 0, 0, 0, 0, 0, 2142531, 2142531
2015, RAJASTHAN, 8, BARAN, 80, BARAN (FULL), 1181, BATAWADA, 34733, 1114990, Administrative & Technical Support, 0, 0, 0, 0, 0, 0, 84450, 84450
2015, RAJASTHAN, 8, BARAN, 80, BARAN (FULL), 1181, BATAWADA, 34733, 1114990, Roads, 0, 0, 0, 0, 0, 0, 1096357, 1096357
2015, RAJASTHAN, 8, BARAN, 80, BARAN (FULL), 1181, BATAWADA, 34733, 1114990, Sanitation, 0, 0, 0, 0, 0, 0, 500000, 500000
2015, RAJASTHAN, 8, BARAN, 80, BARAN (FULL), 1181, BATAWADA, 34733, 1114990, Total, 0, 0, 0, 0, 0, 0, 1680807, 1680807
2015, RAJASTHAN, 8, BARAN, 80, BARAN (FULL), 1181, BEGNA, 34734, 1286692, Drinking water, 0, 0, 0, 0, 0, 0, 150955, 150955
2015, RAJASTHAN, 8, BARAN, 80, BARAN (FULL), 1181, BEGNA, 34734, 1286692, Roads, 0, 0, 0, 0, 0, 0, 1961681, 1961681
2015, RAJASTHAN, 8, BARAN, 80, BARAN (FULL), 1181, BEGNA, 34734, 1286692, Total, 0, 0, 0, 0, 0, 0, 2112636, 2112636
2015, RAJASTHAN, 8, BARAN, 80, BARAN (FULL), 1181, FATEHPUR, 34735, 1286761, Administrative & Technical Support, 0, 0, 0, 0, 0, 0, 62153, 62153
2015, RAJASTHAN, 8, BARAN, 80, BARAN (FULL), 1181, FATEHPUR, 34735, 1286761, Roads, 0, 0, 0, 0, 0, 0, 2512976, 2512976
2015, RAJASTHAN, 8, BARAN, 80, BARAN (FULL), 1181, FATEHPUR, 34735, 1286761, Sanitation, 0, 0, 0, 0, 0, 0, 1300029, 1300029
2015, RAJASTHAN, 8, BARAN, 80, BARAN (FULL), 1181, FATEHPUR, 34735, 1286761, Total, 0, 0, 0, 0, 0, 0, 3875158, 3875158
2015, RAJASTHAN, 8, BARAN, 80, BARAN (FULL), 1181, IKLERA, 34736, 1286700, Administrative & Technical Support, 0, 0, 0, 0, 0, 0, 60768, 60768
2015, RAJASTHAN, 8, BARAN, 80, BARAN (FULL), 1181, IKLERA, 34736, 1286700, Drinking water, 0, 0, 0, 0, 0, 0, 89939, 89939
2015, RAJASTHAN, 8, BARAN, 80, BARAN (FULL), 1181, IKLERA, 34736, 1286700, Roads, 0, 0, 0, 0, 0, 0, 1038677, 1038677
2015, RAJASTHAN, 8, BARAN, 80, BARAN (FULL), 1181, IKLERA, 34736, 1286700, Sanitation, 0, 0, 0, 0, 0, 0, 900000, 900000
2015, RAJASTHAN, 8, BARAN, 80, BARAN (FULL), 1181, IKLERA, 34736, 1286700, Total, 0, 0, 0, 0, 0, 0, 2089384, 2089384
2015, RAJASTHAN, 8, BARAN, 80, BARAN (FULL), 1181, KALMANDA, 34737, 1286709, Roads, 0, 0, 0, 0, 0, 0, 1462032, 1462032
2015, RAJASTHAN, 8, BARAN, 80, BARAN (FULL), 1181, KALMANDA, 34737, 1286709, Sanitation, 0, 0, 0, 0, 0, 0, 250000, 250000
2015, RAJASTHAN, 8, BARAN, 80, BARAN (FULL), 1181, KALMANDA, 34737, 1286709, Total, 0, 0, 0, 0, 0, 0, 1712032, 1712032
2015, RAJASTHAN, 8, BARAN, 80, BARAN (FULL), 1181, KARNAHERA, 34738, 1286721, Roads, 0, 0, 0, 0, 0, 0, 1352950, 1352950
2015, RAJASTHAN, 8, BARAN, 80, BARAN (FULL), 1181, KARNAHERA, 34738, 1286721, Sanitation, 0, 0, 0, 0, 0, 0, 500000, 500000
2015, RAJASTHAN, 8, BARAN, 80, BARAN (FULL), 1181, KARNAHERA, 34738, 1286721, Social welfare, 0, 0, 0, 0, 0, 0, 148074, 148074
2015, RAJASTHAN, 8, BARAN, 80, BARAN (FULL), 1181, KARNAHERA, 34738, 1286721, Total, 0, 0, 0, 0, 0, 0, 2001024, 2001024
2015, RAJASTHAN, 8, BARAN, 80, BARAN (FULL), 1181, KHERALI, 34739, 1286727, Administrative & Technical Support, 0, 0, 0, 0, 0, 0, 45000, 45000
2015, RAJASTHAN, 8, BARAN, 80, BARAN (FULL), 1181, KHERALI, 34739, 1286727, Drinking water, 0, 0, 0, 0, 0, 0, 50000, 50000
2015, RAJASTHAN, 8, BARAN, 80, BARAN (FULL), 1181, KHERALI, 34739, 1286727, Health, 0, 0, 0, 0, 0, 0, 897831, 897831
2015, RAJASTHAN, 8, BARAN, 80, BARAN (FULL), 1181, KHERALI, 34739, 1286727, Roads, 0, 0, 0, 0, 0, 0, 500000, 500000
2015, RAJASTHAN, 8, BARAN, 80, BARAN (FULL), 1181, KHERALI, 34739, 1286727, Sanitation, 0, 0, 0, 0, 0, 0, 298923, 298923
2015, RAJASTHAN, 8, BARAN, 80, BARAN (FULL), 1181, KHERALI, 34739, 1286727, Total, 0, 0, 0, 0, 0, 0, 1791754, 1791754
2015, RAJASTHAN, 8, BARAN, 80, BARAN (FULL), 1181, KOTRISUNDA, 34740, 1106778, Drinking water, 0, 0, 0, 0, 0, 0, 200000, 200000
2015, RAJASTHAN, 8, BARAN, 80, BARAN (FULL), 1181, KOTRISUNDA, 34740, 1106778, Roads, 0, 0, 0, 0, 0, 0, 772188, 772188
2015, RAJASTHAN, 8, BARAN, 80, BARAN (FULL), 1181, KOTRISUNDA, 34740, 1106778, Sanitation, 0, 0, 0, 0, 0, 0, 200000, 200000
2015, RAJASTHAN, 8, BARAN, 80, BARAN (FULL), 1181, KOTRISUNDA, 34740, 1106778, Total, 0, 0, 0, 0, 0, 0, 1172188, 1172188
2015, RAJASTHAN, 8, BARAN, 80, BARAN (FULL), 1181, KOYLA, 34741, 1108262, Roads, 0, 0, 0, 0, 0, 0, 1938411, 1938411
2015, RAJASTHAN, 8, BARAN, 80, BARAN (FULL), 1181, KOYLA, 34741, 1108262, Sanitation, 0, 0, 0, 0, 0, 0, 2125423, 2125423
2015, RAJASTHAN, 8, BARAN, 80, BARAN (FULL), 1181, KOYLA, 34741, 1108262, Total, 0, 0, 0, 0, 0, 0, 4063834, 4063834
2015, RAJASTHAN, 8, BARAN, 80, BARAN (FULL), 1181, LISARIYA, 34742, 1112993, Roads, 0, 0, 0, 0, 0, 0, 2000051, 2000051
2015, RAJASTHAN, 8, BARAN, 80, BARAN (FULL), 1181, LISARIYA, 34742, 1112993, Sanitation, 0, 0, 0, 0, 0, 0, 1040683, 1040683
2015, RAJASTHAN, 8, BARAN, 80, BARAN (FULL), 1181, LISARIYA, 34742, 1112993, Total, 0, 0, 0, 0, 0, 0, 3040734, 3040734
2015, RAJASTHAN, 8, BARAN, 80, BARAN (FULL), 1181, MANDOLA, 34743, 1286740, Roads, 0, 0, 0, 0, 0, 0, 2062651, 2062651
2015, RAJASTHAN, 8, BARAN, 80, BARAN (FULL), 1181, MANDOLA, 34743, 1286740, Sanitation, 0, 0, 0, 0, 0, 0, 907003, 907003
2015, RAJASTHAN, 8, BARAN, 80, BARAN (FULL), 1181, MANDOLA, 34743, 1286740, Total, 0, 0, 0, 0, 0, 0, 2969654, 2969654
2015, RAJASTHAN, 8, BARAN, 80, BARAN (FULL), 1181, MATHANA, 34744, 1114799, Roads, 0, 0, 0, 0, 0, 0, 1000000, 1000000
2015, RAJASTHAN, 8, BARAN, 80, BARAN (FULL), 1181, MATHANA, 34744, 1114799, Sanitation, 0, 0, 0, 0, 0, 0, 1555093, 1555093
2015, RAJASTHAN, 8, BARAN, 80, BARAN (FULL), 1181, MATHANA, 34744, 1114799, Total, 0, 0, 0, 0, 0, 0, 2555093, 2555093
2015, RAJASTHAN, 8, BARAN, 80, BARAN (FULL), 1181, MIYADA, 34745, 1111954, Drinking water, 0, 0, 0, 0, 0, 0, 300000, 300000
2015, RAJASTHAN, 8, BARAN, 80, BARAN (FULL), 1181, MIYADA, 34745, 1111954, Land improvement, 0, 0, 0, 0, 0, 0, 205329, 205329
2015, RAJASTHAN, 8, BARAN, 80, BARAN (FULL), 1181, MIYADA, 34745, 1111954, Roads, 0, 0, 0, 0, 0, 0, 1305315, 1305315
2015, RAJASTHAN, 8, BARAN, 80, BARAN (FULL), 1181, MIYADA, 34745, 1111954, Sanitation, 0, 0, 0, 0, 0, 0, 437902, 437902
2015, RAJASTHAN, 8, BARAN, 80, BARAN (FULL), 1181, MIYADA, 34745, 1111954, Total, 0, 0, 0, 0, 0, 0, 2248546, 2248546
2015, RAJASTHAN, 8, BARAN, 80, BARAN (FULL), 1181, NAREDA, 34746, 1113806, Drinking water, 0, 0, 0, 0, 0, 0, 340000, 340000
2015, RAJASTHAN, 8, BARAN, 80, BARAN (FULL), 1181, NAREDA, 34746, 1113806, Roads, 0, 0, 0, 0, 0, 0, 2632674, 2632674
2015, RAJASTHAN, 8, BARAN, 80, BARAN (FULL), 1181, NAREDA, 34746, 1113806, Sanitation, 0, 0, 0, 0, 0, 0, 850000, 850000
2015, RAJASTHAN, 8, BARAN, 80, BARAN (FULL), 1181, NAREDA, 34746, 1113806, Total, 0, 0, 0, 0, 0, 0, 3822674, 3822674
2015, RAJASTHAN, 8, BARAN, 80, BARAN (FULL), 1181, PATHEDA, 34747, 1286750, Administrative & Technical Support, 0, 0, 0, 0, 0, 0, 17984, 17984
2015, RAJASTHAN, 8, BARAN, 80, BARAN (FULL), 1181, PATHEDA, 34747, 1286750, Roads, 0, 0, 0, 0, 0, 0, 1936383, 1936383
2015, RAJASTHAN, 8, BARAN, 80, BARAN (FULL), 1181, PATHEDA, 34747, 1286750, Sanitation, 0, 0, 0, 0, 0, 0, 1000000, 1000000
2015, RAJASTHAN, 8, BARAN, 80, BARAN (FULL), 1181, PATHEDA, 34747, 1286750, Total, 0, 0, 0, 0, 0, 0, 2954367, 2954367
2015, RAJASTHAN, 8, BARAN, 80, BARAN (FULL), 1181, PHOONSRA, 34748, 1286695, Administrative & Technical Support, 0, 0, 0, 0, 0, 0, 50000, 50000
2015, RAJASTHAN, 8, BARAN, 80, BARAN (FULL), 1181, PHOONSRA, 34748, 1286695, Drinking water, 0, 0, 0, 0, 0, 0, 50000, 50000
2015, RAJASTHAN, 8, BARAN, 80, BARAN (FULL), 1181, PHOONSRA, 34748, 1286695, Roads, 0, 0, 0, 0, 0, 0, 829556, 829556
2015, RAJASTHAN, 8, BARAN, 80, BARAN (FULL), 1181, PHOONSRA, 34748, 1286695, Sanitation, 0, 0, 0, 0, 0, 0, 741951, 741951
2015, RAJASTHAN, 8, BARAN, 80, BARAN (FULL), 1181, PHOONSRA, 34748, 1286695, Total, 0, 0, 0, 0, 0, 0, 1671507, 1671507
2015, RAJASTHAN, 8, BARAN, 80, BARAN (FULL), 1181, RATAWAD, 34749, 1286793, Administrative & Technical Support, 0, 0, 0, 0, 0, 0, 214500, 214500
2015, RAJASTHAN, 8, BARAN, 80, BARAN (FULL), 1181, RATAWAD, 34749, 1286793, Drinking water, 0, 0, 0, 0, 0, 0, 165210, 165210
2015, RAJASTHAN, 8, BARAN, 80, BARAN (FULL), 1181, RATAWAD, 34749, 1286793, Education, 0, 0, 0, 0, 0, 0, 300000, 300000
2015, RAJASTHAN, 8, BARAN, 80, BARAN (FULL), 1181, RATAWAD, 34749, 1286793, Roads, 0, 0, 0, 0, 0, 0, 500000, 500000
2015, RAJASTHAN, 8, BARAN, 80, BARAN (FULL), 1181, RATAWAD, 34749, 1286793, Sanitation, 0, 0, 0, 0, 0, 0, 982087, 982087
2015, RAJASTHAN, 8, BARAN, 80, BARAN (FULL), 1181, RATAWAD, 34749, 1286793, Total, 0, 0, 0, 0, 0, 0, 2161797, 2161797
2015, RAJASTHAN, 8, BARAN, 80, BARAN (FULL), 1181, SAMBALPUR, 34750, 1116689, Administrative & Technical Support, 0, 0, 0, 0, 0, 0, 35641, 35641
2015, RAJASTHAN, 8, BARAN, 80, BARAN (FULL), 1181, SAMBALPUR, 34750, 1116689, Drinking water, 0, 0, 0, 0, 0, 0, 30606, 30606
2015, RAJASTHAN, 8, BARAN, 80, BARAN (FULL), 1181, SAMBALPUR, 34750, 1116689, Roads, 0, 0, 0, 0, 0, 0, 1325718, 1325718
2015, RAJASTHAN, 8, BARAN, 80, BARAN (FULL), 1181, SAMBALPUR, 34750, 1116689, Sanitation, 0, 0, 0, 0, 0, 0, 435000, 435000
2015, RAJASTHAN, 8, BARAN, 80, BARAN (FULL), 1181, SAMBALPUR, 34750, 1116689, Total, 0, 0, 0, 0, 0, 0, 1826965, 1826965
2015, RAJASTHAN, 8, BARAN, 80, BARAN (FULL), 1181, SEEMLI, 34751, 1116247, Drinking water, 0, 0, 0, 0, 0, 0, 116884, 116884
2015, RAJASTHAN, 8, BARAN, 80, BARAN (FULL), 1181, SEEMLI, 34751, 1116247, Roads, 0, 0, 0, 0, 0, 0, 2151496, 2151496
2015, RAJASTHAN, 8, BARAN, 80, BARAN (FULL), 1181, SEEMLI, 34751, 1116247, Sanitation, 0, 0, 0, 0, 0, 0, 300000, 300000
2015, RAJASTHAN, 8, BARAN, 80, BARAN (FULL), 1181, SEEMLI, 34751, 1116247, Total, 0, 0, 0, 0, 0, 0, 2568380, 2568380
2015, RAJASTHAN, 8, BARAN, 80, BARAN (FULL), 1181, SUNDLAK, 34752, 1286807, Roads, 0, 0, 0, 0, 0, 0, 1656891, 1656891
2015, RAJASTHAN, 8, BARAN, 80, BARAN (FULL), 1181, SUNDLAK, 34752, 1286807, Total, 0, 0, 0, 0, 0, 0, 1656891, 1656891
2015, RAJASTHAN, 8, BARAN, 80, BARAN (FULL), 1181, THAMLI, 34753, 1122558, Roads, 0, 0, 0, 0, 0, 0, 1368794, 1368794
2015, RAJASTHAN, 8, BARAN, 80, BARAN (FULL), 1181, THAMLI, 34753, 1122558, Sanitation, 0, 0, 0, 0, 0, 0, 446569, 446569
2015, RAJASTHAN, 8, BARAN, 80, BARAN (FULL), 1181, THAMLI, 34753, 1122558, Total, 0, 0, 0, 0, 0, 0, 1815363, 1815363
2015, RAJASTHAN, 8, BARAN, 80, BARAN (FULL), 1181, TISAYA, 34754, 1286828, Drinking water, 0, 0, 0, 0, 0, 0, 100000, 100000
2015, RAJASTHAN, 8, BARAN, 80, BARAN (FULL), 1181, TISAYA, 34754, 1286828, Education, 0, 0, 0, 0, 0, 0, 36000, 36000
2015, RAJASTHAN, 8, BARAN, 80, BARAN (FULL), 1181, TISAYA, 34754, 1286828, Roads, 0, 0, 0, 0, 0, 0, 1447357, 1447357
2015, RAJASTHAN, 8, BARAN, 80, BARAN (FULL), 1181, TISAYA, 34754, 1286828, Sanitation, 0, 0, 0, 0, 0, 0, 407038, 407038
2015, RAJASTHAN, 8, BARAN, 80, BARAN (FULL), 1181, TISAYA, 34754, 1286828, Total, 0, 0, 0, 0, 0, 0, 1990395, 1990395
2015, RAJASTHAN, 8, BARAN, 80, BARAN (FULL), 1181, TULSAN, 34755, 1286837, Administrative & Technical Support, 0, 0, 0, 0, 0, 0, 150000, 150000
2015, RAJASTHAN, 8, BARAN, 80, BARAN (FULL), 1181, TULSAN, 34755, 1286837, Drinking water, 0, 0, 0, 0, 0, 0, 25000, 25000
2015, RAJASTHAN, 8, BARAN, 80, BARAN (FULL), 1181, TULSAN, 34755, 1286837, Roads, 0, 0, 0, 0, 0, 0, 1768158, 1768158
2015, RAJASTHAN, 8, BARAN, 80, BARAN (FULL), 1181, TULSAN, 34755, 1286837, Sanitation, 0, 0, 0, 0, 0, 0, 1550000, 1550000
2015, RAJASTHAN, 8, BARAN, 80, BARAN (FULL), 1181, TULSAN, 34755, 1286837, Total, 0, 0, 0, 0, 0, 0, 3493158, 3493158
2015, RAJASTHAN, 8, BARAN, 80, CHHABRA, 1182, BAPCHA, 34756, 1285176, Administrative & Technical Support, 0, 0, 0, 0, 0, 0, 89213, 89213
2015, RAJASTHAN, 8, BARAN, 80, CHHABRA, 1182, BAPCHA, 34756, 1285176, Roads, 0, 0, 0, 0, 0, 0, 2930925, 2930925
2015, RAJASTHAN, 8, BARAN, 80, CHHABRA, 1182, BAPCHA, 34756, 1285176, Total, 0, 0, 0, 0, 0, 0, 3020138, 3020138
2015, RAJASTHAN, 8, BARAN, 80, CHHABRA, 1182, BARAI, 34757, 1183023, Roads, 0, 0, 0, 0, 0, 0, 3672531, 3672531
2015, RAJASTHAN, 8, BARAN, 80, CHHABRA, 1182, BARAI, 34757, 1183023, Total, 0, 0, 0, 0, 0, 0, 3672531, 3672531
2015, RAJASTHAN, 8, BARAN, 80, CHHABRA, 1182, BHILWARA NEECHA, 34758, 1183034, Health, 0, 0, 0, 0, 0, 0, 80000, 80000
2015, RAJASTHAN, 8, BARAN, 80, CHHABRA, 1182, BHILWARA NEECHA, 34758, 1183034, Roads, 0, 0, 0, 0, 0, 0, 2399358, 2399358
2015, RAJASTHAN, 8, BARAN, 80, CHHABRA, 1182, BHILWARA NEECHA, 34758, 1183034, Total, 0, 0, 0, 0, 0, 0, 2479358, 2479358
2015, RAJASTHAN, 8, BARAN, 80, CHHABRA, 1182, BHOOLON, 34759, 1183050, Roads, 0, 0, 0, 0, 0, 0, 2891255, 2891255
2015, RAJASTHAN, 8, BARAN, 80, CHHABRA, 1182, BHOOLON, 34759, 1183050, Total, 0, 0, 0, 0, 0, 0, 2891255, 2891255
2015, RAJASTHAN, 8, BARAN, 80, CHHABRA, 1182, BHUWA KHERI, 34760, 1183062, Drinking water, 0, 0, 0, 0, 0, 0, 102560, 102560
2015, RAJASTHAN, 8, BARAN, 80, CHHABRA, 1182, BHUWA KHERI, 34760, 1183062, Roads, 0, 0, 0, 0, 0, 0, 2988000, 2988000
2015, RAJASTHAN, 8, BARAN, 80, CHHABRA, 1182, BHUWA KHERI, 34760, 1183062, Total, 0, 0, 0, 0, 0, 0, 3090560, 3090560
2015, RAJASTHAN, 8, BARAN, 80, CHHABRA, 1182, CHACHORA, 34761, 1183066, Roads, 0, 0, 0, 0, 0, 0, 3487842, 3487842
2015, RAJASTHAN, 8, BARAN, 80, CHHABRA, 1182, CHACHORA, 34761, 1183066, Total, 0, 0, 0, 0, 0, 0, 3487842, 3487842
2015, RAJASTHAN, 8, BARAN, 80, CHHABRA, 1182, DILOD, 34762, 1183070, Roads, 0, 0, 0, 0, 0, 0, 3623022, 3623022
2015, RAJASTHAN, 8, BARAN, 80, CHHABRA, 1182, DILOD, 34762, 1183070, Social welfare, 0, 0, 0, 0, 0, 0, 100000, 100000
2015, RAJASTHAN, 8, BARAN, 80, CHHABRA, 1182, DILOD, 34762, 1183070, Total, 0, 0, 0, 0, 0, 0, 3723022, 3723022
2015, RAJASTHAN, 8, BARAN, 80, CHHABRA, 1182, FALIYA, 34763, 1285289, Administrative & Technical Support, 0, 0, 0, 0, 0, 0, 103160, 103160
2015, RAJASTHAN, 8, BARAN, 80, CHHABRA, 1182, FALIYA, 34763, 1285289, Drinking water, 0, 0, 0, 0, 0, 0, 423561, 423561
2015, RAJASTHAN, 8, BARAN, 80, CHHABRA, 1182, FALIYA, 34763, 1285289, Maintenance of community system, 0, 0, 0, 0, 0, 0, 2300000, 2300000
2015, RAJASTHAN, 8, BARAN, 80, CHHABRA, 1182, FALIYA, 34763, 1285289, Roads, 0, 0, 0, 0, 0, 0, 600000, 600000
2015, RAJASTHAN, 8, BARAN, 80, CHHABRA, 1182, FALIYA, 34763, 1285289, Total, 0, 0, 0, 0, 0, 0, 3426721, 3426721
2015, RAJASTHAN, 8, BARAN, 80, CHHABRA, 1182, GHATA KHERI, 34764, 1183271, Drinking water, 0, 0, 0, 0, 0, 0, 725297, 725297
2015, RAJASTHAN, 8, BARAN, 80, CHHABRA, 1182, GHATA KHERI, 34764, 1183271, Roads, 0, 0, 0, 0, 0, 0, 2019136, 2019136
2015, RAJASTHAN, 8, BARAN, 80, CHHABRA, 1182, GHATA KHERI, 34764, 1183271, Total, 0, 0, 0, 0, 0, 0, 2744433, 2744433
2015, RAJASTHAN, 8, BARAN, 80, CHHABRA, 1182, GODIYA MEHAR, 34765, 1285184, Administrative & Technical Support, 0, 0, 0, 0, 0, 0, 152138, 152138
2015, RAJASTHAN, 8, BARAN, 80, CHHABRA, 1182, GODIYA MEHAR, 34765, 1285184, Drinking water, 0, 0, 0, 0, 0, 0, 25000, 25000
2015, RAJASTHAN, 8, BARAN, 80, CHHABRA, 1182, GODIYA MEHAR, 34765, 1285184, Maintenance of community system, 0, 0, 0, 0, 0, 0, 102311, 102311
2015, RAJASTHAN, 8, BARAN, 80, CHHABRA, 1182, GODIYA MEHAR, 34765, 1285184, Roads, 0, 0, 0, 0, 0, 0, 2123508, 2123508
2015, RAJASTHAN, 8, BARAN, 80, CHHABRA, 1182, GODIYA MEHAR, 34765, 1285184, Total, 0, 0, 0, 0, 0, 0, 2402957, 2402957
2015, RAJASTHAN, 8, BARAN, 80, CHHABRA, 1182, GOOGOR, 34766, 1183265, Drinking water, 0, 0, 0, 0, 0, 0, 353153, 353153
2015, RAJASTHAN, 8, BARAN, 80, CHHABRA, 1182, GOOGOR, 34766, 1183265, Roads, 0, 0, 0, 0, 0, 0, 2587263, 2587263
2015, RAJASTHAN, 8, BARAN, 80, CHHABRA, 1182, GOOGOR, 34766, 1183265, Total, 0, 0, 0, 0, 0, 0, 2940416, 2940416
2015, RAJASTHAN, 8, BARAN, 80, CHHABRA, 1182, HANA HERI, 34767, 1285194, Drinking water, 0, 0, 0, 0, 0, 0, 339713, 339713
2015, RAJASTHAN, 8, BARAN, 80, CHHABRA, 1182, HANA HERI, 34767, 1285194, Roads, 0, 0, 0, 0, 0, 0, 2441925, 2441925
2015, RAJASTHAN, 8, BARAN, 80, CHHABRA, 1182, HANA HERI, 34767, 1285194, Total, 0, 0, 0, 0, 0, 0, 2781638, 2781638
2015, RAJASTHAN, 8, BARAN, 80, CHHABRA, 1182, JEPLA, 34768, 1183250, Land improvement, 0, 0, 0, 0, 0, 0, 500000, 500000
2015, RAJASTHAN, 8, BARAN, 80, CHHABRA, 1182, JEPLA, 34768, 1183250, Maintenance of community system, 0, 0, 0, 0, 0, 0, 600000, 600000
2015, RAJASTHAN, 8, BARAN, 80, CHHABRA, 1182, JEPLA, 34768, 1183250, Roads, 0, 0, 0, 0, 0, 0, 1468380, 1468380
2015, RAJASTHAN, 8, BARAN, 80, CHHABRA, 1182, JEPLA, 34768, 1183250, Total, 0, 0, 0, 0, 0, 0, 2568380, 2568380
2015, RAJASTHAN, 8, BARAN, 80, CHHABRA, 1182, JHARKHERI, 34769, 1285232, Administrative & Technical Support, 0, 0, 0, 0, 0, 0, 110000, 110000
2015, RAJASTHAN, 8, BARAN, 80, CHHABRA, 1182, JHARKHERI, 34769, 1285232, Drinking water, 0, 0, 0, 0, 0, 0, 95426, 95426
2015, RAJASTHAN, 8, BARAN, 80, CHHABRA, 1182, JHARKHERI, 34769, 1285232, Roads, 0, 0, 0, 0, 0, 0, 2155678, 2155678
2015, RAJASTHAN, 8, BARAN, 80, CHHABRA, 1182, JHARKHERI, 34769, 1285232, Total, 0, 0, 0, 0, 0, 0, 2361104, 2361104
2015, RAJASTHAN, 8, BARAN, 80, CHHABRA, 1182, KADAIYA BAN, 34770, 1285236, Roads, 0, 0, 0, 0, 0, 0, 2636808, 2636808
2015, RAJASTHAN, 8, BARAN, 80, CHHABRA, 1182, KADAIYA BAN, 34770, 1285236, Total, 0, 0, 0, 0, 0, 0, 2636808, 2636808
2015, RAJASTHAN, 8, BARAN, 80, CHHABRA, 1182, KADAIYA HAT, 34771, 1285257, Administrative & Technical Support, 0, 0, 0, 0, 0, 0, 207959, 207959
2015, RAJASTHAN, 8, BARAN, 80, CHHABRA, 1182, KADAIYA HAT, 34771, 1285257, Drinking water, 0, 0, 0, 0, 0, 0, 175000, 175000
2015, RAJASTHAN, 8, BARAN, 80, CHHABRA, 1182, KADAIYA HAT, 34771, 1285257, Health, 0, 0, 0, 0, 0, 0, 50000, 50000
2015, RAJASTHAN, 8, BARAN, 80, CHHABRA, 1182, KADAIYA HAT, 34771, 1285257, Land improvement, 0, 0, 0, 0, 0, 0, 500000, 500000
2015, RAJASTHAN, 8, BARAN, 80, CHHABRA, 1182, KADAIYA HAT, 34771, 1285257, Maintenance of community system, 0, 0, 0, 0, 0, 0, 245213, 245213
2015, RAJASTHAN, 8, BARAN, 80, CHHABRA, 1182, KADAIYA HAT, 34771, 1285257, Roads, 0, 0, 0, 0, 0, 0, 1000000, 1000000
2015, RAJASTHAN, 8, BARAN, 80, CHHABRA, 1182, KADAIYA HAT, 34771, 1285257, Small-scale industries, 0, 0, 0, 0, 0, 0, 450000, 450000
2015, RAJASTHAN, 8, BARAN, 80, CHHABRA, 1182, KADAIYA HAT, 34771, 1285257, Total, 0, 0, 0, 0, 0, 0, 2628172, 2628172
2015, RAJASTHAN, 8, BARAN, 80, CHHABRA, 1182, KADAIYA NOHAR, 34772, 1183210, Maintenance of community system, 0, 0, 0, 0, 0, 0, 392113, 392113
2015, RAJASTHAN, 8, BARAN, 80, CHHABRA, 1182, KADAIYA NOHAR, 34772, 1183210, Roads, 0, 0, 0, 0, 0, 0, 2335046, 2335046
2015, RAJASTHAN, 8, BARAN, 80, CHHABRA, 1182, KADAIYA NOHAR, 34772, 1183210, Total, 0, 0, 0, 0, 0, 0, 2727159, 2727159
2015, RAJASTHAN, 8, BARAN, 80, CHHABRA, 1182, KHOPAR, 34773, 1285264, Administrative & Technical Support, 0, 0, 0, 0, 0, 0, 101000, 101000
2015, RAJASTHAN, 8, BARAN, 80, CHHABRA, 1182, KHOPAR, 34773, 1285264, Drinking water, 0, 0, 0, 0, 0, 0, 60000, 60000
2015, RAJASTHAN, 8, BARAN, 80, CHHABRA, 1182, KHOPAR, 34773, 1285264, Land improvement, 0, 0, 0, 0, 0, 0, 1034000, 1034000
2015, RAJASTHAN, 8, BARAN, 80, CHHABRA, 1182, KHOPAR, 34773, 1285264, Roads, 0, 0, 0, 0, 0, 0, 2122103, 2122103
2015, RAJASTHAN, 8, BARAN, 80, CHHABRA, 1182, KHOPAR, 34773, 1285264, Total, 0, 0, 0, 0, 0, 0, 3317103, 3317103
2015, RAJASTHAN, 8, BARAN, 80, CHHABRA, 1182, KOTRAPAR, 34774, 1285272, Administrative & Technical Support, 0, 0, 0, 0, 0, 0, 38500, 38500
2015, RAJASTHAN, 8, BARAN, 80, CHHABRA, 1182, KOTRAPAR, 34774, 1285272, Roads, 0, 0, 0, 0, 0, 0, 2441634, 2441634
2015, RAJASTHAN, 8, BARAN, 80, CHHABRA, 1182, KOTRAPAR, 34774, 1285272, Social welfare, 0, 0, 0, 0, 0, 0, 427730, 427730
2015, RAJASTHAN, 8, BARAN, 80, CHHABRA, 1182, KOTRAPAR, 34774, 1285272, Total, 0, 0, 0, 0, 0, 0, 2907864, 2907864
2015, RAJASTHAN, 8, BARAN, 80, CHHABRA, 1182, MOONDAKYA, 34775, 1184129, Drinking water, 0, 0, 0, 0, 0, 0, 24500, 24500
2015, RAJASTHAN, 8, BARAN, 80, CHHABRA, 1182, MOONDAKYA, 34775, 1184129, Roads, 0, 0, 0, 0, 0, 0, 1751403, 1751403
2015, RAJASTHAN, 8, BARAN, 80, CHHABRA, 1182, MOONDAKYA, 34775, 1184129, Social welfare, 0, 0, 0, 0, 0, 0, 1020349, 1020349
2015, RAJASTHAN, 8, BARAN, 80, CHHABRA, 1182, MOONDAKYA, 34775, 1184129, Total, 0, 0, 0, 0, 0, 0, 2796252, 2796252
2015, RAJASTHAN, 8, BARAN, 80, CHHABRA, 1182, MOONDLA, 34776, 1183204, Cultural activities, 0, 0, 0, 0, 0, 0, 76545, 76545
2015, RAJASTHAN, 8, BARAN, 80, CHHABRA, 1182, MOONDLA, 34776, 1183204, Health, 0, 0, 0, 0, 0, 0, 533723, 533723
2015, RAJASTHAN, 8, BARAN, 80, CHHABRA, 1182, MOONDLA, 34776, 1183204, Land improvement, 0, 0, 0, 0, 0, 0, 800000, 800000
2015, RAJASTHAN, 8, BARAN, 80, CHHABRA, 1182, MOONDLA, 34776, 1183204, Roads, 0, 0, 0, 0, 0, 0, 1530813, 1530813
2015, RAJASTHAN, 8, BARAN, 80, CHHABRA, 1182, MOONDLA, 34776, 1183204, Total, 0, 0, 0, 0, 0, 0, 2941081, 2941081
2015, RAJASTHAN, 8, BARAN, 80, CHHABRA, 1182, NIPANIYA, 34777, 1183199, Drinking water, 0, 0, 0, 0, 0, 0, 100000, 100000
2015, RAJASTHAN, 8, BARAN, 80, CHHABRA, 1182, NIPANIYA, 34777, 1183199, Roads, 0, 0, 0, 0, 0, 0, 2409918, 2409918
2015, RAJASTHAN, 8, BARAN, 80, CHHABRA, 1182, NIPANIYA, 34777, 1183199, Total, 0, 0, 0, 0, 0, 0, 2509918, 2509918
2015, RAJASTHAN, 8, BARAN, 80, CHHABRA, 1182, PACHPARA, 34778, 1183182, Drinking water, 0, 0, 0, 0, 0, 0, 20000, 20000
2015, RAJASTHAN, 8, BARAN, 80, CHHABRA, 1182, PACHPARA, 34778, 1183182, Maintenance of community system, 0, 0, 0, 0, 0, 0, 1062165, 1062165
2015, RAJASTHAN, 8, BARAN, 80, CHHABRA, 1182, PACHPARA, 34778, 1183182, Markets and fairs, 0, 0, 0, 0, 0, 0, 100000, 100000
2015, RAJASTHAN, 8, BARAN, 80, CHHABRA, 1182, PACHPARA, 34778, 1183182, Non-conventional energy sources, 0, 0, 0, 0, 0, 0, 601874, 601874
2015, RAJASTHAN, 8, BARAN, 80, CHHABRA, 1182, PACHPARA, 34778, 1183182, Roads, 0, 0, 0, 0, 0, 0, 500000, 500000
2015, RAJASTHAN, 8, BARAN, 80, CHHABRA, 1182, PACHPARA, 34778, 1183182, Total, 0, 0, 0, 0, 0, 0, 2284039, 2284039
2015, RAJASTHAN, 8, BARAN, 80, CHHABRA, 1182, PALI, 34779, 1285280, Administrative & Technical Support, 0, 0, 0, 0, 0, 0, 131591, 131591
2015, RAJASTHAN, 8, BARAN, 80, CHHABRA, 1182, PALI, 34779, 1285280, Drinking water, 0, 0, 0, 0, 0, 0, 80000, 80000
2015, RAJASTHAN, 8, BARAN, 80, CHHABRA, 1182, PALI, 34779, 1285280, Maintenance of community system, 0, 0, 0, 0, 0, 0, 15000, 15000
2015, RAJASTHAN, 8, BARAN, 80, CHHABRA, 1182, PALI, 34779, 1285280, Roads, 0, 0, 0, 0, 0, 0, 3099639, 3099639
2015, RAJASTHAN, 8, BARAN, 80, CHHABRA, 1182, PALI, 34779, 1285280, Social forestry and farm forestry, 0, 0, 0, 0, 0, 0, 50000, 50000
2015, RAJASTHAN, 8, BARAN, 80, CHHABRA, 1182, PALI, 34779, 1285280, Total, 0, 0, 0, 0, 0, 0, 3376230, 3376230
2015, RAJASTHAN, 8, BARAN, 80, CHHABRA, 1182, SEMLI, 34780, 1183176, Drinking water, 0, 0, 0, 0, 0, 0, 400000, 400000
2015, RAJASTHAN, 8, BARAN, 80, CHHABRA, 1182, SEMLI, 34780, 1183176, Roads, 0, 0, 0, 0, 0, 0, 1695363, 1695363
2015, RAJASTHAN, 8, BARAN, 80, CHHABRA, 1182, SEMLI, 34780, 1183176, Total, 0, 0, 0, 0, 0, 0, 2095363, 2095363
2015, RAJASTHAN, 8, BARAN, 80, CHHABRA, 1182, TEETAR KHEDHI, 34781, 1285307, Administrative & Technical Support, 0, 0, 0, 0, 0, 0, 376000, 376000
2015, RAJASTHAN, 8, BARAN, 80, CHHABRA, 1182, TEETAR KHEDHI, 34781, 1285307, Drinking water, 0, 0, 0, 0, 0, 0, 560000, 560000
2015, RAJASTHAN, 8, BARAN, 80, CHHABRA, 1182, TEETAR KHEDHI, 34781, 1285307, Education, 0, 0, 0, 0, 0, 0, 100000, 100000
2015, RAJASTHAN, 8, BARAN, 80, CHHABRA, 1182, TEETAR KHEDHI, 34781, 1285307, Maintenance of community system, 0, 0, 0, 0, 0, 0, 1011638, 1011638
2015, RAJASTHAN, 8, BARAN, 80, CHHABRA, 1182, TEETAR KHEDHI, 34781, 1285307, Roads, 0, 0, 0, 0, 0, 0, 931786, 931786
2015, RAJASTHAN, 8, BARAN, 80, CHHABRA, 1182, TEETAR KHEDHI, 34781, 1285307, Small-scale industries, 0, 0, 0, 0, 0, 0, 1045213, 1045213
2015, RAJASTHAN, 8, BARAN, 80, CHHABRA, 1182, TEETAR KHEDHI, 34781, 1285307, Total, 0, 0, 0, 0, 0, 0, 4024637, 4024637
2015, RAJASTHAN, 8, BARAN, 80, CHHABRA, 1182, TELNI, 34782, 1285300, Administrative & Technical Support, 0, 0, 0, 0, 0, 0, 65763, 65763
2015, RAJASTHAN, 8, BARAN, 80, CHHABRA, 1182, TELNI, 34782, 1285300, Drinking water, 0, 0, 0, 0, 0, 0, 3844, 3844
2015, RAJASTHAN, 8, BARAN, 80, CHHABRA, 1182, TELNI, 34782, 1285300, Roads, 0, 0, 0, 0, 0, 0, 3413177, 3413177
2015, RAJASTHAN, 8, BARAN, 80, CHHABRA, 1182, TELNI, 34782, 1285300, Rural housing, 0, 0, 0, 0, 0, 0, 500000, 500000
2015, RAJASTHAN, 8, BARAN, 80, CHHABRA, 1182, TELNI, 34782, 1285300, Total, 0, 0, 0, 0, 0, 0, 3982784, 3982784
2015, RAJASTHAN, 8, BARAN, 80, CHHIPABAROD, 1183, AJNAWAR, 34783, 1331842, Drinking water, 0, 0, 0, 0, 0, 0, 665000, 665000
2015, RAJASTHAN, 8, BARAN, 80, CHHIPABAROD, 1183, AJNAWAR, 34783, 1331842, Maintenance of community system, 0, 0, 0, 0, 0, 0, 1000425, 1000425
2015, RAJASTHAN, 8, BARAN, 80, CHHIPABAROD, 1183, AJNAWAR, 34783, 1331842, Roads, 0, 0, 0, 0, 0, 0, 1849655, 1849655
2015, RAJASTHAN, 8, BARAN, 80, CHHIPABAROD, 1183, AJNAWAR, 34783, 1331842, Total, 0, 0, 0, 0, 0, 0, 3515080, 3515080
2015, RAJASTHAN, 8, BARAN, 80, CHHIPABAROD, 1183, AMLAWADAALI, 34784, 1175499, Roads, 0, 0, 0, 0, 0, 0, 3610083, 3610083
2015, RAJASTHAN, 8, BARAN, 80, CHHIPABAROD, 1183, AMLAWADAALI, 34784, 1175499, Total, 0, 0, 0, 0, 0, 0, 3610083, 3610083
2015, RAJASTHAN, 8, BARAN, 80, CHHIPABAROD, 1183, BAMORI GHATA, 34785, 1175502, Maintenance of community system, 0, 0, 0, 0, 0, 0, 400000, 400000
2015, RAJASTHAN, 8, BARAN, 80, CHHIPABAROD, 1183, BAMORI GHATA, 34785, 1175502, Roads, 0, 0, 0, 0, 0, 0, 2438107, 2438107
2015, RAJASTHAN, 8, BARAN, 80, CHHIPABAROD, 1183, BAMORI GHATA, 34785, 1175502, Total, 0, 0, 0, 0, 0, 0, 2838107, 2838107
2015, RAJASTHAN, 8, BARAN, 80, CHHIPABAROD, 1183, BANJARI, 34786, 1169976, Roads, 0, 0, 0, 0, 0, 0, 3929644, 3929644
2015, RAJASTHAN, 8, BARAN, 80, CHHIPABAROD, 1183, BANJARI, 34786, 1169976, Rural housing, 0, 0, 0, 0, 0, 0, 400595, 400595
2015, RAJASTHAN, 8, BARAN, 80, CHHIPABAROD, 1183, BANJARI, 34786, 1169976, Total, 0, 0, 0, 0, 0, 0, 4330239, 4330239
2015, RAJASTHAN, 8, BARAN, 80, CHHIPABAROD, 1183, BHAVPURA, 34788, 1170007, Maintenance of community system, 0, 0, 0, 0, 0, 0, 147801, 147801
2015, RAJASTHAN, 8, BARAN, 80, CHHIPABAROD, 1183, BHAVPURA, 34788, 1170007, Roads, 0, 0, 0, 0, 0, 0, 3373259, 3373259
2015, RAJASTHAN, 8, BARAN, 80, CHHIPABAROD, 1183, BHAVPURA, 34788, 1170007, Total, 0, 0, 0, 0, 0, 0, 3521060, 3521060
2015, RAJASTHAN, 8, BARAN, 80, CHHIPABAROD, 1183, BILENDI, 34787, 1170156, Drinking water, 0, 0, 0, 0, 0, 0, 40000, 40000
2015, RAJASTHAN, 8, BARAN, 80, CHHIPABAROD, 1183, BILENDI, 34787, 1170156, Roads, 0, 0, 0, 0, 0, 0, 3667325, 3667325
2015, RAJASTHAN, 8, BARAN, 80, CHHIPABAROD, 1183, BILENDI, 34787, 1170156, Rural housing, 0, 0, 0, 0, 0, 0, 120000, 120000
2015, RAJASTHAN, 8, BARAN, 80, CHHIPABAROD, 1183, BILENDI, 34787, 1170156, Total, 0, 0, 0, 0, 0, 0, 3827325, 3827325
2015, RAJASTHAN, 8, BARAN, 80, CHHIPABAROD, 1183, CHHIPABAROD, 34789, 1170237, Roads, 0, 0, 0, 0, 0, 0, 10629376, 10629376
2015, RAJASTHAN, 8, BARAN, 80, CHHIPABAROD, 1183, CHHIPABAROD, 34789, 1170237, Sanitation, 0, 0, 0, 0, 0, 0, 1385000, 1385000
2015, RAJASTHAN, 8, BARAN, 80, CHHIPABAROD, 1183, CHHIPABAROD, 34789, 1170237, Social welfare, 0, 0, 0, 0, 0, 0, 500000, 500000
2015, RAJASTHAN, 8, BARAN, 80, CHHIPABAROD, 1183, CHHIPABAROD, 34789, 1170237, Total, 0, 0, 0, 0, 0, 0, 12514376, 12514376
2015, RAJASTHAN, 8, BARAN, 80, CHHIPABAROD, 1183, DEEGOD JAGEER, 34790, 1284968, Drinking water, 0, 0, 0, 0, 0, 0, 120000, 120000
2015, RAJASTHAN, 8, BARAN, 80, CHHIPABAROD, 1183, DEEGOD JAGEER, 34790, 1284968, Public distribution system, 0, 0, 0, 0, 0, 0, 1214437, 1214437
2015, RAJASTHAN, 8, BARAN, 80, CHHIPABAROD, 1183, DEEGOD JAGEER, 34790, 1284968, Roads, 0, 0, 0, 0, 0, 0, 3170536, 3170536
2015, RAJASTHAN, 8, BARAN, 80, CHHIPABAROD, 1183, DEEGOD JAGEER, 34790, 1284968, Total, 0, 0, 0, 0, 0, 0, 4504973, 4504973
2015, RAJASTHAN, 8, BARAN, 80, CHHIPABAROD, 1183, DEORI JODH, 34791, 1284948, Roads, 0, 0, 0, 0, 0, 0, 3610513, 3610513
2015, RAJASTHAN, 8, BARAN, 80, CHHIPABAROD, 1183, DEORI JODH, 34791, 1284948, Sanitation, 0, 0, 0, 0, 0, 0, 450000, 450000
2015, RAJASTHAN, 8, BARAN, 80, CHHIPABAROD, 1183, DEORI JODH, 34791, 1284948, Total, 0, 0, 0, 0, 0, 0, 4060513, 4060513
2015, RAJASTHAN, 8, BARAN, 80, CHHIPABAROD, 1183, DHOLAM, 34792, 1170564, Drinking water, 0, 0, 0, 0, 0, 0, 63465, 63465
2015, RAJASTHAN, 8, BARAN, 80, CHHIPABAROD, 1183, DHOLAM, 34792, 1170564, Roads, 0, 0, 0, 0, 0, 0, 3490404, 3490404
2015, RAJASTHAN, 8, BARAN, 80, CHHIPABAROD, 1183, DHOLAM, 34792, 1170564, Rural housing, 0, 0, 0, 0, 0, 0, 500000, 500000
2015, RAJASTHAN, 8, BARAN, 80, CHHIPABAROD, 1183, DHOLAM, 34792, 1170564, Total, 0, 0, 0, 0, 0, 0, 4053869, 4053869
2015, RAJASTHAN, 8, BARAN, 80, CHHIPABAROD, 1183, DIGOD KHALSA, 34793, 1170840, Public distribution system, 0, 0, 0, 0, 0, 0, 304867, 304867
2015, RAJASTHAN, 8, BARAN, 80, CHHIPABAROD, 1183, DIGOD KHALSA, 34793, 1170840, Roads, 0, 0, 0, 0, 0, 0, 3504521, 3504521
2015, RAJASTHAN, 8, BARAN, 80, CHHIPABAROD, 1183, DIGOD KHALSA, 34793, 1170840, Total, 0, 0, 0, 0, 0, 0, 3809388, 3809388
2015, RAJASTHAN, 8, BARAN, 80, CHHIPABAROD, 1183, GAGCHANA, 34794, 1170847, Roads, 0, 0, 0, 0, 0, 0, 2660725, 2660725
2015, RAJASTHAN, 8, BARAN, 80, CHHIPABAROD, 1183, GAGCHANA, 34794, 1170847, Total, 0, 0, 0, 0, 0, 0, 2660725, 2660725
2015, RAJASTHAN, 8, BARAN, 80, CHHIPABAROD, 1183, GORDHANPURA, 34795, 1170863, Drinking water, 0, 0, 0, 0, 0, 0, 48000, 48000
2015, RAJASTHAN, 8, BARAN, 80, CHHIPABAROD, 1183, GORDHANPURA, 34795, 1170863, Roads, 0, 0, 0, 0, 0, 0, 3413267, 3413267
2015, RAJASTHAN, 8, BARAN, 80, CHHIPABAROD, 1183, GORDHANPURA, 34795, 1170863, Total, 0, 0, 0, 0, 0, 0, 3461267, 3461267
2015, RAJASTHAN, 8, BARAN, 80, CHHIPABAROD, 1183, HARNAWADA SHAHJI, 34796, 1171425, Roads, 0, 0, 0, 0, 0, 0, 6180456, 6180456
2015, RAJASTHAN, 8, BARAN, 80, CHHIPABAROD, 1183, HARNAWADA SHAHJI, 34796, 1171425, Total, 0, 0, 0, 0, 0, 0, 6180456, 6180456
2015, RAJASTHAN, 8, BARAN, 80, CHHIPABAROD, 1183, JHANJHANI, 34797, 1171695, Roads, 0, 0, 0, 0, 0, 0, 3257976, 3257976
2015, RAJASTHAN, 8, BARAN, 80, CHHIPABAROD, 1183, JHANJHANI, 34797, 1171695, Total, 0, 0, 0, 0, 0, 0, 3257976, 3257976
2015, RAJASTHAN, 8, BARAN, 80, CHHIPABAROD, 1183, KACHANARIA KALA, 34798, 1171709, Roads, 0, 0, 0, 0, 0, 0, 2956362, 2956362
2015, RAJASTHAN, 8, BARAN, 80, CHHIPABAROD, 1183, KACHANARIA KALA, 34798, 1171709, Total, 0, 0, 0, 0, 0, 0, 2956362, 2956362
2015, RAJASTHAN, 8, BARAN, 80, CHHIPABAROD, 1183, KALMODIYA, 34799, 1171935, Roads, 0, 0, 0, 0, 0, 0, 3766869, 3766869
2015, RAJASTHAN, 8, BARAN, 80, CHHIPABAROD, 1183, KALMODIYA, 34799, 1171935, Total, 0, 0, 0, 0, 0, 0, 3766869, 3766869
2015, RAJASTHAN, 8, BARAN, 80, CHHIPABAROD, 1183, KALPA JAGEER, 34800, 1171976, Roads, 0, 0, 0, 0, 0, 0, 4306322, 4306322
2015, RAJASTHAN, 8, BARAN, 80, CHHIPABAROD, 1183, KALPA JAGEER, 34800, 1171976, Total, 0, 0, 0, 0, 0, 0, 4306322, 4306322
2015, RAJASTHAN, 8, BARAN, 80, CHHIPABAROD, 1183, KHERLA JAGEER, 34801, 1172115, Roads, 0, 0, 0, 0, 0, 0, 2636144, 2636144
2015, RAJASTHAN, 8, BARAN, 80, CHHIPABAROD, 1183, KHERLA JAGEER, 34801, 1172115, Total, 0, 0, 0, 0, 0, 0, 2636144, 2636144
2015, RAJASTHAN, 8, BARAN, 80, CHHIPABAROD, 1183, KUNBHA KHEDHI, 34802, 1172288, Roads, 0, 0, 0, 0, 0, 0, 4275098, 4275098
2015, RAJASTHAN, 8, BARAN, 80, CHHIPABAROD, 1183, KUNBHA KHEDHI, 34802, 1172288, Total, 0, 0, 0, 0, 0, 0, 4275098, 4275098
2015, RAJASTHAN, 8, BARAN, 80, CHHIPABAROD, 1183, MANPURA, 34803, 1332020, Roads, 0, 0, 0, 0, 0, 0, 2443481, 2443481
2015, RAJASTHAN, 8, BARAN, 80, CHHIPABAROD, 1183, MANPURA, 34803, 1332020, Total, 0, 0, 0, 0, 0, 0, 2443481, 2443481
2015, RAJASTHAN, 8, BARAN, 80, CHHIPABAROD, 1183, MOKHAMPURA, 34804, 1175323, Drinking water, 0, 0, 0, 0, 0, 0, 50000, 50000
2015, RAJASTHAN, 8, BARAN, 80, CHHIPABAROD, 1183, MOKHAMPURA, 34804, 1175323, Roads, 0, 0, 0, 0, 0, 0, 4023799, 4023799
2015, RAJASTHAN, 8, BARAN, 80, CHHIPABAROD, 1183, MOKHAMPURA, 34804, 1175323, Total, 0, 0, 0, 0, 0, 0, 4073799, 4073799
2015, RAJASTHAN, 8, BARAN, 80, CHHIPABAROD, 1183, PACHHAR, 34805, 1175343, Fuel and fodder, 0, 0, 0, 0, 0, 0, 575000, 575000
2015, RAJASTHAN, 8, BARAN, 80, CHHIPABAROD, 1183, PACHHAR, 34805, 1175343, Public distribution system, 0, 0, 0, 0, 0, 0, 750000, 750000
2015, RAJASTHAN, 8, BARAN, 80, CHHIPABAROD, 1183, PACHHAR, 34805, 1175343, Roads, 0, 0, 0, 0, 0, 0, 1954901, 1954901
2015, RAJASTHAN, 8, BARAN, 80, CHHIPABAROD, 1183, PACHHAR, 34805, 1175343, Total, 0, 0, 0, 0, 0, 0, 3279901, 3279901
2015, RAJASTHAN, 8, BARAN, 80, CHHIPABAROD, 1183, PEETHPUR, 34806, 1175351, Roads, 0, 0, 0, 0, 0, 0, 2797582, 2797582
2015, RAJASTHAN, 8, BARAN, 80, CHHIPABAROD, 1183, PEETHPUR, 34806, 1175351, Total, 0, 0, 0, 0, 0, 0, 2797582, 2797582
2015, RAJASTHAN, 8, BARAN, 80, CHHIPABAROD, 1183, PHOOL BARODA, 34807, 1175376, Fuel and fodder, 0, 0, 0, 0, 0, 0, 567000, 567000
2015, RAJASTHAN, 8, BARAN, 80, CHHIPABAROD, 1183, PHOOL BARODA, 34807, 1175376, Public distribution system, 0, 0, 0, 0, 0, 0, 541340, 541340
2015, RAJASTHAN, 8, BARAN, 80, CHHIPABAROD, 1183, PHOOL BARODA, 34807, 1175376, Roads, 0, 0, 0, 0, 0, 0, 1300596, 1300596
2015, RAJASTHAN, 8, BARAN, 80, CHHIPABAROD, 1183, PHOOL BARODA, 34807, 1175376, Total, 0, 0, 0, 0, 0, 0, 2408936, 2408936
2015, RAJASTHAN, 8, BARAN, 80, CHHIPABAROD, 1183, RAI, 34808, 1175385, Drinking water, 0, 0, 0, 0, 0, 0, 126000, 126000
2015, RAJASTHAN, 8, BARAN, 80, CHHIPABAROD, 1183, RAI, 34808, 1175385, Public distribution system, 0, 0, 0, 0, 0, 0, 405878, 405878
2015, RAJASTHAN, 8, BARAN, 80, CHHIPABAROD, 1183, RAI, 34808, 1175385, Roads, 0, 0, 0, 0, 0, 0, 1118369, 1118369
2015, RAJASTHAN, 8, BARAN, 80, CHHIPABAROD, 1183, RAI, 34808, 1175385, Total, 0, 0, 0, 0, 0, 0, 1650247, 1650247
2015, RAJASTHAN, 8, BARAN, 80, CHHIPABAROD, 1183, SARTHAL, 34809, 1175407, Roads, 0, 0, 0, 0, 0, 0, 3463925, 3463925
2015, RAJASTHAN, 8, BARAN, 80, CHHIPABAROD, 1183, SARTHAL, 34809, 1175407, Total, 0, 0, 0, 0, 0, 0, 3463925, 3463925
2015, RAJASTHAN, 8, BARAN, 80, CHHIPABAROD, 1183, SEHJANPUR, 34810, 1175451, Drinking water, 0, 0, 0, 0, 0, 0, 490000, 490000
2015, RAJASTHAN, 8, BARAN, 80, CHHIPABAROD, 1183, SEHJANPUR, 34810, 1175451, Roads, 0, 0, 0, 0, 0, 0, 2204607, 2204607
2015, RAJASTHAN, 8, BARAN, 80, CHHIPABAROD, 1183, SEHJANPUR, 34810, 1175451, Total, 0, 0, 0, 0, 0, 0, 2694607, 2694607
2015, RAJASTHAN, 8, BARAN, 80, CHHIPABAROD, 1183, SET KOLU, 34811, 1175481, Cultural activities, 0, 0, 0, 0, 0, 0, 500000, 500000
2015, RAJASTHAN, 8, BARAN, 80, CHHIPABAROD, 1183, SET KOLU, 34811, 1175481, Drinking water, 0, 0, 0, 0, 0, 0, 643049, 643049
2015, RAJASTHAN, 8, BARAN, 80, CHHIPABAROD, 1183, SET KOLU, 34811, 1175481, Roads, 0, 0, 0, 0, 0, 0, 2920989, 2920989
2015, RAJASTHAN, 8, BARAN, 80, CHHIPABAROD, 1183, SET KOLU, 34811, 1175481, Rural housing, 0, 0, 0, 0, 0, 0, 37000, 37000
2015, RAJASTHAN, 8, BARAN, 80, CHHIPABAROD, 1183, SET KOLU, 34811, 1175481, Total, 0, 0, 0, 0, 0, 0, 4101038, 4101038
2015, RAJASTHAN, 8, BARAN, 80, CHHIPABAROD, 1183, TANCHA, 34812, 1175496, Family welfare, 0, 0, 0, 0, 0, 0, 50000, 50000
2015, RAJASTHAN, 8, BARAN, 80, CHHIPABAROD, 1183, TANCHA, 34812, 1175496, Maintenance of community system, 0, 0, 0, 0, 0, 0, 500000, 500000
2015, RAJASTHAN, 8, BARAN, 80, CHHIPABAROD, 1183, TANCHA, 34812, 1175496, Public distribution system, 0, 0, 0, 0, 0, 0, 50000, 50000
2015, RAJASTHAN, 8, BARAN, 80, CHHIPABAROD, 1183, TANCHA, 34812, 1175496, Roads, 0, 0, 0, 0, 0, 0, 1628519, 1628519
2015, RAJASTHAN, 8, BARAN, 80, CHHIPABAROD, 1183, TANCHA, 34812, 1175496, Rural electrification, 0, 0, 0, 0, 0, 0, 200000, 200000
2015, RAJASTHAN, 8, BARAN, 80, CHHIPABAROD, 1183, TANCHA, 34812, 1175496, Social forestry and farm forestry, 0, 0, 0, 0, 0, 0, 100000, 100000
2015, RAJASTHAN, 8, BARAN, 80, CHHIPABAROD, 1183, TANCHA, 34812, 1175496, Total, 0, 0, 0, 0, 0, 0, 2528519, 2528519
2015, RAJASTHAN, 8, BARAN, 80, KISHANGANJ, 1184, ASNAWAR, 34813, 1330284, Drinking water, 0, 0, 0, 0, 0, 0, 110000, 110000
2015, RAJASTHAN, 8, BARAN, 80, KISHANGANJ, 1184, ASNAWAR, 34813, 1330284, Roads, 0, 0, 0, 0, 0, 0, 1679301, 1679301
2015, RAJASTHAN, 8, BARAN, 80, KISHANGANJ, 1184, ASNAWAR, 34813, 1330284, Sanitation, 0, 0, 0, 0, 0, 0, 944803, 944803
2015, RAJASTHAN, 8, BARAN, 80, KISHANGANJ, 1184, ASNAWAR, 34813, 1330284, Total, 0, 0, 0, 0, 0, 0, 2734104, 2734104
2015, RAJASTHAN, 8, BARAN, 80, KISHANGANJ, 1184, BADIPURA, 34814, 1330369, Drinking water, 0, 0, 0, 0, 0, 0, 800000, 800000
2015, RAJASTHAN, 8, BARAN, 80, KISHANGANJ, 1184, BADIPURA, 34814, 1330369, Health, 0, 0, 0, 0, 0, 0, 657975, 657975
2015, RAJASTHAN, 8, BARAN, 80, KISHANGANJ, 1184, BADIPURA, 34814, 1330369, Maintenance of community system, 0, 0, 0, 0, 0, 0, 68134, 68134
2015, RAJASTHAN, 8, BARAN, 80, KISHANGANJ, 1184, BADIPURA, 34814, 1330369, Non-conventional energy sources, 0, 0, 0, 0, 0, 0, 70000, 70000
2015, RAJASTHAN, 8, BARAN, 80, KISHANGANJ, 1184, BADIPURA, 34814, 1330369, Roads, 0, 0, 0, 0, 0, 0, 1000000, 1000000
2015, RAJASTHAN, 8, BARAN, 80, KISHANGANJ, 1184, BADIPURA, 34814, 1330369, Rural electrification, 0, 0, 0, 0, 0, 0, 50000, 50000
2015, RAJASTHAN, 8, BARAN, 80, KISHANGANJ, 1184, BADIPURA, 34814, 1330369, Total, 0, 0, 0, 0, 0, 0, 2646109, 2646109
2015, RAJASTHAN, 8, BARAN, 80, KISHANGANJ, 1184, BAJRANG GARH, 34815, 1330508, Drinking water, 0, 0, 0, 0, 0, 0, 300000, 300000
2015, RAJASTHAN, 8, BARAN, 80, KISHANGANJ, 1184, BAJRANG GARH, 34815, 1330508, Roads, 0, 0, 0, 0, 0, 0, 3226446, 3226446
2015, RAJASTHAN, 8, BARAN, 80, KISHANGANJ, 1184, BAJRANG GARH, 34815, 1330508, Total, 0, 0, 0, 0, 0, 0, 3526446, 3526446
2015, RAJASTHAN, 8, BARAN, 80, KISHANGANJ, 1184, BAKANPURA, 34816, 1330522, Drinking water, 0, 0, 0, 0, 0, 0, 345326, 345326
2015, RAJASTHAN, 8, BARAN, 80, KISHANGANJ, 1184, BAKANPURA, 34816, 1330522, Roads, 0, 0, 0, 0, 0, 0, 3077378, 3077378
2015, RAJASTHAN, 8, BARAN, 80, KISHANGANJ, 1184, BAKANPURA, 34816, 1330522, Total, 0, 0, 0, 0, 0, 0, 3422704, 3422704
2015, RAJASTHAN, 8, BARAN, 80, KISHANGANJ, 1184, BAROONI, 34817, 1331093, Drinking water, 0, 0, 0, 0, 0, 0, 643625, 643625
2015, RAJASTHAN, 8, BARAN, 80, KISHANGANJ, 1184, BAROONI, 34817, 1331093, Roads, 0, 0, 0, 0, 0, 0, 1992000, 1992000
2015, RAJASTHAN, 8, BARAN, 80, KISHANGANJ, 1184, BAROONI, 34817, 1331093, Total, 0, 0, 0, 0, 0, 0, 2635625, 2635625
2015, RAJASTHAN, 8, BARAN, 80, KISHANGANJ, 1184, BASTHOONI, 34821, 1330566, Drinking water, 0, 0, 0, 0, 0, 0, 412956, 412956
2015, RAJASTHAN, 8, BARAN, 80, KISHANGANJ, 1184, BASTHOONI, 34821, 1330566, Roads, 0, 0, 0, 0, 0, 0, 2222669, 2222669
2015, RAJASTHAN, 8, BARAN, 80, KISHANGANJ, 1184, BASTHOONI, 34821, 1330566, Total, 0, 0, 0, 0, 0, 0, 2635625, 2635625
2015, RAJASTHAN, 8, BARAN, 80, KISHANGANJ, 1184, BHANWARGARH, 34818, 1330604, Drinking water, 0, 0, 0, 0, 0, 0, 73000, 73000
2015, RAJASTHAN, 8, BARAN, 80, KISHANGANJ, 1184, BHANWARGARH, 34818, 1330604, Roads, 0, 0, 0, 0, 0, 0, 6787164, 6787164
2015, RAJASTHAN, 8, BARAN, 80, KISHANGANJ, 1184, BHANWARGARH, 34818, 1330604, Sanitation, 0, 0, 0, 0, 0, 0, 105525, 105525
2015, RAJASTHAN, 8, BARAN, 80, KISHANGANJ, 1184, BHANWARGARH, 34818, 1330604, Total, 0, 0, 0, 0, 0, 0, 6965689, 6965689
2015, RAJASTHAN, 8, BARAN, 80, KISHANGANJ, 1184, BILASGARH, 34819, 1330788, Administrative & Technical Support, 0, 0, 0, 0, 0, 0, 175000, 175000
2015, RAJASTHAN, 8, BARAN, 80, KISHANGANJ, 1184, BILASGARH, 34819, 1330788, Drinking water, 0, 0, 0, 0, 0, 0, 310000, 310000
2015, RAJASTHAN, 8, BARAN, 80, KISHANGANJ, 1184, BILASGARH, 34819, 1330788, Health, 0, 0, 0, 0, 0, 0, 188775, 188775
2015, RAJASTHAN, 8, BARAN, 80, KISHANGANJ, 1184, BILASGARH, 34819, 1330788, Roads, 0, 0, 0, 0, 0, 0, 1201519, 1201519
2015, RAJASTHAN, 8, BARAN, 80, KISHANGANJ, 1184, BILASGARH, 34819, 1330788, Rural housing, 0, 0, 0, 0, 0, 0, 625000, 625000
2015, RAJASTHAN, 8, BARAN, 80, KISHANGANJ, 1184, BILASGARH, 34819, 1330788, Sanitation, 0, 0, 0, 0, 0, 0, 100000, 100000
2015, RAJASTHAN, 8, BARAN, 80, KISHANGANJ, 1184, BILASGARH, 34819, 1330788, Total, 0, 0, 0, 0, 0, 0, 2600294, 2600294
2015, RAJASTHAN, 8, BARAN, 80, KISHANGANJ, 1184, BRIJNAGAR, 34820, 1330877, Drinking water, 0, 0, 0, 0, 0, 0, 272038, 272038
2015, RAJASTHAN, 8, BARAN, 80, KISHANGANJ, 1184, BRIJNAGAR, 34820, 1330877, Health, 0, 0, 0, 0, 0, 0, 250000, 250000
2015, RAJASTHAN, 8, BARAN, 80, KISHANGANJ, 1184, BRIJNAGAR, 34820, 1330877, Roads, 0, 0, 0, 0, 0, 0, 1861000, 1861000
2015, RAJASTHAN, 8, BARAN, 80, KISHANGANJ, 1184, BRIJNAGAR, 34820, 1330877, Total, 0, 0, 0, 0, 0, 0, 2383038, 2383038
2015, RAJASTHAN, 8, BARAN, 80, KISHANGANJ, 1184, CHHATARGANJ, 34822, 1330892, Drinking water, 0, 0, 0, 0, 0, 0, 2527861, 2527861
2015, RAJASTHAN, 8, BARAN, 80, KISHANGANJ, 1184, CHHATARGANJ, 34822, 1330892, Roads, 0, 0, 0, 0, 0, 0, 1500000, 1500000
2015, RAJASTHAN, 8, BARAN, 80, KISHANGANJ, 1184, CHHATARGANJ, 34822, 1330892, Total, 0, 0, 0, 0, 0, 0, 4027861, 4027861
2015, RAJASTHAN, 8, BARAN, 80, KISHANGANJ, 1184, CHHINOD, 34823, 1331010, Drinking water, 0, 0, 0, 0, 0, 0, 619454, 619454
2015, RAJASTHAN, 8, BARAN, 80, KISHANGANJ, 1184, CHHINOD, 34823, 1331010, Roads, 0, 0, 0, 0, 0, 0, 1850000, 1850000
2015, RAJASTHAN, 8, BARAN, 80, KISHANGANJ, 1184, CHHINOD, 34823, 1331010, Sanitation, 0, 0, 0, 0, 0, 0, 316522, 316522
2015, RAJASTHAN, 8, BARAN, 80, KISHANGANJ, 1184, CHHINOD, 34823, 1331010, Total, 0, 0, 0, 0, 0, 0, 2785976, 2785976
2015, RAJASTHAN, 8, BARAN, 80, KISHANGANJ, 1184, DIGODPAR, 34824, 1331066, Administrative & Technical Support, 0, 0, 0, 0, 0, 0, 50000, 50000
2015, RAJASTHAN, 8, BARAN, 80, KISHANGANJ, 1184, DIGODPAR, 34824, 1331066, Drinking water, 0, 0, 0, 0, 0, 0, 152733, 152733
2015, RAJASTHAN, 8, BARAN, 80, KISHANGANJ, 1184, DIGODPAR, 34824, 1331066, Roads, 0, 0, 0, 0, 0, 0, 3910826, 3910826
2015, RAJASTHAN, 8, BARAN, 80, KISHANGANJ, 1184, DIGODPAR, 34824, 1331066, Total, 0, 0, 0, 0, 0, 0, 4113559, 4113559
2015, RAJASTHAN, 8, BARAN, 80, KISHANGANJ, 1184, GARDA, 34825, 1331079, Drinking water, 0, 0, 0, 0, 0, 0, 59349, 59349
2015, RAJASTHAN, 8, BARAN, 80, KISHANGANJ, 1184, GARDA, 34825, 1331079, Roads, 0, 0, 0, 0, 0, 0, 3664806, 3664806
2015, RAJASTHAN, 8, BARAN, 80, KISHANGANJ, 1184, GARDA, 34825, 1331079, Total, 0, 0, 0, 0, 0, 0, 3724155, 3724155
2015, RAJASTHAN, 8, BARAN, 80, KISHANGANJ, 1184, GHATTI, 34826, 1331089, Drinking water, 0, 0, 0, 0, 0, 0, 1403500, 1403500
2015, RAJASTHAN, 8, BARAN, 80, KISHANGANJ, 1184, GHATTI, 34826, 1331089, Health, 0, 0, 0, 0, 0, 0, 7443, 7443
2015, RAJASTHAN, 8, BARAN, 80, KISHANGANJ, 1184, GHATTI, 34826, 1331089, Roads, 0, 0, 0, 0, 0, 0, 3152914, 3152914
2015, RAJASTHAN, 8, BARAN, 80, KISHANGANJ, 1184, GHATTI, 34826, 1331089, Total, 0, 0, 0, 0, 0, 0, 4563857, 4563857
2015, RAJASTHAN, 8, BARAN, 80, KISHANGANJ, 1184, JALWARA, 34827, 1331077, Administrative & Technical Support, 0, 0, 0, 0, 0, 0, 327938, 327938
2015, RAJASTHAN, 8, BARAN, 80, KISHANGANJ, 1184, JALWARA, 34827, 1331077, Drinking water, 0, 0, 0, 0, 0, 0, 1346121, 1346121
2015, RAJASTHAN, 8, BARAN, 80, KISHANGANJ, 1184, JALWARA, 34827, 1331077, Roads, 0, 0, 0, 0, 0, 0, 2017000, 2017000
2015, RAJASTHAN, 8, BARAN, 80, KISHANGANJ, 1184, JALWARA, 34827, 1331077, Sanitation, 0, 0, 0, 0, 0, 0, 100000, 100000
2015, RAJASTHAN, 8, BARAN, 80, KISHANGANJ, 1184, JALWARA, 34827, 1331077, Total, 0, 0, 0, 0, 0, 0, 3791059, 3791059
2015, RAJASTHAN, 8, BARAN, 80, KISHANGANJ, 1184, KANKARDA, 34828, 1331073, Drinking water, 0, 0, 0, 0, 0, 0, 302343, 302343
2015, RAJASTHAN, 8, BARAN, 80, KISHANGANJ, 1184, KANKARDA, 34828, 1331073, Health, 0, 0, 0, 0, 0, 0, 137000, 137000
2015, RAJASTHAN, 8, BARAN, 80, KISHANGANJ, 1184, KANKARDA, 34828, 1331073, Roads, 0, 0, 0, 0, 0, 0, 2145165, 2145165
2015, RAJASTHAN, 8, BARAN, 80, KISHANGANJ, 1184, KANKARDA, 34828, 1331073, Total, 0, 0, 0, 0, 0, 0, 2584508, 2584508
2015, RAJASTHAN, 8, BARAN, 80, KISHANGANJ, 1184, KARWARI KALAN, 34829, 1331063, Roads, 0, 0, 0, 0, 0, 0, 3468563, 3468563
2015, RAJASTHAN, 8, BARAN, 80, KISHANGANJ, 1184, KARWARI KALAN, 34829, 1331063, Total, 0, 0, 0, 0, 0, 0, 3468563, 3468563
2015, RAJASTHAN, 8, BARAN, 80, KISHANGANJ, 1184, KHANDELA, 34830, 1331055, Drinking water, 0, 0, 0, 0, 0, 0, 141339, 141339
2015, RAJASTHAN, 8, BARAN, 80, KISHANGANJ, 1184, KHANDELA, 34830, 1331055, Roads, 0, 0, 0, 0, 0, 0, 2394968, 2394968
2015, RAJASTHAN, 8, BARAN, 80, KISHANGANJ, 1184, KHANDELA, 34830, 1331055, Sanitation, 0, 0, 0, 0, 0, 0, 500000, 500000
2015, RAJASTHAN, 8, BARAN, 80, KISHANGANJ, 1184, KHANDELA, 34830, 1331055, Total, 0, 0, 0, 0, 0, 0, 3036307, 3036307
2015, RAJASTHAN, 8, BARAN, 80, KISHANGANJ, 1184, KHYAWADA, 34831, 1331045, Drinking water, 0, 0, 0, 0, 0, 0, 228361, 228361
2015, RAJASTHAN, 8, BARAN, 80, KISHANGANJ, 1184, KHYAWADA, 34831, 1331045, Roads, 0, 0, 0, 0, 0, 0, 2172719, 2172719
2015, RAJASTHAN, 8, BARAN, 80, KISHANGANJ, 1184, KHYAWADA, 34831, 1331045, Total, 0, 0, 0, 0, 0, 0, 2401080, 2401080
2015, RAJASTHAN, 8, BARAN, 80, KISHANGANJ, 1184, KISHANGANJ, 34832, 1331039, Administrative & Technical Support, 0, 0, 0, 0, 0, 0, 271379, 271379
2015, RAJASTHAN, 8, BARAN, 80, KISHANGANJ, 1184, KISHANGANJ, 34832, 1331039, Drinking water, 0, 0, 0, 0, 0, 0, 340191, 340191
2015, RAJASTHAN, 8, BARAN, 80, KISHANGANJ, 1184, KISHANGANJ, 34832, 1331039, Roads, 0, 0, 0, 0, 0, 0, 4110131, 4110131
2015, RAJASTHAN, 8, BARAN, 80, KISHANGANJ, 1184, KISHANGANJ, 34832, 1331039, Sanitation, 0, 0, 0, 0, 0, 0, 1250177, 1250177
2015, RAJASTHAN, 8, BARAN, 80, KISHANGANJ, 1184, KISHANGANJ, 34832, 1331039, Total, 0, 0, 0, 0, 0, 0, 5971878, 5971878
2015, RAJASTHAN, 8, BARAN, 80, KISHANGANJ, 1184, LAXMIPURA KHANKARAA, 34833, 1330990, Drinking water, 0, 0, 0, 0, 0, 0, 1439263, 1439263
2015, RAJASTHAN, 8, BARAN, 80, KISHANGANJ, 1184, LAXMIPURA KHANKARAA, 34833, 1330990, Roads, 0, 0, 0, 0, 0, 0, 2619420, 2619420
2015, RAJASTHAN, 8, BARAN, 80, KISHANGANJ, 1184, LAXMIPURA KHANKARAA, 34833, 1330990, Total, 0, 0, 0, 0, 0, 0, 4058683, 4058683
2015, RAJASTHAN, 8, BARAN, 80, KISHANGANJ, 1184, NAHARGARH, 34834, 1330974, Drinking water, 0, 0, 0, 0, 0, 0, 375000, 375000
2015, RAJASTHAN, 8, BARAN, 80, KISHANGANJ, 1184, NAHARGARH, 34834, 1330974, Health, 0, 0, 0, 0, 0, 0, 50000, 50000
2015, RAJASTHAN, 8, BARAN, 80, KISHANGANJ, 1184, NAHARGARH, 34834, 1330974, Roads, 0, 0, 0, 0, 0, 0, 7105252, 7105252
2015, RAJASTHAN, 8, BARAN, 80, KISHANGANJ, 1184, NAHARGARH, 34834, 1330974, Total, 0, 0, 0, 0, 0, 0, 7530252, 7530252
2015, RAJASTHAN, 8, BARAN, 80, KISHANGANJ, 1184, PACHLAWADA, 262114, 1330955, Drinking water, 0, 0, 0, 0, 0, 0, 1735502, 1735502
2015, RAJASTHAN, 8, BARAN, 80, KISHANGANJ, 1184, PACHLAWADA, 262114, 1330955, Roads, 0, 0, 0, 0, 0, 0, 1645105, 1645105
2015, RAJASTHAN, 8, BARAN, 80, KISHANGANJ, 1184, PACHLAWADA, 262114, 1330955, Total, 0, 0, 0, 0, 0, 0, 3380607, 3380607
2015, RAJASTHAN, 8, BARAN, 80, KISHANGANJ, 1184, PARANIYA, 34835, 1330931, Drinking water, 0, 0, 0, 0, 0, 0, 1301800, 1301800
2015, RAJASTHAN, 8, BARAN, 80, KISHANGANJ, 1184, PARANIYA, 34835, 1330931, Roads, 0, 0, 0, 0, 0, 0, 3616881, 3616881
2015, RAJASTHAN, 8, BARAN, 80, KISHANGANJ, 1184, PARANIYA, 34835, 1330931, Total, 0, 0, 0, 0, 0, 0, 4918681, 4918681
2015, RAJASTHAN, 8, BARAN, 80, KISHANGANJ, 1184, PEEPALDA KALAN, 34836, 1330915, Drinking water, 0, 0, 0, 0, 0, 0, 643920, 643920
2015, RAJASTHAN, 8, BARAN, 80, KISHANGANJ, 1184, PEEPALDA KALAN, 34836, 1330915, Health, 0, 0, 0, 0, 0, 0, 300000, 300000
2015, RAJASTHAN, 8, BARAN, 80, KISHANGANJ, 1184, PEEPALDA KALAN, 34836, 1330915, Maintenance of community system, 0, 0, 0, 0, 0, 0, 156298, 156298
2015, RAJASTHAN, 8, BARAN, 80, KISHANGANJ, 1184, PEEPALDA KALAN, 34836, 1330915, Roads, 0, 0, 0, 0, 0, 0, 1424900, 1424900
2015, RAJASTHAN, 8, BARAN, 80, KISHANGANJ, 1184, PEEPALDA KALAN, 34836, 1330915, Total, 0, 0, 0, 0, 0, 0, 2525118, 2525118
2015, RAJASTHAN, 8, BARAN, 80, KISHANGANJ, 1184, PINJANA, 262162, 1330908, Administrative & Technical Support, 0, 0, 0, 0, 0, 0, 30000, 30000
2015, RAJASTHAN, 8, BARAN, 80, KISHANGANJ, 1184, PINJANA, 262162, 1330908, Drinking water, 0, 0, 0, 0, 0, 0, 515000, 515000
2015, RAJASTHAN, 8, BARAN, 80, KISHANGANJ, 1184, PINJANA, 262162, 1330908, Maintenance of community system, 0, 0, 0, 0, 0, 0, 100000, 100000
2015, RAJASTHAN, 8, BARAN, 80, KISHANGANJ, 1184, PINJANA, 262162, 1330908, Roads, 0, 0, 0, 0, 0, 0, 2671148, 2671148
2015, RAJASTHAN, 8, BARAN, 80, KISHANGANJ, 1184, PINJANA, 262162, 1330908, Sanitation, 0, 0, 0, 0, 0, 0, 1050000, 1050000
2015, RAJASTHAN, 8, BARAN, 80, KISHANGANJ, 1184, PINJANA, 262162, 1330908, Total, 0, 0, 0, 0, 0, 0, 4366148, 4366148
2015, RAJASTHAN, 8, BARAN, 80, KISHANGANJ, 1184, RAMGARH, 34837, 1330899, Drinking water, 0, 0, 0, 0, 0, 0, 315891, 315891
2015, RAJASTHAN, 8, BARAN, 80, KISHANGANJ, 1184, RAMGARH, 34837, 1330899, Health, 0, 0, 0, 0, 0, 0, 175831, 175831
2015, RAJASTHAN, 8, BARAN, 80, KISHANGANJ, 1184, RAMGARH, 34837, 1330899, Roads, 0, 0, 0, 0, 0, 0, 2555862, 2555862
2015, RAJASTHAN, 8, BARAN, 80, KISHANGANJ, 1184, RAMGARH, 34837, 1330899, Total, 0, 0, 0, 0, 0, 0, 3047584, 3047584
2015, RAJASTHAN, 8, BARAN, 80, KISHANGANJ, 1184, RAMPURIYA TODIYA, 34844, 1330893, Drinking water, 0, 0, 0, 0, 0, 0, 549844, 549844
2015, RAJASTHAN, 8, BARAN, 80, KISHANGANJ, 1184, RAMPURIYA TODIYA, 34844, 1330893, Roads, 0, 0, 0, 0, 0, 0, 2740000, 2740000
2015, RAJASTHAN, 8, BARAN, 80, KISHANGANJ, 1184, RAMPURIYA TODIYA, 34844, 1330893, Sanitation, 0, 0, 0, 0, 0, 0, 16340, 16340
2015, RAJASTHAN, 8, BARAN, 80, KISHANGANJ, 1184, RAMPURIYA TODIYA, 34844, 1330893, Total, 0, 0, 0, 0, 0, 0, 3306184, 3306184
2015, RAJASTHAN, 8, BARAN, 80, KISHANGANJ, 1184, RANI BAROD, 34838, 1330884, Drinking water, 0, 0, 0, 0, 0, 0, 582121, 582121
2015, RAJASTHAN, 8, BARAN, 80, KISHANGANJ, 1184, RANI BAROD, 34838, 1330884, Roads, 0, 0, 0, 0, 0, 0, 2658844, 2658844
2015, RAJASTHAN, 8, BARAN, 80, KISHANGANJ, 1184, RANI BAROD, 34838, 1330884, Sanitation, 0, 0, 0, 0, 0, 0, 78000, 78000
2015, RAJASTHAN, 8, BARAN, 80, KISHANGANJ, 1184, RANI BAROD, 34838, 1330884, Total, 0, 0, 0, 0, 0, 0, 3318965, 3318965
2015, RAJASTHAN, 8, BARAN, 80, KISHANGANJ, 1184, RELAWAN, 34839, 1330874, Drinking water, 0, 0, 0, 0, 0, 0, 241691, 241691
2015, RAJASTHAN, 8, BARAN, 80, KISHANGANJ, 1184, RELAWAN, 34839, 1330874, Roads, 0, 0, 0, 0, 0, 0, 2812621, 2812621
2015, RAJASTHAN, 8, BARAN, 80, KISHANGANJ, 1184, RELAWAN, 34839, 1330874, Rural electrification, 0, 0, 0, 0, 0, 0, 100000, 100000
2015, RAJASTHAN, 8, BARAN, 80, KISHANGANJ, 1184, RELAWAN, 34839, 1330874, Rural housing, 0, 0, 0, 0, 0, 0, 100000, 100000
2015, RAJASTHAN, 8, BARAN, 80, KISHANGANJ, 1184, RELAWAN, 34839, 1330874, Total, 0, 0, 0, 0, 0, 0, 3254312, 3254312
2015, RAJASTHAN, 8, BARAN, 80, KISHANGANJ, 1184, SAKHRAWADA, 34840, 1330869, Drinking water, 0, 0, 0, 0, 0, 0, 50000, 50000
2015, RAJASTHAN, 8, BARAN, 80, KISHANGANJ, 1184, SAKHRAWADA, 34840, 1330869, Roads, 0, 0, 0, 0, 0, 0, 2578422, 2578422
2015, RAJASTHAN, 8, BARAN, 80, KISHANGANJ, 1184, SAKHRAWADA, 34840, 1330869, Sanitation, 0, 0, 0, 0, 0, 0, 350000, 350000
2015, RAJASTHAN, 8, BARAN, 80, KISHANGANJ, 1184, SAKHRAWADA, 34840, 1330869, Total, 0, 0, 0, 0, 0, 0, 2978422, 2978422
2015, RAJASTHAN, 8, BARAN, 80, KISHANGANJ, 1184, SEWANI, 34841, 1330863, Drinking water, 0, 0, 0, 0, 0, 0, 36992, 36992
2015, RAJASTHAN, 8, BARAN, 80, KISHANGANJ, 1184, SEWANI, 34841, 1330863, Roads, 0, 0, 0, 0, 0, 0, 2395660, 2395660
2015, RAJASTHAN, 8, BARAN, 80, KISHANGANJ, 1184, SEWANI, 34841, 1330863, Total, 0, 0, 0, 0, 0, 0, 2432652, 2432652
2015, RAJASTHAN, 8, BARAN, 80, KISHANGANJ, 1184, SHOBHAGPURA, 262831, 1330844, Drinking water, 0, 0, 0, 0, 0, 0, 944992, 944992
2015, RAJASTHAN, 8, BARAN, 80, KISHANGANJ, 1184, SHOBHAGPURA, 262831, 1330844, Health, 0, 0, 0, 0, 0, 0, 15000, 15000
2015, RAJASTHAN, 8, BARAN, 80, KISHANGANJ, 1184, SHOBHAGPURA, 262831, 1330844, Roads, 0, 0, 0, 0, 0, 0, 1941000, 1941000
2015, RAJASTHAN, 8, BARAN, 80, KISHANGANJ, 1184, SHOBHAGPURA, 262831, 1330844, Total, 0, 0, 0, 0, 0, 0, 2900992, 2900992
2015, RAJASTHAN, 8, BARAN, 80, KISHANGANJ, 1184, SIMLOD, 34842, 1330840, Drinking water, 0, 0, 0, 0, 0, 0, 379557, 379557
2015, RAJASTHAN, 8, BARAN, 80, KISHANGANJ, 1184, SIMLOD, 34842, 1330840, Health, 0, 0, 0, 0, 0, 0, 540740, 540740
2015, RAJASTHAN, 8, BARAN, 80, KISHANGANJ, 1184, SIMLOD, 34842, 1330840, Maintenance of community system, 0, 0, 0, 0, 0, 0, 28000, 28000
2015, RAJASTHAN, 8, BARAN, 80, KISHANGANJ, 1184, SIMLOD, 34842, 1330840, Roads, 0, 0, 0, 0, 0, 0, 1828656, 1828656
2015, RAJASTHAN, 8, BARAN, 80, KISHANGANJ, 1184, SIMLOD, 34842, 1330840, Total, 0, 0, 0, 0, 0, 0, 2776953, 2776953
2015, RAJASTHAN, 8, BARAN, 80, KISHANGANJ, 1184, SUWANS, 34843, 1330749, Drinking water, 0, 0, 0, 0, 0, 0, 386753, 386753
2015, RAJASTHAN, 8, BARAN, 80, KISHANGANJ, 1184, SUWANS, 34843, 1330749, Roads, 0, 0, 0, 0, 0, 0, 4238746, 4238746
2015, RAJASTHAN, 8, BARAN, 80, KISHANGANJ, 1184, SUWANS, 34843, 1330749, Total, 0, 0, 0, 0, 0, 0, 4625499, 4625499
2015, RAJASTHAN, 8, BARAN, 80, SHAHBAD, 1185, AGAR, 34845, 1170244, Roads, 0, 0, 0, 0, 0, 0, 2082076, 2082076
2015, RAJASTHAN, 8, BARAN, 80, SHAHBAD, 1185, AGAR, 34845, 1170244, Total, 0, 0, 0, 0, 0, 0, 2082076, 2082076
2015, RAJASTHAN, 8, BARAN, 80, SHAHBAD, 1185, BAINTA, 34850, 1170366, Roads, 0, 0, 0, 0, 0, 0, 2269423, 2269423
2015, RAJASTHAN, 8, BARAN, 80, SHAHBAD, 1185, BAINTA, 34850, 1170366, Total, 0, 0, 0, 0, 0, 0, 2269423, 2269423
2015, RAJASTHAN, 8, BARAN, 80, SHAHBAD, 1185, BALDA, 34846, 1170377, Roads, 0, 0, 0, 0, 0, 0, 2461359, 2461359
2015, RAJASTHAN, 8, BARAN, 80, SHAHBAD, 1185, BALDA, 34846, 1170377, Total, 0, 0, 0, 0, 0, 0, 2861359, 2861359
2015, RAJASTHAN, 8, BARAN, 80, SHAHBAD, 1185, BALDA, 34846, 1170377, Tribal Welfare, 0, 0, 0, 0, 0, 0, 400000, 400000
2015, RAJASTHAN, 8, BARAN, 80, SHAHBAD, 1185, BAMAN GAWAN, 34847, 1170630, Roads, 0, 0, 0, 0, 0, 0, 2563730, 2563730
2015, RAJASTHAN, 8, BARAN, 80, SHAHBAD, 1185, BAMAN GAWAN, 34847, 1170630, Total, 0, 0, 0, 0, 0, 0, 2563730, 2563730
2015, RAJASTHAN, 8, BARAN, 80, SHAHBAD, 1185, BEEL KHERAMAL, 34849, 1170650, Roads, 0, 0, 0, 0, 0, 0, 2313526, 2313526
2015, RAJASTHAN, 8, BARAN, 80, SHAHBAD, 1185, BEEL KHERAMAL, 34849, 1170650, Rural housing, 0, 0, 0, 0, 0, 0, 500000, 500000
2015, RAJASTHAN, 8, BARAN, 80, SHAHBAD, 1185, BEEL KHERAMAL, 34849, 1170650, Total, 0, 0, 0, 0, 0, 0, 2813526, 2813526
2015, RAJASTHAN, 8, BARAN, 80, SHAHBAD, 1185, BEER KHERA DANG, 34848, 1170654, Roads, 0, 0, 0, 0, 0, 0, 2762370, 2762370
2015, RAJASTHAN, 8, BARAN, 80, SHAHBAD, 1185, BEER KHERA DANG, 34848, 1170654, Total, 0, 0, 0, 0, 0, 0, 2762370, 2762370
2015, RAJASTHAN, 8, BARAN, 80, SHAHBAD, 1185, BICHI, 34851, 1285988, Administrative & Technical Support, 0, 0, 0, 0, 0, 0, 200000, 200000
2015, RAJASTHAN, 8, BARAN, 80, SHAHBAD, 1185, BICHI, 34851, 1285988, Roads, 0, 0, 0, 0, 0, 0, 3205462, 3205462
2015, RAJASTHAN, 8, BARAN, 80, SHAHBAD, 1185, BICHI, 34851, 1285988, Total, 0, 0, 0, 0, 0, 0, 3405462, 3405462
2015, RAJASTHAN, 8, BARAN, 80, SHAHBAD, 1185, Bhoyal, 262700, 1170655, Roads, 0, 0, 0, 0, 0, 0, 2432189, 2432189
2015, RAJASTHAN, 8, BARAN, 80, SHAHBAD, 1185, Bhoyal, 262700, 1170655, Total, 0, 0, 0, 0, 0, 0, 2432189, 2432189
2015, RAJASTHAN, 8, BARAN, 80, SHAHBAD, 1185, DEORI, 34852, 1170682, Roads, 0, 0, 0, 0, 0, 0, 3099391, 3099391
2015, RAJASTHAN, 8, BARAN, 80, SHAHBAD, 1185, DEORI, 34852, 1170682, Sanitation, 0, 0, 0, 0, 0, 0, 400000, 400000
2015, RAJASTHAN, 8, BARAN, 80, SHAHBAD, 1185, DEORI, 34852, 1170682, Social welfare, 0, 0, 0, 0, 0, 0, 500000, 500000
2015, RAJASTHAN, 8, BARAN, 80, SHAHBAD, 1185, DEORI, 34852, 1170682, Total, 0, 0, 0, 0, 0, 0, 3999391, 3999391
2015, RAJASTHAN, 8, BARAN, 80, SHAHBAD, 1185, DHIKWANI, 34853, 1171142, Roads, 0, 0, 0, 0, 0, 0, 3616062, 3616062
2015, RAJASTHAN, 8, BARAN, 80, SHAHBAD, 1185, DHIKWANI, 34853, 1171142, Total, 0, 0, 0, 0, 0, 0, 3616062, 3616062
2015, RAJASTHAN, 8, BARAN, 80, SHAHBAD, 1185, Danta, 262702, 1170674, Drinking water, 0, 0, 0, 0, 0, 0, 100000, 100000
2015, RAJASTHAN, 8, BARAN, 80, SHAHBAD, 1185, Danta, 262702, 1170674, Roads, 0, 0, 0, 0, 0, 0, 4860045, 4860045
2015, RAJASTHAN, 8, BARAN, 80, SHAHBAD, 1185, Danta, 262702, 1170674, Total, 0, 0, 0, 0, 0, 0, 4960045, 4960045
2015, RAJASTHAN, 8, BARAN, 80, SHAHBAD, 1185, GADRETA, 34854, 1171166, Roads, 0, 0, 0, 0, 0, 0, 3798094, 3798094
2015, RAJASTHAN, 8, BARAN, 80, SHAHBAD, 1185, GADRETA, 34854, 1171166, Total, 0, 0, 0, 0, 0, 0, 3798094, 3798094
2015, RAJASTHAN, 8, BARAN, 80, SHAHBAD, 1185, GANESHPURA, 34855, 1171176, Drinking water, 0, 0, 0, 0, 0, 0, 500000, 500000
2015, RAJASTHAN, 8, BARAN, 80, SHAHBAD, 1185, GANESHPURA, 34855, 1171176, Roads, 0, 0, 0, 0, 0, 0, 2607681, 2607681
2015, RAJASTHAN, 8, BARAN, 80, SHAHBAD, 1185, GANESHPURA, 34855, 1171176, Social welfare, 0, 0, 0, 0, 0, 0, 1000000, 1000000
2015, RAJASTHAN, 8, BARAN, 80, SHAHBAD, 1185, GANESHPURA, 34855, 1171176, Total, 0, 0, 0, 0, 0, 0, 4107681, 4107681
2015, RAJASTHAN, 8, BARAN, 80, SHAHBAD, 1185, KASBA NONERA, 34857, 1171180, Roads, 0, 0, 0, 0, 0, 0, 3233335, 3233335
2015, RAJASTHAN, 8, BARAN, 80, SHAHBAD, 1185, KASBA NONERA, 34857, 1171180, Rural housing, 0, 0, 0, 0, 0, 0, 400000, 400000
2015, RAJASTHAN, 8, BARAN, 80, SHAHBAD, 1185, KASBA NONERA, 34857, 1171180, Total, 0, 0, 0, 0, 0, 0, 3633335, 3633335
2015, RAJASTHAN, 8, BARAN, 80, SHAHBAD, 1185, KASBA THANA, 34858, 1171186, Maintenance of community system, 0, 0, 0, 0, 0, 0, 277953, 277953
2015, RAJASTHAN, 8, BARAN, 80, SHAHBAD, 1185, KASBA THANA, 34858, 1171186, Roads, 0, 0, 0, 0, 0, 0, 3480944, 3480944
2015, RAJASTHAN, 8, BARAN, 80, SHAHBAD, 1185, KASBA THANA, 34858, 1171186, Total, 0, 0, 0, 0, 0, 0, 3758897, 3758897
2015, RAJASTHAN, 8, BARAN, 80, SHAHBAD, 1185, KELWARA, 34859, 1171206, Drinking water, 0, 0, 0, 0, 0, 0, 1620000, 1620000
2015, RAJASTHAN, 8, BARAN, 80, SHAHBAD, 1185, KELWARA, 34859, 1171206, Public distribution system, 0, 0, 0, 0, 0, 0, 5994, 5994
2015, RAJASTHAN, 8, BARAN, 80, SHAHBAD, 1185, KELWARA, 34859, 1171206, Roads, 0, 0, 0, 0, 0, 0, 1100000, 1100000
2015, RAJASTHAN, 8, BARAN, 80, SHAHBAD, 1185, KELWARA, 34859, 1171206, Sanitation, 0, 0, 0, 0, 0, 0, 326034, 326034
2015, RAJASTHAN, 8, BARAN, 80, SHAHBAD, 1185, KELWARA, 34859, 1171206, Total, 0, 0, 0, 0, 0, 0, 3052028, 3052028
2015, RAJASTHAN, 8, BARAN, 80, SHAHBAD, 1185, KHANDA SAHROL, 34856, 1171350, Education, 0, 0, 0, 0, 0, 0, 477100, 477100
2015, RAJASTHAN, 8, BARAN, 80, SHAHBAD, 1185, KHANDA SAHROL, 34856, 1171350, Roads, 0, 0, 0, 0, 0, 0, 2429434, 2429434
2015, RAJASTHAN, 8, BARAN, 80, SHAHBAD, 1185, KHANDA SAHROL, 34856, 1171350, Total, 0, 0, 0, 0, 0, 0, 2906534, 2906534
2015, RAJASTHAN, 8, BARAN, 80, SHAHBAD, 1185, KHATKA, 34860, 1171355, Roads, 0, 0, 0, 0, 0, 0, 3335706, 3335706
2015, RAJASTHAN, 8, BARAN, 80, SHAHBAD, 1185, KHATKA, 34860, 1171355, Total, 0, 0, 0, 0, 0, 0, 3335706, 3335706
2015, RAJASTHAN, 8, BARAN, 80, SHAHBAD, 1185, KUSHYARA, 34861, 1286022, Administrative & Technical Support, 0, 0, 0, 0, 0, 0, 200000, 200000
2015, RAJASTHAN, 8, BARAN, 80, SHAHBAD, 1185, KUSHYARA, 34861, 1286022, Roads, 0, 0, 0, 0, 0, 0, 3701732, 3701732
2015, RAJASTHAN, 8, BARAN, 80, SHAHBAD, 1185, KUSHYARA, 34861, 1286022, Total, 0, 0, 0, 0, 0, 0, 3901732, 3901732
2015, RAJASTHAN, 8, BARAN, 80, SHAHBAD, 1185, MAHODRA, 34862, 1171380, Roads, 0, 0, 0, 0, 0, 0, 2896570, 2896570
2015, RAJASTHAN, 8, BARAN, 80, SHAHBAD, 1185, MAHODRA, 34862, 1171380, Total, 0, 0, 0, 0, 0, 0, 2896570, 2896570
2015, RAJASTHAN, 8, BARAN, 80, SHAHBAD, 1185, MOONDIYAR, 34863, 1171384, Roads, 0, 0, 0, 0, 0, 0, 2507923, 2507923
2015, RAJASTHAN, 8, BARAN, 80, SHAHBAD, 1185, MOONDIYAR, 34863, 1171384, Total, 0, 0, 0, 0, 0, 0, 2507923, 2507923
2015, RAJASTHAN, 8, BARAN, 80, SHAHBAD, 1185, NATAI, 34864, 1171387, Roads, 0, 0, 0, 0, 0, 0, 4075619, 4075619
2015, RAJASTHAN, 8, BARAN, 80, SHAHBAD, 1185, NATAI, 34864, 1171387, Sanitation, 0, 0, 0, 0, 0, 0, 50000, 50000
2015, RAJASTHAN, 8, BARAN, 80, SHAHBAD, 1185, NATAI, 34864, 1171387, Total, 0, 0, 0, 0, 0, 0, 4125619, 4125619
2015, RAJASTHAN, 8, BARAN, 80, SHAHBAD, 1185, OGAR, 262168, 1171483, Roads, 0, 0, 0, 0, 0, 0, 2491316, 2491316
2015, RAJASTHAN, 8, BARAN, 80, SHAHBAD, 1185, OGAR, 262168, 1171483, Total, 0, 0, 0, 0, 0, 0, 2491316, 2491316
2015, RAJASTHAN, 8, BARAN, 80, SHAHBAD, 1185, PEEPAL KHERI, 34865, 1171488, Roads, 0, 0, 0, 0, 0, 0, 2757720, 2757720
2015, RAJASTHAN, 8, BARAN, 80, SHAHBAD, 1185, PEEPAL KHERI, 34865, 1171488, Total, 0, 0, 0, 0, 0, 0, 2757720, 2757720
2015, RAJASTHAN, 8, BARAN, 80, SHAHBAD, 1185, RAJPUR, 34866, 1171523, Cultural activities, 0, 0, 0, 0, 0, 0, 400000, 400000
2015, RAJASTHAN, 8, BARAN, 80, SHAHBAD, 1185, RAJPUR, 34866, 1171523, Roads, 0, 0, 0, 0, 0, 0, 2278662, 2278662
2015, RAJASTHAN, 8, BARAN, 80, SHAHBAD, 1185, RAJPUR, 34866, 1171523, Total, 0, 0, 0, 0, 0, 0, 2678662, 2678662
2015, RAJASTHAN, 8, BARAN, 80, SHAHBAD, 1185, SAMRANIYA, 34867, 1171528, Drinking water, 0, 0, 0, 0, 0, 0, 766850, 766850
2015, RAJASTHAN, 8, BARAN, 80, SHAHBAD, 1185, SAMRANIYA, 34867, 1171528, Maintenance of community system, 0, 0, 0, 0, 0, 0, 200000, 200000
2015, RAJASTHAN, 8, BARAN, 80, SHAHBAD, 1185, SAMRANIYA, 34867, 1171528, Roads, 0, 0, 0, 0, 0, 0, 1915769, 1915769
2015, RAJASTHAN, 8, BARAN, 80, SHAHBAD, 1185, SAMRANIYA, 34867, 1171528, Total, 0, 0, 0, 0, 0, 0, 2882619, 2882619
2015, RAJASTHAN, 8, BARAN, 80, SHAHBAD, 1185, SANDOKARA, 34868, 1171552, Roads, 0, 0, 0, 0, 0, 0, 2456105, 2456105
2015, RAJASTHAN, 8, BARAN, 80, SHAHBAD, 1185, SANDOKARA, 34868, 1171552, Total, 0, 0, 0, 0, 0, 0, 2456105, 2456105
2015, RAJASTHAN, 8, BARAN, 80, SHAHBAD, 1185, SANWARA, 34869, 1171554, Drinking water, 0, 0, 0, 0, 0, 0, 200000, 200000
2015, RAJASTHAN, 8, BARAN, 80, SHAHBAD, 1185, SANWARA, 34869, 1171554, Health, 0, 0, 0, 0, 0, 0, 100000, 100000
2015, RAJASTHAN, 8, BARAN, 80, SHAHBAD, 1185, SANWARA, 34869, 1171554, Public distribution system, 0, 0, 0, 0, 0, 0, 300000, 300000
2015, RAJASTHAN, 8, BARAN, 80, SHAHBAD, 1185, SANWARA, 34869, 1171554, Roads, 0, 0, 0, 0, 0, 0, 2463321, 2463321
2015, RAJASTHAN, 8, BARAN, 80, SHAHBAD, 1185, SANWARA, 34869, 1171554, Total, 0, 0, 0, 0, 0, 0, 3063321, 3063321
2015, RAJASTHAN, 8, BARAN, 80, SHAHBAD, 1185, SHAHBAD, 34870, 1171675, Cultural activities, 0, 0, 0, 0, 0, 0, 412640, 412640
2015, RAJASTHAN, 8, BARAN, 80, SHAHBAD, 1185, SHAHBAD, 34870, 1171675, Roads, 0, 0, 0, 0, 0, 0, 3202093, 3202093
2015, RAJASTHAN, 8, BARAN, 80, SHAHBAD, 1185, SHAHBAD, 34870, 1171675, Total, 0, 0, 0, 0, 0, 0, 3614733, 3614733
2015, RAJASTHAN, 8, BARAN, 80, SHAHBAD, 1185, SHUBH DHARA, 34871, 1171677, Maintenance of community system, 0, 0, 0, 0, 0, 0, 500000, 500000
2015, RAJASTHAN, 8, BARAN, 80, SHAHBAD, 1185, SHUBH DHARA, 34871, 1171677, Public distribution system, 0, 0, 0, 0, 0, 0, 50000, 50000
2015, RAJASTHAN, 8, BARAN, 80, SHAHBAD, 1185, SHUBH DHARA, 34871, 1171677, Roads, 0, 0, 0, 0, 0, 0, 1912084, 1912084
2015, RAJASTHAN, 8, BARAN, 80, SHAHBAD, 1185, SHUBH DHARA, 34871, 1171677, Total, 0, 0, 0, 0, 0, 0, 2462084, 2462084
2015, RAJASTHAN, 8, BARMER, 81, BALOTRA, 1186, AKARLI BAKSHIRAM, 34872, 1174748, Administrative & Technical Support, 0, 0, 0, 0, 0, 0, 24964, 24964
2015, RAJASTHAN, 8, BARMER, 81, BALOTRA, 1186, AKARLI BAKSHIRAM, 34872, 1174748, Drinking water, 0, 0, 0, 0, 0, 0, 700000, 700000
2015, RAJASTHAN, 8, BARMER, 81, BALOTRA, 1186, AKARLI BAKSHIRAM, 34872, 1174748, Roads, 0, 0, 0, 0, 0, 0, 1250000, 1250000
2015, RAJASTHAN, 8, BARMER, 81, BALOTRA, 1186, AKARLI BAKSHIRAM, 34872, 1174748, Sanitation, 0, 0, 0, 0, 0, 0, 416050, 416050
2015, RAJASTHAN, 8, BARMER, 81, BALOTRA, 1186, AKARLI BAKSHIRAM, 34872, 1174748, Total, 0, 0, 0, 0, 0, 0, 2391014, 2391014
2015, RAJASTHAN, 8, BARMER, 81, BALOTRA, 1186, ASADA, 34874, 1200083, Drinking water, 0, 0, 0, 0, 0, 0, 910000, 910000
2015, RAJASTHAN, 8, BARMER, 81, BALOTRA, 1186, ASADA, 34874, 1200083, Maintenance of community system, 0, 0, 0, 0, 0, 0, 857972, 857972
2015, RAJASTHAN, 8, BARMER, 81, BALOTRA, 1186, ASADA, 34874, 1200083, Roads, 0, 0, 0, 0, 0, 0, 2191070, 2191070
2015, RAJASTHAN, 8, BARMER, 81, BALOTRA, 1186, ASADA, 34874, 1200083, Sanitation, 0, 0, 0, 0, 0, 0, 150000, 150000
2015, RAJASTHAN, 8, BARMER, 81, BALOTRA, 1186, ASADA, 34874, 1200083, Total, 0, 0, 0, 0, 0, 0, 4109042, 4109042
2015, RAJASTHAN, 8, BARMER, 81, BALOTRA, 1186, ASOTRA, 34875, 1200398, Drinking water, 0, 0, 0, 0, 0, 0, 60000, 60000
2015, RAJASTHAN, 8, BARMER, 81, BALOTRA, 1186, ASOTRA, 34875, 1200398, Education, 0, 0, 0, 0, 0, 0, 900471, 900471
2015, RAJASTHAN, 8, BARMER, 81, BALOTRA, 1186, ASOTRA, 34875, 1200398, Roads, 0, 0, 0, 0, 0, 0, 4158354, 4158354
2015, RAJASTHAN, 8, BARMER, 81, BALOTRA, 1186, ASOTRA, 34875, 1200398, Total, 0, 0, 0, 0, 0, 0, 5118825, 5118825
2015, RAJASTHAN, 8, BARMER, 81, BALOTRA, 1186, BHIMARLAI, 262328, 1199388, Public distribution system, 0, 0, 0, 0, 0, 0, 1732203, 1732203
2015, RAJASTHAN, 8, BARMER, 81, BALOTRA, 1186, BHIMARLAI, 262328, 1199388, Social welfare, 0, 0, 0, 0, 0, 0, 229000, 229000
2015, RAJASTHAN, 8, BARMER, 81, BALOTRA, 1186, BHIMARLAI, 262328, 1199388, Total, 0, 0, 0, 0, 0, 0, 1961203, 1961203
2015, RAJASTHAN, 8, BARMER, 81, BALOTRA, 1186, BITHUJA, 34880, 1174763, Drinking water, 0, 0, 0, 0, 0, 0, 300000, 300000
2015, RAJASTHAN, 8, BARMER, 81, BALOTRA, 1186, BITHUJA, 34880, 1174763, Maintenance of community system, 0, 0, 0, 0, 0, 0, 443939, 443939
2015, RAJASTHAN, 8, BARMER, 81, BALOTRA, 1186, BITHUJA, 34880, 1174763, Roads, 0, 0, 0, 0, 0, 0, 1300000, 1300000
2015, RAJASTHAN, 8, BARMER, 81, BALOTRA, 1186, BITHUJA, 34880, 1174763, Sanitation, 0, 0, 0, 0, 0, 0, 1250000, 1250000
2015, RAJASTHAN, 8, BARMER, 81, BALOTRA, 1186, BITHUJA, 34880, 1174763, Social welfare, 0, 0, 0, 0, 0, 0, 49711, 49711
2015, RAJASTHAN, 8, BARMER, 81, BALOTRA, 1186, BITHUJA, 34880, 1174763, Total, 0, 0, 0, 0, 0, 0, 3343650, 3343650
2015, RAJASTHAN, 8, BARMER, 81, BALOTRA, 1186, Budiwara, 262248, 1197490, Administrative & Technical Support, 0, 0, 0, 0, 0, 0, 133145, 133145
2015, RAJASTHAN, 8, BARMER, 81, BALOTRA, 1186, Budiwara, 262248, 1197490, Drinking water, 0, 0, 0, 0, 0, 0, 1100000, 1100000
2015, RAJASTHAN, 8, BARMER, 81, BALOTRA, 1186, Budiwara, 262248, 1197490, Education, 0, 0, 0, 0, 0, 0, 300000, 300000
2015, RAJASTHAN, 8, BARMER, 81, BALOTRA, 1186, Budiwara, 262248, 1197490, Public distribution system, 0, 0, 0, 0, 0, 0, 1179445, 1179445
2015, RAJASTHAN, 8, BARMER, 81, BALOTRA, 1186, Budiwara, 262248, 1197490, Roads, 0, 0, 0, 0, 0, 0, 300000, 300000
2015, RAJASTHAN, 8, BARMER, 81, BALOTRA, 1186, Budiwara, 262248, 1197490, Total, 0, 0, 0, 0, 0, 0, 3012590, 3012590
2015, RAJASTHAN, 8, BARMER, 81, BALOTRA, 1186, CHANDESARA, 34881, 1197528, Drinking water, 0, 0, 0, 0, 0, 0, 260000, 260000
2015, RAJASTHAN, 8, BARMER, 81, BALOTRA, 1186, CHANDESARA, 34881, 1197528, Maintenance of community system, 0, 0, 0, 0, 0, 0, 384656, 384656
2015, RAJASTHAN, 8, BARMER, 81, BALOTRA, 1186, CHANDESARA, 34881, 1197528, Roads, 0, 0, 0, 0, 0, 0, 1079164, 1079164
2015, RAJASTHAN, 8, BARMER, 81, BALOTRA, 1186, CHANDESARA, 34881, 1197528, Sanitation, 0, 0, 0, 0, 0, 0, 300000, 300000
2015, RAJASTHAN, 8, BARMER, 81, BALOTRA, 1186, CHANDESARA, 34881, 1197528, Total, 0, 0, 0, 0, 0, 0, 2023820, 2023820
2015, RAJASTHAN, 8, BARMER, 81, BALOTRA, 1186, DUDHWA, 34885, 1199674, Administrative & Technical Support, 0, 0, 0, 0, 0, 0, 244709, 244709
2015, RAJASTHAN, 8, BARMER, 81, BALOTRA, 1186, DUDHWA, 34885, 1199674, Education, 0, 0, 0, 0, 0, 0, 1610000, 1610000
2015, RAJASTHAN, 8, BARMER, 81, BALOTRA, 1186, DUDHWA, 34885, 1199674, Maintenance of community system, 0, 0, 0, 0, 0, 0, 585857, 585857
2015, RAJASTHAN, 8, BARMER, 81, BALOTRA, 1186, DUDHWA, 34885, 1199674, Sanitation, 0, 0, 0, 0, 0, 0, 100000, 100000
2015, RAJASTHAN, 8, BARMER, 81, BALOTRA, 1186, DUDHWA, 34885, 1199674, Total, 0, 0, 0, 0, 0, 0, 2540566, 2540566
2015, RAJASTHAN, 8, BARMER, 81, BALOTRA, 1186, GOLE STATION, 34887, 1174785, Administrative & Technical Support, 0, 0, 0, 0, 0, 0, 14414, 14414
2015, RAJASTHAN, 8, BARMER, 81, BALOTRA, 1186, GOLE STATION, 34887, 1174785, Drinking water, 0, 0, 0, 0, 0, 0, 933076, 933076
2015, RAJASTHAN, 8, BARMER, 81, BALOTRA, 1186, GOLE STATION, 34887, 1174785, Education, 0, 0, 0, 0, 0, 0, 180000, 180000
2015, RAJASTHAN, 8, BARMER, 81, BALOTRA, 1186, GOLE STATION, 34887, 1174785, Sanitation, 0, 0, 0, 0, 0, 0, 1000000, 1000000
2015, RAJASTHAN, 8, BARMER, 81, BALOTRA, 1186, GOLE STATION, 34887, 1174785, Social welfare, 0, 0, 0, 0, 0, 0, 300000, 300000
2015, RAJASTHAN, 8, BARMER, 81, BALOTRA, 1186, GOLE STATION, 34887, 1174785, Total, 0, 0, 0, 0, 0, 0, 2427490, 2427490
2015, RAJASTHAN, 8, BARMER, 81, BALOTRA, 1186, GOPARI, 34888, 1199819, Administrative & Technical Support, 0, 0, 0, 0, 0, 0, 88582, 88582
2015, RAJASTHAN, 8, BARMER, 81, BALOTRA, 1186, GOPARI, 34888, 1199819, Drinking water, 0, 0, 0, 0, 0, 0, 340000, 340000
2015, RAJASTHAN, 8, BARMER, 81, BALOTRA, 1186, GOPARI, 34888, 1199819, Roads, 0, 0, 0, 0, 0, 0, 1023000, 1023000
2015, RAJASTHAN, 8, BARMER, 81, BALOTRA, 1186, GOPARI, 34888, 1199819, Sanitation, 0, 0, 0, 0, 0, 0, 633032, 633032
2015, RAJASTHAN, 8, BARMER, 81, BALOTRA, 1186, GOPARI, 34888, 1199819, Total, 0, 0, 0, 0, 0, 0, 2084614, 2084614
2015, RAJASTHAN, 8, BARMER, 81, BALOTRA, 1186, JAGSA, 34890, 1174795, Administrative & Technical Support, 0, 0, 0, 0, 0, 0, 200000, 200000
2015, RAJASTHAN, 8, BARMER, 81, BALOTRA, 1186, JAGSA, 34890, 1174795, Drinking water, 0, 0, 0, 0, 0, 0, 300000, 300000
2015, RAJASTHAN, 8, BARMER, 81, BALOTRA, 1186, JAGSA, 34890, 1174795, Education, 0, 0, 0, 0, 0, 0, 300000, 300000
2015, RAJASTHAN, 8, BARMER, 81, BALOTRA, 1186, JAGSA, 34890, 1174795, Maintenance of community system, 0, 0, 0, 0, 0, 0, 200000, 200000
2015, RAJASTHAN, 8, BARMER, 81, BALOTRA, 1186, JAGSA, 34890, 1174795, Rural electrification, 0, 0, 0, 0, 0, 0, 200000, 200000
2015, RAJASTHAN, 8, BARMER, 81, BALOTRA, 1186, JAGSA, 34890, 1174795, Sanitation, 0, 0, 0, 0, 0, 0, 743461, 743461
2015, RAJASTHAN, 8, BARMER, 81, BALOTRA, 1186, JAGSA, 34890, 1174795, Social welfare, 0, 0, 0, 0, 0, 0, 720516, 720516
2015, RAJASTHAN, 8, BARMER, 81, BALOTRA, 1186, JAGSA, 34890, 1174795, Total, 0, 0, 0, 0, 0, 0, 2663977, 2663977
2015, RAJASTHAN, 8, BARMER, 81, BALOTRA, 1186, JANIYANA, 262338, 1174803, Public distribution system, 0, 0, 0, 0, 0, 0, 2169724, 2169724
2015, RAJASTHAN, 8, BARMER, 81, BALOTRA, 1186, JANIYANA, 262338, 1174803, Total, 0, 0, 0, 0, 0, 0, 2169724, 2169724
2015, RAJASTHAN, 8, BARMER, 81, BALOTRA, 1186, JASOL, 34891, 1199455, Administrative & Technical Support, 0, 0, 0, 0, 0, 0, 1195503, 1195503
2015, RAJASTHAN, 8, BARMER, 81, BALOTRA, 1186, JASOL, 34891, 1199455, Education, 0, 0, 0, 0, 0, 0, 2000000, 2000000
2015, RAJASTHAN, 8, BARMER, 81, BALOTRA, 1186, JASOL, 34891, 1199455, Maintenance of community system, 0, 0, 0, 0, 0, 0, 1313124, 1313124
2015, RAJASTHAN, 8, BARMER, 81, BALOTRA, 1186, JASOL, 34891, 1199455, Roads, 0, 0, 0, 0, 0, 0, 3846000, 3846000
2015, RAJASTHAN, 8, BARMER, 81, BALOTRA, 1186, JASOL, 34891, 1199455, Rural electrification, 0, 0, 0, 0, 0, 0, 700000, 700000
2015, RAJASTHAN, 8, BARMER, 81, BALOTRA, 1186, JASOL, 34891, 1199455, Sanitation, 0, 0, 0, 0, 0, 0, 400000, 400000
2015, RAJASTHAN, 8, BARMER, 81, BALOTRA, 1186, JASOL, 34891, 1199455, Total, 0, 0, 0, 0, 0, 0, 9454627, 9454627
2015, RAJASTHAN, 8, BARMER, 81, BALOTRA, 1186, KALOORI, 34893, 1181820, Drinking water, 0, 0, 0, 0, 0, 0, 319510, 319510
2015, RAJASTHAN, 8, BARMER, 81, BALOTRA, 1186, KALOORI, 34893, 1181820, Roads, 0, 0, 0, 0, 0, 0, 1107394, 1107394
2015, RAJASTHAN, 8, BARMER, 81, BALOTRA, 1186, KALOORI, 34893, 1181820, Sanitation, 0, 0, 0, 0, 0, 0, 1400000, 1400000
2015, RAJASTHAN, 8, BARMER, 81, BALOTRA, 1186, KALOORI, 34893, 1181820, Total, 0, 0, 0, 0, 0, 0, 2826904, 2826904
2015, RAJASTHAN, 8, BARMER, 81, BALOTRA, 1186, KANANA, 34895, 1174813, Drinking water, 0, 0, 0, 0, 0, 0, 1450000, 1450000
2015, RAJASTHAN, 8, BARMER, 81, BALOTRA, 1186, KANANA, 34895, 1174813, Maintenance of community system, 0, 0, 0, 0, 0, 0, 87400, 87400
2015, RAJASTHAN, 8, BARMER, 81, BALOTRA, 1186, KANANA, 34895, 1174813, Roads, 0, 0, 0, 0, 0, 0, 1000000, 1000000
2015, RAJASTHAN, 8, BARMER, 81, BALOTRA, 1186, KANANA, 34895, 1174813, Sanitation, 0, 0, 0, 0, 0, 0, 908384, 908384
2015, RAJASTHAN, 8, BARMER, 81, BALOTRA, 1186, KANANA, 34895, 1174813, Total, 0, 0, 0, 0, 0, 0, 3445784, 3445784
2015, RAJASTHAN, 8, BARMER, 81, BALOTRA, 1186, KHATTU, 34898, 1199772, Administrative & Technical Support, 0, 0, 0, 0, 0, 0, 35921, 35921
2015, RAJASTHAN, 8, BARMER, 81, BALOTRA, 1186, KHATTU, 34898, 1199772, Drinking water, 0, 0, 0, 0, 0, 0, 900000, 900000
2015, RAJASTHAN, 8, BARMER, 81, BALOTRA, 1186, KHATTU, 34898, 1199772, Roads, 0, 0, 0, 0, 0, 0, 1500000, 1500000
2015, RAJASTHAN, 8, BARMER, 81, BALOTRA, 1186, KHATTU, 34898, 1199772, Sanitation, 0, 0, 0, 0, 0, 0, 444482, 444482
2015, RAJASTHAN, 8, BARMER, 81, BALOTRA, 1186, KHATTU, 34898, 1199772, Total, 0, 0, 0, 0, 0, 0, 2880403, 2880403
2015, RAJASTHAN, 8, BARMER, 81, BALOTRA, 1186, KHED, 262308, 1199401, Public distribution system, 0, 0, 0, 0, 0, 0, 2071847, 2071847
2015, RAJASTHAN, 8, BARMER, 81, BALOTRA, 1186, KHED, 262308, 1199401, Total, 0, 0, 0, 0, 0, 0, 2071847, 2071847
2015, RAJASTHAN, 8, BARMER, 81, BALOTRA, 1186, KITNOD, 34899, 1199241, Drinking water, 0, 0, 0, 0, 0, 0, 1210000, 1210000
2015, RAJASTHAN, 8, BARMER, 81, BALOTRA, 1186, KITNOD, 34899, 1199241, Maintenance of community system, 0, 0, 0, 0, 0, 0, 50000, 50000
2015, RAJASTHAN, 8, BARMER, 81, BALOTRA, 1186, KITNOD, 34899, 1199241, Roads, 0, 0, 0, 0, 0, 0, 300000, 300000
2015, RAJASTHAN, 8, BARMER, 81, BALOTRA, 1186, KITNOD, 34899, 1199241, Rural electrification, 0, 0, 0, 0, 0, 0, 50000, 50000
2015, RAJASTHAN, 8, BARMER, 81, BALOTRA, 1186, KITNOD, 34899, 1199241, Sanitation, 0, 0, 0, 0, 0, 0, 1034248, 1034248
2015, RAJASTHAN, 8, BARMER, 81, BALOTRA, 1186, KITNOD, 34899, 1199241, Social welfare, 0, 0, 0, 0, 0, 0, 500000, 500000
2015, RAJASTHAN, 8, BARMER, 81, BALOTRA, 1186, KITNOD, 34899, 1199241, Total, 0, 0, 0, 0, 0, 0, 3144248, 3144248
2015, RAJASTHAN, 8, BARMER, 81, BALOTRA, 1186, Kitpala, 262254, 1197612, Administrative & Technical Support, 0, 0, 0, 0, 0, 0, 200000, 200000
2015, RAJASTHAN, 8, BARMER, 81, BALOTRA, 1186, Kitpala, 262254, 1197612, Maintenance of community system, 0, 0, 0, 0, 0, 0, 50000, 50000
2015, RAJASTHAN, 8, BARMER, 81, BALOTRA, 1186, Kitpala, 262254, 1197612, Public distribution system, 0, 0, 0, 0, 0, 0, 1886023, 1886023
2015, RAJASTHAN, 8, BARMER, 81, BALOTRA, 1186, Kitpala, 262254, 1197612, Roads, 0, 0, 0, 0, 0, 0, 550000, 550000
2015, RAJASTHAN, 8, BARMER, 81, BALOTRA, 1186, Kitpala, 262254, 1197612, Social welfare, 0, 0, 0, 0, 0, 0, 150000, 150000
2015, RAJASTHAN, 8, BARMER, 81, BALOTRA, 1186, Kitpala, 262254, 1197612, Total, 0, 0, 0, 0, 0, 0, 2836023, 2836023
2015, RAJASTHAN, 8, BARMER, 81, BALOTRA, 1186, MAJIWALA, 34902, 1175525, Administrative & Technical Support, 0, 0, 0, 0, 0, 0, 300000, 300000
2015, RAJASTHAN, 8, BARMER, 81, BALOTRA, 1186, MAJIWALA, 34902, 1175525, Drinking water, 0, 0, 0, 0, 0, 0, 200000, 200000
2015, RAJASTHAN, 8, BARMER, 81, BALOTRA, 1186, MAJIWALA, 34902, 1175525, Maintenance of community system, 0, 0, 0, 0, 0, 0, 450000, 450000
2015, RAJASTHAN, 8, BARMER, 81, BALOTRA, 1186, MAJIWALA, 34902, 1175525, Roads, 0, 0, 0, 0, 0, 0, 1256772, 1256772
2015, RAJASTHAN, 8, BARMER, 81, BALOTRA, 1186, MAJIWALA, 34902, 1175525, Sanitation, 0, 0, 0, 0, 0, 0, 1219110, 1219110
2015, RAJASTHAN, 8, BARMER, 81, BALOTRA, 1186, MAJIWALA, 34902, 1175525, Social welfare, 0, 0, 0, 0, 0, 0, 150000, 150000
2015, RAJASTHAN, 8, BARMER, 81, BALOTRA, 1186, MAJIWALA, 34902, 1175525, Total, 0, 0, 0, 0, 0, 0, 3575882, 3575882
2015, RAJASTHAN, 8, BARMER, 81, BALOTRA, 1186, MEWA NAGAR, 34904, 1199838, Administrative & Technical Support, 0, 0, 0, 0, 0, 0, 100000, 100000
2015, RAJASTHAN, 8, BARMER, 81, BALOTRA, 1186, MEWA NAGAR, 34904, 1199838, Drinking water, 0, 0, 0, 0, 0, 0, 818256, 818256
2015, RAJASTHAN, 8, BARMER, 81, BALOTRA, 1186, MEWA NAGAR, 34904, 1199838, Maintenance of community system, 0, 0, 0, 0, 0, 0, 91394, 91394
2015, RAJASTHAN, 8, BARMER, 81, BALOTRA, 1186, MEWA NAGAR, 34904, 1199838, Public distribution system, 0, 0, 0, 0, 0, 0, 200000, 200000
2015, RAJASTHAN, 8, BARMER, 81, BALOTRA, 1186, MEWA NAGAR, 34904, 1199838, Roads, 0, 0, 0, 0, 0, 0, 1800000, 1800000
2015, RAJASTHAN, 8, BARMER, 81, BALOTRA, 1186, MEWA NAGAR, 34904, 1199838, Sanitation, 0, 0, 0, 0, 0, 0, 1100000, 1100000
2015, RAJASTHAN, 8, BARMER, 81, BALOTRA, 1186, MEWA NAGAR, 34904, 1199838, Total, 0, 0, 0, 0, 0, 0, 4109650, 4109650
2015, RAJASTHAN, 8, BARMER, 81, BALOTRA, 1186, MUNGRA, 34906, 1174783, Administrative & Technical Support, 0, 0, 0, 0, 0, 0, 150000, 150000
2015, RAJASTHAN, 8, BARMER, 81, BALOTRA, 1186, MUNGRA, 34906, 1174783, Drinking water, 0, 0, 0, 0, 0, 0, 1161000, 1161000
2015, RAJASTHAN, 8, BARMER, 81, BALOTRA, 1186, MUNGRA, 34906, 1174783, Education, 0, 0, 0, 0, 0, 0, 332533, 332533
2015, RAJASTHAN, 8, BARMER, 81, BALOTRA, 1186, MUNGRA, 34906, 1174783, Maintenance of community system, 0, 0, 0, 0, 0, 0, 50000, 50000
2015, RAJASTHAN, 8, BARMER, 81, BALOTRA, 1186, MUNGRA, 34906, 1174783, Roads, 0, 0, 0, 0, 0, 0, 1536427, 1536427
2015, RAJASTHAN, 8, BARMER, 81, BALOTRA, 1186, MUNGRA, 34906, 1174783, Sanitation, 0, 0, 0, 0, 0, 0, 214000, 214000
2015, RAJASTHAN, 8, BARMER, 81, BALOTRA, 1186, MUNGRA, 34906, 1174783, Total, 0, 0, 0, 0, 0, 0, 3443960, 3443960
2015, RAJASTHAN, 8, BARMER, 81, BALOTRA, 1186, Mandapura, 262239, 1199420, Public distribution system, 0, 0, 0, 0, 0, 0, 1462441, 1462441
2015, RAJASTHAN, 8, BARMER, 81, BALOTRA, 1186, Mandapura, 262239, 1199420, Sanitation, 0, 0, 0, 0, 0, 0, 700000, 700000
2015, RAJASTHAN, 8, BARMER, 81, BALOTRA, 1186, Mandapura, 262239, 1199420, Social welfare, 0, 0, 0, 0, 0, 0, 200000, 200000
2015, RAJASTHAN, 8, BARMER, 81, BALOTRA, 1186, Mandapura, 262239, 1199420, Total, 0, 0, 0, 0, 0, 0, 2362441, 2362441
2015, RAJASTHAN, 8, BARMER, 81, BALOTRA, 1186, PACHPADRA, 34910, 1199473, Administrative & Technical Support, 0, 0, 0, 0, 0, 0, 179453, 179453
2015, RAJASTHAN, 8, BARMER, 81, BALOTRA, 1186, PACHPADRA, 34910, 1199473, Roads, 0, 0, 0, 0, 0, 0, 2300000, 2300000
2015, RAJASTHAN, 8, BARMER, 81, BALOTRA, 1186, PACHPADRA, 34910, 1199473, Sanitation, 0, 0, 0, 0, 0, 0, 2608091, 2608091
2015, RAJASTHAN, 8, BARMER, 81, BALOTRA, 1186, PACHPADRA, 34910, 1199473, Social welfare, 0, 0, 0, 0, 0, 0, 500000, 500000
2015, RAJASTHAN, 8, BARMER, 81, BALOTRA, 1186, PACHPADRA, 34910, 1199473, Total, 0, 0, 0, 0, 0, 0, 5587544, 5587544
2015, RAJASTHAN, 8, BARMER, 81, BALOTRA, 1186, PARLOO, 34911, 1199806, Administrative & Technical Support, 0, 0, 0, 0, 0, 0, 200000, 200000
2015, RAJASTHAN, 8, BARMER, 81, BALOTRA, 1186, PARLOO, 34911, 1199806, Drinking water, 0, 0, 0, 0, 0, 0, 130000, 130000
2015, RAJASTHAN, 8, BARMER, 81, BALOTRA, 1186, PARLOO, 34911, 1199806, Education, 0, 0, 0, 0, 0, 0, 119876, 119876
2015, RAJASTHAN, 8, BARMER, 81, BALOTRA, 1186, PARLOO, 34911, 1199806, Maintenance of community system, 0, 0, 0, 0, 0, 0, 200000, 200000
2015, RAJASTHAN, 8, BARMER, 81, BALOTRA, 1186, PARLOO, 34911, 1199806, Roads, 0, 0, 0, 0, 0, 0, 1206000, 1206000
2015, RAJASTHAN, 8, BARMER, 81, BALOTRA, 1186, PARLOO, 34911, 1199806, Sanitation, 0, 0, 0, 0, 0, 0, 1146000, 1146000
2015, RAJASTHAN, 8, BARMER, 81, BALOTRA, 1186, PARLOO, 34911, 1199806, Social welfare, 0, 0, 0, 0, 0, 0, 245720, 245720
2015, RAJASTHAN, 8, BARMER, 81, BALOTRA, 1186, PARLOO, 34911, 1199806, Total, 0, 0, 0, 0, 0, 0, 3247596, 3247596
2015, RAJASTHAN, 8, BARMER, 81, BALOTRA, 1186, SARANA, 34917, 1200051, Administrative & Technical Support, 0, 0, 0, 0, 0, 0, 191665, 191665
2015, RAJASTHAN, 8, BARMER, 81, BALOTRA, 1186, SARANA, 34917, 1200051, Drinking water, 0, 0, 0, 0, 0, 0, 500000, 500000
2015, RAJASTHAN, 8, BARMER, 81, BALOTRA, 1186, SARANA, 34917, 1200051, Education, 0, 0, 0, 0, 0, 0, 200000, 200000
2015, RAJASTHAN, 8, BARMER, 81, BALOTRA, 1186, SARANA, 34917, 1200051, Roads, 0, 0, 0, 0, 0, 0, 600000, 600000
2015, RAJASTHAN, 8, BARMER, 81, BALOTRA, 1186, SARANA, 34917, 1200051, Sanitation, 0, 0, 0, 0, 0, 0, 718206, 718206
2015, RAJASTHAN, 8, BARMER, 81, BALOTRA, 1186, SARANA, 34917, 1200051, Social welfare, 0, 0, 0, 0, 0, 0, 400000, 400000
2015, RAJASTHAN, 8, BARMER, 81, BALOTRA, 1186, SARANA, 34917, 1200051, Total, 0, 0, 0, 0, 0, 0, 2609871, 2609871
2015, RAJASTHAN, 8, BARMER, 81, BALOTRA, 1186, SINLI JAGEER, 34920, 1199446, Drinking water, 0, 0, 0, 0, 0, 0, 1127402, 1127402
2015, RAJASTHAN, 8, BARMER, 81, BALOTRA, 1186, SINLI JAGEER, 34920, 1199446, Roads, 0, 0, 0, 0, 0, 0, 1187931, 1187931
2015, RAJASTHAN, 8, BARMER, 81, BALOTRA, 1186, SINLI JAGEER, 34920, 1199446, Social welfare, 0, 0, 0, 0, 0, 0, 100000, 100000
2015, RAJASTHAN, 8, BARMER, 81, BALOTRA, 1186, SINLI JAGEER, 34920, 1199446, Total, 0, 0, 0, 0, 0, 0, 2415333, 2415333
2015, RAJASTHAN, 8, BARMER, 81, BALOTRA, 1186, TAPRA, 34921, 1200306, Administrative & Technical Support, 0, 0, 0, 0, 0, 0, 221943, 221943
2015, RAJASTHAN, 8, BARMER, 81, BALOTRA, 1186, TAPRA, 34921, 1200306, Drinking water, 0, 0, 0, 0, 0, 0, 600000, 600000
2015, RAJASTHAN, 8, BARMER, 81, BALOTRA, 1186, TAPRA, 34921, 1200306, Roads, 0, 0, 0, 0, 0, 0, 1750000, 1750000
2015, RAJASTHAN, 8, BARMER, 81, BALOTRA, 1186, TAPRA, 34921, 1200306, Sanitation, 0, 0, 0, 0, 0, 0, 1501230, 1501230
2015, RAJASTHAN, 8, BARMER, 81, BALOTRA, 1186, TAPRA, 34921, 1200306, Total, 0, 0, 0, 0, 0, 0, 4073173, 4073173
2015, RAJASTHAN, 8, BARMER, 81, BALOTRA, 1186, TILWARA, 34924, 1199417, Drinking water, 0, 0, 0, 0, 0, 0, 200000, 200000
2015, RAJASTHAN, 8, BARMER, 81, BALOTRA, 1186, TILWARA, 34924, 1199417, Education, 0, 0, 0, 0, 0, 0, 560000, 560000
2015, RAJASTHAN, 8, BARMER, 81, BALOTRA, 1186, TILWARA, 34924, 1199417, Maintenance of community system, 0, 0, 0, 0, 0, 0, 450000, 450000
2015, RAJASTHAN, 8, BARMER, 81, BALOTRA, 1186, TILWARA, 34924, 1199417, Roads, 0, 0, 0, 0, 0, 0, 614964, 614964
2015, RAJASTHAN, 8, BARMER, 81, BALOTRA, 1186, TILWARA, 34924, 1199417, Sanitation, 0, 0, 0, 0, 0, 0, 266050, 266050
2015, RAJASTHAN, 8, BARMER, 81, BALOTRA, 1186, TILWARA, 34924, 1199417, Social welfare, 0, 0, 0, 0, 0, 0, 300000, 300000
2015, RAJASTHAN, 8, BARMER, 81, BALOTRA, 1186, TILWARA, 34924, 1199417, Total, 0, 0, 0, 0, 0, 0, 2391014, 2391014
2015, RAJASTHAN, 8, BARMER, 81, BAYTOO, 1188, AKDARA, 34976, 1158822, Drinking water, 0, 0, 0, 0, 0, 0, 300000, 300000
2015, RAJASTHAN, 8, BARMER, 81, BAYTOO, 1188, AKDARA, 34976, 1158822, Total, 0, 0, 0, 0, 0, 0, 300000, 300000
2015, RAJASTHAN, 8, BARMER, 81, BAYTOO, 1188, BAITU BHIMJI, 34977, 1158825, Drinking water, 0, 0, 0, 0, 0, 0, 600000, 600000
2015, RAJASTHAN, 8, BARMER, 81, BAYTOO, 1188, BAITU BHIMJI, 34977, 1158825, Total, 0, 0, 0, 0, 0, 0, 600000, 600000
2015, RAJASTHAN, 8, BARMER, 81, BAYTOO, 1188, BAITU BHOPJI, 34978, 1158826, Drinking water, 0, 0, 0, 0, 0, 0, 300000, 300000
2015, RAJASTHAN, 8, BARMER, 81, BAYTOO, 1188, BAITU BHOPJI, 34978, 1158826, Total, 0, 0, 0, 0, 0, 0, 300000, 300000
2015, RAJASTHAN, 8, BARMER, 81, BAYTOO, 1188, BAITU CHIMANJI, 34979, 1158828, Drinking water, 0, 0, 0, 0, 0, 0, 400000, 400000
2015, RAJASTHAN, 8, BARMER, 81, BAYTOO, 1188, BAITU CHIMANJI, 34979, 1158828, Total, 0, 0, 0, 0, 0, 0, 400000, 400000
2015, RAJASTHAN, 8, BARMER, 81, BAYTOO, 1188, BAITU PANJI, 34982, 1158829, Drinking water, 0, 0, 0, 0, 0, 0, 150000, 150000
2015, RAJASTHAN, 8, BARMER, 81, BAYTOO, 1188, BAITU PANJI, 34982, 1158829, Total, 0, 0, 0, 0, 0, 0, 150000, 150000
2015, RAJASTHAN, 8, BARMER, 81, BAYTOO, 1188, BATADU, 34981, 1158831, Drinking water, 0, 0, 0, 0, 0, 0, 300000, 300000
2015, RAJASTHAN, 8, BARMER, 81, BAYTOO, 1188, BATADU, 34981, 1158831, Total, 0, 0, 0, 0, 0, 0, 300000, 300000
2015, RAJASTHAN, 8, BARMER, 81, BAYTOO, 1188, BHEEMDA, 34984, 1158834, Drinking water, 0, 0, 0, 0, 0, 0, 60000, 60000
2015, RAJASTHAN, 8, BARMER, 81, BAYTOO, 1188, BHEEMDA, 34984, 1158834, Sanitation, 0, 0, 0, 0, 0, 0, 120000, 120000
2015, RAJASTHAN, 8, BARMER, 81, BAYTOO, 1188, BHEEMDA, 34984, 1158834, Total, 0, 0, 0, 0, 0, 0, 180000, 180000
2015, RAJASTHAN, 8, BARMER, 81, BAYTOO, 1188, BORWA, 35171, 1158836, Drinking water, 0, 0, 0, 0, 0, 0, 300000, 300000
2015, RAJASTHAN, 8, BARMER, 81, BAYTOO, 1188, BORWA, 35171, 1158836, Total, 0, 0, 0, 0, 0, 0, 300000, 300000
2015, RAJASTHAN, 8, BARMER, 81, BAYTOO, 1188, CHHITAR KA PAR, 34988, 1158838, Drinking water, 0, 0, 0, 0, 0, 0, 300000, 300000
2015, RAJASTHAN, 8, BARMER, 81, BAYTOO, 1188, CHHITAR KA PAR, 34988, 1158838, Total, 0, 0, 0, 0, 0, 0, 300000, 300000
2015, RAJASTHAN, 8, BARMER, 81, BAYTOO, 1188, CHOKHLA, 34989, 1158842, Drinking water, 0, 0, 0, 0, 0, 0, 450000, 450000
2015, RAJASTHAN, 8, BARMER, 81, BAYTOO, 1188, CHOKHLA, 34989, 1158842, Total, 0, 0, 0, 0, 0, 0, 450000, 450000
2015, RAJASTHAN, 8, BARMER, 81, BAYTOO, 1188, Hudon Ki Dhani, 262771, 1158843, Sanitation, 0, 0, 0, 0, 0, 0, 600000, 600000
2015, RAJASTHAN, 8, BARMER, 81, BAYTOO, 1188, Hudon Ki Dhani, 262771, 1158843, Total, 0, 0, 0, 0, 0, 0, 600000, 600000
2015, RAJASTHAN, 8, BARMER, 81, BAYTOO, 1188, JHAK, 34994, 1158845, Drinking water, 0, 0, 0, 0, 0, 0, 100000, 100000
2015, RAJASTHAN, 8, BARMER, 81, BAYTOO, 1188, JHAK, 34994, 1158845, Sanitation, 0, 0, 0, 0, 0, 0, 150000, 150000
2015, RAJASTHAN, 8, BARMER, 81, BAYTOO, 1188, JHAK, 34994, 1158845, Total, 0, 0, 0, 0, 0, 0, 250000, 250000
2015, RAJASTHAN, 8, BARMER, 81, BAYTOO, 1188, KHIPSAR, 35001, 1158846, Drinking water, 0, 0, 0, 0, 0, 0, 300000, 300000
2015, RAJASTHAN, 8, BARMER, 81, BAYTOO, 1188, KHIPSAR, 35001, 1158846, Total, 0, 0, 0, 0, 0, 0, 300000, 300000
2015, RAJASTHAN, 8, BARMER, 81, BAYTOO, 1188, KOLU, 35004, 1158851, Drinking water, 0, 0, 0, 0, 0, 0, 240000, 240000
2015, RAJASTHAN, 8, BARMER, 81, BAYTOO, 1188, KOLU, 35004, 1158851, Total, 0, 0, 0, 0, 0, 0, 240000, 240000
2015, RAJASTHAN, 8, BARMER, 81, BAYTOO, 1188, KOSARIYA, 35005, 1158852, Drinking water, 0, 0, 0, 0, 0, 0, 210000, 210000
2015, RAJASTHAN, 8, BARMER, 81, BAYTOO, 1188, KOSARIYA, 35005, 1158852, Total, 0, 0, 0, 0, 0, 0, 210000, 210000
2015, RAJASTHAN, 8, BARMER, 81, BAYTOO, 1188, Khoton Ki Dhani, 262770, 1158849, Drinking water, 0, 0, 0, 0, 0, 0, 300000, 300000
2015, RAJASTHAN, 8, BARMER, 81, BAYTOO, 1188, Khoton Ki Dhani, 262770, 1158849, Total, 0, 0, 0, 0, 0, 0, 300000, 300000
2015, RAJASTHAN, 8, BARMER, 81, BAYTOO, 1188, LOONADA, 35008, 1158854, Drinking water, 0, 0, 0, 0, 0, 0, 200000, 200000
2015, RAJASTHAN, 8, BARMER, 81, BAYTOO, 1188, LOONADA, 35008, 1158854, Sanitation, 0, 0, 0, 0, 0, 0, 200000, 200000
2015, RAJASTHAN, 8, BARMER, 81, BAYTOO, 1188, LOONADA, 35008, 1158854, Total, 0, 0, 0, 0, 0, 0, 400000, 400000
2015, RAJASTHAN, 8, BARMER, 81, BAYTOO, 1188, MADHASAR, 35009, 1158855, Drinking water, 0, 0, 0, 0, 0, 0, 210000, 210000
2015, RAJASTHAN, 8, BARMER, 81, BAYTOO, 1188, MADHASAR, 35009, 1158855, Total, 0, 0, 0, 0, 0, 0, 210000, 210000
2015, RAJASTHAN, 8, BARMER, 81, BAYTOO, 1188, MADPURA BARWALA, 35010, 1158857, Drinking water, 0, 0, 0, 0, 0, 0, 850000, 850000
2015, RAJASTHAN, 8, BARMER, 81, BAYTOO, 1188, MADPURA BARWALA, 35010, 1158857, Total, 0, 0, 0, 0, 0, 0, 850000, 850000
2015, RAJASTHAN, 8, BARMER, 81, BAYTOO, 1188, NAGANI DHATERWALO KI DHANI, 35012, 1158858, Drinking water, 0, 0, 0, 0, 0, 0, 550000, 550000
2015, RAJASTHAN, 8, BARMER, 81, BAYTOO, 1188, NAGANI DHATERWALO KI DHANI, 35012, 1158858, Total, 0, 0, 0, 0, 0, 0, 550000, 550000
2015, RAJASTHAN, 8, BARMER, 81, BAYTOO, 1188, NOSAR, 35198, 1158864, Drinking water, 0, 0, 0, 0, 0, 0, 180000, 180000
2015, RAJASTHAN, 8, BARMER, 81, BAYTOO, 1188, NOSAR, 35198, 1158864, Sanitation, 0, 0, 0, 0, 0, 0, 60000, 60000
2015, RAJASTHAN, 8, BARMER, 81, BAYTOO, 1188, NOSAR, 35198, 1158864, Total, 0, 0, 0, 0, 0, 0, 240000, 240000
2015, RAJASTHAN, 8, BARMER, 81, BAYTOO, 1188, PANAWARA, 35013, 1158866, Drinking water, 0, 0, 0, 0, 0, 0, 300000, 300000
2015, RAJASTHAN, 8, BARMER, 81, BAYTOO, 1188, PANAWARA, 35013, 1158866, Total, 0, 0, 0, 0, 0, 0, 300000, 300000
2015, RAJASTHAN, 8, BARMER, 81, BAYTOO, 1188, SEONIYALA, 35208, 1158871, Drinking water, 0, 0, 0, 0, 0, 0, 300000, 300000
2015, RAJASTHAN, 8, BARMER, 81, BAYTOO, 1188, SEONIYALA, 35208, 1158871, Total, 0, 0, 0, 0, 0, 0, 300000, 300000
2015, RAJASTHAN, 8, BARMER, 81, BAYTOO, 1188, SINGORIYA, 35020, 1158868, Sanitation, 0, 0, 0, 0, 0, 0, 200000, 200000
2015, RAJASTHAN, 8, BARMER, 81, BAYTOO, 1188, SINGORIYA, 35020, 1158868, Total, 0, 0, 0, 0, 0, 0, 200000, 200000
2015, RAJASTHAN, 8, BARMER, 81, BAYTOO, 1188, nayaa somesara, 262645, 1158860, Drinking water, 0, 0, 0, 0, 0, 0, 300000, 300000
2015, RAJASTHAN, 8, BARMER, 81, BAYTOO, 1188, nayaa somesara, 262645, 1158860, Total, 0, 0, 0, 0, 0, 0, 300000, 300000
2015, RAJASTHAN, 8, BARMER, 81, Barmer, 1187, ADARSH CHAWA, 35166, 1197315, Drinking water, 0, 0, 0, 0, 0, 0, 500000, 500000
2015, RAJASTHAN, 8, BARMER, 81, Barmer, 1187, ADARSH CHAWA, 35166, 1197315, Total, 0, 0, 0, 0, 0, 0, 500000, 500000
2015, RAJASTHAN, 8, BARMER, 81, Barmer, 1187, ATI, 34927, 1465806, Drinking water, 0, 0, 0, 0, 0, 0, 330302, 330302
2015, RAJASTHAN, 8, BARMER, 81, Barmer, 1187, ATI, 34927, 1465806, Education, 0, 0, 0, 0, 0, 0, 170000, 170000
2015, RAJASTHAN, 8, BARMER, 81, Barmer, 1187, ATI, 34927, 1465806, Sanitation, 0, 0, 0, 0, 0, 0, 1909484, 1909484
2015, RAJASTHAN, 8, BARMER, 81, Barmer, 1187, ATI, 34927, 1465806, Total, 0, 0, 0, 0, 0, 0, 2409786, 2409786
2015, RAJASTHAN, 8, BARMER, 81, Barmer, 1187, Adrash Dhoondha, 262792, 1181668, Roads, 0, 0, 0, 0, 0, 0, 1000000, 1000000
2015, RAJASTHAN, 8, BARMER, 81, Barmer, 1187, Adrash Dhoondha, 262792, 1181668, Social welfare, 0, 0, 0, 0, 0, 0, 1500000, 1500000
2015, RAJASTHAN, 8, BARMER, 81, Barmer, 1187, Adrash Dhoondha, 262792, 1181668, Total, 0, 0, 0, 0, 0, 0, 2500000, 2500000
2015, RAJASTHAN, 8, BARMER, 81, Barmer, 1187, BALAU, 262463, 1167988, Drinking water, 0, 0, 0, 0, 0, 0, 162770, 162770
2015, RAJASTHAN, 8, BARMER, 81, Barmer, 1187, BALAU, 262463, 1167988, Education, 0, 0, 0, 0, 0, 0, 590673, 590673
2015, RAJASTHAN, 8, BARMER, 81, Barmer, 1187, BALAU, 262463, 1167988, Total, 0, 0, 0, 0, 0, 0, 753443, 753443
2015, RAJASTHAN, 8, BARMER, 81, Barmer, 1187, BALERA, 34930, 1181747, Drinking water, 0, 0, 0, 0, 0, 0, 400000, 400000
2015, RAJASTHAN, 8, BARMER, 81, Barmer, 1187, BALERA, 34930, 1181747, Education, 0, 0, 0, 0, 0, 0, 500000, 500000
2015, RAJASTHAN, 8, BARMER, 81, Barmer, 1187, BALERA, 34930, 1181747, Total, 0, 0, 0, 0, 0, 0, 900000, 900000
2015, RAJASTHAN, 8, BARMER, 81, Barmer, 1187, BANDRA, 34980, 1173890, Drinking water, 0, 0, 0, 0, 0, 0, 710000, 710000
2015, RAJASTHAN, 8, BARMER, 81, Barmer, 1187, BANDRA, 34980, 1173890, Education, 0, 0, 0, 0, 0, 0, 70000, 70000
2015, RAJASTHAN, 8, BARMER, 81, Barmer, 1187, BANDRA, 34980, 1173890, Roads, 0, 0, 0, 0, 0, 0, 1100000, 1100000
2015, RAJASTHAN, 8, BARMER, 81, Barmer, 1187, BANDRA, 34980, 1173890, Sanitation, 0, 0, 0, 0, 0, 0, 683160, 683160
2015, RAJASTHAN, 8, BARMER, 81, Barmer, 1187, BANDRA, 34980, 1173890, Social welfare, 0, 0, 0, 0, 0, 0, 300000, 300000
2015, RAJASTHAN, 8, BARMER, 81, Barmer, 1187, BANDRA, 34980, 1173890, Total, 0, 0, 0, 0, 0, 0, 2863160, 2863160
2015, RAJASTHAN, 8, BARMER, 81, Barmer, 1187, BARMER AGORE, 34931, 1173464, Drinking water, 0, 0, 0, 0, 0, 0, 500000, 500000
2015, RAJASTHAN, 8, BARMER, 81, Barmer, 1187, BARMER AGORE, 34931, 1173464, Education, 0, 0, 0, 0, 0, 0, 200000, 200000
2015, RAJASTHAN, 8, BARMER, 81, Barmer, 1187, BARMER AGORE, 34931, 1173464, Total, 0, 0, 0, 0, 0, 0, 700000, 700000
2015, RAJASTHAN, 8, BARMER, 81, Barmer, 1187, BARMER GRAMIN, 262422, 1169203, Drinking water, 0, 0, 0, 0, 0, 0, 100000, 100000
2015, RAJASTHAN, 8, BARMER, 81, Barmer, 1187, BARMER GRAMIN, 262422, 1169203, Roads, 0, 0, 0, 0, 0, 0, 100000, 100000
2015, RAJASTHAN, 8, BARMER, 81, Barmer, 1187, BARMER GRAMIN, 262422, 1169203, Total, 0, 0, 0, 0, 0, 0, 200000, 200000
2015, RAJASTHAN, 8, BARMER, 81, Barmer, 1187, BARMER MAGRA, 262426, 1173458, Drinking water, 0, 0, 0, 0, 0, 0, 270000, 270000
2015, RAJASTHAN, 8, BARMER, 81, Barmer, 1187, BARMER MAGRA, 262426, 1173458, Total, 0, 0, 0, 0, 0, 0, 270000, 270000
2015, RAJASTHAN, 8, BARMER, 81, Barmer, 1187, BERIWALA TALA, 35169, 1183233, Drinking water, 0, 0, 0, 0, 0, 0, 100000, 100000
2015, RAJASTHAN, 8, BARMER, 81, Barmer, 1187, BERIWALA TALA, 35169, 1183233, Education, 0, 0, 0, 0, 0, 0, 400000, 400000
2015, RAJASTHAN, 8, BARMER, 81, Barmer, 1187, BERIWALA TALA, 35169, 1183233, Total, 0, 0, 0, 0, 0, 0, 500000, 500000
2015, RAJASTHAN, 8, BARMER, 81, Barmer, 1187, BHADKHA, 34983, 1168385, Drinking water, 0, 0, 0, 0, 0, 0, 200000, 200000
2015, RAJASTHAN, 8, BARMER, 81, Barmer, 1187, BHADKHA, 34983, 1168385, Education, 0, 0, 0, 0, 0, 0, 900000, 900000
2015, RAJASTHAN, 8, BARMER, 81, Barmer, 1187, BHADKHA, 34983, 1168385, Total, 0, 0, 0, 0, 0, 0, 1100000, 1100000
2015, RAJASTHAN, 8, BARMER, 81, Barmer, 1187, BHADRESH, 34933, 1171772, Drinking water, 0, 0, 0, 0, 0, 0, 910000, 910000
2015, RAJASTHAN, 8, BARMER, 81, Barmer, 1187, BHADRESH, 34933, 1171772, Education, 0, 0, 0, 0, 0, 0, 150000, 150000
2015, RAJASTHAN, 8, BARMER, 81, Barmer, 1187, BHADRESH, 34933, 1171772, Total, 0, 0, 0, 0, 0, 0, 1060000, 1060000
2015, RAJASTHAN, 8, BARMER, 81, Barmer, 1187, BHURTIYA, 34985, 1197263, Education, 0, 0, 0, 0, 0, 0, 1500000, 1500000
2015, RAJASTHAN, 8, BARMER, 81, Barmer, 1187, BHURTIYA, 34985, 1197263, Total, 0, 0, 0, 0, 0, 0, 1500000, 1500000
2015, RAJASTHAN, 8, BARMER, 81, Barmer, 1187, BOLA, 34935, 1181703, Roads, 0, 0, 0, 0, 0, 0, 2686336, 2686336
2015, RAJASTHAN, 8, BARMER, 81, Barmer, 1187, BOLA, 34935, 1181703, Social welfare, 0, 0, 0, 0, 0, 0, 476149, 476149
2015, RAJASTHAN, 8, BARMER, 81, Barmer, 1187, BOLA, 34935, 1181703, Total, 0, 0, 0, 0, 0, 0, 3162485, 3162485
2015, RAJASTHAN, 8, BARMER, 81, Barmer, 1187, CHAWA, 35172, 1168833, Education, 0, 0, 0, 0, 0, 0, 1000000, 1000000
2015, RAJASTHAN, 8, BARMER, 81, Barmer, 1187, CHAWA, 35172, 1168833, Sanitation, 0, 0, 0, 0, 0, 0, 300000, 300000
2015, RAJASTHAN, 8, BARMER, 81, Barmer, 1187, CHAWA, 35172, 1168833, Total, 0, 0, 0, 0, 0, 0, 1300000, 1300000
2015, RAJASTHAN, 8, BARMER, 81, Barmer, 1187, CHOOLI, 34940, 1180947, Roads, 0, 0, 0, 0, 0, 0, 1000000, 1000000
2015, RAJASTHAN, 8, BARMER, 81, Barmer, 1187, CHOOLI, 34940, 1180947, Social welfare, 0, 0, 0, 0, 0, 0, 500000, 500000
2015, RAJASTHAN, 8, BARMER, 81, Barmer, 1187, CHOOLI, 34940, 1180947, Total, 0, 0, 0, 0, 0, 0, 1500000, 1500000
2015, RAJASTHAN, 8, BARMER, 81, Barmer, 1187, DUDABERI, 34943, 1172540, Education, 0, 0, 0, 0, 0, 0, 150000, 150000
2015, RAJASTHAN, 8, BARMER, 81, Barmer, 1187, DUDABERI, 34943, 1172540, Roads, 0, 0, 0, 0, 0, 0, 1300000, 1300000
2015, RAJASTHAN, 8, BARMER, 81, Barmer, 1187, DUDABERI, 34943, 1172540, Sanitation, 0, 0, 0, 0, 0, 0, 150000, 150000
2015, RAJASTHAN, 8, BARMER, 81, Barmer, 1187, DUDABERI, 34943, 1172540, Social welfare, 0, 0, 0, 0, 0, 0, 600000, 600000
2015, RAJASTHAN, 8, BARMER, 81, Barmer, 1187, DUDABERI, 34943, 1172540, Total, 0, 0, 0, 0, 0, 0, 2200000, 2200000
2015, RAJASTHAN, 8, BARMER, 81, Barmer, 1187, GARAL, 34946, 1175950, Drinking water, 0, 0, 0, 0, 0, 0, 600649, 600649
2015, RAJASTHAN, 8, BARMER, 81, Barmer, 1187, GARAL, 34946, 1175950, Roads, 0, 0, 0, 0, 0, 0, 700724, 700724
2015, RAJASTHAN, 8, BARMER, 81, Barmer, 1187, GARAL, 34946, 1175950, Total, 0, 0, 0, 0, 0, 0, 1301373, 1301373
2015, RAJASTHAN, 8, BARMER, 81, Barmer, 1187, Gala beri, 262642, 1197242, Drinking water, 0, 0, 0, 0, 0, 0, 100000, 100000
2015, RAJASTHAN, 8, BARMER, 81, Barmer, 1187, Gala beri, 262642, 1197242, Education, 0, 0, 0, 0, 0, 0, 700000, 700000
2015, RAJASTHAN, 8, BARMER, 81, Barmer, 1187, Gala beri, 262642, 1197242, Social welfare, 0, 0, 0, 0, 0, 0, 600000, 600000
2015, RAJASTHAN, 8, BARMER, 81, Barmer, 1187, Gala beri, 262642, 1197242, Total, 0, 0, 0, 0, 0, 0, 1400000, 1400000
2015, RAJASTHAN, 8, BARMER, 81, Barmer, 1187, HATHITALA, 34948, 1168713, Drinking water, 0, 0, 0, 0, 0, 0, 675000, 675000
2015, RAJASTHAN, 8, BARMER, 81, Barmer, 1187, HATHITALA, 34948, 1168713, Education, 0, 0, 0, 0, 0, 0, 2093000, 2093000
2015, RAJASTHAN, 8, BARMER, 81, Barmer, 1187, HATHITALA, 34948, 1168713, Sanitation, 0, 0, 0, 0, 0, 0, 673000, 673000
2015, RAJASTHAN, 8, BARMER, 81, Barmer, 1187, HATHITALA, 34948, 1168713, Total, 0, 0, 0, 0, 0, 0, 3441000, 3441000
2015, RAJASTHAN, 8, BARMER, 81, Barmer, 1187, JAKHRO KI DHANI, 34952, 1174699, Drinking water, 0, 0, 0, 0, 0, 0, 2240000, 2240000
2015, RAJASTHAN, 8, BARMER, 81, Barmer, 1187, JAKHRO KI DHANI, 34952, 1174699, Education, 0, 0, 0, 0, 0, 0, 80000, 80000
2015, RAJASTHAN, 8, BARMER, 81, Barmer, 1187, JAKHRO KI DHANI, 34952, 1174699, Total, 0, 0, 0, 0, 0, 0, 2320000, 2320000
2015, RAJASTHAN, 8, BARMER, 81, Barmer, 1187, JALIPA, 34953, 1163908, Drinking water, 0, 0, 0, 0, 0, 0, 1441470, 1441470
2015, RAJASTHAN, 8, BARMER, 81, Barmer, 1187, JALIPA, 34953, 1163908, Roads, 0, 0, 0, 0, 0, 0, 1989436, 1989436
2015, RAJASTHAN, 8, BARMER, 81, Barmer, 1187, JALIPA, 34953, 1163908, Sanitation, 0, 0, 0, 0, 0, 0, 300000, 300000
2015, RAJASTHAN, 8, BARMER, 81, Barmer, 1187, JALIPA, 34953, 1163908, Total, 0, 0, 0, 0, 0, 0, 3730906, 3730906
2015, RAJASTHAN, 8, BARMER, 81, Barmer, 1187, JASAI, 34954, 1170652, Drinking water, 0, 0, 0, 0, 0, 0, 801566, 801566
2015, RAJASTHAN, 8, BARMER, 81, Barmer, 1187, JASAI, 34954, 1170652, Roads, 0, 0, 0, 0, 0, 0, 800000, 800000
2015, RAJASTHAN, 8, BARMER, 81, Barmer, 1187, JASAI, 34954, 1170652, Sanitation, 0, 0, 0, 0, 0, 0, 100000, 100000
2015, RAJASTHAN, 8, BARMER, 81, Barmer, 1187, JASAI, 34954, 1170652, Social welfare, 0, 0, 0, 0, 0, 0, 100000, 100000
2015, RAJASTHAN, 8, BARMER, 81, Barmer, 1187, JASAI, 34954, 1170652, Total, 0, 0, 0, 0, 0, 0, 1801566, 1801566
2015, RAJASTHAN, 8, BARMER, 81, Barmer, 1187, JUNAPATRASAR, 262434, 1136929, Public distribution system, 0, 0, 0, 0, 0, 0, 2290097, 2290097
2015, RAJASTHAN, 8, BARMER, 81, Barmer, 1187, JUNAPATRASAR, 262434, 1136929, Total, 0, 0, 0, 0, 0, 0, 2290097, 2290097
2015, RAJASTHAN, 8, BARMER, 81, Barmer, 1187, KAGAU, 35183, 1168404, Sanitation, 0, 0, 0, 0, 0, 0, 200000, 200000
2015, RAJASTHAN, 8, BARMER, 81, Barmer, 1187, KAGAU, 35183, 1168404, Total, 0, 0, 0, 0, 0, 0, 200000, 200000
2015, RAJASTHAN, 8, BARMER, 81, Barmer, 1187, KAPOORDI, 34996, 1170397, Roads, 0, 0, 0, 0, 0, 0, 500000, 500000
2015, RAJASTHAN, 8, BARMER, 81, Barmer, 1187, KAPOORDI, 34996, 1170397, Sanitation, 0, 0, 0, 0, 0, 0, 248818, 248818
2015, RAJASTHAN, 8, BARMER, 81, Barmer, 1187, KAPOORDI, 34996, 1170397, Total, 0, 0, 0, 0, 0, 0, 748818, 748818
2015, RAJASTHAN, 8, BARMER, 81, Barmer, 1187, KAWAS, 34998, 1197218, Drinking water, 0, 0, 0, 0, 0, 0, 220000, 220000
2015, RAJASTHAN, 8, BARMER, 81, Barmer, 1187, KAWAS, 34998, 1197218, Roads, 0, 0, 0, 0, 0, 0, 600000, 600000
2015, RAJASTHAN, 8, BARMER, 81, Barmer, 1187, KAWAS, 34998, 1197218, Total, 0, 0, 0, 0, 0, 0, 820000, 820000
2015, RAJASTHAN, 8, BARMER, 81, Barmer, 1187, KHUDASA, 35189, 1173644, Education, 0, 0, 0, 0, 0, 0, 199000, 199000
2015, RAJASTHAN, 8, BARMER, 81, Barmer, 1187, KHUDASA, 35189, 1173644, Sanitation, 0, 0, 0, 0, 0, 0, 220000, 220000
2015, RAJASTHAN, 8, BARMER, 81, Barmer, 1187, KHUDASA, 35189, 1173644, Social welfare, 0, 0, 0, 0, 0, 0, 254000, 254000
2015, RAJASTHAN, 8, BARMER, 81, Barmer, 1187, KHUDASA, 35189, 1173644, Total, 0, 0, 0, 0, 0, 0, 673000, 673000
2015, RAJASTHAN, 8, BARMER, 81, Barmer, 1187, KUDLA, 35191, 1181672, Drinking water, 0, 0, 0, 0, 0, 0, 100000, 100000
2015, RAJASTHAN, 8, BARMER, 81, Barmer, 1187, KUDLA, 35191, 1181672, Education, 0, 0, 0, 0, 0, 0, 200000, 200000
2015, RAJASTHAN, 8, BARMER, 81, Barmer, 1187, KUDLA, 35191, 1181672, Total, 0, 0, 0, 0, 0, 0, 300000, 300000
2015, RAJASTHAN, 8, BARMER, 81, Barmer, 1187, Khariya Tala, 262768, 1180995, Drinking water, 0, 0, 0, 0, 0, 0, 150000, 150000
2015, RAJASTHAN, 8, BARMER, 81, Barmer, 1187, Khariya Tala, 262768, 1180995, Roads, 0, 0, 0, 0, 0, 0, 500000, 500000
2015, RAJASTHAN, 8, BARMER, 81, Barmer, 1187, Khariya Tala, 262768, 1180995, Total, 0, 0, 0, 0, 0, 0, 650000, 650000
2015, RAJASTHAN, 8, BARMER, 81, Barmer, 1187, MAHABAR, 34958, 1173673, Drinking water, 0, 0, 0, 0, 0, 0, 300000, 300000
2015, RAJASTHAN, 8, BARMER, 81, Barmer, 1187, MAHABAR, 34958, 1173673, Education, 0, 0, 0, 0, 0, 0, 200000, 200000
2015, RAJASTHAN, 8, BARMER, 81, Barmer, 1187, MAHABAR, 34958, 1173673, Total, 0, 0, 0, 0, 0, 0, 500000, 500000
2015, RAJASTHAN, 8, BARMER, 81, Barmer, 1187, MAROODI, 34959, 1168926, Drinking water, 0, 0, 0, 0, 0, 0, 886497, 886497
2015, RAJASTHAN, 8, BARMER, 81, Barmer, 1187, MAROODI, 34959, 1168926, Roads, 0, 0, 0, 0, 0, 0, 568000, 568000
2015, RAJASTHAN, 8, BARMER, 81, Barmer, 1187, MAROODI, 34959, 1168926, Total, 0, 0, 0, 0, 0, 0, 1454497, 1454497
2015, RAJASTHAN, 8, BARMER, 81, Barmer, 1187, MEETHRA, 34960, 1169152, Drinking water, 0, 0, 0, 0, 0, 0, 100000, 100000
2015, RAJASTHAN, 8, BARMER, 81, Barmer, 1187, MEETHRA, 34960, 1169152, Education, 0, 0, 0, 0, 0, 0, 150000, 150000
2015, RAJASTHAN, 8, BARMER, 81, Barmer, 1187, MEETHRA, 34960, 1169152, Total, 0, 0, 0, 0, 0, 0, 250000, 250000
2015, RAJASTHAN, 8, BARMER, 81, Barmer, 1187, MOODHON KI DHANI, 35011, 1169164, Drinking water, 0, 0, 0, 0, 0, 0, 200000, 200000
2015, RAJASTHAN, 8, BARMER, 81, Barmer, 1187, MOODHON KI DHANI, 35011, 1169164, Education, 0, 0, 0, 0, 0, 0, 2500000, 2500000
2015, RAJASTHAN, 8, BARMER, 81, Barmer, 1187, MOODHON KI DHANI, 35011, 1169164, Total, 0, 0, 0, 0, 0, 0, 2700000, 2700000
2015, RAJASTHAN, 8, BARMER, 81, Barmer, 1187, MURTALA GALA, 262439, 1181640, Drinking water, 0, 0, 0, 0, 0, 0, 200000, 200000
2015, RAJASTHAN, 8, BARMER, 81, Barmer, 1187, MURTALA GALA, 262439, 1181640, Total, 0, 0, 0, 0, 0, 0, 200000, 200000
2015, RAJASTHAN, 8, BARMER, 81, Barmer, 1187, NAND, 34961, 1174724, Drinking water, 0, 0, 0, 0, 0, 0, 776000, 776000
2015, RAJASTHAN, 8, BARMER, 81, Barmer, 1187, NAND, 34961, 1174724, Education, 0, 0, 0, 0, 0, 0, 474000, 474000
2015, RAJASTHAN, 8, BARMER, 81, Barmer, 1187, NAND, 34961, 1174724, Total, 0, 0, 0, 0, 0, 0, 1250000, 1250000
2015, RAJASTHAN, 8, BARMER, 81, Barmer, 1187, RANIGAON, 34964, 1181755, Drinking water, 0, 0, 0, 0, 0, 0, 100000, 100000
2015, RAJASTHAN, 8, BARMER, 81, Barmer, 1187, RANIGAON, 34964, 1181755, Sanitation, 0, 0, 0, 0, 0, 0, 700000, 700000
2015, RAJASTHAN, 8, BARMER, 81, Barmer, 1187, RANIGAON, 34964, 1181755, Total, 0, 0, 0, 0, 0, 0, 800000, 800000
2015, RAJASTHAN, 8, BARMER, 81, Barmer, 1187, RAWATSAR, 35202, 1197301, Drinking water, 0, 0, 0, 0, 0, 0, 400000, 400000
2015, RAJASTHAN, 8, BARMER, 81, Barmer, 1187, RAWATSAR, 35202, 1197301, Total, 0, 0, 0, 0, 0, 0, 400000, 400000
2015, RAJASTHAN, 8, BARMER, 81, Barmer, 1187, ROHILI, 262852, 1173607, Drinking water, 0, 0, 0, 0, 0, 0, 100000, 100000
2015, RAJASTHAN, 8, BARMER, 81, Barmer, 1187, ROHILI, 262852, 1173607, Education, 0, 0, 0, 0, 0, 0, 750000, 750000
2015, RAJASTHAN, 8, BARMER, 81, Barmer, 1187, ROHILI, 262852, 1173607, Total, 0, 0, 0, 0, 0, 0, 850000, 850000
2015, RAJASTHAN, 8, BARMER, 81, Barmer, 1187, Ram sar ka kua, 262636, 1183200, Drinking water, 0, 0, 0, 0, 0, 0, 200000, 200000
2015, RAJASTHAN, 8, BARMER, 81, Barmer, 1187, Ram sar ka kua, 262636, 1183200, Total, 0, 0, 0, 0, 0, 0, 200000, 200000
2015, RAJASTHAN, 8, BARMER, 81, Barmer, 1187, SANAWARA, 34967, 1181391, Drinking water, 0, 0, 0, 0, 0, 0, 770000, 770000
2015, RAJASTHAN, 8, BARMER, 81, Barmer, 1187, SANAWARA, 34967, 1181391, Sanitation, 0, 0, 0, 0, 0, 0, 50000, 50000
2015, RAJASTHAN, 8, BARMER, 81, Barmer, 1187, SANAWARA, 34967, 1181391, Total, 0, 0, 0, 0, 0, 0, 820000, 820000
2015, RAJASTHAN, 8, BARMER, 81, Barmer, 1187, SANJATA, 35203, 1168369, Drinking water, 0, 0, 0, 0, 0, 0, 200000, 200000
2015, RAJASTHAN, 8, BARMER, 81, Barmer, 1187, SANJATA, 35203, 1168369, Total, 0, 0, 0, 0, 0, 0, 200000, 200000
2015, RAJASTHAN, 8, BARMER, 81, Barmer, 1187, SARLI, 35206, 1174712, Drinking water, 0, 0, 0, 0, 0, 0, 1812640, 1812640
2015, RAJASTHAN, 8, BARMER, 81, Barmer, 1187, SARLI, 35206, 1174712, Social welfare, 0, 0, 0, 0, 0, 0, 1642262, 1642262
2015, RAJASTHAN, 8, BARMER, 81, Barmer, 1187, SARLI, 35206, 1174712, Total, 0, 0, 0, 0, 0, 0, 3454902, 3454902
2015, RAJASTHAN, 8, BARMER, 81, Barmer, 1187, SARNU CHIMANJI, 35207, 1197329, Drinking water, 0, 0, 0, 0, 0, 0, 410000, 410000
2015, RAJASTHAN, 8, BARMER, 81, Barmer, 1187, SARNU CHIMANJI, 35207, 1197329, Total, 0, 0, 0, 0, 0, 0, 410000, 410000
2015, RAJASTHAN, 8, BARMER, 81, Barmer, 1187, SHIVKAR, 35209, 1173409, Drinking water, 0, 0, 0, 0, 0, 0, 1502518, 1502518
2015, RAJASTHAN, 8, BARMER, 81, Barmer, 1187, SHIVKAR, 35209, 1173409, Education, 0, 0, 0, 0, 0, 0, 538171, 538171
2015, RAJASTHAN, 8, BARMER, 81, Barmer, 1187, SHIVKAR, 35209, 1173409, Sanitation, 0, 0, 0, 0, 0, 0, 400000, 400000
2015, RAJASTHAN, 8, BARMER, 81, Barmer, 1187, SHIVKAR, 35209, 1173409, Total, 0, 0, 0, 0, 0, 0, 2440689, 2440689
2015, RAJASTHAN, 8, BARMER, 81, Barmer, 1187, SURA CHARNAN, 34970, 1169939, Drinking water, 0, 0, 0, 0, 0, 0, 804416, 804416
2015, RAJASTHAN, 8, BARMER, 81, Barmer, 1187, SURA CHARNAN, 34970, 1169939, Education, 0, 0, 0, 0, 0, 0, 613861, 613861
2015, RAJASTHAN, 8, BARMER, 81, Barmer, 1187, SURA CHARNAN, 34970, 1169939, Rural electrification, 0, 0, 0, 0, 0, 0, 154000, 154000
2015, RAJASTHAN, 8, BARMER, 81, Barmer, 1187, SURA CHARNAN, 34970, 1169939, Sanitation, 0, 0, 0, 0, 0, 0, 800000, 800000
2015, RAJASTHAN, 8, BARMER, 81, Barmer, 1187, SURA CHARNAN, 34970, 1169939, Total, 0, 0, 0, 0, 0, 0, 2372277, 2372277
2015, RAJASTHAN, 8, BARMER, 81, Barmer, 1187, UNDKHA, 34973, 1171174, Drinking water, 0, 0, 0, 0, 0, 0, 3156044, 3156044
2015, RAJASTHAN, 8, BARMER, 81, Barmer, 1187, UNDKHA, 34973, 1171174, Education, 0, 0, 0, 0, 0, 0, 150000, 150000
2015, RAJASTHAN, 8, BARMER, 81, Barmer, 1187, UNDKHA, 34973, 1171174, Roads, 0, 0, 0, 0, 0, 0, 500000, 500000
2015, RAJASTHAN, 8, BARMER, 81, Barmer, 1187, UNDKHA, 34973, 1171174, Total, 0, 0, 0, 0, 0, 0, 3806044, 3806044
2015, RAJASTHAN, 8, BARMER, 81, Barmer, 1187, VISHALA AGORE, 34975, 1168240, Drinking water, 0, 0, 0, 0, 0, 0, 1100000, 1100000
2015, RAJASTHAN, 8, BARMER, 81, Barmer, 1187, VISHALA AGORE, 34975, 1168240, Roads, 0, 0, 0, 0, 0, 0, 713572, 713572
2015, RAJASTHAN, 8, BARMER, 81, Barmer, 1187, VISHALA AGORE, 34975, 1168240, Sanitation, 0, 0, 0, 0, 0, 0, 389487, 389487
2015, RAJASTHAN, 8, BARMER, 81, Barmer, 1187, VISHALA AGORE, 34975, 1168240, Total, 0, 0, 0, 0, 0, 0, 2203059, 2203059
2015, RAJASTHAN, 8, BARMER, 81, Barmer, 1187, VISHALA, 34974, 1197285, Drinking water, 0, 0, 0, 0, 0, 0, 140000, 140000
2015, RAJASTHAN, 8, BARMER, 81, Barmer, 1187, VISHALA, 34974, 1197285, Education, 0, 0, 0, 0, 0, 0, 400000, 400000
2015, RAJASTHAN, 8, BARMER, 81, Barmer, 1187, VISHALA, 34974, 1197285, Sanitation, 0, 0, 0, 0, 0, 0, 400000, 400000
2015, RAJASTHAN, 8, BARMER, 81, Barmer, 1187, VISHALA, 34974, 1197285, Total, 0, 0, 0, 0, 0, 0, 940000, 940000
2015, RAJASTHAN, 8, BARMER, 81, Barmer, 1187, gangasara, 262652, 1181636, Drinking water, 0, 0, 0, 0, 0, 0, 160000, 160000
2015, RAJASTHAN, 8, BARMER, 81, Barmer, 1187, gangasara, 262652, 1181636, Education, 0, 0, 0, 0, 0, 0, 200000, 200000
2015, RAJASTHAN, 8, BARMER, 81, Barmer, 1187, gangasara, 262652, 1181636, Total, 0, 0, 0, 0, 0, 0, 360000, 360000
2015, RAJASTHAN, 8, BARMER, 81, Barmer, 1187, sarnoo panji, 262640, 1181039, Education, 0, 0, 0, 0, 0, 0, 173237, 173237
2015, RAJASTHAN, 8, BARMER, 81, Barmer, 1187, sarnoo panji, 262640, 1181039, Social welfare, 0, 0, 0, 0, 0, 0, 500000, 500000
2015, RAJASTHAN, 8, BARMER, 81, Barmer, 1187, sarnoo panji, 262640, 1181039, Total, 0, 0, 0, 0, 0, 0, 673237, 673237
2015, RAJASTHAN, 8, BARMER, 81, CHOHTAN, 1189, AAKORA, 34926, 1151250, Cultural activities, 0, 0, 0, 0, 0, 0, 1000000, 1000000
2015, RAJASTHAN, 8, BARMER, 81, CHOHTAN, 1189, AAKORA, 34926, 1151250, Drinking water, 0, 0, 0, 0, 0, 0, 2611751, 2611751
2015, RAJASTHAN, 8, BARMER, 81, CHOHTAN, 1189, AAKORA, 34926, 1151250, Total, 0, 0, 0, 0, 0, 0, 3611751, 3611751
2015, RAJASTHAN, 8, BARMER, 81, CHOHTAN, 1189, ANTIYA, 35023, 1151264, Cultural activities, 0, 0, 0, 0, 0, 0, 1000000, 1000000
2015, RAJASTHAN, 8, BARMER, 81, CHOHTAN, 1189, ANTIYA, 35023, 1151264, Drinking water, 0, 0, 0, 0, 0, 0, 1120000, 1120000
2015, RAJASTHAN, 8, BARMER, 81, CHOHTAN, 1189, ANTIYA, 35023, 1151264, Roads, 0, 0, 0, 0, 0, 0, 1499653, 1499653
2015, RAJASTHAN, 8, BARMER, 81, CHOHTAN, 1189, ANTIYA, 35023, 1151264, Total, 0, 0, 0, 0, 0, 0, 3619653, 3619653
2015, RAJASTHAN, 8, BARMER, 81, CHOHTAN, 1189, BAORI KALLAN, 35026, 1151358, Cultural activities, 0, 0, 0, 0, 0, 0, 360000, 360000
2015, RAJASTHAN, 8, BARMER, 81, CHOHTAN, 1189, BAORI KALLAN, 35026, 1151358, Drinking water, 0, 0, 0, 0, 0, 0, 1543183, 1543183
2015, RAJASTHAN, 8, BARMER, 81, CHOHTAN, 1189, BAORI KALLAN, 35026, 1151358, Roads, 0, 0, 0, 0, 0, 0, 700000, 700000
2015, RAJASTHAN, 8, BARMER, 81, CHOHTAN, 1189, BAORI KALLAN, 35026, 1151358, Total, 0, 0, 0, 0, 0, 0, 2603183, 2603183
2015, RAJASTHAN, 8, BARMER, 81, CHOHTAN, 1189, BHOJARIYA, 35031, 1162093, Drinking water, 0, 0, 0, 0, 0, 0, 1147562, 1147562
2015, RAJASTHAN, 8, BARMER, 81, CHOHTAN, 1189, BHOJARIYA, 35031, 1162093, Roads, 0, 0, 0, 0, 0, 0, 1300000, 1300000
2015, RAJASTHAN, 8, BARMER, 81, CHOHTAN, 1189, BHOJARIYA, 35031, 1162093, Sanitation, 0, 0, 0, 0, 0, 0, 200000, 200000
2015, RAJASTHAN, 8, BARMER, 81, CHOHTAN, 1189, BHOJARIYA, 35031, 1162093, Total, 0, 0, 0, 0, 0, 0, 2647562, 2647562
2015, RAJASTHAN, 8, BARMER, 81, CHOHTAN, 1189, BIJRAD, 35032, 1162295, Drinking water, 0, 0, 0, 0, 0, 0, 3137644, 3137644
2015, RAJASTHAN, 8, BARMER, 81, CHOHTAN, 1189, BIJRAD, 35032, 1162295, Roads, 0, 0, 0, 0, 0, 0, 1000000, 1000000
2015, RAJASTHAN, 8, BARMER, 81, CHOHTAN, 1189, BIJRAD, 35032, 1162295, Sanitation, 0, 0, 0, 0, 0, 0, 400000, 400000
2015, RAJASTHAN, 8, BARMER, 81, CHOHTAN, 1189, BIJRAD, 35032, 1162295, Total, 0, 0, 0, 0, 0, 0, 4537644, 4537644
2015, RAJASTHAN, 8, BARMER, 81, CHOHTAN, 1189, BOOTH RATHORAN, 35035, 1162562, Drinking water, 0, 0, 0, 0, 0, 0, 1041920, 1041920
2015, RAJASTHAN, 8, BARMER, 81, CHOHTAN, 1189, BOOTH RATHORAN, 35035, 1162562, Roads, 0, 0, 0, 0, 0, 0, 750000, 750000
2015, RAJASTHAN, 8, BARMER, 81, CHOHTAN, 1189, BOOTH RATHORAN, 35035, 1162562, Rural housing, 0, 0, 0, 0, 0, 0, 500000, 500000
2015, RAJASTHAN, 8, BARMER, 81, CHOHTAN, 1189, BOOTH RATHORAN, 35035, 1162562, Total, 0, 0, 0, 0, 0, 0, 2291920, 2291920
2015, RAJASTHAN, 8, BARMER, 81, CHOHTAN, 1189, CHOHTAN, 35038, 1161507, Drinking water, 0, 0, 0, 0, 0, 0, 900000, 900000
2015, RAJASTHAN, 8, BARMER, 81, CHOHTAN, 1189, CHOHTAN, 35038, 1161507, Roads, 0, 0, 0, 0, 0, 0, 3177927, 3177927
2015, RAJASTHAN, 8, BARMER, 81, CHOHTAN, 1189, CHOHTAN, 35038, 1161507, Sanitation, 0, 0, 0, 0, 0, 0, 3500000, 3500000
2015, RAJASTHAN, 8, BARMER, 81, CHOHTAN, 1189, CHOHTAN, 35038, 1161507, Total, 0, 0, 0, 0, 0, 0, 7577927, 7577927
2015, RAJASTHAN, 8, BARMER, 81, CHOHTAN, 1189, DEDUSAR, 35039, 1153328, Cultural activities, 0, 0, 0, 0, 0, 0, 1943130, 1943130
2015, RAJASTHAN, 8, BARMER, 81, CHOHTAN, 1189, DEDUSAR, 35039, 1153328, Drinking water, 0, 0, 0, 0, 0, 0, 1200000, 1200000
2015, RAJASTHAN, 8, BARMER, 81, CHOHTAN, 1189, DEDUSAR, 35039, 1153328, Education, 0, 0, 0, 0, 0, 0, 100000, 100000
2015, RAJASTHAN, 8, BARMER, 81, CHOHTAN, 1189, DEDUSAR, 35039, 1153328, Total, 0, 0, 0, 0, 0, 0, 3243130, 3243130
2015, RAJASTHAN, 8, BARMER, 81, CHOHTAN, 1189, DHARASAR, 34942, 1153212, Cultural activities, 0, 0, 0, 0, 0, 0, 2153090, 2153090
2015, RAJASTHAN, 8, BARMER, 81, CHOHTAN, 1189, DHARASAR, 34942, 1153212, Drinking water, 0, 0, 0, 0, 0, 0, 1300000, 1300000
2015, RAJASTHAN, 8, BARMER, 81, CHOHTAN, 1189, DHARASAR, 34942, 1153212, Education, 0, 0, 0, 0, 0, 0, 200000, 200000
2015, RAJASTHAN, 8, BARMER, 81, CHOHTAN, 1189, DHARASAR, 34942, 1153212, Total, 0, 0, 0, 0, 0, 0, 3653090, 3653090
2015, RAJASTHAN, 8, BARMER, 81, CHOHTAN, 1189, DHOK, 35041, 1162356, Drinking water, 0, 0, 0, 0, 0, 0, 2873716, 2873716
2015, RAJASTHAN, 8, BARMER, 81, CHOHTAN, 1189, DHOK, 35041, 1162356, Total, 0, 0, 0, 0, 0, 0, 2873716, 2873716
2015, RAJASTHAN, 8, BARMER, 81, CHOHTAN, 1189, GOLIYAR, 262352, 1161419, Drinking water, 0, 0, 0, 0, 0, 0, 980000, 980000
2015, RAJASTHAN, 8, BARMER, 81, CHOHTAN, 1189, GOLIYAR, 262352, 1161419, Education, 0, 0, 0, 0, 0, 0, 300000, 300000
2015, RAJASTHAN, 8, BARMER, 81, CHOHTAN, 1189, GOLIYAR, 262352, 1161419, Roads, 0, 0, 0, 0, 0, 0, 621668, 621668
2015, RAJASTHAN, 8, BARMER, 81, CHOHTAN, 1189, GOLIYAR, 262352, 1161419, Sanitation, 0, 0, 0, 0, 0, 0, 400000, 400000
2015, RAJASTHAN, 8, BARMER, 81, CHOHTAN, 1189, GOLIYAR, 262352, 1161419, Total, 0, 0, 0, 0, 0, 0, 2301668, 2301668
2015, RAJASTHAN, 8, BARMER, 81, CHOHTAN, 1189, GUMANE KA TALA, 35044, 1161837, Drinking water, 0, 0, 0, 0, 0, 0, 1438079, 1438079
2015, RAJASTHAN, 8, BARMER, 81, CHOHTAN, 1189, GUMANE KA TALA, 35044, 1161837, Sanitation, 0, 0, 0, 0, 0, 0, 100000, 100000
2015, RAJASTHAN, 8, BARMER, 81, CHOHTAN, 1189, GUMANE KA TALA, 35044, 1161837, Total, 0, 0, 0, 0, 0, 0, 1538079, 1538079
2015, RAJASTHAN, 8, BARMER, 81, CHOHTAN, 1189, JAISAR, 262418, 1161912, Drinking water, 0, 0, 0, 0, 0, 0, 1137057, 1137057
2015, RAJASTHAN, 8, BARMER, 81, CHOHTAN, 1189, JAISAR, 262418, 1161912, Education, 0, 0, 0, 0, 0, 0, 600000, 600000
2015, RAJASTHAN, 8, BARMER, 81, CHOHTAN, 1189, JAISAR, 262418, 1161912, Roads, 0, 0, 0, 0, 0, 0, 550000, 550000
2015, RAJASTHAN, 8, BARMER, 81, CHOHTAN, 1189, JAISAR, 262418, 1161912, Total, 0, 0, 0, 0, 0, 0, 2287057, 2287057
2015, RAJASTHAN, 8, BARMER, 81, CHOHTAN, 1189, KAPRAU, 35050, 1161874, Drinking water, 0, 0, 0, 0, 0, 0, 1920000, 1920000
2015, RAJASTHAN, 8, BARMER, 81, CHOHTAN, 1189, KAPRAU, 35050, 1161874, Education, 0, 0, 0, 0, 0, 0, 200000, 200000
2015, RAJASTHAN, 8, BARMER, 81, CHOHTAN, 1189, KAPRAU, 35050, 1161874, Sanitation, 0, 0, 0, 0, 0, 0, 700000, 700000
2015, RAJASTHAN, 8, BARMER, 81, CHOHTAN, 1189, KAPRAU, 35050, 1161874, Total, 0, 0, 0, 0, 0, 0, 2820000, 2820000
2015, RAJASTHAN, 8, BARMER, 81, CHOHTAN, 1189, KELNORE, 35051, 1162075, Drinking water, 0, 0, 0, 0, 0, 0, 1767901, 1767901
2015, RAJASTHAN, 8, BARMER, 81, CHOHTAN, 1189, KELNORE, 35051, 1162075, Sanitation, 0, 0, 0, 0, 0, 0, 400000, 400000
2015, RAJASTHAN, 8, BARMER, 81, CHOHTAN, 1189, KELNORE, 35051, 1162075, Total, 0, 0, 0, 0, 0, 0, 2167901, 2167901
2015, RAJASTHAN, 8, BARMER, 81, CHOHTAN, 1189, KONRA, 35052, 1162229, Drinking water, 0, 0, 0, 0, 0, 0, 2242214, 2242214
2015, RAJASTHAN, 8, BARMER, 81, CHOHTAN, 1189, KONRA, 35052, 1162229, Sanitation, 0, 0, 0, 0, 0, 0, 2600000, 2600000
2015, RAJASTHAN, 8, BARMER, 81, CHOHTAN, 1189, KONRA, 35052, 1162229, Total, 0, 0, 0, 0, 0, 0, 4842214, 4842214
2015, RAJASTHAN, 8, BARMER, 81, CHOHTAN, 1189, Kernada, 262761, 1162567, Drinking water, 0, 0, 0, 0, 0, 0, 2532995, 2532995
2015, RAJASTHAN, 8, BARMER, 81, CHOHTAN, 1189, Kernada, 262761, 1162567, Education, 0, 0, 0, 0, 0, 0, 500000, 500000
2015, RAJASTHAN, 8, BARMER, 81, CHOHTAN, 1189, Kernada, 262761, 1162567, Total, 0, 0, 0, 0, 0, 0, 3032995, 3032995
2015, RAJASTHAN, 8, BARMER, 81, CHOHTAN, 1189, MITHRAU, 35054, 1161446, Drinking water, 0, 0, 0, 0, 0, 0, 2404997, 2404997
2015, RAJASTHAN, 8, BARMER, 81, CHOHTAN, 1189, MITHRAU, 35054, 1161446, Total, 0, 0, 0, 0, 0, 0, 2404997, 2404997
2015, RAJASTHAN, 8, BARMER, 81, CHOHTAN, 1189, Mate ka tala, 262763, 1161568, Drinking water, 0, 0, 0, 0, 0, 0, 1836896, 1836896
2015, RAJASTHAN, 8, BARMER, 81, CHOHTAN, 1189, Mate ka tala, 262763, 1161568, Sanitation, 0, 0, 0, 0, 0, 0, 300000, 300000
2015, RAJASTHAN, 8, BARMER, 81, CHOHTAN, 1189, Mate ka tala, 262763, 1161568, Total, 0, 0, 0, 0, 0, 0, 2136896, 2136896
2015, RAJASTHAN, 8, BARMER, 81, CHOHTAN, 1189, NAWATALA JETMAL, 35056, 1153497, Cultural activities, 0, 0, 0, 0, 0, 0, 2639992, 2639992
2015, RAJASTHAN, 8, BARMER, 81, CHOHTAN, 1189, NAWATALA JETMAL, 35056, 1153497, Roads, 0, 0, 0, 0, 0, 0, 500000, 500000
2015, RAJASTHAN, 8, BARMER, 81, CHOHTAN, 1189, NAWATALA JETMAL, 35056, 1153497, Total, 0, 0, 0, 0, 0, 0, 3139992, 3139992
2015, RAJASTHAN, 8, BARMER, 81, CHOHTAN, 1189, RAMJAN KI GAFAN, 35062, 1161259, Drinking water, 0, 0, 0, 0, 0, 0, 3226143, 3226143
2015, RAJASTHAN, 8, BARMER, 81, CHOHTAN, 1189, RAMJAN KI GAFAN, 35062, 1161259, Sanitation, 0, 0, 0, 0, 0, 0, 140000, 140000
2015, RAJASTHAN, 8, BARMER, 81, CHOHTAN, 1189, RAMJAN KI GAFAN, 35062, 1161259, Total, 0, 0, 0, 0, 0, 0, 3366143, 3366143
2015, RAJASTHAN, 8, BARMER, 81, CHOHTAN, 1189, RATASAR, 34965, 1161913, Drinking water, 0, 0, 0, 0, 0, 0, 906201, 906201
2015, RAJASTHAN, 8, BARMER, 81, CHOHTAN, 1189, RATASAR, 34965, 1161913, Education, 0, 0, 0, 0, 0, 0, 400000, 400000
2015, RAJASTHAN, 8, BARMER, 81, CHOHTAN, 1189, RATASAR, 34965, 1161913, Maintenance of community system, 0, 0, 0, 0, 0, 0, 500000, 500000
2015, RAJASTHAN, 8, BARMER, 81, CHOHTAN, 1189, RATASAR, 34965, 1161913, Roads, 0, 0, 0, 0, 0, 0, 300000, 300000
2015, RAJASTHAN, 8, BARMER, 81, CHOHTAN, 1189, RATASAR, 34965, 1161913, Rural housing, 0, 0, 0, 0, 0, 0, 100000, 100000
2015, RAJASTHAN, 8, BARMER, 81, CHOHTAN, 1189, RATASAR, 34965, 1161913, Total, 0, 0, 0, 0, 0, 0, 2206201, 2206201
2015, RAJASTHAN, 8, BARMER, 81, CHOHTAN, 1189, SANAU, 34966, 1161502, Drinking water, 0, 0, 0, 0, 0, 0, 1100000, 1100000
2015, RAJASTHAN, 8, BARMER, 81, CHOHTAN, 1189, SANAU, 34966, 1161502, Sanitation, 0, 0, 0, 0, 0, 0, 1207119, 1207119
2015, RAJASTHAN, 8, BARMER, 81, CHOHTAN, 1189, SANAU, 34966, 1161502, Total, 0, 0, 0, 0, 0, 0, 2307119, 2307119
2015, RAJASTHAN, 8, BARMER, 81, CHOHTAN, 1189, SOBHALA JETMAL, 35070, 1161783, Drinking water, 0, 0, 0, 0, 0, 0, 480000, 480000
2015, RAJASTHAN, 8, BARMER, 81, CHOHTAN, 1189, SOBHALA JETMAL, 35070, 1161783, Roads, 0, 0, 0, 0, 0, 0, 1788751, 1788751
2015, RAJASTHAN, 8, BARMER, 81, CHOHTAN, 1189, SOBHALA JETMAL, 35070, 1161783, Sanitation, 0, 0, 0, 0, 0, 0, 960000, 960000
2015, RAJASTHAN, 8, BARMER, 81, CHOHTAN, 1189, SOBHALA JETMAL, 35070, 1161783, Total, 0, 0, 0, 0, 0, 0, 3228751, 3228751
2015, RAJASTHAN, 8, BARMER, 81, CHOHTAN, 1189, TARATARA, 34971, 1161267, Drinking water, 0, 0, 0, 0, 0, 0, 2147873, 2147873
2015, RAJASTHAN, 8, BARMER, 81, CHOHTAN, 1189, TARATARA, 34971, 1161267, Roads, 0, 0, 0, 0, 0, 0, 500000, 500000
2015, RAJASTHAN, 8, BARMER, 81, CHOHTAN, 1189, TARATARA, 34971, 1161267, Sanitation, 0, 0, 0, 0, 0, 0, 100000, 100000
2015, RAJASTHAN, 8, BARMER, 81, CHOHTAN, 1189, TARATARA, 34971, 1161267, Total, 0, 0, 0, 0, 0, 0, 2747873, 2747873
2015, RAJASTHAN, 8, BARMER, 81, CHOHTAN, 1189, TARATARAMATH, 34972, 1161361, Drinking water, 0, 0, 0, 0, 0, 0, 2567062, 2567062
2015, RAJASTHAN, 8, BARMER, 81, CHOHTAN, 1189, TARATARAMATH, 34972, 1161361, Sanitation, 0, 0, 0, 0, 0, 0, 900000, 900000
2015, RAJASTHAN, 8, BARMER, 81, CHOHTAN, 1189, TARATARAMATH, 34972, 1161361, Total, 0, 0, 0, 0, 0, 0, 3467062, 3467062
2015, RAJASTHAN, 8, BARMER, 81, CHOHTAN, 1189, UPARLA, 35073, 1162581, Drinking water, 0, 0, 0, 0, 0, 0, 1999099, 1999099
2015, RAJASTHAN, 8, BARMER, 81, CHOHTAN, 1189, UPARLA, 35073, 1162581, Sanitation, 0, 0, 0, 0, 0, 0, 950000, 950000
2015, RAJASTHAN, 8, BARMER, 81, CHOHTAN, 1189, UPARLA, 35073, 1162581, Total, 0, 0, 0, 0, 0, 0, 2949099, 2949099
2015, RAJASTHAN, 8, BARMER, 81, DHANAU, 262617, ALAMSAR, 35022, 1164942, Administrative & Technical Support, 0, 0, 0, 0, 0, 0, 20047, 20047
2015, RAJASTHAN, 8, BARMER, 81, DHANAU, 262617, ALAMSAR, 35022, 1164942, Drinking water, 0, 0, 0, 0, 0, 0, 2180000, 2180000
2015, RAJASTHAN, 8, BARMER, 81, DHANAU, 262617, ALAMSAR, 35022, 1164942, Total, 0, 0, 0, 0, 0, 0, 2200047, 2200047
2015, RAJASTHAN, 8, BARMER, 81, DHANAU, 262617, Ami Mohmmad shahki Basti, 262797, 1203487, Administrative & Technical Support, 0, 0, 0, 0, 0, 0, 8963, 8963
2015, RAJASTHAN, 8, BARMER, 81, DHANAU, 262617, Ami Mohmmad shahki Basti, 262797, 1203487, Maintenance of community system, 0, 0, 0, 0, 0, 0, 800000, 800000
2015, RAJASTHAN, 8, BARMER, 81, DHANAU, 262617, Ami Mohmmad shahki Basti, 262797, 1203487, Roads, 0, 0, 0, 0, 0, 0, 600000, 600000
2015, RAJASTHAN, 8, BARMER, 81, DHANAU, 262617, Ami Mohmmad shahki Basti, 262797, 1203487, Total, 0, 0, 0, 0, 0, 0, 1408963, 1408963
2015, RAJASTHAN, 8, BARMER, 81, DHANAU, 262617, BACHHRAU, 34929, 1163719, Administrative & Technical Support, 0, 0, 0, 0, 0, 0, 6000, 6000
2015, RAJASTHAN, 8, BARMER, 81, DHANAU, 262617, BACHHRAU, 34929, 1163719, Roads, 0, 0, 0, 0, 0, 0, 760000, 760000
2015, RAJASTHAN, 8, BARMER, 81, DHANAU, 262617, BACHHRAU, 34929, 1163719, Total, 0, 0, 0, 0, 0, 0, 766000, 766000
2015, RAJASTHAN, 8, BARMER, 81, DHANAU, 262617, BAMNOR AMEERSHAH, 35077, 1195274, Administrative & Technical Support, 0, 0, 0, 0, 0, 0, 551138, 551138
2015, RAJASTHAN, 8, BARMER, 81, DHANAU, 262617, BAMNOR AMEERSHAH, 35077, 1195274, Education, 0, 0, 0, 0, 0, 0, 780000, 780000
2015, RAJASTHAN, 8, BARMER, 81, DHANAU, 262617, BAMNOR AMEERSHAH, 35077, 1195274, Maintenance of community system, 0, 0, 0, 0, 0, 0, 450000, 450000
2015, RAJASTHAN, 8, BARMER, 81, DHANAU, 262617, BAMNOR AMEERSHAH, 35077, 1195274, Roads, 0, 0, 0, 0, 0, 0, 500000, 500000
2015, RAJASTHAN, 8, BARMER, 81, DHANAU, 262617, BAMNOR AMEERSHAH, 35077, 1195274, Total, 0, 0, 0, 0, 0, 0, 2281138, 2281138
2015, RAJASTHAN, 8, BARMER, 81, DHANAU, 262617, BHOONIYA, 35086, 1204166, Administrative & Technical Support, 0, 0, 0, 0, 0, 0, 146820, 146820
2015, RAJASTHAN, 8, BARMER, 81, DHANAU, 262617, BHOONIYA, 35086, 1204166, Total, 0, 0, 0, 0, 0, 0, 146820, 146820
2015, RAJASTHAN, 8, BARMER, 81, DHANAU, 262617, BINJASAR, 35033, 1202917, Administrative & Technical Support, 0, 0, 0, 0, 0, 0, 174669, 174669
2015, RAJASTHAN, 8, BARMER, 81, DHANAU, 262617, BINJASAR, 35033, 1202917, Drinking water, 0, 0, 0, 0, 0, 0, 362698, 362698
2015, RAJASTHAN, 8, BARMER, 81, DHANAU, 262617, BINJASAR, 35033, 1202917, Roads, 0, 0, 0, 0, 0, 0, 2378904, 2378904
2015, RAJASTHAN, 8, BARMER, 81, DHANAU, 262617, BINJASAR, 35033, 1202917, Total, 0, 0, 0, 0, 0, 0, 2916271, 2916271
2015, RAJASTHAN, 8, BARMER, 81, DHANAU, 262617, BISARNIYA, 35087, 1163974, Administrative & Technical Support, 0, 0, 0, 0, 0, 0, 200000, 200000
2015, RAJASTHAN, 8, BARMER, 81, DHANAU, 262617, BISARNIYA, 35087, 1163974, Roads, 0, 0, 0, 0, 0, 0, 1558582, 1558582
2015, RAJASTHAN, 8, BARMER, 81, DHANAU, 262617, BISARNIYA, 35087, 1163974, Rural electrification, 0, 0, 0, 0, 0, 0, 1198208, 1198208
2015, RAJASTHAN, 8, BARMER, 81, DHANAU, 262617, BISARNIYA, 35087, 1163974, Total, 0, 0, 0, 0, 0, 0, 2956790, 2956790
2015, RAJASTHAN, 8, BARMER, 81, DHANAU, 262617, BURAN KA TALA, 35036, 1176247, Administrative & Technical Support, 0, 0, 0, 0, 0, 0, 317253, 317253
2015, RAJASTHAN, 8, BARMER, 81, DHANAU, 262617, BURAN KA TALA, 35036, 1176247, Drinking water, 0, 0, 0, 0, 0, 0, 1372000, 1372000
2015, RAJASTHAN, 8, BARMER, 81, DHANAU, 262617, BURAN KA TALA, 35036, 1176247, Roads, 0, 0, 0, 0, 0, 0, 642000, 642000
2015, RAJASTHAN, 8, BARMER, 81, DHANAU, 262617, BURAN KA TALA, 35036, 1176247, Sanitation, 0, 0, 0, 0, 0, 0, 60000, 60000
2015, RAJASTHAN, 8, BARMER, 81, DHANAU, 262617, BURAN KA TALA, 35036, 1176247, Total, 0, 0, 0, 0, 0, 0, 2391253, 2391253
2015, RAJASTHAN, 8, BARMER, 81, DHANAU, 262617, DEENGARH, 262877, 1202687, Administrative & Technical Support, 0, 0, 0, 0, 0, 0, 220425, 220425
2015, RAJASTHAN, 8, BARMER, 81, DHANAU, 262617, DEENGARH, 262877, 1202687, Drinking water, 0, 0, 0, 0, 0, 0, 352570, 352570
2015, RAJASTHAN, 8, BARMER, 81, DHANAU, 262617, DEENGARH, 262877, 1202687, Education, 0, 0, 0, 0, 0, 0, 87430, 87430
2015, RAJASTHAN, 8, BARMER, 81, DHANAU, 262617, DEENGARH, 262877, 1202687, Roads, 0, 0, 0, 0, 0, 0, 700000, 700000
2015, RAJASTHAN, 8, BARMER, 81, DHANAU, 262617, DEENGARH, 262877, 1202687, Total, 0, 0, 0, 0, 0, 0, 1360425, 1360425
2015, RAJASTHAN, 8, BARMER, 81, DHANAU, 262617, DHANAU, 35040, 1177689, Administrative & Technical Support, 0, 0, 0, 0, 0, 0, 211697, 211697
2015, RAJASTHAN, 8, BARMER, 81, DHANAU, 262617, DHANAU, 35040, 1177689, Education, 0, 0, 0, 0, 0, 0, 620000, 620000
2015, RAJASTHAN, 8, BARMER, 81, DHANAU, 262617, DHANAU, 35040, 1177689, Roads, 0, 0, 0, 0, 0, 0, 3450000, 3450000
2015, RAJASTHAN, 8, BARMER, 81, DHANAU, 262617, DHANAU, 35040, 1177689, Total, 0, 0, 0, 0, 0, 0, 4281697, 4281697
2015, RAJASTHAN, 8, BARMER, 81, DHANAU, 262617, GOHAR KA TALA, 35043, 1176598, Drinking water, 0, 0, 0, 0, 0, 0, 1400000, 1400000
2015, RAJASTHAN, 8, BARMER, 81, DHANAU, 262617, GOHAR KA TALA, 35043, 1176598, Roads, 0, 0, 0, 0, 0, 0, 1000000, 1000000
2015, RAJASTHAN, 8, BARMER, 81, DHANAU, 262617, GOHAR KA TALA, 35043, 1176598, Sanitation, 0, 0, 0, 0, 0, 0, 150000, 150000
2015, RAJASTHAN, 8, BARMER, 81, DHANAU, 262617, GOHAR KA TALA, 35043, 1176598, Total, 0, 0, 0, 0, 0, 0, 2550000, 2550000
2015, RAJASTHAN, 8, BARMER, 81, DHANAU, 262617, ISROL, 34951, 1164223, Drinking water, 0, 0, 0, 0, 0, 0, 760000, 760000
2015, RAJASTHAN, 8, BARMER, 81, DHANAU, 262617, ISROL, 34951, 1164223, Education, 0, 0, 0, 0, 0, 0, 160000, 160000
2015, RAJASTHAN, 8, BARMER, 81, DHANAU, 262617, ISROL, 34951, 1164223, Roads, 0, 0, 0, 0, 0, 0, 880000, 880000
2015, RAJASTHAN, 8, BARMER, 81, DHANAU, 262617, ISROL, 34951, 1164223, Sanitation, 0, 0, 0, 0, 0, 0, 100000, 100000
2015, RAJASTHAN, 8, BARMER, 81, DHANAU, 262617, ISROL, 34951, 1164223, Total, 0, 0, 0, 0, 0, 0, 1900000, 1900000
2015, RAJASTHAN, 8, BARMER, 81, DHANAU, 262617, ITADA, 35047, 1164145, Administrative & Technical Support, 0, 0, 0, 0, 0, 0, 117000, 117000
2015, RAJASTHAN, 8, BARMER, 81, DHANAU, 262617, ITADA, 35047, 1164145, Drinking water, 0, 0, 0, 0, 0, 0, 1033000, 1033000
2015, RAJASTHAN, 8, BARMER, 81, DHANAU, 262617, ITADA, 35047, 1164145, Education, 0, 0, 0, 0, 0, 0, 344000, 344000
2015, RAJASTHAN, 8, BARMER, 81, DHANAU, 262617, ITADA, 35047, 1164145, Roads, 0, 0, 0, 0, 0, 0, 1805000, 1805000
2015, RAJASTHAN, 8, BARMER, 81, DHANAU, 262617, ITADA, 35047, 1164145, Total, 0, 0, 0, 0, 0, 0, 3299000, 3299000
2015, RAJASTHAN, 8, BARMER, 81, DHANAU, 262617, KITNORIYA, 35099, 1203789, Administrative & Technical Support, 0, 0, 0, 0, 0, 0, 39340, 39340
2015, RAJASTHAN, 8, BARMER, 81, DHANAU, 262617, KITNORIYA, 35099, 1203789, Education, 0, 0, 0, 0, 0, 0, 699944, 699944
2015, RAJASTHAN, 8, BARMER, 81, DHANAU, 262617, KITNORIYA, 35099, 1203789, Roads, 0, 0, 0, 0, 0, 0, 499923, 499923
2015, RAJASTHAN, 8, BARMER, 81, DHANAU, 262617, KITNORIYA, 35099, 1203789, Total, 0, 0, 0, 0, 0, 0, 1239207, 1239207
2015, RAJASTHAN, 8, BARMER, 81, DHANAU, 262617, LEELSAR, 34957, 1203976, Drinking water, 0, 0, 0, 0, 0, 0, 2177000, 2177000
2015, RAJASTHAN, 8, BARMER, 81, DHANAU, 262617, LEELSAR, 34957, 1203976, Education, 0, 0, 0, 0, 0, 0, 200000, 200000
2015, RAJASTHAN, 8, BARMER, 81, DHANAU, 262617, LEELSAR, 34957, 1203976, Maintenance of community system, 0, 0, 0, 0, 0, 0, 800000, 800000
2015, RAJASTHAN, 8, BARMER, 81, DHANAU, 262617, LEELSAR, 34957, 1203976, Roads, 0, 0, 0, 0, 0, 0, 1500000, 1500000
2015, RAJASTHAN, 8, BARMER, 81, DHANAU, 262617, LEELSAR, 34957, 1203976, Sanitation, 0, 0, 0, 0, 0, 0, 650000, 650000
2015, RAJASTHAN, 8, BARMER, 81, DHANAU, 262617, LEELSAR, 34957, 1203976, Total, 0, 0, 0, 0, 0, 0, 5327000, 5327000
2015, RAJASTHAN, 8, BARMER, 81, DHANAU, 262617, MEETHE KA TALA, 35053, 1164220, Administrative & Technical Support, 0, 0, 0, 0, 0, 0, 297808, 297808
2015, RAJASTHAN, 8, BARMER, 81, DHANAU, 262617, MEETHE KA TALA, 35053, 1164220, Drinking water, 0, 0, 0, 0, 0, 0, 500076, 500076
2015, RAJASTHAN, 8, BARMER, 81, DHANAU, 262617, MEETHE KA TALA, 35053, 1164220, Total, 0, 0, 0, 0, 0, 0, 797884, 797884
2015, RAJASTHAN, 8, BARMER, 81, DHANAU, 262617, NAWATALA RATHORAN, 35109, 1202722, Administrative & Technical Support, 0, 0, 0, 0, 0, 0, 268290, 268290
2015, RAJASTHAN, 8, BARMER, 81, DHANAU, 262617, NAWATALA RATHORAN, 35109, 1202722, Drinking water, 0, 0, 0, 0, 0, 0, 70000, 70000
2015, RAJASTHAN, 8, BARMER, 81, DHANAU, 262617, NAWATALA RATHORAN, 35109, 1202722, Education, 0, 0, 0, 0, 0, 0, 70000, 70000
2015, RAJASTHAN, 8, BARMER, 81, DHANAU, 262617, NAWATALA RATHORAN, 35109, 1202722, Roads, 0, 0, 0, 0, 0, 0, 737800, 737800
2015, RAJASTHAN, 8, BARMER, 81, DHANAU, 262617, NAWATALA RATHORAN, 35109, 1202722, Total, 0, 0, 0, 0, 0, 0, 1146090, 1146090
2015, RAJASTHAN, 8, BARMER, 81, DHANAU, 262617, NEHARO KI NADI, 35110, 1203971, Drinking water, 0, 0, 0, 0, 0, 0, 2220000, 2220000
2015, RAJASTHAN, 8, BARMER, 81, DHANAU, 262617, NEHARO KI NADI, 35110, 1203971, Total, 0, 0, 0, 0, 0, 0, 2220000, 2220000
2015, RAJASTHAN, 8, BARMER, 81, DHANAU, 262617, NETRAD, 35057, 1166945, Administrative & Technical Support, 0, 0, 0, 0, 0, 0, 44261, 44261
2015, RAJASTHAN, 8, BARMER, 81, DHANAU, 262617, NETRAD, 35057, 1166945, Drinking water, 0, 0, 0, 0, 0, 0, 210000, 210000
2015, RAJASTHAN, 8, BARMER, 81, DHANAU, 262617, NETRAD, 35057, 1166945, Education, 0, 0, 0, 0, 0, 0, 60000, 60000
2015, RAJASTHAN, 8, BARMER, 81, DHANAU, 262617, NETRAD, 35057, 1166945, Roads, 0, 0, 0, 0, 0, 0, 460000, 460000
2015, RAJASTHAN, 8, BARMER, 81, DHANAU, 262617, NETRAD, 35057, 1166945, Total, 0, 0, 0, 0, 0, 0, 774261, 774261
2015, RAJASTHAN, 8, BARMER, 81, DHANAU, 262617, PANWARIYA TALA, 262351, 1164207, Drinking water, 0, 0, 0, 0, 0, 0, 585226, 585226
2015, RAJASTHAN, 8, BARMER, 81, DHANAU, 262617, PANWARIYA TALA, 262351, 1164207, Education, 0, 0, 0, 0, 0, 0, 650000, 650000
2015, RAJASTHAN, 8, BARMER, 81, DHANAU, 262617, PANWARIYA TALA, 262351, 1164207, Roads, 0, 0, 0, 0, 0, 0, 700000, 700000
2015, RAJASTHAN, 8, BARMER, 81, DHANAU, 262617, PANWARIYA TALA, 262351, 1164207, Sanitation, 0, 0, 0, 0, 0, 0, 100000, 100000
2015, RAJASTHAN, 8, BARMER, 81, DHANAU, 262617, PANWARIYA TALA, 262351, 1164207, Total, 0, 0, 0, 0, 0, 0, 2035226, 2035226
2015, RAJASTHAN, 8, BARMER, 81, DHANAU, 262617, POKRASAR, 35060, 1203155, Administrative & Technical Support, 0, 0, 0, 0, 0, 0, 191355, 191355
2015, RAJASTHAN, 8, BARMER, 81, DHANAU, 262617, POKRASAR, 35060, 1203155, Drinking water, 0, 0, 0, 0, 0, 0, 332057, 332057
2015, RAJASTHAN, 8, BARMER, 81, DHANAU, 262617, POKRASAR, 35060, 1203155, Education, 0, 0, 0, 0, 0, 0, 214000, 214000
2015, RAJASTHAN, 8, BARMER, 81, DHANAU, 262617, POKRASAR, 35060, 1203155, Maintenance of community system, 0, 0, 0, 0, 0, 0, 622000, 622000
2015, RAJASTHAN, 8, BARMER, 81, DHANAU, 262617, POKRASAR, 35060, 1203155, Total, 0, 0, 0, 0, 0, 0, 1359412, 1359412
2015, RAJASTHAN, 8, BARMER, 81, DHANAU, 262617, Phagloo Ka Tala, 262798, 1203774, Administrative & Technical Support, 0, 0, 0, 0, 0, 0, 519886, 519886
2015, RAJASTHAN, 8, BARMER, 81, DHANAU, 262617, Phagloo Ka Tala, 262798, 1203774, Maintenance of community system, 0, 0, 0, 0, 0, 0, 500000, 500000
2015, RAJASTHAN, 8, BARMER, 81, DHANAU, 262617, Phagloo Ka Tala, 262798, 1203774, Roads, 0, 0, 0, 0, 0, 0, 450000, 450000
2015, RAJASTHAN, 8, BARMER, 81, DHANAU, 262617, Phagloo Ka Tala, 262798, 1203774, Total, 0, 0, 0, 0, 0, 0, 1469886, 1469886
2015, RAJASTHAN, 8, BARMER, 81, DHANAU, 262617, RABASAR, 35061, 1174207, Drinking water, 0, 0, 0, 0, 0, 0, 794462, 794462
2015, RAJASTHAN, 8, BARMER, 81, DHANAU, 262617, RABASAR, 35061, 1174207, Total, 0, 0, 0, 0, 0, 0, 794462, 794462
2015, RAJASTHAN, 8, BARMER, 81, DHANAU, 262617, SANWA, 35067, 1164222, Administrative & Technical Support, 0, 0, 0, 0, 0, 0, 1410821, 1410821
2015, RAJASTHAN, 8, BARMER, 81, DHANAU, 262617, SANWA, 35067, 1164222, Drinking water, 0, 0, 0, 0, 0, 0, 660000, 660000
2015, RAJASTHAN, 8, BARMER, 81, DHANAU, 262617, SANWA, 35067, 1164222, Roads, 0, 0, 0, 0, 0, 0, 2389000, 2389000
2015, RAJASTHAN, 8, BARMER, 81, DHANAU, 262617, SANWA, 35067, 1164222, Total, 0, 0, 0, 0, 0, 0, 4459821, 4459821
2015, RAJASTHAN, 8, BARMER, 81, DHANAU, 262617, SAROOPE KA TALA, 35065, 1164191, Administrative & Technical Support, 0, 0, 0, 0, 0, 0, 743403, 743403
2015, RAJASTHAN, 8, BARMER, 81, DHANAU, 262617, SAROOPE KA TALA, 35065, 1164191, Maintenance of community system, 0, 0, 0, 0, 0, 0, 749827, 749827
2015, RAJASTHAN, 8, BARMER, 81, DHANAU, 262617, SAROOPE KA TALA, 35065, 1164191, Roads, 0, 0, 0, 0, 0, 0, 1000000, 1000000
2015, RAJASTHAN, 8, BARMER, 81, DHANAU, 262617, SAROOPE KA TALA, 35065, 1164191, Total, 0, 0, 0, 0, 0, 0, 2493230, 2493230
2015, RAJASTHAN, 8, BARMER, 81, DHANAU, 262617, SHRIRAMWALA, 35069, 1163679, Administrative & Technical Support, 0, 0, 0, 0, 0, 0, 72000, 72000
2015, RAJASTHAN, 8, BARMER, 81, DHANAU, 262617, SHRIRAMWALA, 35069, 1163679, Drinking water, 0, 0, 0, 0, 0, 0, 702000, 702000
2015, RAJASTHAN, 8, BARMER, 81, DHANAU, 262617, SHRIRAMWALA, 35069, 1163679, Education, 0, 0, 0, 0, 0, 0, 582585, 582585
2015, RAJASTHAN, 8, BARMER, 81, DHANAU, 262617, SHRIRAMWALA, 35069, 1163679, Roads, 0, 0, 0, 0, 0, 0, 354000, 354000
2015, RAJASTHAN, 8, BARMER, 81, DHANAU, 262617, SHRIRAMWALA, 35069, 1163679, Total, 0, 0, 0, 0, 0, 0, 1758085, 1758085
2015, RAJASTHAN, 8, BARMER, 81, DHANAU, 262617, SHRIRAMWALA, 35069, 1163679, Women and child development, 0, 0, 0, 0, 0, 0, 47500, 47500
2015, RAJASTHAN, 8, BARMER, 81, DHANAU, 262617, SODIYAR, 262349, 1203592, Administrative & Technical Support, 0, 0, 0, 0, 0, 0, 35000, 35000
2015, RAJASTHAN, 8, BARMER, 81, DHANAU, 262617, SODIYAR, 262349, 1203592, Drinking water, 0, 0, 0, 0, 0, 0, 50000, 50000
2015, RAJASTHAN, 8, BARMER, 81, DHANAU, 262617, SODIYAR, 262349, 1203592, Education, 0, 0, 0, 0, 0, 0, 90000, 90000
2015, RAJASTHAN, 8, BARMER, 81, DHANAU, 262617, SODIYAR, 262349, 1203592, Maintenance of community system, 0, 0, 0, 0, 0, 0, 777080, 777080
2015, RAJASTHAN, 8, BARMER, 81, DHANAU, 262617, SODIYAR, 262349, 1203592, Roads, 0, 0, 0, 0, 0, 0, 767800, 767800
2015, RAJASTHAN, 8, BARMER, 81, DHANAU, 262617, SODIYAR, 262349, 1203592, Total, 0, 0, 0, 0, 0, 0, 1719880, 1719880
2015, RAJASTHAN, 8, BARMER, 81, DHANAU, 262617, Saiyon Ka Tala, 262780, 1164931, Administrative & Technical Support, 0, 0, 0, 0, 0, 0, 135823, 135823
2015, RAJASTHAN, 8, BARMER, 81, DHANAU, 262617, Saiyon Ka Tala, 262780, 1164931, Total, 0, 0, 0, 0, 0, 0, 135823, 135823
2015, RAJASTHAN, 8, BARMER, 81, DHANAU, 262617, TALSAR, 35071, 1196782, Drinking water, 0, 0, 0, 0, 0, 0, 120000, 120000
2015, RAJASTHAN, 8, BARMER, 81, DHANAU, 262617, TALSAR, 35071, 1196782, Roads, 0, 0, 0, 0, 0, 0, 975000, 975000
2015, RAJASTHAN, 8, BARMER, 81, DHANAU, 262617, TALSAR, 35071, 1196782, Sanitation, 0, 0, 0, 0, 0, 0, 580000, 580000
2015, RAJASTHAN, 8, BARMER, 81, DHANAU, 262617, TALSAR, 35071, 1196782, Total, 0, 0, 0, 0, 0, 0, 1675000, 1675000
2015, RAJASTHAN, 8, BARMER, 81, DHORIMANNA, 1190, ARNIYALI, 35075, 1161998, Drinking water, 0, 0, 0, 0, 0, 0, 545000, 545000
2015, RAJASTHAN, 8, BARMER, 81, DHORIMANNA, 1190, ARNIYALI, 35075, 1161998, Roads, 0, 0, 0, 0, 0, 0, 3415098, 3415098
2015, RAJASTHAN, 8, BARMER, 81, DHORIMANNA, 1190, ARNIYALI, 35075, 1161998, Total, 0, 0, 0, 0, 0, 0, 3960098, 3960098
2015, RAJASTHAN, 8, BARMER, 81, DHORIMANNA, 1190, BHALISAR, 35082, 1162001, Drinking water, 0, 0, 0, 0, 0, 0, 1217000, 1217000
2015, RAJASTHAN, 8, BARMER, 81, DHORIMANNA, 1190, BHALISAR, 35082, 1162001, Education, 0, 0, 0, 0, 0, 0, 450000, 450000
2015, RAJASTHAN, 8, BARMER, 81, DHORIMANNA, 1190, BHALISAR, 35082, 1162001, Public distribution system, 0, 0, 0, 0, 0, 0, 429261, 429261
2015, RAJASTHAN, 8, BARMER, 81, DHORIMANNA, 1190, BHALISAR, 35082, 1162001, Roads, 0, 0, 0, 0, 0, 0, 403000, 403000
2015, RAJASTHAN, 8, BARMER, 81, DHORIMANNA, 1190, BHALISAR, 35082, 1162001, Sanitation, 0, 0, 0, 0, 0, 0, 600000, 600000
2015, RAJASTHAN, 8, BARMER, 81, DHORIMANNA, 1190, BHALISAR, 35082, 1162001, Total, 0, 0, 0, 0, 0, 0, 3099261, 3099261
2015, RAJASTHAN, 8, BARMER, 81, DHORIMANNA, 1190, BHIMTHAL, 35085, 1162022, Administrative & Technical Support, 0, 0, 0, 0, 0, 0, 356555, 356555
2015, RAJASTHAN, 8, BARMER, 81, DHORIMANNA, 1190, BHIMTHAL, 35085, 1162022, Drinking water, 0, 0, 0, 0, 0, 0, 2465000, 2465000
2015, RAJASTHAN, 8, BARMER, 81, DHORIMANNA, 1190, BHIMTHAL, 35085, 1162022, Education, 0, 0, 0, 0, 0, 0, 1434000, 1434000
2015, RAJASTHAN, 8, BARMER, 81, DHORIMANNA, 1190, BHIMTHAL, 35085, 1162022, Total, 0, 0, 0, 0, 0, 0, 4255555, 4255555
2015, RAJASTHAN, 8, BARMER, 81, DHORIMANNA, 1190, BOOTH JETMAL, 34936, 1162003, Drinking water, 0, 0, 0, 0, 0, 0, 700000, 700000
2015, RAJASTHAN, 8, BARMER, 81, DHORIMANNA, 1190, BOOTH JETMAL, 34936, 1162003, Education, 0, 0, 0, 0, 0, 0, 500000, 500000
2015, RAJASTHAN, 8, BARMER, 81, DHORIMANNA, 1190, BOOTH JETMAL, 34936, 1162003, Public distribution system, 0, 0, 0, 0, 0, 0, 350000, 350000
2015, RAJASTHAN, 8, BARMER, 81, DHORIMANNA, 1190, BOOTH JETMAL, 34936, 1162003, Roads, 0, 0, 0, 0, 0, 0, 455914, 455914
2015, RAJASTHAN, 8, BARMER, 81, DHORIMANNA, 1190, BOOTH JETMAL, 34936, 1162003, Sanitation, 0, 0, 0, 0, 0, 0, 500000, 500000
2015, RAJASTHAN, 8, BARMER, 81, DHORIMANNA, 1190, BOOTH JETMAL, 34936, 1162003, Total, 0, 0, 0, 0, 0, 0, 2505914, 2505914
2015, RAJASTHAN, 8, BARMER, 81, DHORIMANNA, 1190, BOR CHARNAN, 35088, 1162047, Administrative & Technical Support, 0, 0, 0, 0, 0, 0, 193554, 193554
2015, RAJASTHAN, 8, BARMER, 81, DHORIMANNA, 1190, BOR CHARNAN, 35088, 1162047, Drinking water, 0, 0, 0, 0, 0, 0, 1255000, 1255000
2015, RAJASTHAN, 8, BARMER, 81, DHORIMANNA, 1190, BOR CHARNAN, 35088, 1162047, Health, 0, 0, 0, 0, 0, 0, 232000, 232000
2015, RAJASTHAN, 8, BARMER, 81, DHORIMANNA, 1190, BOR CHARNAN, 35088, 1162047, Roads, 0, 0, 0, 0, 0, 0, 855000, 855000
2015, RAJASTHAN, 8, BARMER, 81, DHORIMANNA, 1190, BOR CHARNAN, 35088, 1162047, Sanitation, 0, 0, 0, 0, 0, 0, 740000, 740000
2015, RAJASTHAN, 8, BARMER, 81, DHORIMANNA, 1190, BOR CHARNAN, 35088, 1162047, Total, 0, 0, 0, 0, 0, 0, 3275554, 3275554
2015, RAJASTHAN, 8, BARMER, 81, DHORIMANNA, 1190, Bhalikhal, 262839, 1162000, Administrative & Technical Support, 0, 0, 0, 0, 0, 0, 650142, 650142
2015, RAJASTHAN, 8, BARMER, 81, DHORIMANNA, 1190, Bhalikhal, 262839, 1162000, Drinking water, 0, 0, 0, 0, 0, 0, 340000, 340000
2015, RAJASTHAN, 8, BARMER, 81, DHORIMANNA, 1190, Bhalikhal, 262839, 1162000, Education, 0, 0, 0, 0, 0, 0, 287000, 287000
2015, RAJASTHAN, 8, BARMER, 81, DHORIMANNA, 1190, Bhalikhal, 262839, 1162000, Public distribution system, 0, 0, 0, 0, 0, 0, 977086, 977086
2015, RAJASTHAN, 8, BARMER, 81, DHORIMANNA, 1190, Bhalikhal, 262839, 1162000, Total, 0, 0, 0, 0, 0, 0, 2254228, 2254228
2015, RAJASTHAN, 8, BARMER, 81, DHORIMANNA, 1190, Bhilon ki Dhani Kalan, 262800, 1162002, Administrative & Technical Support, 0, 0, 0, 0, 0, 0, 320481, 320481
2015, RAJASTHAN, 8, BARMER, 81, DHORIMANNA, 1190, Bhilon ki Dhani Kalan, 262800, 1162002, Drinking water, 0, 0, 0, 0, 0, 0, 1345000, 1345000
2015, RAJASTHAN, 8, BARMER, 81, DHORIMANNA, 1190, Bhilon ki Dhani Kalan, 262800, 1162002, Education, 0, 0, 0, 0, 0, 0, 700000, 700000
2015, RAJASTHAN, 8, BARMER, 81, DHORIMANNA, 1190, Bhilon ki Dhani Kalan, 262800, 1162002, Total, 0, 0, 0, 0, 0, 0, 2365481, 2365481
2015, RAJASTHAN, 8, BARMER, 81, DHORIMANNA, 1190, CHAINPURA, 35089, 1162004, Drinking water, 0, 0, 0, 0, 0, 0, 2160000, 2160000
2015, RAJASTHAN, 8, BARMER, 81, DHORIMANNA, 1190, CHAINPURA, 35089, 1162004, Public distribution system, 0, 0, 0, 0, 0, 0, 510000, 510000
2015, RAJASTHAN, 8, BARMER, 81, DHORIMANNA, 1190, CHAINPURA, 35089, 1162004, Roads, 0, 0, 0, 0, 0, 0, 660883, 660883
2015, RAJASTHAN, 8, BARMER, 81, DHORIMANNA, 1190, CHAINPURA, 35089, 1162004, Total, 0, 0, 0, 0, 0, 0, 3330883, 3330883
2015, RAJASTHAN, 8, BARMER, 81, DHORIMANNA, 1190, DHORIMANNA, 35090, 1162247, Administrative & Technical Support, 0, 0, 0, 0, 0, 0, 939, 939
2015, RAJASTHAN, 8, BARMER, 81, DHORIMANNA, 1190, DHORIMANNA, 35090, 1162247, Drinking water, 0, 0, 0, 0, 0, 0, 3844000, 3844000
2015, RAJASTHAN, 8, BARMER, 81, DHORIMANNA, 1190, DHORIMANNA, 35090, 1162247, Education, 0, 0, 0, 0, 0, 0, 1678000, 1678000
2015, RAJASTHAN, 8, BARMER, 81, DHORIMANNA, 1190, DHORIMANNA, 35090, 1162247, Health, 0, 0, 0, 0, 0, 0, 650000, 650000
2015, RAJASTHAN, 8, BARMER, 81, DHORIMANNA, 1190, DHORIMANNA, 35090, 1162247, Maintenance of community system, 0, 0, 0, 0, 0, 0, 294000, 294000
2015, RAJASTHAN, 8, BARMER, 81, DHORIMANNA, 1190, DHORIMANNA, 35090, 1162247, Roads, 0, 0, 0, 0, 0, 0, 1986000, 1986000
2015, RAJASTHAN, 8, BARMER, 81, DHORIMANNA, 1190, DHORIMANNA, 35090, 1162247, Rural housing, 0, 0, 0, 0, 0, 0, 200000, 200000
2015, RAJASTHAN, 8, BARMER, 81, DHORIMANNA, 1190, DHORIMANNA, 35090, 1162247, Sanitation, 0, 0, 0, 0, 0, 0, 1407800, 1407800
2015, RAJASTHAN, 8, BARMER, 81, DHORIMANNA, 1190, DHORIMANNA, 35090, 1162247, Total, 0, 0, 0, 0, 0, 0, 10060739, 10060739
2015, RAJASTHAN, 8, BARMER, 81, DHORIMANNA, 1190, DOODHU, 35091, 1162007, Administrative & Technical Support, 0, 0, 0, 0, 0, 0, 764, 764
2015, RAJASTHAN, 8, BARMER, 81, DHORIMANNA, 1190, DOODHU, 35091, 1162007, Drinking water, 0, 0, 0, 0, 0, 0, 1200000, 1200000
2015, RAJASTHAN, 8, BARMER, 81, DHORIMANNA, 1190, DOODHU, 35091, 1162007, Public distribution system, 0, 0, 0, 0, 0, 0, 100000, 100000
2015, RAJASTHAN, 8, BARMER, 81, DHORIMANNA, 1190, DOODHU, 35091, 1162007, Roads, 0, 0, 0, 0, 0, 0, 1300000, 1300000
2015, RAJASTHAN, 8, BARMER, 81, DHORIMANNA, 1190, DOODHU, 35091, 1162007, Sanitation, 0, 0, 0, 0, 0, 0, 200000, 200000
2015, RAJASTHAN, 8, BARMER, 81, DHORIMANNA, 1190, DOODHU, 35091, 1162007, Total, 0, 0, 0, 0, 0, 0, 2800764, 2800764
2015, RAJASTHAN, 8, BARMER, 81, DHORIMANNA, 1190, Daboi, 262820, 1162006, Drinking water, 0, 0, 0, 0, 0, 0, 780619, 780619
2015, RAJASTHAN, 8, BARMER, 81, DHORIMANNA, 1190, Daboi, 262820, 1162006, Education, 0, 0, 0, 0, 0, 0, 900000, 900000
2015, RAJASTHAN, 8, BARMER, 81, DHORIMANNA, 1190, Daboi, 262820, 1162006, Roads, 0, 0, 0, 0, 0, 0, 435000, 435000
2015, RAJASTHAN, 8, BARMER, 81, DHORIMANNA, 1190, Daboi, 262820, 1162006, Total, 0, 0, 0, 0, 0, 0, 2115619, 2115619
2015, RAJASTHAN, 8, BARMER, 81, DHORIMANNA, 1190, Jambhaji Ka Mandir, 262838, 1162275, Administrative & Technical Support, 0, 0, 0, 0, 0, 0, 444192, 444192
2015, RAJASTHAN, 8, BARMER, 81, DHORIMANNA, 1190, Jambhaji Ka Mandir, 262838, 1162275, Drinking water, 0, 0, 0, 0, 0, 0, 600000, 600000
2015, RAJASTHAN, 8, BARMER, 81, DHORIMANNA, 1190, Jambhaji Ka Mandir, 262838, 1162275, Education, 0, 0, 0, 0, 0, 0, 1100000, 1100000
2015, RAJASTHAN, 8, BARMER, 81, DHORIMANNA, 1190, Jambhaji Ka Mandir, 262838, 1162275, Total, 0, 0, 0, 0, 0, 0, 2144192, 2144192
2015, RAJASTHAN, 8, BARMER, 81, DHORIMANNA, 1190, KHARI, 35098, 1161557, Administrative & Technical Support, 0, 0, 0, 0, 0, 0, 16259, 16259
2015, RAJASTHAN, 8, BARMER, 81, DHORIMANNA, 1190, KHARI, 35098, 1161557, Drinking water, 0, 0, 0, 0, 0, 0, 2110000, 2110000
2015, RAJASTHAN, 8, BARMER, 81, DHORIMANNA, 1190, KHARI, 35098, 1161557, Education, 0, 0, 0, 0, 0, 0, 700000, 700000
2015, RAJASTHAN, 8, BARMER, 81, DHORIMANNA, 1190, KHARI, 35098, 1161557, Public distribution system, 0, 0, 0, 0, 0, 0, 35000, 35000
2015, RAJASTHAN, 8, BARMER, 81, DHORIMANNA, 1190, KHARI, 35098, 1161557, Sanitation, 0, 0, 0, 0, 0, 0, 100000, 100000
2015, RAJASTHAN, 8, BARMER, 81, DHORIMANNA, 1190, KHARI, 35098, 1161557, Total, 0, 0, 0, 0, 0, 0, 2961259, 2961259
2015, RAJASTHAN, 8, BARMER, 81, DHORIMANNA, 1190, KOJA, 35100, 1162822, Drinking water, 0, 0, 0, 0, 0, 0, 1260000, 1260000
2015, RAJASTHAN, 8, BARMER, 81, DHORIMANNA, 1190, KOJA, 35100, 1162822, Education, 0, 0, 0, 0, 0, 0, 200000, 200000
2015, RAJASTHAN, 8, BARMER, 81, DHORIMANNA, 1190, KOJA, 35100, 1162822, Roads, 0, 0, 0, 0, 0, 0, 1996411, 1996411
2015, RAJASTHAN, 8, BARMER, 81, DHORIMANNA, 1190, KOJA, 35100, 1162822, Sanitation, 0, 0, 0, 0, 0, 0, 150000, 150000
2015, RAJASTHAN, 8, BARMER, 81, DHORIMANNA, 1190, KOJA, 35100, 1162822, Total, 0, 0, 0, 0, 0, 0, 3606411, 3606411
2015, RAJASTHAN, 8, BARMER, 81, DHORIMANNA, 1190, Khume Ki Beri, 262844, 1162012, Drinking water, 0, 0, 0, 0, 0, 0, 400000, 400000
2015, RAJASTHAN, 8, BARMER, 81, DHORIMANNA, 1190, Khume Ki Beri, 262844, 1162012, Education, 0, 0, 0, 0, 0, 0, 1000000, 1000000
2015, RAJASTHAN, 8, BARMER, 81, DHORIMANNA, 1190, Khume Ki Beri, 262844, 1162012, Public distribution system, 0, 0, 0, 0, 0, 0, 1629170, 1629170
2015, RAJASTHAN, 8, BARMER, 81, DHORIMANNA, 1190, Khume Ki Beri, 262844, 1162012, Total, 0, 0, 0, 0, 0, 0, 3029170, 3029170
2015, RAJASTHAN, 8, BARMER, 81, DHORIMANNA, 1190, Koliyana, 262822, 1162008, Administrative & Technical Support, 0, 0, 0, 0, 0, 0, 1568, 1568
2015, RAJASTHAN, 8, BARMER, 81, DHORIMANNA, 1190, Koliyana, 262822, 1162008, Drinking water, 0, 0, 0, 0, 0, 0, 560000, 560000
2015, RAJASTHAN, 8, BARMER, 81, DHORIMANNA, 1190, Koliyana, 262822, 1162008, Roads, 0, 0, 0, 0, 0, 0, 1830000, 1830000
2015, RAJASTHAN, 8, BARMER, 81, DHORIMANNA, 1190, Koliyana, 262822, 1162008, Total, 0, 0, 0, 0, 0, 0, 2391568, 2391568
2015, RAJASTHAN, 8, BARMER, 81, DHORIMANNA, 1190, LOHARWA, 35101, 1162425, Roads, 0, 0, 0, 0, 0, 0, 3172820, 3172820
2015, RAJASTHAN, 8, BARMER, 81, DHORIMANNA, 1190, LOHARWA, 35101, 1162425, Total, 0, 0, 0, 0, 0, 0, 3172820, 3172820
2015, RAJASTHAN, 8, BARMER, 81, DHORIMANNA, 1190, LOOKHU, 35102, 1162626, Drinking water, 0, 0, 0, 0, 0, 0, 2013435, 2013435
2015, RAJASTHAN, 8, BARMER, 81, DHORIMANNA, 1190, LOOKHU, 35102, 1162626, Education, 0, 0, 0, 0, 0, 0, 500000, 500000
2015, RAJASTHAN, 8, BARMER, 81, DHORIMANNA, 1190, LOOKHU, 35102, 1162626, Maintenance of community system, 0, 0, 0, 0, 0, 0, 383000, 383000
2015, RAJASTHAN, 8, BARMER, 81, DHORIMANNA, 1190, LOOKHU, 35102, 1162626, Sanitation, 0, 0, 0, 0, 0, 0, 500000, 500000
2015, RAJASTHAN, 8, BARMER, 81, DHORIMANNA, 1190, LOOKHU, 35102, 1162626, Total, 0, 0, 0, 0, 0, 0, 3396435, 3396435
2015, RAJASTHAN, 8, BARMER, 81, DHORIMANNA, 1190, MANGTA, 35105, 1162029, Administrative & Technical Support, 0, 0, 0, 0, 0, 0, 50000, 50000
2015, RAJASTHAN, 8, BARMER, 81, DHORIMANNA, 1190, MANGTA, 35105, 1162029, Drinking water, 0, 0, 0, 0, 0, 0, 1307025, 1307025
2015, RAJASTHAN, 8, BARMER, 81, DHORIMANNA, 1190, MANGTA, 35105, 1162029, Education, 0, 0, 0, 0, 0, 0, 700000, 700000
2015, RAJASTHAN, 8, BARMER, 81, DHORIMANNA, 1190, MANGTA, 35105, 1162029, Social welfare, 0, 0, 0, 0, 0, 0, 984913, 984913
2015, RAJASTHAN, 8, BARMER, 81, DHORIMANNA, 1190, MANGTA, 35105, 1162029, Total, 0, 0, 0, 0, 0, 0, 3041938, 3041938
2015, RAJASTHAN, 8, BARMER, 81, DHORIMANNA, 1190, MEETHRA KHURD, 35106, 1162362, Drinking water, 0, 0, 0, 0, 0, 0, 560000, 560000
2015, RAJASTHAN, 8, BARMER, 81, DHORIMANNA, 1190, MEETHRA KHURD, 35106, 1162362, Education, 0, 0, 0, 0, 0, 0, 726000, 726000
2015, RAJASTHAN, 8, BARMER, 81, DHORIMANNA, 1190, MEETHRA KHURD, 35106, 1162362, Public distribution system, 0, 0, 0, 0, 0, 0, 470000, 470000
2015, RAJASTHAN, 8, BARMER, 81, DHORIMANNA, 1190, MEETHRA KHURD, 35106, 1162362, Roads, 0, 0, 0, 0, 0, 0, 1616789, 1616789
2015, RAJASTHAN, 8, BARMER, 81, DHORIMANNA, 1190, MEETHRA KHURD, 35106, 1162362, Total, 0, 0, 0, 0, 0, 0, 3372789, 3372789
2015, RAJASTHAN, 8, BARMER, 81, DHORIMANNA, 1190, MEHLU, 35194, 1162026, Administrative & Technical Support, 0, 0, 0, 0, 0, 0, 37246, 37246
2015, RAJASTHAN, 8, BARMER, 81, DHORIMANNA, 1190, MEHLU, 35194, 1162026, Animal husbandry, 0, 0, 0, 0, 0, 0, 300000, 300000
2015, RAJASTHAN, 8, BARMER, 81, DHORIMANNA, 1190, MEHLU, 35194, 1162026, Drinking water, 0, 0, 0, 0, 0, 0, 1540000, 1540000
2015, RAJASTHAN, 8, BARMER, 81, DHORIMANNA, 1190, MEHLU, 35194, 1162026, Education, 0, 0, 0, 0, 0, 0, 400000, 400000
2015, RAJASTHAN, 8, BARMER, 81, DHORIMANNA, 1190, MEHLU, 35194, 1162026, Roads, 0, 0, 0, 0, 0, 0, 100000, 100000
2015, RAJASTHAN, 8, BARMER, 81, DHORIMANNA, 1190, MEHLU, 35194, 1162026, Sanitation, 0, 0, 0, 0, 0, 0, 300000, 300000
2015, RAJASTHAN, 8, BARMER, 81, DHORIMANNA, 1190, MEHLU, 35194, 1162026, Total, 0, 0, 0, 0, 0, 0, 2677246, 2677246
2015, RAJASTHAN, 8, BARMER, 81, DHORIMANNA, 1190, Meghwalon Ka Tala, 262795, 1162010, Administrative & Technical Support, 0, 0, 0, 0, 0, 0, 278349, 278349
2015, RAJASTHAN, 8, BARMER, 81, DHORIMANNA, 1190, Meghwalon Ka Tala, 262795, 1162010, Drinking water, 0, 0, 0, 0, 0, 0, 1365000, 1365000
2015, RAJASTHAN, 8, BARMER, 81, DHORIMANNA, 1190, Meghwalon Ka Tala, 262795, 1162010, Education, 0, 0, 0, 0, 0, 0, 838116, 838116
2015, RAJASTHAN, 8, BARMER, 81, DHORIMANNA, 1190, Meghwalon Ka Tala, 262795, 1162010, Total, 0, 0, 0, 0, 0, 0, 2481465, 2481465
2015, RAJASTHAN, 8, BARMER, 81, DHORIMANNA, 1190, NEHDI NADI, 35111, 1162148, Administrative & Technical Support, 0, 0, 0, 0, 0, 0, 704869, 704869
2015, RAJASTHAN, 8, BARMER, 81, DHORIMANNA, 1190, NEHDI NADI, 35111, 1162148, Drinking water, 0, 0, 0, 0, 0, 0, 1226000, 1226000
2015, RAJASTHAN, 8, BARMER, 81, DHORIMANNA, 1190, NEHDI NADI, 35111, 1162148, Roads, 0, 0, 0, 0, 0, 0, 394000, 394000
2015, RAJASTHAN, 8, BARMER, 81, DHORIMANNA, 1190, NEHDI NADI, 35111, 1162148, Total, 0, 0, 0, 0, 0, 0, 2324869, 2324869
2015, RAJASTHAN, 8, BARMER, 81, DHORIMANNA, 1190, RANASAR KALLAN, 35114, 1162035, Administrative & Technical Support, 0, 0, 0, 0, 0, 0, 150000, 150000
2015, RAJASTHAN, 8, BARMER, 81, DHORIMANNA, 1190, RANASAR KALLAN, 35114, 1162035, Cultural activities, 0, 0, 0, 0, 0, 0, 1000000, 1000000
2015, RAJASTHAN, 8, BARMER, 81, DHORIMANNA, 1190, RANASAR KALLAN, 35114, 1162035, Drinking water, 0, 0, 0, 0, 0, 0, 1469644, 1469644
2015, RAJASTHAN, 8, BARMER, 81, DHORIMANNA, 1190, RANASAR KALLAN, 35114, 1162035, Health, 0, 0, 0, 0, 0, 0, 70000, 70000
2015, RAJASTHAN, 8, BARMER, 81, DHORIMANNA, 1190, RANASAR KALLAN, 35114, 1162035, Sanitation, 0, 0, 0, 0, 0, 0, 200000, 200000
2015, RAJASTHAN, 8, BARMER, 81, DHORIMANNA, 1190, RANASAR KALLAN, 35114, 1162035, Total, 0, 0, 0, 0, 0, 0, 2889644, 2889644
2015, RAJASTHAN, 8, BARMER, 81, DHORIMANNA, 1190, Rohila, 262840, 1162011, Administrative & Technical Support, 0, 0, 0, 0, 0, 0, 218651, 218651
2015, RAJASTHAN, 8, BARMER, 81, DHORIMANNA, 1190, Rohila, 262840, 1162011, Drinking water, 0, 0, 0, 0, 0, 0, 700000, 700000
2015, RAJASTHAN, 8, BARMER, 81, DHORIMANNA, 1190, Rohila, 262840, 1162011, Education, 0, 0, 0, 0, 0, 0, 1600000, 1600000
2015, RAJASTHAN, 8, BARMER, 81, DHORIMANNA, 1190, Rohila, 262840, 1162011, Public distribution system, 0, 0, 0, 0, 0, 0, 100000, 100000
2015, RAJASTHAN, 8, BARMER, 81, DHORIMANNA, 1190, Rohila, 262840, 1162011, Total, 0, 0, 0, 0, 0, 0, 2618651, 2618651
2015, RAJASTHAN, 8, BARMER, 81, DHORIMANNA, 1190, SOBHALA JETMAL, 35211, 1162039, Cultural activities, 0, 0, 0, 0, 0, 0, 250000, 250000
2015, RAJASTHAN, 8, BARMER, 81, DHORIMANNA, 1190, SOBHALA JETMAL, 35211, 1162039, Drinking water, 0, 0, 0, 0, 0, 0, 1765000, 1765000
2015, RAJASTHAN, 8, BARMER, 81, DHORIMANNA, 1190, SOBHALA JETMAL, 35211, 1162039, Education, 0, 0, 0, 0, 0, 0, 409000, 409000
2015, RAJASTHAN, 8, BARMER, 81, DHORIMANNA, 1190, SOBHALA JETMAL, 35211, 1162039, Roads, 0, 0, 0, 0, 0, 0, 276769, 276769
2015, RAJASTHAN, 8, BARMER, 81, DHORIMANNA, 1190, SOBHALA JETMAL, 35211, 1162039, Sanitation, 0, 0, 0, 0, 0, 0, 450000, 450000
2015, RAJASTHAN, 8, BARMER, 81, DHORIMANNA, 1190, SOBHALA JETMAL, 35211, 1162039, Total, 0, 0, 0, 0, 0, 0, 3150769, 3150769
2015, RAJASTHAN, 8, BARMER, 81, DHORIMANNA, 1190, SUDABERI, 35119, 1162031, Drinking water, 0, 0, 0, 0, 0, 0, 1822749, 1822749
2015, RAJASTHAN, 8, BARMER, 81, DHORIMANNA, 1190, SUDABERI, 35119, 1162031, Education, 0, 0, 0, 0, 0, 0, 437000, 437000
2015, RAJASTHAN, 8, BARMER, 81, DHORIMANNA, 1190, SUDABERI, 35119, 1162031, Roads, 0, 0, 0, 0, 0, 0, 776769, 776769
2015, RAJASTHAN, 8, BARMER, 81, DHORIMANNA, 1190, SUDABERI, 35119, 1162031, Sanitation, 0, 0, 0, 0, 0, 0, 130000, 130000
2015, RAJASTHAN, 8, BARMER, 81, DHORIMANNA, 1190, SUDABERI, 35119, 1162031, Total, 0, 0, 0, 0, 0, 0, 3166518, 3166518
2015, RAJASTHAN, 8, BARMER, 81, DHORIMANNA, 1190, UDASAR, 35120, 1162090, Drinking water, 0, 0, 0, 0, 0, 0, 960000, 960000
2015, RAJASTHAN, 8, BARMER, 81, DHORIMANNA, 1190, UDASAR, 35120, 1162090, Education, 0, 0, 0, 0, 0, 0, 3418632, 3418632
2015, RAJASTHAN, 8, BARMER, 81, DHORIMANNA, 1190, UDASAR, 35120, 1162090, Total, 0, 0, 0, 0, 0, 0, 4378632, 4378632
2015, RAJASTHAN, 8, BARMER, 81, GADRA ROAD, 262776, AASARI, 35123, 1182252, Cultural activities, 0, 0, 0, 0, 0, 0, 300000, 300000
2015, RAJASTHAN, 8, BARMER, 81, GADRA ROAD, 262776, AASARI, 35123, 1182252, Drinking water, 0, 0, 0, 0, 0, 0, 1810000, 1810000
2015, RAJASTHAN, 8, BARMER, 81, GADRA ROAD, 262776, AASARI, 35123, 1182252, Rural housing, 0, 0, 0, 0, 0, 0, 520015, 520015
2015, RAJASTHAN, 8, BARMER, 81, GADRA ROAD, 262776, AASARI, 35123, 1182252, Total, 0, 0, 0, 0, 0, 0, 2630015, 2630015
2015, RAJASTHAN, 8, BARMER, 81, GADRA ROAD, 262776, BALEWA, 35125, 1164094, Administrative & Technical Support, 0, 0, 0, 0, 0, 0, 118311, 118311
2015, RAJASTHAN, 8, BARMER, 81, GADRA ROAD, 262776, BALEWA, 35125, 1164094, Drinking water, 0, 0, 0, 0, 0, 0, 710000, 710000
2015, RAJASTHAN, 8, BARMER, 81, GADRA ROAD, 262776, BALEWA, 35125, 1164094, Roads, 0, 0, 0, 0, 0, 0, 1000000, 1000000
2015, RAJASTHAN, 8, BARMER, 81, GADRA ROAD, 262776, BALEWA, 35125, 1164094, Rural electrification, 0, 0, 0, 0, 0, 0, 65000, 65000
2015, RAJASTHAN, 8, BARMER, 81, GADRA ROAD, 262776, BALEWA, 35125, 1164094, Sanitation, 0, 0, 0, 0, 0, 0, 450000, 450000
2015, RAJASTHAN, 8, BARMER, 81, GADRA ROAD, 262776, BALEWA, 35125, 1164094, Social forestry and farm forestry, 0, 0, 0, 0, 0, 0, 250000, 250000
2015, RAJASTHAN, 8, BARMER, 81, GADRA ROAD, 262776, BALEWA, 35125, 1164094, Total, 0, 0, 0, 0, 0, 0, 2593311, 2593311
2015, RAJASTHAN, 8, BARMER, 81, GADRA ROAD, 262776, BANDHARA, 35126, 1195701, Drinking water, 0, 0, 0, 0, 0, 0, 1848728, 1848728
2015, RAJASTHAN, 8, BARMER, 81, GADRA ROAD, 262776, BANDHARA, 35126, 1195701, Rural electrification, 0, 0, 0, 0, 0, 0, 27068, 27068
2015, RAJASTHAN, 8, BARMER, 81, GADRA ROAD, 262776, BANDHARA, 35126, 1195701, Rural housing, 0, 0, 0, 0, 0, 0, 170000, 170000
2015, RAJASTHAN, 8, BARMER, 81, GADRA ROAD, 262776, BANDHARA, 35126, 1195701, Sanitation, 0, 0, 0, 0, 0, 0, 106000, 106000
2015, RAJASTHAN, 8, BARMER, 81, GADRA ROAD, 262776, BANDHARA, 35126, 1195701, Total, 0, 0, 0, 0, 0, 0, 2151796, 2151796
2015, RAJASTHAN, 8, BARMER, 81, GADRA ROAD, 262776, BEEJAWAL, 35128, 1206302, Drinking water, 0, 0, 0, 0, 0, 0, 2100000, 2100000
2015, RAJASTHAN, 8, BARMER, 81, GADRA ROAD, 262776, BEEJAWAL, 35128, 1206302, Sanitation, 0, 0, 0, 0, 0, 0, 101947, 101947
2015, RAJASTHAN, 8, BARMER, 81, GADRA ROAD, 262776, BEEJAWAL, 35128, 1206302, Total, 0, 0, 0, 0, 0, 0, 2201947, 2201947
2015, RAJASTHAN, 8, BARMER, 81, GADRA ROAD, 262776, Bandasar, 262407, 1206295, Drinking water, 0, 0, 0, 0, 0, 0, 1850000, 1850000
2015, RAJASTHAN, 8, BARMER, 81, GADRA ROAD, 262776, Bandasar, 262407, 1206295, Sanitation, 0, 0, 0, 0, 0, 0, 311822, 311822
2015, RAJASTHAN, 8, BARMER, 81, GADRA ROAD, 262776, Bandasar, 262407, 1206295, Total, 0, 0, 0, 0, 0, 0, 2161822, 2161822
2015, RAJASTHAN, 8, BARMER, 81, GADRA ROAD, 262776, CHETRODI, 35130, 1205211, Drinking water, 0, 0, 0, 0, 0, 0, 1800000, 1800000
2015, RAJASTHAN, 8, BARMER, 81, GADRA ROAD, 262776, CHETRODI, 35130, 1205211, Rural electrification, 0, 0, 0, 0, 0, 0, 54527, 54527
2015, RAJASTHAN, 8, BARMER, 81, GADRA ROAD, 262776, CHETRODI, 35130, 1205211, Sanitation, 0, 0, 0, 0, 0, 0, 123090, 123090
2015, RAJASTHAN, 8, BARMER, 81, GADRA ROAD, 262776, CHETRODI, 35130, 1205211, Total, 0, 0, 0, 0, 0, 0, 1977617, 1977617
2015, RAJASTHAN, 8, BARMER, 81, GADRA ROAD, 262776, GADRA ROAD, 35133, 1207947, Drinking water, 0, 0, 0, 0, 0, 0, 4905000, 4905000
2015, RAJASTHAN, 8, BARMER, 81, GADRA ROAD, 262776, GADRA ROAD, 35133, 1207947, Rural housing, 0, 0, 0, 0, 0, 0, 99792, 99792
2015, RAJASTHAN, 8, BARMER, 81, GADRA ROAD, 262776, GADRA ROAD, 35133, 1207947, Sanitation, 0, 0, 0, 0, 0, 0, 35000, 35000
2015, RAJASTHAN, 8, BARMER, 81, GADRA ROAD, 262776, GADRA ROAD, 35133, 1207947, Total, 0, 0, 0, 0, 0, 0, 5039792, 5039792
2015, RAJASTHAN, 8, BARMER, 81, GADRA ROAD, 262776, GIRAB, 35134, 1182102, Cultural activities, 0, 0, 0, 0, 0, 0, 100000, 100000
2015, RAJASTHAN, 8, BARMER, 81, GADRA ROAD, 262776, GIRAB, 35134, 1182102, Drinking water, 0, 0, 0, 0, 0, 0, 1650000, 1650000
2015, RAJASTHAN, 8, BARMER, 81, GADRA ROAD, 262776, GIRAB, 35134, 1182102, Rural housing, 0, 0, 0, 0, 0, 0, 272157, 272157
2015, RAJASTHAN, 8, BARMER, 81, GADRA ROAD, 262776, GIRAB, 35134, 1182102, Sanitation, 0, 0, 0, 0, 0, 0, 50000, 50000
2015, RAJASTHAN, 8, BARMER, 81, GADRA ROAD, 262776, GIRAB, 35134, 1182102, Social forestry and farm forestry, 0, 0, 0, 0, 0, 0, 100000, 100000
2015, RAJASTHAN, 8, BARMER, 81, GADRA ROAD, 262776, GIRAB, 35134, 1182102, Total, 0, 0, 0, 0, 0, 0, 2172157, 2172157
2015, RAJASTHAN, 8, BARMER, 81, GADRA ROAD, 262776, HARSANI, 35136, 1193313, Drinking water, 0, 0, 0, 0, 0, 0, 1650000, 1650000
2015, RAJASTHAN, 8, BARMER, 81, GADRA ROAD, 262776, HARSANI, 35136, 1193313, Education, 0, 0, 0, 0, 0, 0, 400000, 400000
2015, RAJASTHAN, 8, BARMER, 81, GADRA ROAD, 262776, HARSANI, 35136, 1193313, Maintenance of community system, 0, 0, 0, 0, 0, 0, 250000, 250000
2015, RAJASTHAN, 8, BARMER, 81, GADRA ROAD, 262776, HARSANI, 35136, 1193313, Sanitation, 0, 0, 0, 0, 0, 0, 369024, 369024
2015, RAJASTHAN, 8, BARMER, 81, GADRA ROAD, 262776, HARSANI, 35136, 1193313, Social welfare, 0, 0, 0, 0, 0, 0, 550000, 550000
2015, RAJASTHAN, 8, BARMER, 81, GADRA ROAD, 262776, HARSANI, 35136, 1193313, Total, 0, 0, 0, 0, 0, 0, 3219024, 3219024
2015, RAJASTHAN, 8, BARMER, 81, GADRA ROAD, 262776, JAISINDHAR GAON, 35138, 1182001, Cultural activities, 0, 0, 0, 0, 0, 0, 150000, 150000
2015, RAJASTHAN, 8, BARMER, 81, GADRA ROAD, 262776, JAISINDHAR GAON, 35138, 1182001, Drinking water, 0, 0, 0, 0, 0, 0, 2350000, 2350000
2015, RAJASTHAN, 8, BARMER, 81, GADRA ROAD, 262776, JAISINDHAR GAON, 35138, 1182001, Roads, 0, 0, 0, 0, 0, 0, 224000, 224000
2015, RAJASTHAN, 8, BARMER, 81, GADRA ROAD, 262776, JAISINDHAR GAON, 35138, 1182001, Total, 0, 0, 0, 0, 0, 0, 2724000, 2724000
2015, RAJASTHAN, 8, BARMER, 81, GADRA ROAD, 262776, JAISINDHAR STATION, 35139, 1195677, Drinking water, 0, 0, 0, 0, 0, 0, 1300000, 1300000
2015, RAJASTHAN, 8, BARMER, 81, GADRA ROAD, 262776, JAISINDHAR STATION, 35139, 1195677, Total, 0, 0, 0, 0, 0, 0, 1300000, 1300000
2015, RAJASTHAN, 8, BARMER, 81, GADRA ROAD, 262776, JHANKALI, 35140, 1182190, Drinking water, 0, 0, 0, 0, 0, 0, 2460000, 2460000
2015, RAJASTHAN, 8, BARMER, 81, GADRA ROAD, 262776, JHANKALI, 35140, 1182190, Rural housing, 0, 0, 0, 0, 0, 0, 62786, 62786
2015, RAJASTHAN, 8, BARMER, 81, GADRA ROAD, 262776, JHANKALI, 35140, 1182190, Sanitation, 0, 0, 0, 0, 0, 0, 245000, 245000
2015, RAJASTHAN, 8, BARMER, 81, GADRA ROAD, 262776, JHANKALI, 35140, 1182190, Total, 0, 0, 0, 0, 0, 0, 2767786, 2767786
2015, RAJASTHAN, 8, BARMER, 81, GADRA ROAD, 262776, KHABDALA, 35144, 1195202, Drinking water, 0, 0, 0, 0, 0, 0, 2050000, 2050000
2015, RAJASTHAN, 8, BARMER, 81, GADRA ROAD, 262776, KHABDALA, 35144, 1195202, Rural electrification, 0, 0, 0, 0, 0, 0, 18095, 18095
2015, RAJASTHAN, 8, BARMER, 81, GADRA ROAD, 262776, KHABDALA, 35144, 1195202, Rural housing, 0, 0, 0, 0, 0, 0, 10179, 10179
2015, RAJASTHAN, 8, BARMER, 81, GADRA ROAD, 262776, KHABDALA, 35144, 1195202, Sanitation, 0, 0, 0, 0, 0, 0, 210000, 210000
2015, RAJASTHAN, 8, BARMER, 81, GADRA ROAD, 262776, KHABDALA, 35144, 1195202, Total, 0, 0, 0, 0, 0, 0, 2288274, 2288274
2015, RAJASTHAN, 8, BARMER, 81, GADRA ROAD, 262776, KHALIFE KI BAORI, 35145, 1180055, Cultural activities, 0, 0, 0, 0, 0, 0, 221000, 221000
2015, RAJASTHAN, 8, BARMER, 81, GADRA ROAD, 262776, KHALIFE KI BAORI, 35145, 1180055, Drinking water, 0, 0, 0, 0, 0, 0, 1800000, 1800000
2015, RAJASTHAN, 8, BARMER, 81, GADRA ROAD, 262776, KHALIFE KI BAORI, 35145, 1180055, Rural housing, 0, 0, 0, 0, 0, 0, 39531, 39531
2015, RAJASTHAN, 8, BARMER, 81, GADRA ROAD, 262776, KHALIFE KI BAORI, 35145, 1180055, Total, 0, 0, 0, 0, 0, 0, 2060531, 2060531
2015, RAJASTHAN, 8, BARMER, 81, GADRA ROAD, 262776, KHANIYANI, 35146, 1195644, Drinking water, 0, 0, 0, 0, 0, 0, 1840000, 1840000
2015, RAJASTHAN, 8, BARMER, 81, GADRA ROAD, 262776, KHANIYANI, 35146, 1195644, Rural housing, 0, 0, 0, 0, 0, 0, 271039, 271039
2015, RAJASTHAN, 8, BARMER, 81, GADRA ROAD, 262776, KHANIYANI, 35146, 1195644, Sanitation, 0, 0, 0, 0, 0, 0, 190000, 190000
2015, RAJASTHAN, 8, BARMER, 81, GADRA ROAD, 262776, KHANIYANI, 35146, 1195644, Total, 0, 0, 0, 0, 0, 0, 2301039, 2301039
2015, RAJASTHAN, 8, BARMER, 81, GADRA ROAD, 262776, KHARCHI, 35147, 1185557, Cultural activities, 0, 0, 0, 0, 0, 0, 60000, 60000
2015, RAJASTHAN, 8, BARMER, 81, GADRA ROAD, 262776, KHARCHI, 35147, 1185557, Drinking water, 0, 0, 0, 0, 0, 0, 2071351, 2071351
2015, RAJASTHAN, 8, BARMER, 81, GADRA ROAD, 262776, KHARCHI, 35147, 1185557, Rural housing, 0, 0, 0, 0, 0, 0, 147733, 147733
2015, RAJASTHAN, 8, BARMER, 81, GADRA ROAD, 262776, KHARCHI, 35147, 1185557, Sanitation, 0, 0, 0, 0, 0, 0, 225000, 225000
2015, RAJASTHAN, 8, BARMER, 81, GADRA ROAD, 262776, KHARCHI, 35147, 1185557, Total, 0, 0, 0, 0, 0, 0, 2504084, 2504084
2015, RAJASTHAN, 8, BARMER, 81, GADRA ROAD, 262776, KHUDANI, 262402, 1182087, Drinking water, 0, 0, 0, 0, 0, 0, 1645848, 1645848
2015, RAJASTHAN, 8, BARMER, 81, GADRA ROAD, 262776, KHUDANI, 262402, 1182087, Roads, 0, 0, 0, 0, 0, 0, 100000, 100000
2015, RAJASTHAN, 8, BARMER, 81, GADRA ROAD, 262776, KHUDANI, 262402, 1182087, Rural housing, 0, 0, 0, 0, 0, 0, 173407, 173407
2015, RAJASTHAN, 8, BARMER, 81, GADRA ROAD, 262776, KHUDANI, 262402, 1182087, Total, 0, 0, 0, 0, 0, 0, 1919255, 1919255
2015, RAJASTHAN, 8, BARMER, 81, GADRA ROAD, 262776, PHOGERA, 35153, 1207922, Drinking water, 0, 0, 0, 0, 0, 0, 2151947, 2151947
2015, RAJASTHAN, 8, BARMER, 81, GADRA ROAD, 262776, PHOGERA, 35153, 1207922, Rural housing, 0, 0, 0, 0, 0, 0, 195903, 195903
2015, RAJASTHAN, 8, BARMER, 81, GADRA ROAD, 262776, PHOGERA, 35153, 1207922, Total, 0, 0, 0, 0, 0, 0, 2347850, 2347850
2015, RAJASTHAN, 8, BARMER, 81, GADRA ROAD, 262776, RANASAR, 35156, 1183691, Cultural activities, 0, 0, 0, 0, 0, 0, 20000, 20000
2015, RAJASTHAN, 8, BARMER, 81, GADRA ROAD, 262776, RANASAR, 35156, 1183691, Drinking water, 0, 0, 0, 0, 0, 0, 1950000, 1950000
2015, RAJASTHAN, 8, BARMER, 81, GADRA ROAD, 262776, RANASAR, 35156, 1183691, Rural housing, 0, 0, 0, 0, 0, 0, 450181, 450181
2015, RAJASTHAN, 8, BARMER, 81, GADRA ROAD, 262776, RANASAR, 35156, 1183691, Total, 0, 0, 0, 0, 0, 0, 2420181, 2420181
2015, RAJASTHAN, 8, BARMER, 81, GADRA ROAD, 262776, RAVATSAR, 262872, 1182278, Drinking water, 0, 0, 0, 0, 0, 0, 1000000, 1000000
2015, RAJASTHAN, 8, BARMER, 81, GADRA ROAD, 262776, RAVATSAR, 262872, 1182278, Rural housing, 0, 0, 0, 0, 0, 0, 1015861, 1015861
2015, RAJASTHAN, 8, BARMER, 81, GADRA ROAD, 262776, RAVATSAR, 262872, 1182278, Sanitation, 0, 0, 0, 0, 0, 0, 49000, 49000
2015, RAJASTHAN, 8, BARMER, 81, GADRA ROAD, 262776, RAVATSAR, 262872, 1182278, Total, 0, 0, 0, 0, 0, 0, 2064861, 2064861
2015, RAJASTHAN, 8, BARMER, 81, GADRA ROAD, 262776, REDANA, 35157, 1182572, Cultural activities, 0, 0, 0, 0, 0, 0, 100000, 100000
2015, RAJASTHAN, 8, BARMER, 81, GADRA ROAD, 262776, REDANA, 35157, 1182572, Drinking water, 0, 0, 0, 0, 0, 0, 800000, 800000
2015, RAJASTHAN, 8, BARMER, 81, GADRA ROAD, 262776, REDANA, 35157, 1182572, Rural housing, 0, 0, 0, 0, 0, 0, 1116261, 1116261
2015, RAJASTHAN, 8, BARMER, 81, GADRA ROAD, 262776, REDANA, 35157, 1182572, Sanitation, 0, 0, 0, 0, 0, 0, 700000, 700000
2015, RAJASTHAN, 8, BARMER, 81, GADRA ROAD, 262776, REDANA, 35157, 1182572, Total, 0, 0, 0, 0, 0, 0, 2716261, 2716261
2015, RAJASTHAN, 8, BARMER, 81, GADRA ROAD, 262776, ROHIDI, 35158, 1179559, Drinking water, 0, 0, 0, 0, 0, 0, 950000, 950000
2015, RAJASTHAN, 8, BARMER, 81, GADRA ROAD, 262776, ROHIDI, 35158, 1179559, Rural housing, 0, 0, 0, 0, 0, 0, 200000, 200000
2015, RAJASTHAN, 8, BARMER, 81, GADRA ROAD, 262776, ROHIDI, 35158, 1179559, Total, 0, 0, 0, 0, 0, 0, 1150000, 1150000
2015, RAJASTHAN, 8, BARMER, 81, GADRA ROAD, 262776, Ratreri kalan, 262442, 1182616, Cultural activities, 0, 0, 0, 0, 0, 0, 3062, 3062
2015, RAJASTHAN, 8, BARMER, 81, GADRA ROAD, 262776, Ratreri kalan, 262442, 1182616, Drinking water, 0, 0, 0, 0, 0, 0, 2210000, 2210000
2015, RAJASTHAN, 8, BARMER, 81, GADRA ROAD, 262776, Ratreri kalan, 262442, 1182616, Sanitation, 0, 0, 0, 0, 0, 0, 105000, 105000
2015, RAJASTHAN, 8, BARMER, 81, GADRA ROAD, 262776, Ratreri kalan, 262442, 1182616, Total, 0, 0, 0, 0, 0, 0, 2318062, 2318062
2015, RAJASTHAN, 8, BARMER, 81, GADRA ROAD, 262776, SHAHDAD KA PAR, 35159, 1193285, Drinking water, 0, 0, 0, 0, 0, 0, 1800000, 1800000
2015, RAJASTHAN, 8, BARMER, 81, GADRA ROAD, 262776, SHAHDAD KA PAR, 35159, 1193285, Rural housing, 0, 0, 0, 0, 0, 0, 306510, 306510
2015, RAJASTHAN, 8, BARMER, 81, GADRA ROAD, 262776, SHAHDAD KA PAR, 35159, 1193285, Sanitation, 0, 0, 0, 0, 0, 0, 200000, 200000
2015, RAJASTHAN, 8, BARMER, 81, GADRA ROAD, 262776, SHAHDAD KA PAR, 35159, 1193285, Total, 0, 0, 0, 0, 0, 0, 2306510, 2306510
2015, RAJASTHAN, 8, BARMER, 81, GADRA ROAD, 262776, SUNDRA, 35161, 1166900, Drinking water, 0, 0, 0, 0, 0, 0, 1100000, 1100000
2015, RAJASTHAN, 8, BARMER, 81, GADRA ROAD, 262776, SUNDRA, 35161, 1166900, Roads, 0, 0, 0, 0, 0, 0, 500000, 500000
2015, RAJASTHAN, 8, BARMER, 81, GADRA ROAD, 262776, SUNDRA, 35161, 1166900, Rural housing, 0, 0, 0, 0, 0, 0, 419060, 419060
2015, RAJASTHAN, 8, BARMER, 81, GADRA ROAD, 262776, SUNDRA, 35161, 1166900, Total, 0, 0, 0, 0, 0, 0, 2019060, 2019060
2015, RAJASTHAN, 8, BARMER, 81, GADRA ROAD, 262776, TAMLOR, 35163, 1188957, Drinking water, 0, 0, 0, 0, 0, 0, 2543520, 2543520
2015, RAJASTHAN, 8, BARMER, 81, GADRA ROAD, 262776, TAMLOR, 35163, 1188957, Rural housing, 0, 0, 0, 0, 0, 0, 1011, 1011
2015, RAJASTHAN, 8, BARMER, 81, GADRA ROAD, 262776, TAMLOR, 35163, 1188957, Total, 0, 0, 0, 0, 0, 0, 2544531, 2544531
2015, RAJASTHAN, 8, BARMER, 81, GADRA ROAD, 262776, TANUMAN JI, 35164, 1195716, Drinking water, 0, 0, 0, 0, 0, 0, 2200000, 2200000
2015, RAJASTHAN, 8, BARMER, 81, GADRA ROAD, 262776, TANUMAN JI, 35164, 1195716, Education, 0, 0, 0, 0, 0, 0, 140000, 140000
2015, RAJASTHAN, 8, BARMER, 81, GADRA ROAD, 262776, TANUMAN JI, 35164, 1195716, Rural housing, 0, 0, 0, 0, 0, 0, 610100, 610100
2015, RAJASTHAN, 8, BARMER, 81, GADRA ROAD, 262776, TANUMAN JI, 35164, 1195716, Sanitation, 0, 0, 0, 0, 0, 0, 49459, 49459
2015, RAJASTHAN, 8, BARMER, 81, GADRA ROAD, 262776, TANUMAN JI, 35164, 1195716, Total, 0, 0, 0, 0, 0, 0, 2999559, 2999559
2015, RAJASTHAN, 8, BARMER, 81, GADRA ROAD, 262776, rohidaala, 262469, 1182491, Cultural activities, 0, 0, 0, 0, 0, 0, 67889, 67889
2015, RAJASTHAN, 8, BARMER, 81, GADRA ROAD, 262776, rohidaala, 262469, 1182491, Drinking water, 0, 0, 0, 0, 0, 0, 1940000, 1940000
2015, RAJASTHAN, 8, BARMER, 81, GADRA ROAD, 262776, rohidaala, 262469, 1182491, Rural housing, 0, 0, 0, 0, 0, 0, 59815, 59815
2015, RAJASTHAN, 8, BARMER, 81, GADRA ROAD, 262776, rohidaala, 262469, 1182491, Sanitation, 0, 0, 0, 0, 0, 0, 85000, 85000
2015, RAJASTHAN, 8, BARMER, 81, GADRA ROAD, 262776, rohidaala, 262469, 1182491, Total, 0, 0, 0, 0, 0, 0, 2152704, 2152704
2015, RAJASTHAN, 8, BARMER, 81, GIRA, 262778, CHEEBI, 34986, 1155483, Drinking water, 0, 0, 0, 0, 0, 0, 270000, 270000
2015, RAJASTHAN, 8, BARMER, 81, GIRA, 262778, CHEEBI, 34986, 1155483, Total, 0, 0, 0, 0, 0, 0, 270000, 270000
2015, RAJASTHAN, 8, BARMER, 81, GIRA, 262778, CHIDIYA, 34987, 1155484, Drinking water, 0, 0, 0, 0, 0, 0, 450000, 450000
2015, RAJASTHAN, 8, BARMER, 81, GIRA, 262778, CHIDIYA, 34987, 1155484, Total, 0, 0, 0, 0, 0, 0, 450000, 450000
2015, RAJASTHAN, 8, BARMER, 81, GIRA, 262778, GIRA, 34990, 1155487, Drinking water, 0, 0, 0, 0, 0, 0, 240000, 240000
2015, RAJASTHAN, 8, BARMER, 81, GIRA, 262778, GIRA, 34990, 1155487, Total, 0, 0, 0, 0, 0, 0, 240000, 240000
2015, RAJASTHAN, 8, BARMER, 81, GIRA, 262778, HEERA KI DHANI, 34991, 1155974, Drinking water, 0, 0, 0, 0, 0, 0, 240000, 240000
2015, RAJASTHAN, 8, BARMER, 81, GIRA, 262778, HEERA KI DHANI, 34991, 1155974, Total, 0, 0, 0, 0, 0, 0, 240000, 240000
2015, RAJASTHAN, 8, BARMER, 81, GIRA, 262778, JAJAVA, 34992, 1158111, Drinking water, 0, 0, 0, 0, 0, 0, 300000, 300000
2015, RAJASTHAN, 8, BARMER, 81, GIRA, 262778, JAJAVA, 34992, 1158111, Total, 0, 0, 0, 0, 0, 0, 300000, 300000
2015, RAJASTHAN, 8, BARMER, 81, GIRA, 262778, JAKHARA, 34993, 1158113, Drinking water, 0, 0, 0, 0, 0, 0, 300000, 300000
2015, RAJASTHAN, 8, BARMER, 81, GIRA, 262778, JAKHARA, 34993, 1158113, Total, 0, 0, 0, 0, 0, 0, 300000, 300000
2015, RAJASTHAN, 8, BARMER, 81, GIRA, 262778, KANOR, 34995, 1158263, Drinking water, 0, 0, 0, 0, 0, 0, 300000, 300000
2015, RAJASTHAN, 8, BARMER, 81, GIRA, 262778, KANOR, 34995, 1158263, Total, 0, 0, 0, 0, 0, 0, 300000, 300000
2015, RAJASTHAN, 8, BARMER, 81, GIRA, 262778, KASHUMBLA BHATIYAN, 34997, 1158116, Drinking water, 0, 0, 0, 0, 0, 0, 300000, 300000
2015, RAJASTHAN, 8, BARMER, 81, GIRA, 262778, KASHUMBLA BHATIYAN, 34997, 1158116, Total, 0, 0, 0, 0, 0, 0, 300000, 300000
2015, RAJASTHAN, 8, BARMER, 81, GIRA, 262778, KHARADA BHARAT SINGH, 34999, 1158281, Drinking water, 0, 0, 0, 0, 0, 0, 300000, 300000
2015, RAJASTHAN, 8, BARMER, 81, GIRA, 262778, KHARADA BHARAT SINGH, 34999, 1158281, Total, 0, 0, 0, 0, 0, 0, 300000, 300000
2015, RAJASTHAN, 8, BARMER, 81, GIRA, 262778, KHARAPAR, 35000, 1158285, Drinking water, 0, 0, 0, 0, 0, 0, 300000, 300000
2015, RAJASTHAN, 8, BARMER, 81, GIRA, 262778, KHARAPAR, 35000, 1158285, Health, 0, 0, 0, 0, 0, 0, 500000, 500000
2015, RAJASTHAN, 8, BARMER, 81, GIRA, 262778, KHARAPAR, 35000, 1158285, Total, 0, 0, 0, 0, 0, 0, 800000, 800000
2015, RAJASTHAN, 8, BARMER, 81, GIRA, 262778, KHOKHSAR PASCHIM, 35003, 1158289, Drinking water, 0, 0, 0, 0, 0, 0, 210000, 210000
2015, RAJASTHAN, 8, BARMER, 81, GIRA, 262778, KHOKHSAR PASCHIM, 35003, 1158289, Total, 0, 0, 0, 0, 0, 0, 210000, 210000
2015, RAJASTHAN, 8, BARMER, 81, GIRA, 262778, KHOKHSAR PURV, 262772, 1158292, Drinking water, 0, 0, 0, 0, 0, 0, 210000, 210000
2015, RAJASTHAN, 8, BARMER, 81, GIRA, 262778, KHOKHSAR PURV, 262772, 1158292, Total, 0, 0, 0, 0, 0, 0, 210000, 210000
2015, RAJASTHAN, 8, BARMER, 81, GIRA, 262778, KHOKHSAR, 35002, 1158286, Drinking water, 0, 0, 0, 0, 0, 0, 200000, 200000
2015, RAJASTHAN, 8, BARMER, 81, GIRA, 262778, KHOKHSAR, 35002, 1158286, Sanitation, 0, 0, 0, 0, 0, 0, 100000, 100000
2015, RAJASTHAN, 8, BARMER, 81, GIRA, 262778, KHOKHSAR, 35002, 1158286, Total, 0, 0, 0, 0, 0, 0, 300000, 300000
2015, RAJASTHAN, 8, BARMER, 81, GIRA, 262778, KUMPALIYA, 35006, 1158294, Drinking water, 0, 0, 0, 0, 0, 0, 350000, 350000
2015, RAJASTHAN, 8, BARMER, 81, GIRA, 262778, KUMPALIYA, 35006, 1158294, Total, 0, 0, 0, 0, 0, 0, 350000, 350000
2015, RAJASTHAN, 8, BARMER, 81, GIRA, 262778, LAPUNDARA BARHTHAN, 35007, 1158296, Drinking water, 0, 0, 0, 0, 0, 0, 300000, 300000
2015, RAJASTHAN, 8, BARMER, 81, GIRA, 262778, LAPUNDARA BARHTHAN, 35007, 1158296, Total, 0, 0, 0, 0, 0, 0, 300000, 300000
2015, RAJASTHAN, 8, BARMER, 81, GIRA, 262778, PAREU, 35059, 1158299, Drinking water, 0, 0, 0, 0, 0, 0, 200000, 200000
2015, RAJASTHAN, 8, BARMER, 81, GIRA, 262778, PAREU, 35059, 1158299, Sanitation, 0, 0, 0, 0, 0, 0, 100000, 100000
2015, RAJASTHAN, 8, BARMER, 81, GIRA, 262778, PAREU, 35059, 1158299, Total, 0, 0, 0, 0, 0, 0, 300000, 300000
2015, RAJASTHAN, 8, BARMER, 81, GIRA, 262778, PUNIYO KA TALA, 35014, 1158301, Drinking water, 0, 0, 0, 0, 0, 0, 300000, 300000
2015, RAJASTHAN, 8, BARMER, 81, GIRA, 262778, PUNIYO KA TALA, 35014, 1158301, Total, 0, 0, 0, 0, 0, 0, 300000, 300000
2015, RAJASTHAN, 8, BARMER, 81, GIRA, 262778, RATEU, 35015, 1158306, Drinking water, 0, 0, 0, 0, 0, 0, 200000, 200000
2015, RAJASTHAN, 8, BARMER, 81, GIRA, 262778, RATEU, 35015, 1158306, Sanitation, 0, 0, 0, 0, 0, 0, 100000, 100000
2015, RAJASTHAN, 8, BARMER, 81, GIRA, 262778, RATEU, 35015, 1158306, Total, 0, 0, 0, 0, 0, 0, 300000, 300000
2015, RAJASTHAN, 8, BARMER, 81, GIRA, 262778, SANTRA, 35016, 1158310, Drinking water, 0, 0, 0, 0, 0, 0, 300000, 300000
2015, RAJASTHAN, 8, BARMER, 81, GIRA, 262778, SANTRA, 35016, 1158310, Total, 0, 0, 0, 0, 0, 0, 300000, 300000
2015, RAJASTHAN, 8, BARMER, 81, GIRA, 262778, SAWAU MOOLRAJ, 35017, 1158313, Sanitation, 0, 0, 0, 0, 0, 0, 200000, 200000
2015, RAJASTHAN, 8, BARMER, 81, GIRA, 262778, SAWAU MOOLRAJ, 35017, 1158313, Total, 0, 0, 0, 0, 0, 0, 200000, 200000
2015, RAJASTHAN, 8, BARMER, 81, GIRA, 262778, SAWAU PADAMSINGH, 35018, 1158315, Drinking water, 0, 0, 0, 0, 0, 0, 150000, 150000
2015, RAJASTHAN, 8, BARMER, 81, GIRA, 262778, SAWAU PADAMSINGH, 35018, 1158315, Total, 0, 0, 0, 0, 0, 0, 150000, 150000
2015, RAJASTHAN, 8, BARMER, 81, GIRA, 262778, SHAHAR, 35019, 1158317, Drinking water, 0, 0, 0, 0, 0, 0, 300000, 300000
2015, RAJASTHAN, 8, BARMER, 81, GIRA, 262778, SHAHAR, 35019, 1158317, Total, 0, 0, 0, 0, 0, 0, 300000, 300000
2015, RAJASTHAN, 8, BARMER, 81, GIRA, 262778, SOHADA, 35021, 1158319, Drinking water, 0, 0, 0, 0, 0, 0, 350000, 350000
2015, RAJASTHAN, 8, BARMER, 81, GIRA, 262778, SOHADA, 35021, 1158319, Total, 0, 0, 0, 0, 0, 0, 350000, 350000
2015, RAJASTHAN, 8, BARMER, 81, GUDHAMALANI, 262692, AALPURA, 35074, 1164160, Cultural activities, 0, 0, 0, 0, 0, 0, 500000, 500000
2015, RAJASTHAN, 8, BARMER, 81, GUDHAMALANI, 262692, AALPURA, 35074, 1164160, Drinking water, 0, 0, 0, 0, 0, 0, 1108000, 1108000
2015, RAJASTHAN, 8, BARMER, 81, GUDHAMALANI, 262692, AALPURA, 35074, 1164160, Sanitation, 0, 0, 0, 0, 0, 0, 676000, 676000
2015, RAJASTHAN, 8, BARMER, 81, GUDHAMALANI, 262692, AALPURA, 35074, 1164160, Total, 0, 0, 0, 0, 0, 0, 2284000, 2284000
2015, RAJASTHAN, 8, BARMER, 81, GUDHAMALANI, 262692, Amaliyala, 262786, 1171091, Drinking water, 0, 0, 0, 0, 0, 0, 80000, 80000
2015, RAJASTHAN, 8, BARMER, 81, GUDHAMALANI, 262692, Amaliyala, 262786, 1171091, Sanitation, 0, 0, 0, 0, 0, 0, 500000, 500000
2015, RAJASTHAN, 8, BARMER, 81, GUDHAMALANI, 262692, Amaliyala, 262786, 1171091, Total, 0, 0, 0, 0, 0, 0, 580000, 580000
2015, RAJASTHAN, 8, BARMER, 81, GUDHAMALANI, 262692, BAND, 35168, 1175693, Drinking water, 0, 0, 0, 0, 0, 0, 1400000, 1400000
2015, RAJASTHAN, 8, BARMER, 81, GUDHAMALANI, 262692, BAND, 35168, 1175693, Education, 0, 0, 0, 0, 0, 0, 495000, 495000
2015, RAJASTHAN, 8, BARMER, 81, GUDHAMALANI, 262692, BAND, 35168, 1175693, Sanitation, 0, 0, 0, 0, 0, 0, 200000, 200000
2015, RAJASTHAN, 8, BARMER, 81, GUDHAMALANI, 262692, BAND, 35168, 1175693, Total, 0, 0, 0, 0, 0, 0, 2095000, 2095000
2015, RAJASTHAN, 8, BARMER, 81, GUDHAMALANI, 262692, BANTA, 35078, 1147777, Cultural activities, 0, 0, 0, 0, 0, 0, 27000, 27000
2015, RAJASTHAN, 8, BARMER, 81, GUDHAMALANI, 262692, BANTA, 35078, 1147777, Drinking water, 0, 0, 0, 0, 0, 0, 210000, 210000
2015, RAJASTHAN, 8, BARMER, 81, GUDHAMALANI, 262692, BANTA, 35078, 1147777, Education, 0, 0, 0, 0, 0, 0, 110000, 110000
2015, RAJASTHAN, 8, BARMER, 81, GUDHAMALANI, 262692, BANTA, 35078, 1147777, Family welfare, 0, 0, 0, 0, 0, 0, 96000, 96000
2015, RAJASTHAN, 8, BARMER, 81, GUDHAMALANI, 262692, BANTA, 35078, 1147777, Roads, 0, 0, 0, 0, 0, 0, 193000, 193000
2015, RAJASTHAN, 8, BARMER, 81, GUDHAMALANI, 262692, BANTA, 35078, 1147777, Sanitation, 0, 0, 0, 0, 0, 0, 85000, 85000
2015, RAJASTHAN, 8, BARMER, 81, GUDHAMALANI, 262692, BANTA, 35078, 1147777, Total, 0, 0, 0, 0, 0, 0, 721000, 721000
2015, RAJASTHAN, 8, BARMER, 81, GUDHAMALANI, 262692, BARASAN, 35079, 1147780, Cultural activities, 0, 0, 0, 0, 0, 0, 680000, 680000
2015, RAJASTHAN, 8, BARMER, 81, GUDHAMALANI, 262692, BARASAN, 35079, 1147780, Drinking water, 0, 0, 0, 0, 0, 0, 1847000, 1847000
2015, RAJASTHAN, 8, BARMER, 81, GUDHAMALANI, 262692, BARASAN, 35079, 1147780, Roads, 0, 0, 0, 0, 0, 0, 1100000, 1100000
2015, RAJASTHAN, 8, BARMER, 81, GUDHAMALANI, 262692, BARASAN, 35079, 1147780, Total, 0, 0, 0, 0, 0, 0, 3627000, 3627000
2015, RAJASTHAN, 8, BARMER, 81, GUDHAMALANI, 262692, BERIGAON, 35080, 1147782, Cultural activities, 0, 0, 0, 0, 0, 0, 325000, 325000
2015, RAJASTHAN, 8, BARMER, 81, GUDHAMALANI, 262692, BERIGAON, 35080, 1147782, Drinking water, 0, 0, 0, 0, 0, 0, 2215000, 2215000
2015, RAJASTHAN, 8, BARMER, 81, GUDHAMALANI, 262692, BERIGAON, 35080, 1147782, Education, 0, 0, 0, 0, 0, 0, 750000, 750000
2015, RAJASTHAN, 8, BARMER, 81, GUDHAMALANI, 262692, BERIGAON, 35080, 1147782, Sanitation, 0, 0, 0, 0, 0, 0, 331000, 331000
2015, RAJASTHAN, 8, BARMER, 81, GUDHAMALANI, 262692, BERIGAON, 35080, 1147782, Total, 0, 0, 0, 0, 0, 0, 3621000, 3621000
2015, RAJASTHAN, 8, BARMER, 81, GUDHAMALANI, 262692, BHAKHARPURA, 35081, 1147783, Drinking water, 0, 0, 0, 0, 0, 0, 350000, 350000
2015, RAJASTHAN, 8, BARMER, 81, GUDHAMALANI, 262692, BHAKHARPURA, 35081, 1147783, Roads, 0, 0, 0, 0, 0, 0, 493000, 493000
2015, RAJASTHAN, 8, BARMER, 81, GUDHAMALANI, 262692, BHAKHARPURA, 35081, 1147783, Sanitation, 0, 0, 0, 0, 0, 0, 761000, 761000
2015, RAJASTHAN, 8, BARMER, 81, GUDHAMALANI, 262692, BHAKHARPURA, 35081, 1147783, Total, 0, 0, 0, 0, 0, 0, 1604000, 1604000
2015, RAJASTHAN, 8, BARMER, 81, GUDHAMALANI, 262692, BHEDANA, 35083, 1164162, Drinking water, 0, 0, 0, 0, 0, 0, 490000, 490000
2015, RAJASTHAN, 8, BARMER, 81, GUDHAMALANI, 262692, BHEDANA, 35083, 1164162, Sanitation, 0, 0, 0, 0, 0, 0, 561000, 561000
2015, RAJASTHAN, 8, BARMER, 81, GUDHAMALANI, 262692, BHEDANA, 35083, 1164162, Total, 0, 0, 0, 0, 0, 0, 1051000, 1051000
2015, RAJASTHAN, 8, BARMER, 81, GUDHAMALANI, 262692, CHOTU, 35173, 1164164, Cultural activities, 0, 0, 0, 0, 0, 0, 247000, 247000
2015, RAJASTHAN, 8, BARMER, 81, GUDHAMALANI, 262692, CHOTU, 35173, 1164164, Drinking water, 0, 0, 0, 0, 0, 0, 2265000, 2265000
2015, RAJASTHAN, 8, BARMER, 81, GUDHAMALANI, 262692, CHOTU, 35173, 1164164, Roads, 0, 0, 0, 0, 0, 0, 775000, 775000
2015, RAJASTHAN, 8, BARMER, 81, GUDHAMALANI, 262692, CHOTU, 35173, 1164164, Total, 0, 0, 0, 0, 0, 0, 3287000, 3287000
2015, RAJASTHAN, 8, BARMER, 81, GUDHAMALANI, 262692, DHOLANADA, 35177, 1146495, Cultural activities, 0, 0, 0, 0, 0, 0, 975000, 975000
2015, RAJASTHAN, 8, BARMER, 81, GUDHAMALANI, 262692, DHOLANADA, 35177, 1146495, Drinking water, 0, 0, 0, 0, 0, 0, 1080000, 1080000
2015, RAJASTHAN, 8, BARMER, 81, GUDHAMALANI, 262692, DHOLANADA, 35177, 1146495, Education, 0, 0, 0, 0, 0, 0, 2000000, 2000000
2015, RAJASTHAN, 8, BARMER, 81, GUDHAMALANI, 262692, DHOLANADA, 35177, 1146495, Sanitation, 0, 0, 0, 0, 0, 0, 675000, 675000
2015, RAJASTHAN, 8, BARMER, 81, GUDHAMALANI, 262692, DHOLANADA, 35177, 1146495, Total, 0, 0, 0, 0, 0, 0, 4730000, 4730000
2015, RAJASTHAN, 8, BARMER, 81, GUDHAMALANI, 262692, Dabad, 262782, 1164166, Drinking water, 0, 0, 0, 0, 0, 0, 981000, 981000
2015, RAJASTHAN, 8, BARMER, 81, GUDHAMALANI, 262692, Dabad, 262782, 1164166, Sanitation, 0, 0, 0, 0, 0, 0, 245000, 245000
2015, RAJASTHAN, 8, BARMER, 81, GUDHAMALANI, 262692, Dabad, 262782, 1164166, Total, 0, 0, 0, 0, 0, 0, 1226000, 1226000
2015, RAJASTHAN, 8, BARMER, 81, GUDHAMALANI, 262692, Dedawas Jageer, 262787, 1164167, Roads, 0, 0, 0, 0, 0, 0, 757000, 757000
2015, RAJASTHAN, 8, BARMER, 81, GUDHAMALANI, 262692, Dedawas Jageer, 262787, 1164167, Sanitation, 0, 0, 0, 0, 0, 0, 731000, 731000
2015, RAJASTHAN, 8, BARMER, 81, GUDHAMALANI, 262692, Dedawas Jageer, 262787, 1164167, Total, 0, 0, 0, 0, 0, 0, 1488000, 1488000
2015, RAJASTHAN, 8, BARMER, 81, GUDHAMALANI, 262692, GANDHAW KALAN, 35092, 1175685, Drinking water, 0, 0, 0, 0, 0, 0, 1543000, 1543000
2015, RAJASTHAN, 8, BARMER, 81, GUDHAMALANI, 262692, GANDHAW KALAN, 35092, 1175685, Roads, 0, 0, 0, 0, 0, 0, 450000, 450000
2015, RAJASTHAN, 8, BARMER, 81, GUDHAMALANI, 262692, GANDHAW KALAN, 35092, 1175685, Total, 0, 0, 0, 0, 0, 0, 1993000, 1993000
2015, RAJASTHAN, 8, BARMER, 81, GUDHAMALANI, 262692, GOLIYA JETMAL, 35179, 1164170, Cultural activities, 0, 0, 0, 0, 0, 0, 481000, 481000
2015, RAJASTHAN, 8, BARMER, 81, GUDHAMALANI, 262692, GOLIYA JETMAL, 35179, 1164170, Drinking water, 0, 0, 0, 0, 0, 0, 2310000, 2310000
2015, RAJASTHAN, 8, BARMER, 81, GUDHAMALANI, 262692, GOLIYA JETMAL, 35179, 1164170, Total, 0, 0, 0, 0, 0, 0, 2791000, 2791000
2015, RAJASTHAN, 8, BARMER, 81, GUDHAMALANI, 262692, GUDHAMALANI, 35095, 1184433, Cultural activities, 0, 0, 0, 0, 0, 0, 343000, 343000
2015, RAJASTHAN, 8, BARMER, 81, GUDHAMALANI, 262692, GUDHAMALANI, 35095, 1184433, Drinking water, 0, 0, 0, 0, 0, 0, 429000, 429000
2015, RAJASTHAN, 8, BARMER, 81, GUDHAMALANI, 262692, GUDHAMALANI, 35095, 1184433, Roads, 0, 0, 0, 0, 0, 0, 3755000, 3755000
2015, RAJASTHAN, 8, BARMER, 81, GUDHAMALANI, 262692, GUDHAMALANI, 35095, 1184433, Sanitation, 0, 0, 0, 0, 0, 0, 1881000, 1881000
2015, RAJASTHAN, 8, BARMER, 81, GUDHAMALANI, 262692, GUDHAMALANI, 35095, 1184433, Total, 0, 0, 0, 0, 0, 0, 6408000, 6408000
2015, RAJASTHAN, 8, BARMER, 81, GUDHAMALANI, 262692, KHUDALA, 35188, 1147772, Drinking water, 0, 0, 0, 0, 0, 0, 780000, 780000
2015, RAJASTHAN, 8, BARMER, 81, GUDHAMALANI, 262692, KHUDALA, 35188, 1147772, Roads, 0, 0, 0, 0, 0, 0, 600000, 600000
2015, RAJASTHAN, 8, BARMER, 81, GUDHAMALANI, 262692, KHUDALA, 35188, 1147772, Sanitation, 0, 0, 0, 0, 0, 0, 61000, 61000
2015, RAJASTHAN, 8, BARMER, 81, GUDHAMALANI, 262692, KHUDALA, 35188, 1147772, Total, 0, 0, 0, 0, 0, 0, 1441000, 1441000
2015, RAJASTHAN, 8, BARMER, 81, GUDHAMALANI, 262692, Kharwa, 262836, 1147770, Drinking water, 0, 0, 0, 0, 0, 0, 1512000, 1512000
2015, RAJASTHAN, 8, BARMER, 81, GUDHAMALANI, 262692, Kharwa, 262836, 1147770, Roads, 0, 0, 0, 0, 0, 0, 1325000, 1325000
2015, RAJASTHAN, 8, BARMER, 81, GUDHAMALANI, 262692, Kharwa, 262836, 1147770, Sanitation, 0, 0, 0, 0, 0, 0, 144000, 144000
2015, RAJASTHAN, 8, BARMER, 81, GUDHAMALANI, 262692, Kharwa, 262836, 1147770, Total, 0, 0, 0, 0, 0, 0, 2981000, 2981000
2015, RAJASTHAN, 8, BARMER, 81, GUDHAMALANI, 262692, LUNWA JAGEER, 35103, 1164172, Cultural activities, 0, 0, 0, 0, 0, 0, 999000, 999000
2015, RAJASTHAN, 8, BARMER, 81, GUDHAMALANI, 262692, LUNWA JAGEER, 35103, 1164172, Drinking water, 0, 0, 0, 0, 0, 0, 1008000, 1008000
2015, RAJASTHAN, 8, BARMER, 81, GUDHAMALANI, 262692, LUNWA JAGEER, 35103, 1164172, Sanitation, 0, 0, 0, 0, 0, 0, 483000, 483000
2015, RAJASTHAN, 8, BARMER, 81, GUDHAMALANI, 262692, LUNWA JAGEER, 35103, 1164172, Total, 0, 0, 0, 0, 0, 0, 2490000, 2490000
2015, RAJASTHAN, 8, BARMER, 81, GUDHAMALANI, 262692, MALPURA, 35193, 1196882, Cultural activities, 0, 0, 0, 0, 0, 0, 1500000, 1500000
2015, RAJASTHAN, 8, BARMER, 81, GUDHAMALANI, 262692, MALPURA, 35193, 1196882, Drinking water, 0, 0, 0, 0, 0, 0, 150000, 150000
2015, RAJASTHAN, 8, BARMER, 81, GUDHAMALANI, 262692, MALPURA, 35193, 1196882, Total, 0, 0, 0, 0, 0, 0, 1650000, 1650000
2015, RAJASTHAN, 8, BARMER, 81, GUDHAMALANI, 262692, MANGLE KI BERI, 35104, 1147784, Drinking water, 0, 0, 0, 0, 0, 0, 2971000, 2971000
2015, RAJASTHAN, 8, BARMER, 81, GUDHAMALANI, 262692, MANGLE KI BERI, 35104, 1147784, Total, 0, 0, 0, 0, 0, 0, 2971000, 2971000
2015, RAJASTHAN, 8, BARMER, 81, GUDHAMALANI, 262692, MOKHAWA KHURD, 35107, 1173454, Cultural activities, 0, 0, 0, 0, 0, 0, 350000, 350000
2015, RAJASTHAN, 8, BARMER, 81, GUDHAMALANI, 262692, MOKHAWA KHURD, 35107, 1173454, Drinking water, 0, 0, 0, 0, 0, 0, 1890000, 1890000
2015, RAJASTHAN, 8, BARMER, 81, GUDHAMALANI, 262692, MOKHAWA KHURD, 35107, 1173454, Roads, 0, 0, 0, 0, 0, 0, 500000, 500000
2015, RAJASTHAN, 8, BARMER, 81, GUDHAMALANI, 262692, MOKHAWA KHURD, 35107, 1173454, Total, 0, 0, 0, 0, 0, 0, 2740000, 2740000
2015, RAJASTHAN, 8, BARMER, 81, GUDHAMALANI, 262692, NAGAR, 35108, 1164175, Drinking water, 0, 0, 0, 0, 0, 0, 793000, 793000
2015, RAJASTHAN, 8, BARMER, 81, GUDHAMALANI, 262692, NAGAR, 35108, 1164175, Roads, 0, 0, 0, 0, 0, 0, 2719000, 2719000
2015, RAJASTHAN, 8, BARMER, 81, GUDHAMALANI, 262692, NAGAR, 35108, 1164175, Sanitation, 0, 0, 0, 0, 0, 0, 637000, 637000
2015, RAJASTHAN, 8, BARMER, 81, GUDHAMALANI, 262692, NAGAR, 35108, 1164175, Total, 0, 0, 0, 0, 0, 0, 4149000, 4149000
2015, RAJASTHAN, 8, BARMER, 81, GUDHAMALANI, 262692, NOKHARA, 35197, 1164178, Drinking water, 0, 0, 0, 0, 0, 0, 1740000, 1740000
2015, RAJASTHAN, 8, BARMER, 81, GUDHAMALANI, 262692, NOKHARA, 35197, 1164178, Rural electrification, 0, 0, 0, 0, 0, 0, 500000, 500000
2015, RAJASTHAN, 8, BARMER, 81, GUDHAMALANI, 262692, NOKHARA, 35197, 1164178, Sanitation, 0, 0, 0, 0, 0, 0, 1293000, 1293000
2015, RAJASTHAN, 8, BARMER, 81, GUDHAMALANI, 262692, NOKHARA, 35197, 1164178, Total, 0, 0, 0, 0, 0, 0, 3533000, 3533000
2015, RAJASTHAN, 8, BARMER, 81, GUDHAMALANI, 262692, Naya Nager, 262783, 1164176, Drinking water, 0, 0, 0, 0, 0, 0, 1464000, 1464000
2015, RAJASTHAN, 8, BARMER, 81, GUDHAMALANI, 262692, Naya Nager, 262783, 1164176, Roads, 0, 0, 0, 0, 0, 0, 1000000, 1000000
2015, RAJASTHAN, 8, BARMER, 81, GUDHAMALANI, 262692, Naya Nager, 262783, 1164176, Sanitation, 0, 0, 0, 0, 0, 0, 382000, 382000
2015, RAJASTHAN, 8, BARMER, 81, GUDHAMALANI, 262692, Naya Nager, 262783, 1164176, Total, 0, 0, 0, 0, 0, 0, 2846000, 2846000
2015, RAJASTHAN, 8, BARMER, 81, GUDHAMALANI, 262692, PEEPRALI, 35113, 1164179, Cultural activities, 0, 0, 0, 0, 0, 0, 1710000, 1710000
2015, RAJASTHAN, 8, BARMER, 81, GUDHAMALANI, 262692, PEEPRALI, 35113, 1164179, Drinking water, 0, 0, 0, 0, 0, 0, 3067000, 3067000
2015, RAJASTHAN, 8, BARMER, 81, GUDHAMALANI, 262692, PEEPRALI, 35113, 1164179, Roads, 0, 0, 0, 0, 0, 0, 196000, 196000
2015, RAJASTHAN, 8, BARMER, 81, GUDHAMALANI, 262692, PEEPRALI, 35113, 1164179, Sanitation, 0, 0, 0, 0, 0, 0, 261000, 261000
2015, RAJASTHAN, 8, BARMER, 81, GUDHAMALANI, 262692, PEEPRALI, 35113, 1164179, Total, 0, 0, 0, 0, 0, 0, 5234000, 5234000
2015, RAJASTHAN, 8, BARMER, 81, GUDHAMALANI, 262692, RANASAR KHURD, 35201, 1164181, Cultural activities, 0, 0, 0, 0, 0, 0, 1392000, 1392000
2015, RAJASTHAN, 8, BARMER, 81, GUDHAMALANI, 262692, RANASAR KHURD, 35201, 1164181, Drinking water, 0, 0, 0, 0, 0, 0, 2347000, 2347000
2015, RAJASTHAN, 8, BARMER, 81, GUDHAMALANI, 262692, RANASAR KHURD, 35201, 1164181, Sanitation, 0, 0, 0, 0, 0, 0, 300000, 300000
2015, RAJASTHAN, 8, BARMER, 81, GUDHAMALANI, 262692, RANASAR KHURD, 35201, 1164181, Total, 0, 0, 0, 0, 0, 0, 4039000, 4039000
2015, RAJASTHAN, 8, BARMER, 81, GUDHAMALANI, 262692, RATANPURA, 35115, 1164180, Cultural activities, 0, 0, 0, 0, 0, 0, 1200000, 1200000
2015, RAJASTHAN, 8, BARMER, 81, GUDHAMALANI, 262692, RATANPURA, 35115, 1164180, Drinking water, 0, 0, 0, 0, 0, 0, 318000, 318000
2015, RAJASTHAN, 8, BARMER, 81, GUDHAMALANI, 262692, RATANPURA, 35115, 1164180, Roads, 0, 0, 0, 0, 0, 0, 1216000, 1216000
2015, RAJASTHAN, 8, BARMER, 81, GUDHAMALANI, 262692, RATANPURA, 35115, 1164180, Total, 0, 0, 0, 0, 0, 0, 2734000, 2734000
2015, RAJASTHAN, 8, BARMER, 81, GUDHAMALANI, 262692, Ramji Ka Gol Phanta, 262837, 1196887, Cultural activities, 0, 0, 0, 0, 0, 0, 1500000, 1500000
2015, RAJASTHAN, 8, BARMER, 81, GUDHAMALANI, 262692, Ramji Ka Gol Phanta, 262837, 1196887, Roads, 0, 0, 0, 0, 0, 0, 1000000, 1000000
2015, RAJASTHAN, 8, BARMER, 81, GUDHAMALANI, 262692, Ramji Ka Gol Phanta, 262837, 1196887, Total, 0, 0, 0, 0, 0, 0, 2500000, 2500000
2015, RAJASTHAN, 8, BARMER, 81, GUDHAMALANI, 262692, Roli, 262830, 1164182, Drinking water, 0, 0, 0, 0, 0, 0, 1648000, 1648000
2015, RAJASTHAN, 8, BARMER, 81, GUDHAMALANI, 262692, Roli, 262830, 1164182, Total, 0, 0, 0, 0, 0, 0, 1648000, 1648000
2015, RAJASTHAN, 8, BARMER, 81, GUDHAMALANI, 262692, SINDHASWA HARNIYAN, 35117, 1193177, Cultural activities, 0, 0, 0, 0, 0, 0, 100000, 100000
2015, RAJASTHAN, 8, BARMER, 81, GUDHAMALANI, 262692, SINDHASWA HARNIYAN, 35117, 1193177, Drinking water, 0, 0, 0, 0, 0, 0, 1856000, 1856000
2015, RAJASTHAN, 8, BARMER, 81, GUDHAMALANI, 262692, SINDHASWA HARNIYAN, 35117, 1193177, Roads, 0, 0, 0, 0, 0, 0, 1500000, 1500000
2015, RAJASTHAN, 8, BARMER, 81, GUDHAMALANI, 262692, SINDHASWA HARNIYAN, 35117, 1193177, Sanitation, 0, 0, 0, 0, 0, 0, 630000, 630000
2015, RAJASTHAN, 8, BARMER, 81, GUDHAMALANI, 262692, SINDHASWA HARNIYAN, 35117, 1193177, Total, 0, 0, 0, 0, 0, 0, 4086000, 4086000
2015, RAJASTHAN, 8, BARMER, 81, GUDHAMALANI, 262692, ankhiyan, 262635, 1164161, Drinking water, 0, 0, 0, 0, 0, 0, 1343000, 1343000
2015, RAJASTHAN, 8, BARMER, 81, GUDHAMALANI, 262692, ankhiyan, 262635, 1164161, Sanitation, 0, 0, 0, 0, 0, 0, 161000, 161000
2015, RAJASTHAN, 8, BARMER, 81, GUDHAMALANI, 262692, ankhiyan, 262635, 1164161, Total, 0, 0, 0, 0, 0, 0, 1504000, 1504000
2015, RAJASTHAN, 8, BARMER, 81, KALYANPUR, 262773, ARABA CHOHAN, 34873, 1159374, Maintenance of community system, 0, 0, 0, 0, 0, 0, 1100000, 1100000
2015, RAJASTHAN, 8, BARMER, 81, KALYANPUR, 262773, ARABA CHOHAN, 34873, 1159374, Roads, 0, 0, 0, 0, 0, 0, 1600000, 1600000
2015, RAJASTHAN, 8, BARMER, 81, KALYANPUR, 262773, ARABA CHOHAN, 34873, 1159374, Sanitation, 0, 0, 0, 0, 0, 0, 1050000, 1050000
2015, RAJASTHAN, 8, BARMER, 81, KALYANPUR, 262773, ARABA CHOHAN, 34873, 1159374, Total, 0, 0, 0, 0, 0, 0, 3750000, 3750000
2015, RAJASTHAN, 8, BARMER, 81, KALYANPUR, 262773, BALAU JATI, 34877, 1161192, Drinking water, 0, 0, 0, 0, 0, 0, 1100000, 1100000
2015, RAJASTHAN, 8, BARMER, 81, KALYANPUR, 262773, BALAU JATI, 34877, 1161192, Maintenance of community system, 0, 0, 0, 0, 0, 0, 100000, 100000
2015, RAJASTHAN, 8, BARMER, 81, KALYANPUR, 262773, BALAU JATI, 34877, 1161192, Sanitation, 0, 0, 0, 0, 0, 0, 600000, 600000
2015, RAJASTHAN, 8, BARMER, 81, KALYANPUR, 262773, BALAU JATI, 34877, 1161192, Total, 0, 0, 0, 0, 0, 0, 1900000, 1900000
2015, RAJASTHAN, 8, BARMER, 81, KALYANPUR, 262773, BALAU JATI, 34877, 1161192, Women and child development, 0, 0, 0, 0, 0, 0, 100000, 100000
2015, RAJASTHAN, 8, BARMER, 81, KALYANPUR, 262773, BHANDIYAWAS, 262330, 1160243, Drinking water, 0, 0, 0, 0, 0, 0, 400000, 400000
2015, RAJASTHAN, 8, BARMER, 81, KALYANPUR, 262773, BHANDIYAWAS, 262330, 1160243, Education, 0, 0, 0, 0, 0, 0, 100000, 100000
2015, RAJASTHAN, 8, BARMER, 81, KALYANPUR, 262773, BHANDIYAWAS, 262330, 1160243, Maintenance of community system, 0, 0, 0, 0, 0, 0, 1200000, 1200000
2015, RAJASTHAN, 8, BARMER, 81, KALYANPUR, 262773, BHANDIYAWAS, 262330, 1160243, Roads, 0, 0, 0, 0, 0, 0, 200000, 200000
2015, RAJASTHAN, 8, BARMER, 81, KALYANPUR, 262773, BHANDIYAWAS, 262330, 1160243, Sanitation, 0, 0, 0, 0, 0, 0, 200000, 200000
2015, RAJASTHAN, 8, BARMER, 81, KALYANPUR, 262773, BHANDIYAWAS, 262330, 1160243, Total, 0, 0, 0, 0, 0, 0, 2100000, 2100000
2015, RAJASTHAN, 8, BARMER, 81, KALYANPUR, 262773, CHACHARLAI KALLA, 262306, 1161189, Land improvement, 0, 0, 0, 0, 0, 0, 1300000, 1300000
2015, RAJASTHAN, 8, BARMER, 81, KALYANPUR, 262773, CHACHARLAI KALLA, 262306, 1161189, Maintenance of community system, 0, 0, 0, 0, 0, 0, 1400000, 1400000
2015, RAJASTHAN, 8, BARMER, 81, KALYANPUR, 262773, CHACHARLAI KALLA, 262306, 1161189, Sanitation, 0, 0, 0, 0, 0, 0, 150000, 150000
2015, RAJASTHAN, 8, BARMER, 81, KALYANPUR, 262773, CHACHARLAI KALLA, 262306, 1161189, Total, 0, 0, 0, 0, 0, 0, 2850000, 2850000
2015, RAJASTHAN, 8, BARMER, 81, KALYANPUR, 262773, DEORIYA, 262282, 1161196, Land improvement, 0, 0, 0, 0, 0, 0, 2000000, 2000000
2015, RAJASTHAN, 8, BARMER, 81, KALYANPUR, 262773, DEORIYA, 262282, 1161196, Maintenance of community system, 0, 0, 0, 0, 0, 0, 1750000, 1750000
2015, RAJASTHAN, 8, BARMER, 81, KALYANPUR, 262773, DEORIYA, 262282, 1161196, Total, 0, 0, 0, 0, 0, 0, 3750000, 3750000
2015, RAJASTHAN, 8, BARMER, 81, KALYANPUR, 262773, DHANI SHANKHALA, 34883, 1191291, Drinking water, 0, 0, 0, 0, 0, 0, 100000, 100000
2015, RAJASTHAN, 8, BARMER, 81, KALYANPUR, 262773, DHANI SHANKHALA, 34883, 1191291, Education, 0, 0, 0, 0, 0, 0, 100000, 100000
2015, RAJASTHAN, 8, BARMER, 81, KALYANPUR, 262773, DHANI SHANKHALA, 34883, 1191291, Health, 0, 0, 0, 0, 0, 0, 50000, 50000
2015, RAJASTHAN, 8, BARMER, 81, KALYANPUR, 262773, DHANI SHANKHALA, 34883, 1191291, Maintenance of community system, 0, 0, 0, 0, 0, 0, 600000, 600000
2015, RAJASTHAN, 8, BARMER, 81, KALYANPUR, 262773, DHANI SHANKHALA, 34883, 1191291, Roads, 0, 0, 0, 0, 0, 0, 1080000, 1080000
2015, RAJASTHAN, 8, BARMER, 81, KALYANPUR, 262773, DHANI SHANKHALA, 34883, 1191291, Sanitation, 0, 0, 0, 0, 0, 0, 400000, 400000
2015, RAJASTHAN, 8, BARMER, 81, KALYANPUR, 262773, DHANI SHANKHALA, 34883, 1191291, Total, 0, 0, 0, 0, 0, 0, 2330000, 2330000
2015, RAJASTHAN, 8, BARMER, 81, KALYANPUR, 262773, DOLI KALLA, 34884, 1160263, Drinking water, 0, 0, 0, 0, 0, 0, 420000, 420000
2015, RAJASTHAN, 8, BARMER, 81, KALYANPUR, 262773, DOLI KALLA, 34884, 1160263, Maintenance of community system, 0, 0, 0, 0, 0, 0, 375000, 375000
2015, RAJASTHAN, 8, BARMER, 81, KALYANPUR, 262773, DOLI KALLA, 34884, 1160263, Roads, 0, 0, 0, 0, 0, 0, 500000, 500000
2015, RAJASTHAN, 8, BARMER, 81, KALYANPUR, 262773, DOLI KALLA, 34884, 1160263, Sanitation, 0, 0, 0, 0, 0, 0, 200000, 200000
2015, RAJASTHAN, 8, BARMER, 81, KALYANPUR, 262773, DOLI KALLA, 34884, 1160263, Total, 0, 0, 0, 0, 0, 0, 1495000, 1495000
2015, RAJASTHAN, 8, BARMER, 81, KALYANPUR, 262773, GANGAWAS, 34886, 1161187, Drinking water, 0, 0, 0, 0, 0, 0, 350000, 350000
2015, RAJASTHAN, 8, BARMER, 81, KALYANPUR, 262773, GANGAWAS, 34886, 1161187, Education, 0, 0, 0, 0, 0, 0, 400000, 400000
2015, RAJASTHAN, 8, BARMER, 81, KALYANPUR, 262773, GANGAWAS, 34886, 1161187, Health, 0, 0, 0, 0, 0, 0, 100000, 100000
2015, RAJASTHAN, 8, BARMER, 81, KALYANPUR, 262773, GANGAWAS, 34886, 1161187, Maintenance of community system, 0, 0, 0, 0, 0, 0, 800000, 800000
2015, RAJASTHAN, 8, BARMER, 81, KALYANPUR, 262773, GANGAWAS, 34886, 1161187, Roads, 0, 0, 0, 0, 0, 0, 200000, 200000
2015, RAJASTHAN, 8, BARMER, 81, KALYANPUR, 262773, GANGAWAS, 34886, 1161187, Sanitation, 0, 0, 0, 0, 0, 0, 100000, 100000
2015, RAJASTHAN, 8, BARMER, 81, KALYANPUR, 262773, GANGAWAS, 34886, 1161187, Total, 0, 0, 0, 0, 0, 0, 1950000, 1950000
2015, RAJASTHAN, 8, BARMER, 81, KALYANPUR, 262773, GHAROI CHARNAN, 262287, 1159388, Drinking water, 0, 0, 0, 0, 0, 0, 150000, 150000
2015, RAJASTHAN, 8, BARMER, 81, KALYANPUR, 262773, GHAROI CHARNAN, 262287, 1159388, Maintenance of community system, 0, 0, 0, 0, 0, 0, 1400000, 1400000
2015, RAJASTHAN, 8, BARMER, 81, KALYANPUR, 262773, GHAROI CHARNAN, 262287, 1159388, Sanitation, 0, 0, 0, 0, 0, 0, 180000, 180000
2015, RAJASTHAN, 8, BARMER, 81, KALYANPUR, 262773, GHAROI CHARNAN, 262287, 1159388, Total, 0, 0, 0, 0, 0, 0, 1730000, 1730000
2015, RAJASTHAN, 8, BARMER, 81, KALYANPUR, 262773, GODAWAS, 262315, 1159874, Drinking water, 0, 0, 0, 0, 0, 0, 500000, 500000
2015, RAJASTHAN, 8, BARMER, 81, KALYANPUR, 262773, GODAWAS, 262315, 1159874, Maintenance of community system, 0, 0, 0, 0, 0, 0, 700000, 700000
2015, RAJASTHAN, 8, BARMER, 81, KALYANPUR, 262773, GODAWAS, 262315, 1159874, Total, 0, 0, 0, 0, 0, 0, 1200000, 1200000
2015, RAJASTHAN, 8, BARMER, 81, KALYANPUR, 262773, GWALNADA, 34889, 1161190, Drinking water, 0, 0, 0, 0, 0, 0, 600000, 600000
2015, RAJASTHAN, 8, BARMER, 81, KALYANPUR, 262773, GWALNADA, 34889, 1161190, Education, 0, 0, 0, 0, 0, 0, 250000, 250000
2015, RAJASTHAN, 8, BARMER, 81, KALYANPUR, 262773, GWALNADA, 34889, 1161190, Maintenance of community system, 0, 0, 0, 0, 0, 0, 100000, 100000
2015, RAJASTHAN, 8, BARMER, 81, KALYANPUR, 262773, GWALNADA, 34889, 1161190, Roads, 0, 0, 0, 0, 0, 0, 375000, 375000
2015, RAJASTHAN, 8, BARMER, 81, KALYANPUR, 262773, GWALNADA, 34889, 1161190, Sanitation, 0, 0, 0, 0, 0, 0, 325000, 325000
2015, RAJASTHAN, 8, BARMER, 81, KALYANPUR, 262773, GWALNADA, 34889, 1161190, Total, 0, 0, 0, 0, 0, 0, 1650000, 1650000
2015, RAJASTHAN, 8, BARMER, 81, KALYANPUR, 262773, KALYANPUR, 34894, 1161193, Drinking water, 0, 0, 0, 0, 0, 0, 500000, 500000
2015, RAJASTHAN, 8, BARMER, 81, KALYANPUR, 262773, KALYANPUR, 34894, 1161193, Maintenance of community system, 0, 0, 0, 0, 0, 0, 1350000, 1350000
2015, RAJASTHAN, 8, BARMER, 81, KALYANPUR, 262773, KALYANPUR, 34894, 1161193, Roads, 0, 0, 0, 0, 0, 0, 1300000, 1300000
2015, RAJASTHAN, 8, BARMER, 81, KALYANPUR, 262773, KALYANPUR, 34894, 1161193, Sanitation, 0, 0, 0, 0, 0, 0, 800000, 800000
2015, RAJASTHAN, 8, BARMER, 81, KALYANPUR, 262773, KALYANPUR, 34894, 1161193, Total, 0, 0, 0, 0, 0, 0, 3950000, 3950000
2015, RAJASTHAN, 8, BARMER, 81, KALYANPUR, 262773, KANKRALA, 34896, 1161195, Animal husbandry, 0, 0, 0, 0, 0, 0, 100000, 100000
2015, RAJASTHAN, 8, BARMER, 81, KALYANPUR, 262773, KANKRALA, 34896, 1161195, Drinking water, 0, 0, 0, 0, 0, 0, 195000, 195000
2015, RAJASTHAN, 8, BARMER, 81, KALYANPUR, 262773, KANKRALA, 34896, 1161195, Land improvement, 0, 0, 0, 0, 0, 0, 1350000, 1350000
2015, RAJASTHAN, 8, BARMER, 81, KALYANPUR, 262773, KANKRALA, 34896, 1161195, Maintenance of community system, 0, 0, 0, 0, 0, 0, 100000, 100000
2015, RAJASTHAN, 8, BARMER, 81, KALYANPUR, 262773, KANKRALA, 34896, 1161195, Rural electrification, 0, 0, 0, 0, 0, 0, 100000, 100000
2015, RAJASTHAN, 8, BARMER, 81, KALYANPUR, 262773, KANKRALA, 34896, 1161195, Sanitation, 0, 0, 0, 0, 0, 0, 700000, 700000
2015, RAJASTHAN, 8, BARMER, 81, KALYANPUR, 262773, KANKRALA, 34896, 1161195, Total, 0, 0, 0, 0, 0, 0, 2545000, 2545000
2015, RAJASTHAN, 8, BARMER, 81, KALYANPUR, 262773, KORNA, 34900, 1159816, Drinking water, 0, 0, 0, 0, 0, 0, 450000, 450000
2015, RAJASTHAN, 8, BARMER, 81, KALYANPUR, 262773, KORNA, 34900, 1159816, Maintenance of community system, 0, 0, 0, 0, 0, 0, 50000, 50000
2015, RAJASTHAN, 8, BARMER, 81, KALYANPUR, 262773, KORNA, 34900, 1159816, Roads, 0, 0, 0, 0, 0, 0, 1000000, 1000000
2015, RAJASTHAN, 8, BARMER, 81, KALYANPUR, 262773, KORNA, 34900, 1159816, Rural electrification, 0, 0, 0, 0, 0, 0, 50000, 50000
2015, RAJASTHAN, 8, BARMER, 81, KALYANPUR, 262773, KORNA, 34900, 1159816, Sanitation, 0, 0, 0, 0, 0, 0, 200000, 200000
2015, RAJASTHAN, 8, BARMER, 81, KALYANPUR, 262773, KORNA, 34900, 1159816, Total, 0, 0, 0, 0, 0, 0, 1750000, 1750000
2015, RAJASTHAN, 8, BARMER, 81, KALYANPUR, 262773, KURI, 34901, 1161202, Education, 0, 0, 0, 0, 0, 0, 550000, 550000
2015, RAJASTHAN, 8, BARMER, 81, KALYANPUR, 262773, KURI, 34901, 1161202, Maintenance of community system, 0, 0, 0, 0, 0, 0, 400000, 400000
2015, RAJASTHAN, 8, BARMER, 81, KALYANPUR, 262773, KURI, 34901, 1161202, Roads, 0, 0, 0, 0, 0, 0, 300000, 300000
2015, RAJASTHAN, 8, BARMER, 81, KALYANPUR, 262773, KURI, 34901, 1161202, Rural electrification, 0, 0, 0, 0, 0, 0, 200000, 200000
2015, RAJASTHAN, 8, BARMER, 81, KALYANPUR, 262773, KURI, 34901, 1161202, Sanitation, 0, 0, 0, 0, 0, 0, 1100000, 1100000
2015, RAJASTHAN, 8, BARMER, 81, KALYANPUR, 262773, KURI, 34901, 1161202, Total, 0, 0, 0, 0, 0, 0, 2550000, 2550000
2015, RAJASTHAN, 8, BARMER, 81, KALYANPUR, 262773, MANDLI, 34903, 1161206, Drinking water, 0, 0, 0, 0, 0, 0, 100000, 100000
2015, RAJASTHAN, 8, BARMER, 81, KALYANPUR, 262773, MANDLI, 34903, 1161206, Education, 0, 0, 0, 0, 0, 0, 100000, 100000
2015, RAJASTHAN, 8, BARMER, 81, KALYANPUR, 262773, MANDLI, 34903, 1161206, Land improvement, 0, 0, 0, 0, 0, 0, 600000, 600000
2015, RAJASTHAN, 8, BARMER, 81, KALYANPUR, 262773, MANDLI, 34903, 1161206, Roads, 0, 0, 0, 0, 0, 0, 950000, 950000
2015, RAJASTHAN, 8, BARMER, 81, KALYANPUR, 262773, MANDLI, 34903, 1161206, Sanitation, 0, 0, 0, 0, 0, 0, 100000, 100000
2015, RAJASTHAN, 8, BARMER, 81, KALYANPUR, 262773, MANDLI, 34903, 1161206, Total, 0, 0, 0, 0, 0, 0, 1850000, 1850000
2015, RAJASTHAN, 8, BARMER, 81, KALYANPUR, 262773, MOOL KI DHANI, 34905, 1161208, Drinking water, 0, 0, 0, 0, 0, 0, 500000, 500000
2015, RAJASTHAN, 8, BARMER, 81, KALYANPUR, 262773, MOOL KI DHANI, 34905, 1161208, Maintenance of community system, 0, 0, 0, 0, 0, 0, 1300000, 1300000
2015, RAJASTHAN, 8, BARMER, 81, KALYANPUR, 262773, MOOL KI DHANI, 34905, 1161208, Roads, 0, 0, 0, 0, 0, 0, 1000000, 1000000
2015, RAJASTHAN, 8, BARMER, 81, KALYANPUR, 262773, MOOL KI DHANI, 34905, 1161208, Total, 0, 0, 0, 0, 0, 0, 2800000, 2800000
2015, RAJASTHAN, 8, BARMER, 81, KALYANPUR, 262773, NEWRI, 34909, 1161197, Drinking water, 0, 0, 0, 0, 0, 0, 150000, 150000
2015, RAJASTHAN, 8, BARMER, 81, KALYANPUR, 262773, NEWRI, 34909, 1161197, Roads, 0, 0, 0, 0, 0, 0, 1000000, 1000000
2015, RAJASTHAN, 8, BARMER, 81, KALYANPUR, 262773, NEWRI, 34909, 1161197, Sanitation, 0, 0, 0, 0, 0, 0, 900000, 900000
2015, RAJASTHAN, 8, BARMER, 81, KALYANPUR, 262773, NEWRI, 34909, 1161197, Total, 0, 0, 0, 0, 0, 0, 2050000, 2050000
2015, RAJASTHAN, 8, BARMER, 81, KALYANPUR, 262773, REWADA MAIYA, 34913, 1161198, Education, 0, 0, 0, 0, 0, 0, 700000, 700000
2015, RAJASTHAN, 8, BARMER, 81, KALYANPUR, 262773, REWADA MAIYA, 34913, 1161198, Maintenance of community system, 0, 0, 0, 0, 0, 0, 200000, 200000
2015, RAJASTHAN, 8, BARMER, 81, KALYANPUR, 262773, REWADA MAIYA, 34913, 1161198, Roads, 0, 0, 0, 0, 0, 0, 100000, 100000
2015, RAJASTHAN, 8, BARMER, 81, KALYANPUR, 262773, REWADA MAIYA, 34913, 1161198, Sanitation, 0, 0, 0, 0, 0, 0, 650000, 650000
2015, RAJASTHAN, 8, BARMER, 81, KALYANPUR, 262773, REWADA MAIYA, 34913, 1161198, Total, 0, 0, 0, 0, 0, 0, 1650000, 1650000
2015, RAJASTHAN, 8, BARMER, 81, KALYANPUR, 262773, RORWA KALAN, 262321, 1161199, Drinking water, 0, 0, 0, 0, 0, 0, 325000, 325000
2015, RAJASTHAN, 8, BARMER, 81, KALYANPUR, 262773, RORWA KALAN, 262321, 1161199, Land improvement, 0, 0, 0, 0, 0, 0, 1000000, 1000000
2015, RAJASTHAN, 8, BARMER, 81, KALYANPUR, 262773, RORWA KALAN, 262321, 1161199, Maintenance of community system, 0, 0, 0, 0, 0, 0, 900000, 900000
2015, RAJASTHAN, 8, BARMER, 81, KALYANPUR, 262773, RORWA KALAN, 262321, 1161199, Roads, 0, 0, 0, 0, 0, 0, 100000, 100000
2015, RAJASTHAN, 8, BARMER, 81, KALYANPUR, 262773, RORWA KALAN, 262321, 1161199, Sanitation, 0, 0, 0, 0, 0, 0, 235000, 235000
2015, RAJASTHAN, 8, BARMER, 81, KALYANPUR, 262773, RORWA KALAN, 262321, 1161199, Total, 0, 0, 0, 0, 0, 0, 2560000, 2560000
2015, RAJASTHAN, 8, BARMER, 81, KALYANPUR, 262773, SARWARI, 34918, 1161201, Drinking water, 0, 0, 0, 0, 0, 0, 300000, 300000
2015, RAJASTHAN, 8, BARMER, 81, KALYANPUR, 262773, SARWARI, 34918, 1161201, Education, 0, 0, 0, 0, 0, 0, 200000, 200000
2015, RAJASTHAN, 8, BARMER, 81, KALYANPUR, 262773, SARWARI, 34918, 1161201, Roads, 0, 0, 0, 0, 0, 0, 1100000, 1100000
2015, RAJASTHAN, 8, BARMER, 81, KALYANPUR, 262773, SARWARI, 34918, 1161201, Sanitation, 0, 0, 0, 0, 0, 0, 800000, 800000
2015, RAJASTHAN, 8, BARMER, 81, KALYANPUR, 262773, SARWARI, 34918, 1161201, Total, 0, 0, 0, 0, 0, 0, 2400000, 2400000
2015, RAJASTHAN, 8, BARMER, 81, KALYANPUR, 262773, THOB, 34922, 1160569, Drinking water, 0, 0, 0, 0, 0, 0, 1200000, 1200000
2015, RAJASTHAN, 8, BARMER, 81, KALYANPUR, 262773, THOB, 34922, 1160569, Roads, 0, 0, 0, 0, 0, 0, 1300000, 1300000
2015, RAJASTHAN, 8, BARMER, 81, KALYANPUR, 262773, THOB, 34922, 1160569, Total, 0, 0, 0, 0, 0, 0, 2500000, 2500000
2015, RAJASTHAN, 8, BARMER, 81, KALYANPUR, 262773, THUMBLI, 34923, 1161205, Drinking water, 0, 0, 0, 0, 0, 0, 1075000, 1075000
2015, RAJASTHAN, 8, BARMER, 81, KALYANPUR, 262773, THUMBLI, 34923, 1161205, Health, 0, 0, 0, 0, 0, 0, 450000, 450000
2015, RAJASTHAN, 8, BARMER, 81, KALYANPUR, 262773, THUMBLI, 34923, 1161205, Maintenance of community system, 0, 0, 0, 0, 0, 0, 400000, 400000
2015, RAJASTHAN, 8, BARMER, 81, KALYANPUR, 262773, THUMBLI, 34923, 1161205, Roads, 0, 0, 0, 0, 0, 0, 800000, 800000
2015, RAJASTHAN, 8, BARMER, 81, KALYANPUR, 262773, THUMBLI, 34923, 1161205, Total, 0, 0, 0, 0, 0, 0, 2725000, 2725000
2015, RAJASTHAN, 8, BARMER, 81, KALYANPUR, 262773, UMARLAI, 34925, 1161204, Agriculture, 0, 0, 0, 0, 0, 0, 800000, 800000
2015, RAJASTHAN, 8, BARMER, 81, KALYANPUR, 262773, UMARLAI, 34925, 1161204, Drinking water, 0, 0, 0, 0, 0, 0, 1050000, 1050000
2015, RAJASTHAN, 8, BARMER, 81, KALYANPUR, 262773, UMARLAI, 34925, 1161204, Sanitation, 0, 0, 0, 0, 0, 0, 50000, 50000
2015, RAJASTHAN, 8, BARMER, 81, KALYANPUR, 262773, UMARLAI, 34925, 1161204, Total, 0, 0, 0, 0, 0, 0, 1900000, 1900000
2015, RAJASTHAN, 8, BARMER, 81, PATODI, 262727, BAGAWAS, 34876, 1163098, Drinking water, 0, 0, 0, 0, 0, 0, 470000, 470000
2015, RAJASTHAN, 8, BARMER, 81, PATODI, 262727, BAGAWAS, 34876, 1163098, Roads, 0, 0, 0, 0, 0, 0, 1327000, 1327000
2015, RAJASTHAN, 8, BARMER, 81, PATODI, 262727, BAGAWAS, 34876, 1163098, Sanitation, 0, 0, 0, 0, 0, 0, 2183000, 2183000
2015, RAJASTHAN, 8, BARMER, 81, PATODI, 262727, BAGAWAS, 34876, 1163098, Total, 0, 0, 0, 0, 0, 0, 3980000, 3980000
2015, RAJASTHAN, 8, BARMER, 81, PATODI, 262727, BANIYAWAS, 34878, 1163589, Drinking water, 0, 0, 0, 0, 0, 0, 100000, 100000
2015, RAJASTHAN, 8, BARMER, 81, PATODI, 262727, BANIYAWAS, 34878, 1163589, Maintenance of community system, 0, 0, 0, 0, 0, 0, 1499000, 1499000
2015, RAJASTHAN, 8, BARMER, 81, PATODI, 262727, BANIYAWAS, 34878, 1163589, Roads, 0, 0, 0, 0, 0, 0, 600000, 600000
2015, RAJASTHAN, 8, BARMER, 81, PATODI, 262727, BANIYAWAS, 34878, 1163589, Sanitation, 0, 0, 0, 0, 0, 0, 200000, 200000
2015, RAJASTHAN, 8, BARMER, 81, PATODI, 262727, BANIYAWAS, 34878, 1163589, Total, 0, 0, 0, 0, 0, 0, 2399000, 2399000
2015, RAJASTHAN, 8, BARMER, 81, PATODI, 262727, BARNAWA JAGEER, 34879, 1163133, Drinking water, 0, 0, 0, 0, 0, 0, 655000, 655000
2015, RAJASTHAN, 8, BARMER, 81, PATODI, 262727, BARNAWA JAGEER, 34879, 1163133, Maintenance of community system, 0, 0, 0, 0, 0, 0, 712000, 712000
2015, RAJASTHAN, 8, BARMER, 81, PATODI, 262727, BARNAWA JAGEER, 34879, 1163133, Roads, 0, 0, 0, 0, 0, 0, 800000, 800000
2015, RAJASTHAN, 8, BARMER, 81, PATODI, 262727, BARNAWA JAGEER, 34879, 1163133, Total, 0, 0, 0, 0, 0, 0, 2167000, 2167000
2015, RAJASTHAN, 8, BARMER, 81, PATODI, 262727, BHAGWANPURA, 262270, 1163445, Maintenance of community system, 0, 0, 0, 0, 0, 0, 2193000, 2193000
2015, RAJASTHAN, 8, BARMER, 81, PATODI, 262727, BHAGWANPURA, 262270, 1163445, Total, 0, 0, 0, 0, 0, 0, 2193000, 2193000
2015, RAJASTHAN, 8, BARMER, 81, PATODI, 262727, BHAKARSAR, 262345, 1163504, Drinking water, 0, 0, 0, 0, 0, 0, 1046000, 1046000
2015, RAJASTHAN, 8, BARMER, 81, PATODI, 262727, BHAKARSAR, 262345, 1163504, Maintenance of community system, 0, 0, 0, 0, 0, 0, 1200000, 1200000
2015, RAJASTHAN, 8, BARMER, 81, PATODI, 262727, BHAKARSAR, 262345, 1163504, Sanitation, 0, 0, 0, 0, 0, 0, 200000, 200000
2015, RAJASTHAN, 8, BARMER, 81, PATODI, 262727, BHAKARSAR, 262345, 1163504, Total, 0, 0, 0, 0, 0, 0, 2446000, 2446000
2015, RAJASTHAN, 8, BARMER, 81, PATODI, 262727, CHILANADI, 34882, 1163678, Drinking water, 0, 0, 0, 0, 0, 0, 737000, 737000
2015, RAJASTHAN, 8, BARMER, 81, PATODI, 262727, CHILANADI, 34882, 1163678, Maintenance of community system, 0, 0, 0, 0, 0, 0, 1200000, 1200000
2015, RAJASTHAN, 8, BARMER, 81, PATODI, 262727, CHILANADI, 34882, 1163678, Roads, 0, 0, 0, 0, 0, 0, 185000, 185000
2015, RAJASTHAN, 8, BARMER, 81, PATODI, 262727, CHILANADI, 34882, 1163678, Sanitation, 0, 0, 0, 0, 0, 0, 100000, 100000
2015, RAJASTHAN, 8, BARMER, 81, PATODI, 262727, CHILANADI, 34882, 1163678, Total, 0, 0, 0, 0, 0, 0, 2222000, 2222000
2015, RAJASTHAN, 8, BARMER, 81, PATODI, 262727, DHURGAPURA, 262278, 1163451, Maintenance of community system, 0, 0, 0, 0, 0, 0, 1525000, 1525000
2015, RAJASTHAN, 8, BARMER, 81, PATODI, 262727, DHURGAPURA, 262278, 1163451, Roads, 0, 0, 0, 0, 0, 0, 600000, 600000
2015, RAJASTHAN, 8, BARMER, 81, PATODI, 262727, DHURGAPURA, 262278, 1163451, Total, 0, 0, 0, 0, 0, 0, 2125000, 2125000
2015, RAJASTHAN, 8, BARMER, 81, PATODI, 262727, KALEWA, 34892, 1163495, Drinking water, 0, 0, 0, 0, 0, 0, 1425000, 1425000
2015, RAJASTHAN, 8, BARMER, 81, PATODI, 262727, KALEWA, 34892, 1163495, Maintenance of community system, 0, 0, 0, 0, 0, 0, 50000, 50000
2015, RAJASTHAN, 8, BARMER, 81, PATODI, 262727, KALEWA, 34892, 1163495, Roads, 0, 0, 0, 0, 0, 0, 1000000, 1000000
2015, RAJASTHAN, 8, BARMER, 81, PATODI, 262727, KALEWA, 34892, 1163495, Total, 0, 0, 0, 0, 0, 0, 2475000, 2475000
2015, RAJASTHAN, 8, BARMER, 81, PATODI, 262727, KHANORA, 34897, 1163484, Drinking water, 0, 0, 0, 0, 0, 0, 450000, 450000
2015, RAJASTHAN, 8, BARMER, 81, PATODI, 262727, KHANORA, 34897, 1163484, Maintenance of community system, 0, 0, 0, 0, 0, 0, 1184000, 1184000
2015, RAJASTHAN, 8, BARMER, 81, PATODI, 262727, KHANORA, 34897, 1163484, Roads, 0, 0, 0, 0, 0, 0, 1000000, 1000000
2015, RAJASTHAN, 8, BARMER, 81, PATODI, 262727, KHANORA, 34897, 1163484, Sanitation, 0, 0, 0, 0, 0, 0, 800000, 800000
2015, RAJASTHAN, 8, BARMER, 81, PATODI, 262727, KHANORA, 34897, 1163484, Total, 0, 0, 0, 0, 0, 0, 3434000, 3434000
2015, RAJASTHAN, 8, BARMER, 81, PATODI, 262727, Kesarpura, 262230, 1163473, Drinking water, 0, 0, 0, 0, 0, 0, 949000, 949000
2015, RAJASTHAN, 8, BARMER, 81, PATODI, 262727, Kesarpura, 262230, 1163473, Maintenance of community system, 0, 0, 0, 0, 0, 0, 800000, 800000
2015, RAJASTHAN, 8, BARMER, 81, PATODI, 262727, Kesarpura, 262230, 1163473, Sanitation, 0, 0, 0, 0, 0, 0, 406000, 406000
2015, RAJASTHAN, 8, BARMER, 81, PATODI, 262727, Kesarpura, 262230, 1163473, Total, 0, 0, 0, 0, 0, 0, 2155000, 2155000
2015, RAJASTHAN, 8, BARMER, 81, PATODI, 262727, NAVATALA, 34907, 1162866, Drinking water, 0, 0, 0, 0, 0, 0, 700000, 700000
2015, RAJASTHAN, 8, BARMER, 81, PATODI, 262727, NAVATALA, 34907, 1162866, Education, 0, 0, 0, 0, 0, 0, 399000, 399000
2015, RAJASTHAN, 8, BARMER, 81, PATODI, 262727, NAVATALA, 34907, 1162866, Maintenance of community system, 0, 0, 0, 0, 0, 0, 825000, 825000
2015, RAJASTHAN, 8, BARMER, 81, PATODI, 262727, NAVATALA, 34907, 1162866, Sanitation, 0, 0, 0, 0, 0, 0, 372000, 372000
2015, RAJASTHAN, 8, BARMER, 81, PATODI, 262727, NAVATALA, 34907, 1162866, Total, 0, 0, 0, 0, 0, 0, 2296000, 2296000
2015, RAJASTHAN, 8, BARMER, 81, PATODI, 262727, NAWODA BERA, 34908, 1163662, Drinking water, 0, 0, 0, 0, 0, 0, 1266000, 1266000
2015, RAJASTHAN, 8, BARMER, 81, PATODI, 262727, NAWODA BERA, 34908, 1163662, Maintenance of community system, 0, 0, 0, 0, 0, 0, 142000, 142000
2015, RAJASTHAN, 8, BARMER, 81, PATODI, 262727, NAWODA BERA, 34908, 1163662, Roads, 0, 0, 0, 0, 0, 0, 1102000, 1102000
2015, RAJASTHAN, 8, BARMER, 81, PATODI, 262727, NAWODA BERA, 34908, 1163662, Sanitation, 0, 0, 0, 0, 0, 0, 251000, 251000
2015, RAJASTHAN, 8, BARMER, 81, PATODI, 262727, NAWODA BERA, 34908, 1163662, Total, 0, 0, 0, 0, 0, 0, 2761000, 2761000
2015, RAJASTHAN, 8, BARMER, 81, PATODI, 262727, Nayapura, 262245, 1163219, Administrative & Technical Support, 0, 0, 0, 0, 0, 0, 100000, 100000
2015, RAJASTHAN, 8, BARMER, 81, PATODI, 262727, Nayapura, 262245, 1163219, Drinking water, 0, 0, 0, 0, 0, 0, 780000, 780000
2015, RAJASTHAN, 8, BARMER, 81, PATODI, 262727, Nayapura, 262245, 1163219, Maintenance of community system, 0, 0, 0, 0, 0, 0, 1134000, 1134000
2015, RAJASTHAN, 8, BARMER, 81, PATODI, 262727, Nayapura, 262245, 1163219, Roads, 0, 0, 0, 0, 0, 0, 300000, 300000
2015, RAJASTHAN, 8, BARMER, 81, PATODI, 262727, Nayapura, 262245, 1163219, Total, 0, 0, 0, 0, 0, 0, 2314000, 2314000
2015, RAJASTHAN, 8, BARMER, 81, PATODI, 262727, OKATIYA BERA, 262324, 1163008, Drinking water, 0, 0, 0, 0, 0, 0, 300000, 300000
2015, RAJASTHAN, 8, BARMER, 81, PATODI, 262727, OKATIYA BERA, 262324, 1163008, Maintenance of community system, 0, 0, 0, 0, 0, 0, 1096000, 1096000
2015, RAJASTHAN, 8, BARMER, 81, PATODI, 262727, OKATIYA BERA, 262324, 1163008, Sanitation, 0, 0, 0, 0, 0, 0, 660000, 660000
2015, RAJASTHAN, 8, BARMER, 81, PATODI, 262727, OKATIYA BERA, 262324, 1163008, Total, 0, 0, 0, 0, 0, 0, 2056000, 2056000
2015, RAJASTHAN, 8, BARMER, 81, PATODI, 262727, PATODI, 34912, 1162372, Drinking water, 0, 0, 0, 0, 0, 0, 200000, 200000
2015, RAJASTHAN, 8, BARMER, 81, PATODI, 262727, PATODI, 34912, 1162372, Education, 0, 0, 0, 0, 0, 0, 585000, 585000
2015, RAJASTHAN, 8, BARMER, 81, PATODI, 262727, PATODI, 34912, 1162372, Roads, 0, 0, 0, 0, 0, 0, 708000, 708000
2015, RAJASTHAN, 8, BARMER, 81, PATODI, 262727, PATODI, 34912, 1162372, Sanitation, 0, 0, 0, 0, 0, 0, 932000, 932000
2015, RAJASTHAN, 8, BARMER, 81, PATODI, 262727, PATODI, 34912, 1162372, Total, 0, 0, 0, 0, 0, 0, 2425000, 2425000
2015, RAJASTHAN, 8, BARMER, 81, PATODI, 262727, REENCHHOLI, 262335, 1163707, Drinking water, 0, 0, 0, 0, 0, 0, 893000, 893000
2015, RAJASTHAN, 8, BARMER, 81, PATODI, 262727, REENCHHOLI, 262335, 1163707, Maintenance of community system, 0, 0, 0, 0, 0, 0, 434000, 434000
2015, RAJASTHAN, 8, BARMER, 81, PATODI, 262727, REENCHHOLI, 262335, 1163707, Roads, 0, 0, 0, 0, 0, 0, 800000, 800000
2015, RAJASTHAN, 8, BARMER, 81, PATODI, 262727, REENCHHOLI, 262335, 1163707, Total, 0, 0, 0, 0, 0, 0, 2127000, 2127000
2015, RAJASTHAN, 8, BARMER, 81, PATODI, 262727, SAJIYALI PADAM SINGH, 34914, 1163698, Drinking water, 0, 0, 0, 0, 0, 0, 345000, 345000
2015, RAJASTHAN, 8, BARMER, 81, PATODI, 262727, SAJIYALI PADAM SINGH, 34914, 1163698, Maintenance of community system, 0, 0, 0, 0, 0, 0, 673000, 673000
2015, RAJASTHAN, 8, BARMER, 81, PATODI, 262727, SAJIYALI PADAM SINGH, 34914, 1163698, Roads, 0, 0, 0, 0, 0, 0, 1052000, 1052000
2015, RAJASTHAN, 8, BARMER, 81, PATODI, 262727, SAJIYALI PADAM SINGH, 34914, 1163698, Sanitation, 0, 0, 0, 0, 0, 0, 363000, 363000
2015, RAJASTHAN, 8, BARMER, 81, PATODI, 262727, SAJIYALI PADAM SINGH, 34914, 1163698, Total, 0, 0, 0, 0, 0, 0, 2433000, 2433000
2015, RAJASTHAN, 8, BARMER, 81, PATODI, 262727, SAJIYALI ROOPJI RAJABERI, 34915, 1163054, Maintenance of community system, 0, 0, 0, 0, 0, 0, 2163000, 2163000
2015, RAJASTHAN, 8, BARMER, 81, PATODI, 262727, SAJIYALI ROOPJI RAJABERI, 34915, 1163054, Sanitation, 0, 0, 0, 0, 0, 0, 1200000, 1200000
2015, RAJASTHAN, 8, BARMER, 81, PATODI, 262727, SAJIYALI ROOPJI RAJABERI, 34915, 1163054, Total, 0, 0, 0, 0, 0, 0, 3363000, 3363000
2015, RAJASTHAN, 8, BARMER, 81, PATODI, 262727, SAMBHRA, 34916, 1162288, Drinking water, 0, 0, 0, 0, 0, 0, 295000, 295000
2015, RAJASTHAN, 8, BARMER, 81, PATODI, 262727, SAMBHRA, 34916, 1162288, Education, 0, 0, 0, 0, 0, 0, 389000, 389000
2015, RAJASTHAN, 8, BARMER, 81, PATODI, 262727, SAMBHRA, 34916, 1162288, Public distribution system, 0, 0, 0, 0, 0, 0, 213000, 213000
2015, RAJASTHAN, 8, BARMER, 81, PATODI, 262727, SAMBHRA, 34916, 1162288, Roads, 0, 0, 0, 0, 0, 0, 450000, 450000
2015, RAJASTHAN, 8, BARMER, 81, PATODI, 262727, SAMBHRA, 34916, 1162288, Sanitation, 0, 0, 0, 0, 0, 0, 110000, 110000
2015, RAJASTHAN, 8, BARMER, 81, PATODI, 262727, SAMBHRA, 34916, 1162288, Social welfare, 0, 0, 0, 0, 0, 0, 464000, 464000
2015, RAJASTHAN, 8, BARMER, 81, PATODI, 262727, SAMBHRA, 34916, 1162288, Total, 0, 0, 0, 0, 0, 0, 1921000, 1921000
2015, RAJASTHAN, 8, BARMER, 81, PATODI, 262727, SANGRANADI, 262341, 1162628, Drinking water, 0, 0, 0, 0, 0, 0, 996000, 996000
2015, RAJASTHAN, 8, BARMER, 81, PATODI, 262727, SANGRANADI, 262341, 1162628, Maintenance of community system, 0, 0, 0, 0, 0, 0, 1138000, 1138000
2015, RAJASTHAN, 8, BARMER, 81, PATODI, 262727, SANGRANADI, 262341, 1162628, Total, 0, 0, 0, 0, 0, 0, 2134000, 2134000
2015, RAJASTHAN, 8, BARMER, 81, PATODI, 262727, SIMARKHIYA, 34919, 1163529, Drinking water, 0, 0, 0, 0, 0, 0, 1297000, 1297000
2015, RAJASTHAN, 8, BARMER, 81, PATODI, 262727, SIMARKHIYA, 34919, 1163529, Maintenance of community system, 0, 0, 0, 0, 0, 0, 1176000, 1176000
2015, RAJASTHAN, 8, BARMER, 81, PATODI, 262727, SIMARKHIYA, 34919, 1163529, Roads, 0, 0, 0, 0, 0, 0, 100000, 100000
2015, RAJASTHAN, 8, BARMER, 81, PATODI, 262727, SIMARKHIYA, 34919, 1163529, Total, 0, 0, 0, 0, 0, 0, 2573000, 2573000
2015, RAJASTHAN, 8, BARMER, 81, RAMSAR, 262681, ABHE KA PAR, 262459, 1165610, Drinking water, 0, 0, 0, 0, 0, 0, 2100000, 2100000
2015, RAJASTHAN, 8, BARMER, 81, RAMSAR, 262681, ABHE KA PAR, 262459, 1165610, Total, 0, 0, 0, 0, 0, 0, 2100000, 2100000
2015, RAJASTHAN, 8, BARMER, 81, RAMSAR, 262681, BABUGULERIYA, 34928, 1167960, Drinking water, 0, 0, 0, 0, 0, 0, 1875234, 1875234
2015, RAJASTHAN, 8, BARMER, 81, RAMSAR, 262681, BABUGULERIYA, 34928, 1167960, Total, 0, 0, 0, 0, 0, 0, 1875234, 1875234
2015, RAJASTHAN, 8, BARMER, 81, RAMSAR, 262681, BHACHBHAR, 34932, 1164644, Drinking water, 0, 0, 0, 0, 0, 0, 1154667, 1154667
2015, RAJASTHAN, 8, BARMER, 81, RAMSAR, 262681, BHACHBHAR, 34932, 1164644, Rural housing, 0, 0, 0, 0, 0, 0, 954873, 954873
2015, RAJASTHAN, 8, BARMER, 81, RAMSAR, 262681, BHACHBHAR, 34932, 1164644, Total, 0, 0, 0, 0, 0, 0, 2109540, 2109540
2015, RAJASTHAN, 8, BARMER, 81, RAMSAR, 262681, BHEENDE KA PAR, 34934, 1205373, Drinking water, 0, 0, 0, 0, 0, 0, 1000000, 1000000
2015, RAJASTHAN, 8, BARMER, 81, RAMSAR, 262681, BHEENDE KA PAR, 34934, 1205373, Roads, 0, 0, 0, 0, 0, 0, 800000, 800000
2015, RAJASTHAN, 8, BARMER, 81, RAMSAR, 262681, BHEENDE KA PAR, 34934, 1205373, Rural housing, 0, 0, 0, 0, 0, 0, 200000, 200000
2015, RAJASTHAN, 8, BARMER, 81, RAMSAR, 262681, BHEENDE KA PAR, 34934, 1205373, Total, 0, 0, 0, 0, 0, 0, 2000000, 2000000
2015, RAJASTHAN, 8, BARMER, 81, RAMSAR, 262681, BOOTHIYA, 34937, 2375845, Drinking water, 0, 0, 0, 0, 0, 0, 1022124, 1022124
2015, RAJASTHAN, 8, BARMER, 81, RAMSAR, 262681, BOOTHIYA, 34937, 2375845, Roads, 0, 0, 0, 0, 0, 0, 1011000, 1011000
2015, RAJASTHAN, 8, BARMER, 81, RAMSAR, 262681, BOOTHIYA, 34937, 2375845, Rural housing, 0, 0, 0, 0, 0, 0, 656663, 656663
2015, RAJASTHAN, 8, BARMER, 81, RAMSAR, 262681, BOOTHIYA, 34937, 2375845, Total, 0, 0, 0, 0, 0, 0, 2689787, 2689787
2015, RAJASTHAN, 8, BARMER, 81, RAMSAR, 262681, CHADAR MADRUP, 34938, 1200663, Drinking water, 0, 0, 0, 0, 0, 0, 2721732, 2721732
2015, RAJASTHAN, 8, BARMER, 81, RAMSAR, 262681, CHADAR MADRUP, 34938, 1200663, Total, 0, 0, 0, 0, 0, 0, 2721732, 2721732
2015, RAJASTHAN, 8, BARMER, 81, RAMSAR, 262681, CHADI, 34939, 1167189, Drinking water, 0, 0, 0, 0, 0, 0, 1800000, 1800000
2015, RAJASTHAN, 8, BARMER, 81, RAMSAR, 262681, CHADI, 34939, 1167189, Roads, 0, 0, 0, 0, 0, 0, 996000, 996000
2015, RAJASTHAN, 8, BARMER, 81, RAMSAR, 262681, CHADI, 34939, 1167189, Rural housing, 0, 0, 0, 0, 0, 0, 349000, 349000
2015, RAJASTHAN, 8, BARMER, 81, RAMSAR, 262681, CHADI, 34939, 1167189, Total, 0, 0, 0, 0, 0, 0, 3145000, 3145000
2015, RAJASTHAN, 8, BARMER, 81, RAMSAR, 262681, DERASAR, 34941, 1162625, Drinking water, 0, 0, 0, 0, 0, 0, 1638038, 1638038
2015, RAJASTHAN, 8, BARMER, 81, RAMSAR, 262681, DERASAR, 34941, 1162625, Roads, 0, 0, 0, 0, 0, 0, 908000, 908000
2015, RAJASTHAN, 8, BARMER, 81, RAMSAR, 262681, DERASAR, 34941, 1162625, Total, 0, 0, 0, 0, 0, 0, 2546038, 2546038
2015, RAJASTHAN, 8, BARMER, 81, RAMSAR, 262681, GAGRIYA, 34944, 1199966, Drinking water, 0, 0, 0, 0, 0, 0, 3130000, 3130000
2015, RAJASTHAN, 8, BARMER, 81, RAMSAR, 262681, GAGRIYA, 34944, 1199966, Rural housing, 0, 0, 0, 0, 0, 0, 450000, 450000
2015, RAJASTHAN, 8, BARMER, 81, RAMSAR, 262681, GAGRIYA, 34944, 1199966, Total, 0, 0, 0, 0, 0, 0, 3580000, 3580000
2015, RAJASTHAN, 8, BARMER, 81, RAMSAR, 262681, GANGALA, 34945, 1163313, Agriculture, 0, 0, 0, 0, 0, 0, 122000, 122000
2015, RAJASTHAN, 8, BARMER, 81, RAMSAR, 262681, GANGALA, 34945, 1163313, Drinking water, 0, 0, 0, 0, 0, 0, 1470000, 1470000
2015, RAJASTHAN, 8, BARMER, 81, RAMSAR, 262681, GANGALA, 34945, 1163313, Rural electrification, 0, 0, 0, 0, 0, 0, 300000, 300000
2015, RAJASTHAN, 8, BARMER, 81, RAMSAR, 262681, GANGALA, 34945, 1163313, Rural housing, 0, 0, 0, 0, 0, 0, 250000, 250000
2015, RAJASTHAN, 8, BARMER, 81, RAMSAR, 262681, GANGALA, 34945, 1163313, Total, 0, 0, 0, 0, 0, 0, 2142000, 2142000
2015, RAJASTHAN, 8, BARMER, 81, RAMSAR, 262681, GARDIYA, 34947, 1170081, Drinking water, 0, 0, 0, 0, 0, 0, 2828728, 2828728
2015, RAJASTHAN, 8, BARMER, 81, RAMSAR, 262681, GARDIYA, 34947, 1170081, Total, 0, 0, 0, 0, 0, 0, 2828728, 2828728
2015, RAJASTHAN, 8, BARMER, 81, RAMSAR, 262681, HATHMA, 34949, 1201307, Drinking water, 0, 0, 0, 0, 0, 0, 1306937, 1306937
2015, RAJASTHAN, 8, BARMER, 81, RAMSAR, 262681, HATHMA, 34949, 1201307, Roads, 0, 0, 0, 0, 0, 0, 638611, 638611
2015, RAJASTHAN, 8, BARMER, 81, RAMSAR, 262681, HATHMA, 34949, 1201307, Rural housing, 0, 0, 0, 0, 0, 0, 226000, 226000
2015, RAJASTHAN, 8, BARMER, 81, RAMSAR, 262681, HATHMA, 34949, 1201307, Total, 0, 0, 0, 0, 0, 0, 2171548, 2171548
2015, RAJASTHAN, 8, BARMER, 81, RAMSAR, 262681, INDROHI, 34950, 1200438, Drinking water, 0, 0, 0, 0, 0, 0, 1830000, 1830000
2015, RAJASTHAN, 8, BARMER, 81, RAMSAR, 262681, INDROHI, 34950, 1200438, Rural housing, 0, 0, 0, 0, 0, 0, 1020000, 1020000
2015, RAJASTHAN, 8, BARMER, 81, RAMSAR, 262681, INDROHI, 34950, 1200438, Total, 0, 0, 0, 0, 0, 0, 2850000, 2850000
2015, RAJASTHAN, 8, BARMER, 81, RAMSAR, 262681, KANTAL KA PAR, 34955, 1203841, Drinking water, 0, 0, 0, 0, 0, 0, 2750000, 2750000
2015, RAJASTHAN, 8, BARMER, 81, RAMSAR, 262681, KANTAL KA PAR, 34955, 1203841, Roads, 0, 0, 0, 0, 0, 0, 150000, 150000
2015, RAJASTHAN, 8, BARMER, 81, RAMSAR, 262681, KANTAL KA PAR, 34955, 1203841, Rural housing, 0, 0, 0, 0, 0, 0, 400000, 400000
2015, RAJASTHAN, 8, BARMER, 81, RAMSAR, 262681, KANTAL KA PAR, 34955, 1203841, Total, 0, 0, 0, 0, 0, 0, 3300000, 3300000
2015, RAJASTHAN, 8, BARMER, 81, RAMSAR, 262681, KHADEEN, 34956, 1169058, Drinking water, 0, 0, 0, 0, 0, 0, 605000, 605000
2015, RAJASTHAN, 8, BARMER, 81, RAMSAR, 262681, KHADEEN, 34956, 1169058, Roads, 0, 0, 0, 0, 0, 0, 2223811, 2223811
2015, RAJASTHAN, 8, BARMER, 81, RAMSAR, 262681, KHADEEN, 34956, 1169058, Rural housing, 0, 0, 0, 0, 0, 0, 1341663, 1341663
2015, RAJASTHAN, 8, BARMER, 81, RAMSAR, 262681, KHADEEN, 34956, 1169058, Total, 0, 0, 0, 0, 0, 0, 4170474, 4170474
2015, RAJASTHAN, 8, BARMER, 81, RAMSAR, 262681, KHARA RATHORAN, 262450, 1163010, Drinking water, 0, 0, 0, 0, 0, 0, 2050000, 2050000
2015, RAJASTHAN, 8, BARMER, 81, RAMSAR, 262681, KHARA RATHORAN, 262450, 1163010, Rural housing, 0, 0, 0, 0, 0, 0, 400000, 400000
2015, RAJASTHAN, 8, BARMER, 81, RAMSAR, 262681, KHARA RATHORAN, 262450, 1163010, Total, 0, 0, 0, 0, 0, 0, 2450000, 2450000
2015, RAJASTHAN, 8, BARMER, 81, RAMSAR, 262681, KHARIYA RATHORAN, 262460, 1167142, Roads, 0, 0, 0, 0, 0, 0, 902000, 902000
2015, RAJASTHAN, 8, BARMER, 81, RAMSAR, 262681, KHARIYA RATHORAN, 262460, 1167142, Rural electrification, 0, 0, 0, 0, 0, 0, 191000, 191000
2015, RAJASTHAN, 8, BARMER, 81, RAMSAR, 262681, KHARIYA RATHORAN, 262460, 1167142, Rural housing, 0, 0, 0, 0, 0, 0, 997000, 997000
2015, RAJASTHAN, 8, BARMER, 81, RAMSAR, 262681, KHARIYA RATHORAN, 262460, 1167142, Total, 0, 0, 0, 0, 0, 0, 2090000, 2090000
2015, RAJASTHAN, 8, BARMER, 81, RAMSAR, 262681, PADHARIYA, 262435, 1167805, Drinking water, 0, 0, 0, 0, 0, 0, 2528166, 2528166
2015, RAJASTHAN, 8, BARMER, 81, RAMSAR, 262681, PADHARIYA, 262435, 1167805, Total, 0, 0, 0, 0, 0, 0, 2528166, 2528166
2015, RAJASTHAN, 8, BARMER, 81, RAMSAR, 262681, PANDHI KA PAR, 34962, 1200760, Drinking water, 0, 0, 0, 0, 0, 0, 1539421, 1539421
2015, RAJASTHAN, 8, BARMER, 81, RAMSAR, 262681, PANDHI KA PAR, 34962, 1200760, Roads, 0, 0, 0, 0, 0, 0, 618000, 618000
2015, RAJASTHAN, 8, BARMER, 81, RAMSAR, 262681, PANDHI KA PAR, 34962, 1200760, Rural housing, 0, 0, 0, 0, 0, 0, 350000, 350000
2015, RAJASTHAN, 8, BARMER, 81, RAMSAR, 262681, PANDHI KA PAR, 34962, 1200760, Total, 0, 0, 0, 0, 0, 0, 2507421, 2507421
2015, RAJASTHAN, 8, BARMER, 81, RAMSAR, 262681, RAMSAR, 34963, 1170631, Cultural activities, 0, 0, 0, 0, 0, 0, 323767, 323767
2015, RAJASTHAN, 8, BARMER, 81, RAMSAR, 262681, RAMSAR, 34963, 1170631, Drinking water, 0, 0, 0, 0, 0, 0, 2512256, 2512256
2015, RAJASTHAN, 8, BARMER, 81, RAMSAR, 262681, RAMSAR, 34963, 1170631, Total, 0, 0, 0, 0, 0, 0, 2836023, 2836023
2015, RAJASTHAN, 8, BARMER, 81, RAMSAR, 262681, SAJJAN KA PAR, 262452, 1165724, Drinking water, 0, 0, 0, 0, 0, 0, 1950000, 1950000
2015, RAJASTHAN, 8, BARMER, 81, RAMSAR, 262681, SAJJAN KA PAR, 262452, 1165724, Rural housing, 0, 0, 0, 0, 0, 0, 634000, 634000
2015, RAJASTHAN, 8, BARMER, 81, RAMSAR, 262681, SAJJAN KA PAR, 262452, 1165724, Total, 0, 0, 0, 0, 0, 0, 2584000, 2584000
2015, RAJASTHAN, 8, BARMER, 81, RAMSAR, 262681, SETRAU, 34968, 1200280, Roads, 0, 0, 0, 0, 0, 0, 1500000, 1500000
2015, RAJASTHAN, 8, BARMER, 81, RAMSAR, 262681, SETRAU, 34968, 1200280, Rural electrification, 0, 0, 0, 0, 0, 0, 100000, 100000
2015, RAJASTHAN, 8, BARMER, 81, RAMSAR, 262681, SETRAU, 34968, 1200280, Rural housing, 0, 0, 0, 0, 0, 0, 1600000, 1600000
2015, RAJASTHAN, 8, BARMER, 81, RAMSAR, 262681, SETRAU, 34968, 1200280, Total, 0, 0, 0, 0, 0, 0, 3200000, 3200000
2015, RAJASTHAN, 8, BARMER, 81, RAMSAR, 262681, SIHANI, 34969, 1172200, Drinking water, 0, 0, 0, 0, 0, 0, 1440533, 1440533
2015, RAJASTHAN, 8, BARMER, 81, RAMSAR, 262681, SIHANI, 34969, 1172200, Rural housing, 0, 0, 0, 0, 0, 0, 2150000, 2150000
2015, RAJASTHAN, 8, BARMER, 81, RAMSAR, 262681, SIHANI, 34969, 1172200, Total, 0, 0, 0, 0, 0, 0, 3590533, 3590533
2015, RAJASTHAN, 8, BARMER, 81, RAMSAR, 262681, SURALI, 262466, 1165705, Drinking water, 0, 0, 0, 0, 0, 0, 2153311, 2153311
2015, RAJASTHAN, 8, BARMER, 81, RAMSAR, 262681, SURALI, 262466, 1165705, Total, 0, 0, 0, 0, 0, 0, 2153311, 2153311
2015, RAJASTHAN, 8, BARMER, 81, RAMSAR, 262681, TAMLIYAR, 262456, 1162862, Drinking water, 0, 0, 0, 0, 0, 0, 100000, 100000
2015, RAJASTHAN, 8, BARMER, 81, RAMSAR, 262681, TAMLIYAR, 262456, 1162862, Education, 0, 0, 0, 0, 0, 0, 800000, 800000
2015, RAJASTHAN, 8, BARMER, 81, RAMSAR, 262681, TAMLIYAR, 262456, 1162862, Roads, 0, 0, 0, 0, 0, 0, 853000, 853000
2015, RAJASTHAN, 8, BARMER, 81, RAMSAR, 262681, TAMLIYAR, 262456, 1162862, Rural housing, 0, 0, 0, 0, 0, 0, 400000, 400000
2015, RAJASTHAN, 8, BARMER, 81, RAMSAR, 262681, TAMLIYAR, 262456, 1162862, Total, 0, 0, 0, 0, 0, 0, 2153000, 2153000
2015, RAJASTHAN, 8, BARMER, 81, SAMDARI, 262774, AJEET, 35212, 1172973, Administrative & Technical Support, 0, 0, 0, 0, 0, 0, 79368, 79368
2015, RAJASTHAN, 8, BARMER, 81, SAMDARI, 262774, AJEET, 35212, 1172973, Roads, 0, 0, 0, 0, 0, 0, 900000, 900000
2015, RAJASTHAN, 8, BARMER, 81, SAMDARI, 262774, AJEET, 35212, 1172973, Sanitation, 0, 0, 0, 0, 0, 0, 255071, 255071
2015, RAJASTHAN, 8, BARMER, 81, SAMDARI, 262774, AJEET, 35212, 1172973, Total, 0, 0, 0, 0, 0, 0, 1234439, 1234439
2015, RAJASTHAN, 8, BARMER, 81, SAMDARI, 262774, BAAMSEEN, 35213, 1201418, Roads, 0, 0, 0, 0, 0, 0, 292383, 292383
2015, RAJASTHAN, 8, BARMER, 81, SAMDARI, 262774, BAAMSEEN, 35213, 1201418, Sanitation, 0, 0, 0, 0, 0, 0, 355509, 355509
2015, RAJASTHAN, 8, BARMER, 81, SAMDARI, 262774, BAAMSEEN, 35213, 1201418, Total, 0, 0, 0, 0, 0, 0, 647892, 647892
2015, RAJASTHAN, 8, BARMER, 81, SAMDARI, 262774, DHINDAS, 35218, 1166099, Administrative & Technical Support, 0, 0, 0, 0, 0, 0, 140000, 140000
2015, RAJASTHAN, 8, BARMER, 81, SAMDARI, 262774, DHINDAS, 35218, 1166099, Drinking water, 0, 0, 0, 0, 0, 0, 760000, 760000
2015, RAJASTHAN, 8, BARMER, 81, SAMDARI, 262774, DHINDAS, 35218, 1166099, Education, 0, 0, 0, 0, 0, 0, 263674, 263674
2015, RAJASTHAN, 8, BARMER, 81, SAMDARI, 262774, DHINDAS, 35218, 1166099, Maintenance of community system, 0, 0, 0, 0, 0, 0, 350000, 350000
2015, RAJASTHAN, 8, BARMER, 81, SAMDARI, 262774, DHINDAS, 35218, 1166099, Roads, 0, 0, 0, 0, 0, 0, 530000, 530000
2015, RAJASTHAN, 8, BARMER, 81, SAMDARI, 262774, DHINDAS, 35218, 1166099, Sanitation, 0, 0, 0, 0, 0, 0, 160000, 160000
2015, RAJASTHAN, 8, BARMER, 81, SAMDARI, 262774, DHINDAS, 35218, 1166099, Total, 0, 0, 0, 0, 0, 0, 2203674, 2203674
2015, RAJASTHAN, 8, BARMER, 81, SAMDARI, 262774, JETHANTARI, 35222, 1170990, Drinking water, 0, 0, 0, 0, 0, 0, 47962, 47962
2015, RAJASTHAN, 8, BARMER, 81, SAMDARI, 262774, JETHANTARI, 35222, 1170990, Roads, 0, 0, 0, 0, 0, 0, 689522, 689522
2015, RAJASTHAN, 8, BARMER, 81, SAMDARI, 262774, JETHANTARI, 35222, 1170990, Sanitation, 0, 0, 0, 0, 0, 0, 434000, 434000
2015, RAJASTHAN, 8, BARMER, 81, SAMDARI, 262774, JETHANTARI, 35222, 1170990, Total, 0, 0, 0, 0, 0, 0, 1171484, 1171484
2015, RAJASTHAN, 8, BARMER, 81, SAMDARI, 262774, KARMAWAS, 35224, 1164186, Administrative & Technical Support, 0, 0, 0, 0, 0, 0, 111311, 111311
2015, RAJASTHAN, 8, BARMER, 81, SAMDARI, 262774, KARMAWAS, 35224, 1164186, Drinking water, 0, 0, 0, 0, 0, 0, 715000, 715000
2015, RAJASTHAN, 8, BARMER, 81, SAMDARI, 262774, KARMAWAS, 35224, 1164186, Roads, 0, 0, 0, 0, 0, 0, 1400000, 1400000
2015, RAJASTHAN, 8, BARMER, 81, SAMDARI, 262774, KARMAWAS, 35224, 1164186, Sanitation, 0, 0, 0, 0, 0, 0, 709000, 709000
2015, RAJASTHAN, 8, BARMER, 81, SAMDARI, 262774, KARMAWAS, 35224, 1164186, Total, 0, 0, 0, 0, 0, 0, 2935311, 2935311
2015, RAJASTHAN, 8, BARMER, 81, SAMDARI, 262774, KHANDAP, 35226, 1165940, Administrative & Technical Support, 0, 0, 0, 0, 0, 0, 171566, 171566
2015, RAJASTHAN, 8, BARMER, 81, SAMDARI, 262774, KHANDAP, 35226, 1165940, Education, 0, 0, 0, 0, 0, 0, 200000, 200000
2015, RAJASTHAN, 8, BARMER, 81, SAMDARI, 262774, KHANDAP, 35226, 1165940, Health, 0, 0, 0, 0, 0, 0, 715613, 715613
2015, RAJASTHAN, 8, BARMER, 81, SAMDARI, 262774, KHANDAP, 35226, 1165940, Maintenance of community system, 0, 0, 0, 0, 0, 0, 200000, 200000
2015, RAJASTHAN, 8, BARMER, 81, SAMDARI, 262774, KHANDAP, 35226, 1165940, Roads, 0, 0, 0, 0, 0, 0, 800000, 800000
2015, RAJASTHAN, 8, BARMER, 81, SAMDARI, 262774, KHANDAP, 35226, 1165940, Sanitation, 0, 0, 0, 0, 0, 0, 350000, 350000
2015, RAJASTHAN, 8, BARMER, 81, SAMDARI, 262774, KHANDAP, 35226, 1165940, Total, 0, 0, 0, 0, 0, 0, 2437179, 2437179
2015, RAJASTHAN, 8, BARMER, 81, SAMDARI, 262774, KOTARI, 35227, 1204580, Administrative & Technical Support, 0, 0, 0, 0, 0, 0, 122511, 122511
2015, RAJASTHAN, 8, BARMER, 81, SAMDARI, 262774, KOTARI, 35227, 1204580, Health, 0, 0, 0, 0, 0, 0, 447560, 447560
2015, RAJASTHAN, 8, BARMER, 81, SAMDARI, 262774, KOTARI, 35227, 1204580, Roads, 0, 0, 0, 0, 0, 0, 539000, 539000
2015, RAJASTHAN, 8, BARMER, 81, SAMDARI, 262774, KOTARI, 35227, 1204580, Total, 0, 0, 0, 0, 0, 0, 1109071, 1109071
2015, RAJASTHAN, 8, BARMER, 81, SAMDARI, 262774, Khejariyali, 262655, 1201430, Administrative & Technical Support, 0, 0, 0, 0, 0, 0, 91160, 91160
2015, RAJASTHAN, 8, BARMER, 81, SAMDARI, 262774, Khejariyali, 262655, 1201430, Drinking water, 0, 0, 0, 0, 0, 0, 200000, 200000
2015, RAJASTHAN, 8, BARMER, 81, SAMDARI, 262774, Khejariyali, 262655, 1201430, Maintenance of community system, 0, 0, 0, 0, 0, 0, 663000, 663000
2015, RAJASTHAN, 8, BARMER, 81, SAMDARI, 262774, Khejariyali, 262655, 1201430, Roads, 0, 0, 0, 0, 0, 0, 533506, 533506
2015, RAJASTHAN, 8, BARMER, 81, SAMDARI, 262774, Khejariyali, 262655, 1201430, Total, 0, 0, 0, 0, 0, 0, 1487666, 1487666
2015, RAJASTHAN, 8, BARMER, 81, SAMDARI, 262774, LALANA, 35230, 1171097, Drinking water, 0, 0, 0, 0, 0, 0, 350000, 350000
2015, RAJASTHAN, 8, BARMER, 81, SAMDARI, 262774, LALANA, 35230, 1171097, Health, 0, 0, 0, 0, 0, 0, 125000, 125000
2015, RAJASTHAN, 8, BARMER, 81, SAMDARI, 262774, LALANA, 35230, 1171097, Maintenance of community system, 0, 0, 0, 0, 0, 0, 246000, 246000
2015, RAJASTHAN, 8, BARMER, 81, SAMDARI, 262774, LALANA, 35230, 1171097, Roads, 0, 0, 0, 0, 0, 0, 952899, 952899
2015, RAJASTHAN, 8, BARMER, 81, SAMDARI, 262774, LALANA, 35230, 1171097, Sanitation, 0, 0, 0, 0, 0, 0, 400000, 400000
2015, RAJASTHAN, 8, BARMER, 81, SAMDARI, 262774, LALANA, 35230, 1171097, Total, 0, 0, 0, 0, 0, 0, 2073899, 2073899
2015, RAJASTHAN, 8, BARMER, 81, SAMDARI, 262774, MAJAL, 35231, 1172911, Administrative & Technical Support, 0, 0, 0, 0, 0, 0, 98514, 98514
2015, RAJASTHAN, 8, BARMER, 81, SAMDARI, 262774, MAJAL, 35231, 1172911, Drinking water, 0, 0, 0, 0, 0, 0, 36000, 36000
2015, RAJASTHAN, 8, BARMER, 81, SAMDARI, 262774, MAJAL, 35231, 1172911, Roads, 0, 0, 0, 0, 0, 0, 740000, 740000
2015, RAJASTHAN, 8, BARMER, 81, SAMDARI, 262774, MAJAL, 35231, 1172911, Rural electrification, 0, 0, 0, 0, 0, 0, 200000, 200000
2015, RAJASTHAN, 8, BARMER, 81, SAMDARI, 262774, MAJAL, 35231, 1172911, Sanitation, 0, 0, 0, 0, 0, 0, 1109397, 1109397
2015, RAJASTHAN, 8, BARMER, 81, SAMDARI, 262774, MAJAL, 35231, 1172911, Total, 0, 0, 0, 0, 0, 0, 2183911, 2183911
2015, RAJASTHAN, 8, BARMER, 81, SAMDARI, 262774, RAKHI, 35239, 1166211, Administrative & Technical Support, 0, 0, 0, 0, 0, 0, 90000, 90000
2015, RAJASTHAN, 8, BARMER, 81, SAMDARI, 262774, RAKHI, 35239, 1166211, Drinking water, 0, 0, 0, 0, 0, 0, 90000, 90000
2015, RAJASTHAN, 8, BARMER, 81, SAMDARI, 262774, RAKHI, 35239, 1166211, Roads, 0, 0, 0, 0, 0, 0, 918275, 918275
2015, RAJASTHAN, 8, BARMER, 81, SAMDARI, 262774, RAKHI, 35239, 1166211, Rural electrification, 0, 0, 0, 0, 0, 0, 518996, 518996
2015, RAJASTHAN, 8, BARMER, 81, SAMDARI, 262774, RAKHI, 35239, 1166211, Total, 0, 0, 0, 0, 0, 0, 1617271, 1617271
2015, RAJASTHAN, 8, BARMER, 81, SAMDARI, 262774, RAMPURA, 35241, 1164135, Administrative & Technical Support, 0, 0, 0, 0, 0, 0, 103004, 103004
2015, RAJASTHAN, 8, BARMER, 81, SAMDARI, 262774, RAMPURA, 35241, 1164135, Drinking water, 0, 0, 0, 0, 0, 0, 760000, 760000
2015, RAJASTHAN, 8, BARMER, 81, SAMDARI, 262774, RAMPURA, 35241, 1164135, Education, 0, 0, 0, 0, 0, 0, 500000, 500000
2015, RAJASTHAN, 8, BARMER, 81, SAMDARI, 262774, RAMPURA, 35241, 1164135, Roads, 0, 0, 0, 0, 0, 0, 350000, 350000
2015, RAJASTHAN, 8, BARMER, 81, SAMDARI, 262774, RAMPURA, 35241, 1164135, Sanitation, 0, 0, 0, 0, 0, 0, 537000, 537000
2015, RAJASTHAN, 8, BARMER, 81, SAMDARI, 262774, RAMPURA, 35241, 1164135, Total, 0, 0, 0, 0, 0, 0, 2250004, 2250004
2015, RAJASTHAN, 8, BARMER, 81, SAMDARI, 262774, RANI DESIPURA, 35242, 1162621, Administrative & Technical Support, 0, 0, 0, 0, 0, 0, 205000, 205000
2015, RAJASTHAN, 8, BARMER, 81, SAMDARI, 262774, RANI DESIPURA, 35242, 1162621, Drinking water, 0, 0, 0, 0, 0, 0, 225000, 225000
2015, RAJASTHAN, 8, BARMER, 81, SAMDARI, 262774, RANI DESIPURA, 35242, 1162621, Health, 0, 0, 0, 0, 0, 0, 500000, 500000
2015, RAJASTHAN, 8, BARMER, 81, SAMDARI, 262774, RANI DESIPURA, 35242, 1162621, Roads, 0, 0, 0, 0, 0, 0, 500000, 500000
2015, RAJASTHAN, 8, BARMER, 81, SAMDARI, 262774, RANI DESIPURA, 35242, 1162621, Sanitation, 0, 0, 0, 0, 0, 0, 797000, 797000
2015, RAJASTHAN, 8, BARMER, 81, SAMDARI, 262774, RANI DESIPURA, 35242, 1162621, Total, 0, 0, 0, 0, 0, 0, 2227000, 2227000
2015, RAJASTHAN, 8, BARMER, 81, SAMDARI, 262774, Ratri, 262654, 1172869, Administrative & Technical Support, 0, 0, 0, 0, 0, 0, 162000, 162000
2015, RAJASTHAN, 8, BARMER, 81, SAMDARI, 262774, Ratri, 262654, 1172869, Health, 0, 0, 0, 0, 0, 0, 400000, 400000
2015, RAJASTHAN, 8, BARMER, 81, SAMDARI, 262774, Ratri, 262654, 1172869, Maintenance of community system, 0, 0, 0, 0, 0, 0, 659974, 659974
2015, RAJASTHAN, 8, BARMER, 81, SAMDARI, 262774, Ratri, 262654, 1172869, Roads, 0, 0, 0, 0, 0, 0, 150000, 150000
2015, RAJASTHAN, 8, BARMER, 81, SAMDARI, 262774, Ratri, 262654, 1172869, Sanitation, 0, 0, 0, 0, 0, 0, 450000, 450000
2015, RAJASTHAN, 8, BARMER, 81, SAMDARI, 262774, Ratri, 262654, 1172869, Total, 0, 0, 0, 0, 0, 0, 1821974, 1821974
2015, RAJASTHAN, 8, BARMER, 81, SAMDARI, 262774, SAMADARI, 35243, 1172989, Administrative & Technical Support, 0, 0, 0, 0, 0, 0, 296503, 296503
2015, RAJASTHAN, 8, BARMER, 81, SAMDARI, 262774, SAMADARI, 35243, 1172989, Drinking water, 0, 0, 0, 0, 0, 0, 36000, 36000
2015, RAJASTHAN, 8, BARMER, 81, SAMDARI, 262774, SAMADARI, 35243, 1172989, Maintenance of community system, 0, 0, 0, 0, 0, 0, 1200000, 1200000
2015, RAJASTHAN, 8, BARMER, 81, SAMDARI, 262774, SAMADARI, 35243, 1172989, Roads, 0, 0, 0, 0, 0, 0, 1450000, 1450000
2015, RAJASTHAN, 8, BARMER, 81, SAMDARI, 262774, SAMADARI, 35243, 1172989, Sanitation, 0, 0, 0, 0, 0, 0, 3641963, 3641963
2015, RAJASTHAN, 8, BARMER, 81, SAMDARI, 262774, SAMADARI, 35243, 1172989, Total, 0, 0, 0, 0, 0, 0, 6624466, 6624466
2015, RAJASTHAN, 8, BARMER, 81, SAMDARI, 262774, SANWARDA, 35244, 1172968, Administrative & Technical Support, 0, 0, 0, 0, 0, 0, 39571, 39571
2015, RAJASTHAN, 8, BARMER, 81, SAMDARI, 262774, SANWARDA, 35244, 1172968, Drinking water, 0, 0, 0, 0, 0, 0, 515759, 515759
2015, RAJASTHAN, 8, BARMER, 81, SAMDARI, 262774, SANWARDA, 35244, 1172968, Roads, 0, 0, 0, 0, 0, 0, 503000, 503000
2015, RAJASTHAN, 8, BARMER, 81, SAMDARI, 262774, SANWARDA, 35244, 1172968, Total, 0, 0, 0, 0, 0, 0, 1058330, 1058330
2015, RAJASTHAN, 8, BARMER, 81, SAMDARI, 262774, SARWADI, 35245, 1172996, Administrative & Technical Support, 0, 0, 0, 0, 0, 0, 69975, 69975
2015, RAJASTHAN, 8, BARMER, 81, SAMDARI, 262774, SARWADI, 35245, 1172996, Drinking water, 0, 0, 0, 0, 0, 0, 340000, 340000
2015, RAJASTHAN, 8, BARMER, 81, SAMDARI, 262774, SARWADI, 35245, 1172996, Roads, 0, 0, 0, 0, 0, 0, 300000, 300000
2015, RAJASTHAN, 8, BARMER, 81, SAMDARI, 262774, SARWADI, 35245, 1172996, Sanitation, 0, 0, 0, 0, 0, 0, 400000, 400000
2015, RAJASTHAN, 8, BARMER, 81, SAMDARI, 262774, SARWADI, 35245, 1172996, Total, 0, 0, 0, 0, 0, 0, 1109975, 1109975
2015, RAJASTHAN, 8, BARMER, 81, SAMDARI, 262774, SEWALI, 35247, 1171813, Administrative & Technical Support, 0, 0, 0, 0, 0, 0, 303452, 303452
2015, RAJASTHAN, 8, BARMER, 81, SAMDARI, 262774, SEWALI, 35247, 1171813, Roads, 0, 0, 0, 0, 0, 0, 600000, 600000
2015, RAJASTHAN, 8, BARMER, 81, SAMDARI, 262774, SEWALI, 35247, 1171813, Sanitation, 0, 0, 0, 0, 0, 0, 300000, 300000
2015, RAJASTHAN, 8, BARMER, 81, SAMDARI, 262774, SEWALI, 35247, 1171813, Total, 0, 0, 0, 0, 0, 0, 1203452, 1203452
2015, RAJASTHAN, 8, BARMER, 81, SAMDARI, 262774, SILORE, 35248, 1204980, Administrative & Technical Support, 0, 0, 0, 0, 0, 0, 142690, 142690
2015, RAJASTHAN, 8, BARMER, 81, SAMDARI, 262774, SILORE, 35248, 1204980, Health, 0, 0, 0, 0, 0, 0, 393646, 393646
2015, RAJASTHAN, 8, BARMER, 81, SAMDARI, 262774, SILORE, 35248, 1204980, Roads, 0, 0, 0, 0, 0, 0, 649000, 649000
2015, RAJASTHAN, 8, BARMER, 81, SAMDARI, 262774, SILORE, 35248, 1204980, Total, 0, 0, 0, 0, 0, 0, 1185336, 1185336
2015, RAJASTHAN, 8, BARMER, 81, SAMDARI, 262774, bhalaron ka bara, 262656, 1203497, Administrative & Technical Support, 0, 0, 0, 0, 0, 0, 133554, 133554
2015, RAJASTHAN, 8, BARMER, 81, SAMDARI, 262774, bhalaron ka bara, 262656, 1203497, Drinking water, 0, 0, 0, 0, 0, 0, 550000, 550000
2015, RAJASTHAN, 8, BARMER, 81, SAMDARI, 262774, bhalaron ka bara, 262656, 1203497, Education, 0, 0, 0, 0, 0, 0, 200000, 200000
2015, RAJASTHAN, 8, BARMER, 81, SAMDARI, 262774, bhalaron ka bara, 262656, 1203497, Maintenance of community system, 0, 0, 0, 0, 0, 0, 663000, 663000
2015, RAJASTHAN, 8, BARMER, 81, SAMDARI, 262774, bhalaron ka bara, 262656, 1203497, Roads, 0, 0, 0, 0, 0, 0, 551991, 551991
2015, RAJASTHAN, 8, BARMER, 81, SAMDARI, 262774, bhalaron ka bara, 262656, 1203497, Sanitation, 0, 0, 0, 0, 0, 0, 200000, 200000
2015, RAJASTHAN, 8, BARMER, 81, SAMDARI, 262774, bhalaron ka bara, 262656, 1203497, Total, 0, 0, 0, 0, 0, 0, 2298545, 2298545
2015, RAJASTHAN, 8, BARMER, 81, SAMDARI, 262774, samdari station, 262658, 1204955, Administrative & Technical Support, 0, 0, 0, 0, 0, 0, 114560, 114560
2015, RAJASTHAN, 8, BARMER, 81, SAMDARI, 262774, samdari station, 262658, 1204955, Drinking water, 0, 0, 0, 0, 0, 0, 490365, 490365
2015, RAJASTHAN, 8, BARMER, 81, SAMDARI, 262774, samdari station, 262658, 1204955, Maintenance of community system, 0, 0, 0, 0, 0, 0, 663000, 663000
2015, RAJASTHAN, 8, BARMER, 81, SAMDARI, 262774, samdari station, 262658, 1204955, Total, 0, 0, 0, 0, 0, 0, 1267925, 1267925
2015, RAJASTHAN, 8, BARMER, 81, SEDWA, 262545, ARTI, 35024, 1201559, Administrative & Technical Support, 0, 0, 0, 0, 0, 0, 528777, 528777
2015, RAJASTHAN, 8, BARMER, 81, SEDWA, 262545, ARTI, 35024, 1201559, Drinking water, 0, 0, 0, 0, 0, 0, 1328120, 1328120
2015, RAJASTHAN, 8, BARMER, 81, SEDWA, 262545, ARTI, 35024, 1201559, Education, 0, 0, 0, 0, 0, 0, 57068, 57068
2015, RAJASTHAN, 8, BARMER, 81, SEDWA, 262545, ARTI, 35024, 1201559, Libraries, 0, 0, 0, 0, 0, 0, 37000, 37000
2015, RAJASTHAN, 8, BARMER, 81, SEDWA, 262545, ARTI, 35024, 1201559, Roads, 0, 0, 0, 0, 0, 0, 1721820, 1721820
2015, RAJASTHAN, 8, BARMER, 81, SEDWA, 262545, ARTI, 35024, 1201559, Social forestry and farm forestry, 0, 0, 0, 0, 0, 0, 200000, 200000
2015, RAJASTHAN, 8, BARMER, 81, SEDWA, 262545, ARTI, 35024, 1201559, Technical training and vocational education, 0, 0, 0, 0, 0, 0, 31383, 31383
2015, RAJASTHAN, 8, BARMER, 81, SEDWA, 262545, ARTI, 35024, 1201559, Total, 0, 0, 0, 0, 0, 0, 3904168, 3904168
2015, RAJASTHAN, 8, BARMER, 81, SEDWA, 262545, BAKHASAR, 35025, 1203024, Administrative & Technical Support, 0, 0, 0, 0, 0, 0, 134554, 134554
2015, RAJASTHAN, 8, BARMER, 81, SEDWA, 262545, BAKHASAR, 35025, 1203024, Agriculture, 0, 0, 0, 0, 0, 0, 500000, 500000
2015, RAJASTHAN, 8, BARMER, 81, SEDWA, 262545, BAKHASAR, 35025, 1203024, Drinking water, 0, 0, 0, 0, 0, 0, 600000, 600000
2015, RAJASTHAN, 8, BARMER, 81, SEDWA, 262545, BAKHASAR, 35025, 1203024, Education, 0, 0, 0, 0, 0, 0, 500000, 500000
2015, RAJASTHAN, 8, BARMER, 81, SEDWA, 262545, BAKHASAR, 35025, 1203024, Health, 0, 0, 0, 0, 0, 0, 1000000, 1000000
2015, RAJASTHAN, 8, BARMER, 81, SEDWA, 262545, BAKHASAR, 35025, 1203024, Roads, 0, 0, 0, 0, 0, 0, 1000000, 1000000
2015, RAJASTHAN, 8, BARMER, 81, SEDWA, 262545, BAKHASAR, 35025, 1203024, Total, 0, 0, 0, 0, 0, 0, 3734554, 3734554
2015, RAJASTHAN, 8, BARMER, 81, SEDWA, 262545, BAMARLA, 35076, 1203546, Administrative & Technical Support, 0, 0, 0, 0, 0, 0, 151015, 151015
2015, RAJASTHAN, 8, BARMER, 81, SEDWA, 262545, BAMARLA, 35076, 1203546, Drinking water, 0, 0, 0, 0, 0, 0, 2016599, 2016599
2015, RAJASTHAN, 8, BARMER, 81, SEDWA, 262545, BAMARLA, 35076, 1203546, Roads, 0, 0, 0, 0, 0, 0, 300000, 300000
2015, RAJASTHAN, 8, BARMER, 81, SEDWA, 262545, BAMARLA, 35076, 1203546, Total, 0, 0, 0, 0, 0, 0, 2467614, 2467614
2015, RAJASTHAN, 8, BARMER, 81, SEDWA, 262545, BAWARWALA, 35027, 1201858, Administrative & Technical Support, 0, 0, 0, 0, 0, 0, 74365, 74365
2015, RAJASTHAN, 8, BARMER, 81, SEDWA, 262545, BAWARWALA, 35027, 1201858, Drinking water, 0, 0, 0, 0, 0, 0, 3000000, 3000000
2015, RAJASTHAN, 8, BARMER, 81, SEDWA, 262545, BAWARWALA, 35027, 1201858, Total, 0, 0, 0, 0, 0, 0, 3074365, 3074365
2015, RAJASTHAN, 8, BARMER, 81, SEDWA, 262545, BHALGAON, 35028, 1201888, Administrative & Technical Support, 0, 0, 0, 0, 0, 0, 601084, 601084
2015, RAJASTHAN, 8, BARMER, 81, SEDWA, 262545, BHALGAON, 35028, 1201888, Drinking water, 0, 0, 0, 0, 0, 0, 1000000, 1000000
2015, RAJASTHAN, 8, BARMER, 81, SEDWA, 262545, BHALGAON, 35028, 1201888, Roads, 0, 0, 0, 0, 0, 0, 1500000, 1500000
2015, RAJASTHAN, 8, BARMER, 81, SEDWA, 262545, BHALGAON, 35028, 1201888, Total, 0, 0, 0, 0, 0, 0, 3101084, 3101084
2015, RAJASTHAN, 8, BARMER, 81, SEDWA, 262545, BHANWAR, 35029, 1203032, Administrative & Technical Support, 0, 0, 0, 0, 0, 0, 958984, 958984
2015, RAJASTHAN, 8, BARMER, 81, SEDWA, 262545, BHANWAR, 35029, 1203032, Public distribution system, 0, 0, 0, 0, 0, 0, 1028000, 1028000
2015, RAJASTHAN, 8, BARMER, 81, SEDWA, 262545, BHANWAR, 35029, 1203032, Roads, 0, 0, 0, 0, 0, 0, 500000, 500000
2015, RAJASTHAN, 8, BARMER, 81, SEDWA, 262545, BHANWAR, 35029, 1203032, Sanitation, 0, 0, 0, 0, 0, 0, 729000, 729000
2015, RAJASTHAN, 8, BARMER, 81, SEDWA, 262545, BHANWAR, 35029, 1203032, Total, 0, 0, 0, 0, 0, 0, 3215984, 3215984
2015, RAJASTHAN, 8, BARMER, 81, SEDWA, 262545, BHANWARIYA, 35030, 1205142, Administrative & Technical Support, 0, 0, 0, 0, 0, 0, 84608, 84608
2015, RAJASTHAN, 8, BARMER, 81, SEDWA, 262545, BHANWARIYA, 35030, 1205142, Drinking water, 0, 0, 0, 0, 0, 0, 2280000, 2280000
2015, RAJASTHAN, 8, BARMER, 81, SEDWA, 262545, BHANWARIYA, 35030, 1205142, Roads, 0, 0, 0, 0, 0, 0, 700000, 700000
2015, RAJASTHAN, 8, BARMER, 81, SEDWA, 262545, BHANWARIYA, 35030, 1205142, Total, 0, 0, 0, 0, 0, 0, 3064608, 3064608
2015, RAJASTHAN, 8, BARMER, 81, SEDWA, 262545, BHERUDI, 35084, 1203577, Administrative & Technical Support, 0, 0, 0, 0, 0, 0, 676800, 676800
2015, RAJASTHAN, 8, BARMER, 81, SEDWA, 262545, BHERUDI, 35084, 1203577, Roads, 0, 0, 0, 0, 0, 0, 3000000, 3000000
2015, RAJASTHAN, 8, BARMER, 81, SEDWA, 262545, BHERUDI, 35084, 1203577, Total, 0, 0, 0, 0, 0, 0, 3676800, 3676800
2015, RAJASTHAN, 8, BARMER, 81, SEDWA, 262545, BISASAR, 35034, 1201772, Adult and non-formal education, 0, 0, 0, 0, 0, 0, 52200, 52200
2015, RAJASTHAN, 8, BARMER, 81, SEDWA, 262545, BISASAR, 35034, 1201772, Drinking water, 0, 0, 0, 0, 0, 0, 1080258, 1080258
2015, RAJASTHAN, 8, BARMER, 81, SEDWA, 262545, BISASAR, 35034, 1201772, Roads, 0, 0, 0, 0, 0, 0, 1822169, 1822169
2015, RAJASTHAN, 8, BARMER, 81, SEDWA, 262545, BISASAR, 35034, 1201772, Social forestry and farm forestry, 0, 0, 0, 0, 0, 0, 1000000, 1000000
2015, RAJASTHAN, 8, BARMER, 81, SEDWA, 262545, BISASAR, 35034, 1201772, Total, 0, 0, 0, 0, 0, 0, 3954627, 3954627
2015, RAJASTHAN, 8, BARMER, 81, SEDWA, 262545, BOLI, 262728, 1202073, Administrative & Technical Support, 0, 0, 0, 0, 0, 0, 42826, 42826
2015, RAJASTHAN, 8, BARMER, 81, SEDWA, 262545, BOLI, 262728, 1202073, Drinking water, 0, 0, 0, 0, 0, 0, 650000, 650000
2015, RAJASTHAN, 8, BARMER, 81, SEDWA, 262545, BOLI, 262728, 1202073, Education, 0, 0, 0, 0, 0, 0, 500000, 500000
2015, RAJASTHAN, 8, BARMER, 81, SEDWA, 262545, BOLI, 262728, 1202073, Roads, 0, 0, 0, 0, 0, 0, 1000000, 1000000
2015, RAJASTHAN, 8, BARMER, 81, SEDWA, 262545, BOLI, 262728, 1202073, Total, 0, 0, 0, 0, 0, 0, 2192826, 2192826
2015, RAJASTHAN, 8, BARMER, 81, SEDWA, 262545, CHICHADASAR, 35037, 1203040, Administrative & Technical Support, 0, 0, 0, 0, 0, 0, 1503696, 1503696
2015, RAJASTHAN, 8, BARMER, 81, SEDWA, 262545, CHICHADASAR, 35037, 1203040, Drinking water, 0, 0, 0, 0, 0, 0, 386000, 386000
2015, RAJASTHAN, 8, BARMER, 81, SEDWA, 262545, CHICHADASAR, 35037, 1203040, Education, 0, 0, 0, 0, 0, 0, 1548382, 1548382
2015, RAJASTHAN, 8, BARMER, 81, SEDWA, 262545, CHICHADASAR, 35037, 1203040, Public distribution system, 0, 0, 0, 0, 0, 0, 100000, 100000
2015, RAJASTHAN, 8, BARMER, 81, SEDWA, 262545, CHICHADASAR, 35037, 1203040, Sanitation, 0, 0, 0, 0, 0, 0, 160000, 160000
2015, RAJASTHAN, 8, BARMER, 81, SEDWA, 262545, CHICHADASAR, 35037, 1203040, Total, 0, 0, 0, 0, 0, 0, 3698078, 3698078
2015, RAJASTHAN, 8, BARMER, 81, SEDWA, 262545, Ekal, 262779, 1205167, Administrative & Technical Support, 0, 0, 0, 0, 0, 0, 1360864, 1360864
2015, RAJASTHAN, 8, BARMER, 81, SEDWA, 262545, Ekal, 262779, 1205167, Drinking water, 0, 0, 0, 0, 0, 0, 280000, 280000
2015, RAJASTHAN, 8, BARMER, 81, SEDWA, 262545, Ekal, 262779, 1205167, Roads, 0, 0, 0, 0, 0, 0, 800000, 800000
2015, RAJASTHAN, 8, BARMER, 81, SEDWA, 262545, Ekal, 262779, 1205167, Total, 0, 0, 0, 0, 0, 0, 2440864, 2440864
2015, RAJASTHAN, 8, BARMER, 81, SEDWA, 262545, FAGLIYA, 35042, 1203481, Administrative & Technical Support, 0, 0, 0, 0, 0, 0, 1133365, 1133365
2015, RAJASTHAN, 8, BARMER, 81, SEDWA, 262545, FAGLIYA, 35042, 1203481, Roads, 0, 0, 0, 0, 0, 0, 3080850, 3080850
2015, RAJASTHAN, 8, BARMER, 81, SEDWA, 262545, FAGLIYA, 35042, 1203481, Total, 0, 0, 0, 0, 0, 0, 4214215, 4214215
2015, RAJASTHAN, 8, BARMER, 81, SEDWA, 262545, GANGASARA, 35093, 1203030, Administrative & Technical Support, 0, 0, 0, 0, 0, 0, 850349, 850349
2015, RAJASTHAN, 8, BARMER, 81, SEDWA, 262545, GANGASARA, 35093, 1203030, Cultural activities, 0, 0, 0, 0, 0, 0, 180000, 180000
2015, RAJASTHAN, 8, BARMER, 81, SEDWA, 262545, GANGASARA, 35093, 1203030, Drinking water, 0, 0, 0, 0, 0, 0, 250000, 250000
2015, RAJASTHAN, 8, BARMER, 81, SEDWA, 262545, GANGASARA, 35093, 1203030, Education, 0, 0, 0, 0, 0, 0, 611000, 611000
2015, RAJASTHAN, 8, BARMER, 81, SEDWA, 262545, GANGASARA, 35093, 1203030, Public distribution system, 0, 0, 0, 0, 0, 0, 368400, 368400
2015, RAJASTHAN, 8, BARMER, 81, SEDWA, 262545, GANGASARA, 35093, 1203030, Roads, 0, 0, 0, 0, 0, 0, 997000, 997000
2015, RAJASTHAN, 8, BARMER, 81, SEDWA, 262545, GANGASARA, 35093, 1203030, Sanitation, 0, 0, 0, 0, 0, 0, 600000, 600000
2015, RAJASTHAN, 8, BARMER, 81, SEDWA, 262545, GANGASARA, 35093, 1203030, Total, 0, 0, 0, 0, 0, 0, 3856749, 3856749
2015, RAJASTHAN, 8, BARMER, 81, SEDWA, 262545, GODA, 35094, 1202750, Administrative & Technical Support, 0, 0, 0, 0, 0, 0, 1351554, 1351554
2015, RAJASTHAN, 8, BARMER, 81, SEDWA, 262545, GODA, 35094, 1202750, Roads, 0, 0, 0, 0, 0, 0, 2000000, 2000000
2015, RAJASTHAN, 8, BARMER, 81, SEDWA, 262545, GODA, 35094, 1202750, Total, 0, 0, 0, 0, 0, 0, 3351554, 3351554
2015, RAJASTHAN, 8, BARMER, 81, SEDWA, 262545, Gira, 262834, 1203492, Roads, 0, 0, 0, 0, 0, 0, 2845751, 2845751
2015, RAJASTHAN, 8, BARMER, 81, SEDWA, 262545, Gira, 262834, 1203492, Total, 0, 0, 0, 0, 0, 0, 2845751, 2845751
2015, RAJASTHAN, 8, BARMER, 81, SEDWA, 262545, HARPALIYA, 35045, 1201970, Administrative & Technical Support, 0, 0, 0, 0, 0, 0, 233260, 233260
2015, RAJASTHAN, 8, BARMER, 81, SEDWA, 262545, HARPALIYA, 35045, 1201970, Drinking water, 0, 0, 0, 0, 0, 0, 1440000, 1440000
2015, RAJASTHAN, 8, BARMER, 81, SEDWA, 262545, HARPALIYA, 35045, 1201970, Public distribution system, 0, 0, 0, 0, 0, 0, 80000, 80000
2015, RAJASTHAN, 8, BARMER, 81, SEDWA, 262545, HARPALIYA, 35045, 1201970, Roads, 0, 0, 0, 0, 0, 0, 500000, 500000
2015, RAJASTHAN, 8, BARMER, 81, SEDWA, 262545, HARPALIYA, 35045, 1201970, Total, 0, 0, 0, 0, 0, 0, 2333260, 2333260
2015, RAJASTHAN, 8, BARMER, 81, SEDWA, 262545, HARPALIYA, 35045, 1201970, Welfare of the weaker sections, 0, 0, 0, 0, 0, 0, 80000, 80000
2015, RAJASTHAN, 8, BARMER, 81, SEDWA, 262545, HATHLA, 35046, 1203012, Administrative & Technical Support, 0, 0, 0, 0, 0, 0, 45680, 45680
2015, RAJASTHAN, 8, BARMER, 81, SEDWA, 262545, HATHLA, 35046, 1203012, Roads, 0, 0, 0, 0, 0, 0, 4250000, 4250000
2015, RAJASTHAN, 8, BARMER, 81, SEDWA, 262545, HATHLA, 35046, 1203012, Total, 0, 0, 0, 0, 0, 0, 4295680, 4295680
2015, RAJASTHAN, 8, BARMER, 81, SEDWA, 262545, JANPALIYA, 35048, 1202992, Administrative & Technical Support, 0, 0, 0, 0, 0, 0, 107782, 107782
2015, RAJASTHAN, 8, BARMER, 81, SEDWA, 262545, JANPALIYA, 35048, 1202992, Roads, 0, 0, 0, 0, 0, 0, 3200000, 3200000
2015, RAJASTHAN, 8, BARMER, 81, SEDWA, 262545, JANPALIYA, 35048, 1202992, Total, 0, 0, 0, 0, 0, 0, 3307782, 3307782
2015, RAJASTHAN, 8, BARMER, 81, SEDWA, 262545, JHARPA, 35049, 1202042, Administrative & Technical Support, 0, 0, 0, 0, 0, 0, 437657, 437657
2015, RAJASTHAN, 8, BARMER, 81, SEDWA, 262545, JHARPA, 35049, 1202042, Drinking water, 0, 0, 0, 0, 0, 0, 1150000, 1150000
2015, RAJASTHAN, 8, BARMER, 81, SEDWA, 262545, JHARPA, 35049, 1202042, Roads, 0, 0, 0, 0, 0, 0, 776000, 776000
2015, RAJASTHAN, 8, BARMER, 81, SEDWA, 262545, JHARPA, 35049, 1202042, Total, 0, 0, 0, 0, 0, 0, 2363657, 2363657
2015, RAJASTHAN, 8, BARMER, 81, SEDWA, 262545, KARTIYA, 35096, 1203540, Administrative & Technical Support, 0, 0, 0, 0, 0, 0, 161441, 161441
2015, RAJASTHAN, 8, BARMER, 81, SEDWA, 262545, KARTIYA, 35096, 1203540, Drinking water, 0, 0, 0, 0, 0, 0, 970000, 970000
2015, RAJASTHAN, 8, BARMER, 81, SEDWA, 262545, KARTIYA, 35096, 1203540, Education, 0, 0, 0, 0, 0, 0, 1000000, 1000000
2015, RAJASTHAN, 8, BARMER, 81, SEDWA, 262545, KARTIYA, 35096, 1203540, Health, 0, 0, 0, 0, 0, 0, 400000, 400000
2015, RAJASTHAN, 8, BARMER, 81, SEDWA, 262545, KARTIYA, 35096, 1203540, Roads, 0, 0, 0, 0, 0, 0, 1800000, 1800000
2015, RAJASTHAN, 8, BARMER, 81, SEDWA, 262545, KARTIYA, 35096, 1203540, Total, 0, 0, 0, 0, 0, 0, 4331441, 4331441
2015, RAJASTHAN, 8, BARMER, 81, SEDWA, 262545, KEKAD, 35097, 1203520, Administrative & Technical Support, 0, 0, 0, 0, 0, 0, 575360, 575360
2015, RAJASTHAN, 8, BARMER, 81, SEDWA, 262545, KEKAD, 35097, 1203520, Drinking water, 0, 0, 0, 0, 0, 0, 1851000, 1851000
2015, RAJASTHAN, 8, BARMER, 81, SEDWA, 262545, KEKAD, 35097, 1203520, Health, 0, 0, 0, 0, 0, 0, 600000, 600000
2015, RAJASTHAN, 8, BARMER, 81, SEDWA, 262545, KEKAD, 35097, 1203520, Roads, 0, 0, 0, 0, 0, 0, 909097, 909097
2015, RAJASTHAN, 8, BARMER, 81, SEDWA, 262545, KEKAD, 35097, 1203520, Total, 0, 0, 0, 0, 0, 0, 3935457, 3935457
2015, RAJASTHAN, 8, BARMER, 81, SEDWA, 262545, Kundanpura, 262835, 1205174, Administrative & Technical Support, 0, 0, 0, 0, 0, 0, 431093, 431093
2015, RAJASTHAN, 8, BARMER, 81, SEDWA, 262545, Kundanpura, 262835, 1205174, Public distribution system, 0, 0, 0, 0, 0, 0, 1000000, 1000000
2015, RAJASTHAN, 8, BARMER, 81, SEDWA, 262545, Kundanpura, 262835, 1205174, Roads, 0, 0, 0, 0, 0, 0, 1000000, 1000000
2015, RAJASTHAN, 8, BARMER, 81, SEDWA, 262545, Kundanpura, 262835, 1205174, Total, 0, 0, 0, 0, 0, 0, 2431093, 2431093
2015, RAJASTHAN, 8, BARMER, 81, SEDWA, 262545, LAKRASAR, 262735, 1203034, Administrative & Technical Support, 0, 0, 0, 0, 0, 0, 26881, 26881
2015, RAJASTHAN, 8, BARMER, 81, SEDWA, 262545, LAKRASAR, 262735, 1203034, Drinking water, 0, 0, 0, 0, 0, 0, 400000, 400000
2015, RAJASTHAN, 8, BARMER, 81, SEDWA, 262545, LAKRASAR, 262735, 1203034, Roads, 0, 0, 0, 0, 0, 0, 2000000, 2000000
2015, RAJASTHAN, 8, BARMER, 81, SEDWA, 262545, LAKRASAR, 262735, 1203034, Total, 0, 0, 0, 0, 0, 0, 2426881, 2426881
2015, RAJASTHAN, 8, BARMER, 81, SEDWA, 262545, NAWATALA BAKHASAR, 35055, 1203043, Administrative & Technical Support, 0, 0, 0, 0, 0, 0, 46035, 46035
2015, RAJASTHAN, 8, BARMER, 81, SEDWA, 262545, NAWATALA BAKHASAR, 35055, 1203043, Drinking water, 0, 0, 0, 0, 0, 0, 140000, 140000
2015, RAJASTHAN, 8, BARMER, 81, SEDWA, 262545, NAWATALA BAKHASAR, 35055, 1203043, Roads, 0, 0, 0, 0, 0, 0, 2000000, 2000000
2015, RAJASTHAN, 8, BARMER, 81, SEDWA, 262545, NAWATALA BAKHASAR, 35055, 1203043, Sanitation, 0, 0, 0, 0, 0, 0, 84000, 84000
2015, RAJASTHAN, 8, BARMER, 81, SEDWA, 262545, NAWATALA BAKHASAR, 35055, 1203043, Total, 0, 0, 0, 0, 0, 0, 2270035, 2270035
2015, RAJASTHAN, 8, BARMER, 81, SEDWA, 262545, Nawapura, 262833, 1203029, Administrative & Technical Support, 0, 0, 0, 0, 0, 0, 1065033, 1065033
2015, RAJASTHAN, 8, BARMER, 81, SEDWA, 262545, Nawapura, 262833, 1203029, Drinking water, 0, 0, 0, 0, 0, 0, 673488, 673488
2015, RAJASTHAN, 8, BARMER, 81, SEDWA, 262545, Nawapura, 262833, 1203029, Public distribution system, 0, 0, 0, 0, 0, 0, 196800, 196800
2015, RAJASTHAN, 8, BARMER, 81, SEDWA, 262545, Nawapura, 262833, 1203029, Roads, 0, 0, 0, 0, 0, 0, 431189, 431189
2015, RAJASTHAN, 8, BARMER, 81, SEDWA, 262545, Nawapura, 262833, 1203029, Total, 0, 0, 0, 0, 0, 0, 2366510, 2366510
2015, RAJASTHAN, 8, BARMER, 81, SEDWA, 262545, OGALA, 35112, 1166383, Administrative & Technical Support, 0, 0, 0, 0, 0, 0, 469085, 469085
2015, RAJASTHAN, 8, BARMER, 81, SEDWA, 262545, OGALA, 35112, 1166383, Drinking water, 0, 0, 0, 0, 0, 0, 770000, 770000
2015, RAJASTHAN, 8, BARMER, 81, SEDWA, 262545, OGALA, 35112, 1166383, Roads, 0, 0, 0, 0, 0, 0, 2000000, 2000000
2015, RAJASTHAN, 8, BARMER, 81, SEDWA, 262545, OGALA, 35112, 1166383, Total, 0, 0, 0, 0, 0, 0, 3239085, 3239085
2015, RAJASTHAN, 8, BARMER, 81, SEDWA, 262545, PANORIYA, 35058, 1207506, Administrative & Technical Support, 0, 0, 0, 0, 0, 0, 1451254, 1451254
2015, RAJASTHAN, 8, BARMER, 81, SEDWA, 262545, PANORIYA, 35058, 1207506, Drinking water, 0, 0, 0, 0, 0, 0, 1131000, 1131000
2015, RAJASTHAN, 8, BARMER, 81, SEDWA, 262545, PANORIYA, 35058, 1207506, Education, 0, 0, 0, 0, 0, 0, 314000, 314000
2015, RAJASTHAN, 8, BARMER, 81, SEDWA, 262545, PANORIYA, 35058, 1207506, Roads, 0, 0, 0, 0, 0, 0, 800000, 800000
2015, RAJASTHAN, 8, BARMER, 81, SEDWA, 262545, PANORIYA, 35058, 1207506, Total, 0, 0, 0, 0, 0, 0, 3696254, 3696254
2015, RAJASTHAN, 8, BARMER, 81, SEDWA, 262545, POONJASAR, 262729, 1203047, Administrative & Technical Support, 0, 0, 0, 0, 0, 0, 578557, 578557
2015, RAJASTHAN, 8, BARMER, 81, SEDWA, 262545, POONJASAR, 262729, 1203047, Drinking water, 0, 0, 0, 0, 0, 0, 300000, 300000
2015, RAJASTHAN, 8, BARMER, 81, SEDWA, 262545, POONJASAR, 262729, 1203047, Roads, 0, 0, 0, 0, 0, 0, 1600000, 1600000
2015, RAJASTHAN, 8, BARMER, 81, SEDWA, 262545, POONJASAR, 262729, 1203047, Total, 0, 0, 0, 0, 0, 0, 2478557, 2478557
2015, RAJASTHAN, 8, BARMER, 81, SEDWA, 262545, Pandhi Ka Niwan, 262775, 1203551, Administrative & Technical Support, 0, 0, 0, 0, 0, 0, 322626, 322626
2015, RAJASTHAN, 8, BARMER, 81, SEDWA, 262545, Pandhi Ka Niwan, 262775, 1203551, Health, 0, 0, 0, 0, 0, 0, 700000, 700000
2015, RAJASTHAN, 8, BARMER, 81, SEDWA, 262545, Pandhi Ka Niwan, 262775, 1203551, Roads, 0, 0, 0, 0, 0, 0, 1400000, 1400000
2015, RAJASTHAN, 8, BARMER, 81, SEDWA, 262545, Pandhi Ka Niwan, 262775, 1203551, Total, 0, 0, 0, 0, 0, 0, 2422626, 2422626
2015, RAJASTHAN, 8, BARMER, 81, SEDWA, 262545, SALARIYA, 35063, 1201985, Administrative & Technical Support, 0, 0, 0, 0, 0, 0, 4688, 4688
2015, RAJASTHAN, 8, BARMER, 81, SEDWA, 262545, SALARIYA, 35063, 1201985, Drinking water, 0, 0, 0, 0, 0, 0, 1470000, 1470000
2015, RAJASTHAN, 8, BARMER, 81, SEDWA, 262545, SALARIYA, 35063, 1201985, Roads, 0, 0, 0, 0, 0, 0, 2500000, 2500000
2015, RAJASTHAN, 8, BARMER, 81, SEDWA, 262545, SALARIYA, 35063, 1201985, Total, 0, 0, 0, 0, 0, 0, 3974688, 3974688
2015, RAJASTHAN, 8, BARMER, 81, SEDWA, 262545, SANWLASI, 262733, 1205504, Administrative & Technical Support, 0, 0, 0, 0, 0, 0, 173890, 173890
2015, RAJASTHAN, 8, BARMER, 81, SEDWA, 262545, SANWLASI, 262733, 1205504, Drinking water, 0, 0, 0, 0, 0, 0, 200000, 200000
2015, RAJASTHAN, 8, BARMER, 81, SEDWA, 262545, SANWLASI, 262733, 1205504, Roads, 0, 0, 0, 0, 0, 0, 2400000, 2400000
2015, RAJASTHAN, 8, BARMER, 81, SEDWA, 262545, SANWLASI, 262733, 1205504, Total, 0, 0, 0, 0, 0, 0, 2773890, 2773890
2015, RAJASTHAN, 8, BARMER, 81, SEDWA, 262545, SARLA, 35064, 1197775, Administrative & Technical Support, 0, 0, 0, 0, 0, 0, 477736, 477736
2015, RAJASTHAN, 8, BARMER, 81, SEDWA, 262545, SARLA, 35064, 1197775, Drinking water, 0, 0, 0, 0, 0, 0, 550000, 550000
2015, RAJASTHAN, 8, BARMER, 81, SEDWA, 262545, SARLA, 35064, 1197775, Health, 0, 0, 0, 0, 0, 0, 291000, 291000
2015, RAJASTHAN, 8, BARMER, 81, SEDWA, 262545, SARLA, 35064, 1197775, Roads, 0, 0, 0, 0, 0, 0, 2200000, 2200000
2015, RAJASTHAN, 8, BARMER, 81, SEDWA, 262545, SARLA, 35064, 1197775, Total, 0, 0, 0, 0, 0, 0, 3518736, 3518736
2015, RAJASTHAN, 8, BARMER, 81, SEDWA, 262545, SATA, 35066, 1203508, Administrative & Technical Support, 0, 0, 0, 0, 0, 0, 86758, 86758
2015, RAJASTHAN, 8, BARMER, 81, SEDWA, 262545, SATA, 35066, 1203508, Agriculture, 0, 0, 0, 0, 0, 0, 500000, 500000
2015, RAJASTHAN, 8, BARMER, 81, SEDWA, 262545, SATA, 35066, 1203508, Drinking water, 0, 0, 0, 0, 0, 0, 900000, 900000
2015, RAJASTHAN, 8, BARMER, 81, SEDWA, 262545, SATA, 35066, 1203508, Education, 0, 0, 0, 0, 0, 0, 400000, 400000
2015, RAJASTHAN, 8, BARMER, 81, SEDWA, 262545, SATA, 35066, 1203508, Roads, 0, 0, 0, 0, 0, 0, 500000, 500000
2015, RAJASTHAN, 8, BARMER, 81, SEDWA, 262545, SATA, 35066, 1203508, Total, 0, 0, 0, 0, 0, 0, 2386758, 2386758
2015, RAJASTHAN, 8, BARMER, 81, SEDWA, 262545, SEDWA, 35068, 1205205, Administrative & Technical Support, 0, 0, 0, 0, 0, 0, 215077, 215077
2015, RAJASTHAN, 8, BARMER, 81, SEDWA, 262545, SEDWA, 35068, 1205205, Roads, 0, 0, 0, 0, 0, 0, 3000000, 3000000
2015, RAJASTHAN, 8, BARMER, 81, SEDWA, 262545, SEDWA, 35068, 1205205, Total, 0, 0, 0, 0, 0, 0, 3215077, 3215077
2015, RAJASTHAN, 8, BARMER, 81, SEDWA, 262545, SHOBHALA DARSAN, 35116, 1203518, Administrative & Technical Support, 0, 0, 0, 0, 0, 0, 296221, 296221
2015, RAJASTHAN, 8, BARMER, 81, SEDWA, 262545, SHOBHALA DARSAN, 35116, 1203518, Roads, 0, 0, 0, 0, 0, 0, 2800000, 2800000
2015, RAJASTHAN, 8, BARMER, 81, SEDWA, 262545, SHOBHALA DARSAN, 35116, 1203518, Total, 0, 0, 0, 0, 0, 0, 3096221, 3096221
2015, RAJASTHAN, 8, BARMER, 81, SEDWA, 262545, SONARI, 35118, 1202030, Administrative & Technical Support, 0, 0, 0, 0, 0, 0, 10098, 10098
2015, RAJASTHAN, 8, BARMER, 81, SEDWA, 262545, SONARI, 35118, 1202030, Drinking water, 0, 0, 0, 0, 0, 0, 450000, 450000
2015, RAJASTHAN, 8, BARMER, 81, SEDWA, 262545, SONARI, 35118, 1202030, Education, 0, 0, 0, 0, 0, 0, 1900000, 1900000
2015, RAJASTHAN, 8, BARMER, 81, SEDWA, 262545, SONARI, 35118, 1202030, Roads, 0, 0, 0, 0, 0, 0, 1600000, 1600000
2015, RAJASTHAN, 8, BARMER, 81, SEDWA, 262545, SONARI, 35118, 1202030, Total, 0, 0, 0, 0, 0, 0, 3960098, 3960098
2015, RAJASTHAN, 8, BARMER, 81, SEDWA, 262545, Sherpur, 262799, 1203062, Administrative & Technical Support, 0, 0, 0, 0, 0, 0, 1769327, 1769327
2015, RAJASTHAN, 8, BARMER, 81, SEDWA, 262545, Sherpur, 262799, 1203062, Drinking water, 0, 0, 0, 0, 0, 0, 140000, 140000
2015, RAJASTHAN, 8, BARMER, 81, SEDWA, 262545, Sherpur, 262799, 1203062, Public distribution system, 0, 0, 0, 0, 0, 0, 250000, 250000
2015, RAJASTHAN, 8, BARMER, 81, SEDWA, 262545, Sherpur, 262799, 1203062, Sanitation, 0, 0, 0, 0, 0, 0, 225000, 225000
2015, RAJASTHAN, 8, BARMER, 81, SEDWA, 262545, Sherpur, 262799, 1203062, Total, 0, 0, 0, 0, 0, 0, 2384327, 2384327
2015, RAJASTHAN, 8, BARMER, 81, SEDWA, 262545, TARLA, 35072, 1205532, Administrative & Technical Support, 0, 0, 0, 0, 0, 0, 49055, 49055
2015, RAJASTHAN, 8, BARMER, 81, SEDWA, 262545, TARLA, 35072, 1205532, Drinking water, 0, 0, 0, 0, 0, 0, 300000, 300000
2015, RAJASTHAN, 8, BARMER, 81, SEDWA, 262545, TARLA, 35072, 1205532, Education, 0, 0, 0, 0, 0, 0, 600000, 600000
2015, RAJASTHAN, 8, BARMER, 81, SEDWA, 262545, TARLA, 35072, 1205532, Roads, 0, 0, 0, 0, 0, 0, 1200000, 1200000
2015, RAJASTHAN, 8, BARMER, 81, SEDWA, 262545, TARLA, 35072, 1205532, Total, 0, 0, 0, 0, 0, 0, 2149055, 2149055
2015, RAJASTHAN, 8, BARMER, 81, SHEO, 1191, AAKLI, 35121, 1166272, Administrative & Technical Support, 0, 0, 0, 0, 0, 0, 30335, 30335
2015, RAJASTHAN, 8, BARMER, 81, SHEO, 1191, AAKLI, 35121, 1166272, Maintenance of community system, 0, 0, 0, 0, 0, 0, 780000, 780000
2015, RAJASTHAN, 8, BARMER, 81, SHEO, 1191, AAKLI, 35121, 1166272, Roads, 0, 0, 0, 0, 0, 0, 750000, 750000
2015, RAJASTHAN, 8, BARMER, 81, SHEO, 1191, AAKLI, 35121, 1166272, Sanitation, 0, 0, 0, 0, 0, 0, 101245, 101245
2015, RAJASTHAN, 8, BARMER, 81, SHEO, 1191, AAKLI, 35121, 1166272, Total, 0, 0, 0, 0, 0, 0, 1661580, 1661580
2015, RAJASTHAN, 8, BARMER, 81, SHEO, 1191, ARANG, 35122, 1161985, Administrative & Technical Support, 0, 0, 0, 0, 0, 0, 124532, 124532
2015, RAJASTHAN, 8, BARMER, 81, SHEO, 1191, ARANG, 35122, 1161985, Drinking water, 0, 0, 0, 0, 0, 0, 1510000, 1510000
2015, RAJASTHAN, 8, BARMER, 81, SHEO, 1191, ARANG, 35122, 1161985, Roads, 0, 0, 0, 0, 0, 0, 549000, 549000
2015, RAJASTHAN, 8, BARMER, 81, SHEO, 1191, ARANG, 35122, 1161985, Sanitation, 0, 0, 0, 0, 0, 0, 150000, 150000
2015, RAJASTHAN, 8, BARMER, 81, SHEO, 1191, ARANG, 35122, 1161985, Total, 0, 0, 0, 0, 0, 0, 2333532, 2333532
2015, RAJASTHAN, 8, BARMER, 81, SHEO, 1191, BALAI, 262397, 1163022, Administrative & Technical Support, 0, 0, 0, 0, 0, 0, 47785, 47785
2015, RAJASTHAN, 8, BARMER, 81, SHEO, 1191, BALAI, 262397, 1163022, Drinking water, 0, 0, 0, 0, 0, 0, 664249, 664249
2015, RAJASTHAN, 8, BARMER, 81, SHEO, 1191, BALAI, 262397, 1163022, Education, 0, 0, 0, 0, 0, 0, 973922, 973922
2015, RAJASTHAN, 8, BARMER, 81, SHEO, 1191, BALAI, 262397, 1163022, Sanitation, 0, 0, 0, 0, 0, 0, 602000, 602000
2015, RAJASTHAN, 8, BARMER, 81, SHEO, 1191, BALAI, 262397, 1163022, Total, 0, 0, 0, 0, 0, 0, 2287956, 2287956
2015, RAJASTHAN, 8, BARMER, 81, SHEO, 1191, BALASAR, 35124, 1163323, Drinking water, 0, 0, 0, 0, 0, 0, 500000, 500000
2015, RAJASTHAN, 8, BARMER, 81, SHEO, 1191, BALASAR, 35124, 1163323, Education, 0, 0, 0, 0, 0, 0, 118000, 118000
2015, RAJASTHAN, 8, BARMER, 81, SHEO, 1191, BALASAR, 35124, 1163323, Maintenance of community system, 0, 0, 0, 0, 0, 0, 127500, 127500
2015, RAJASTHAN, 8, BARMER, 81, SHEO, 1191, BALASAR, 35124, 1163323, Roads, 0, 0, 0, 0, 0, 0, 500000, 500000
2015, RAJASTHAN, 8, BARMER, 81, SHEO, 1191, BALASAR, 35124, 1163323, Sanitation, 0, 0, 0, 0, 0, 0, 257999, 257999
2015, RAJASTHAN, 8, BARMER, 81, SHEO, 1191, BALASAR, 35124, 1163323, Total, 0, 0, 0, 0, 0, 0, 1503499, 1503499
2015, RAJASTHAN, 8, BARMER, 81, SHEO, 1191, BHINYAR, 35127, 1163412, Administrative & Technical Support, 0, 0, 0, 0, 0, 0, 246439, 246439
2015, RAJASTHAN, 8, BARMER, 81, SHEO, 1191, BHINYAR, 35127, 1163412, Drinking water, 0, 0, 0, 0, 0, 0, 3023557, 3023557
2015, RAJASTHAN, 8, BARMER, 81, SHEO, 1191, BHINYAR, 35127, 1163412, Roads, 0, 0, 0, 0, 0, 0, 750000, 750000
2015, RAJASTHAN, 8, BARMER, 81, SHEO, 1191, BHINYAR, 35127, 1163412, Sanitation, 0, 0, 0, 0, 0, 0, 300000, 300000
2015, RAJASTHAN, 8, BARMER, 81, SHEO, 1191, BHINYAR, 35127, 1163412, Total, 0, 0, 0, 0, 0, 0, 4319996, 4319996
2015, RAJASTHAN, 8, BARMER, 81, SHEO, 1191, BISOO KALLAN, 35129, 1161558, Roads, 0, 0, 0, 0, 0, 0, 1370000, 1370000
2015, RAJASTHAN, 8, BARMER, 81, SHEO, 1191, BISOO KALLAN, 35129, 1161558, Total, 0, 0, 0, 0, 0, 0, 1370000, 1370000
2015, RAJASTHAN, 8, BARMER, 81, SHEO, 1191, CHOCHRA, 35131, 1163336, Administrative & Technical Support, 0, 0, 0, 0, 0, 0, 110758, 110758
2015, RAJASTHAN, 8, BARMER, 81, SHEO, 1191, CHOCHRA, 35131, 1163336, Drinking water, 0, 0, 0, 0, 0, 0, 2064571, 2064571
2015, RAJASTHAN, 8, BARMER, 81, SHEO, 1191, CHOCHRA, 35131, 1163336, Roads, 0, 0, 0, 0, 0, 0, 578000, 578000
2015, RAJASTHAN, 8, BARMER, 81, SHEO, 1191, CHOCHRA, 35131, 1163336, Total, 0, 0, 0, 0, 0, 0, 2753329, 2753329
2015, RAJASTHAN, 8, BARMER, 81, SHEO, 1191, DHARVI KALAN, 35132, 1161458, Administrative & Technical Support, 0, 0, 0, 0, 0, 0, 20892, 20892
2015, RAJASTHAN, 8, BARMER, 81, SHEO, 1191, DHARVI KALAN, 35132, 1161458, Roads, 0, 0, 0, 0, 0, 0, 450000, 450000
2015, RAJASTHAN, 8, BARMER, 81, SHEO, 1191, DHARVI KALAN, 35132, 1161458, Sanitation, 0, 0, 0, 0, 0, 0, 100000, 100000
2015, RAJASTHAN, 8, BARMER, 81, SHEO, 1191, DHARVI KALAN, 35132, 1161458, Total, 0, 0, 0, 0, 0, 0, 570892, 570892
2015, RAJASTHAN, 8, BARMER, 81, SHEO, 1191, DHARWI KHURD, 262396, 1162577, Administrative & Technical Support, 0, 0, 0, 0, 0, 0, 130267, 130267
2015, RAJASTHAN, 8, BARMER, 81, SHEO, 1191, DHARWI KHURD, 262396, 1162577, Drinking water, 0, 0, 0, 0, 0, 0, 1105906, 1105906
2015, RAJASTHAN, 8, BARMER, 81, SHEO, 1191, DHARWI KHURD, 262396, 1162577, Education, 0, 0, 0, 0, 0, 0, 753192, 753192
2015, RAJASTHAN, 8, BARMER, 81, SHEO, 1191, DHARWI KHURD, 262396, 1162577, Maintenance of community system, 0, 0, 0, 0, 0, 0, 258176, 258176
2015, RAJASTHAN, 8, BARMER, 81, SHEO, 1191, DHARWI KHURD, 262396, 1162577, Total, 0, 0, 0, 0, 0, 0, 2247541, 2247541
2015, RAJASTHAN, 8, BARMER, 81, SHEO, 1191, GUNGA, 35135, 1161584, Administrative & Technical Support, 0, 0, 0, 0, 0, 0, 100000, 100000
2015, RAJASTHAN, 8, BARMER, 81, SHEO, 1191, GUNGA, 35135, 1161584, Drinking water, 0, 0, 0, 0, 0, 0, 150000, 150000
2015, RAJASTHAN, 8, BARMER, 81, SHEO, 1191, GUNGA, 35135, 1161584, Roads, 0, 0, 0, 0, 0, 0, 1300000, 1300000
2015, RAJASTHAN, 8, BARMER, 81, SHEO, 1191, GUNGA, 35135, 1161584, Sanitation, 0, 0, 0, 0, 0, 0, 349180, 349180
2015, RAJASTHAN, 8, BARMER, 81, SHEO, 1191, GUNGA, 35135, 1161584, Total, 0, 0, 0, 0, 0, 0, 1899180, 1899180
2015, RAJASTHAN, 8, BARMER, 81, SHEO, 1191, HATHISINGH KA GAON, 35137, 1163347, Administrative & Technical Support, 0, 0, 0, 0, 0, 0, 46125, 46125
2015, RAJASTHAN, 8, BARMER, 81, SHEO, 1191, HATHISINGH KA GAON, 35137, 1163347, Drinking water, 0, 0, 0, 0, 0, 0, 700000, 700000
2015, RAJASTHAN, 8, BARMER, 81, SHEO, 1191, HATHISINGH KA GAON, 35137, 1163347, Roads, 0, 0, 0, 0, 0, 0, 1400000, 1400000
2015, RAJASTHAN, 8, BARMER, 81, SHEO, 1191, HATHISINGH KA GAON, 35137, 1163347, Sanitation, 0, 0, 0, 0, 0, 0, 210879, 210879
2015, RAJASTHAN, 8, BARMER, 81, SHEO, 1191, HATHISINGH KA GAON, 35137, 1163347, Total, 0, 0, 0, 0, 0, 0, 2357004, 2357004
2015, RAJASTHAN, 8, BARMER, 81, SHEO, 1191, Harwa, 262398, 1161889, Administrative & Technical Support, 0, 0, 0, 0, 0, 0, 79915, 79915
2015, RAJASTHAN, 8, BARMER, 81, SHEO, 1191, Harwa, 262398, 1161889, Drinking water, 0, 0, 0, 0, 0, 0, 1100000, 1100000
2015, RAJASTHAN, 8, BARMER, 81, SHEO, 1191, Harwa, 262398, 1161889, Roads, 0, 0, 0, 0, 0, 0, 1026000, 1026000
2015, RAJASTHAN, 8, BARMER, 81, SHEO, 1191, Harwa, 262398, 1161889, Sanitation, 0, 0, 0, 0, 0, 0, 55608, 55608
2015, RAJASTHAN, 8, BARMER, 81, SHEO, 1191, Harwa, 262398, 1161889, Total, 0, 0, 0, 0, 0, 0, 2261523, 2261523
2015, RAJASTHAN, 8, BARMER, 81, SHEO, 1191, JHANPHALEE KALLAN, 35141, 1163162, Drinking water, 0, 0, 0, 0, 0, 0, 2469449, 2469449
2015, RAJASTHAN, 8, BARMER, 81, SHEO, 1191, JHANPHALEE KALLAN, 35141, 1163162, Sanitation, 0, 0, 0, 0, 0, 0, 200000, 200000
2015, RAJASTHAN, 8, BARMER, 81, SHEO, 1191, JHANPHALEE KALLAN, 35141, 1163162, Total, 0, 0, 0, 0, 0, 0, 2669449, 2669449
2015, RAJASTHAN, 8, BARMER, 81, SHEO, 1191, JONEJO KI BASTI, 262399, 1161550, Maintenance of community system, 0, 0, 0, 0, 0, 0, 999776, 999776
2015, RAJASTHAN, 8, BARMER, 81, SHEO, 1191, JONEJO KI BASTI, 262399, 1161550, Roads, 0, 0, 0, 0, 0, 0, 975028, 975028
2015, RAJASTHAN, 8, BARMER, 81, SHEO, 1191, JONEJO KI BASTI, 262399, 1161550, Sanitation, 0, 0, 0, 0, 0, 0, 180611, 180611
2015, RAJASTHAN, 8, BARMER, 81, SHEO, 1191, JONEJO KI BASTI, 262399, 1161550, Total, 0, 0, 0, 0, 0, 0, 2155415, 2155415
2015, RAJASTHAN, 8, BARMER, 81, SHEO, 1191, KANASAR, 35142, 1163079, Administrative & Technical Support, 0, 0, 0, 0, 0, 0, 5045, 5045
2015, RAJASTHAN, 8, BARMER, 81, SHEO, 1191, KANASAR, 35142, 1163079, Drinking water, 0, 0, 0, 0, 0, 0, 500000, 500000
2015, RAJASTHAN, 8, BARMER, 81, SHEO, 1191, KANASAR, 35142, 1163079, Education, 0, 0, 0, 0, 0, 0, 600000, 600000
2015, RAJASTHAN, 8, BARMER, 81, SHEO, 1191, KANASAR, 35142, 1163079, Maintenance of community system, 0, 0, 0, 0, 0, 0, 210000, 210000
2015, RAJASTHAN, 8, BARMER, 81, SHEO, 1191, KANASAR, 35142, 1163079, Roads, 0, 0, 0, 0, 0, 0, 500000, 500000
2015, RAJASTHAN, 8, BARMER, 81, SHEO, 1191, KANASAR, 35142, 1163079, Sanitation, 0, 0, 0, 0, 0, 0, 402000, 402000
2015, RAJASTHAN, 8, BARMER, 81, SHEO, 1191, KANASAR, 35142, 1163079, Total, 0, 0, 0, 0, 0, 0, 2217045, 2217045
2015, RAJASTHAN, 8, BARMER, 81, SHEO, 1191, KASHMIR, 35143, 1162108, Administrative & Technical Support, 0, 0, 0, 0, 0, 0, 96071, 96071
2015, RAJASTHAN, 8, BARMER, 81, SHEO, 1191, KASHMIR, 35143, 1162108, Drinking water, 0, 0, 0, 0, 0, 0, 800000, 800000
2015, RAJASTHAN, 8, BARMER, 81, SHEO, 1191, KASHMIR, 35143, 1162108, Education, 0, 0, 0, 0, 0, 0, 900000, 900000
2015, RAJASTHAN, 8, BARMER, 81, SHEO, 1191, KASHMIR, 35143, 1162108, Roads, 0, 0, 0, 0, 0, 0, 500000, 500000
2015, RAJASTHAN, 8, BARMER, 81, SHEO, 1191, KASHMIR, 35143, 1162108, Social welfare, 0, 0, 0, 0, 0, 0, 200000, 200000
2015, RAJASTHAN, 8, BARMER, 81, SHEO, 1191, KASHMIR, 35143, 1162108, Total, 0, 0, 0, 0, 0, 0, 2496071, 2496071
2015, RAJASTHAN, 8, BARMER, 81, SHEO, 1191, KOTRA, 35148, 1165905, Administrative & Technical Support, 0, 0, 0, 0, 0, 0, 29192, 29192
2015, RAJASTHAN, 8, BARMER, 81, SHEO, 1191, KOTRA, 35148, 1165905, Drinking water, 0, 0, 0, 0, 0, 0, 810000, 810000
2015, RAJASTHAN, 8, BARMER, 81, SHEO, 1191, KOTRA, 35148, 1165905, Education, 0, 0, 0, 0, 0, 0, 500000, 500000
2015, RAJASTHAN, 8, BARMER, 81, SHEO, 1191, KOTRA, 35148, 1165905, Roads, 0, 0, 0, 0, 0, 0, 500000, 500000
2015, RAJASTHAN, 8, BARMER, 81, SHEO, 1191, KOTRA, 35148, 1165905, Sanitation, 0, 0, 0, 0, 0, 0, 16966, 16966
2015, RAJASTHAN, 8, BARMER, 81, SHEO, 1191, KOTRA, 35148, 1165905, Total, 0, 0, 0, 0, 0, 0, 1856158, 1856158
2015, RAJASTHAN, 8, BARMER, 81, SHEO, 1191, MOKHAB KALLAN, 35149, 1161538, Drinking water, 0, 0, 0, 0, 0, 0, 855000, 855000
2015, RAJASTHAN, 8, BARMER, 81, SHEO, 1191, MOKHAB KALLAN, 35149, 1161538, Education, 0, 0, 0, 0, 0, 0, 135000, 135000
2015, RAJASTHAN, 8, BARMER, 81, SHEO, 1191, MOKHAB KALLAN, 35149, 1161538, Total, 0, 0, 0, 0, 0, 0, 990000, 990000
2015, RAJASTHAN, 8, BARMER, 81, SHEO, 1191, MUNGERIYA, 35150, 1161498, Drinking water, 0, 0, 0, 0, 0, 0, 268658, 268658
2015, RAJASTHAN, 8, BARMER, 81, SHEO, 1191, MUNGERIYA, 35150, 1161498, Education, 0, 0, 0, 0, 0, 0, 1000000, 1000000
2015, RAJASTHAN, 8, BARMER, 81, SHEO, 1191, MUNGERIYA, 35150, 1161498, Sanitation, 0, 0, 0, 0, 0, 0, 318575, 318575
2015, RAJASTHAN, 8, BARMER, 81, SHEO, 1191, MUNGERIYA, 35150, 1161498, Total, 0, 0, 0, 0, 0, 0, 1587233, 1587233
2015, RAJASTHAN, 8, BARMER, 81, SHEO, 1191, NAGARDA, 35151, 1163626, Drinking water, 0, 0, 0, 0, 0, 0, 1679000, 1679000
2015, RAJASTHAN, 8, BARMER, 81, SHEO, 1191, NAGARDA, 35151, 1163626, Roads, 0, 0, 0, 0, 0, 0, 648250, 648250
2015, RAJASTHAN, 8, BARMER, 81, SHEO, 1191, NAGARDA, 35151, 1163626, Total, 0, 0, 0, 0, 0, 0, 2327250, 2327250
2015, RAJASTHAN, 8, BARMER, 81, SHEO, 1191, NEEMBLA, 35152, 1161534, Administrative & Technical Support, 0, 0, 0, 0, 0, 0, 157423, 157423
2015, RAJASTHAN, 8, BARMER, 81, SHEO, 1191, NEEMBLA, 35152, 1161534, Drinking water, 0, 0, 0, 0, 0, 0, 50000, 50000
2015, RAJASTHAN, 8, BARMER, 81, SHEO, 1191, NEEMBLA, 35152, 1161534, Education, 0, 0, 0, 0, 0, 0, 600000, 600000
2015, RAJASTHAN, 8, BARMER, 81, SHEO, 1191, NEEMBLA, 35152, 1161534, Roads, 0, 0, 0, 0, 0, 0, 560000, 560000
2015, RAJASTHAN, 8, BARMER, 81, SHEO, 1191, NEEMBLA, 35152, 1161534, Sanitation, 0, 0, 0, 0, 0, 0, 200000, 200000
2015, RAJASTHAN, 8, BARMER, 81, SHEO, 1191, NEEMBLA, 35152, 1161534, Social welfare, 0, 0, 0, 0, 0, 0, 800000, 800000
2015, RAJASTHAN, 8, BARMER, 81, SHEO, 1191, NEEMBLA, 35152, 1161534, Total, 0, 0, 0, 0, 0, 0, 2367423, 2367423
2015, RAJASTHAN, 8, BARMER, 81, SHEO, 1191, POSHAL, 262395, 1162073, Administrative & Technical Support, 0, 0, 0, 0, 0, 0, 26955, 26955
2015, RAJASTHAN, 8, BARMER, 81, SHEO, 1191, POSHAL, 262395, 1162073, Drinking water, 0, 0, 0, 0, 0, 0, 570000, 570000
2015, RAJASTHAN, 8, BARMER, 81, SHEO, 1191, POSHAL, 262395, 1162073, Roads, 0, 0, 0, 0, 0, 0, 345700, 345700
2015, RAJASTHAN, 8, BARMER, 81, SHEO, 1191, POSHAL, 262395, 1162073, Sanitation, 0, 0, 0, 0, 0, 0, 100000, 100000
2015, RAJASTHAN, 8, BARMER, 81, SHEO, 1191, POSHAL, 262395, 1162073, Social welfare, 0, 0, 0, 0, 0, 0, 300300, 300300
2015, RAJASTHAN, 8, BARMER, 81, SHEO, 1191, POSHAL, 262395, 1162073, Total, 0, 0, 0, 0, 0, 0, 1342955, 1342955
2015, RAJASTHAN, 8, BARMER, 81, SHEO, 1191, RAJBERA, 35154, 1161275, Drinking water, 0, 0, 0, 0, 0, 0, 850000, 850000
2015, RAJASTHAN, 8, BARMER, 81, SHEO, 1191, RAJBERA, 35154, 1161275, Education, 0, 0, 0, 0, 0, 0, 1180501, 1180501
2015, RAJASTHAN, 8, BARMER, 81, SHEO, 1191, RAJBERA, 35154, 1161275, Sanitation, 0, 0, 0, 0, 0, 0, 600000, 600000
2015, RAJASTHAN, 8, BARMER, 81, SHEO, 1191, RAJBERA, 35154, 1161275, Social welfare, 0, 0, 0, 0, 0, 0, 500000, 500000
2015, RAJASTHAN, 8, BARMER, 81, SHEO, 1191, RAJBERA, 35154, 1161275, Total, 0, 0, 0, 0, 0, 0, 3130501, 3130501
2015, RAJASTHAN, 8, BARMER, 81, SHEO, 1191, RAJDAL, 35155, 1163084, Administrative & Technical Support, 0, 0, 0, 0, 0, 0, 23792, 23792
2015, RAJASTHAN, 8, BARMER, 81, SHEO, 1191, RAJDAL, 35155, 1163084, Drinking water, 0, 0, 0, 0, 0, 0, 800000, 800000
2015, RAJASTHAN, 8, BARMER, 81, SHEO, 1191, RAJDAL, 35155, 1163084, Health, 0, 0, 0, 0, 0, 0, 50000, 50000
2015, RAJASTHAN, 8, BARMER, 81, SHEO, 1191, RAJDAL, 35155, 1163084, Land improvement, 0, 0, 0, 0, 0, 0, 797400, 797400
2015, RAJASTHAN, 8, BARMER, 81, SHEO, 1191, RAJDAL, 35155, 1163084, Roads, 0, 0, 0, 0, 0, 0, 1284000, 1284000
2015, RAJASTHAN, 8, BARMER, 81, SHEO, 1191, RAJDAL, 35155, 1163084, Sanitation, 0, 0, 0, 0, 0, 0, 86644, 86644
2015, RAJASTHAN, 8, BARMER, 81, SHEO, 1191, RAJDAL, 35155, 1163084, Total, 0, 0, 0, 0, 0, 0, 3091836, 3091836
2015, RAJASTHAN, 8, BARMER, 81, SHEO, 1191, RAJDAL, 35155, 1163084, Welfare of the weaker sections, 0, 0, 0, 0, 0, 0, 50000, 50000
2015, RAJASTHAN, 8, BARMER, 81, SHEO, 1191, SHEO, 35160, 1161432, Administrative & Technical Support, 0, 0, 0, 0, 0, 0, 231258, 231258
2015, RAJASTHAN, 8, BARMER, 81, SHEO, 1191, SHEO, 35160, 1161432, Drinking water, 0, 0, 0, 0, 0, 0, 727000, 727000
2015, RAJASTHAN, 8, BARMER, 81, SHEO, 1191, SHEO, 35160, 1161432, Maintenance of community system, 0, 0, 0, 0, 0, 0, 823000, 823000
2015, RAJASTHAN, 8, BARMER, 81, SHEO, 1191, SHEO, 35160, 1161432, Roads, 0, 0, 0, 0, 0, 0, 1650000, 1650000
2015, RAJASTHAN, 8, BARMER, 81, SHEO, 1191, SHEO, 35160, 1161432, Sanitation, 0, 0, 0, 0, 0, 0, 200000, 200000
2015, RAJASTHAN, 8, BARMER, 81, SHEO, 1191, SHEO, 35160, 1161432, Total, 0, 0, 0, 0, 0, 0, 3631258, 3631258
2015, RAJASTHAN, 8, BARMER, 81, SHEO, 1191, SWAMI KA GAON, 35162, 1163322, Administrative & Technical Support, 0, 0, 0, 0, 0, 0, 242319, 242319
2015, RAJASTHAN, 8, BARMER, 81, SHEO, 1191, SWAMI KA GAON, 35162, 1163322, Drinking water, 0, 0, 0, 0, 0, 0, 450000, 450000
2015, RAJASTHAN, 8, BARMER, 81, SHEO, 1191, SWAMI KA GAON, 35162, 1163322, Education, 0, 0, 0, 0, 0, 0, 500000, 500000
2015, RAJASTHAN, 8, BARMER, 81, SHEO, 1191, SWAMI KA GAON, 35162, 1163322, Roads, 0, 0, 0, 0, 0, 0, 1168000, 1168000
2015, RAJASTHAN, 8, BARMER, 81, SHEO, 1191, SWAMI KA GAON, 35162, 1163322, Sanitation, 0, 0, 0, 0, 0, 0, 100000, 100000
2015, RAJASTHAN, 8, BARMER, 81, SHEO, 1191, SWAMI KA GAON, 35162, 1163322, Total, 0, 0, 0, 0, 0, 0, 2460319, 2460319
2015, RAJASTHAN, 8, BARMER, 81, SHEO, 1191, UNDOO, 35165, 1161570, Administrative & Technical Support, 0, 0, 0, 0, 0, 0, 1000, 1000
2015, RAJASTHAN, 8, BARMER, 81, SHEO, 1191, UNDOO, 35165, 1161570, Roads, 0, 0, 0, 0, 0, 0, 999000, 999000
2015, RAJASTHAN, 8, BARMER, 81, SHEO, 1191, UNDOO, 35165, 1161570, Total, 0, 0, 0, 0, 0, 0, 1000000, 1000000
2015, RAJASTHAN, 8, BARMER, 81, SINDHARI, 1192, ADEL, 35167, 1200077, Drinking water, 0, 0, 0, 0, 0, 0, 1892433, 1892433
2015, RAJASTHAN, 8, BARMER, 81, SINDHARI, 1192, ADEL, 35167, 1200077, Education, 0, 0, 0, 0, 0, 0, 361895, 361895
2015, RAJASTHAN, 8, BARMER, 81, SINDHARI, 1192, ADEL, 35167, 1200077, Roads, 0, 0, 0, 0, 0, 0, 1200000, 1200000
2015, RAJASTHAN, 8, BARMER, 81, SINDHARI, 1192, ADEL, 35167, 1200077, Sanitation, 0, 0, 0, 0, 0, 0, 600000, 600000
2015, RAJASTHAN, 8, BARMER, 81, SINDHARI, 1192, ADEL, 35167, 1200077, Total, 0, 0, 0, 0, 0, 0, 4054328, 4054328
2015, RAJASTHAN, 8, BARMER, 81, SINDHARI, 1192, Ariniyali Mahechan, 262559, 1200094, Administrative & Technical Support, 0, 0, 0, 0, 0, 0, 293195, 293195
2015, RAJASTHAN, 8, BARMER, 81, SINDHARI, 1192, Ariniyali Mahechan, 262559, 1200094, Drinking water, 0, 0, 0, 0, 0, 0, 328242, 328242
2015, RAJASTHAN, 8, BARMER, 81, SINDHARI, 1192, Ariniyali Mahechan, 262559, 1200094, Education, 0, 0, 0, 0, 0, 0, 260000, 260000
2015, RAJASTHAN, 8, BARMER, 81, SINDHARI, 1192, Ariniyali Mahechan, 262559, 1200094, Roads, 0, 0, 0, 0, 0, 0, 1000000, 1000000
2015, RAJASTHAN, 8, BARMER, 81, SINDHARI, 1192, Ariniyali Mahechan, 262559, 1200094, Sanitation, 0, 0, 0, 0, 0, 0, 500000, 500000
2015, RAJASTHAN, 8, BARMER, 81, SINDHARI, 1192, Ariniyali Mahechan, 262559, 1200094, Total, 0, 0, 0, 0, 0, 0, 2381437, 2381437
2015, RAJASTHAN, 8, BARMER, 81, SINDHARI, 1192, BHOOKA BHAGATSINGH, 35170, 1172535, Drinking water, 0, 0, 0, 0, 0, 0, 460000, 460000
2015, RAJASTHAN, 8, BARMER, 81, SINDHARI, 1192, BHOOKA BHAGATSINGH, 35170, 1172535, Education, 0, 0, 0, 0, 0, 0, 1182000, 1182000
2015, RAJASTHAN, 8, BARMER, 81, SINDHARI, 1192, BHOOKA BHAGATSINGH, 35170, 1172535, Total, 0, 0, 0, 0, 0, 0, 1642000, 1642000
2015, RAJASTHAN, 8, BARMER, 81, SINDHARI, 1192, BILASAR, 262204, 1199878, Drinking water, 0, 0, 0, 0, 0, 0, 100000, 100000
2015, RAJASTHAN, 8, BARMER, 81, SINDHARI, 1192, BILASAR, 262204, 1199878, Maintenance of community system, 0, 0, 0, 0, 0, 0, 1873058, 1873058
2015, RAJASTHAN, 8, BARMER, 81, SINDHARI, 1192, BILASAR, 262204, 1199878, Total, 0, 0, 0, 0, 0, 0, 1973058, 1973058
2015, RAJASTHAN, 8, BARMER, 81, SINDHARI, 1192, Bhata, 262566, 1179705, Administrative & Technical Support, 0, 0, 0, 0, 0, 0, 125716, 125716
2015, RAJASTHAN, 8, BARMER, 81, SINDHARI, 1192, Bhata, 262566, 1179705, Maintenance of community system, 0, 0, 0, 0, 0, 0, 1500000, 1500000
2015, RAJASTHAN, 8, BARMER, 81, SINDHARI, 1192, Bhata, 262566, 1179705, Total, 0, 0, 0, 0, 0, 0, 1625716, 1625716
2015, RAJASTHAN, 8, BARMER, 81, SINDHARI, 1192, CHADO KI DHANI, 262542, 1167788, Administrative & Technical Support, 0, 0, 0, 0, 0, 0, 140900, 140900
2015, RAJASTHAN, 8, BARMER, 81, SINDHARI, 1192, CHADO KI DHANI, 262542, 1167788, Maintenance of community system, 0, 0, 0, 0, 0, 0, 1500000, 1500000
2015, RAJASTHAN, 8, BARMER, 81, SINDHARI, 1192, CHADO KI DHANI, 262542, 1167788, Total, 0, 0, 0, 0, 0, 0, 1640900, 1640900
2015, RAJASTHAN, 8, BARMER, 81, SINDHARI, 1192, DAKHAN, 35175, 1163919, Administrative & Technical Support, 0, 0, 0, 0, 0, 0, 103177, 103177
2015, RAJASTHAN, 8, BARMER, 81, SINDHARI, 1192, DAKHAN, 35175, 1163919, Cultural activities, 0, 0, 0, 0, 0, 0, 698000, 698000
2015, RAJASTHAN, 8, BARMER, 81, SINDHARI, 1192, DAKHAN, 35175, 1163919, Drinking water, 0, 0, 0, 0, 0, 0, 1850000, 1850000
2015, RAJASTHAN, 8, BARMER, 81, SINDHARI, 1192, DAKHAN, 35175, 1163919, Roads, 0, 0, 0, 0, 0, 0, 1312038, 1312038
2015, RAJASTHAN, 8, BARMER, 81, SINDHARI, 1192, DAKHAN, 35175, 1163919, Sanitation, 0, 0, 0, 0, 0, 0, 534299, 534299
2015, RAJASTHAN, 8, BARMER, 81, SINDHARI, 1192, DAKHAN, 35175, 1163919, Total, 0, 0, 0, 0, 0, 0, 4497514, 4497514
2015, RAJASTHAN, 8, BARMER, 81, SINDHARI, 1192, DANDALI, 35174, 1196840, Drinking water, 0, 0, 0, 0, 0, 0, 367826, 367826
2015, RAJASTHAN, 8, BARMER, 81, SINDHARI, 1192, DANDALI, 35174, 1196840, Education, 0, 0, 0, 0, 0, 0, 1315336, 1315336
2015, RAJASTHAN, 8, BARMER, 81, SINDHARI, 1192, DANDALI, 35174, 1196840, Roads, 0, 0, 0, 0, 0, 0, 905492, 905492
2015, RAJASTHAN, 8, BARMER, 81, SINDHARI, 1192, DANDALI, 35174, 1196840, Sanitation, 0, 0, 0, 0, 0, 0, 366280, 366280
2015, RAJASTHAN, 8, BARMER, 81, SINDHARI, 1192, DANDALI, 35174, 1196840, Total, 0, 0, 0, 0, 0, 0, 2954934, 2954934
2015, RAJASTHAN, 8, BARMER, 81, SINDHARI, 1192, DHANWA, 35176, 1177453, Education, 0, 0, 0, 0, 0, 0, 100000, 100000
2015, RAJASTHAN, 8, BARMER, 81, SINDHARI, 1192, DHANWA, 35176, 1177453, Maintenance of community system, 0, 0, 0, 0, 0, 0, 200000, 200000
2015, RAJASTHAN, 8, BARMER, 81, SINDHARI, 1192, DHANWA, 35176, 1177453, Total, 0, 0, 0, 0, 0, 0, 300000, 300000
2015, RAJASTHAN, 8, BARMER, 81, SINDHARI, 1192, ED - SINDHARI, 35178, 1197744, Drinking water, 0, 0, 0, 0, 0, 0, 1100000, 1100000
2015, RAJASTHAN, 8, BARMER, 81, SINDHARI, 1192, ED - SINDHARI, 35178, 1197744, Education, 0, 0, 0, 0, 0, 0, 1937568, 1937568
2015, RAJASTHAN, 8, BARMER, 81, SINDHARI, 1192, ED - SINDHARI, 35178, 1197744, Sanitation, 0, 0, 0, 0, 0, 0, 596067, 596067
2015, RAJASTHAN, 8, BARMER, 81, SINDHARI, 1192, ED - SINDHARI, 35178, 1197744, Total, 0, 0, 0, 0, 0, 0, 3633635, 3633635
2015, RAJASTHAN, 8, BARMER, 81, SINDHARI, 1192, HODOO, 35180, 1172474, Maintenance of community system, 0, 0, 0, 0, 0, 0, 750000, 750000
2015, RAJASTHAN, 8, BARMER, 81, SINDHARI, 1192, HODOO, 35180, 1172474, Roads, 0, 0, 0, 0, 0, 0, 748000, 748000
2015, RAJASTHAN, 8, BARMER, 81, SINDHARI, 1192, HODOO, 35180, 1172474, Sanitation, 0, 0, 0, 0, 0, 0, 200000, 200000
2015, RAJASTHAN, 8, BARMER, 81, SINDHARI, 1192, HODOO, 35180, 1172474, Total, 0, 0, 0, 0, 0, 0, 1698000, 1698000
2015, RAJASTHAN, 8, BARMER, 81, SINDHARI, 1192, JUNA MEETHA KHEDA, 35181, 1172638, Drinking water, 0, 0, 0, 0, 0, 0, 675000, 675000
2015, RAJASTHAN, 8, BARMER, 81, SINDHARI, 1192, JUNA MEETHA KHEDA, 35181, 1172638, Roads, 0, 0, 0, 0, 0, 0, 999965, 999965
2015, RAJASTHAN, 8, BARMER, 81, SINDHARI, 1192, JUNA MEETHA KHEDA, 35181, 1172638, Total, 0, 0, 0, 0, 0, 0, 1674965, 1674965
2015, RAJASTHAN, 8, BARMER, 81, SINDHARI, 1192, KADANARI, 35182, 1198163, Drinking water, 0, 0, 0, 0, 0, 0, 3241396, 3241396
2015, RAJASTHAN, 8, BARMER, 81, SINDHARI, 1192, KADANARI, 35182, 1198163, Maintenance of community system, 0, 0, 0, 0, 0, 0, 121000, 121000
2015, RAJASTHAN, 8, BARMER, 81, SINDHARI, 1192, KADANARI, 35182, 1198163, Sanitation, 0, 0, 0, 0, 0, 0, 525965, 525965
2015, RAJASTHAN, 8, BARMER, 81, SINDHARI, 1192, KADANARI, 35182, 1198163, Total, 0, 0, 0, 0, 0, 0, 3888361, 3888361
2015, RAJASTHAN, 8, BARMER, 81, SINDHARI, 1192, KAMTHAI, 35184, 1200103, Drinking water, 0, 0, 0, 0, 0, 0, 419575, 419575
2015, RAJASTHAN, 8, BARMER, 81, SINDHARI, 1192, KAMTHAI, 35184, 1200103, Education, 0, 0, 0, 0, 0, 0, 500000, 500000
2015, RAJASTHAN, 8, BARMER, 81, SINDHARI, 1192, KAMTHAI, 35184, 1200103, Sanitation, 0, 0, 0, 0, 0, 0, 119575, 119575
2015, RAJASTHAN, 8, BARMER, 81, SINDHARI, 1192, KAMTHAI, 35184, 1200103, Total, 0, 0, 0, 0, 0, 0, 1039150, 1039150
2015, RAJASTHAN, 8, BARMER, 81, SINDHARI, 1192, KARNA, 35185, 1176002, Drinking water, 0, 0, 0, 0, 0, 0, 1460000, 1460000
2015, RAJASTHAN, 8, BARMER, 81, SINDHARI, 1192, KARNA, 35185, 1176002, Education, 0, 0, 0, 0, 0, 0, 900000, 900000
2015, RAJASTHAN, 8, BARMER, 81, SINDHARI, 1192, KARNA, 35185, 1176002, Total, 0, 0, 0, 0, 0, 0, 2360000, 2360000
2015, RAJASTHAN, 8, BARMER, 81, SINDHARI, 1192, KHARA MAHECHAN, 35186, 1177379, Drinking water, 0, 0, 0, 0, 0, 0, 100000, 100000
2015, RAJASTHAN, 8, BARMER, 81, SINDHARI, 1192, KHARA MAHECHAN, 35186, 1177379, Total, 0, 0, 0, 0, 0, 0, 100000, 100000
2015, RAJASTHAN, 8, BARMER, 81, SINDHARI, 1192, KHARANTIYA, 35187, 1198076, Drinking water, 0, 0, 0, 0, 0, 0, 880000, 880000
2015, RAJASTHAN, 8, BARMER, 81, SINDHARI, 1192, KHARANTIYA, 35187, 1198076, Education, 0, 0, 0, 0, 0, 0, 1000000, 1000000
2015, RAJASTHAN, 8, BARMER, 81, SINDHARI, 1192, KHARANTIYA, 35187, 1198076, Sanitation, 0, 0, 0, 0, 0, 0, 400000, 400000
2015, RAJASTHAN, 8, BARMER, 81, SINDHARI, 1192, KHARANTIYA, 35187, 1198076, Total, 0, 0, 0, 0, 0, 0, 2280000, 2280000
2015, RAJASTHAN, 8, BARMER, 81, SINDHARI, 1192, KOSHLOO, 35190, 1199759, Drinking water, 0, 0, 0, 0, 0, 0, 2146859, 2146859
2015, RAJASTHAN, 8, BARMER, 81, SINDHARI, 1192, KOSHLOO, 35190, 1199759, Roads, 0, 0, 0, 0, 0, 0, 800300, 800300
2015, RAJASTHAN, 8, BARMER, 81, SINDHARI, 1192, KOSHLOO, 35190, 1199759, Rural electrification, 0, 0, 0, 0, 0, 0, 155000, 155000
2015, RAJASTHAN, 8, BARMER, 81, SINDHARI, 1192, KOSHLOO, 35190, 1199759, Total, 0, 0, 0, 0, 0, 0, 3102159, 3102159
2015, RAJASTHAN, 8, BARMER, 81, SINDHARI, 1192, LOLAWA, 35192, 1172730, Drinking water, 0, 0, 0, 0, 0, 0, 1488096, 1488096
2015, RAJASTHAN, 8, BARMER, 81, SINDHARI, 1192, LOLAWA, 35192, 1172730, Maintenance of community system, 0, 0, 0, 0, 0, 0, 467000, 467000
2015, RAJASTHAN, 8, BARMER, 81, SINDHARI, 1192, LOLAWA, 35192, 1172730, Roads, 0, 0, 0, 0, 0, 0, 1000000, 1000000
2015, RAJASTHAN, 8, BARMER, 81, SINDHARI, 1192, LOLAWA, 35192, 1172730, Total, 0, 0, 0, 0, 0, 0, 2955096, 2955096
2015, RAJASTHAN, 8, BARMER, 81, SINDHARI, 1192, Lohidi, 262622, 1199201, Drinking water, 0, 0, 0, 0, 0, 0, 1040001, 1040001
2015, RAJASTHAN, 8, BARMER, 81, SINDHARI, 1192, Lohidi, 262622, 1199201, Maintenance of community system, 0, 0, 0, 0, 0, 0, 1188086, 1188086
2015, RAJASTHAN, 8, BARMER, 81, SINDHARI, 1192, Lohidi, 262622, 1199201, Total, 0, 0, 0, 0, 0, 0, 2228087, 2228087
2015, RAJASTHAN, 8, BARMER, 81, SINDHARI, 1192, Lookhon Ki Dhani, 262629, 1199970, Drinking water, 0, 0, 0, 0, 0, 0, 100000, 100000
2015, RAJASTHAN, 8, BARMER, 81, SINDHARI, 1192, Lookhon Ki Dhani, 262629, 1199970, Maintenance of community system, 0, 0, 0, 0, 0, 0, 1202025, 1202025
2015, RAJASTHAN, 8, BARMER, 81, SINDHARI, 1192, Lookhon Ki Dhani, 262629, 1199970, Total, 0, 0, 0, 0, 0, 0, 1302025, 1302025
2015, RAJASTHAN, 8, BARMER, 81, SINDHARI, 1192, Motisara, 262615, 1197806, Maintenance of community system, 0, 0, 0, 0, 0, 0, 1621827, 1621827
2015, RAJASTHAN, 8, BARMER, 81, SINDHARI, 1192, Motisara, 262615, 1197806, Sanitation, 0, 0, 0, 0, 0, 0, 500000, 500000
2015, RAJASTHAN, 8, BARMER, 81, SINDHARI, 1192, Motisara, 262615, 1197806, Total, 0, 0, 0, 0, 0, 0, 2121827, 2121827
2015, RAJASTHAN, 8, BARMER, 81, SINDHARI, 1192, NEHRO KI DHANI, 35195, 1161508, Drinking water, 0, 0, 0, 0, 0, 0, 885272, 885272
2015, RAJASTHAN, 8, BARMER, 81, SINDHARI, 1192, NEHRO KI DHANI, 35195, 1161508, Education, 0, 0, 0, 0, 0, 0, 1097296, 1097296
2015, RAJASTHAN, 8, BARMER, 81, SINDHARI, 1192, NEHRO KI DHANI, 35195, 1161508, Roads, 0, 0, 0, 0, 0, 0, 581000, 581000
2015, RAJASTHAN, 8, BARMER, 81, SINDHARI, 1192, NEHRO KI DHANI, 35195, 1161508, Sanitation, 0, 0, 0, 0, 0, 0, 115000, 115000
2015, RAJASTHAN, 8, BARMER, 81, SINDHARI, 1192, NEHRO KI DHANI, 35195, 1161508, Total, 0, 0, 0, 0, 0, 0, 2678568, 2678568
2015, RAJASTHAN, 8, BARMER, 81, SINDHARI, 1192, NIMBALKOT, 35196, 1162326, Cultural activities, 0, 0, 0, 0, 0, 0, 100000, 100000
2015, RAJASTHAN, 8, BARMER, 81, SINDHARI, 1192, NIMBALKOT, 35196, 1162326, Drinking water, 0, 0, 0, 0, 0, 0, 250000, 250000
2015, RAJASTHAN, 8, BARMER, 81, SINDHARI, 1192, NIMBALKOT, 35196, 1162326, Education, 0, 0, 0, 0, 0, 0, 250000, 250000
2015, RAJASTHAN, 8, BARMER, 81, SINDHARI, 1192, NIMBALKOT, 35196, 1162326, Maintenance of community system, 0, 0, 0, 0, 0, 0, 500000, 500000
2015, RAJASTHAN, 8, BARMER, 81, SINDHARI, 1192, NIMBALKOT, 35196, 1162326, Roads, 0, 0, 0, 0, 0, 0, 400000, 400000
2015, RAJASTHAN, 8, BARMER, 81, SINDHARI, 1192, NIMBALKOT, 35196, 1162326, Total, 0, 0, 0, 0, 0, 0, 1500000, 1500000
2015, RAJASTHAN, 8, BARMER, 81, SINDHARI, 1192, Nakora, 262526, 1166254, Drinking water, 0, 0, 0, 0, 0, 0, 300000, 300000
2015, RAJASTHAN, 8, BARMER, 81, SINDHARI, 1192, Nakora, 262526, 1166254, Maintenance of community system, 0, 0, 0, 0, 0, 0, 1391989, 1391989
2015, RAJASTHAN, 8, BARMER, 81, SINDHARI, 1192, Nakora, 262526, 1166254, Total, 0, 0, 0, 0, 0, 0, 1691989, 1691989
2015, RAJASTHAN, 8, BARMER, 81, SINDHARI, 1192, PAYLA KALAN, 35199, 1166237, Drinking water, 0, 0, 0, 0, 0, 0, 1100000, 1100000
2015, RAJASTHAN, 8, BARMER, 81, SINDHARI, 1192, PAYLA KALAN, 35199, 1166237, Roads, 0, 0, 0, 0, 0, 0, 1615666, 1615666
2015, RAJASTHAN, 8, BARMER, 81, SINDHARI, 1192, PAYLA KALAN, 35199, 1166237, Sanitation, 0, 0, 0, 0, 0, 0, 1252781, 1252781
2015, RAJASTHAN, 8, BARMER, 81, SINDHARI, 1192, PAYLA KALAN, 35199, 1166237, Total, 0, 0, 0, 0, 0, 0, 3968447, 3968447
2015, RAJASTHAN, 8, BARMER, 81, SINDHARI, 1192, PAYLA KHURD, 35200, 1176081, Administrative & Technical Support, 0, 0, 0, 0, 0, 0, 42308, 42308
2015, RAJASTHAN, 8, BARMER, 81, SINDHARI, 1192, PAYLA KHURD, 35200, 1176081, Drinking water, 0, 0, 0, 0, 0, 0, 80000, 80000
2015, RAJASTHAN, 8, BARMER, 81, SINDHARI, 1192, PAYLA KHURD, 35200, 1176081, Education, 0, 0, 0, 0, 0, 0, 1223000, 1223000
2015, RAJASTHAN, 8, BARMER, 81, SINDHARI, 1192, PAYLA KHURD, 35200, 1176081, Total, 0, 0, 0, 0, 0, 0, 1345308, 1345308
2015, RAJASTHAN, 8, BARMER, 81, SINDHARI, 1192, SANPA MANJI, 35204, 1196846, Drinking water, 0, 0, 0, 0, 0, 0, 775000, 775000
2015, RAJASTHAN, 8, BARMER, 81, SINDHARI, 1192, SANPA MANJI, 35204, 1196846, Education, 0, 0, 0, 0, 0, 0, 1000000, 1000000
2015, RAJASTHAN, 8, BARMER, 81, SINDHARI, 1192, SANPA MANJI, 35204, 1196846, Total, 0, 0, 0, 0, 0, 0, 1775000, 1775000
2015, RAJASTHAN, 8, BARMER, 81, SINDHARI, 1192, SARA, 35205, 1162399, Drinking water, 0, 0, 0, 0, 0, 0, 1420000, 1420000
2015, RAJASTHAN, 8, BARMER, 81, SINDHARI, 1192, SARA, 35205, 1162399, Education, 0, 0, 0, 0, 0, 0, 1825000, 1825000
2015, RAJASTHAN, 8, BARMER, 81, SINDHARI, 1192, SARA, 35205, 1162399, Roads, 0, 0, 0, 0, 0, 0, 1000000, 1000000
2015, RAJASTHAN, 8, BARMER, 81, SINDHARI, 1192, SARA, 35205, 1162399, Sanitation, 0, 0, 0, 0, 0, 0, 125000, 125000
2015, RAJASTHAN, 8, BARMER, 81, SINDHARI, 1192, SARA, 35205, 1162399, Total, 0, 0, 0, 0, 0, 0, 4370000, 4370000
2015, RAJASTHAN, 8, BARMER, 81, SINDHARI, 1192, Sarno Ka Tala, 262631, 1197136, Drinking water, 0, 0, 0, 0, 0, 0, 700000, 700000
2015, RAJASTHAN, 8, BARMER, 81, SINDHARI, 1192, Sarno Ka Tala, 262631, 1197136, Total, 0, 0, 0, 0, 0, 0, 700000, 700000
2015, RAJASTHAN, 8, BARMER, 81, SINDHARI, 1192, Sindhari  Charnan, 262491, 1161366, Administrative & Technical Support, 0, 0, 0, 0, 0, 0, 107058, 107058
2015, RAJASTHAN, 8, BARMER, 81, SINDHARI, 1192, Sindhari  Charnan, 262491, 1161366, Maintenance of community system, 0, 0, 0, 0, 0, 0, 1465203, 1465203
2015, RAJASTHAN, 8, BARMER, 81, SINDHARI, 1192, Sindhari  Charnan, 262491, 1161366, Roads, 0, 0, 0, 0, 0, 0, 273000, 273000
2015, RAJASTHAN, 8, BARMER, 81, SINDHARI, 1192, Sindhari  Charnan, 262491, 1161366, Sanitation, 0, 0, 0, 0, 0, 0, 247000, 247000
2015, RAJASTHAN, 8, BARMER, 81, SINDHARI, 1192, Sindhari  Charnan, 262491, 1161366, Total, 0, 0, 0, 0, 0, 0, 2092261, 2092261
2015, RAJASTHAN, 8, BARMER, 81, SINDHARI, 1192, Sindhari Chuaseera, 35210, 1164017, Roads, 0, 0, 0, 0, 0, 0, 1632008, 1632008
2015, RAJASTHAN, 8, BARMER, 81, SINDHARI, 1192, Sindhari Chuaseera, 35210, 1164017, Sanitation, 0, 0, 0, 0, 0, 0, 1000063, 1000063
2015, RAJASTHAN, 8, BARMER, 81, SINDHARI, 1192, Sindhari Chuaseera, 35210, 1164017, Total, 0, 0, 0, 0, 0, 0, 2632071, 2632071
2015, RAJASTHAN, 8, BARMER, 81, SIWANA, 1193, BHAGWA, 35214, 1183490, Drinking water, 0, 0, 0, 0, 0, 0, 230253, 230253
2015, RAJASTHAN, 8, BARMER, 81, SIWANA, 1193, BHAGWA, 35214, 1183490, Roads, 0, 0, 0, 0, 0, 0, 1345608, 1345608
2015, RAJASTHAN, 8, BARMER, 81, SIWANA, 1193, BHAGWA, 35214, 1183490, Rural housing, 0, 0, 0, 0, 0, 0, 700000, 700000
2015, RAJASTHAN, 8, BARMER, 81, SIWANA, 1193, BHAGWA, 35214, 1183490, Total, 0, 0, 0, 0, 0, 0, 2275861, 2275861
2015, RAJASTHAN, 8, BARMER, 81, SIWANA, 1193, DEWANDI, 35215, 1198190, Drinking water, 0, 0, 0, 0, 0, 0, 128069, 128069
2015, RAJASTHAN, 8, BARMER, 81, SIWANA, 1193, DEWANDI, 35215, 1198190, Roads, 0, 0, 0, 0, 0, 0, 1000000, 1000000
2015, RAJASTHAN, 8, BARMER, 81, SIWANA, 1193, DEWANDI, 35215, 1198190, Rural housing, 0, 0, 0, 0, 0, 0, 322201, 322201
2015, RAJASTHAN, 8, BARMER, 81, SIWANA, 1193, DEWANDI, 35215, 1198190, Sanitation, 0, 0, 0, 0, 0, 0, 50000, 50000
2015, RAJASTHAN, 8, BARMER, 81, SIWANA, 1193, DEWANDI, 35215, 1198190, Total, 0, 0, 0, 0, 0, 0, 1500270, 1500270
2015, RAJASTHAN, 8, BARMER, 81, SIWANA, 1193, DHARNA, 35216, 1196854, Maintenance of community system, 0, 0, 0, 0, 0, 0, 37781, 37781
2015, RAJASTHAN, 8, BARMER, 81, SIWANA, 1193, DHARNA, 35216, 1196854, Roads, 0, 0, 0, 0, 0, 0, 1150000, 1150000
2015, RAJASTHAN, 8, BARMER, 81, SIWANA, 1193, DHARNA, 35216, 1196854, Sanitation, 0, 0, 0, 0, 0, 0, 95451, 95451
2015, RAJASTHAN, 8, BARMER, 81, SIWANA, 1193, DHARNA, 35216, 1196854, Total, 0, 0, 0, 0, 0, 0, 1283232, 1283232
2015, RAJASTHAN, 8, BARMER, 81, SIWANA, 1193, DHEERA, 35217, 1197139, Drinking water, 0, 0, 0, 0, 0, 0, 256305, 256305
2015, RAJASTHAN, 8, BARMER, 81, SIWANA, 1193, DHEERA, 35217, 1197139, Roads, 0, 0, 0, 0, 0, 0, 208997, 208997
2015, RAJASTHAN, 8, BARMER, 81, SIWANA, 1193, DHEERA, 35217, 1197139, Total, 0, 0, 0, 0, 0, 0, 465302, 465302
2015, RAJASTHAN, 8, BARMER, 81, SIWANA, 1193, GOLIYA, 35219, 1197174, Drinking water, 0, 0, 0, 0, 0, 0, 27627, 27627
2015, RAJASTHAN, 8, BARMER, 81, SIWANA, 1193, GOLIYA, 35219, 1197174, Roads, 0, 0, 0, 0, 0, 0, 1178335, 1178335
2015, RAJASTHAN, 8, BARMER, 81, SIWANA, 1193, GOLIYA, 35219, 1197174, Total, 0, 0, 0, 0, 0, 0, 1205962, 1205962
2015, RAJASTHAN, 8, BARMER, 81, SIWANA, 1193, GURA, 35220, 1197312, Drinking water, 0, 0, 0, 0, 0, 0, 33340, 33340
2015, RAJASTHAN, 8, BARMER, 81, SIWANA, 1193, GURA, 35220, 1197312, Roads, 0, 0, 0, 0, 0, 0, 470450, 470450
2015, RAJASTHAN, 8, BARMER, 81, SIWANA, 1193, GURA, 35220, 1197312, Total, 0, 0, 0, 0, 0, 0, 503790, 503790
2015, RAJASTHAN, 8, BARMER, 81, SIWANA, 1193, INDRANA, 35221, 1197363, Drinking water, 0, 0, 0, 0, 0, 0, 1000000, 1000000
2015, RAJASTHAN, 8, BARMER, 81, SIWANA, 1193, INDRANA, 35221, 1197363, Education, 0, 0, 0, 0, 0, 0, 564052, 564052
2015, RAJASTHAN, 8, BARMER, 81, SIWANA, 1193, INDRANA, 35221, 1197363, Roads, 0, 0, 0, 0, 0, 0, 2700666, 2700666
2015, RAJASTHAN, 8, BARMER, 81, SIWANA, 1193, INDRANA, 35221, 1197363, Sanitation, 0, 0, 0, 0, 0, 0, 800000, 800000
2015, RAJASTHAN, 8, BARMER, 81, SIWANA, 1193, INDRANA, 35221, 1197363, Total, 0, 0, 0, 0, 0, 0, 5064718, 5064718
2015, RAJASTHAN, 8, BARMER, 81, SIWANA, 1193, Itwaya, 262662, 1197511, Health, 0, 0, 0, 0, 0, 0, 117432, 117432
2015, RAJASTHAN, 8, BARMER, 81, SIWANA, 1193, Itwaya, 262662, 1197511, Roads, 0, 0, 0, 0, 0, 0, 556489, 556489
2015, RAJASTHAN, 8, BARMER, 81, SIWANA, 1193, Itwaya, 262662, 1197511, Rural housing, 0, 0, 0, 0, 0, 0, 975000, 975000
2015, RAJASTHAN, 8, BARMER, 81, SIWANA, 1193, Itwaya, 262662, 1197511, Sanitation, 0, 0, 0, 0, 0, 0, 166000, 166000
2015, RAJASTHAN, 8, BARMER, 81, SIWANA, 1193, Itwaya, 262662, 1197511, Total, 0, 0, 0, 0, 0, 0, 1814921, 1814921
2015, RAJASTHAN, 8, BARMER, 81, SIWANA, 1193, KANKHI, 35223, 1183502, Drinking water, 0, 0, 0, 0, 0, 0, 819199, 819199
2015, RAJASTHAN, 8, BARMER, 81, SIWANA, 1193, KANKHI, 35223, 1183502, Health, 0, 0, 0, 0, 0, 0, 200000, 200000
2015, RAJASTHAN, 8, BARMER, 81, SIWANA, 1193, KANKHI, 35223, 1183502, Roads, 0, 0, 0, 0, 0, 0, 1000000, 1000000
2015, RAJASTHAN, 8, BARMER, 81, SIWANA, 1193, KANKHI, 35223, 1183502, Total, 0, 0, 0, 0, 0, 0, 2019199, 2019199
2015, RAJASTHAN, 8, BARMER, 81, SIWANA, 1193, KATHARI, 35225, 1197537, Drinking water, 0, 0, 0, 0, 0, 0, 78796, 78796
2015, RAJASTHAN, 8, BARMER, 81, SIWANA, 1193, KATHARI, 35225, 1197537, Roads, 0, 0, 0, 0, 0, 0, 172976, 172976
2015, RAJASTHAN, 8, BARMER, 81, SIWANA, 1193, KATHARI, 35225, 1197537, Total, 0, 0, 0, 0, 0, 0, 251772, 251772
2015, RAJASTHAN, 8, BARMER, 81, SIWANA, 1193, KUNDAL, 35228, 1197698, Drinking water, 0, 0, 0, 0, 0, 0, 1148400, 1148400
2015, RAJASTHAN, 8, BARMER, 81, SIWANA, 1193, KUNDAL, 35228, 1197698, Roads, 0, 0, 0, 0, 0, 0, 205559, 205559
2015, RAJASTHAN, 8, BARMER, 81, SIWANA, 1193, KUNDAL, 35228, 1197698, Total, 0, 0, 0, 0, 0, 0, 1353959, 1353959
2015, RAJASTHAN, 8, BARMER, 81, SIWANA, 1193, KUSEEP, 35229, 1197765, Drinking water, 0, 0, 0, 0, 0, 0, 1130216, 1130216
2015, RAJASTHAN, 8, BARMER, 81, SIWANA, 1193, KUSEEP, 35229, 1197765, Roads, 0, 0, 0, 0, 0, 0, 1759923, 1759923
2015, RAJASTHAN, 8, BARMER, 81, SIWANA, 1193, KUSEEP, 35229, 1197765, Total, 0, 0, 0, 0, 0, 0, 2890139, 2890139
2015, RAJASTHAN, 8, BARMER, 81, SIWANA, 1193, MAHILAWAS, 35233, 1197822, Health, 0, 0, 0, 0, 0, 0, 100000, 100000
2015, RAJASTHAN, 8, BARMER, 81, SIWANA, 1193, MAHILAWAS, 35233, 1197822, Roads, 0, 0, 0, 0, 0, 0, 719681, 719681
2015, RAJASTHAN, 8, BARMER, 81, SIWANA, 1193, MAHILAWAS, 35233, 1197822, Rural housing, 0, 0, 0, 0, 0, 0, 100123, 100123
2015, RAJASTHAN, 8, BARMER, 81, SIWANA, 1193, MAHILAWAS, 35233, 1197822, Sanitation, 0, 0, 0, 0, 0, 0, 800000, 800000
2015, RAJASTHAN, 8, BARMER, 81, SIWANA, 1193, MAHILAWAS, 35233, 1197822, Total, 0, 0, 0, 0, 0, 0, 1719804, 1719804
2015, RAJASTHAN, 8, BARMER, 81, SIWANA, 1193, MAWARI, 35232, 1198157, Drinking water, 0, 0, 0, 0, 0, 0, 1040533, 1040533
2015, RAJASTHAN, 8, BARMER, 81, SIWANA, 1193, MAWARI, 35232, 1198157, Roads, 0, 0, 0, 0, 0, 0, 700000, 700000
2015, RAJASTHAN, 8, BARMER, 81, SIWANA, 1193, MAWARI, 35232, 1198157, Sanitation, 0, 0, 0, 0, 0, 0, 200000, 200000
2015, RAJASTHAN, 8, BARMER, 81, SIWANA, 1193, MAWARI, 35232, 1198157, Total, 0, 0, 0, 0, 0, 0, 1940533, 1940533
2015, RAJASTHAN, 8, BARMER, 81, SIWANA, 1193, MELI, 35234, 1198354, Drinking water, 0, 0, 0, 0, 0, 0, 825000, 825000
2015, RAJASTHAN, 8, BARMER, 81, SIWANA, 1193, MELI, 35234, 1198354, Education, 0, 0, 0, 0, 0, 0, 600000, 600000
2015, RAJASTHAN, 8, BARMER, 81, SIWANA, 1193, MELI, 35234, 1198354, Roads, 0, 0, 0, 0, 0, 0, 1354464, 1354464
2015, RAJASTHAN, 8, BARMER, 81, SIWANA, 1193, MELI, 35234, 1198354, Sanitation, 0, 0, 0, 0, 0, 0, 220977, 220977
2015, RAJASTHAN, 8, BARMER, 81, SIWANA, 1193, MELI, 35234, 1198354, Total, 0, 0, 0, 0, 0, 0, 3000441, 3000441
2015, RAJASTHAN, 8, BARMER, 81, SIWANA, 1193, MITHORA, 35235, 1198392, Drinking water, 0, 0, 0, 0, 0, 0, 2075203, 2075203
2015, RAJASTHAN, 8, BARMER, 81, SIWANA, 1193, MITHORA, 35235, 1198392, Roads, 0, 0, 0, 0, 0, 0, 1703039, 1703039
2015, RAJASTHAN, 8, BARMER, 81, SIWANA, 1193, MITHORA, 35235, 1198392, Sanitation, 0, 0, 0, 0, 0, 0, 856000, 856000
2015, RAJASTHAN, 8, BARMER, 81, SIWANA, 1193, MITHORA, 35235, 1198392, Total, 0, 0, 0, 0, 0, 0, 4634242, 4634242
2015, RAJASTHAN, 8, BARMER, 81, SIWANA, 1193, MOKALSAR, 35236, 1198683, Health, 0, 0, 0, 0, 0, 0, 1880053, 1880053
2015, RAJASTHAN, 8, BARMER, 81, SIWANA, 1193, MOKALSAR, 35236, 1198683, Roads, 0, 0, 0, 0, 0, 0, 1313014, 1313014
2015, RAJASTHAN, 8, BARMER, 81, SIWANA, 1193, MOKALSAR, 35236, 1198683, Total, 0, 0, 0, 0, 0, 0, 3193067, 3193067
2015, RAJASTHAN, 8, BARMER, 81, SIWANA, 1193, MOTISARA, 35237, 1198727, Administrative & Technical Support, 0, 0, 0, 0, 0, 0, 62763, 62763
2015, RAJASTHAN, 8, BARMER, 81, SIWANA, 1193, MOTISARA, 35237, 1198727, Sanitation, 0, 0, 0, 0, 0, 0, 59045, 59045
2015, RAJASTHAN, 8, BARMER, 81, SIWANA, 1193, MOTISARA, 35237, 1198727, Total, 0, 0, 0, 0, 0, 0, 121808, 121808
2015, RAJASTHAN, 8, BARMER, 81, SIWANA, 1193, PADROO, 35238, 1199511, Drinking water, 0, 0, 0, 0, 0, 0, 850000, 850000
2015, RAJASTHAN, 8, BARMER, 81, SIWANA, 1193, PADROO, 35238, 1199511, Roads, 0, 0, 0, 0, 0, 0, 3408618, 3408618
2015, RAJASTHAN, 8, BARMER, 81, SIWANA, 1193, PADROO, 35238, 1199511, Sanitation, 0, 0, 0, 0, 0, 0, 2137486, 2137486
2015, RAJASTHAN, 8, BARMER, 81, SIWANA, 1193, PADROO, 35238, 1199511, Total, 0, 0, 0, 0, 0, 0, 6396104, 6396104
2015, RAJASTHAN, 8, BARMER, 81, SIWANA, 1193, RAMANIYA, 35240, 1199434, Roads, 0, 0, 0, 0, 0, 0, 716226, 716226
2015, RAJASTHAN, 8, BARMER, 81, SIWANA, 1193, RAMANIYA, 35240, 1199434, Sanitation, 0, 0, 0, 0, 0, 0, 1451243, 1451243
2015, RAJASTHAN, 8, BARMER, 81, SIWANA, 1193, RAMANIYA, 35240, 1199434, Total, 0, 0, 0, 0, 0, 0, 2167469, 2167469
2015, RAJASTHAN, 8, BARMER, 81, SIWANA, 1193, SELA, 35246, 1199846, Drinking water, 0, 0, 0, 0, 0, 0, 901011, 901011
2015, RAJASTHAN, 8, BARMER, 81, SIWANA, 1193, SELA, 35246, 1199846, Education, 0, 0, 0, 0, 0, 0, 379000, 379000
2015, RAJASTHAN, 8, BARMER, 81, SIWANA, 1193, SELA, 35246, 1199846, Roads, 0, 0, 0, 0, 0, 0, 700000, 700000
2015, RAJASTHAN, 8, BARMER, 81, SIWANA, 1193, SELA, 35246, 1199846, Rural housing, 0, 0, 0, 0, 0, 0, 178782, 178782
2015, RAJASTHAN, 8, BARMER, 81, SIWANA, 1193, SELA, 35246, 1199846, Sanitation, 0, 0, 0, 0, 0, 0, 200000, 200000
2015, RAJASTHAN, 8, BARMER, 81, SIWANA, 1193, SELA, 35246, 1199846, Total, 0, 0, 0, 0, 0, 0, 2358793, 2358793
2015, RAJASTHAN, 8, BARMER, 81, SIWANA, 1193, SINER, 35249, 1200082, Drinking water, 0, 0, 0, 0, 0, 0, 1368540, 1368540
2015, RAJASTHAN, 8, BARMER, 81, SIWANA, 1193, SINER, 35249, 1200082, Education, 0, 0, 0, 0, 0, 0, 959879, 959879
2015, RAJASTHAN, 8, BARMER, 81, SIWANA, 1193, SINER, 35249, 1200082, Roads, 0, 0, 0, 0, 0, 0, 400000, 400000
2015, RAJASTHAN, 8, BARMER, 81, SIWANA, 1193, SINER, 35249, 1200082, Total, 0, 0, 0, 0, 0, 0, 2728419, 2728419
2015, RAJASTHAN, 8, BARMER, 81, SIWANA, 1193, SIWANA, 35250, 1200616, Administrative & Technical Support, 0, 0, 0, 0, 0, 0, 1004, 1004
2015, RAJASTHAN, 8, BARMER, 81, SIWANA, 1193, SIWANA, 35250, 1200616, Drinking water, 0, 0, 0, 0, 0, 0, 200000, 200000
2015, RAJASTHAN, 8, BARMER, 81, SIWANA, 1193, SIWANA, 35250, 1200616, Roads, 0, 0, 0, 0, 0, 0, 500000, 500000
2015, RAJASTHAN, 8, BARMER, 81, SIWANA, 1193, SIWANA, 35250, 1200616, Sanitation, 0, 0, 0, 0, 0, 0, 1300000, 1300000
2015, RAJASTHAN, 8, BARMER, 81, SIWANA, 1193, SIWANA, 35250, 1200616, Total, 0, 0, 0, 0, 0, 0, 2001004, 2001004
2015, RAJASTHAN, 8, BARMER, 81, SIWANA, 1193, THAPAN, 35251, 1200114, Roads, 0, 0, 0, 0, 0, 0, 149479, 149479
2015, RAJASTHAN, 8, BARMER, 81, SIWANA, 1193, THAPAN, 35251, 1200114, Rural housing, 0, 0, 0, 0, 0, 0, 950000, 950000
2015, RAJASTHAN, 8, BARMER, 81, SIWANA, 1193, THAPAN, 35251, 1200114, Total, 0, 0, 0, 0, 0, 0, 1099479, 1099479
2015, RAJASTHAN, 8, BARMER, 81, SIWANA, 1193, beranari, 262660, 1196860, Drinking water, 0, 0, 0, 0, 0, 0, 1116902, 1116902
2015, RAJASTHAN, 8, BARMER, 81, SIWANA, 1193, beranari, 262660, 1196860, Roads, 0, 0, 0, 0, 0, 0, 500866, 500866
2015, RAJASTHAN, 8, BARMER, 81, SIWANA, 1193, beranari, 262660, 1196860, Total, 0, 0, 0, 0, 0, 0, 1617768, 1617768
2015, RAJASTHAN, 8, BARMER, 81, SIWANA, 1193, moothali, 262668, 1198710, Drinking water, 0, 0, 0, 0, 0, 0, 50000, 50000
2015, RAJASTHAN, 8, BARMER, 81, SIWANA, 1193, moothali, 262668, 1198710, Health, 0, 0, 0, 0, 0, 0, 100000, 100000
2015, RAJASTHAN, 8, BARMER, 81, SIWANA, 1193, moothali, 262668, 1198710, Roads, 0, 0, 0, 0, 0, 0, 944146, 944146
2015, RAJASTHAN, 8, BARMER, 81, SIWANA, 1193, moothali, 262668, 1198710, Sanitation, 0, 0, 0, 0, 0, 0, 207214, 207214
2015, RAJASTHAN, 8, BARMER, 81, SIWANA, 1193, moothali, 262668, 1198710, Total, 0, 0, 0, 0, 0, 0, 1301360, 1301360
2015, RAJASTHAN, 8, BARMER, 81, SIWANA, 1193, nal, 262666, 1198756, Drinking water, 0, 0, 0, 0, 0, 0, 85206, 85206
2015, RAJASTHAN, 8, BARMER, 81, SIWANA, 1193, nal, 262666, 1198756, Roads, 0, 0, 0, 0, 0, 0, 386841, 386841
2015, RAJASTHAN, 8, BARMER, 81, SIWANA, 1193, nal, 262666, 1198756, Rural housing, 0, 0, 0, 0, 0, 0, 1274000, 1274000
2015, RAJASTHAN, 8, BARMER, 81, SIWANA, 1193, nal, 262666, 1198756, Total, 0, 0, 0, 0, 0, 0, 1746047, 1746047
2015, RAJASTHAN, 8, BARMER, 81, SIWANA, 1193, padardi kalan, 262669, 1199468, Drinking water, 0, 0, 0, 0, 0, 0, 831150, 831150
2015, RAJASTHAN, 8, BARMER, 81, SIWANA, 1193, padardi kalan, 262669, 1199468, Education, 0, 0, 0, 0, 0, 0, 288942, 288942
2015, RAJASTHAN, 8, BARMER, 81, SIWANA, 1193, padardi kalan, 262669, 1199468, Rural housing, 0, 0, 0, 0, 0, 0, 975000, 975000
2015, RAJASTHAN, 8, BARMER, 81, SIWANA, 1193, padardi kalan, 262669, 1199468, Sanitation, 0, 0, 0, 0, 0, 0, 275000, 275000
2015, RAJASTHAN, 8, BARMER, 81, SIWANA, 1193, padardi kalan, 262669, 1199468, Total, 0, 0, 0, 0, 0, 0, 2370092, 2370092
2015, RAJASTHAN, 8, BARMER, 81, SIWANA, 1193, paun, 262664, 1199748, Drinking water, 0, 0, 0, 0, 0, 0, 689793, 689793
2015, RAJASTHAN, 8, BARMER, 81, SIWANA, 1193, paun, 262664, 1199748, Roads, 0, 0, 0, 0, 0, 0, 277046, 277046
2015, RAJASTHAN, 8, BARMER, 81, SIWANA, 1193, paun, 262664, 1199748, Rural housing, 0, 0, 0, 0, 0, 0, 975000, 975000
2015, RAJASTHAN, 8, BARMER, 81, SIWANA, 1193, paun, 262664, 1199748, Sanitation, 0, 0, 0, 0, 0, 0, 200000, 200000
2015, RAJASTHAN, 8, BARMER, 81, SIWANA, 1193, paun, 262664, 1199748, Total, 0, 0, 0, 0, 0, 0, 2141839, 2141839
2015, RAJASTHAN, 8, BHARATPUR, 82, BAYANA, 1194, BAGREN, 35252, 1110014, Roads, 0, 0, 0, 0, 0, 0, 1055350, 1055350
2015, RAJASTHAN, 8, BHARATPUR, 82, BAYANA, 1194, BAGREN, 35252, 1110014, Total, 0, 0, 0, 0, 0, 0, 1055350, 1055350
2015, RAJASTHAN, 8, BHARATPUR, 82, BAYANA, 1194, BAJNA, 35253, 1110654, Drinking water, 0, 0, 0, 0, 0, 0, 557448, 557448
2015, RAJASTHAN, 8, BHARATPUR, 82, BAYANA, 1194, BAJNA, 35253, 1110654, Roads, 0, 0, 0, 0, 0, 0, 460414, 460414
2015, RAJASTHAN, 8, BHARATPUR, 82, BAYANA, 1194, BAJNA, 35253, 1110654, Total, 0, 0, 0, 0, 0, 0, 1017862, 1017862
2015, RAJASTHAN, 8, BHARATPUR, 82, BAYANA, 1194, BARKHEDA, 35254, 1111938, Roads, 0, 0, 0, 0, 0, 0, 1046634, 1046634
2015, RAJASTHAN, 8, BHARATPUR, 82, BAYANA, 1194, BARKHEDA, 35254, 1111938, Total, 0, 0, 0, 0, 0, 0, 1046634, 1046634
2015, RAJASTHAN, 8, BHARATPUR, 82, BAYANA, 1194, BARODA, 35255, 1208900, Roads, 0, 0, 0, 0, 0, 0, 1186232, 1186232
2015, RAJASTHAN, 8, BHARATPUR, 82, BAYANA, 1194, BARODA, 35255, 1208900, Total, 0, 0, 0, 0, 0, 0, 1186232, 1186232
2015, RAJASTHAN, 8, BHARATPUR, 82, BAYANA, 1194, BIDYARI, 35257, 1401152, Roads, 0, 0, 0, 0, 0, 0, 804860, 804860
2015, RAJASTHAN, 8, BHARATPUR, 82, BAYANA, 1194, BIDYARI, 35257, 1401152, Total, 0, 0, 0, 0, 0, 0, 804860, 804860
2015, RAJASTHAN, 8, BHARATPUR, 82, BAYANA, 1194, BRAHAMBAD, 35258, 1110694, Drinking water, 0, 0, 0, 0, 0, 0, 38896, 38896
2015, RAJASTHAN, 8, BHARATPUR, 82, BAYANA, 1194, BRAHAMBAD, 35258, 1110694, Sanitation, 0, 0, 0, 0, 0, 0, 809853, 809853
2015, RAJASTHAN, 8, BHARATPUR, 82, BAYANA, 1194, BRAHAMBAD, 35258, 1110694, Total, 0, 0, 0, 0, 0, 0, 848749, 848749
2015, RAJASTHAN, 8, BHARATPUR, 82, BAYANA, 1194, DAHGAON, 35259, 1213960, Drinking water, 0, 0, 0, 0, 0, 0, 491400, 491400
2015, RAJASTHAN, 8, BHARATPUR, 82, BAYANA, 1194, DAHGAON, 35259, 1213960, Roads, 0, 0, 0, 0, 0, 0, 421941, 421941
2015, RAJASTHAN, 8, BHARATPUR, 82, BAYANA, 1194, DAHGAON, 35259, 1213960, Total, 0, 0, 0, 0, 0, 0, 913341, 913341
2015, RAJASTHAN, 8, BHARATPUR, 82, BAYANA, 1194, DHADREN, 35260, 1114134, Roads, 0, 0, 0, 0, 0, 0, 450979, 450979
2015, RAJASTHAN, 8, BHARATPUR, 82, BAYANA, 1194, DHADREN, 35260, 1114134, Total, 0, 0, 0, 0, 0, 0, 450979, 450979
2015, RAJASTHAN, 8, BHARATPUR, 82, BAYANA, 1194, FARSO, 35261, 1401119, Roads, 0, 0, 0, 0, 0, 0, 421201, 421201
2015, RAJASTHAN, 8, BHARATPUR, 82, BAYANA, 1194, FARSO, 35261, 1401119, Total, 0, 0, 0, 0, 0, 0, 421201, 421201
2015, RAJASTHAN, 8, BHARATPUR, 82, BAYANA, 1194, GAZIPUR, 35262, 1405507, Roads, 0, 0, 0, 0, 0, 0, 499954, 499954
2015, RAJASTHAN, 8, BHARATPUR, 82, BAYANA, 1194, GAZIPUR, 35262, 1405507, Total, 0, 0, 0, 0, 0, 0, 499954, 499954
2015, RAJASTHAN, 8, BHARATPUR, 82, BAYANA, 1194, JAISORA, 35265, 1173653, Roads, 0, 0, 0, 0, 0, 0, 844032, 844032
2015, RAJASTHAN, 8, BHARATPUR, 82, BAYANA, 1194, JAISORA, 35265, 1173653, Total, 0, 0, 0, 0, 0, 0, 844032, 844032
2015, RAJASTHAN, 8, BHARATPUR, 82, BAYANA, 1194, JASPURA MOROLI, 35266, 1110221, Administrative & Technical Support, 0, 0, 0, 0, 0, 0, 70589, 70589
2015, RAJASTHAN, 8, BHARATPUR, 82, BAYANA, 1194, JASPURA MOROLI, 35266, 1110221, Drinking water, 0, 0, 0, 0, 0, 0, 327137, 327137
2015, RAJASTHAN, 8, BHARATPUR, 82, BAYANA, 1194, JASPURA MOROLI, 35266, 1110221, Roads, 0, 0, 0, 0, 0, 0, 236907, 236907
2015, RAJASTHAN, 8, BHARATPUR, 82, BAYANA, 1194, JASPURA MOROLI, 35266, 1110221, Total, 0, 0, 0, 0, 0, 0, 634633, 634633
2015, RAJASTHAN, 8, BHARATPUR, 82, BAYANA, 1194, KAIR, 35267, 1140406, Drinking water, 0, 0, 0, 0, 0, 0, 438672, 438672
2015, RAJASTHAN, 8, BHARATPUR, 82, BAYANA, 1194, KAIR, 35267, 1140406, Roads, 0, 0, 0, 0, 0, 0, 502053, 502053
2015, RAJASTHAN, 8, BHARATPUR, 82, BAYANA, 1194, KAIR, 35267, 1140406, Total, 0, 0, 0, 0, 0, 0, 940725, 940725
2015, RAJASTHAN, 8, BHARATPUR, 82, BAYANA, 1194, KALSARA, 35268, 1408375, Roads, 0, 0, 0, 0, 0, 0, 492691, 492691
2015, RAJASTHAN, 8, BHARATPUR, 82, BAYANA, 1194, KALSARA, 35268, 1408375, Total, 0, 0, 0, 0, 0, 0, 492691, 492691
2015, RAJASTHAN, 8, BHARATPUR, 82, BAYANA, 1194, KANAWAR, 35269, 1401139, Roads, 0, 0, 0, 0, 0, 0, 451392, 451392
2015, RAJASTHAN, 8, BHARATPUR, 82, BAYANA, 1194, KANAWAR, 35269, 1401139, Total, 0, 0, 0, 0, 0, 0, 451392, 451392
2015, RAJASTHAN, 8, BHARATPUR, 82, BAYANA, 1194, KAPOORA MALOOKA, 35270, 1467159, Roads, 0, 0, 0, 0, 0, 0, 700370, 700370
2015, RAJASTHAN, 8, BHARATPUR, 82, BAYANA, 1194, KAPOORA MALOOKA, 35270, 1467159, Total, 0, 0, 0, 0, 0, 0, 700370, 700370
2015, RAJASTHAN, 8, BHARATPUR, 82, BAYANA, 1194, KARWARI, 35271, 1142568, Roads, 0, 0, 0, 0, 0, 0, 795498, 795498
2015, RAJASTHAN, 8, BHARATPUR, 82, BAYANA, 1194, KARWARI, 35271, 1142568, Total, 0, 0, 0, 0, 0, 0, 795498, 795498
2015, RAJASTHAN, 8, BHARATPUR, 82, BAYANA, 1194, KHANKHERA, 35272, 1112437, Roads, 0, 0, 0, 0, 0, 0, 821270, 821270
2015, RAJASTHAN, 8, BHARATPUR, 82, BAYANA, 1194, KHANKHERA, 35272, 1112437, Total, 0, 0, 0, 0, 0, 0, 821270, 821270
2015, RAJASTHAN, 8, BHARATPUR, 82, BAYANA, 1194, KHARERI, 35273, 1113453, Roads, 0, 0, 0, 0, 0, 0, 1205490, 1205490
2015, RAJASTHAN, 8, BHARATPUR, 82, BAYANA, 1194, KHARERI, 35273, 1113453, Total, 0, 0, 0, 0, 0, 0, 1205490, 1205490
2015, RAJASTHAN, 8, BHARATPUR, 82, BAYANA, 1194, KHERLI GADASIYA, 35274, 1111941, Drinking water, 0, 0, 0, 0, 0, 0, 174931, 174931
2015, RAJASTHAN, 8, BHARATPUR, 82, BAYANA, 1194, KHERLI GADASIYA, 35274, 1111941, Total, 0, 0, 0, 0, 0, 0, 174931, 174931
2015, RAJASTHAN, 8, BHARATPUR, 82, BAYANA, 1194, KHOOT KHERA, 35276, 1461709, Roads, 0, 0, 0, 0, 0, 0, 634286, 634286
2015, RAJASTHAN, 8, BHARATPUR, 82, BAYANA, 1194, KHOOT KHERA, 35276, 1461709, Total, 0, 0, 0, 0, 0, 0, 634286, 634286
2015, RAJASTHAN, 8, BHARATPUR, 82, BAYANA, 1194, LAHCHORA KALAN, 35277, 1110726, Cultural activities, 0, 0, 0, 0, 0, 0, 1000, 1000
2015, RAJASTHAN, 8, BHARATPUR, 82, BAYANA, 1194, LAHCHORA KALAN, 35277, 1110726, Drinking water, 0, 0, 0, 0, 0, 0, 36000, 36000
2015, RAJASTHAN, 8, BHARATPUR, 82, BAYANA, 1194, LAHCHORA KALAN, 35277, 1110726, Markets and fairs, 0, 0, 0, 0, 0, 0, 4248, 4248
2015, RAJASTHAN, 8, BHARATPUR, 82, BAYANA, 1194, LAHCHORA KALAN, 35277, 1110726, Roads, 0, 0, 0, 0, 0, 0, 1574578, 1574578
2015, RAJASTHAN, 8, BHARATPUR, 82, BAYANA, 1194, LAHCHORA KALAN, 35277, 1110726, Total, 0, 0, 0, 0, 0, 0, 1615826, 1615826
2015, RAJASTHAN, 8, BHARATPUR, 82, BAYANA, 1194, MAHLONI, 35278, 1228392, Drinking water, 0, 0, 0, 0, 0, 0, 147067, 147067
2015, RAJASTHAN, 8, BHARATPUR, 82, BAYANA, 1194, MAHLONI, 35278, 1228392, Roads, 0, 0, 0, 0, 0, 0, 492609, 492609
2015, RAJASTHAN, 8, BHARATPUR, 82, BAYANA, 1194, MAHLONI, 35278, 1228392, Total, 0, 0, 0, 0, 0, 0, 639676, 639676
2015, RAJASTHAN, 8, BHARATPUR, 82, BAYANA, 1194, MAHMADPURA, 35279, 1140289, Roads, 0, 0, 0, 0, 0, 0, 483380, 483380
2015, RAJASTHAN, 8, BHARATPUR, 82, BAYANA, 1194, MAHMADPURA, 35279, 1140289, Total, 0, 0, 0, 0, 0, 0, 483380, 483380
2015, RAJASTHAN, 8, BHARATPUR, 82, BAYANA, 1194, MAHRAWAR, 35280, 1114166, Drinking water, 0, 0, 0, 0, 0, 0, 56071, 56071
2015, RAJASTHAN, 8, BHARATPUR, 82, BAYANA, 1194, MAHRAWAR, 35280, 1114166, Roads, 0, 0, 0, 0, 0, 0, 627323, 627323
2015, RAJASTHAN, 8, BHARATPUR, 82, BAYANA, 1194, MAHRAWAR, 35280, 1114166, Total, 0, 0, 0, 0, 0, 0, 683394, 683394
2015, RAJASTHAN, 8, BHARATPUR, 82, BAYANA, 1194, MILAKPUR, 35281, 1110709, Drinking water, 0, 0, 0, 0, 0, 0, 172097, 172097
2015, RAJASTHAN, 8, BHARATPUR, 82, BAYANA, 1194, MILAKPUR, 35281, 1110709, Roads, 0, 0, 0, 0, 0, 0, 484015, 484015
2015, RAJASTHAN, 8, BHARATPUR, 82, BAYANA, 1194, MILAKPUR, 35281, 1110709, Rural electrification, 0, 0, 0, 0, 0, 0, 310251, 310251
2015, RAJASTHAN, 8, BHARATPUR, 82, BAYANA, 1194, MILAKPUR, 35281, 1110709, Total, 0, 0, 0, 0, 0, 0, 966363, 966363
2015, RAJASTHAN, 8, BHARATPUR, 82, BAYANA, 1194, NAHROLI, 35282, 1111297, Sanitation, 0, 0, 0, 0, 0, 0, 265924, 265924
2015, RAJASTHAN, 8, BHARATPUR, 82, BAYANA, 1194, NAHROLI, 35282, 1111297, Total, 0, 0, 0, 0, 0, 0, 265924, 265924
2015, RAJASTHAN, 8, BHARATPUR, 82, BAYANA, 1194, NAROLI, 35283, 1110689, Roads, 0, 0, 0, 0, 0, 0, 833092, 833092
2015, RAJASTHAN, 8, BHARATPUR, 82, BAYANA, 1194, NAROLI, 35283, 1110689, Total, 0, 0, 0, 0, 0, 0, 833092, 833092
2015, RAJASTHAN, 8, BHARATPUR, 82, BAYANA, 1194, NAWALI, 35284, 1408351, Roads, 0, 0, 0, 0, 0, 0, 402733, 402733
2015, RAJASTHAN, 8, BHARATPUR, 82, BAYANA, 1194, NAWALI, 35284, 1408351, Total, 0, 0, 0, 0, 0, 0, 402733, 402733
2015, RAJASTHAN, 8, BHARATPUR, 82, BAYANA, 1194, PALIDANG, 35285, 1114632, Drinking water, 0, 0, 0, 0, 0, 0, 249960, 249960
2015, RAJASTHAN, 8, BHARATPUR, 82, BAYANA, 1194, PALIDANG, 35285, 1114632, Total, 0, 0, 0, 0, 0, 0, 249960, 249960
2015, RAJASTHAN, 8, BHARATPUR, 82, BAYANA, 1194, PARUA, 35286, 1459104, Roads, 0, 0, 0, 0, 0, 0, 250000, 250000
2015, RAJASTHAN, 8, BHARATPUR, 82, BAYANA, 1194, PARUA, 35286, 1459104, Total, 0, 0, 0, 0, 0, 0, 250000, 250000
2015, RAJASTHAN, 8, BHARATPUR, 82, BAYANA, 1194, PURABAI KHEDA, 35287, 1463004, Administrative & Technical Support, 0, 0, 0, 0, 0, 0, 97919, 97919
2015, RAJASTHAN, 8, BHARATPUR, 82, BAYANA, 1194, PURABAI KHEDA, 35287, 1463004, Roads, 0, 0, 0, 0, 0, 0, 932537, 932537
2015, RAJASTHAN, 8, BHARATPUR, 82, BAYANA, 1194, PURABAI KHEDA, 35287, 1463004, Total, 0, 0, 0, 0, 0, 0, 1030456, 1030456
2015, RAJASTHAN, 8, BHARATPUR, 82, BAYANA, 1194, SALABAD, 35288, 1111449, Roads, 0, 0, 0, 0, 0, 0, 147000, 147000
2015, RAJASTHAN, 8, BHARATPUR, 82, BAYANA, 1194, SALABAD, 35288, 1111449, Sanitation, 0, 0, 0, 0, 0, 0, 326000, 326000
2015, RAJASTHAN, 8, BHARATPUR, 82, BAYANA, 1194, SALABAD, 35288, 1111449, Total, 0, 0, 0, 0, 0, 0, 473000, 473000
2015, RAJASTHAN, 8, BHARATPUR, 82, BAYANA, 1194, SAMOGAR, 35289, 1467098, Roads, 0, 0, 0, 0, 0, 0, 655000, 655000
2015, RAJASTHAN, 8, BHARATPUR, 82, BAYANA, 1194, SAMOGAR, 35289, 1467098, Total, 0, 0, 0, 0, 0, 0, 655000, 655000
2015, RAJASTHAN, 8, BHARATPUR, 82, BAYANA, 1194, SEEDPUR, 35290, 1459141, Roads, 0, 0, 0, 0, 0, 0, 139428, 139428
2015, RAJASTHAN, 8, BHARATPUR, 82, BAYANA, 1194, SEEDPUR, 35290, 1459141, Total, 0, 0, 0, 0, 0, 0, 139428, 139428
2015, RAJASTHAN, 8, BHARATPUR, 82, BAYANA, 1194, SHAHPUR, 35291, 1111357, Drinking water, 0, 0, 0, 0, 0, 0, 249915, 249915
2015, RAJASTHAN, 8, BHARATPUR, 82, BAYANA, 1194, SHAHPUR, 35291, 1111357, Total, 0, 0, 0, 0, 0, 0, 249915, 249915
2015, RAJASTHAN, 8, BHARATPUR, 82, BAYANA, 1194, SHERGARH, 35292, 1395148, Roads, 0, 0, 0, 0, 0, 0, 499951, 499951
2015, RAJASTHAN, 8, BHARATPUR, 82, BAYANA, 1194, SHERGARH, 35292, 1395148, Total, 0, 0, 0, 0, 0, 0, 499951, 499951
2015, RAJASTHAN, 8, BHARATPUR, 82, BAYANA, 1194, SINGHANIYA, 35293, 1112424, Roads, 0, 0, 0, 0, 0, 0, 926352, 926352
2015, RAJASTHAN, 8, BHARATPUR, 82, BAYANA, 1194, SINGHANIYA, 35293, 1112424, Total, 0, 0, 0, 0, 0, 0, 926352, 926352
2015, RAJASTHAN, 8, BHARATPUR, 82, BAYANA, 1194, SINGHARA, 35294, 1405537, Roads, 0, 0, 0, 0, 0, 0, 20464, 20464
2015, RAJASTHAN, 8, BHARATPUR, 82, BAYANA, 1194, SINGHARA, 35294, 1405537, Total, 0, 0, 0, 0, 0, 0, 20464, 20464
2015, RAJASTHAN, 8, BHARATPUR, 82, BAYANA, 1194, TARSOOMA, 35295, 1114599, Roads, 0, 0, 0, 0, 0, 0, 819814, 819814
2015, RAJASTHAN, 8, BHARATPUR, 82, BAYANA, 1194, TARSOOMA, 35295, 1114599, Total, 0, 0, 0, 0, 0, 0, 819814, 819814
2015, RAJASTHAN, 8, BHARATPUR, 82, BAYANA, 1194, THANA DANG, 35296, 1113447, Drinking water, 0, 0, 0, 0, 0, 0, 199074, 199074
2015, RAJASTHAN, 8, BHARATPUR, 82, BAYANA, 1194, THANA DANG, 35296, 1113447, Total, 0, 0, 0, 0, 0, 0, 199074, 199074
2015, RAJASTHAN, 8, BHARATPUR, 82, DEEG, 1195, AU, 35297, 1314176, Health, 0, 0, 0, 0, 0, 0, 99881, 99881
2015, RAJASTHAN, 8, BHARATPUR, 82, DEEG, 1195, AU, 35297, 1314176, Roads, 0, 0, 0, 0, 0, 0, 1201120, 1201120
2015, RAJASTHAN, 8, BHARATPUR, 82, DEEG, 1195, AU, 35297, 1314176, Total, 0, 0, 0, 0, 0, 0, 1301001, 1301001
2015, RAJASTHAN, 8, BHARATPUR, 82, DEEG, 1195, BADANGARH, 35298, 1357276, Roads, 0, 0, 0, 0, 0, 0, 1668652, 1668652
2015, RAJASTHAN, 8, BHARATPUR, 82, DEEG, 1195, BADANGARH, 35298, 1357276, Total, 0, 0, 0, 0, 0, 0, 1668652, 1668652
2015, RAJASTHAN, 8, BHARATPUR, 82, DEEG, 1195, BAHAJ, 35299, 1342655, Roads, 0, 0, 0, 0, 0, 0, 2300000, 2300000
2015, RAJASTHAN, 8, BHARATPUR, 82, DEEG, 1195, BAHAJ, 35299, 1342655, Total, 0, 0, 0, 0, 0, 0, 2300000, 2300000
2015, RAJASTHAN, 8, BHARATPUR, 82, DEEG, 1195, BANDHA CHAUTH, 35300, 1357266, Drinking water, 0, 0, 0, 0, 0, 0, 517000, 517000
2015, RAJASTHAN, 8, BHARATPUR, 82, DEEG, 1195, BANDHA CHAUTH, 35300, 1357266, Roads, 0, 0, 0, 0, 0, 0, 800000, 800000
2015, RAJASTHAN, 8, BHARATPUR, 82, DEEG, 1195, BANDHA CHAUTH, 35300, 1357266, Total, 0, 0, 0, 0, 0, 0, 1317000, 1317000
2015, RAJASTHAN, 8, BHARATPUR, 82, DEEG, 1195, BARAI, 35301, 1335541, Drinking water, 0, 0, 0, 0, 0, 0, 512840, 512840
2015, RAJASTHAN, 8, BHARATPUR, 82, DEEG, 1195, BARAI, 35301, 1335541, Health, 0, 0, 0, 0, 0, 0, 500000, 500000
2015, RAJASTHAN, 8, BHARATPUR, 82, DEEG, 1195, BARAI, 35301, 1335541, Roads, 0, 0, 0, 0, 0, 0, 292075, 292075
2015, RAJASTHAN, 8, BHARATPUR, 82, DEEG, 1195, BARAI, 35301, 1335541, Total, 0, 0, 0, 0, 0, 0, 1304915, 1304915
2015, RAJASTHAN, 8, BHARATPUR, 82, DEEG, 1195, BAROLI CHAUTH, 35302, 1314261, Roads, 0, 0, 0, 0, 0, 0, 1050246, 1050246
2015, RAJASTHAN, 8, BHARATPUR, 82, DEEG, 1195, BAROLI CHAUTH, 35302, 1314261, Total, 0, 0, 0, 0, 0, 0, 1050246, 1050246
2015, RAJASTHAN, 8, BHARATPUR, 82, DEEG, 1195, BEDHAM, 35303, 1335543, Roads, 0, 0, 0, 0, 0, 0, 1700000, 1700000
2015, RAJASTHAN, 8, BHARATPUR, 82, DEEG, 1195, BEDHAM, 35303, 1335543, Sanitation, 0, 0, 0, 0, 0, 0, 130000, 130000
2015, RAJASTHAN, 8, BHARATPUR, 82, DEEG, 1195, BEDHAM, 35303, 1335543, Total, 0, 0, 0, 0, 0, 0, 1830000, 1830000
2015, RAJASTHAN, 8, BHARATPUR, 82, DEEG, 1195, CHULHERA, 35304, 1314383, Health, 0, 0, 0, 0, 0, 0, 35000, 35000
2015, RAJASTHAN, 8, BHARATPUR, 82, DEEG, 1195, CHULHERA, 35304, 1314383, Roads, 0, 0, 0, 0, 0, 0, 2190206, 2190206
2015, RAJASTHAN, 8, BHARATPUR, 82, DEEG, 1195, CHULHERA, 35304, 1314383, Rural housing, 0, 0, 0, 0, 0, 0, 250000, 250000
2015, RAJASTHAN, 8, BHARATPUR, 82, DEEG, 1195, CHULHERA, 35304, 1314383, Total, 0, 0, 0, 0, 0, 0, 2475206, 2475206
2015, RAJASTHAN, 8, BHARATPUR, 82, DEEG, 1195, DANTLOTHI, 35305, 1342615, Drinking water, 0, 0, 0, 0, 0, 0, 400000, 400000
2015, RAJASTHAN, 8, BHARATPUR, 82, DEEG, 1195, DANTLOTHI, 35305, 1342615, Roads, 0, 0, 0, 0, 0, 0, 1650000, 1650000
2015, RAJASTHAN, 8, BHARATPUR, 82, DEEG, 1195, DANTLOTHI, 35305, 1342615, Sanitation, 0, 0, 0, 0, 0, 0, 500000, 500000
2015, RAJASTHAN, 8, BHARATPUR, 82, DEEG, 1195, DANTLOTHI, 35305, 1342615, Total, 0, 0, 0, 0, 0, 0, 2550000, 2550000
2015, RAJASTHAN, 8, BHARATPUR, 82, DEEG, 1195, DHAMARI, 35306, 1357285, Administrative & Technical Support, 0, 0, 0, 0, 0, 0, 28000, 28000
2015, RAJASTHAN, 8, BHARATPUR, 82, DEEG, 1195, DHAMARI, 35306, 1357285, Roads, 0, 0, 0, 0, 0, 0, 2300000, 2300000
2015, RAJASTHAN, 8, BHARATPUR, 82, DEEG, 1195, DHAMARI, 35306, 1357285, Sanitation, 0, 0, 0, 0, 0, 0, 1700000, 1700000
2015, RAJASTHAN, 8, BHARATPUR, 82, DEEG, 1195, DHAMARI, 35306, 1357285, Total, 0, 0, 0, 0, 0, 0, 4028000, 4028000
2015, RAJASTHAN, 8, BHARATPUR, 82, DEEG, 1195, DIDAWALI, 35307, 1444509, Roads, 0, 0, 0, 0, 0, 0, 673666, 673666
2015, RAJASTHAN, 8, BHARATPUR, 82, DEEG, 1195, DIDAWALI, 35307, 1444509, Sanitation, 0, 0, 0, 0, 0, 0, 500000, 500000
2015, RAJASTHAN, 8, BHARATPUR, 82, DEEG, 1195, DIDAWALI, 35307, 1444509, Total, 0, 0, 0, 0, 0, 0, 1173666, 1173666
2015, RAJASTHAN, 8, BHARATPUR, 82, DEEG, 1195, GUHANA, 35308, 1444493, Health, 0, 0, 0, 0, 0, 0, 500000, 500000
2015, RAJASTHAN, 8, BHARATPUR, 82, DEEG, 1195, GUHANA, 35308, 1444493, Roads, 0, 0, 0, 0, 0, 0, 756381, 756381
2015, RAJASTHAN, 8, BHARATPUR, 82, DEEG, 1195, GUHANA, 35308, 1444493, Total, 0, 0, 0, 0, 0, 0, 1256381, 1256381
2015, RAJASTHAN, 8, BHARATPUR, 82, DEEG, 1195, IKLAHRA, 35309, 1466786, Drinking water, 0, 0, 0, 0, 0, 0, 150000, 150000
2015, RAJASTHAN, 8, BHARATPUR, 82, DEEG, 1195, IKLAHRA, 35309, 1466786, Health, 0, 0, 0, 0, 0, 0, 1900000, 1900000
2015, RAJASTHAN, 8, BHARATPUR, 82, DEEG, 1195, IKLAHRA, 35309, 1466786, Roads, 0, 0, 0, 0, 0, 0, 450000, 450000
2015, RAJASTHAN, 8, BHARATPUR, 82, DEEG, 1195, IKLAHRA, 35309, 1466786, Sanitation, 0, 0, 0, 0, 0, 0, 100000, 100000
2015, RAJASTHAN, 8, BHARATPUR, 82, DEEG, 1195, IKLAHRA, 35309, 1466786, Total, 0, 0, 0, 0, 0, 0, 2600000, 2600000
2015, RAJASTHAN, 8, BHARATPUR, 82, DEEG, 1195, JANOOTHAR, 35310, 1466852, Roads, 0, 0, 0, 0, 0, 0, 2150000, 2150000
2015, RAJASTHAN, 8, BHARATPUR, 82, DEEG, 1195, JANOOTHAR, 35310, 1466852, Total, 0, 0, 0, 0, 0, 0, 2150000, 2150000
2015, RAJASTHAN, 8, BHARATPUR, 82, DEEG, 1195, JATOLI THOON, 35311, 1468531, Health, 0, 0, 0, 0, 0, 0, 300000, 300000
2015, RAJASTHAN, 8, BHARATPUR, 82, DEEG, 1195, JATOLI THOON, 35311, 1468531, Roads, 0, 0, 0, 0, 0, 0, 1150000, 1150000
2015, RAJASTHAN, 8, BHARATPUR, 82, DEEG, 1195, JATOLI THOON, 35311, 1468531, Total, 0, 0, 0, 0, 0, 0, 1450000, 1450000
2015, RAJASTHAN, 8, BHARATPUR, 82, DEEG, 1195, KAKRA, 35312, 1335545, Drinking water, 0, 0, 0, 0, 0, 0, 700000, 700000
2015, RAJASTHAN, 8, BHARATPUR, 82, DEEG, 1195, KAKRA, 35312, 1335545, Roads, 0, 0, 0, 0, 0, 0, 2500000, 2500000
2015, RAJASTHAN, 8, BHARATPUR, 82, DEEG, 1195, KAKRA, 35312, 1335545, Total, 0, 0, 0, 0, 0, 0, 3200000, 3200000
2015, RAJASTHAN, 8, BHARATPUR, 82, DEEG, 1195, KASOT, 35313, 1444485, Health, 0, 0, 0, 0, 0, 0, 100000, 100000
2015, RAJASTHAN, 8, BHARATPUR, 82, DEEG, 1195, KASOT, 35313, 1444485, Roads, 0, 0, 0, 0, 0, 0, 870993, 870993
2015, RAJASTHAN, 8, BHARATPUR, 82, DEEG, 1195, KASOT, 35313, 1444485, Sanitation, 0, 0, 0, 0, 0, 0, 300000, 300000
2015, RAJASTHAN, 8, BHARATPUR, 82, DEEG, 1195, KASOT, 35313, 1444485, Total, 0, 0, 0, 0, 0, 0, 1270993, 1270993
2015, RAJASTHAN, 8, BHARATPUR, 82, DEEG, 1195, KHERA BRAHMAN, 35314, 1444520, Roads, 0, 0, 0, 0, 0, 0, 384724, 384724
2015, RAJASTHAN, 8, BHARATPUR, 82, DEEG, 1195, KHERA BRAHMAN, 35314, 1444520, Sanitation, 0, 0, 0, 0, 0, 0, 850000, 850000
2015, RAJASTHAN, 8, BHARATPUR, 82, DEEG, 1195, KHERA BRAHMAN, 35314, 1444520, Total, 0, 0, 0, 0, 0, 0, 1234724, 1234724
2015, RAJASTHAN, 8, BHARATPUR, 82, DEEG, 1195, KHOH, 35315, 1466824, Health, 0, 0, 0, 0, 0, 0, 750000, 750000
2015, RAJASTHAN, 8, BHARATPUR, 82, DEEG, 1195, KHOH, 35315, 1466824, Roads, 0, 0, 0, 0, 0, 0, 700000, 700000
2015, RAJASTHAN, 8, BHARATPUR, 82, DEEG, 1195, KHOH, 35315, 1466824, Total, 0, 0, 0, 0, 0, 0, 1450000, 1450000
2015, RAJASTHAN, 8, BHARATPUR, 82, DEEG, 1195, KHOHRI, 35316, 1336831, Drinking water, 0, 0, 0, 0, 0, 0, 200000, 200000
2015, RAJASTHAN, 8, BHARATPUR, 82, DEEG, 1195, KHOHRI, 35316, 1336831, Roads, 0, 0, 0, 0, 0, 0, 1050000, 1050000
2015, RAJASTHAN, 8, BHARATPUR, 82, DEEG, 1195, KHOHRI, 35316, 1336831, Total, 0, 0, 0, 0, 0, 0, 1250000, 1250000
2015, RAJASTHAN, 8, BHARATPUR, 82, DEEG, 1195, KORER, 35317, 1466660, Drinking water, 0, 0, 0, 0, 0, 0, 150000, 150000
2015, RAJASTHAN, 8, BHARATPUR, 82, DEEG, 1195, KORER, 35317, 1466660, Health, 0, 0, 0, 0, 0, 0, 1900000, 1900000
2015, RAJASTHAN, 8, BHARATPUR, 82, DEEG, 1195, KORER, 35317, 1466660, Sanitation, 0, 0, 0, 0, 0, 0, 1000000, 1000000
2015, RAJASTHAN, 8, BHARATPUR, 82, DEEG, 1195, KORER, 35317, 1466660, Total, 0, 0, 0, 0, 0, 0, 3050000, 3050000
2015, RAJASTHAN, 8, BHARATPUR, 82, DEEG, 1195, KUCHAWATI, 35318, 1466834, Drinking water, 0, 0, 0, 0, 0, 0, 250000, 250000
2015, RAJASTHAN, 8, BHARATPUR, 82, DEEG, 1195, KUCHAWATI, 35318, 1466834, Health, 0, 0, 0, 0, 0, 0, 250000, 250000
2015, RAJASTHAN, 8, BHARATPUR, 82, DEEG, 1195, KUCHAWATI, 35318, 1466834, Roads, 0, 0, 0, 0, 0, 0, 1250000, 1250000
2015, RAJASTHAN, 8, BHARATPUR, 82, DEEG, 1195, KUCHAWATI, 35318, 1466834, Total, 0, 0, 0, 0, 0, 0, 1750000, 1750000
2015, RAJASTHAN, 8, BHARATPUR, 82, DEEG, 1195, MAWAI, 35319, 1466812, Drinking water, 0, 0, 0, 0, 0, 0, 313190, 313190
2015, RAJASTHAN, 8, BHARATPUR, 82, DEEG, 1195, MAWAI, 35319, 1466812, Health, 0, 0, 0, 0, 0, 0, 1350000, 1350000
2015, RAJASTHAN, 8, BHARATPUR, 82, DEEG, 1195, MAWAI, 35319, 1466812, Total, 0, 0, 0, 0, 0, 0, 1663190, 1663190
2015, RAJASTHAN, 8, BHARATPUR, 82, DEEG, 1195, MOROLI, 35320, 1357331, Drinking water, 0, 0, 0, 0, 0, 0, 505000, 505000
2015, RAJASTHAN, 8, BHARATPUR, 82, DEEG, 1195, MOROLI, 35320, 1357331, Roads, 0, 0, 0, 0, 0, 0, 350000, 350000
2015, RAJASTHAN, 8, BHARATPUR, 82, DEEG, 1195, MOROLI, 35320, 1357331, Sanitation, 0, 0, 0, 0, 0, 0, 600000, 600000
2015, RAJASTHAN, 8, BHARATPUR, 82, DEEG, 1195, MOROLI, 35320, 1357331, Total, 0, 0, 0, 0, 0, 0, 1455000, 1455000
2015, RAJASTHAN, 8, BHARATPUR, 82, DEEG, 1195, NAGLA BADRIPUR, 35321, 1314714, Roads, 0, 0, 0, 0, 0, 0, 3420830, 3420830
2015, RAJASTHAN, 8, BHARATPUR, 82, DEEG, 1195, NAGLA BADRIPUR, 35321, 1314714, Total, 0, 0, 0, 0, 0, 0, 3420830, 3420830
2015, RAJASTHAN, 8, BHARATPUR, 82, DEEG, 1195, NIGOI, 35322, 1466863, Health, 0, 0, 0, 0, 0, 0, 900000, 900000
2015, RAJASTHAN, 8, BHARATPUR, 82, DEEG, 1195, NIGOI, 35322, 1466863, Total, 0, 0, 0, 0, 0, 0, 900000, 900000
2015, RAJASTHAN, 8, BHARATPUR, 82, DEEG, 1195, PANHORI, 35323, 1314445, Drinking water, 0, 0, 0, 0, 0, 0, 250000, 250000
2015, RAJASTHAN, 8, BHARATPUR, 82, DEEG, 1195, PANHORI, 35323, 1314445, Roads, 0, 0, 0, 0, 0, 0, 3890000, 3890000
2015, RAJASTHAN, 8, BHARATPUR, 82, DEEG, 1195, PANHORI, 35323, 1314445, Total, 0, 0, 0, 0, 0, 0, 4140000, 4140000
2015, RAJASTHAN, 8, BHARATPUR, 82, DEEG, 1195, PARAMDRA, 35324, 1444578, Health, 0, 0, 0, 0, 0, 0, 1108574, 1108574
2015, RAJASTHAN, 8, BHARATPUR, 82, DEEG, 1195, PARAMDRA, 35324, 1444578, Sanitation, 0, 0, 0, 0, 0, 0, 600000, 600000
2015, RAJASTHAN, 8, BHARATPUR, 82, DEEG, 1195, PARAMDRA, 35324, 1444578, Total, 0, 0, 0, 0, 0, 0, 1708574, 1708574
2015, RAJASTHAN, 8, BHARATPUR, 82, DEEG, 1195, PASOPA, 35325, 1466805, Health, 0, 0, 0, 0, 0, 0, 450000, 450000
2015, RAJASTHAN, 8, BHARATPUR, 82, DEEG, 1195, PASOPA, 35325, 1466805, Sanitation, 0, 0, 0, 0, 0, 0, 100000, 100000
2015, RAJASTHAN, 8, BHARATPUR, 82, DEEG, 1195, PASOPA, 35325, 1466805, Total, 0, 0, 0, 0, 0, 0, 550000, 550000
2015, RAJASTHAN, 8, BHARATPUR, 82, DEEG, 1195, PASTA, 35326, 1466689, Drinking water, 0, 0, 0, 0, 0, 0, 400000, 400000
2015, RAJASTHAN, 8, BHARATPUR, 82, DEEG, 1195, PASTA, 35326, 1466689, Health, 0, 0, 0, 0, 0, 0, 1250000, 1250000
2015, RAJASTHAN, 8, BHARATPUR, 82, DEEG, 1195, PASTA, 35326, 1466689, Total, 0, 0, 0, 0, 0, 0, 1650000, 1650000
2015, RAJASTHAN, 8, BHARATPUR, 82, DEEG, 1195, SAMAI, 35327, 1336931, Roads, 0, 0, 0, 0, 0, 0, 2099900, 2099900
2015, RAJASTHAN, 8, BHARATPUR, 82, DEEG, 1195, SAMAI, 35327, 1336931, Sanitation, 0, 0, 0, 0, 0, 0, 350000, 350000
2015, RAJASTHAN, 8, BHARATPUR, 82, DEEG, 1195, SAMAI, 35327, 1336931, Total, 0, 0, 0, 0, 0, 0, 2449900, 2449900
2015, RAJASTHAN, 8, BHARATPUR, 82, DEEG, 1195, SHYORAWALI, 35328, 1342793, Drinking water, 0, 0, 0, 0, 0, 0, 300000, 300000
2015, RAJASTHAN, 8, BHARATPUR, 82, DEEG, 1195, SHYORAWALI, 35328, 1342793, Roads, 0, 0, 0, 0, 0, 0, 3000000, 3000000
2015, RAJASTHAN, 8, BHARATPUR, 82, DEEG, 1195, SHYORAWALI, 35328, 1342793, Total, 0, 0, 0, 0, 0, 0, 3300000, 3300000
2015, RAJASTHAN, 8, BHARATPUR, 82, DEEG, 1195, SINSINI, 35329, 1357269, Drinking water, 0, 0, 0, 0, 0, 0, 50000, 50000
2015, RAJASTHAN, 8, BHARATPUR, 82, DEEG, 1195, SINSINI, 35329, 1357269, Roads, 0, 0, 0, 0, 0, 0, 2085556, 2085556
2015, RAJASTHAN, 8, BHARATPUR, 82, DEEG, 1195, SINSINI, 35329, 1357269, Sanitation, 0, 0, 0, 0, 0, 0, 50000, 50000
2015, RAJASTHAN, 8, BHARATPUR, 82, DEEG, 1195, SINSINI, 35329, 1357269, Total, 0, 0, 0, 0, 0, 0, 2185556, 2185556
2015, RAJASTHAN, 8, BHARATPUR, 82, DEEG, 1195, SISWARA, 35330, 1357311, Roads, 0, 0, 0, 0, 0, 0, 1500000, 1500000
2015, RAJASTHAN, 8, BHARATPUR, 82, DEEG, 1195, SISWARA, 35330, 1357311, Sanitation, 0, 0, 0, 0, 0, 0, 625000, 625000
2015, RAJASTHAN, 8, BHARATPUR, 82, DEEG, 1195, SISWARA, 35330, 1357311, Total, 0, 0, 0, 0, 0, 0, 2125000, 2125000
2015, RAJASTHAN, 8, BHARATPUR, 82, DEEG, 1195, SONGAON, 35331, 1356705, Drinking water, 0, 0, 0, 0, 0, 0, 264814, 264814
2015, RAJASTHAN, 8, BHARATPUR, 82, DEEG, 1195, SONGAON, 35331, 1356705, Health, 0, 0, 0, 0, 0, 0, 100000, 100000
2015, RAJASTHAN, 8, BHARATPUR, 82, DEEG, 1195, SONGAON, 35331, 1356705, Roads, 0, 0, 0, 0, 0, 0, 1932574, 1932574
2015, RAJASTHAN, 8, BHARATPUR, 82, DEEG, 1195, SONGAON, 35331, 1356705, Total, 0, 0, 0, 0, 0, 0, 2297388, 2297388
2015, RAJASTHAN, 8, BHARATPUR, 82, DEEG, 1195, TODA, 35332, 1357302, Drinking water, 0, 0, 0, 0, 0, 0, 1000000, 1000000
2015, RAJASTHAN, 8, BHARATPUR, 82, DEEG, 1195, TODA, 35332, 1357302, Roads, 0, 0, 0, 0, 0, 0, 500000, 500000
2015, RAJASTHAN, 8, BHARATPUR, 82, DEEG, 1195, TODA, 35332, 1357302, Sanitation, 0, 0, 0, 0, 0, 0, 800000, 800000
2015, RAJASTHAN, 8, BHARATPUR, 82, DEEG, 1195, TODA, 35332, 1357302, Total, 0, 0, 0, 0, 0, 0, 2300000, 2300000
2015, RAJASTHAN, 8, BHARATPUR, 82, KAMAN, 1196, ANCHAWARA, 35333, 1505423, Drinking water, 0, 0, 0, 0, 0, 0, 485000, 485000
2015, RAJASTHAN, 8, BHARATPUR, 82, KAMAN, 1196, ANCHAWARA, 35333, 1505423, Maintenance of community system, 0, 0, 0, 0, 0, 0, 60000, 60000
2015, RAJASTHAN, 8, BHARATPUR, 82, KAMAN, 1196, ANCHAWARA, 35333, 1505423, Roads, 0, 0, 0, 0, 0, 0, 836795, 836795
2015, RAJASTHAN, 8, BHARATPUR, 82, KAMAN, 1196, ANCHAWARA, 35333, 1505423, Sanitation, 0, 0, 0, 0, 0, 0, 100000, 100000
2015, RAJASTHAN, 8, BHARATPUR, 82, KAMAN, 1196, ANCHAWARA, 35333, 1505423, Total, 0, 0, 0, 0, 0, 0, 1481795, 1481795
2015, RAJASTHAN, 8, BHARATPUR, 82, KAMAN, 1196, BAROLI DHAU, 35335, 1499675, Drinking water, 0, 0, 0, 0, 0, 0, 272000, 272000
2015, RAJASTHAN, 8, BHARATPUR, 82, KAMAN, 1196, BAROLI DHAU, 35335, 1499675, Roads, 0, 0, 0, 0, 0, 0, 1700000, 1700000
2015, RAJASTHAN, 8, BHARATPUR, 82, KAMAN, 1196, BAROLI DHAU, 35335, 1499675, Total, 0, 0, 0, 0, 0, 0, 1972000, 1972000
2015, RAJASTHAN, 8, BHARATPUR, 82, KAMAN, 1196, BHANDARA, 35337, 1573211, Cultural activities, 0, 0, 0, 0, 0, 0, 325000, 325000
2015, RAJASTHAN, 8, BHARATPUR, 82, KAMAN, 1196, BHANDARA, 35337, 1573211, Drinking water, 0, 0, 0, 0, 0, 0, 260000, 260000
2015, RAJASTHAN, 8, BHARATPUR, 82, KAMAN, 1196, BHANDARA, 35337, 1573211, Maintenance of community system, 0, 0, 0, 0, 0, 0, 1000000, 1000000
2015, RAJASTHAN, 8, BHARATPUR, 82, KAMAN, 1196, BHANDARA, 35337, 1573211, Roads, 0, 0, 0, 0, 0, 0, 1575357, 1575357
2015, RAJASTHAN, 8, BHARATPUR, 82, KAMAN, 1196, BHANDARA, 35337, 1573211, Total, 0, 0, 0, 0, 0, 0, 3160357, 3160357
2015, RAJASTHAN, 8, BHARATPUR, 82, KAMAN, 1196, BILANG, 35339, 1413950, Drinking water, 0, 0, 0, 0, 0, 0, 2168500, 2168500
2015, RAJASTHAN, 8, BHARATPUR, 82, KAMAN, 1196, BILANG, 35339, 1413950, Maintenance of community system, 0, 0, 0, 0, 0, 0, 194000, 194000
2015, RAJASTHAN, 8, BHARATPUR, 82, KAMAN, 1196, BILANG, 35339, 1413950, Rural housing, 0, 0, 0, 0, 0, 0, 200000, 200000
2015, RAJASTHAN, 8, BHARATPUR, 82, KAMAN, 1196, BILANG, 35339, 1413950, Sanitation, 0, 0, 0, 0, 0, 0, 94000, 94000
2015, RAJASTHAN, 8, BHARATPUR, 82, KAMAN, 1196, BILANG, 35339, 1413950, Total, 0, 0, 0, 0, 0, 0, 2656500, 2656500
2015, RAJASTHAN, 8, BHARATPUR, 82, KAMAN, 1196, BILOND, 35340, 1433723, Drinking water, 0, 0, 0, 0, 0, 0, 1095000, 1095000
2015, RAJASTHAN, 8, BHARATPUR, 82, KAMAN, 1196, BILOND, 35340, 1433723, Roads, 0, 0, 0, 0, 0, 0, 1850000, 1850000
2015, RAJASTHAN, 8, BHARATPUR, 82, KAMAN, 1196, BILOND, 35340, 1433723, Total, 0, 0, 0, 0, 0, 0, 3518000, 3518000
2015, RAJASTHAN, 8, BHARATPUR, 82, KAMAN, 1196, BILOND, 35340, 1433723, Women and child development, 0, 0, 0, 0, 0, 0, 573000, 573000
2015, RAJASTHAN, 8, BHARATPUR, 82, KAMAN, 1196, BOLKHERA, 35341, 1500663, Drinking water, 0, 0, 0, 0, 0, 0, 220000, 220000
2015, RAJASTHAN, 8, BHARATPUR, 82, KAMAN, 1196, BOLKHERA, 35341, 1500663, Roads, 0, 0, 0, 0, 0, 0, 1650000, 1650000
2015, RAJASTHAN, 8, BHARATPUR, 82, KAMAN, 1196, BOLKHERA, 35341, 1500663, Total, 0, 0, 0, 0, 0, 0, 1870000, 1870000
2015, RAJASTHAN, 8, BHARATPUR, 82, KAMAN, 1196, CHHICHARWARI, 35342, 1432799, Drinking water, 0, 0, 0, 0, 0, 0, 120000, 120000
2015, RAJASTHAN, 8, BHARATPUR, 82, KAMAN, 1196, CHHICHARWARI, 35342, 1432799, Roads, 0, 0, 0, 0, 0, 0, 1570000, 1570000
2015, RAJASTHAN, 8, BHARATPUR, 82, KAMAN, 1196, CHHICHARWARI, 35342, 1432799, Total, 0, 0, 0, 0, 0, 0, 2263000, 2263000
2015, RAJASTHAN, 8, BHARATPUR, 82, KAMAN, 1196, CHHICHARWARI, 35342, 1432799, Women and child development, 0, 0, 0, 0, 0, 0, 573000, 573000
2015, RAJASTHAN, 8, BHARATPUR, 82, KAMAN, 1196, DHILABATI, 35343, 1425376, Drinking water, 0, 0, 0, 0, 0, 0, 370000, 370000
2015, RAJASTHAN, 8, BHARATPUR, 82, KAMAN, 1196, DHILABATI, 35343, 1425376, Public distribution system, 0, 0, 0, 0, 0, 0, 130000, 130000
2015, RAJASTHAN, 8, BHARATPUR, 82, KAMAN, 1196, DHILABATI, 35343, 1425376, Roads, 0, 0, 0, 0, 0, 0, 2650000, 2650000
2015, RAJASTHAN, 8, BHARATPUR, 82, KAMAN, 1196, DHILABATI, 35343, 1425376, Total, 0, 0, 0, 0, 0, 0, 3150000, 3150000
2015, RAJASTHAN, 8, BHARATPUR, 82, KAMAN, 1196, GANWARI, 35345, 1495769, Drinking water, 0, 0, 0, 0, 0, 0, 405000, 405000
2015, RAJASTHAN, 8, BHARATPUR, 82, KAMAN, 1196, GANWARI, 35345, 1495769, Roads, 0, 0, 0, 0, 0, 0, 1300000, 1300000
2015, RAJASTHAN, 8, BHARATPUR, 82, KAMAN, 1196, GANWARI, 35345, 1495769, Total, 0, 0, 0, 0, 0, 0, 1705000, 1705000
2015, RAJASTHAN, 8, BHARATPUR, 82, KAMAN, 1196, GARH AJAN, 35346, 1509635, Roads, 0, 0, 0, 0, 0, 0, 1095000, 1095000
2015, RAJASTHAN, 8, BHARATPUR, 82, KAMAN, 1196, GARH AJAN, 35346, 1509635, Total, 0, 0, 0, 0, 0, 0, 1095000, 1095000
2015, RAJASTHAN, 8, BHARATPUR, 82, KAMAN, 1196, GHARI JHEL PATTI, 35347, 1573203, Drinking water, 0, 0, 0, 0, 0, 0, 1160000, 1160000
2015, RAJASTHAN, 8, BHARATPUR, 82, KAMAN, 1196, GHARI JHEL PATTI, 35347, 1573203, Total, 0, 0, 0, 0, 0, 0, 1160000, 1160000
2015, RAJASTHAN, 8, BHARATPUR, 82, KAMAN, 1196, JUREHERA, 35352, 1586741, Maintenance of community system, 0, 0, 0, 0, 0, 0, 745000, 745000
2015, RAJASTHAN, 8, BHARATPUR, 82, KAMAN, 1196, JUREHERA, 35352, 1586741, Roads, 0, 0, 0, 0, 0, 0, 1730000, 1730000
2015, RAJASTHAN, 8, BHARATPUR, 82, KAMAN, 1196, JUREHERA, 35352, 1586741, Total, 0, 0, 0, 0, 0, 0, 2475000, 2475000
2015, RAJASTHAN, 8, BHARATPUR, 82, KAMAN, 1196, KANWARA, 35353, 1499099, Drinking water, 0, 0, 0, 0, 0, 0, 200000, 200000
2015, RAJASTHAN, 8, BHARATPUR, 82, KAMAN, 1196, KANWARA, 35353, 1499099, Roads, 0, 0, 0, 0, 0, 0, 4400000, 4400000
2015, RAJASTHAN, 8, BHARATPUR, 82, KAMAN, 1196, KANWARA, 35353, 1499099, Total, 0, 0, 0, 0, 0, 0, 4600000, 4600000
2015, RAJASTHAN, 8, BHARATPUR, 82, KAMAN, 1196, LEWARA, 35356, 1425812, Drinking water, 0, 0, 0, 0, 0, 0, 300000, 300000
2015, RAJASTHAN, 8, BHARATPUR, 82, KAMAN, 1196, LEWARA, 35356, 1425812, Roads, 0, 0, 0, 0, 0, 0, 3200000, 3200000
2015, RAJASTHAN, 8, BHARATPUR, 82, KAMAN, 1196, LEWARA, 35356, 1425812, Rural housing, 0, 0, 0, 0, 0, 0, 500000, 500000
2015, RAJASTHAN, 8, BHARATPUR, 82, KAMAN, 1196, LEWARA, 35356, 1425812, Total, 0, 0, 0, 0, 0, 0, 4000000, 4000000
2015, RAJASTHAN, 8, BHARATPUR, 82, KAMAN, 1196, LUHESAR, 35357, 1432394, Drinking water, 0, 0, 0, 0, 0, 0, 625000, 625000
2015, RAJASTHAN, 8, BHARATPUR, 82, KAMAN, 1196, LUHESAR, 35357, 1432394, Roads, 0, 0, 0, 0, 0, 0, 625000, 625000
2015, RAJASTHAN, 8, BHARATPUR, 82, KAMAN, 1196, LUHESAR, 35357, 1432394, Social welfare, 0, 0, 0, 0, 0, 0, 470000, 470000
2015, RAJASTHAN, 8, BHARATPUR, 82, KAMAN, 1196, LUHESAR, 35357, 1432394, Total, 0, 0, 0, 0, 0, 0, 3439000, 3439000
2015, RAJASTHAN, 8, BHARATPUR, 82, KAMAN, 1196, LUHESAR, 35357, 1432394, Women and child development, 0, 0, 0, 0, 0, 0, 1719000, 1719000
2015, RAJASTHAN, 8, BHARATPUR, 82, KAMAN, 1196, MUSEPUR, 35358, 1414005, Drinking water, 0, 0, 0, 0, 0, 0, 270000, 270000
2015, RAJASTHAN, 8, BHARATPUR, 82, KAMAN, 1196, MUSEPUR, 35358, 1414005, Roads, 0, 0, 0, 0, 0, 0, 1950000, 1950000
2015, RAJASTHAN, 8, BHARATPUR, 82, KAMAN, 1196, MUSEPUR, 35358, 1414005, Total, 0, 0, 0, 0, 0, 0, 2220000, 2220000
2015, RAJASTHAN, 8, BHARATPUR, 82, KAMAN, 1196, NANDERA, 35359, 1441974, Roads, 0, 0, 0, 0, 0, 0, 2295000, 2295000
2015, RAJASTHAN, 8, BHARATPUR, 82, KAMAN, 1196, NANDERA, 35359, 1441974, Sanitation, 0, 0, 0, 0, 0, 0, 50000, 50000
2015, RAJASTHAN, 8, BHARATPUR, 82, KAMAN, 1196, NANDERA, 35359, 1441974, Social welfare, 0, 0, 0, 0, 0, 0, 300000, 300000
2015, RAJASTHAN, 8, BHARATPUR, 82, KAMAN, 1196, NANDERA, 35359, 1441974, Total, 0, 0, 0, 0, 0, 0, 2645000, 2645000
2015, RAJASTHAN, 8, BHARATPUR, 82, KAMAN, 1196, NAUGAVAN, 35360, 1509147, Roads, 0, 0, 0, 0, 0, 0, 3757000, 3757000
2015, RAJASTHAN, 8, BHARATPUR, 82, KAMAN, 1196, NAUGAVAN, 35360, 1509147, Social welfare, 0, 0, 0, 0, 0, 0, 700000, 700000
2015, RAJASTHAN, 8, BHARATPUR, 82, KAMAN, 1196, NAUGAVAN, 35360, 1509147, Total, 0, 0, 0, 0, 0, 0, 4457000, 4457000
2015, RAJASTHAN, 8, BHARATPUR, 82, KAMAN, 1196, NONERA, 35361, 1601348, Drinking water, 0, 0, 0, 0, 0, 0, 500000, 500000
2015, RAJASTHAN, 8, BHARATPUR, 82, KAMAN, 1196, NONERA, 35361, 1601348, Roads, 0, 0, 0, 0, 0, 0, 310000, 310000
2015, RAJASTHAN, 8, BHARATPUR, 82, KAMAN, 1196, NONERA, 35361, 1601348, Total, 0, 0, 0, 0, 0, 0, 810000, 810000
2015, RAJASTHAN, 8, BHARATPUR, 82, KAMAN, 1196, OLANDA, 35362, 1496915, Drinking water, 0, 0, 0, 0, 0, 0, 1024948, 1024948
2015, RAJASTHAN, 8, BHARATPUR, 82, KAMAN, 1196, OLANDA, 35362, 1496915, Roads, 0, 0, 0, 0, 0, 0, 550000, 550000
2015, RAJASTHAN, 8, BHARATPUR, 82, KAMAN, 1196, OLANDA, 35362, 1496915, Total, 0, 0, 0, 0, 0, 0, 1882674, 1882674
2015, RAJASTHAN, 8, BHARATPUR, 82, KAMAN, 1196, OLANDA, 35362, 1496915, Women and child development, 0, 0, 0, 0, 0, 0, 307726, 307726
2015, RAJASTHAN, 8, BHARATPUR, 82, KAMAN, 1196, PAI, 35363, 1423089, Drinking water, 0, 0, 0, 0, 0, 0, 309000, 309000
2015, RAJASTHAN, 8, BHARATPUR, 82, KAMAN, 1196, PAI, 35363, 1423089, Roads, 0, 0, 0, 0, 0, 0, 3000000, 3000000
2015, RAJASTHAN, 8, BHARATPUR, 82, KAMAN, 1196, PAI, 35363, 1423089, Rural housing, 0, 0, 0, 0, 0, 0, 1000000, 1000000
2015, RAJASTHAN, 8, BHARATPUR, 82, KAMAN, 1196, PAI, 35363, 1423089, Total, 0, 0, 0, 0, 0, 0, 4809000, 4809000
2015, RAJASTHAN, 8, BHARATPUR, 82, KAMAN, 1196, PAI, 35363, 1423089, Water Conservation, 0, 0, 0, 0, 0, 0, 500000, 500000
2015, RAJASTHAN, 8, BHARATPUR, 82, KAMAN, 1196, PALLA, 35364, 1573119, Roads, 0, 0, 0, 0, 0, 0, 1400000, 1400000
2015, RAJASTHAN, 8, BHARATPUR, 82, KAMAN, 1196, PALLA, 35364, 1573119, Social welfare, 0, 0, 0, 0, 0, 0, 346025, 346025
2015, RAJASTHAN, 8, BHARATPUR, 82, KAMAN, 1196, PALLA, 35364, 1573119, Total, 0, 0, 0, 0, 0, 0, 2346025, 2346025
2015, RAJASTHAN, 8, BHARATPUR, 82, KAMAN, 1196, PALLA, 35364, 1573119, Women and child development, 0, 0, 0, 0, 0, 0, 600000, 600000
2015, RAJASTHAN, 8, BHARATPUR, 82, KAMAN, 1196, SABLANA, 35366, 1442378, Drinking water, 0, 0, 0, 0, 0, 0, 590000, 590000
2015, RAJASTHAN, 8, BHARATPUR, 82, KAMAN, 1196, SABLANA, 35366, 1442378, Roads, 0, 0, 0, 0, 0, 0, 2045000, 2045000
2015, RAJASTHAN, 8, BHARATPUR, 82, KAMAN, 1196, SABLANA, 35366, 1442378, Total, 0, 0, 0, 0, 0, 0, 2635000, 2635000
2015, RAJASTHAN, 8, BHARATPUR, 82, KAMAN, 1196, SAHEDA, 35367, 1432081, Drinking water, 0, 0, 0, 0, 0, 0, 35000, 35000
2015, RAJASTHAN, 8, BHARATPUR, 82, KAMAN, 1196, SAHEDA, 35367, 1432081, Land improvement, 0, 0, 0, 0, 0, 0, 100000, 100000
2015, RAJASTHAN, 8, BHARATPUR, 82, KAMAN, 1196, SAHEDA, 35367, 1432081, Roads, 0, 0, 0, 0, 0, 0, 2700000, 2700000
2015, RAJASTHAN, 8, BHARATPUR, 82, KAMAN, 1196, SAHEDA, 35367, 1432081, Total, 0, 0, 0, 0, 0, 0, 2835000, 2835000
2015, RAJASTHAN, 8, BHARATPUR, 82, KAMAN, 1196, SATWAS, 35371, 1434372, Roads, 0, 0, 0, 0, 0, 0, 2990000, 2990000
2015, RAJASTHAN, 8, BHARATPUR, 82, KAMAN, 1196, SATWAS, 35371, 1434372, Total, 0, 0, 0, 0, 0, 0, 2990000, 2990000
2015, RAJASTHAN, 8, BHARATPUR, 82, KAMAN, 1196, SONOKHAR, 35373, 1496274, Drinking water, 0, 0, 0, 0, 0, 0, 600000, 600000
2015, RAJASTHAN, 8, BHARATPUR, 82, KAMAN, 1196, SONOKHAR, 35373, 1496274, Roads, 0, 0, 0, 0, 0, 0, 1700000, 1700000
2015, RAJASTHAN, 8, BHARATPUR, 82, KAMAN, 1196, SONOKHAR, 35373, 1496274, Rural housing, 0, 0, 0, 0, 0, 0, 150000, 150000
2015, RAJASTHAN, 8, BHARATPUR, 82, KAMAN, 1196, SONOKHAR, 35373, 1496274, Total, 0, 0, 0, 0, 0, 0, 3024000, 3024000
2015, RAJASTHAN, 8, BHARATPUR, 82, KAMAN, 1196, SONOKHAR, 35373, 1496274, Women and child development, 0, 0, 0, 0, 0, 0, 574000, 574000
2015, RAJASTHAN, 8, BHARATPUR, 82, KAMAN, 1196, SUNEHARA, 35374, 1504420, Roads, 0, 0, 0, 0, 0, 0, 2144000, 2144000
2015, RAJASTHAN, 8, BHARATPUR, 82, KAMAN, 1196, SUNEHARA, 35374, 1504420, Rural housing, 0, 0, 0, 0, 0, 0, 60000, 60000
2015, RAJASTHAN, 8, BHARATPUR, 82, KAMAN, 1196, SUNEHARA, 35374, 1504420, Social welfare, 0, 0, 0, 0, 0, 0, 271000, 271000
2015, RAJASTHAN, 8, BHARATPUR, 82, KAMAN, 1196, SUNEHARA, 35374, 1504420, Total, 0, 0, 0, 0, 0, 0, 3049000, 3049000
2015, RAJASTHAN, 8, BHARATPUR, 82, KAMAN, 1196, SUNEHARA, 35374, 1504420, Women and child development, 0, 0, 0, 0, 0, 0, 574000, 574000
2015, RAJASTHAN, 8, BHARATPUR, 82, KAMAN, 1196, UDAKA, 35375, 1430589, Education, 0, 0, 0, 0, 0, 0, 573000, 573000
2015, RAJASTHAN, 8, BHARATPUR, 82, KAMAN, 1196, UDAKA, 35375, 1430589, Roads, 0, 0, 0, 0, 0, 0, 2190000, 2190000
2015, RAJASTHAN, 8, BHARATPUR, 82, KAMAN, 1196, UDAKA, 35375, 1430589, Social welfare, 0, 0, 0, 0, 0, 0, 800000, 800000
2015, RAJASTHAN, 8, BHARATPUR, 82, KAMAN, 1196, UDAKA, 35375, 1430589, Total, 0, 0, 0, 0, 0, 0, 3563000, 3563000
2015, RAJASTHAN, 8, BHARATPUR, 82, KAMAN, 1196, UNCHEDA, 35376, 1573142, Drinking water, 0, 0, 0, 0, 0, 0, 1741080, 1741080
2015, RAJASTHAN, 8, BHARATPUR, 82, KAMAN, 1196, UNCHEDA, 35376, 1573142, Maintenance of community system, 0, 0, 0, 0, 0, 0, 600000, 600000
2015, RAJASTHAN, 8, BHARATPUR, 82, KAMAN, 1196, UNCHEDA, 35376, 1573142, Roads, 0, 0, 0, 0, 0, 0, 800000, 800000
2015, RAJASTHAN, 8, BHARATPUR, 82, KAMAN, 1196, UNCHEDA, 35376, 1573142, Total, 0, 0, 0, 0, 0, 0, 3141080, 3141080
2015, RAJASTHAN, 8, BHARATPUR, 82, KUMHER, 1197, AJAN, 35377, 1314333, Drinking water, 0, 0, 0, 0, 0, 0, 100000, 100000
2015, RAJASTHAN, 8, BHARATPUR, 82, KUMHER, 1197, AJAN, 35377, 1314333, Roads, 0, 0, 0, 0, 0, 0, 2000000, 2000000
2015, RAJASTHAN, 8, BHARATPUR, 82, KUMHER, 1197, AJAN, 35377, 1314333, Total, 0, 0, 0, 0, 0, 0, 2100000, 2100000
2015, RAJASTHAN, 8, BHARATPUR, 82, KUMHER, 1197, AJAU, 35378, 1328147, Roads, 0, 0, 0, 0, 0, 0, 750000, 750000
2015, RAJASTHAN, 8, BHARATPUR, 82, KUMHER, 1197, AJAU, 35378, 1328147, Rural housing, 0, 0, 0, 0, 0, 0, 80000, 80000
2015, RAJASTHAN, 8, BHARATPUR, 82, KUMHER, 1197, AJAU, 35378, 1328147, Total, 0, 0, 0, 0, 0, 0, 830000, 830000
2015, RAJASTHAN, 8, BHARATPUR, 82, KUMHER, 1197, ASTAWAN, 35379, 1468239, Roads, 0, 0, 0, 0, 0, 0, 1144396, 1144396
2015, RAJASTHAN, 8, BHARATPUR, 82, KUMHER, 1197, ASTAWAN, 35379, 1468239, Total, 0, 0, 0, 0, 0, 0, 1144396, 1144396
2015, RAJASTHAN, 8, BHARATPUR, 82, KUMHER, 1197, AVHORRA, 35380, 1320553, Drinking water, 0, 0, 0, 0, 0, 0, 385000, 385000
2015, RAJASTHAN, 8, BHARATPUR, 82, KUMHER, 1197, AVHORRA, 35380, 1320553, Roads, 0, 0, 0, 0, 0, 0, 950000, 950000
2015, RAJASTHAN, 8, BHARATPUR, 82, KUMHER, 1197, AVHORRA, 35380, 1320553, Total, 0, 0, 0, 0, 0, 0, 1335000, 1335000
2015, RAJASTHAN, 8, BHARATPUR, 82, KUMHER, 1197, AWAR, 35381, 1328151, Roads, 0, 0, 0, 0, 0, 0, 1750000, 1750000
2015, RAJASTHAN, 8, BHARATPUR, 82, KUMHER, 1197, AWAR, 35381, 1328151, Total, 0, 0, 0, 0, 0, 0, 1750000, 1750000
2015, RAJASTHAN, 8, BHARATPUR, 82, KUMHER, 1197, BABAIN, 35382, 1314438, Roads, 0, 0, 0, 0, 0, 0, 2500000, 2500000
2015, RAJASTHAN, 8, BHARATPUR, 82, KUMHER, 1197, BABAIN, 35382, 1314438, Total, 0, 0, 0, 0, 0, 0, 2500000, 2500000
2015, RAJASTHAN, 8, BHARATPUR, 82, KUMHER, 1197, BAILARA KALAN, 35383, 1314354, Roads, 0, 0, 0, 0, 0, 0, 1000000, 1000000
2015, RAJASTHAN, 8, BHARATPUR, 82, KUMHER, 1197, BAILARA KALAN, 35383, 1314354, Sanitation, 0, 0, 0, 0, 0, 0, 700000, 700000
2015, RAJASTHAN, 8, BHARATPUR, 82, KUMHER, 1197, BAILARA KALAN, 35383, 1314354, Total, 0, 0, 0, 0, 0, 0, 1700000, 1700000
2015, RAJASTHAN, 8, BHARATPUR, 82, KUMHER, 1197, BHATAWALI, 35384, 1468240, Roads, 0, 0, 0, 0, 0, 0, 749605, 749605
2015, RAJASTHAN, 8, BHARATPUR, 82, KUMHER, 1197, BHATAWALI, 35384, 1468240, Sanitation, 0, 0, 0, 0, 0, 0, 41634, 41634
2015, RAJASTHAN, 8, BHARATPUR, 82, KUMHER, 1197, BHATAWALI, 35384, 1468240, Total, 0, 0, 0, 0, 0, 0, 791239, 791239
2015, RAJASTHAN, 8, BHARATPUR, 82, KUMHER, 1197, BIRHAROO, 35385, 1333477, Roads, 0, 0, 0, 0, 0, 0, 1750000, 1750000
2015, RAJASTHAN, 8, BHARATPUR, 82, KUMHER, 1197, BIRHAROO, 35385, 1333477, Total, 0, 0, 0, 0, 0, 0, 1750000, 1750000
2015, RAJASTHAN, 8, BHARATPUR, 82, KUMHER, 1197, DANDOO, 35386, 1314411, Roads, 0, 0, 0, 0, 0, 0, 500000, 500000
2015, RAJASTHAN, 8, BHARATPUR, 82, KUMHER, 1197, DANDOO, 35386, 1314411, Sanitation, 0, 0, 0, 0, 0, 0, 250000, 250000
2015, RAJASTHAN, 8, BHARATPUR, 82, KUMHER, 1197, DANDOO, 35386, 1314411, Total, 0, 0, 0, 0, 0, 0, 750000, 750000
2015, RAJASTHAN, 8, BHARATPUR, 82, KUMHER, 1197, DEHERA, 35387, 1328160, Roads, 0, 0, 0, 0, 0, 0, 1820000, 1820000
2015, RAJASTHAN, 8, BHARATPUR, 82, KUMHER, 1197, DEHERA, 35387, 1328160, Rural housing, 0, 0, 0, 0, 0, 0, 200000, 200000
2015, RAJASTHAN, 8, BHARATPUR, 82, KUMHER, 1197, DEHERA, 35387, 1328160, Total, 0, 0, 0, 0, 0, 0, 2020000, 2020000
2015, RAJASTHAN, 8, BHARATPUR, 82, KUMHER, 1197, DHANWARA, 35388, 1328167, Health, 0, 0, 0, 0, 0, 0, 250000, 250000
2015, RAJASTHAN, 8, BHARATPUR, 82, KUMHER, 1197, DHANWARA, 35388, 1328167, Roads, 0, 0, 0, 0, 0, 0, 940000, 940000
2015, RAJASTHAN, 8, BHARATPUR, 82, KUMHER, 1197, DHANWARA, 35388, 1328167, Sanitation, 0, 0, 0, 0, 0, 0, 1690000, 1690000
2015, RAJASTHAN, 8, BHARATPUR, 82, KUMHER, 1197, DHANWARA, 35388, 1328167, Total, 0, 0, 0, 0, 0, 0, 2880000, 2880000
2015, RAJASTHAN, 8, BHARATPUR, 82, KUMHER, 1197, GUDAWALI, 35389, 1328172, Roads, 0, 0, 0, 0, 0, 0, 1270000, 1270000
2015, RAJASTHAN, 8, BHARATPUR, 82, KUMHER, 1197, GUDAWALI, 35389, 1328172, Total, 0, 0, 0, 0, 0, 0, 1270000, 1270000
2015, RAJASTHAN, 8, BHARATPUR, 82, KUMHER, 1197, GUNSARA, 35390, 1314403, Roads, 0, 0, 0, 0, 0, 0, 1800000, 1800000
2015, RAJASTHAN, 8, BHARATPUR, 82, KUMHER, 1197, GUNSARA, 35390, 1314403, Total, 0, 0, 0, 0, 0, 0, 1800000, 1800000
2015, RAJASTHAN, 8, BHARATPUR, 82, KUMHER, 1197, HELAK, 35391, 1328182, Roads, 0, 0, 0, 0, 0, 0, 2250000, 2250000
2015, RAJASTHAN, 8, BHARATPUR, 82, KUMHER, 1197, HELAK, 35391, 1328182, Sanitation, 0, 0, 0, 0, 0, 0, 100000, 100000
2015, RAJASTHAN, 8, BHARATPUR, 82, KUMHER, 1197, HELAK, 35391, 1328182, Total, 0, 0, 0, 0, 0, 0, 2350000, 2350000
2015, RAJASTHAN, 8, BHARATPUR, 82, KUMHER, 1197, LAKHAN, 35393, 1333484, Roads, 0, 0, 0, 0, 0, 0, 1750000, 1750000
2015, RAJASTHAN, 8, BHARATPUR, 82, KUMHER, 1197, LAKHAN, 35393, 1333484, Total, 0, 0, 0, 0, 0, 0, 1750000, 1750000
2015, RAJASTHAN, 8, BHARATPUR, 82, KUMHER, 1197, MAHARAWAR, 35394, 1328186, Roads, 0, 0, 0, 0, 0, 0, 2350000, 2350000
2015, RAJASTHAN, 8, BHARATPUR, 82, KUMHER, 1197, MAHARAWAR, 35394, 1328186, Total, 0, 0, 0, 0, 0, 0, 2350000, 2350000
2015, RAJASTHAN, 8, BHARATPUR, 82, KUMHER, 1197, PAHUA, 35395, 1468241, Roads, 0, 0, 0, 0, 0, 0, 44610, 44610
2015, RAJASTHAN, 8, BHARATPUR, 82, KUMHER, 1197, PAHUA, 35395, 1468241, Total, 0, 0, 0, 0, 0, 0, 44610, 44610
2015, RAJASTHAN, 8, BHARATPUR, 82, KUMHER, 1197, PALA, 35396, 1468243, Drinking water, 0, 0, 0, 0, 0, 0, 134252, 134252
2015, RAJASTHAN, 8, BHARATPUR, 82, KUMHER, 1197, PALA, 35396, 1468243, Roads, 0, 0, 0, 0, 0, 0, 295497, 295497
2015, RAJASTHAN, 8, BHARATPUR, 82, KUMHER, 1197, PALA, 35396, 1468243, Sanitation, 0, 0, 0, 0, 0, 0, 127280, 127280
2015, RAJASTHAN, 8, BHARATPUR, 82, KUMHER, 1197, PALA, 35396, 1468243, Total, 0, 0, 0, 0, 0, 0, 557029, 557029
2015, RAJASTHAN, 8, BHARATPUR, 82, KUMHER, 1197, PAPRERA, 35397, 1330352, Roads, 0, 0, 0, 0, 0, 0, 2050000, 2050000
2015, RAJASTHAN, 8, BHARATPUR, 82, KUMHER, 1197, PAPRERA, 35397, 1330352, Total, 0, 0, 0, 0, 0, 0, 2050000, 2050000
2015, RAJASTHAN, 8, BHARATPUR, 82, KUMHER, 1197, PICHOOMAR, 35398, 1333492, Drinking water, 0, 0, 0, 0, 0, 0, 300000, 300000
2015, RAJASTHAN, 8, BHARATPUR, 82, KUMHER, 1197, PICHOOMAR, 35398, 1333492, Roads, 0, 0, 0, 0, 0, 0, 1750000, 1750000
2015, RAJASTHAN, 8, BHARATPUR, 82, KUMHER, 1197, PICHOOMAR, 35398, 1333492, Rural housing, 0, 0, 0, 0, 0, 0, 750000, 750000
2015, RAJASTHAN, 8, BHARATPUR, 82, KUMHER, 1197, PICHOOMAR, 35398, 1333492, Total, 0, 0, 0, 0, 0, 0, 2800000, 2800000
2015, RAJASTHAN, 8, BHARATPUR, 82, KUMHER, 1197, RARAH, 35399, 1330408, Roads, 0, 0, 0, 0, 0, 0, 2150000, 2150000
2015, RAJASTHAN, 8, BHARATPUR, 82, KUMHER, 1197, RARAH, 35399, 1330408, Total, 0, 0, 0, 0, 0, 0, 2150000, 2150000
2015, RAJASTHAN, 8, BHARATPUR, 82, KUMHER, 1197, RETHOTI, 35400, 1314617, Administrative & Technical Support, 0, 0, 0, 0, 0, 0, 114450, 114450
2015, RAJASTHAN, 8, BHARATPUR, 82, KUMHER, 1197, RETHOTI, 35400, 1314617, Roads, 0, 0, 0, 0, 0, 0, 730000, 730000
2015, RAJASTHAN, 8, BHARATPUR, 82, KUMHER, 1197, RETHOTI, 35400, 1314617, Sanitation, 0, 0, 0, 0, 0, 0, 20000, 20000
2015, RAJASTHAN, 8, BHARATPUR, 82, KUMHER, 1197, RETHOTI, 35400, 1314617, Total, 0, 0, 0, 0, 0, 0, 864450, 864450
2015, RAJASTHAN, 8, BHARATPUR, 82, KUMHER, 1197, RUNDH HELAK, 35401, 1468247, Roads, 0, 0, 0, 0, 0, 0, 1529185, 1529185
2015, RAJASTHAN, 8, BHARATPUR, 82, KUMHER, 1197, RUNDH HELAK, 35401, 1468247, Sanitation, 0, 0, 0, 0, 0, 0, 50000, 50000
2015, RAJASTHAN, 8, BHARATPUR, 82, KUMHER, 1197, RUNDH HELAK, 35401, 1468247, Total, 0, 0, 0, 0, 0, 0, 1579185, 1579185
2015, RAJASTHAN, 8, BHARATPUR, 82, KUMHER, 1197, SABORA, 35402, 1330674, Drinking water, 0, 0, 0, 0, 0, 0, 200000, 200000
2015, RAJASTHAN, 8, BHARATPUR, 82, KUMHER, 1197, SABORA, 35402, 1330674, Roads, 0, 0, 0, 0, 0, 0, 700000, 700000
2015, RAJASTHAN, 8, BHARATPUR, 82, KUMHER, 1197, SABORA, 35402, 1330674, Sanitation, 0, 0, 0, 0, 0, 0, 250000, 250000
2015, RAJASTHAN, 8, BHARATPUR, 82, KUMHER, 1197, SABORA, 35402, 1330674, Total, 0, 0, 0, 0, 0, 0, 1150000, 1150000
2015, RAJASTHAN, 8, BHARATPUR, 82, KUMHER, 1197, SAINT, 35403, 1314626, Drinking water, 0, 0, 0, 0, 0, 0, 100000, 100000
2015, RAJASTHAN, 8, BHARATPUR, 82, KUMHER, 1197, SAINT, 35403, 1314626, Roads, 0, 0, 0, 0, 0, 0, 584000, 584000
2015, RAJASTHAN, 8, BHARATPUR, 82, KUMHER, 1197, SAINT, 35403, 1314626, Sanitation, 0, 0, 0, 0, 0, 0, 250000, 250000
2015, RAJASTHAN, 8, BHARATPUR, 82, KUMHER, 1197, SAINT, 35403, 1314626, Total, 0, 0, 0, 0, 0, 0, 934000, 934000
2015, RAJASTHAN, 8, BHARATPUR, 82, KUMHER, 1197, SANTROOK, 35404, 1332039, Health, 0, 0, 0, 0, 0, 0, 250000, 250000
2015, RAJASTHAN, 8, BHARATPUR, 82, KUMHER, 1197, SANTROOK, 35404, 1332039, Roads, 0, 0, 0, 0, 0, 0, 1500000, 1500000
2015, RAJASTHAN, 8, BHARATPUR, 82, KUMHER, 1197, SANTROOK, 35404, 1332039, Sanitation, 0, 0, 0, 0, 0, 0, 250000, 250000
2015, RAJASTHAN, 8, BHARATPUR, 82, KUMHER, 1197, SANTROOK, 35404, 1332039, Total, 0, 0, 0, 0, 0, 0, 2000000, 2000000
2015, RAJASTHAN, 8, BHARATPUR, 82, KUMHER, 1197, SIKRORI, 35405, 1332049, Drinking water, 0, 0, 0, 0, 0, 0, 400000, 400000
2015, RAJASTHAN, 8, BHARATPUR, 82, KUMHER, 1197, SIKRORI, 35405, 1332049, Roads, 0, 0, 0, 0, 0, 0, 1500000, 1500000
2015, RAJASTHAN, 8, BHARATPUR, 82, KUMHER, 1197, SIKRORI, 35405, 1332049, Sanitation, 0, 0, 0, 0, 0, 0, 140000, 140000
2015, RAJASTHAN, 8, BHARATPUR, 82, KUMHER, 1197, SIKRORI, 35405, 1332049, Total, 0, 0, 0, 0, 0, 0, 2040000, 2040000
2015, RAJASTHAN, 8, BHARATPUR, 82, KUMHER, 1197, SOGAR, 35406, 1314451, Roads, 0, 0, 0, 0, 0, 0, 1750000, 1750000
2015, RAJASTHAN, 8, BHARATPUR, 82, KUMHER, 1197, SOGAR, 35406, 1314451, Total, 0, 0, 0, 0, 0, 0, 1750000, 1750000
2015, RAJASTHAN, 8, BHARATPUR, 82, KUMHER, 1197, TAKHA, 35407, 1332058, Roads, 0, 0, 0, 0, 0, 0, 2000000, 2000000
2015, RAJASTHAN, 8, BHARATPUR, 82, KUMHER, 1197, TAKHA, 35407, 1332058, Total, 0, 0, 0, 0, 0, 0, 2000000, 2000000
2015, RAJASTHAN, 8, BHARATPUR, 82, KUMHER, 1197, TALPHARA, 35408, 1314426, Roads, 0, 0, 0, 0, 0, 0, 2400000, 2400000
2015, RAJASTHAN, 8, BHARATPUR, 82, KUMHER, 1197, TALPHARA, 35408, 1314426, Total, 0, 0, 0, 0, 0, 0, 2400000, 2400000
2015, RAJASTHAN, 8, BHARATPUR, 82, KUMHER, 1197, TAMRER, 35409, 1314396, Roads, 0, 0, 0, 0, 0, 0, 425000, 425000
2015, RAJASTHAN, 8, BHARATPUR, 82, KUMHER, 1197, TAMRER, 35409, 1314396, Sanitation, 0, 0, 0, 0, 0, 0, 1000000, 1000000
2015, RAJASTHAN, 8, BHARATPUR, 82, KUMHER, 1197, TAMRER, 35409, 1314396, Total, 0, 0, 0, 0, 0, 0, 1425000, 1425000
2015, RAJASTHAN, 8, BHARATPUR, 82, KUMHER, 1197, THERAWAR, 35410, 1314604, Drinking water, 0, 0, 0, 0, 0, 0, 105000, 105000
2015, RAJASTHAN, 8, BHARATPUR, 82, KUMHER, 1197, THERAWAR, 35410, 1314604, Roads, 0, 0, 0, 0, 0, 0, 1785000, 1785000
2015, RAJASTHAN, 8, BHARATPUR, 82, KUMHER, 1197, THERAWAR, 35410, 1314604, Sanitation, 0, 0, 0, 0, 0, 0, 55000, 55000
2015, RAJASTHAN, 8, BHARATPUR, 82, KUMHER, 1197, THERAWAR, 35410, 1314604, Total, 0, 0, 0, 0, 0, 0, 1945000, 1945000
2015, RAJASTHAN, 8, BHARATPUR, 82, KUMHER, 1197, UBAR, 35411, 1314567, Roads, 0, 0, 0, 0, 0, 0, 1500000, 1500000
2015, RAJASTHAN, 8, BHARATPUR, 82, KUMHER, 1197, UBAR, 35411, 1314567, Total, 0, 0, 0, 0, 0, 0, 1500000, 1500000
2015, RAJASTHAN, 8, BHARATPUR, 82, KUMHER, 1197, USRANI, 35412, 1314553, Drinking water, 0, 0, 0, 0, 0, 0, 740000, 740000
2015, RAJASTHAN, 8, BHARATPUR, 82, KUMHER, 1197, USRANI, 35412, 1314553, Roads, 0, 0, 0, 0, 0, 0, 1250000, 1250000
2015, RAJASTHAN, 8, BHARATPUR, 82, KUMHER, 1197, USRANI, 35412, 1314553, Total, 0, 0, 0, 0, 0, 0, 1990000, 1990000
2015, RAJASTHAN, 8, BHARATPUR, 82, NADBAI, 1198, AKHEGARH, 35413, 1264369, Roads, 0, 0, 0, 0, 0, 0, 408970, 408970
2015, RAJASTHAN, 8, BHARATPUR, 82, NADBAI, 1198, AKHEGARH, 35413, 1264369, Total, 0, 0, 0, 0, 0, 0, 408970, 408970
2015, RAJASTHAN, 8, BHARATPUR, 82, NADBAI, 1198, ATARI, 35414, 1579039, Roads, 0, 0, 0, 0, 0, 0, 615527, 615527
2015, RAJASTHAN, 8, BHARATPUR, 82, NADBAI, 1198, ATARI, 35414, 1579039, Sanitation, 0, 0, 0, 0, 0, 0, 449184, 449184
2015, RAJASTHAN, 8, BHARATPUR, 82, NADBAI, 1198, ATARI, 35414, 1579039, Total, 0, 0, 0, 0, 0, 0, 1064711, 1064711
2015, RAJASTHAN, 8, BHARATPUR, 82, NADBAI, 1198, BACHHAMADI, 35415, 1270467, Maintenance of community system, 0, 0, 0, 0, 0, 0, 100000, 100000
2015, RAJASTHAN, 8, BHARATPUR, 82, NADBAI, 1198, BACHHAMADI, 35415, 1270467, Roads, 0, 0, 0, 0, 0, 0, 445415, 445415
2015, RAJASTHAN, 8, BHARATPUR, 82, NADBAI, 1198, BACHHAMADI, 35415, 1270467, Total, 0, 0, 0, 0, 0, 0, 545415, 545415
2015, RAJASTHAN, 8, BHARATPUR, 82, NADBAI, 1198, BAHRAMDA, 35416, 1264399, Maintenance of community system, 0, 0, 0, 0, 0, 0, 157746, 157746
2015, RAJASTHAN, 8, BHARATPUR, 82, NADBAI, 1198, BAHRAMDA, 35416, 1264399, Roads, 0, 0, 0, 0, 0, 0, 565566, 565566
2015, RAJASTHAN, 8, BHARATPUR, 82, NADBAI, 1198, BAHRAMDA, 35416, 1264399, Total, 0, 0, 0, 0, 0, 0, 723312, 723312
2015, RAJASTHAN, 8, BHARATPUR, 82, NADBAI, 1198, BARAULI CHHAR, 35417, 1271671, Roads, 0, 0, 0, 0, 0, 0, 249297, 249297
2015, RAJASTHAN, 8, BHARATPUR, 82, NADBAI, 1198, BARAULI CHHAR, 35417, 1271671, Total, 0, 0, 0, 0, 0, 0, 249297, 249297
2015, RAJASTHAN, 8, BHARATPUR, 82, NADBAI, 1198, BARAULI RAN, 35418, 1277194, Drinking water, 0, 0, 0, 0, 0, 0, 128779, 128779
2015, RAJASTHAN, 8, BHARATPUR, 82, NADBAI, 1198, BARAULI RAN, 35418, 1277194, Maintenance of community system, 0, 0, 0, 0, 0, 0, 121750, 121750
2015, RAJASTHAN, 8, BHARATPUR, 82, NADBAI, 1198, BARAULI RAN, 35418, 1277194, Roads, 0, 0, 0, 0, 0, 0, 805177, 805177
2015, RAJASTHAN, 8, BHARATPUR, 82, NADBAI, 1198, BARAULI RAN, 35418, 1277194, Total, 0, 0, 0, 0, 0, 0, 1055706, 1055706
2015, RAJASTHAN, 8, BHARATPUR, 82, NADBAI, 1198, BHADEERA, 35419, 1274934, Drinking water, 0, 0, 0, 0, 0, 0, 34995, 34995
2015, RAJASTHAN, 8, BHARATPUR, 82, NADBAI, 1198, BHADEERA, 35419, 1274934, Roads, 0, 0, 0, 0, 0, 0, 748681, 748681
2015, RAJASTHAN, 8, BHARATPUR, 82, NADBAI, 1198, BHADEERA, 35419, 1274934, Total, 0, 0, 0, 0, 0, 0, 783676, 783676
2015, RAJASTHAN, 8, BHARATPUR, 82, NADBAI, 1198, DEHRA, 35420, 1264426, Drinking water, 0, 0, 0, 0, 0, 0, 63432, 63432
2015, RAJASTHAN, 8, BHARATPUR, 82, NADBAI, 1198, DEHRA, 35420, 1264426, Maintenance of community system, 0, 0, 0, 0, 0, 0, 84636, 84636
2015, RAJASTHAN, 8, BHARATPUR, 82, NADBAI, 1198, DEHRA, 35420, 1264426, Roads, 0, 0, 0, 0, 0, 0, 692904, 692904
2015, RAJASTHAN, 8, BHARATPUR, 82, NADBAI, 1198, DEHRA, 35420, 1264426, Total, 0, 0, 0, 0, 0, 0, 840972, 840972
2015, RAJASTHAN, 8, BHARATPUR, 82, NADBAI, 1198, ENCHERA, 35421, 1251134, Drinking water, 0, 0, 0, 0, 0, 0, 175561, 175561
2015, RAJASTHAN, 8, BHARATPUR, 82, NADBAI, 1198, ENCHERA, 35421, 1251134, Maintenance of community system, 0, 0, 0, 0, 0, 0, 960549, 960549
2015, RAJASTHAN, 8, BHARATPUR, 82, NADBAI, 1198, ENCHERA, 35421, 1251134, Sanitation, 0, 0, 0, 0, 0, 0, 166648, 166648
2015, RAJASTHAN, 8, BHARATPUR, 82, NADBAI, 1198, ENCHERA, 35421, 1251134, Total, 0, 0, 0, 0, 0, 0, 1302758, 1302758
2015, RAJASTHAN, 8, BHARATPUR, 82, NADBAI, 1198, GADAULI, 35422, 1245844, Maintenance of community system, 0, 0, 0, 0, 0, 0, 151155, 151155
2015, RAJASTHAN, 8, BHARATPUR, 82, NADBAI, 1198, GADAULI, 35422, 1245844, Roads, 0, 0, 0, 0, 0, 0, 402242, 402242
2015, RAJASTHAN, 8, BHARATPUR, 82, NADBAI, 1198, GADAULI, 35422, 1245844, Total, 0, 0, 0, 0, 0, 0, 553397, 553397
2015, RAJASTHAN, 8, BHARATPUR, 82, NADBAI, 1198, GAGWANA, 35423, 1272420, Maintenance of community system, 0, 0, 0, 0, 0, 0, 248468, 248468
2015, RAJASTHAN, 8, BHARATPUR, 82, NADBAI, 1198, GAGWANA, 35423, 1272420, Roads, 0, 0, 0, 0, 0, 0, 552086, 552086
2015, RAJASTHAN, 8, BHARATPUR, 82, NADBAI, 1198, GAGWANA, 35423, 1272420, Total, 0, 0, 0, 0, 0, 0, 800554, 800554
2015, RAJASTHAN, 8, BHARATPUR, 82, NADBAI, 1198, GANGROLI, 35424, 1264927, Roads, 0, 0, 0, 0, 0, 0, 2523133, 2523133
2015, RAJASTHAN, 8, BHARATPUR, 82, NADBAI, 1198, GANGROLI, 35424, 1264927, Total, 0, 0, 0, 0, 0, 0, 2523133, 2523133
2015, RAJASTHAN, 8, BHARATPUR, 82, NADBAI, 1198, HANTRA, 35425, 1265046, Maintenance of community system, 0, 0, 0, 0, 0, 0, 583895, 583895
2015, RAJASTHAN, 8, BHARATPUR, 82, NADBAI, 1198, HANTRA, 35425, 1265046, Roads, 0, 0, 0, 0, 0, 0, 789405, 789405
2015, RAJASTHAN, 8, BHARATPUR, 82, NADBAI, 1198, HANTRA, 35425, 1265046, Total, 0, 0, 0, 0, 0, 0, 1373300, 1373300
2015, RAJASTHAN, 8, BHARATPUR, 82, NADBAI, 1198, JAHANGEERPUR, 35426, 1312259, Roads, 0, 0, 0, 0, 0, 0, 704422, 704422
2015, RAJASTHAN, 8, BHARATPUR, 82, NADBAI, 1198, JAHANGEERPUR, 35426, 1312259, Total, 0, 0, 0, 0, 0, 0, 704422, 704422
2015, RAJASTHAN, 8, BHARATPUR, 82, NADBAI, 1198, JHARKAI, 35427, 1315376, Drinking water, 0, 0, 0, 0, 0, 0, 987422, 987422
2015, RAJASTHAN, 8, BHARATPUR, 82, NADBAI, 1198, JHARKAI, 35427, 1315376, Roads, 0, 0, 0, 0, 0, 0, 107719, 107719
2015, RAJASTHAN, 8, BHARATPUR, 82, NADBAI, 1198, JHARKAI, 35427, 1315376, Sanitation, 0, 0, 0, 0, 0, 0, 170177, 170177
2015, RAJASTHAN, 8, BHARATPUR, 82, NADBAI, 1198, JHARKAI, 35427, 1315376, Total, 0, 0, 0, 0, 0, 0, 1265318, 1265318
2015, RAJASTHAN, 8, BHARATPUR, 82, NADBAI, 1198, KAREELI, 35429, 1257948, Roads, 0, 0, 0, 0, 0, 0, 1187957, 1187957
2015, RAJASTHAN, 8, BHARATPUR, 82, NADBAI, 1198, KAREELI, 35429, 1257948, Total, 0, 0, 0, 0, 0, 0, 1187957, 1187957
2015, RAJASTHAN, 8, BHARATPUR, 82, NADBAI, 1198, KARHI, 35430, 1277067, Drinking water, 0, 0, 0, 0, 0, 0, 119146, 119146
2015, RAJASTHAN, 8, BHARATPUR, 82, NADBAI, 1198, KARHI, 35430, 1277067, Roads, 0, 0, 0, 0, 0, 0, 115118, 115118
2015, RAJASTHAN, 8, BHARATPUR, 82, NADBAI, 1198, KARHI, 35430, 1277067, Rural electrification, 0, 0, 0, 0, 0, 0, 46375, 46375
2015, RAJASTHAN, 8, BHARATPUR, 82, NADBAI, 1198, KARHI, 35430, 1277067, Total, 0, 0, 0, 0, 0, 0, 280639, 280639
2015, RAJASTHAN, 8, BHARATPUR, 82, NADBAI, 1198, KATARA, 35431, 1246421, Roads, 0, 0, 0, 0, 0, 0, 801731, 801731
2015, RAJASTHAN, 8, BHARATPUR, 82, NADBAI, 1198, KATARA, 35431, 1246421, Total, 0, 0, 0, 0, 0, 0, 801731, 801731
2015, RAJASTHAN, 8, BHARATPUR, 82, NADBAI, 1198, KAWAI, 35432, 1312239, Maintenance of community system, 0, 0, 0, 0, 0, 0, 100000, 100000
2015, RAJASTHAN, 8, BHARATPUR, 82, NADBAI, 1198, KAWAI, 35432, 1312239, Roads, 0, 0, 0, 0, 0, 0, 319933, 319933
2015, RAJASTHAN, 8, BHARATPUR, 82, NADBAI, 1198, KAWAI, 35432, 1312239, Total, 0, 0, 0, 0, 0, 0, 419933, 419933
2015, RAJASTHAN, 8, BHARATPUR, 82, NADBAI, 1198, KHANGRI, 35433, 1344009, Roads, 0, 0, 0, 0, 0, 0, 1345942, 1345942
2015, RAJASTHAN, 8, BHARATPUR, 82, NADBAI, 1198, KHANGRI, 35433, 1344009, Total, 0, 0, 0, 0, 0, 0, 1345942, 1345942
2015, RAJASTHAN, 8, BHARATPUR, 82, NADBAI, 1198, KHATAUTI, 35434, 1455764, Drinking water, 0, 0, 0, 0, 0, 0, 64326, 64326
2015, RAJASTHAN, 8, BHARATPUR, 82, NADBAI, 1198, KHATAUTI, 35434, 1455764, Roads, 0, 0, 0, 0, 0, 0, 2148597, 2148597
2015, RAJASTHAN, 8, BHARATPUR, 82, NADBAI, 1198, KHATAUTI, 35434, 1455764, Total, 0, 0, 0, 0, 0, 0, 2212923, 2212923
2015, RAJASTHAN, 8, BHARATPUR, 82, NADBAI, 1198, KHEDI DEVISINGH, 35435, 1271528, Roads, 0, 0, 0, 0, 0, 0, 342253, 342253
2015, RAJASTHAN, 8, BHARATPUR, 82, NADBAI, 1198, KHEDI DEVISINGH, 35435, 1271528, Total, 0, 0, 0, 0, 0, 0, 342253, 342253
2015, RAJASTHAN, 8, BHARATPUR, 82, NADBAI, 1198, LAKHANPUR, 35436, 1312317, Maintenance of community system, 0, 0, 0, 0, 0, 0, 80000, 80000
2015, RAJASTHAN, 8, BHARATPUR, 82, NADBAI, 1198, LAKHANPUR, 35436, 1312317, Roads, 0, 0, 0, 0, 0, 0, 569800, 569800
2015, RAJASTHAN, 8, BHARATPUR, 82, NADBAI, 1198, LAKHANPUR, 35436, 1312317, Total, 0, 0, 0, 0, 0, 0, 649800, 649800
2015, RAJASTHAN, 8, BHARATPUR, 82, NADBAI, 1198, LUHASA, 35437, 1272356, Maintenance of community system, 0, 0, 0, 0, 0, 0, 74761, 74761
2015, RAJASTHAN, 8, BHARATPUR, 82, NADBAI, 1198, LUHASA, 35437, 1272356, Roads, 0, 0, 0, 0, 0, 0, 1016739, 1016739
2015, RAJASTHAN, 8, BHARATPUR, 82, NADBAI, 1198, LUHASA, 35437, 1272356, Total, 0, 0, 0, 0, 0, 0, 1091500, 1091500
2015, RAJASTHAN, 8, BHARATPUR, 82, NADBAI, 1198, MAI, 35438, 1274094, Roads, 0, 0, 0, 0, 0, 0, 398734, 398734
2015, RAJASTHAN, 8, BHARATPUR, 82, NADBAI, 1198, MAI, 35438, 1274094, Rural electrification, 0, 0, 0, 0, 0, 0, 249480, 249480
2015, RAJASTHAN, 8, BHARATPUR, 82, NADBAI, 1198, MAI, 35438, 1274094, Total, 0, 0, 0, 0, 0, 0, 648214, 648214
2015, RAJASTHAN, 8, BHARATPUR, 82, NADBAI, 1198, NAM, 35439, 1264683, Drinking water, 0, 0, 0, 0, 0, 0, 32346, 32346
2015, RAJASTHAN, 8, BHARATPUR, 82, NADBAI, 1198, NAM, 35439, 1264683, Maintenance of community system, 0, 0, 0, 0, 0, 0, 588353, 588353
2015, RAJASTHAN, 8, BHARATPUR, 82, NADBAI, 1198, NAM, 35439, 1264683, Roads, 0, 0, 0, 0, 0, 0, 531137, 531137
2015, RAJASTHAN, 8, BHARATPUR, 82, NADBAI, 1198, NAM, 35439, 1264683, Total, 0, 0, 0, 0, 0, 0, 1151836, 1151836
2015, RAJASTHAN, 8, BHARATPUR, 82, NADBAI, 1198, NAYAWAS, 35440, 1251027, Drinking water, 0, 0, 0, 0, 0, 0, 35577, 35577
2015, RAJASTHAN, 8, BHARATPUR, 82, NADBAI, 1198, NAYAWAS, 35440, 1251027, Roads, 0, 0, 0, 0, 0, 0, 1249906, 1249906
2015, RAJASTHAN, 8, BHARATPUR, 82, NADBAI, 1198, NAYAWAS, 35440, 1251027, Total, 0, 0, 0, 0, 0, 0, 1285483, 1285483
2015, RAJASTHAN, 8, BHARATPUR, 82, NADBAI, 1198, NYOTHA, 35441, 1271608, Maintenance of community system, 0, 0, 0, 0, 0, 0, 19062, 19062
2015, RAJASTHAN, 8, BHARATPUR, 82, NADBAI, 1198, NYOTHA, 35441, 1271608, Roads, 0, 0, 0, 0, 0, 0, 500000, 500000
2015, RAJASTHAN, 8, BHARATPUR, 82, NADBAI, 1198, NYOTHA, 35441, 1271608, Total, 0, 0, 0, 0, 0, 0, 519062, 519062
2015, RAJASTHAN, 8, BHARATPUR, 82, NADBAI, 1198, PAHARSAR, 35442, 1311258, Roads, 0, 0, 0, 0, 0, 0, 789465, 789465
2015, RAJASTHAN, 8, BHARATPUR, 82, NADBAI, 1198, PAHARSAR, 35442, 1311258, Sanitation, 0, 0, 0, 0, 0, 0, 99919, 99919
2015, RAJASTHAN, 8, BHARATPUR, 82, NADBAI, 1198, PAHARSAR, 35442, 1311258, Total, 0, 0, 0, 0, 0, 0, 889384, 889384
2015, RAJASTHAN, 8, BHARATPUR, 82, NADBAI, 1198, PARASWARA, 35443, 1268704, Drinking water, 0, 0, 0, 0, 0, 0, 50721, 50721
2015, RAJASTHAN, 8, BHARATPUR, 82, NADBAI, 1198, PARASWARA, 35443, 1268704, Maintenance of community system, 0, 0, 0, 0, 0, 0, 51377, 51377
2015, RAJASTHAN, 8, BHARATPUR, 82, NADBAI, 1198, PARASWARA, 35443, 1268704, Roads, 0, 0, 0, 0, 0, 0, 236435, 236435
2015, RAJASTHAN, 8, BHARATPUR, 82, NADBAI, 1198, PARASWARA, 35443, 1268704, Total, 0, 0, 0, 0, 0, 0, 338533, 338533
2015, RAJASTHAN, 8, BHARATPUR, 82, NADBAI, 1198, PINGORA, 35444, 1271485, Maintenance of community system, 0, 0, 0, 0, 0, 0, 67504, 67504
2015, RAJASTHAN, 8, BHARATPUR, 82, NADBAI, 1198, PINGORA, 35444, 1271485, Roads, 0, 0, 0, 0, 0, 0, 718959, 718959
2015, RAJASTHAN, 8, BHARATPUR, 82, NADBAI, 1198, PINGORA, 35444, 1271485, Total, 0, 0, 0, 0, 0, 0, 786463, 786463
2015, RAJASTHAN, 8, BHARATPUR, 82, NADBAI, 1198, PIPRAU, 35445, 1277139, Drinking water, 0, 0, 0, 0, 0, 0, 59977, 59977
2015, RAJASTHAN, 8, BHARATPUR, 82, NADBAI, 1198, PIPRAU, 35445, 1277139, Roads, 0, 0, 0, 0, 0, 0, 3723229, 3723229
2015, RAJASTHAN, 8, BHARATPUR, 82, NADBAI, 1198, PIPRAU, 35445, 1277139, Total, 0, 0, 0, 0, 0, 0, 3783206, 3783206
2015, RAJASTHAN, 8, BHARATPUR, 82, NADBAI, 1198, RAYSEES, 35446, 1274427, Roads, 0, 0, 0, 0, 0, 0, 1044861, 1044861
2015, RAJASTHAN, 8, BHARATPUR, 82, NADBAI, 1198, RAYSEES, 35446, 1274427, Total, 0, 0, 0, 0, 0, 0, 1044861, 1044861
2015, RAJASTHAN, 8, BHARATPUR, 82, NADBAI, 1198, RONEEJA, 35447, 1267953, Maintenance of community system, 0, 0, 0, 0, 0, 0, 68284, 68284
2015, RAJASTHAN, 8, BHARATPUR, 82, NADBAI, 1198, RONEEJA, 35447, 1267953, Roads, 0, 0, 0, 0, 0, 0, 925086, 925086
2015, RAJASTHAN, 8, BHARATPUR, 82, NADBAI, 1198, RONEEJA, 35447, 1267953, Total, 0, 0, 0, 0, 0, 0, 993370, 993370
2015, RAJASTHAN, 8, BHARATPUR, 82, NADBAI, 1198, TALCHHERA, 35448, 1313196, Roads, 0, 0, 0, 0, 0, 0, 712503, 712503
2015, RAJASTHAN, 8, BHARATPUR, 82, NADBAI, 1198, TALCHHERA, 35448, 1313196, Total, 0, 0, 0, 0, 0, 0, 712503, 712503
2015, RAJASTHAN, 8, BHARATPUR, 82, NADBAI, 1198, UNCH, 35449, 1264716, Drinking water, 0, 0, 0, 0, 0, 0, 322117, 322117
2015, RAJASTHAN, 8, BHARATPUR, 82, NADBAI, 1198, UNCH, 35449, 1264716, Maintenance of community system, 0, 0, 0, 0, 0, 0, 81079, 81079
2015, RAJASTHAN, 8, BHARATPUR, 82, NADBAI, 1198, UNCH, 35449, 1264716, Roads, 0, 0, 0, 0, 0, 0, 781896, 781896
2015, RAJASTHAN, 8, BHARATPUR, 82, NADBAI, 1198, UNCH, 35449, 1264716, Total, 0, 0, 0, 0, 0, 0, 1185092, 1185092
2015, RAJASTHAN, 8, BHARATPUR, 82, NADBAI, 1198, UTARDA, 35450, 1252458, Drinking water, 0, 0, 0, 0, 0, 0, 30517, 30517
2015, RAJASTHAN, 8, BHARATPUR, 82, NADBAI, 1198, UTARDA, 35450, 1252458, Roads, 0, 0, 0, 0, 0, 0, 1922738, 1922738
2015, RAJASTHAN, 8, BHARATPUR, 82, NADBAI, 1198, UTARDA, 35450, 1252458, Total, 0, 0, 0, 0, 0, 0, 1953255, 1953255
2015, RAJASTHAN, 8, BHARATPUR, 82, NAGAR PAHARI, 1199, ALMSHAH, 35451, 1347654, Roads, 0, 0, 0, 0, 0, 0, 3228480, 3228480
2015, RAJASTHAN, 8, BHARATPUR, 82, NAGAR PAHARI, 1199, ALMSHAH, 35451, 1347654, Total, 0, 0, 0, 0, 0, 0, 3228480, 3228480
2015, RAJASTHAN, 8, BHARATPUR, 82, NAGAR PAHARI, 1199, BAS BURJA, 262758, 1361543, Drinking water, 0, 0, 0, 0, 0, 0, 500000, 500000
2015, RAJASTHAN, 8, BHARATPUR, 82, NAGAR PAHARI, 1199, BAS BURJA, 262758, 1361543, Education, 0, 0, 0, 0, 0, 0, 500000, 500000
2015, RAJASTHAN, 8, BHARATPUR, 82, NAGAR PAHARI, 1199, BAS BURJA, 262758, 1361543, Roads, 0, 0, 0, 0, 0, 0, 1702340, 1702340
2015, RAJASTHAN, 8, BHARATPUR, 82, NAGAR PAHARI, 1199, BAS BURJA, 262758, 1361543, Total, 0, 0, 0, 0, 0, 0, 2702340, 2702340
2015, RAJASTHAN, 8, BHARATPUR, 82, NAGAR PAHARI, 1199, BERRU, 35452, 1348174, Roads, 0, 0, 0, 0, 0, 0, 3033416, 3033416
2015, RAJASTHAN, 8, BHARATPUR, 82, NAGAR PAHARI, 1199, BERRU, 35452, 1348174, Total, 0, 0, 0, 0, 0, 0, 3033416, 3033416
2015, RAJASTHAN, 8, BHARATPUR, 82, NAGAR PAHARI, 1199, BHATPURA, 35453, 1323222, Drinking water, 0, 0, 0, 0, 0, 0, 270000, 270000
2015, RAJASTHAN, 8, BHARATPUR, 82, NAGAR PAHARI, 1199, BHATPURA, 35453, 1323222, Roads, 0, 0, 0, 0, 0, 0, 2480742, 2480742
2015, RAJASTHAN, 8, BHARATPUR, 82, NAGAR PAHARI, 1199, BHATPURA, 35453, 1323222, Total, 0, 0, 0, 0, 0, 0, 2750742, 2750742
2015, RAJASTHAN, 8, BHARATPUR, 82, NAGAR PAHARI, 1199, CHIRAWAL MALI, 35455, 1350636, Roads, 0, 0, 0, 0, 0, 0, 2096817, 2096817
2015, RAJASTHAN, 8, BHARATPUR, 82, NAGAR PAHARI, 1199, CHIRAWAL MALI, 35455, 1350636, Total, 0, 0, 0, 0, 0, 0, 2096817, 2096817
2015, RAJASTHAN, 8, BHARATPUR, 82, NAGAR PAHARI, 1199, DABAK, 35456, 1350661, Roads, 0, 0, 0, 0, 0, 0, 3937101, 3937101
2015, RAJASTHAN, 8, BHARATPUR, 82, NAGAR PAHARI, 1199, DABAK, 35456, 1350661, Total, 0, 0, 0, 0, 0, 0, 3937101, 3937101
2015, RAJASTHAN, 8, BHARATPUR, 82, NAGAR PAHARI, 1199, DUNDAWAL, 35457, 1324043, Drinking water, 0, 0, 0, 0, 0, 0, 489270, 489270
2015, RAJASTHAN, 8, BHARATPUR, 82, NAGAR PAHARI, 1199, DUNDAWAL, 35457, 1324043, Roads, 0, 0, 0, 0, 0, 0, 2200000, 2200000
2015, RAJASTHAN, 8, BHARATPUR, 82, NAGAR PAHARI, 1199, DUNDAWAL, 35457, 1324043, Total, 0, 0, 0, 0, 0, 0, 2689270, 2689270
2015, RAJASTHAN, 8, BHARATPUR, 82, NAGAR PAHARI, 1199, FATEHPUR KALAN, 35458, 1361997, Roads, 0, 0, 0, 0, 0, 0, 2375135, 2375135
2015, RAJASTHAN, 8, BHARATPUR, 82, NAGAR PAHARI, 1199, FATEHPUR KALAN, 35458, 1361997, Total, 0, 0, 0, 0, 0, 0, 2375135, 2375135
2015, RAJASTHAN, 8, BHARATPUR, 82, NAGAR PAHARI, 1199, GAHANKAR, 35459, 1325729, Roads, 0, 0, 0, 0, 0, 0, 1877069, 1877069
2015, RAJASTHAN, 8, BHARATPUR, 82, NAGAR PAHARI, 1199, GAHANKAR, 35459, 1325729, Total, 0, 0, 0, 0, 0, 0, 1877069, 1877069
2015, RAJASTHAN, 8, BHARATPUR, 82, NAGAR PAHARI, 1199, GANGAWAK, 35460, 1352944, Roads, 0, 0, 0, 0, 0, 0, 2288978, 2288978
2015, RAJASTHAN, 8, BHARATPUR, 82, NAGAR PAHARI, 1199, GANGAWAK, 35460, 1352944, Total, 0, 0, 0, 0, 0, 0, 2288978, 2288978
2015, RAJASTHAN, 8, BHARATPUR, 82, NAGAR PAHARI, 1199, GULPARA, 35463, 1352954, Roads, 0, 0, 0, 0, 0, 0, 3492760, 3492760
2015, RAJASTHAN, 8, BHARATPUR, 82, NAGAR PAHARI, 1199, GULPARA, 35463, 1352954, Total, 0, 0, 0, 0, 0, 0, 3492760, 3492760
2015, RAJASTHAN, 8, BHARATPUR, 82, NAGAR PAHARI, 1199, JAISHREE, 35464, 1362295, Roads, 0, 0, 0, 0, 0, 0, 3679595, 3679595
2015, RAJASTHAN, 8, BHARATPUR, 82, NAGAR PAHARI, 1199, JAISHREE, 35464, 1362295, Total, 0, 0, 0, 0, 0, 0, 3679595, 3679595
2015, RAJASTHAN, 8, BHARATPUR, 82, NAGAR PAHARI, 1199, JALALPUR, 35465, 1325722, Drinking water, 0, 0, 0, 0, 0, 0, 180000, 180000
2015, RAJASTHAN, 8, BHARATPUR, 82, NAGAR PAHARI, 1199, JALALPUR, 35465, 1325722, Roads, 0, 0, 0, 0, 0, 0, 3102691, 3102691
2015, RAJASTHAN, 8, BHARATPUR, 82, NAGAR PAHARI, 1199, JALALPUR, 35465, 1325722, Total, 0, 0, 0, 0, 0, 0, 3282691, 3282691
2015, RAJASTHAN, 8, BHARATPUR, 82, NAGAR PAHARI, 1199, JALUKI, 35466, 1352961, Roads, 0, 0, 0, 0, 0, 0, 2041155, 2041155
2015, RAJASTHAN, 8, BHARATPUR, 82, NAGAR PAHARI, 1199, JALUKI, 35466, 1352961, Total, 0, 0, 0, 0, 0, 0, 2041155, 2041155
2015, RAJASTHAN, 8, BHARATPUR, 82, NAGAR PAHARI, 1199, JHANJHAR, 35467, 1352970, Roads, 0, 0, 0, 0, 0, 0, 3697505, 3697505
2015, RAJASTHAN, 8, BHARATPUR, 82, NAGAR PAHARI, 1199, JHANJHAR, 35467, 1352970, Total, 0, 0, 0, 0, 0, 0, 3697505, 3697505
2015, RAJASTHAN, 8, BHARATPUR, 82, NAGAR PAHARI, 1199, KAKRALA, 35469, 1352975, Roads, 0, 0, 0, 0, 0, 0, 3860138, 3860138
2015, RAJASTHAN, 8, BHARATPUR, 82, NAGAR PAHARI, 1199, KAKRALA, 35469, 1352975, Total, 0, 0, 0, 0, 0, 0, 3860138, 3860138
2015, RAJASTHAN, 8, BHARATPUR, 82, NAGAR PAHARI, 1199, KHAKHAWALI, 35470, 1355381, Drinking water, 0, 0, 0, 0, 0, 0, 100000, 100000
2015, RAJASTHAN, 8, BHARATPUR, 82, NAGAR PAHARI, 1199, KHAKHAWALI, 35470, 1355381, Roads, 0, 0, 0, 0, 0, 0, 2241737, 2241737
2015, RAJASTHAN, 8, BHARATPUR, 82, NAGAR PAHARI, 1199, KHAKHAWALI, 35470, 1355381, Total, 0, 0, 0, 0, 0, 0, 2341737, 2341737
2015, RAJASTHAN, 8, BHARATPUR, 82, NAGAR PAHARI, 1199, KHESTI, 35472, 1352985, Roads, 0, 0, 0, 0, 0, 0, 2531476, 2531476
2015, RAJASTHAN, 8, BHARATPUR, 82, NAGAR PAHARI, 1199, KHESTI, 35472, 1352985, Total, 0, 0, 0, 0, 0, 0, 2531476, 2531476
2015, RAJASTHAN, 8, BHARATPUR, 82, NAGAR PAHARI, 1199, KHOHRI DAYANABAS, 35473, 1355386, Roads, 0, 0, 0, 0, 0, 0, 2991789, 2991789
2015, RAJASTHAN, 8, BHARATPUR, 82, NAGAR PAHARI, 1199, KHOHRI DAYANABAS, 35473, 1355386, Total, 0, 0, 0, 0, 0, 0, 2991789, 2991789
2015, RAJASTHAN, 8, BHARATPUR, 82, NAGAR PAHARI, 1199, MANOTA KALAN, 35476, 1352949, Roads, 0, 0, 0, 0, 0, 0, 2140864, 2140864
2015, RAJASTHAN, 8, BHARATPUR, 82, NAGAR PAHARI, 1199, MANOTA KALAN, 35476, 1352949, Total, 0, 0, 0, 0, 0, 0, 2140864, 2140864
2015, RAJASTHAN, 8, BHARATPUR, 82, NAGAR PAHARI, 1199, MORAKA, 35478, 1323686, Drinking water, 0, 0, 0, 0, 0, 0, 1759634, 1759634
2015, RAJASTHAN, 8, BHARATPUR, 82, NAGAR PAHARI, 1199, MORAKA, 35478, 1323686, Roads, 0, 0, 0, 0, 0, 0, 70000, 70000
2015, RAJASTHAN, 8, BHARATPUR, 82, NAGAR PAHARI, 1199, MORAKA, 35478, 1323686, Total, 0, 0, 0, 0, 0, 0, 1829634, 1829634
2015, RAJASTHAN, 8, BHARATPUR, 82, NAGAR PAHARI, 1199, MUDIA, 35479, 1361983, Roads, 0, 0, 0, 0, 0, 0, 2138444, 2138444
2015, RAJASTHAN, 8, BHARATPUR, 82, NAGAR PAHARI, 1199, MUDIA, 35479, 1361983, Total, 0, 0, 0, 0, 0, 0, 2138444, 2138444
2015, RAJASTHAN, 8, BHARATPUR, 82, NAGAR PAHARI, 1199, MUNDOTI, 35480, 1325738, Drinking water, 0, 0, 0, 0, 0, 0, 30503, 30503
2015, RAJASTHAN, 8, BHARATPUR, 82, NAGAR PAHARI, 1199, MUNDOTI, 35480, 1325738, Roads, 0, 0, 0, 0, 0, 0, 1500000, 1500000
2015, RAJASTHAN, 8, BHARATPUR, 82, NAGAR PAHARI, 1199, MUNDOTI, 35480, 1325738, Total, 0, 0, 0, 0, 0, 0, 1530503, 1530503
2015, RAJASTHAN, 8, BHARATPUR, 82, NAGAR PAHARI, 1199, PADAL BAS, 35481, 1355375, Roads, 0, 0, 0, 0, 0, 0, 2340769, 2340769
2015, RAJASTHAN, 8, BHARATPUR, 82, NAGAR PAHARI, 1199, PADAL BAS, 35481, 1355375, Total, 0, 0, 0, 0, 0, 0, 2340769, 2340769
2015, RAJASTHAN, 8, BHARATPUR, 82, NAGAR PAHARI, 1199, PAINDAKA, 35485, 1361301, Drinking water, 0, 0, 0, 0, 0, 0, 595369, 595369
2015, RAJASTHAN, 8, BHARATPUR, 82, NAGAR PAHARI, 1199, PAINDAKA, 35485, 1361301, Roads, 0, 0, 0, 0, 0, 0, 2000000, 2000000
2015, RAJASTHAN, 8, BHARATPUR, 82, NAGAR PAHARI, 1199, PAINDAKA, 35485, 1361301, Total, 0, 0, 0, 0, 0, 0, 2595369, 2595369
2015, RAJASTHAN, 8, BHARATPUR, 82, NAGAR PAHARI, 1199, PALKA, 35483, 1362304, Roads, 0, 0, 0, 0, 0, 0, 2971459, 2971459
2015, RAJASTHAN, 8, BHARATPUR, 82, NAGAR PAHARI, 1199, PALKA, 35483, 1362304, Total, 0, 0, 0, 0, 0, 0, 2971459, 2971459
2015, RAJASTHAN, 8, BHARATPUR, 82, NAGAR PAHARI, 1199, RASIYA, 35488, 1362227, Roads, 0, 0, 0, 0, 0, 0, 1765256, 1765256
2015, RAJASTHAN, 8, BHARATPUR, 82, NAGAR PAHARI, 1199, RASIYA, 35488, 1362227, Total, 0, 0, 0, 0, 0, 0, 1765256, 1765256
2015, RAJASTHAN, 8, BHARATPUR, 82, NAGAR PAHARI, 1199, SADPURI, 35489, 1359294, Drinking water, 0, 0, 0, 0, 0, 0, 100000, 100000
2015, RAJASTHAN, 8, BHARATPUR, 82, NAGAR PAHARI, 1199, SADPURI, 35489, 1359294, Roads, 0, 0, 0, 0, 0, 0, 1741251, 1741251
2015, RAJASTHAN, 8, BHARATPUR, 82, NAGAR PAHARI, 1199, SADPURI, 35489, 1359294, Total, 0, 0, 0, 0, 0, 0, 1841251, 1841251
2015, RAJASTHAN, 8, BHARATPUR, 82, NAGAR PAHARI, 1199, SEMLA KALAN, 35490, 1324094, Roads, 0, 0, 0, 0, 0, 0, 2679105, 2679105
2015, RAJASTHAN, 8, BHARATPUR, 82, NAGAR PAHARI, 1199, SEMLA KALAN, 35490, 1324094, Total, 0, 0, 0, 0, 0, 0, 2679105, 2679105
2015, RAJASTHAN, 8, BHARATPUR, 82, NAGAR PAHARI, 1199, SEMLI, 35491, 1324022, Roads, 0, 0, 0, 0, 0, 0, 1837861, 1837861
2015, RAJASTHAN, 8, BHARATPUR, 82, NAGAR PAHARI, 1199, SEMLI, 35491, 1324022, Total, 0, 0, 0, 0, 0, 0, 1837861, 1837861
2015, RAJASTHAN, 8, BHARATPUR, 82, NAGAR PAHARI, 1199, SIHAWLI, 35492, 1359416, Roads, 0, 0, 0, 0, 0, 0, 2314147, 2314147
2015, RAJASTHAN, 8, BHARATPUR, 82, NAGAR PAHARI, 1199, SIHAWLI, 35492, 1359416, Total, 0, 0, 0, 0, 0, 0, 2314147, 2314147
2015, RAJASTHAN, 8, BHARATPUR, 82, NAGAR PAHARI, 1199, SIKRI, 35493, 1348254, Roads, 0, 0, 0, 0, 0, 0, 8300146, 8300146
2015, RAJASTHAN, 8, BHARATPUR, 82, NAGAR PAHARI, 1199, SIKRI, 35493, 1348254, Total, 0, 0, 0, 0, 0, 0, 8300146, 8300146
2015, RAJASTHAN, 8, BHARATPUR, 82, NAGAR PAHARI, 1199, SIRTHALA, 35494, 1359418, Drinking water, 0, 0, 0, 0, 0, 0, 1000000, 1000000
2015, RAJASTHAN, 8, BHARATPUR, 82, NAGAR PAHARI, 1199, SIRTHALA, 35494, 1359418, Roads, 0, 0, 0, 0, 0, 0, 819952, 819952
2015, RAJASTHAN, 8, BHARATPUR, 82, NAGAR PAHARI, 1199, SIRTHALA, 35494, 1359418, Total, 0, 0, 0, 0, 0, 0, 1819952, 1819952
2015, RAJASTHAN, 8, BHARATPUR, 82, NAGAR PAHARI, 1199, SUNDRAWALI, 35495, 1360197, Roads, 0, 0, 0, 0, 0, 0, 2628283, 2628283
2015, RAJASTHAN, 8, BHARATPUR, 82, NAGAR PAHARI, 1199, SUNDRAWALI, 35495, 1360197, Total, 0, 0, 0, 0, 0, 0, 2628283, 2628283
2015, RAJASTHAN, 8, BHARATPUR, 82, NAGAR PAHARI, 1199, TARODAR, 35496, 1361054, Roads, 0, 0, 0, 0, 0, 0, 3602636, 3602636
2015, RAJASTHAN, 8, BHARATPUR, 82, NAGAR PAHARI, 1199, TARODAR, 35496, 1361054, Total, 0, 0, 0, 0, 0, 0, 3602636, 3602636
2015, RAJASTHAN, 8, BHARATPUR, 82, NAGAR PAHARI, 1199, TESKI, 35497, 1325702, Drinking water, 0, 0, 0, 0, 0, 0, 280000, 280000
2015, RAJASTHAN, 8, BHARATPUR, 82, NAGAR PAHARI, 1199, TESKI, 35497, 1325702, Roads, 0, 0, 0, 0, 0, 0, 2096587, 2096587
2015, RAJASTHAN, 8, BHARATPUR, 82, NAGAR PAHARI, 1199, TESKI, 35497, 1325702, Total, 0, 0, 0, 0, 0, 0, 2376587, 2376587
2015, RAJASTHAN, 8, BHARATPUR, 82, NAGAR PAHARI, 1199, THOON, 35498, 1361113, Drinking water, 0, 0, 0, 0, 0, 0, 100000, 100000
2015, RAJASTHAN, 8, BHARATPUR, 82, NAGAR PAHARI, 1199, THOON, 35498, 1361113, Roads, 0, 0, 0, 0, 0, 0, 2333219, 2333219
2015, RAJASTHAN, 8, BHARATPUR, 82, NAGAR PAHARI, 1199, THOON, 35498, 1361113, Total, 0, 0, 0, 0, 0, 0, 2433219, 2433219
2015, RAJASTHAN, 8, BHARATPUR, 82, NAGAR PAHARI, 1199, UDKI  DALLA, 35499, 1355391, Roads, 0, 0, 0, 0, 0, 0, 2664584, 2664584
2015, RAJASTHAN, 8, BHARATPUR, 82, NAGAR PAHARI, 1199, UDKI  DALLA, 35499, 1355391, Total, 0, 0, 0, 0, 0, 0, 2664584, 2664584
2015, RAJASTHAN, 8, BHARATPUR, 82, PAHARI, 262581, BAMANWARI, 35334, 1465643, Drinking water, 0, 0, 0, 0, 0, 0, 600000, 600000
2015, RAJASTHAN, 8, BHARATPUR, 82, PAHARI, 262581, BAMANWARI, 35334, 1465643, Health, 0, 0, 0, 0, 0, 0, 600000, 600000
2015, RAJASTHAN, 8, BHARATPUR, 82, PAHARI, 262581, BAMANWARI, 35334, 1465643, Roads, 0, 0, 0, 0, 0, 0, 2600000, 2600000
2015, RAJASTHAN, 8, BHARATPUR, 82, PAHARI, 262581, BAMANWARI, 35334, 1465643, Sanitation, 0, 0, 0, 0, 0, 0, 150000, 150000
2015, RAJASTHAN, 8, BHARATPUR, 82, PAHARI, 262581, BAMANWARI, 35334, 1465643, Total, 0, 0, 0, 0, 0, 0, 3950000, 3950000
2015, RAJASTHAN, 8, BHARATPUR, 82, PAHARI, 262581, BHAINSEDA, 35336, 1379790, Roads, 0, 0, 0, 0, 0, 0, 1400000, 1400000
2015, RAJASTHAN, 8, BHARATPUR, 82, PAHARI, 262581, BHAINSEDA, 35336, 1379790, Total, 0, 0, 0, 0, 0, 0, 1400000, 1400000
2015, RAJASTHAN, 8, BHARATPUR, 82, PAHARI, 262581, BHONRI, 35338, 1379308, Administrative & Technical Support, 0, 0, 0, 0, 0, 0, 24000, 24000
2015, RAJASTHAN, 8, BHARATPUR, 82, PAHARI, 262581, BHONRI, 35338, 1379308, Drinking water, 0, 0, 0, 0, 0, 0, 125000, 125000
2015, RAJASTHAN, 8, BHARATPUR, 82, PAHARI, 262581, BHONRI, 35338, 1379308, Roads, 0, 0, 0, 0, 0, 0, 2774383, 2774383
2015, RAJASTHAN, 8, BHARATPUR, 82, PAHARI, 262581, BHONRI, 35338, 1379308, Total, 0, 0, 0, 0, 0, 0, 2923383, 2923383
2015, RAJASTHAN, 8, BHARATPUR, 82, PAHARI, 262581, BODOLI, 35454, 1484056, Drinking water, 0, 0, 0, 0, 0, 0, 500000, 500000
2015, RAJASTHAN, 8, BHARATPUR, 82, PAHARI, 262581, BODOLI, 35454, 1484056, Health, 0, 0, 0, 0, 0, 0, 150000, 150000
2015, RAJASTHAN, 8, BHARATPUR, 82, PAHARI, 262581, BODOLI, 35454, 1484056, Roads, 0, 0, 0, 0, 0, 0, 2250000, 2250000
2015, RAJASTHAN, 8, BHARATPUR, 82, PAHARI, 262581, BODOLI, 35454, 1484056, Sanitation, 0, 0, 0, 0, 0, 0, 750000, 750000
2015, RAJASTHAN, 8, BHARATPUR, 82, PAHARI, 262581, BODOLI, 35454, 1484056, Total, 0, 0, 0, 0, 0, 0, 3650000, 3650000
2015, RAJASTHAN, 8, BHARATPUR, 82, PAHARI, 262581, DHEEMRI, 262824, 1375030, Roads, 0, 0, 0, 0, 0, 0, 1800000, 1800000
2015, RAJASTHAN, 8, BHARATPUR, 82, PAHARI, 262581, DHEEMRI, 262824, 1375030, Total, 0, 0, 0, 0, 0, 0, 1800000, 1800000
2015, RAJASTHAN, 8, BHARATPUR, 82, PAHARI, 262581, DHOLET, 35344, 1374411, Drinking water, 0, 0, 0, 0, 0, 0, 1590000, 1590000
2015, RAJASTHAN, 8, BHARATPUR, 82, PAHARI, 262581, DHOLET, 35344, 1374411, Roads, 0, 0, 0, 0, 0, 0, 1750000, 1750000
2015, RAJASTHAN, 8, BHARATPUR, 82, PAHARI, 262581, DHOLET, 35344, 1374411, Total, 0, 0, 0, 0, 0, 0, 3340000, 3340000
2015, RAJASTHAN, 8, BHARATPUR, 82, PAHARI, 262581, GANGORA, 35461, 1483680, Drinking water, 0, 0, 0, 0, 0, 0, 650000, 650000
2015, RAJASTHAN, 8, BHARATPUR, 82, PAHARI, 262581, GANGORA, 35461, 1483680, Roads, 0, 0, 0, 0, 0, 0, 4050000, 4050000
2015, RAJASTHAN, 8, BHARATPUR, 82, PAHARI, 262581, GANGORA, 35461, 1483680, Sanitation, 0, 0, 0, 0, 0, 0, 600000, 600000
2015, RAJASTHAN, 8, BHARATPUR, 82, PAHARI, 262581, GANGORA, 35461, 1483680, Total, 0, 0, 0, 0, 0, 0, 5300000, 5300000
2015, RAJASTHAN, 8, BHARATPUR, 82, PAHARI, 262581, GHATMEEKA, 35348, 1470098, Administrative & Technical Support, 0, 0, 0, 0, 0, 0, 11000, 11000
2015, RAJASTHAN, 8, BHARATPUR, 82, PAHARI, 262581, GHATMEEKA, 35348, 1470098, Drinking water, 0, 0, 0, 0, 0, 0, 500000, 500000
2015, RAJASTHAN, 8, BHARATPUR, 82, PAHARI, 262581, GHATMEEKA, 35348, 1470098, Roads, 0, 0, 0, 0, 0, 0, 3100000, 3100000
2015, RAJASTHAN, 8, BHARATPUR, 82, PAHARI, 262581, GHATMEEKA, 35348, 1470098, Total, 0, 0, 0, 0, 0, 0, 3611000, 3611000
2015, RAJASTHAN, 8, BHARATPUR, 82, PAHARI, 262581, GHOSINGA, 35349, 1361373, Administrative & Technical Support, 0, 0, 0, 0, 0, 0, 182752, 182752
2015, RAJASTHAN, 8, BHARATPUR, 82, PAHARI, 262581, GHOSINGA, 35349, 1361373, Drinking water, 0, 0, 0, 0, 0, 0, 159825, 159825
2015, RAJASTHAN, 8, BHARATPUR, 82, PAHARI, 262581, GHOSINGA, 35349, 1361373, Public distribution system, 0, 0, 0, 0, 0, 0, 125000, 125000
2015, RAJASTHAN, 8, BHARATPUR, 82, PAHARI, 262581, GHOSINGA, 35349, 1361373, Roads, 0, 0, 0, 0, 0, 0, 3600936, 3600936
2015, RAJASTHAN, 8, BHARATPUR, 82, PAHARI, 262581, GHOSINGA, 35349, 1361373, Total, 0, 0, 0, 0, 0, 0, 4068513, 4068513
2015, RAJASTHAN, 8, BHARATPUR, 82, PAHARI, 262581, GOPALGARH, 35462, 1460261, Administrative & Technical Support, 0, 0, 0, 0, 0, 0, 43800, 43800
2015, RAJASTHAN, 8, BHARATPUR, 82, PAHARI, 262581, GOPALGARH, 35462, 1460261, Roads, 0, 0, 0, 0, 0, 0, 1550000, 1550000
2015, RAJASTHAN, 8, BHARATPUR, 82, PAHARI, 262581, GOPALGARH, 35462, 1460261, Total, 0, 0, 0, 0, 0, 0, 1593800, 1593800
2015, RAJASTHAN, 8, BHARATPUR, 82, PAHARI, 262581, JOTRI PEEPAL, 35350, 1464758, Drinking water, 0, 0, 0, 0, 0, 0, 150000, 150000
2015, RAJASTHAN, 8, BHARATPUR, 82, PAHARI, 262581, JOTRI PEEPAL, 35350, 1464758, Roads, 0, 0, 0, 0, 0, 0, 1296200, 1296200
2015, RAJASTHAN, 8, BHARATPUR, 82, PAHARI, 262581, JOTRI PEEPAL, 35350, 1464758, Total, 0, 0, 0, 0, 0, 0, 1446200, 1446200
2015, RAJASTHAN, 8, BHARATPUR, 82, PAHARI, 262581, JOTRUHALLA, 35351, 1483700, Drinking water, 0, 0, 0, 0, 0, 0, 1400000, 1400000
2015, RAJASTHAN, 8, BHARATPUR, 82, PAHARI, 262581, JOTRUHALLA, 35351, 1483700, Roads, 0, 0, 0, 0, 0, 0, 1200000, 1200000
2015, RAJASTHAN, 8, BHARATPUR, 82, PAHARI, 262581, JOTRUHALLA, 35351, 1483700, Total, 0, 0, 0, 0, 0, 0, 2600000, 2600000
2015, RAJASTHAN, 8, BHARATPUR, 82, PAHARI, 262581, KAITHWARA, 35468, 1369735, Drinking water, 0, 0, 0, 0, 0, 0, 400000, 400000
2015, RAJASTHAN, 8, BHARATPUR, 82, PAHARI, 262581, KAITHWARA, 35468, 1369735, Roads, 0, 0, 0, 0, 0, 0, 2450000, 2450000
2015, RAJASTHAN, 8, BHARATPUR, 82, PAHARI, 262581, KAITHWARA, 35468, 1369735, Total, 0, 0, 0, 0, 0, 0, 2850000, 2850000
2015, RAJASTHAN, 8, BHARATPUR, 82, PAHARI, 262581, KATHOL, 35354, 1460724, Drinking water, 0, 0, 0, 0, 0, 0, 330000, 330000
2015, RAJASTHAN, 8, BHARATPUR, 82, PAHARI, 262581, KATHOL, 35354, 1460724, Health, 0, 0, 0, 0, 0, 0, 200000, 200000
2015, RAJASTHAN, 8, BHARATPUR, 82, PAHARI, 262581, KATHOL, 35354, 1460724, Roads, 0, 0, 0, 0, 0, 0, 1665000, 1665000
2015, RAJASTHAN, 8, BHARATPUR, 82, PAHARI, 262581, KATHOL, 35354, 1460724, Sanitation, 0, 0, 0, 0, 0, 0, 1040000, 1040000
2015, RAJASTHAN, 8, BHARATPUR, 82, PAHARI, 262581, KATHOL, 35354, 1460724, Total, 0, 0, 0, 0, 0, 0, 3235000, 3235000
2015, RAJASTHAN, 8, BHARATPUR, 82, PAHARI, 262581, KHANDEWLA, 35471, 1374646, Drinking water, 0, 0, 0, 0, 0, 0, 1590000, 1590000
2015, RAJASTHAN, 8, BHARATPUR, 82, PAHARI, 262581, KHANDEWLA, 35471, 1374646, Roads, 0, 0, 0, 0, 0, 0, 1650000, 1650000
2015, RAJASTHAN, 8, BHARATPUR, 82, PAHARI, 262581, KHANDEWLA, 35471, 1374646, Total, 0, 0, 0, 0, 0, 0, 3240000, 3240000
2015, RAJASTHAN, 8, BHARATPUR, 82, PAHARI, 262581, KHERLI MANNA, 262825, 1378545, Roads, 0, 0, 0, 0, 0, 0, 1850000, 1850000
2015, RAJASTHAN, 8, BHARATPUR, 82, PAHARI, 262581, KHERLI MANNA, 262825, 1378545, Total, 0, 0, 0, 0, 0, 0, 1850000, 1850000
2015, RAJASTHAN, 8, BHARATPUR, 82, PAHARI, 262581, LADAMKA, 35474, 1370630, Drinking water, 0, 0, 0, 0, 0, 0, 330000, 330000
2015, RAJASTHAN, 8, BHARATPUR, 82, PAHARI, 262581, LADAMKA, 35474, 1370630, Roads, 0, 0, 0, 0, 0, 0, 1930000, 1930000
2015, RAJASTHAN, 8, BHARATPUR, 82, PAHARI, 262581, LADAMKA, 35474, 1370630, Total, 0, 0, 0, 0, 0, 0, 2260000, 2260000
2015, RAJASTHAN, 8, BHARATPUR, 82, PAHARI, 262581, LADLAKA, 35355, 1465283, Drinking water, 0, 0, 0, 0, 0, 0, 870000, 870000
2015, RAJASTHAN, 8, BHARATPUR, 82, PAHARI, 262581, LADLAKA, 35355, 1465283, Roads, 0, 0, 0, 0, 0, 0, 1600000, 1600000
2015, RAJASTHAN, 8, BHARATPUR, 82, PAHARI, 262581, LADLAKA, 35355, 1465283, Sanitation, 0, 0, 0, 0, 0, 0, 650000, 650000
2015, RAJASTHAN, 8, BHARATPUR, 82, PAHARI, 262581, LADLAKA, 35355, 1465283, Total, 0, 0, 0, 0, 0, 0, 3120000, 3120000
2015, RAJASTHAN, 8, BHARATPUR, 82, PAHARI, 262581, MALIKI, 35475, 1379734, Drinking water, 0, 0, 0, 0, 0, 0, 265000, 265000
2015, RAJASTHAN, 8, BHARATPUR, 82, PAHARI, 262581, MALIKI, 35475, 1379734, Roads, 0, 0, 0, 0, 0, 0, 2700000, 2700000
2015, RAJASTHAN, 8, BHARATPUR, 82, PAHARI, 262581, MALIKI, 35475, 1379734, Total, 0, 0, 0, 0, 0, 0, 2965000, 2965000
2015, RAJASTHAN, 8, BHARATPUR, 82, PAHARI, 262581, MATUKI, 35477, 1369291, Roads, 0, 0, 0, 0, 0, 0, 2350000, 2350000
2015, RAJASTHAN, 8, BHARATPUR, 82, PAHARI, 262581, MATUKI, 35477, 1369291, Total, 0, 0, 0, 0, 0, 0, 2350000, 2350000
2015, RAJASTHAN, 8, BHARATPUR, 82, PAHARI, 262581, MUNGSAKA, 262826, 1379062, Roads, 0, 0, 0, 0, 0, 0, 1650000, 1650000
2015, RAJASTHAN, 8, BHARATPUR, 82, PAHARI, 262581, MUNGSAKA, 262826, 1379062, Total, 0, 0, 0, 0, 0, 0, 1650000, 1650000
2015, RAJASTHAN, 8, BHARATPUR, 82, PAHARI, 262581, PAHARI, 35482, 1466275, Drinking water, 0, 0, 0, 0, 0, 0, 260000, 260000
2015, RAJASTHAN, 8, BHARATPUR, 82, PAHARI, 262581, PAHARI, 35482, 1466275, Health, 0, 0, 0, 0, 0, 0, 820000, 820000
2015, RAJASTHAN, 8, BHARATPUR, 82, PAHARI, 262581, PAHARI, 35482, 1466275, Roads, 0, 0, 0, 0, 0, 0, 2650000, 2650000
2015, RAJASTHAN, 8, BHARATPUR, 82, PAHARI, 262581, PAHARI, 35482, 1466275, Sanitation, 0, 0, 0, 0, 0, 0, 750000, 750000
2015, RAJASTHAN, 8, BHARATPUR, 82, PAHARI, 262581, PAHARI, 35482, 1466275, Total, 0, 0, 0, 0, 0, 0, 4480000, 4480000
2015, RAJASTHAN, 8, BHARATPUR, 82, PAHARI, 262581, PAPRA, 35365, 1471352, Drinking water, 0, 0, 0, 0, 0, 0, 1580000, 1580000
2015, RAJASTHAN, 8, BHARATPUR, 82, PAHARI, 262581, PAPRA, 35365, 1471352, Roads, 0, 0, 0, 0, 0, 0, 1320000, 1320000
2015, RAJASTHAN, 8, BHARATPUR, 82, PAHARI, 262581, PAPRA, 35365, 1471352, Total, 0, 0, 0, 0, 0, 0, 2900000, 2900000
2015, RAJASTHAN, 8, BHARATPUR, 82, PAHARI, 262581, PATHRALI, 35484, 1366520, Administrative & Technical Support, 0, 0, 0, 0, 0, 0, 36841, 36841
2015, RAJASTHAN, 8, BHARATPUR, 82, PAHARI, 262581, PATHRALI, 35484, 1366520, Drinking water, 0, 0, 0, 0, 0, 0, 200000, 200000
2015, RAJASTHAN, 8, BHARATPUR, 82, PAHARI, 262581, PATHRALI, 35484, 1366520, Roads, 0, 0, 0, 0, 0, 0, 1650000, 1650000
2015, RAJASTHAN, 8, BHARATPUR, 82, PAHARI, 262581, PATHRALI, 35484, 1366520, Total, 0, 0, 0, 0, 0, 0, 1886841, 1886841
2015, RAJASTHAN, 8, BHARATPUR, 82, PAHARI, 262581, PEEPAL KHERA, 35486, 1375042, Roads, 0, 0, 0, 0, 0, 0, 600000, 600000
2015, RAJASTHAN, 8, BHARATPUR, 82, PAHARI, 262581, PEEPAL KHERA, 35486, 1375042, Total, 0, 0, 0, 0, 0, 0, 600000, 600000
2015, RAJASTHAN, 8, BHARATPUR, 82, PAHARI, 262581, RANPH, 35487, 1378304, Drinking water, 0, 0, 0, 0, 0, 0, 100000, 100000
2015, RAJASTHAN, 8, BHARATPUR, 82, PAHARI, 262581, RANPH, 35487, 1378304, Roads, 0, 0, 0, 0, 0, 0, 1950000, 1950000
2015, RAJASTHAN, 8, BHARATPUR, 82, PAHARI, 262581, RANPH, 35487, 1378304, Total, 0, 0, 0, 0, 0, 0, 2050000, 2050000
2015, RAJASTHAN, 8, BHARATPUR, 82, PAHARI, 262581, SAHSAN, 35368, 1465502, Drinking water, 0, 0, 0, 0, 0, 0, 450000, 450000
2015, RAJASTHAN, 8, BHARATPUR, 82, PAHARI, 262581, SAHSAN, 35368, 1465502, Roads, 0, 0, 0, 0, 0, 0, 3700000, 3700000
2015, RAJASTHAN, 8, BHARATPUR, 82, PAHARI, 262581, SAHSAN, 35368, 1465502, Total, 0, 0, 0, 0, 0, 0, 4150000, 4150000
2015, RAJASTHAN, 8, BHARATPUR, 82, PAHARI, 262581, SANVLER, 35369, 1484089, Drinking water, 0, 0, 0, 0, 0, 0, 370000, 370000
2015, RAJASTHAN, 8, BHARATPUR, 82, PAHARI, 262581, SANVLER, 35369, 1484089, Roads, 0, 0, 0, 0, 0, 0, 1800000, 1800000
2015, RAJASTHAN, 8, BHARATPUR, 82, PAHARI, 262581, SANVLER, 35369, 1484089, Total, 0, 0, 0, 0, 0, 0, 2170000, 2170000
2015, RAJASTHAN, 8, BHARATPUR, 82, PAHARI, 262581, SATWARI, 35370, 1365080, Administrative & Technical Support, 0, 0, 0, 0, 0, 0, 48871, 48871
2015, RAJASTHAN, 8, BHARATPUR, 82, PAHARI, 262581, SATWARI, 35370, 1365080, Roads, 0, 0, 0, 0, 0, 0, 2450000, 2450000
2015, RAJASTHAN, 8, BHARATPUR, 82, PAHARI, 262581, SATWARI, 35370, 1365080, Total, 0, 0, 0, 0, 0, 0, 2498871, 2498871
2015, RAJASTHAN, 8, BHARATPUR, 82, PAHARI, 262581, SOMKA, 35372, 1484028, Drinking water, 0, 0, 0, 0, 0, 0, 925000, 925000
2015, RAJASTHAN, 8, BHARATPUR, 82, PAHARI, 262581, SOMKA, 35372, 1484028, Roads, 0, 0, 0, 0, 0, 0, 2600000, 2600000
2015, RAJASTHAN, 8, BHARATPUR, 82, PAHARI, 262581, SOMKA, 35372, 1484028, Sanitation, 0, 0, 0, 0, 0, 0, 250000, 250000
2015, RAJASTHAN, 8, BHARATPUR, 82, PAHARI, 262581, SOMKA, 35372, 1484028, Total, 0, 0, 0, 0, 0, 0, 3775000, 3775000
2015, RAJASTHAN, 8, BHARATPUR, 82, RUPBAS, 1200, ANDHIYARI, 35500, 1201824, Health, 0, 0, 0, 0, 0, 0, 250000, 250000
2015, RAJASTHAN, 8, BHARATPUR, 82, RUPBAS, 1200, ANDHIYARI, 35500, 1201824, Maintenance of community system, 0, 0, 0, 0, 0, 0, 50000, 50000
2015, RAJASTHAN, 8, BHARATPUR, 82, RUPBAS, 1200, ANDHIYARI, 35500, 1201824, Roads, 0, 0, 0, 0, 0, 0, 1670002, 1670002
2015, RAJASTHAN, 8, BHARATPUR, 82, RUPBAS, 1200, ANDHIYARI, 35500, 1201824, Total, 0, 0, 0, 0, 0, 0, 1970002, 1970002
2015, RAJASTHAN, 8, BHARATPUR, 82, RUPBAS, 1200, BARAH MAFI, 35501, 1274909, Drinking water, 0, 0, 0, 0, 0, 0, 186000, 186000
2015, RAJASTHAN, 8, BHARATPUR, 82, RUPBAS, 1200, BARAH MAFI, 35501, 1274909, Roads, 0, 0, 0, 0, 0, 0, 1475000, 1475000
2015, RAJASTHAN, 8, BHARATPUR, 82, RUPBAS, 1200, BARAH MAFI, 35501, 1274909, Sanitation, 0, 0, 0, 0, 0, 0, 500000, 500000
2015, RAJASTHAN, 8, BHARATPUR, 82, RUPBAS, 1200, BARAH MAFI, 35501, 1274909, Total, 0, 0, 0, 0, 0, 0, 2161000, 2161000
2015, RAJASTHAN, 8, BHARATPUR, 82, RUPBAS, 1200, BARIGHA, 35502, 1247580, Roads, 0, 0, 0, 0, 0, 0, 1671839, 1671839
2015, RAJASTHAN, 8, BHARATPUR, 82, RUPBAS, 1200, BARIGHA, 35502, 1247580, Total, 0, 0, 0, 0, 0, 0, 1671839, 1671839
2015, RAJASTHAN, 8, BHARATPUR, 82, RUPBAS, 1200, BEHRAREKHPURA, 35503, 1250285, Roads, 0, 0, 0, 0, 0, 0, 1000000, 1000000
2015, RAJASTHAN, 8, BHARATPUR, 82, RUPBAS, 1200, BEHRAREKHPURA, 35503, 1250285, Sanitation, 0, 0, 0, 0, 0, 0, 1164098, 1164098
2015, RAJASTHAN, 8, BHARATPUR, 82, RUPBAS, 1200, BEHRAREKHPURA, 35503, 1250285, Total, 0, 0, 0, 0, 0, 0, 2164098, 2164098
2015, RAJASTHAN, 8, BHARATPUR, 82, RUPBAS, 1200, BHAINSA, 35504, 1251956, Drinking water, 0, 0, 0, 0, 0, 0, 80000, 80000
2015, RAJASTHAN, 8, BHARATPUR, 82, RUPBAS, 1200, BHAINSA, 35504, 1251956, Maintenance of community system, 0, 0, 0, 0, 0, 0, 50000, 50000
2015, RAJASTHAN, 8, BHARATPUR, 82, RUPBAS, 1200, BHAINSA, 35504, 1251956, Roads, 0, 0, 0, 0, 0, 0, 700000, 700000
2015, RAJASTHAN, 8, BHARATPUR, 82, RUPBAS, 1200, BHAINSA, 35504, 1251956, Sanitation, 0, 0, 0, 0, 0, 0, 2000000, 2000000
2015, RAJASTHAN, 8, BHARATPUR, 82, RUPBAS, 1200, BHAINSA, 35504, 1251956, Total, 0, 0, 0, 0, 0, 0, 2830000, 2830000
2015, RAJASTHAN, 8, BHARATPUR, 82, RUPBAS, 1200, BHAWANPURA, 35505, 1261737, Maintenance of community system, 0, 0, 0, 0, 0, 0, 50000, 50000
2015, RAJASTHAN, 8, BHARATPUR, 82, RUPBAS, 1200, BHAWANPURA, 35505, 1261737, Roads, 0, 0, 0, 0, 0, 0, 1767732, 1767732
2015, RAJASTHAN, 8, BHARATPUR, 82, RUPBAS, 1200, BHAWANPURA, 35505, 1261737, Sanitation, 0, 0, 0, 0, 0, 0, 1100000, 1100000
2015, RAJASTHAN, 8, BHARATPUR, 82, RUPBAS, 1200, BHAWANPURA, 35505, 1261737, Total, 0, 0, 0, 0, 0, 0, 2917732, 2917732
2015, RAJASTHAN, 8, BHARATPUR, 82, RUPBAS, 1200, BINUAN, 35506, 1261672, Roads, 0, 0, 0, 0, 0, 0, 1650050, 1650050
2015, RAJASTHAN, 8, BHARATPUR, 82, RUPBAS, 1200, BINUAN, 35506, 1261672, Total, 0, 0, 0, 0, 0, 0, 1650050, 1650050
2015, RAJASTHAN, 8, BHARATPUR, 82, RUPBAS, 1200, CHENKORA, 35507, 1274276, Roads, 0, 0, 0, 0, 0, 0, 1640000, 1640000
2015, RAJASTHAN, 8, BHARATPUR, 82, RUPBAS, 1200, CHENKORA, 35507, 1274276, Total, 0, 0, 0, 0, 0, 0, 1640000, 1640000
2015, RAJASTHAN, 8, BHARATPUR, 82, RUPBAS, 1200, DAHINAGAON, 35508, 1270657, Roads, 0, 0, 0, 0, 0, 0, 1870000, 1870000
2015, RAJASTHAN, 8, BHARATPUR, 82, RUPBAS, 1200, DAHINAGAON, 35508, 1270657, Total, 0, 0, 0, 0, 0, 0, 1870000, 1870000
2015, RAJASTHAN, 8, BHARATPUR, 82, RUPBAS, 1200, DAURDA, 35509, 1263110, Roads, 0, 0, 0, 0, 0, 0, 1560975, 1560975
2015, RAJASTHAN, 8, BHARATPUR, 82, RUPBAS, 1200, DAURDA, 35509, 1263110, Sanitation, 0, 0, 0, 0, 0, 0, 425000, 425000
2015, RAJASTHAN, 8, BHARATPUR, 82, RUPBAS, 1200, DAURDA, 35509, 1263110, Total, 0, 0, 0, 0, 0, 0, 1985975, 1985975
2015, RAJASTHAN, 8, BHARATPUR, 82, RUPBAS, 1200, DHANA, 35510, 1270450, Roads, 0, 0, 0, 0, 0, 0, 1500000, 1500000
2015, RAJASTHAN, 8, BHARATPUR, 82, RUPBAS, 1200, DHANA, 35510, 1270450, Sanitation, 0, 0, 0, 0, 0, 0, 500000, 500000
2015, RAJASTHAN, 8, BHARATPUR, 82, RUPBAS, 1200, DHANA, 35510, 1270450, Total, 0, 0, 0, 0, 0, 0, 2000000, 2000000
2015, RAJASTHAN, 8, BHARATPUR, 82, RUPBAS, 1200, DUMARIYA, 35511, 1282349, Roads, 0, 0, 0, 0, 0, 0, 2450000, 2450000
2015, RAJASTHAN, 8, BHARATPUR, 82, RUPBAS, 1200, DUMARIYA, 35511, 1282349, Sanitation, 0, 0, 0, 0, 0, 0, 150000, 150000
2015, RAJASTHAN, 8, BHARATPUR, 82, RUPBAS, 1200, DUMARIYA, 35511, 1282349, Total, 0, 0, 0, 0, 0, 0, 2600000, 2600000
2015, RAJASTHAN, 8, BHARATPUR, 82, RUPBAS, 1200, FATEHPUR, 35512, 1263045, Roads, 0, 0, 0, 0, 0, 0, 1846193, 1846193
2015, RAJASTHAN, 8, BHARATPUR, 82, RUPBAS, 1200, FATEHPUR, 35512, 1263045, Sanitation, 0, 0, 0, 0, 0, 0, 800000, 800000
2015, RAJASTHAN, 8, BHARATPUR, 82, RUPBAS, 1200, FATEHPUR, 35512, 1263045, Total, 0, 0, 0, 0, 0, 0, 2646193, 2646193
2015, RAJASTHAN, 8, BHARATPUR, 82, RUPBAS, 1200, GHALAU, 35513, 1246841, Drinking water, 0, 0, 0, 0, 0, 0, 439957, 439957
2015, RAJASTHAN, 8, BHARATPUR, 82, RUPBAS, 1200, GHALAU, 35513, 1246841, Roads, 0, 0, 0, 0, 0, 0, 1500713, 1500713
2015, RAJASTHAN, 8, BHARATPUR, 82, RUPBAS, 1200, GHALAU, 35513, 1246841, Sanitation, 0, 0, 0, 0, 0, 0, 100000, 100000
2015, RAJASTHAN, 8, BHARATPUR, 82, RUPBAS, 1200, GHALAU, 35513, 1246841, Total, 0, 0, 0, 0, 0, 0, 2040670, 2040670
2015, RAJASTHAN, 8, BHARATPUR, 82, RUPBAS, 1200, IBRAHIMPUR, 35514, 1270402, Roads, 0, 0, 0, 0, 0, 0, 2400000, 2400000
2015, RAJASTHAN, 8, BHARATPUR, 82, RUPBAS, 1200, IBRAHIMPUR, 35514, 1270402, Sanitation, 0, 0, 0, 0, 0, 0, 250000, 250000
2015, RAJASTHAN, 8, BHARATPUR, 82, RUPBAS, 1200, IBRAHIMPUR, 35514, 1270402, Total, 0, 0, 0, 0, 0, 0, 2650000, 2650000
2015, RAJASTHAN, 8, BHARATPUR, 82, RUPBAS, 1200, JATMASI, 35515, 1274053, Roads, 0, 0, 0, 0, 0, 0, 1316000, 1316000
2015, RAJASTHAN, 8, BHARATPUR, 82, RUPBAS, 1200, JATMASI, 35515, 1274053, Sanitation, 0, 0, 0, 0, 0, 0, 500000, 500000
2015, RAJASTHAN, 8, BHARATPUR, 82, RUPBAS, 1200, JATMASI, 35515, 1274053, Total, 0, 0, 0, 0, 0, 0, 1816000, 1816000
2015, RAJASTHAN, 8, BHARATPUR, 82, RUPBAS, 1200, JOTROLI, 35516, 1252035, Roads, 0, 0, 0, 0, 0, 0, 2024213, 2024213
2015, RAJASTHAN, 8, BHARATPUR, 82, RUPBAS, 1200, JOTROLI, 35516, 1252035, Total, 0, 0, 0, 0, 0, 0, 2024213, 2024213
2015, RAJASTHAN, 8, BHARATPUR, 82, RUPBAS, 1200, KHAN SURJAPUR, 35517, 1263440, Roads, 0, 0, 0, 0, 0, 0, 3160715, 3160715
2015, RAJASTHAN, 8, BHARATPUR, 82, RUPBAS, 1200, KHAN SURJAPUR, 35517, 1263440, Total, 0, 0, 0, 0, 0, 0, 3160715, 3160715
2015, RAJASTHAN, 8, BHARATPUR, 82, RUPBAS, 1200, KHANUA, 35518, 1252185, Roads, 0, 0, 0, 0, 0, 0, 1560000, 1560000
2015, RAJASTHAN, 8, BHARATPUR, 82, RUPBAS, 1200, KHANUA, 35518, 1252185, Sanitation, 0, 0, 0, 0, 0, 0, 600000, 600000
2015, RAJASTHAN, 8, BHARATPUR, 82, RUPBAS, 1200, KHANUA, 35518, 1252185, Total, 0, 0, 0, 0, 0, 0, 2160000, 2160000
2015, RAJASTHAN, 8, BHARATPUR, 82, RUPBAS, 1200, KHARERA, 35519, 1273960, Roads, 0, 0, 0, 0, 0, 0, 1287500, 1287500
2015, RAJASTHAN, 8, BHARATPUR, 82, RUPBAS, 1200, KHARERA, 35519, 1273960, Sanitation, 0, 0, 0, 0, 0, 0, 250000, 250000
2015, RAJASTHAN, 8, BHARATPUR, 82, RUPBAS, 1200, KHARERA, 35519, 1273960, Total, 0, 0, 0, 0, 0, 0, 1537500, 1537500
2015, RAJASTHAN, 8, BHARATPUR, 82, RUPBAS, 1200, KHERA THAKUR, 35520, 1251796, Drinking water, 0, 0, 0, 0, 0, 0, 100000, 100000
2015, RAJASTHAN, 8, BHARATPUR, 82, RUPBAS, 1200, KHERA THAKUR, 35520, 1251796, Roads, 0, 0, 0, 0, 0, 0, 899990, 899990
2015, RAJASTHAN, 8, BHARATPUR, 82, RUPBAS, 1200, KHERA THAKUR, 35520, 1251796, Total, 0, 0, 0, 0, 0, 0, 999990, 999990
2015, RAJASTHAN, 8, BHARATPUR, 82, RUPBAS, 1200, KHUDASA, 35521, 1252509, Roads, 0, 0, 0, 0, 0, 0, 700000, 700000
2015, RAJASTHAN, 8, BHARATPUR, 82, RUPBAS, 1200, KHUDASA, 35521, 1252509, Sanitation, 0, 0, 0, 0, 0, 0, 750000, 750000
2015, RAJASTHAN, 8, BHARATPUR, 82, RUPBAS, 1200, KHUDASA, 35521, 1252509, Total, 0, 0, 0, 0, 0, 0, 1450000, 1450000
2015, RAJASTHAN, 8, BHARATPUR, 82, RUPBAS, 1200, KURKA, 35522, 1203771, Maintenance of community system, 0, 0, 0, 0, 0, 0, 50000, 50000
2015, RAJASTHAN, 8, BHARATPUR, 82, RUPBAS, 1200, KURKA, 35522, 1203771, Roads, 0, 0, 0, 0, 0, 0, 2051174, 2051174
2015, RAJASTHAN, 8, BHARATPUR, 82, RUPBAS, 1200, KURKA, 35522, 1203771, Total, 0, 0, 0, 0, 0, 0, 2101174, 2101174
2015, RAJASTHAN, 8, BHARATPUR, 82, RUPBAS, 1200, MADAPURA, 35523, 1282236, Maintenance of community system, 0, 0, 0, 0, 0, 0, 50000, 50000
2015, RAJASTHAN, 8, BHARATPUR, 82, RUPBAS, 1200, MADAPURA, 35523, 1282236, Roads, 0, 0, 0, 0, 0, 0, 2020000, 2020000
2015, RAJASTHAN, 8, BHARATPUR, 82, RUPBAS, 1200, MADAPURA, 35523, 1282236, Total, 0, 0, 0, 0, 0, 0, 2070000, 2070000
2015, RAJASTHAN, 8, BHARATPUR, 82, RUPBAS, 1200, MAHALPUR CHURA, 35524, 1281968, Roads, 0, 0, 0, 0, 0, 0, 1250000, 1250000
2015, RAJASTHAN, 8, BHARATPUR, 82, RUPBAS, 1200, MAHALPUR CHURA, 35524, 1281968, Sanitation, 0, 0, 0, 0, 0, 0, 900000, 900000
2015, RAJASTHAN, 8, BHARATPUR, 82, RUPBAS, 1200, MAHALPUR CHURA, 35524, 1281968, Total, 0, 0, 0, 0, 0, 0, 2150000, 2150000
2015, RAJASTHAN, 8, BHARATPUR, 82, RUPBAS, 1200, MALONI, 35525, 1274814, Roads, 0, 0, 0, 0, 0, 0, 1860000, 1860000
2015, RAJASTHAN, 8, BHARATPUR, 82, RUPBAS, 1200, MALONI, 35525, 1274814, Total, 0, 0, 0, 0, 0, 0, 1860000, 1860000
2015, RAJASTHAN, 8, BHARATPUR, 82, RUPBAS, 1200, MARAULI, 35526, 1282093, Roads, 0, 0, 0, 0, 0, 0, 750000, 750000
2015, RAJASTHAN, 8, BHARATPUR, 82, RUPBAS, 1200, MARAULI, 35526, 1282093, Sanitation, 0, 0, 0, 0, 0, 0, 1000000, 1000000
2015, RAJASTHAN, 8, BHARATPUR, 82, RUPBAS, 1200, MARAULI, 35526, 1282093, Total, 0, 0, 0, 0, 0, 0, 1750000, 1750000
2015, RAJASTHAN, 8, BHARATPUR, 82, RUPBAS, 1200, MILSAWA, 35527, 1263588, Drinking water, 0, 0, 0, 0, 0, 0, 254753, 254753
2015, RAJASTHAN, 8, BHARATPUR, 82, RUPBAS, 1200, MILSAWA, 35527, 1263588, Roads, 0, 0, 0, 0, 0, 0, 2799960, 2799960
2015, RAJASTHAN, 8, BHARATPUR, 82, RUPBAS, 1200, MILSAWA, 35527, 1263588, Total, 0, 0, 0, 0, 0, 0, 3054713, 3054713
2015, RAJASTHAN, 8, BHARATPUR, 82, RUPBAS, 1200, MUDHERA, 35528, 1263218, Administrative & Technical Support, 0, 0, 0, 0, 0, 0, 206641, 206641
2015, RAJASTHAN, 8, BHARATPUR, 82, RUPBAS, 1200, MUDHERA, 35528, 1263218, Drinking water, 0, 0, 0, 0, 0, 0, 135000, 135000
2015, RAJASTHAN, 8, BHARATPUR, 82, RUPBAS, 1200, MUDHERA, 35528, 1263218, Roads, 0, 0, 0, 0, 0, 0, 1300000, 1300000
2015, RAJASTHAN, 8, BHARATPUR, 82, RUPBAS, 1200, MUDHERA, 35528, 1263218, Sanitation, 0, 0, 0, 0, 0, 0, 500000, 500000
2015, RAJASTHAN, 8, BHARATPUR, 82, RUPBAS, 1200, MUDHERA, 35528, 1263218, Total, 0, 0, 0, 0, 0, 0, 2141641, 2141641
2015, RAJASTHAN, 8, BHARATPUR, 82, RUPBAS, 1200, NAGLA BEEJA, 35529, 1281931, Administrative & Technical Support, 0, 0, 0, 0, 0, 0, 232917, 232917
2015, RAJASTHAN, 8, BHARATPUR, 82, RUPBAS, 1200, NAGLA BEEJA, 35529, 1281931, Drinking water, 0, 0, 0, 0, 0, 0, 555348, 555348
2015, RAJASTHAN, 8, BHARATPUR, 82, RUPBAS, 1200, NAGLA BEEJA, 35529, 1281931, Land improvement, 0, 0, 0, 0, 0, 0, 52338, 52338
2015, RAJASTHAN, 8, BHARATPUR, 82, RUPBAS, 1200, NAGLA BEEJA, 35529, 1281931, Roads, 0, 0, 0, 0, 0, 0, 1179738, 1179738
2015, RAJASTHAN, 8, BHARATPUR, 82, RUPBAS, 1200, NAGLA BEEJA, 35529, 1281931, Total, 0, 0, 0, 0, 0, 0, 2020341, 2020341
2015, RAJASTHAN, 8, BHARATPUR, 82, RUPBAS, 1200, NAGLA TEHRIYAN MAFI, 35530, 1274870, Roads, 0, 0, 0, 0, 0, 0, 1065000, 1065000
2015, RAJASTHAN, 8, BHARATPUR, 82, RUPBAS, 1200, NAGLA TEHRIYAN MAFI, 35530, 1274870, Sanitation, 0, 0, 0, 0, 0, 0, 370000, 370000
2015, RAJASTHAN, 8, BHARATPUR, 82, RUPBAS, 1200, NAGLA TEHRIYAN MAFI, 35530, 1274870, Total, 0, 0, 0, 0, 0, 0, 1435000, 1435000
2015, RAJASTHAN, 8, BHARATPUR, 82, RUPBAS, 1200, NAYAGAON, 35531, 1282064, Maintenance of community system, 0, 0, 0, 0, 0, 0, 20000, 20000
2015, RAJASTHAN, 8, BHARATPUR, 82, RUPBAS, 1200, NAYAGAON, 35531, 1282064, Roads, 0, 0, 0, 0, 0, 0, 1065000, 1065000
2015, RAJASTHAN, 8, BHARATPUR, 82, RUPBAS, 1200, NAYAGAON, 35531, 1282064, Sanitation, 0, 0, 0, 0, 0, 0, 625000, 625000
2015, RAJASTHAN, 8, BHARATPUR, 82, RUPBAS, 1200, NAYAGAON, 35531, 1282064, Total, 0, 0, 0, 0, 0, 0, 1710000, 1710000
2015, RAJASTHAN, 8, BHARATPUR, 82, RUPBAS, 1200, NIBHERA, 35532, 1282286, Roads, 0, 0, 0, 0, 0, 0, 1403000, 1403000
2015, RAJASTHAN, 8, BHARATPUR, 82, RUPBAS, 1200, NIBHERA, 35532, 1282286, Sanitation, 0, 0, 0, 0, 0, 0, 1346774, 1346774
2015, RAJASTHAN, 8, BHARATPUR, 82, RUPBAS, 1200, NIBHERA, 35532, 1282286, Total, 0, 0, 0, 0, 0, 0, 2749774, 2749774
2015, RAJASTHAN, 8, BHARATPUR, 82, RUPBAS, 1200, NOHARDA, 35533, 1246942, Roads, 0, 0, 0, 0, 0, 0, 2134236, 2134236
2015, RAJASTHAN, 8, BHARATPUR, 82, RUPBAS, 1200, NOHARDA, 35533, 1246942, Total, 0, 0, 0, 0, 0, 0, 2584236, 2584236
2015, RAJASTHAN, 8, BHARATPUR, 82, RUPBAS, 1200, NOHARDA, 35533, 1246942, Women and child development, 0, 0, 0, 0, 0, 0, 450000, 450000
2015, RAJASTHAN, 8, BHARATPUR, 82, RUPBAS, 1200, ODEL GADDI, 35534, 1251895, Roads, 0, 0, 0, 0, 0, 0, 2000000, 2000000
2015, RAJASTHAN, 8, BHARATPUR, 82, RUPBAS, 1200, ODEL GADDI, 35534, 1251895, Sanitation, 0, 0, 0, 0, 0, 0, 750000, 750000
2015, RAJASTHAN, 8, BHARATPUR, 82, RUPBAS, 1200, ODEL GADDI, 35534, 1251895, Total, 0, 0, 0, 0, 0, 0, 2750000, 2750000
2015, RAJASTHAN, 8, BHARATPUR, 82, RUPBAS, 1200, PAHARPUR, 35535, 1282032, Maintenance of community system, 0, 0, 0, 0, 0, 0, 50000, 50000
2015, RAJASTHAN, 8, BHARATPUR, 82, RUPBAS, 1200, PAHARPUR, 35535, 1282032, Roads, 0, 0, 0, 0, 0, 0, 1250000, 1250000
2015, RAJASTHAN, 8, BHARATPUR, 82, RUPBAS, 1200, PAHARPUR, 35535, 1282032, Total, 0, 0, 0, 0, 0, 0, 1300000, 1300000
2015, RAJASTHAN, 8, BHARATPUR, 82, RUPBAS, 1200, PICHUNA, 35536, 1274333, Roads, 0, 0, 0, 0, 0, 0, 1818000, 1818000
2015, RAJASTHAN, 8, BHARATPUR, 82, RUPBAS, 1200, PICHUNA, 35536, 1274333, Total, 0, 0, 0, 0, 0, 0, 1818000, 1818000
2015, RAJASTHAN, 8, BHARATPUR, 82, RUPBAS, 1200, RUDAWAL, 35538, 1250448, Maintenance of community system, 0, 0, 0, 0, 0, 0, 100000, 100000
2015, RAJASTHAN, 8, BHARATPUR, 82, RUPBAS, 1200, RUDAWAL, 35538, 1250448, Roads, 0, 0, 0, 0, 0, 0, 2415000, 2415000
2015, RAJASTHAN, 8, BHARATPUR, 82, RUPBAS, 1200, RUDAWAL, 35538, 1250448, Sanitation, 0, 0, 0, 0, 0, 0, 132160, 132160
2015, RAJASTHAN, 8, BHARATPUR, 82, RUPBAS, 1200, RUDAWAL, 35538, 1250448, Total, 0, 0, 0, 0, 0, 0, 2647160, 2647160
2015, RAJASTHAN, 8, BHARATPUR, 82, RUPBAS, 1200, RUNDH ROOPBAS, 35539, 1246657, Roads, 0, 0, 0, 0, 0, 0, 2025910, 2025910
2015, RAJASTHAN, 8, BHARATPUR, 82, RUPBAS, 1200, RUNDH ROOPBAS, 35539, 1246657, Sanitation, 0, 0, 0, 0, 0, 0, 250000, 250000
2015, RAJASTHAN, 8, BHARATPUR, 82, RUPBAS, 1200, RUNDH ROOPBAS, 35539, 1246657, Total, 0, 0, 0, 0, 0, 0, 2275910, 2275910
2015, RAJASTHAN, 8, BHARATPUR, 82, RUPBAS, 1200, SADPURA, 35541, 1250346, Roads, 0, 0, 0, 0, 0, 0, 3165328, 3165328
2015, RAJASTHAN, 8, BHARATPUR, 82, RUPBAS, 1200, SADPURA, 35541, 1250346, Sanitation, 0, 0, 0, 0, 0, 0, 780000, 780000
2015, RAJASTHAN, 8, BHARATPUR, 82, RUPBAS, 1200, SADPURA, 35541, 1250346, Total, 0, 0, 0, 0, 0, 0, 3945328, 3945328
2015, RAJASTHAN, 8, BHARATPUR, 82, RUPBAS, 1200, SAHANA, 35540, 1262998, Roads, 0, 0, 0, 0, 0, 0, 2136432, 2136432
2015, RAJASTHAN, 8, BHARATPUR, 82, RUPBAS, 1200, SAHANA, 35540, 1262998, Sanitation, 0, 0, 0, 0, 0, 0, 260000, 260000
2015, RAJASTHAN, 8, BHARATPUR, 82, RUPBAS, 1200, SAHANA, 35540, 1262998, Total, 0, 0, 0, 0, 0, 0, 2396432, 2396432
2015, RAJASTHAN, 8, BHARATPUR, 82, RUPBAS, 1200, SHAKKARPUR, 35542, 1270538, Maintenance of community system, 0, 0, 0, 0, 0, 0, 30000, 30000
2015, RAJASTHAN, 8, BHARATPUR, 82, RUPBAS, 1200, SHAKKARPUR, 35542, 1270538, Roads, 0, 0, 0, 0, 0, 0, 1022382, 1022382
2015, RAJASTHAN, 8, BHARATPUR, 82, RUPBAS, 1200, SHAKKARPUR, 35542, 1270538, Sanitation, 0, 0, 0, 0, 0, 0, 800000, 800000
2015, RAJASTHAN, 8, BHARATPUR, 82, RUPBAS, 1200, SHAKKARPUR, 35542, 1270538, Total, 0, 0, 0, 0, 0, 0, 1852382, 1852382
2015, RAJASTHAN, 8, BHARATPUR, 82, RUPBAS, 1200, SIRROND, 35543, 1274249, Roads, 0, 0, 0, 0, 0, 0, 1500000, 1500000
2015, RAJASTHAN, 8, BHARATPUR, 82, RUPBAS, 1200, SIRROND, 35543, 1274249, Total, 0, 0, 0, 0, 0, 0, 1500000, 1500000
2015, RAJASTHAN, 8, BHARATPUR, 82, RUPBAS, 1200, UCHCHAIN, 35544, 1270357, Maintenance of community system, 0, 0, 0, 0, 0, 0, 43000, 43000
2015, RAJASTHAN, 8, BHARATPUR, 82, RUPBAS, 1200, UCHCHAIN, 35544, 1270357, Roads, 0, 0, 0, 0, 0, 0, 1260000, 1260000
2015, RAJASTHAN, 8, BHARATPUR, 82, RUPBAS, 1200, UCHCHAIN, 35544, 1270357, Sanitation, 0, 0, 0, 0, 0, 0, 694000, 694000
2015, RAJASTHAN, 8, BHARATPUR, 82, RUPBAS, 1200, UCHCHAIN, 35544, 1270357, Total, 0, 0, 0, 0, 0, 0, 1997000, 1997000
2015, RAJASTHAN, 8, BHARATPUR, 82, SEWAR, 1201, AGHAPUR, 35545, 1335936, Drinking water, 0, 0, 2800000, 2800000, 0, 0, 2326000, 2326000
2015, RAJASTHAN, 8, BHARATPUR, 82, SEWAR, 1201, AGHAPUR, 35545, 1335936, Roads, 0, 0, 1500000, 1500000, 0, 0, 5832000, 5832000
2015, RAJASTHAN, 8, BHARATPUR, 82, SEWAR, 1201, AGHAPUR, 35545, 1335936, Total, 0, 0, 4300000, 4300000, 0, 0, 8158000, 8158000
2015, RAJASTHAN, 8, BHARATPUR, 82, SEWAR, 1201, BACHHAMADI, 35546, 1314131, Drinking water, 0, 0, 0, 0, 0, 0, 54, 54
2015, RAJASTHAN, 8, BHARATPUR, 82, SEWAR, 1201, BACHHAMADI, 35546, 1314131, Roads, 0, 0, 5, 5, 0, 0, 0, 0
2015, RAJASTHAN, 8, BHARATPUR, 82, SEWAR, 1201, BACHHAMADI, 35546, 1314131, Total, 0, 0, 5, 5, 0, 0, 54, 54
2015, RAJASTHAN, 8, BHARATPUR, 82, SEWAR, 1201, BANSI KHURD, 35547, 1344673, Drinking water, 0, 0, 0, 0, 54000, 0, 0, 54000
2015, RAJASTHAN, 8, BHARATPUR, 82, SEWAR, 1201, BANSI KHURD, 35547, 1344673, Roads, 0, 0, 0, 0, 0, 0, 1893000, 1893000
2015, RAJASTHAN, 8, BHARATPUR, 82, SEWAR, 1201, BANSI KHURD, 35547, 1344673, Total, 0, 0, 0, 0, 54000, 0, 1893000, 1947000
2015, RAJASTHAN, 8, BHARATPUR, 82, SEWAR, 1201, BEHNERA, 35548, 1314443, Drinking water, 0, 0, 0, 0, 0, 0, 2081000, 2081000
2015, RAJASTHAN, 8, BHARATPUR, 82, SEWAR, 1201, BEHNERA, 35548, 1314443, Roads, 0, 0, 800000, 800000, 0, 0, 7000000, 7000000
2015, RAJASTHAN, 8, BHARATPUR, 82, SEWAR, 1201, BEHNERA, 35548, 1314443, Rural housing, 0, 0, 0, 0, 0, 0, 100000, 100000
2015, RAJASTHAN, 8, BHARATPUR, 82, SEWAR, 1201, BEHNERA, 35548, 1314443, Social welfare, 0, 0, 200000, 200000, 0, 0, 0, 0
2015, RAJASTHAN, 8, BHARATPUR, 82, SEWAR, 1201, BEHNERA, 35548, 1314443, Total, 0, 0, 1000000, 1000000, 0, 0, 9181000, 9181000
2015, RAJASTHAN, 8, BHARATPUR, 82, SEWAR, 1201, BILOTHI, 35549, 1335020, Drinking water, 0, 0, 0, 0, 0, 0, 678000, 678000
2015, RAJASTHAN, 8, BHARATPUR, 82, SEWAR, 1201, BILOTHI, 35549, 1335020, Health, 0, 0, 0, 0, 0, 0, 2000000, 2000000
2015, RAJASTHAN, 8, BHARATPUR, 82, SEWAR, 1201, BILOTHI, 35549, 1335020, Roads, 0, 0, 3000000, 3000000, 0, 0, 976000, 976000
2015, RAJASTHAN, 8, BHARATPUR, 82, SEWAR, 1201, BILOTHI, 35549, 1335020, Social welfare, 0, 0, 0, 0, 0, 0, 2500000, 2500000
2015, RAJASTHAN, 8, BHARATPUR, 82, SEWAR, 1201, BILOTHI, 35549, 1335020, Total, 0, 0, 3000000, 3000000, 0, 0, 6154000, 6154000
2015, RAJASTHAN, 8, BHARATPUR, 82, SEWAR, 1201, CHICHANA, 35550, 1336096, Drinking water, 0, 0, 0, 0, 0, 0, 113000, 113000
2015, RAJASTHAN, 8, BHARATPUR, 82, SEWAR, 1201, CHICHANA, 35550, 1336096, Roads, 0, 0, 1398000, 1398000, 0, 0, 1444000, 1444000
2015, RAJASTHAN, 8, BHARATPUR, 82, SEWAR, 1201, CHICHANA, 35550, 1336096, Social welfare, 0, 0, 0, 0, 0, 0, 969000, 969000
2015, RAJASTHAN, 8, BHARATPUR, 82, SEWAR, 1201, CHICHANA, 35550, 1336096, Total, 0, 0, 1398000, 1398000, 0, 0, 2526000, 2526000
2015, RAJASTHAN, 8, BHARATPUR, 82, SEWAR, 1201, CHICKSANA, 35551, 1334528, Agriculture, 0, 0, 0, 0, 0, 0, 924000, 924000
2015, RAJASTHAN, 8, BHARATPUR, 82, SEWAR, 1201, CHICKSANA, 35551, 1334528, Drinking water, 0, 0, 0, 0, 0, 0, 782000, 782000
2015, RAJASTHAN, 8, BHARATPUR, 82, SEWAR, 1201, CHICKSANA, 35551, 1334528, Roads, 0, 0, 1500000, 1500000, 0, 0, 2680000, 2680000
2015, RAJASTHAN, 8, BHARATPUR, 82, SEWAR, 1201, CHICKSANA, 35551, 1334528, Total, 0, 0, 1500000, 1500000, 0, 0, 4386000, 4386000
2015, RAJASTHAN, 8, BHARATPUR, 82, SEWAR, 1201, EKTA, 35552, 1285878, Drinking water, 0, 0, 0, 0, 0, 0, 104000, 104000
2015, RAJASTHAN, 8, BHARATPUR, 82, SEWAR, 1201, EKTA, 35552, 1285878, Roads, 0, 0, 431000, 431000, 0, 0, 4399000, 4399000
2015, RAJASTHAN, 8, BHARATPUR, 82, SEWAR, 1201, EKTA, 35552, 1285878, Total, 0, 0, 431000, 431000, 0, 0, 4503000, 4503000
2015, RAJASTHAN, 8, BHARATPUR, 82, SEWAR, 1201, FULWARA, 35553, 1343535, Roads, 0, 0, 1000000, 1000000, 0, 0, 1400000, 1400000
2015, RAJASTHAN, 8, BHARATPUR, 82, SEWAR, 1201, FULWARA, 35553, 1343535, Total, 0, 0, 1000000, 1000000, 0, 0, 1400000, 1400000
2015, RAJASTHAN, 8, BHARATPUR, 82, SEWAR, 1201, GAMDI, 35554, 1335967, Roads, 0, 0, 0, 0, 0, 0, 950000, 950000
2015, RAJASTHAN, 8, BHARATPUR, 82, SEWAR, 1201, GAMDI, 35554, 1335967, Rural housing, 0, 0, 0, 0, 70000, 0, 0, 70000
2015, RAJASTHAN, 8, BHARATPUR, 82, SEWAR, 1201, GAMDI, 35554, 1335967, Total, 0, 0, 0, 0, 70000, 0, 950000, 1020000
2015, RAJASTHAN, 8, BHARATPUR, 82, SEWAR, 1201, GHUSYARI, 35555, 1347791, Drinking water, 0, 0, 0, 0, 0, 0, 158000, 158000
2015, RAJASTHAN, 8, BHARATPUR, 82, SEWAR, 1201, GHUSYARI, 35555, 1347791, Roads, 0, 0, 494000, 494000, 0, 0, 971000, 971000
2015, RAJASTHAN, 8, BHARATPUR, 82, SEWAR, 1201, GHUSYARI, 35555, 1347791, Total, 0, 0, 494000, 494000, 0, 0, 1129000, 1129000
2015, RAJASTHAN, 8, BHARATPUR, 82, SEWAR, 1201, HATHENI, 35556, 1334720, Roads, 0, 0, 500000, 500000, 0, 0, 571000, 571000
2015, RAJASTHAN, 8, BHARATPUR, 82, SEWAR, 1201, HATHENI, 35556, 1334720, Total, 0, 0, 500000, 500000, 0, 0, 571000, 571000
2015, RAJASTHAN, 8, BHARATPUR, 82, SEWAR, 1201, IKRAN, 35557, 1340623, Agriculture, 0, 0, 0, 0, 0, 0, 736000, 736000
2015, RAJASTHAN, 8, BHARATPUR, 82, SEWAR, 1201, IKRAN, 35557, 1340623, Drinking water, 0, 0, 1500000, 1500000, 0, 0, 2531000, 2531000
2015, RAJASTHAN, 8, BHARATPUR, 82, SEWAR, 1201, IKRAN, 35557, 1340623, Roads, 0, 0, 0, 0, 0, 0, 1291800, 1291800
2015, RAJASTHAN, 8, BHARATPUR, 82, SEWAR, 1201, IKRAN, 35557, 1340623, Social welfare, 0, 0, 0, 0, 0, 0, 12500, 12500
2015, RAJASTHAN, 8, BHARATPUR, 82, SEWAR, 1201, IKRAN, 35557, 1340623, Total, 0, 0, 1500000, 1500000, 0, 0, 4571300, 4571300
2015, RAJASTHAN, 8, BHARATPUR, 82, SEWAR, 1201, JAGHINA, 35558, 1340636, Drinking water, 0, 0, 0, 0, 0, 0, 1499000, 1499000
2015, RAJASTHAN, 8, BHARATPUR, 82, SEWAR, 1201, JAGHINA, 35558, 1340636, Education, 0, 0, 0, 0, 0, 0, 500000, 500000
2015, RAJASTHAN, 8, BHARATPUR, 82, SEWAR, 1201, JAGHINA, 35558, 1340636, Roads, 0, 0, 1000000, 1000000, 0, 0, 4455000, 4455000
2015, RAJASTHAN, 8, BHARATPUR, 82, SEWAR, 1201, JAGHINA, 35558, 1340636, Total, 0, 0, 1000000, 1000000, 0, 0, 6454000, 6454000
2015, RAJASTHAN, 8, BHARATPUR, 82, SEWAR, 1201, JATOLI RATHWAN, 35559, 1334811, Drinking water, 0, 0, 0, 0, 0, 0, 34000, 34000
2015, RAJASTHAN, 8, BHARATPUR, 82, SEWAR, 1201, JATOLI RATHWAN, 35559, 1334811, Roads, 0, 0, 1000000, 1000000, 0, 0, 1205000, 1205000
2015, RAJASTHAN, 8, BHARATPUR, 82, SEWAR, 1201, JATOLI RATHWAN, 35559, 1334811, Total, 0, 0, 1000000, 1000000, 0, 0, 1239000, 1239000
2015, RAJASTHAN, 8, BHARATPUR, 82, SEWAR, 1201, JHAROLI, 35560, 1342240, Drinking water, 0, 0, 930000, 930000, 0, 0, 1452000, 1452000
2015, RAJASTHAN, 8, BHARATPUR, 82, SEWAR, 1201, JHAROLI, 35560, 1342240, Roads, 0, 0, 0, 0, 0, 0, 2267000, 2267000
2015, RAJASTHAN, 8, BHARATPUR, 82, SEWAR, 1201, JHAROLI, 35560, 1342240, Social welfare, 0, 0, 0, 0, 0, 0, 200000, 200000
2015, RAJASTHAN, 8, BHARATPUR, 82, SEWAR, 1201, JHAROLI, 35560, 1342240, Total, 0, 0, 930000, 930000, 0, 0, 3919000, 3919000
2015, RAJASTHAN, 8, BHARATPUR, 82, SEWAR, 1201, KHADERA, 35561, 1336098, Roads, 0, 0, 0, 0, 0, 0, 966000, 966000
2015, RAJASTHAN, 8, BHARATPUR, 82, SEWAR, 1201, KHADERA, 35561, 1336098, Total, 0, 0, 0, 0, 0, 0, 966000, 966000
2015, RAJASTHAN, 8, BHARATPUR, 82, SEWAR, 1201, KHEMRA, 35562, 1340641, Roads, 0, 0, 566000, 566000, 0, 0, 2919000, 2919000
2015, RAJASTHAN, 8, BHARATPUR, 82, SEWAR, 1201, KHEMRA, 35562, 1340641, Total, 0, 0, 566000, 566000, 0, 0, 2919000, 2919000
2015, RAJASTHAN, 8, BHARATPUR, 82, SEWAR, 1201, KUMAHA, 35563, 1337414, Drinking water, 0, 0, 0, 0, 0, 0, 113000, 113000
2015, RAJASTHAN, 8, BHARATPUR, 82, SEWAR, 1201, KUMAHA, 35563, 1337414, Roads, 0, 0, 0, 0, 0, 0, 1087000, 1087000
2015, RAJASTHAN, 8, BHARATPUR, 82, SEWAR, 1201, KUMAHA, 35563, 1337414, Total, 0, 0, 0, 0, 0, 0, 1200000, 1200000
2015, RAJASTHAN, 8, BHARATPUR, 82, SEWAR, 1201, LUDHAWAI, 35564, 1383311, Drinking water, 0, 0, 0, 0, 0, 0, 250000, 250000
2015, RAJASTHAN, 8, BHARATPUR, 82, SEWAR, 1201, LUDHAWAI, 35564, 1383311, Maintenance of community system, 0, 0, 0, 0, 0, 0, 70000, 70000
2015, RAJASTHAN, 8, BHARATPUR, 82, SEWAR, 1201, LUDHAWAI, 35564, 1383311, Roads, 0, 0, 0, 0, 0, 0, 2650000, 2650000
2015, RAJASTHAN, 8, BHARATPUR, 82, SEWAR, 1201, LUDHAWAI, 35564, 1383311, Social welfare, 0, 0, 0, 0, 0, 0, 170000, 170000
2015, RAJASTHAN, 8, BHARATPUR, 82, SEWAR, 1201, LUDHAWAI, 35564, 1383311, Total, 0, 0, 0, 0, 0, 0, 3140000, 3140000
2015, RAJASTHAN, 8, BHARATPUR, 82, SEWAR, 1201, MADARPUR, 35565, 1334819, Drinking water, 0, 0, 0, 0, 0, 0, 213000, 213000
2015, RAJASTHAN, 8, BHARATPUR, 82, SEWAR, 1201, MADARPUR, 35565, 1334819, Roads, 0, 0, 0, 0, 0, 0, 1700000, 1700000
2015, RAJASTHAN, 8, BHARATPUR, 82, SEWAR, 1201, MADARPUR, 35565, 1334819, Total, 0, 0, 0, 0, 0, 0, 1913000, 1913000
2015, RAJASTHAN, 8, BHARATPUR, 82, SEWAR, 1201, MADONI, 35566, 1340668, Drinking water, 0, 0, 73000, 73000, 0, 0, 152000, 152000
2015, RAJASTHAN, 8, BHARATPUR, 82, SEWAR, 1201, MADONI, 35566, 1340668, Roads, 0, 0, 1748000, 1748000, 0, 0, 650000, 650000
2015, RAJASTHAN, 8, BHARATPUR, 82, SEWAR, 1201, MADONI, 35566, 1340668, Total, 0, 0, 1821000, 1821000, 0, 0, 802000, 802000
2015, RAJASTHAN, 8, BHARATPUR, 82, SEWAR, 1201, MAHUWA, 35567, 1432334, Cultural activities, 0, 0, 0, 0, 0, 0, 480000, 480000
2015, RAJASTHAN, 8, BHARATPUR, 82, SEWAR, 1201, MAHUWA, 35567, 1432334, Roads, 0, 0, 0, 0, 0, 0, 1950000, 1950000
2015, RAJASTHAN, 8, BHARATPUR, 82, SEWAR, 1201, MAHUWA, 35567, 1432334, Total, 0, 0, 0, 0, 0, 0, 2430000, 2430000
2015, RAJASTHAN, 8, BHARATPUR, 82, SEWAR, 1201, MALAH, 35568, 1407124, Drinking water, 0, 0, 0, 0, 0, 0, 320000, 320000
2015, RAJASTHAN, 8, BHARATPUR, 82, SEWAR, 1201, MALAH, 35568, 1407124, Land improvement, 0, 0, 0, 0, 0, 0, 200000, 200000
2015, RAJASTHAN, 8, BHARATPUR, 82, SEWAR, 1201, MALAH, 35568, 1407124, Maintenance of community system, 0, 0, 0, 0, 0, 0, 200000, 200000
2015, RAJASTHAN, 8, BHARATPUR, 82, SEWAR, 1201, MALAH, 35568, 1407124, Roads, 0, 0, 0, 0, 0, 0, 3424500, 3424500
2015, RAJASTHAN, 8, BHARATPUR, 82, SEWAR, 1201, MALAH, 35568, 1407124, Sanitation, 0, 0, 0, 0, 0, 0, 400000, 400000
2015, RAJASTHAN, 8, BHARATPUR, 82, SEWAR, 1201, MALAH, 35568, 1407124, Social welfare, 0, 0, 0, 0, 0, 0, 800000, 800000
2015, RAJASTHAN, 8, BHARATPUR, 82, SEWAR, 1201, MALAH, 35568, 1407124, Total, 0, 0, 0, 0, 0, 0, 5344500, 5344500
2015, RAJASTHAN, 8, BHARATPUR, 82, SEWAR, 1201, MOROLI KALAN, 35569, 1335554, Drinking water, 0, 0, 0, 0, 0, 0, 746000, 746000
2015, RAJASTHAN, 8, BHARATPUR, 82, SEWAR, 1201, MOROLI KALAN, 35569, 1335554, Roads, 0, 0, 0, 0, 0, 0, 1658000, 1658000
2015, RAJASTHAN, 8, BHARATPUR, 82, SEWAR, 1201, MOROLI KALAN, 35569, 1335554, Total, 0, 0, 0, 0, 0, 0, 2404000, 2404000
2015, RAJASTHAN, 8, BHARATPUR, 82, SEWAR, 1201, MUDOTA, 35570, 1340165, Roads, 0, 0, 0, 0, 0, 0, 2068000, 2068000
2015, RAJASTHAN, 8, BHARATPUR, 82, SEWAR, 1201, MUDOTA, 35570, 1340165, Total, 0, 0, 0, 0, 0, 0, 2068000, 2068000
2015, RAJASTHAN, 8, BHARATPUR, 82, SEWAR, 1201, MURWARA, 35571, 1342255, Roads, 0, 0, 0, 0, 0, 0, 798000, 798000
2015, RAJASTHAN, 8, BHARATPUR, 82, SEWAR, 1201, MURWARA, 35571, 1342255, Sanitation, 0, 0, 0, 0, 0, 0, 60000, 60000
2015, RAJASTHAN, 8, BHARATPUR, 82, SEWAR, 1201, MURWARA, 35571, 1342255, Total, 0, 0, 0, 0, 0, 0, 858000, 858000
2015, RAJASTHAN, 8, BHARATPUR, 82, SEWAR, 1201, PAR, 35572, 1342562, Roads, 0, 0, 0, 0, 0, 0, 1049000, 1049000
2015, RAJASTHAN, 8, BHARATPUR, 82, SEWAR, 1201, PAR, 35572, 1342562, Total, 0, 0, 0, 0, 0, 0, 1049000, 1049000
2015, RAJASTHAN, 8, BHARATPUR, 82, SEWAR, 1201, PEEPLA, 35573, 1334982, Roads, 0, 0, 0, 0, 0, 0, 700000, 700000
2015, RAJASTHAN, 8, BHARATPUR, 82, SEWAR, 1201, PEEPLA, 35573, 1334982, Total, 0, 0, 0, 0, 0, 0, 700000, 700000
2015, RAJASTHAN, 8, BHARATPUR, 82, SEWAR, 1201, RUNDH IKRAN, 35574, 1343687, Roads, 0, 0, 0, 0, 0, 0, 435000, 435000
2015, RAJASTHAN, 8, BHARATPUR, 82, SEWAR, 1201, RUNDH IKRAN, 35574, 1343687, Sanitation, 0, 0, 0, 0, 0, 0, 100000, 100000
2015, RAJASTHAN, 8, BHARATPUR, 82, SEWAR, 1201, RUNDH IKRAN, 35574, 1343687, Total, 0, 0, 0, 0, 0, 0, 535000, 535000
2015, RAJASTHAN, 8, BHARATPUR, 82, SEWAR, 1201, SUNARI, 35575, 1342272, Drinking water, 0, 0, 0, 0, 0, 0, 918000, 918000
2015, RAJASTHAN, 8, BHARATPUR, 82, SEWAR, 1201, SUNARI, 35575, 1342272, Roads, 0, 0, 500000, 500000, 0, 0, 2475000, 2475000
2015, RAJASTHAN, 8, BHARATPUR, 82, SEWAR, 1201, SUNARI, 35575, 1342272, Social welfare, 0, 0, 1500000, 1500000, 0, 0, 178000, 178000
2015, RAJASTHAN, 8, BHARATPUR, 82, SEWAR, 1201, SUNARI, 35575, 1342272, Total, 0, 0, 2000000, 2000000, 0, 0, 3571000, 3571000
2015, RAJASTHAN, 8, BHARATPUR, 82, SEWAR, 1201, TUHIYA, 35576, 1342280, Roads, 0, 0, 700000, 700000, 0, 0, 1148000, 1148000
2015, RAJASTHAN, 8, BHARATPUR, 82, SEWAR, 1201, TUHIYA, 35576, 1342280, Total, 0, 0, 700000, 700000, 0, 0, 1148000, 1148000
2015, RAJASTHAN, 8, BHARATPUR, 82, SEWAR, 1201, UNDRA, 35577, 1343967, Roads, 0, 0, 0, 0, 0, 0, 1000000, 1000000
2015, RAJASTHAN, 8, BHARATPUR, 82, SEWAR, 1201, UNDRA, 35577, 1343967, Social welfare, 0, 0, 0, 0, 0, 0, 1485000, 1485000
2015, RAJASTHAN, 8, BHARATPUR, 82, SEWAR, 1201, UNDRA, 35577, 1343967, Total, 0, 0, 0, 0, 0, 0, 2485000, 2485000
2015, RAJASTHAN, 8, BHARATPUR, 82, WEIR, 1202, ALIPUR, 35578, 1205429, Roads, 0, 0, 0, 0, 0, 0, 2604082, 2604082
2015, RAJASTHAN, 8, BHARATPUR, 82, WEIR, 1202, ALIPUR, 35578, 1205429, Total, 0, 0, 0, 0, 0, 0, 2604082, 2604082
2015, RAJASTHAN, 8, BHARATPUR, 82, WEIR, 1202, AMOLI, 35579, 1207470, Roads, 0, 0, 0, 0, 0, 0, 1809304, 1809304
2015, RAJASTHAN, 8, BHARATPUR, 82, WEIR, 1202, AMOLI, 35579, 1207470, Total, 0, 0, 0, 0, 0, 0, 1809304, 1809304
2015, RAJASTHAN, 8, BHARATPUR, 82, WEIR, 1202, BABEKHAR, 35580, 1205409, Drinking water, 0, 0, 0, 0, 0, 0, 213000, 213000
2015, RAJASTHAN, 8, BHARATPUR, 82, WEIR, 1202, BABEKHAR, 35580, 1205409, Health, 0, 0, 0, 0, 0, 0, 1000000, 1000000
2015, RAJASTHAN, 8, BHARATPUR, 82, WEIR, 1202, BABEKHAR, 35580, 1205409, Roads, 0, 0, 0, 0, 0, 0, 1152938, 1152938
2015, RAJASTHAN, 8, BHARATPUR, 82, WEIR, 1202, BABEKHAR, 35580, 1205409, Total, 0, 0, 0, 0, 0, 0, 2365938, 2365938
2015, RAJASTHAN, 8, BHARATPUR, 82, WEIR, 1202, BACHRAIN, 35581, 1207492, Roads, 0, 0, 0, 0, 0, 0, 2427894, 2427894
2015, RAJASTHAN, 8, BHARATPUR, 82, WEIR, 1202, BACHRAIN, 35581, 1207492, Total, 0, 0, 0, 0, 0, 0, 2427894, 2427894
2015, RAJASTHAN, 8, BHARATPUR, 82, WEIR, 1202, BAJHERAKALAN, 35582, 1207551, Roads, 0, 0, 0, 0, 0, 0, 2824799, 2824799
2015, RAJASTHAN, 8, BHARATPUR, 82, WEIR, 1202, BAJHERAKALAN, 35582, 1207551, Total, 0, 0, 0, 0, 0, 0, 2824799, 2824799
2015, RAJASTHAN, 8, BHARATPUR, 82, WEIR, 1202, BALLABH GARH, 35583, 1205588, Roads, 0, 0, 0, 0, 0, 0, 3514057, 3514057
2015, RAJASTHAN, 8, BHARATPUR, 82, WEIR, 1202, BALLABH GARH, 35583, 1205588, Total, 0, 0, 0, 0, 0, 0, 3514057, 3514057
2015, RAJASTHAN, 8, BHARATPUR, 82, WEIR, 1202, BARAULI, 35584, 1209065, Roads, 0, 0, 0, 0, 0, 0, 920486, 920486
2015, RAJASTHAN, 8, BHARATPUR, 82, WEIR, 1202, BARAULI, 35584, 1209065, Sanitation, 0, 0, 0, 0, 0, 0, 1050000, 1050000
2015, RAJASTHAN, 8, BHARATPUR, 82, WEIR, 1202, BARAULI, 35584, 1209065, Total, 0, 0, 0, 0, 0, 0, 1970486, 1970486
2015, RAJASTHAN, 8, BHARATPUR, 82, WEIR, 1202, BHAISEENA, 35585, 1208952, Roads, 0, 0, 0, 0, 0, 0, 2480170, 2480170
2015, RAJASTHAN, 8, BHARATPUR, 82, WEIR, 1202, BHAISEENA, 35585, 1208952, Total, 0, 0, 0, 0, 0, 0, 2480170, 2480170
2015, RAJASTHAN, 8, BHARATPUR, 82, WEIR, 1202, BHOOTAULI, 35586, 1209087, Roads, 0, 0, 0, 0, 0, 0, 2171358, 2171358
2015, RAJASTHAN, 8, BHARATPUR, 82, WEIR, 1202, BHOOTAULI, 35586, 1209087, Total, 0, 0, 0, 0, 0, 0, 2171358, 2171358
2015, RAJASTHAN, 8, BHARATPUR, 82, WEIR, 1202, CHAINTOLI, 35587, 1209047, Roads, 0, 0, 0, 0, 0, 0, 2131668, 2131668
2015, RAJASTHAN, 8, BHARATPUR, 82, WEIR, 1202, CHAINTOLI, 35587, 1209047, Total, 0, 0, 0, 0, 0, 0, 2131668, 2131668
2015, RAJASTHAN, 8, BHARATPUR, 82, WEIR, 1202, CHAK DHARSONI, 35588, 1208970, Roads, 0, 0, 0, 0, 0, 0, 2233314, 2233314
2015, RAJASTHAN, 8, BHARATPUR, 82, WEIR, 1202, CHAK DHARSONI, 35588, 1208970, Total, 0, 0, 0, 0, 0, 0, 2233314, 2233314
2015, RAJASTHAN, 8, BHARATPUR, 82, WEIR, 1202, CHHOKARWARA KALAN, 35589, 1209111, Roads, 0, 0, 0, 0, 0, 0, 3111345, 3111345
2015, RAJASTHAN, 8, BHARATPUR, 82, WEIR, 1202, CHHOKARWARA KALAN, 35589, 1209111, Total, 0, 0, 0, 0, 0, 0, 3111345, 3111345
2015, RAJASTHAN, 8, BHARATPUR, 82, WEIR, 1202, DEEWALI, 35590, 1209105, Health, 0, 0, 0, 0, 0, 0, 1000000, 1000000
2015, RAJASTHAN, 8, BHARATPUR, 82, WEIR, 1202, DEEWALI, 35590, 1209105, Roads, 0, 0, 0, 0, 0, 0, 579520, 579520
2015, RAJASTHAN, 8, BHARATPUR, 82, WEIR, 1202, DEEWALI, 35590, 1209105, Sanitation, 0, 0, 0, 0, 0, 0, 890000, 890000
2015, RAJASTHAN, 8, BHARATPUR, 82, WEIR, 1202, DEEWALI, 35590, 1209105, Total, 0, 0, 0, 0, 0, 0, 2469520, 2469520
2015, RAJASTHAN, 8, BHARATPUR, 82, WEIR, 1202, DHARSONI, 35591, 1206882, Roads, 0, 0, 0, 0, 0, 0, 1674260, 1674260
2015, RAJASTHAN, 8, BHARATPUR, 82, WEIR, 1202, DHARSONI, 35591, 1206882, Total, 0, 0, 0, 0, 0, 0, 1674260, 1674260
2015, RAJASTHAN, 8, BHARATPUR, 82, WEIR, 1202, GANGROLI, 35592, 1209101, Roads, 0, 0, 0, 0, 0, 0, 3240098, 3240098
2015, RAJASTHAN, 8, BHARATPUR, 82, WEIR, 1202, GANGROLI, 35592, 1209101, Total, 0, 0, 0, 0, 0, 0, 3240098, 3240098
2015, RAJASTHAN, 8, BHARATPUR, 82, WEIR, 1202, GHATARI, 35593, 1208354, Roads, 0, 0, 0, 0, 0, 0, 2029537, 2029537
2015, RAJASTHAN, 8, BHARATPUR, 82, WEIR, 1202, GHATARI, 35593, 1208354, Total, 0, 0, 0, 0, 0, 0, 2029537, 2029537
2015, RAJASTHAN, 8, BHARATPUR, 82, WEIR, 1202, GOGERA, 35594, 1208933, Roads, 0, 0, 0, 0, 0, 0, 2474362, 2474362
2015, RAJASTHAN, 8, BHARATPUR, 82, WEIR, 1202, GOGERA, 35594, 1208933, Total, 0, 0, 0, 0, 0, 0, 2474362, 2474362
2015, RAJASTHAN, 8, BHARATPUR, 82, WEIR, 1202, GOVINDPURA, 35595, 1207747, Drinking water, 0, 0, 0, 0, 0, 0, 87609, 87609
2015, RAJASTHAN, 8, BHARATPUR, 82, WEIR, 1202, GOVINDPURA, 35595, 1207747, Roads, 0, 0, 0, 0, 0, 0, 2118600, 2118600
2015, RAJASTHAN, 8, BHARATPUR, 82, WEIR, 1202, GOVINDPURA, 35595, 1207747, Total, 0, 0, 0, 0, 0, 0, 2206209, 2206209
2015, RAJASTHAN, 8, BHARATPUR, 82, WEIR, 1202, HALENA, 35596, 1208756, Roads, 0, 0, 0, 0, 0, 0, 3600699, 3600699
2015, RAJASTHAN, 8, BHARATPUR, 82, WEIR, 1202, HALENA, 35596, 1208756, Total, 0, 0, 0, 0, 0, 0, 3600699, 3600699
2015, RAJASTHAN, 8, BHARATPUR, 82, WEIR, 1202, HATAURI, 35597, 1201848, Drinking water, 0, 0, 0, 0, 0, 0, 100000, 100000
2015, RAJASTHAN, 8, BHARATPUR, 82, WEIR, 1202, HATAURI, 35597, 1201848, Roads, 0, 0, 0, 0, 0, 0, 3475045, 3475045
2015, RAJASTHAN, 8, BHARATPUR, 82, WEIR, 1202, HATAURI, 35597, 1201848, Total, 0, 0, 0, 0, 0, 0, 3575045, 3575045
2015, RAJASTHAN, 8, BHARATPUR, 82, WEIR, 1202, HATEEJAR, 35598, 1208736, Roads, 0, 0, 0, 0, 0, 0, 1400000, 1400000
2015, RAJASTHAN, 8, BHARATPUR, 82, WEIR, 1202, HATEEJAR, 35598, 1208736, Total, 0, 0, 0, 0, 0, 0, 1400000, 1400000
2015, RAJASTHAN, 8, BHARATPUR, 82, WEIR, 1202, ITAMADA, 35599, 1208117, Agriculture, 0, 0, 0, 0, 0, 0, 1487891, 1487891
2015, RAJASTHAN, 8, BHARATPUR, 82, WEIR, 1202, ITAMADA, 35599, 1208117, Drinking water, 0, 0, 0, 0, 0, 0, 345000, 345000
2015, RAJASTHAN, 8, BHARATPUR, 82, WEIR, 1202, ITAMADA, 35599, 1208117, Roads, 0, 0, 0, 0, 0, 0, 349600, 349600
2015, RAJASTHAN, 8, BHARATPUR, 82, WEIR, 1202, ITAMADA, 35599, 1208117, Total, 0, 0, 0, 0, 0, 0, 2182491, 2182491
2015, RAJASTHAN, 8, BHARATPUR, 82, WEIR, 1202, JAGJIWANPUR, 35600, 1208710, Roads, 0, 0, 0, 0, 0, 0, 2971459, 2971459
2015, RAJASTHAN, 8, BHARATPUR, 82, WEIR, 1202, JAGJIWANPUR, 35600, 1208710, Total, 0, 0, 0, 0, 0, 0, 2971459, 2971459
2015, RAJASTHAN, 8, BHARATPUR, 82, WEIR, 1202, JAHANPUR, 35601, 1208086, Drinking water, 0, 0, 0, 0, 0, 0, 75000, 75000
2015, RAJASTHAN, 8, BHARATPUR, 82, WEIR, 1202, JAHANPUR, 35601, 1208086, Roads, 0, 0, 0, 0, 0, 0, 1833530, 1833530
2015, RAJASTHAN, 8, BHARATPUR, 82, WEIR, 1202, JAHANPUR, 35601, 1208086, Total, 0, 0, 0, 0, 0, 0, 1908530, 1908530
2015, RAJASTHAN, 8, BHARATPUR, 82, WEIR, 1202, JEEWAD, 35602, 1208012, Roads, 0, 0, 0, 0, 0, 0, 2084717, 2084717
2015, RAJASTHAN, 8, BHARATPUR, 82, WEIR, 1202, JEEWAD, 35602, 1208012, Total, 0, 0, 0, 0, 0, 0, 2084717, 2084717
2015, RAJASTHAN, 8, BHARATPUR, 82, WEIR, 1202, JHAROTI, 35603, 1207752, Drinking water, 0, 0, 0, 0, 0, 0, 900000, 900000
2015, RAJASTHAN, 8, BHARATPUR, 82, WEIR, 1202, JHAROTI, 35603, 1207752, Roads, 0, 0, 0, 0, 0, 0, 668257, 668257
2015, RAJASTHAN, 8, BHARATPUR, 82, WEIR, 1202, JHAROTI, 35603, 1207752, Total, 0, 0, 0, 0, 0, 0, 1568257, 1568257
2015, RAJASTHAN, 8, BHARATPUR, 82, WEIR, 1202, KAMALPURA, 35604, 1208929, Roads, 0, 0, 0, 0, 0, 0, 2319956, 2319956
2015, RAJASTHAN, 8, BHARATPUR, 82, WEIR, 1202, KAMALPURA, 35604, 1208929, Total, 0, 0, 0, 0, 0, 0, 2319956, 2319956
2015, RAJASTHAN, 8, BHARATPUR, 82, WEIR, 1202, LAKHANPUR, 35605, 1208130, Roads, 0, 0, 0, 0, 0, 0, 3694600, 3694600
2015, RAJASTHAN, 8, BHARATPUR, 82, WEIR, 1202, LAKHANPUR, 35605, 1208130, Total, 0, 0, 0, 0, 0, 0, 3694600, 3694600
2015, RAJASTHAN, 8, BHARATPUR, 82, WEIR, 1202, LALIA MOODIYA, 35606, 1209079, Roads, 0, 0, 0, 0, 0, 0, 3110860, 3110860
2015, RAJASTHAN, 8, BHARATPUR, 82, WEIR, 1202, LALIA MOODIYA, 35606, 1209079, Total, 0, 0, 0, 0, 0, 0, 3110860, 3110860
2015, RAJASTHAN, 8, BHARATPUR, 82, WEIR, 1202, MAINAPURA, 35607, 1207738, Roads, 0, 0, 0, 0, 0, 0, 3220735, 3220735
2015, RAJASTHAN, 8, BHARATPUR, 82, WEIR, 1202, MAINAPURA, 35607, 1207738, Total, 0, 0, 0, 0, 0, 0, 3220735, 3220735
2015, RAJASTHAN, 8, BHARATPUR, 82, WEIR, 1202, MOLONI, 35608, 1207734, Drinking water, 0, 0, 0, 0, 0, 0, 795000, 795000
2015, RAJASTHAN, 8, BHARATPUR, 82, WEIR, 1202, MOLONI, 35608, 1207734, Health, 0, 0, 0, 0, 0, 0, 30000, 30000
2015, RAJASTHAN, 8, BHARATPUR, 82, WEIR, 1202, MOLONI, 35608, 1207734, Roads, 0, 0, 0, 0, 0, 0, 1405894, 1405894
2015, RAJASTHAN, 8, BHARATPUR, 82, WEIR, 1202, MOLONI, 35608, 1207734, Total, 0, 0, 0, 0, 0, 0, 2230894, 2230894
2015, RAJASTHAN, 8, BHARATPUR, 82, WEIR, 1202, NAIWARA, 35609, 1207716, Drinking water, 0, 0, 0, 0, 0, 0, 225000, 225000
2015, RAJASTHAN, 8, BHARATPUR, 82, WEIR, 1202, NAIWARA, 35609, 1207716, Health, 0, 0, 0, 0, 0, 0, 354000, 354000
2015, RAJASTHAN, 8, BHARATPUR, 82, WEIR, 1202, NAIWARA, 35609, 1207716, Roads, 0, 0, 0, 0, 0, 0, 2182392, 2182392
2015, RAJASTHAN, 8, BHARATPUR, 82, WEIR, 1202, NAIWARA, 35609, 1207716, Total, 0, 0, 0, 0, 0, 0, 2761392, 2761392
2015, RAJASTHAN, 8, BHARATPUR, 82, WEIR, 1202, NAROLI, 35610, 1208864, Roads, 0, 0, 0, 0, 0, 0, 1836894, 1836894
2015, RAJASTHAN, 8, BHARATPUR, 82, WEIR, 1202, NAROLI, 35610, 1208864, Total, 0, 0, 0, 0, 0, 0, 1836894, 1836894
2015, RAJASTHAN, 8, BHARATPUR, 82, WEIR, 1202, NITHAR, 35611, 1208859, Roads, 0, 0, 0, 0, 0, 0, 3247452, 3247452
2015, RAJASTHAN, 8, BHARATPUR, 82, WEIR, 1202, NITHAR, 35611, 1208859, Total, 0, 0, 0, 0, 0, 0, 3247452, 3247452
2015, RAJASTHAN, 8, BHARATPUR, 82, WEIR, 1202, PALI, 35612, 1208904, Roads, 0, 0, 0, 0, 0, 0, 3360135, 3360135
2015, RAJASTHAN, 8, BHARATPUR, 82, WEIR, 1202, PALI, 35612, 1208904, Total, 0, 0, 0, 0, 0, 0, 3360135, 3360135
2015, RAJASTHAN, 8, BHARATPUR, 82, WEIR, 1202, PATHENA, 35613, 1207682, Drinking water, 0, 0, 0, 0, 0, 0, 400000, 400000
2015, RAJASTHAN, 8, BHARATPUR, 82, WEIR, 1202, PATHENA, 35613, 1207682, Roads, 0, 0, 0, 0, 0, 0, 2501275, 2501275
2015, RAJASTHAN, 8, BHARATPUR, 82, WEIR, 1202, PATHENA, 35613, 1207682, Total, 0, 0, 0, 0, 0, 0, 2901275, 2901275
2015, RAJASTHAN, 8, BHARATPUR, 82, WEIR, 1202, RANDHEER GARH, 35614, 1207640, Drinking water, 0, 0, 0, 0, 0, 0, 120000, 120000
2015, RAJASTHAN, 8, BHARATPUR, 82, WEIR, 1202, RANDHEER GARH, 35614, 1207640, Roads, 0, 0, 0, 0, 0, 0, 2813034, 2813034
2015, RAJASTHAN, 8, BHARATPUR, 82, WEIR, 1202, RANDHEER GARH, 35614, 1207640, Rural housing, 0, 0, 0, 0, 0, 0, 900000, 900000
2015, RAJASTHAN, 8, BHARATPUR, 82, WEIR, 1202, RANDHEER GARH, 35614, 1207640, Total, 0, 0, 0, 0, 0, 0, 3833034, 3833034
2015, RAJASTHAN, 8, BHARATPUR, 82, WEIR, 1202, SALEMPUR KALAN, 35615, 1208896, Roads, 0, 0, 0, 0, 0, 0, 2108435, 2108435
2015, RAJASTHAN, 8, BHARATPUR, 82, WEIR, 1202, SALEMPUR KALAN, 35615, 1208896, Total, 0, 0, 0, 0, 0, 0, 2108435, 2108435
2015, RAJASTHAN, 8, BHARATPUR, 82, WEIR, 1202, SALEMPUR KHURD, 35616, 1208786, Roads, 0, 0, 0, 0, 0, 0, 1848510, 1848510
2015, RAJASTHAN, 8, BHARATPUR, 82, WEIR, 1202, SALEMPUR KHURD, 35616, 1208786, Total, 0, 0, 0, 0, 0, 0, 1848510, 1848510
2015, RAJASTHAN, 8, BHARATPUR, 82, WEIR, 1202, SAMRAYA, 35617, 1208866, Roads, 0, 0, 0, 0, 0, 0, 2089558, 2089558
2015, RAJASTHAN, 8, BHARATPUR, 82, WEIR, 1202, SAMRAYA, 35617, 1208866, Total, 0, 0, 0, 0, 0, 0, 2089558, 2089558
2015, RAJASTHAN, 8, BHARATPUR, 82, WEIR, 1202, SARSAINA, 35618, 1207729, Roads, 0, 0, 0, 0, 0, 0, 2463712, 2463712
2015, RAJASTHAN, 8, BHARATPUR, 82, WEIR, 1202, SARSAINA, 35618, 1207729, Total, 0, 0, 0, 0, 0, 0, 2463712, 2463712
2015, RAJASTHAN, 8, BHARATPUR, 82, WEIR, 1202, SENDHALI, 35619, 1206904, Roads, 0, 0, 0, 0, 0, 0, 2303982, 2303982
2015, RAJASTHAN, 8, BHARATPUR, 82, WEIR, 1202, SENDHALI, 35619, 1206904, Total, 0, 0, 0, 0, 0, 0, 2303982, 2303982
2015, RAJASTHAN, 8, BHARATPUR, 82, WEIR, 1202, SIRAS, 35620, 1209052, Health, 0, 0, 0, 0, 0, 0, 509320, 509320
2015, RAJASTHAN, 8, BHARATPUR, 82, WEIR, 1202, SIRAS, 35620, 1209052, Roads, 0, 0, 0, 0, 0, 0, 2330000, 2330000
2015, RAJASTHAN, 8, BHARATPUR, 82, WEIR, 1202, SIRAS, 35620, 1209052, Total, 0, 0, 0, 0, 0, 0, 2839320, 2839320
2015, RAJASTHAN, 8, BHARATPUR, 82, WEIR, 1202, SUHANS, 35621, 1207692, Roads, 0, 0, 0, 0, 0, 0, 2263808, 2263808
2015, RAJASTHAN, 8, BHARATPUR, 82, WEIR, 1202, SUHANS, 35621, 1207692, Total, 0, 0, 0, 0, 0, 0, 2263808, 2263808
2015, RAJASTHAN, 8, BHARATPUR, 82, WEIR, 1202, SUHARI, 35622, 1208714, Roads, 0, 0, 0, 0, 0, 0, 2233314, 2233314
2015, RAJASTHAN, 8, BHARATPUR, 82, WEIR, 1202, SUHARI, 35622, 1208714, Total, 0, 0, 0, 0, 0, 0, 2233314, 2233314
2015, RAJASTHAN, 8, BHARATPUR, 82, WEIR, 1202, UMREND, 35623, 1209014, Roads, 0, 0, 0, 0, 0, 0, 1723646, 1723646
2015, RAJASTHAN, 8, BHARATPUR, 82, WEIR, 1202, UMREND, 35623, 1209014, Total, 0, 0, 0, 0, 0, 0, 1723646, 1723646
2015, RAJASTHAN, 8, BHILWARA, 83, ASIND, 1203, AKARSADA, 35624, 1164085, Land improvement, 0, 0, 0, 0, 0, 0, 45000, 45000
2015, RAJASTHAN, 8, BHILWARA, 83, ASIND, 1203, AKARSADA, 35624, 1164085, Roads, 0, 0, 0, 0, 0, 0, 1200000, 1200000
2015, RAJASTHAN, 8, BHILWARA, 83, ASIND, 1203, AKARSADA, 35624, 1164085, Rural electrification, 0, 0, 0, 0, 0, 0, 24000, 24000
2015, RAJASTHAN, 8, BHILWARA, 83, ASIND, 1203, AKARSADA, 35624, 1164085, Total, 0, 0, 0, 0, 0, 0, 1269000, 1269000
2015, RAJASTHAN, 8, BHILWARA, 83, ASIND, 1203, AMESHAR, 35625, 1172318, Drinking water, 0, 0, 0, 0, 0, 0, 1500000, 1500000
2015, RAJASTHAN, 8, BHILWARA, 83, ASIND, 1203, AMESHAR, 35625, 1172318, Roads, 0, 0, 0, 0, 0, 0, 1000000, 1000000
2015, RAJASTHAN, 8, BHILWARA, 83, ASIND, 1203, AMESHAR, 35625, 1172318, Total, 0, 0, 0, 0, 0, 0, 2500000, 2500000
2015, RAJASTHAN, 8, BHILWARA, 83, ASIND, 1203, ANTALI, 35626, 1161092, Land improvement, 0, 0, 0, 0, 0, 0, 3400000, 3400000
2015, RAJASTHAN, 8, BHILWARA, 83, ASIND, 1203, ANTALI, 35626, 1161092, Roads, 0, 0, 0, 0, 0, 0, 1600000, 1600000
2015, RAJASTHAN, 8, BHILWARA, 83, ASIND, 1203, ANTALI, 35626, 1161092, Total, 0, 0, 0, 0, 0, 0, 5000000, 5000000
2015, RAJASTHAN, 8, BHILWARA, 83, ASIND, 1203, BADNOR, 35627, 1165685, Agriculture, 0, 0, 0, 0, 0, 0, 1000000, 1000000
2015, RAJASTHAN, 8, BHILWARA, 83, ASIND, 1203, BADNOR, 35627, 1165685, Land improvement, 0, 0, 0, 0, 0, 0, 2000000, 2000000
2015, RAJASTHAN, 8, BHILWARA, 83, ASIND, 1203, BADNOR, 35627, 1165685, Roads, 0, 0, 0, 0, 0, 0, 2000000, 2000000
2015, RAJASTHAN, 8, BHILWARA, 83, ASIND, 1203, BADNOR, 35627, 1165685, Total, 0, 0, 0, 0, 0, 0, 5000000, 5000000
2015, RAJASTHAN, 8, BHILWARA, 83, ASIND, 1203, BAJUNDA, 35628, 1165709, Drinking water, 0, 0, 0, 0, 0, 0, 250000, 250000
2015, RAJASTHAN, 8, BHILWARA, 83, ASIND, 1203, BAJUNDA, 35628, 1165709, Roads, 0, 0, 0, 0, 0, 0, 500000, 500000
2015, RAJASTHAN, 8, BHILWARA, 83, ASIND, 1203, BAJUNDA, 35628, 1165709, Total, 0, 0, 0, 0, 0, 0, 750000, 750000
2015, RAJASTHAN, 8, BHILWARA, 83, ASIND, 1203, BARANA, 35629, 1167063, Agriculture, 0, 0, 0, 0, 0, 0, 6221000, 6221000
2015, RAJASTHAN, 8, BHILWARA, 83, ASIND, 1203, BARANA, 35629, 1167063, Public distribution system, 0, 0, 0, 0, 0, 0, 526000, 526000
2015, RAJASTHAN, 8, BHILWARA, 83, ASIND, 1203, BARANA, 35629, 1167063, Total, 0, 0, 0, 0, 0, 0, 6747000, 6747000
2015, RAJASTHAN, 8, BHILWARA, 83, ASIND, 1203, BARSANI, 35630, 1172322, Drinking water, 0, 0, 0, 0, 0, 0, 2000000, 2000000
2015, RAJASTHAN, 8, BHILWARA, 83, ASIND, 1203, BARSANI, 35630, 1172322, Roads, 0, 0, 0, 0, 0, 0, 2500000, 2500000
2015, RAJASTHAN, 8, BHILWARA, 83, ASIND, 1203, BARSANI, 35630, 1172322, Total, 0, 0, 0, 0, 0, 0, 4500000, 4500000
2015, RAJASTHAN, 8, BHILWARA, 83, ASIND, 1203, BHADSI, 35631, 1165683, Drinking water, 0, 0, 0, 0, 0, 0, 3000000, 3000000
2015, RAJASTHAN, 8, BHILWARA, 83, ASIND, 1203, BHADSI, 35631, 1165683, Land improvement, 0, 0, 0, 0, 0, 0, 1000000, 1000000
2015, RAJASTHAN, 8, BHILWARA, 83, ASIND, 1203, BHADSI, 35631, 1165683, Public distribution system, 0, 0, 0, 0, 0, 0, 1000000, 1000000
2015, RAJASTHAN, 8, BHILWARA, 83, ASIND, 1203, BHADSI, 35631, 1165683, Total, 0, 0, 0, 0, 0, 0, 5000000, 5000000
2015, RAJASTHAN, 8, BHILWARA, 83, ASIND, 1203, BHOJPURA, 35632, 1165680, Roads, 0, 0, 0, 0, 0, 0, 5000000, 5000000
2015, RAJASTHAN, 8, BHILWARA, 83, ASIND, 1203, BHOJPURA, 35632, 1165680, Total, 0, 0, 0, 0, 0, 0, 5000000, 5000000
2015, RAJASTHAN, 8, BHILWARA, 83, ASIND, 1203, BORELA, 35633, 1172632, Drinking water, 0, 0, 0, 0, 0, 0, 4000000, 4000000
2015, RAJASTHAN, 8, BHILWARA, 83, ASIND, 1203, BORELA, 35633, 1172632, Land improvement, 0, 0, 0, 0, 0, 0, 1000000, 1000000
2015, RAJASTHAN, 8, BHILWARA, 83, ASIND, 1203, BORELA, 35633, 1172632, Public distribution system, 0, 0, 0, 0, 0, 0, 1000000, 1000000
2015, RAJASTHAN, 8, BHILWARA, 83, ASIND, 1203, BORELA, 35633, 1172632, Total, 0, 0, 0, 0, 0, 0, 6000000, 6000000
2015, RAJASTHAN, 8, BHILWARA, 83, ASIND, 1203, BRAHOMANO KI SARERI, 35664, 1165635, Roads, 0, 0, 0, 0, 0, 0, 1350000, 1350000
2015, RAJASTHAN, 8, BHILWARA, 83, ASIND, 1203, BRAHOMANO KI SARERI, 35664, 1165635, Total, 0, 0, 0, 0, 0, 0, 1350000, 1350000
2015, RAJASTHAN, 8, BHILWARA, 83, ASIND, 1203, CHAINPURA, 35634, 1165617, Health, 0, 0, 0, 0, 0, 0, 250000, 250000
2015, RAJASTHAN, 8, BHILWARA, 83, ASIND, 1203, CHAINPURA, 35634, 1165617, Markets and fairs, 0, 0, 0, 0, 0, 0, 481000, 481000
2015, RAJASTHAN, 8, BHILWARA, 83, ASIND, 1203, CHAINPURA, 35634, 1165617, Roads, 0, 0, 0, 0, 0, 0, 250000, 250000
2015, RAJASTHAN, 8, BHILWARA, 83, ASIND, 1203, CHAINPURA, 35634, 1165617, Total, 0, 0, 0, 0, 0, 0, 981000, 981000
2015, RAJASTHAN, 8, BHILWARA, 83, ASIND, 1203, CHATARPURA, 35635, 1165688, Land improvement, 0, 0, 0, 0, 0, 0, 1500000, 1500000
2015, RAJASTHAN, 8, BHILWARA, 83, ASIND, 1203, CHATARPURA, 35635, 1165688, Roads, 0, 0, 0, 0, 0, 0, 5000000, 5000000
2015, RAJASTHAN, 8, BHILWARA, 83, ASIND, 1203, CHATARPURA, 35635, 1165688, Total, 0, 0, 0, 0, 0, 0, 6500000, 6500000
2015, RAJASTHAN, 8, BHILWARA, 83, ASIND, 1203, DANTRA, 35636, 1165693, Drinking water, 0, 0, 0, 0, 0, 0, 2000000, 2000000
2015, RAJASTHAN, 8, BHILWARA, 83, ASIND, 1203, DANTRA, 35636, 1165693, Total, 0, 0, 0, 0, 0, 0, 2000000, 2000000
2015, RAJASTHAN, 8, BHILWARA, 83, ASIND, 1203, DARAWAT, 35637, 1165691, Drinking water, 0, 0, 0, 0, 0, 0, 20000, 20000
2015, RAJASTHAN, 8, BHILWARA, 83, ASIND, 1203, DARAWAT, 35637, 1165691, Roads, 0, 0, 0, 0, 0, 0, 15000, 15000
2015, RAJASTHAN, 8, BHILWARA, 83, ASIND, 1203, DARAWAT, 35637, 1165691, Total, 0, 0, 0, 0, 0, 0, 35000, 35000
2015, RAJASTHAN, 8, BHILWARA, 83, ASIND, 1203, DAULATGARH, 35638, 1165729, Agriculture, 0, 0, 0, 0, 0, 0, 1897000, 1897000
2015, RAJASTHAN, 8, BHILWARA, 83, ASIND, 1203, DAULATGARH, 35638, 1165729, Public distribution system, 0, 0, 0, 0, 0, 0, 447000, 447000
2015, RAJASTHAN, 8, BHILWARA, 83, ASIND, 1203, DAULATGARH, 35638, 1165729, Total, 0, 0, 0, 0, 0, 0, 2344000, 2344000
2015, RAJASTHAN, 8, BHILWARA, 83, ASIND, 1203, GANGLAS, 35639, 1165652, Drinking water, 0, 0, 0, 0, 0, 0, 1000000, 1000000
2015, RAJASTHAN, 8, BHILWARA, 83, ASIND, 1203, GANGLAS, 35639, 1165652, Roads, 0, 0, 0, 0, 0, 0, 5000000, 5000000
2015, RAJASTHAN, 8, BHILWARA, 83, ASIND, 1203, GANGLAS, 35639, 1165652, Total, 0, 0, 0, 0, 0, 0, 6000000, 6000000
2015, RAJASTHAN, 8, BHILWARA, 83, ASIND, 1203, IRAS, 35640, 1165720, Drinking water, 0, 0, 0, 0, 0, 0, 1250000, 1250000
2015, RAJASTHAN, 8, BHILWARA, 83, ASIND, 1203, IRAS, 35640, 1165720, Roads, 0, 0, 0, 0, 0, 0, 2500000, 2500000
2015, RAJASTHAN, 8, BHILWARA, 83, ASIND, 1203, IRAS, 35640, 1165720, Total, 0, 0, 0, 0, 0, 0, 3750000, 3750000
2015, RAJASTHAN, 8, BHILWARA, 83, ASIND, 1203, JAGPURA, 35641, 1165740, Drinking water, 0, 0, 0, 0, 0, 0, 300000, 300000
2015, RAJASTHAN, 8, BHILWARA, 83, ASIND, 1203, JAGPURA, 35641, 1165740, Rural electrification, 0, 0, 0, 0, 0, 0, 200000, 200000
2015, RAJASTHAN, 8, BHILWARA, 83, ASIND, 1203, JAGPURA, 35641, 1165740, Total, 0, 0, 0, 0, 0, 0, 28000000, 28000000
2015, RAJASTHAN, 8, BHILWARA, 83, ASIND, 1203, JAGPURA, 35641, 1165740, Welfare of the weaker sections, 0, 0, 0, 0, 0, 0, 27500000, 27500000
2015, RAJASTHAN, 8, BHILWARA, 83, ASIND, 1203, JAITGARH, 245445, 1163911, Land improvement, 0, 0, 0, 0, 0, 0, 808374, 808374
2015, RAJASTHAN, 8, BHILWARA, 83, ASIND, 1203, JAITGARH, 245445, 1163911, Roads, 0, 0, 0, 0, 0, 0, 1361485, 1361485
2015, RAJASTHAN, 8, BHILWARA, 83, ASIND, 1203, JAITGARH, 245445, 1163911, Total, 0, 0, 0, 0, 0, 0, 2169859, 2169859
2015, RAJASTHAN, 8, BHILWARA, 83, ASIND, 1203, JALRIYA, 35642, 1167065, Agriculture, 0, 0, 0, 0, 0, 0, 2485000, 2485000
2015, RAJASTHAN, 8, BHILWARA, 83, ASIND, 1203, JALRIYA, 35642, 1167065, Total, 0, 0, 0, 0, 0, 0, 2485000, 2485000
2015, RAJASTHAN, 8, BHILWARA, 83, ASIND, 1203, JINDRAS, 35643, 1165741, Agriculture, 0, 0, 0, 0, 0, 0, 2127200, 2127200
2015, RAJASTHAN, 8, BHILWARA, 83, ASIND, 1203, JINDRAS, 35643, 1165741, Total, 0, 0, 0, 0, 0, 0, 2127200, 2127200
2015, RAJASTHAN, 8, BHILWARA, 83, ASIND, 1203, KALIYAS, 35644, 1165613, Agriculture, 0, 0, 0, 0, 0, 0, 500000, 500000
2015, RAJASTHAN, 8, BHILWARA, 83, ASIND, 1203, KALIYAS, 35644, 1165613, Drinking water, 0, 0, 0, 0, 0, 0, 2000000, 2000000
2015, RAJASTHAN, 8, BHILWARA, 83, ASIND, 1203, KALIYAS, 35644, 1165613, Total, 0, 0, 0, 0, 0, 0, 2500000, 2500000
2015, RAJASTHAN, 8, BHILWARA, 83, ASIND, 1203, KANWLAS, 35645, 1167086, Land improvement, 0, 0, 0, 0, 0, 0, 100000, 100000
2015, RAJASTHAN, 8, BHILWARA, 83, ASIND, 1203, KANWLAS, 35645, 1167086, Roads, 0, 0, 0, 0, 0, 0, 300000, 300000
2015, RAJASTHAN, 8, BHILWARA, 83, ASIND, 1203, KANWLAS, 35645, 1167086, Total, 0, 0, 0, 0, 0, 0, 400000, 400000
2015, RAJASTHAN, 8, BHILWARA, 83, ASIND, 1203, KARJALIYA, 35646, 1165707, Agriculture, 0, 0, 0, 0, 0, 0, 130000, 130000
2015, RAJASTHAN, 8, BHILWARA, 83, ASIND, 1203, KARJALIYA, 35646, 1165707, Drinking water, 0, 0, 0, 0, 0, 0, 1657000, 1657000
2015, RAJASTHAN, 8, BHILWARA, 83, ASIND, 1203, KARJALIYA, 35646, 1165707, Roads, 0, 0, 0, 0, 0, 0, 100000, 100000
2015, RAJASTHAN, 8, BHILWARA, 83, ASIND, 1203, KARJALIYA, 35646, 1165707, Total, 0, 0, 0, 0, 0, 0, 1887000, 1887000
2015, RAJASTHAN, 8, BHILWARA, 83, ASIND, 1203, KATAR, 35647, 1165621, Drinking water, 0, 0, 0, 0, 0, 0, 287200, 287200
2015, RAJASTHAN, 8, BHILWARA, 83, ASIND, 1203, KATAR, 35647, 1165621, Total, 0, 0, 0, 0, 0, 0, 287200, 287200
2015, RAJASTHAN, 8, BHILWARA, 83, ASIND, 1203, LACHUDA, 35648, 1180624, Agriculture, 0, 0, 0, 0, 0, 0, 4717000, 4717000
2015, RAJASTHAN, 8, BHILWARA, 83, ASIND, 1203, LACHUDA, 35648, 1180624, Total, 0, 0, 0, 0, 0, 0, 4717000, 4717000
2015, RAJASTHAN, 8, BHILWARA, 83, ASIND, 1203, MOD KA NIMBAHERA, 35653, 1165629, Drinking water, 0, 0, 0, 0, 0, 0, 2000000, 2000000
2015, RAJASTHAN, 8, BHILWARA, 83, ASIND, 1203, MOD KA NIMBAHERA, 35653, 1165629, Total, 0, 0, 0, 0, 0, 0, 2000000, 2000000
2015, RAJASTHAN, 8, BHILWARA, 83, ASIND, 1203, MOGAR, 35649, 1167104, Roads, 0, 0, 0, 0, 0, 0, 4000000, 4000000
2015, RAJASTHAN, 8, BHILWARA, 83, ASIND, 1203, MOGAR, 35649, 1167104, Rural housing, 0, 0, 0, 0, 0, 0, 1000000, 1000000
2015, RAJASTHAN, 8, BHILWARA, 83, ASIND, 1203, MOGAR, 35649, 1167104, Total, 0, 0, 0, 0, 0, 0, 5000000, 5000000
2015, RAJASTHAN, 8, BHILWARA, 83, ASIND, 1203, MOTIPUR, 35650, 1165726, Agriculture, 0, 0, 0, 0, 0, 0, 850000, 850000
2015, RAJASTHAN, 8, BHILWARA, 83, ASIND, 1203, MOTIPUR, 35650, 1165726, Drinking water, 0, 0, 0, 0, 0, 0, 500000, 500000
2015, RAJASTHAN, 8, BHILWARA, 83, ASIND, 1203, MOTIPUR, 35650, 1165726, Education, 0, 0, 0, 0, 0, 0, 150000, 150000
2015, RAJASTHAN, 8, BHILWARA, 83, ASIND, 1203, MOTIPUR, 35650, 1165726, Roads, 0, 0, 0, 0, 0, 0, 450000, 450000
2015, RAJASTHAN, 8, BHILWARA, 83, ASIND, 1203, MOTIPUR, 35650, 1165726, Total, 0, 0, 0, 0, 0, 0, 1950000, 1950000
2015, RAJASTHAN, 8, BHILWARA, 83, ASIND, 1203, MOTRAS, 35651, 1165676, Cultural activities, 0, 0, 0, 0, 0, 0, 199836, 199836
2015, RAJASTHAN, 8, BHILWARA, 83, ASIND, 1203, MOTRAS, 35651, 1165676, Drinking water, 0, 0, 0, 0, 0, 0, 199200, 199200
2015, RAJASTHAN, 8, BHILWARA, 83, ASIND, 1203, MOTRAS, 35651, 1165676, Land improvement, 0, 0, 0, 0, 0, 0, 239105, 239105
2015, RAJASTHAN, 8, BHILWARA, 83, ASIND, 1203, MOTRAS, 35651, 1165676, Roads, 0, 0, 0, 0, 0, 0, 2581357, 2581357
2015, RAJASTHAN, 8, BHILWARA, 83, ASIND, 1203, MOTRAS, 35651, 1165676, Rural housing, 0, 0, 0, 0, 0, 0, 699551, 699551
2015, RAJASTHAN, 8, BHILWARA, 83, ASIND, 1203, MOTRAS, 35651, 1165676, Total, 0, 0, 0, 0, 0, 0, 4118926, 4118926
2015, RAJASTHAN, 8, BHILWARA, 83, ASIND, 1203, MOTRAS, 35651, 1165676, Tribal Welfare, 0, 0, 0, 0, 0, 0, 199877, 199877
2015, RAJASTHAN, 8, BHILWARA, 83, ASIND, 1203, NEGDIYA, 35652, 1188034, Land improvement, 0, 0, 0, 0, 0, 0, 900000, 900000
2015, RAJASTHAN, 8, BHILWARA, 83, ASIND, 1203, NEGDIYA, 35652, 1188034, Total, 0, 0, 0, 0, 0, 0, 900000, 900000
2015, RAJASTHAN, 8, BHILWARA, 83, ASIND, 1203, OJIYANA, 35654, 1172525, Drinking water, 0, 0, 0, 0, 0, 0, 1000000, 1000000
2015, RAJASTHAN, 8, BHILWARA, 83, ASIND, 1203, OJIYANA, 35654, 1172525, Roads, 0, 0, 0, 0, 0, 0, 4000000, 4000000
2015, RAJASTHAN, 8, BHILWARA, 83, ASIND, 1203, OJIYANA, 35654, 1172525, Total, 0, 0, 0, 0, 0, 0, 5000000, 5000000
2015, RAJASTHAN, 8, BHILWARA, 83, ASIND, 1203, PALDI, 35656, 1167053, Agriculture, 0, 0, 0, 0, 0, 0, 3200000, 3200000
2015, RAJASTHAN, 8, BHILWARA, 83, ASIND, 1203, PALDI, 35656, 1167053, Total, 0, 0, 0, 0, 0, 0, 3200000, 3200000
2015, RAJASTHAN, 8, BHILWARA, 83, ASIND, 1203, PARA, 35657, 1165689, Drinking water, 0, 0, 0, 0, 0, 0, 5000000, 5000000
2015, RAJASTHAN, 8, BHILWARA, 83, ASIND, 1203, PARA, 35657, 1165689, Total, 0, 0, 0, 0, 0, 0, 5000000, 5000000
2015, RAJASTHAN, 8, BHILWARA, 83, ASIND, 1203, PARASOLI, 35655, 1172517, Roads, 0, 0, 0, 0, 0, 0, 5000000, 5000000
2015, RAJASTHAN, 8, BHILWARA, 83, ASIND, 1203, PARASOLI, 35655, 1172517, Total, 0, 0, 0, 0, 0, 0, 5000000, 5000000
2015, RAJASTHAN, 8, BHILWARA, 83, ASIND, 1203, PATAN, 35658, 1172498, Roads, 0, 0, 0, 0, 0, 0, 5000000, 5000000
2015, RAJASTHAN, 8, BHILWARA, 83, ASIND, 1203, PATAN, 35658, 1172498, Total, 0, 0, 0, 0, 0, 0, 5000000, 5000000
2015, RAJASTHAN, 8, BHILWARA, 83, ASIND, 1203, RAGHUNATHPURA, 35659, 1173807, Agriculture, 0, 0, 0, 0, 0, 0, 1000000, 1000000
2015, RAJASTHAN, 8, BHILWARA, 83, ASIND, 1203, RAGHUNATHPURA, 35659, 1173807, Health, 0, 0, 0, 0, 0, 0, 1000000, 1000000
2015, RAJASTHAN, 8, BHILWARA, 83, ASIND, 1203, RAGHUNATHPURA, 35659, 1173807, Roads, 0, 0, 0, 0, 0, 0, 4000000, 4000000
2015, RAJASTHAN, 8, BHILWARA, 83, ASIND, 1203, RAGHUNATHPURA, 35659, 1173807, Total, 0, 0, 0, 0, 0, 0, 6000000, 6000000
2015, RAJASTHAN, 8, BHILWARA, 83, ASIND, 1203, RAMPURA, 35660, 1172273, Roads, 0, 0, 0, 0, 0, 0, 5000000, 5000000
2015, RAJASTHAN, 8, BHILWARA, 83, ASIND, 1203, RAMPURA, 35660, 1172273, Total, 0, 0, 0, 0, 0, 0, 5000000, 5000000
2015, RAJASTHAN, 8, BHILWARA, 83, ASIND, 1203, RATANPURA(BHADSHI), 35661, 1165684, Drinking water, 0, 0, 0, 0, 0, 0, 2000000, 2000000
2015, RAJASTHAN, 8, BHILWARA, 83, ASIND, 1203, RATANPURA(BHADSHI), 35661, 1165684, Public distribution system, 0, 0, 0, 0, 0, 0, 1000000, 1000000
2015, RAJASTHAN, 8, BHILWARA, 83, ASIND, 1203, RATANPURA(BHADSHI), 35661, 1165684, Roads, 0, 0, 0, 0, 0, 0, 2000000, 2000000
2015, RAJASTHAN, 8, BHILWARA, 83, ASIND, 1203, RATANPURA(BHADSHI), 35661, 1165684, Total, 0, 0, 0, 0, 0, 0, 5000000, 5000000
2015, RAJASTHAN, 8, BHILWARA, 83, ASIND, 1203, RATANPURA(LACHUDA), 35662, 1172469, Agriculture, 0, 0, 0, 0, 0, 0, 310000, 310000
2015, RAJASTHAN, 8, BHILWARA, 83, ASIND, 1203, RATANPURA(LACHUDA), 35662, 1172469, Total, 0, 0, 0, 0, 0, 0, 310000, 310000
2015, RAJASTHAN, 8, BHILWARA, 83, ASIND, 1203, ROOPPURA, 244601, 1165735, Agriculture, 0, 0, 0, 0, 0, 0, 2141998, 2141998
2015, RAJASTHAN, 8, BHILWARA, 83, ASIND, 1203, ROOPPURA, 244601, 1165735, Total, 0, 0, 0, 0, 0, 0, 2141998, 2141998
2015, RAJASTHAN, 8, BHILWARA, 83, ASIND, 1203, SANGRAMGARH, 35663, 1172494, Family welfare, 0, 0, 0, 0, 0, 0, 370000, 370000
2015, RAJASTHAN, 8, BHILWARA, 83, ASIND, 1203, SANGRAMGARH, 35663, 1172494, Public distribution system, 0, 0, 0, 0, 0, 0, 690000, 690000
2015, RAJASTHAN, 8, BHILWARA, 83, ASIND, 1203, SANGRAMGARH, 35663, 1172494, Small-scale industries, 0, 0, 0, 0, 0, 0, 50000, 50000
2015, RAJASTHAN, 8, BHILWARA, 83, ASIND, 1203, SANGRAMGARH, 35663, 1172494, Total, 0, 0, 0, 0, 0, 0, 1700000, 1700000
2015, RAJASTHAN, 8, BHILWARA, 83, ASIND, 1203, SANGRAMGARH, 35663, 1172494, Tribal Welfare, 0, 0, 0, 0, 0, 0, 140000, 140000
2015, RAJASTHAN, 8, BHILWARA, 83, ASIND, 1203, SANGRAMGARH, 35663, 1172494, Welfare of the weaker sections, 0, 0, 0, 0, 0, 0, 450000, 450000
2015, RAJASTHAN, 8, BHILWARA, 83, ASIND, 1203, SHAMBHUGARH, 35665, 1161295, Land improvement, 0, 0, 0, 0, 0, 0, 4000000, 4000000
2015, RAJASTHAN, 8, BHILWARA, 83, ASIND, 1203, SHAMBHUGARH, 35665, 1161295, Maintenance of community system, 0, 0, 0, 0, 0, 0, 500000, 500000
2015, RAJASTHAN, 8, BHILWARA, 83, ASIND, 1203, SHAMBHUGARH, 35665, 1161295, Rural electrification, 0, 0, 0, 0, 0, 0, 500000, 500000
2015, RAJASTHAN, 8, BHILWARA, 83, ASIND, 1203, SHAMBHUGARH, 35665, 1161295, Total, 0, 0, 0, 0, 0, 0, 5000000, 5000000
2015, RAJASTHAN, 8, BHILWARA, 83, ASIND, 1203, TILOLI, 35666, 1165737, Agriculture, 0, 0, 0, 0, 0, 0, 3245000, 3245000
2015, RAJASTHAN, 8, BHILWARA, 83, ASIND, 1203, TILOLI, 35666, 1165737, Total, 0, 0, 0, 0, 0, 0, 3245000, 3245000
2015, RAJASTHAN, 8, BHILWARA, 83, BANERA, 1204, BABRANA, 35667, 1130362, Drinking water, 0, 0, 0, 0, 0, 0, 663882, 663882
2015, RAJASTHAN, 8, BHILWARA, 83, BANERA, 1204, BABRANA, 35667, 1130362, Roads, 0, 0, 0, 0, 0, 0, 2000000, 2000000
2015, RAJASTHAN, 8, BHILWARA, 83, BANERA, 1204, BABRANA, 35667, 1130362, Total, 0, 0, 0, 0, 0, 0, 2663882, 2663882
2015, RAJASTHAN, 8, BHILWARA, 83, BANERA, 1204, BALDARKHA, 35669, 1125524, Drinking water, 0, 0, 0, 0, 0, 0, 620000, 620000
2015, RAJASTHAN, 8, BHILWARA, 83, BANERA, 1204, BALDARKHA, 35669, 1125524, Roads, 0, 0, 0, 0, 0, 0, 1928173, 1928173
2015, RAJASTHAN, 8, BHILWARA, 83, BANERA, 1204, BALDARKHA, 35669, 1125524, Sanitation, 0, 0, 0, 0, 0, 0, 100000, 100000
2015, RAJASTHAN, 8, BHILWARA, 83, BANERA, 1204, BALDARKHA, 35669, 1125524, Total, 0, 0, 0, 0, 0, 0, 2648173, 2648173
2015, RAJASTHAN, 8, BHILWARA, 83, BANERA, 1204, BALESARIYA, 35668, 1130396, Drinking water, 0, 0, 0, 0, 0, 0, 483000, 483000
2015, RAJASTHAN, 8, BHILWARA, 83, BANERA, 1204, BALESARIYA, 35668, 1130396, Roads, 0, 0, 0, 0, 0, 0, 1306785, 1306785
2015, RAJASTHAN, 8, BHILWARA, 83, BANERA, 1204, BALESARIYA, 35668, 1130396, Rural housing, 0, 0, 0, 0, 0, 0, 200000, 200000
2015, RAJASTHAN, 8, BHILWARA, 83, BANERA, 1204, BALESARIYA, 35668, 1130396, Sanitation, 0, 0, 0, 0, 0, 0, 378000, 378000
2015, RAJASTHAN, 8, BHILWARA, 83, BANERA, 1204, BALESARIYA, 35668, 1130396, Total, 0, 0, 0, 0, 0, 0, 2367785, 2367785
2015, RAJASTHAN, 8, BHILWARA, 83, BANERA, 1204, BAMNIYA, 35670, 1130490, Drinking water, 0, 0, 0, 0, 0, 0, 762744, 762744
2015, RAJASTHAN, 8, BHILWARA, 83, BANERA, 1204, BAMNIYA, 35670, 1130490, Roads, 0, 0, 0, 0, 0, 0, 300000, 300000
2015, RAJASTHAN, 8, BHILWARA, 83, BANERA, 1204, BAMNIYA, 35670, 1130490, Rural housing, 0, 0, 0, 0, 0, 0, 403813, 403813
2015, RAJASTHAN, 8, BHILWARA, 83, BANERA, 1204, BAMNIYA, 35670, 1130490, Total, 0, 0, 0, 0, 0, 0, 1466557, 1466557
2015, RAJASTHAN, 8, BHILWARA, 83, BANERA, 1204, BANERA, 35671, 1133340, Cultural activities, 0, 0, 0, 0, 0, 0, 423524, 423524
2015, RAJASTHAN, 8, BHILWARA, 83, BANERA, 1204, BANERA, 35671, 1133340, Drinking water, 0, 0, 0, 0, 0, 0, 281000, 281000
2015, RAJASTHAN, 8, BHILWARA, 83, BANERA, 1204, BANERA, 35671, 1133340, Roads, 0, 0, 0, 0, 0, 0, 1170698, 1170698
2015, RAJASTHAN, 8, BHILWARA, 83, BANERA, 1204, BANERA, 35671, 1133340, Rural electrification, 0, 0, 0, 0, 0, 0, 1259897, 1259897
2015, RAJASTHAN, 8, BHILWARA, 83, BANERA, 1204, BANERA, 35671, 1133340, Rural housing, 0, 0, 0, 0, 0, 0, 1073191, 1073191
2015, RAJASTHAN, 8, BHILWARA, 83, BANERA, 1204, BANERA, 35671, 1133340, Sanitation, 0, 0, 0, 0, 0, 0, 1109459, 1109459
2015, RAJASTHAN, 8, BHILWARA, 83, BANERA, 1204, BANERA, 35671, 1133340, Total, 0, 0, 0, 0, 0, 0, 5317769, 5317769
2015, RAJASTHAN, 8, BHILWARA, 83, BANERA, 1204, BARAN, 35672, 1130529, Cultural activities, 0, 0, 0, 0, 0, 0, 91218, 91218
2015, RAJASTHAN, 8, BHILWARA, 83, BANERA, 1204, BARAN, 35672, 1130529, Drinking water, 0, 0, 0, 0, 0, 0, 1501965, 1501965
2015, RAJASTHAN, 8, BHILWARA, 83, BANERA, 1204, BARAN, 35672, 1130529, Roads, 0, 0, 0, 0, 0, 0, 492579, 492579
2015, RAJASTHAN, 8, BHILWARA, 83, BANERA, 1204, BARAN, 35672, 1130529, Rural housing, 0, 0, 0, 0, 0, 0, 85335, 85335
2015, RAJASTHAN, 8, BHILWARA, 83, BANERA, 1204, BARAN, 35672, 1130529, Total, 0, 0, 0, 0, 0, 0, 2171097, 2171097
2015, RAJASTHAN, 8, BHILWARA, 83, BANERA, 1204, BERAN, 35673, 1142902, Drinking water, 0, 0, 0, 0, 0, 0, 1225000, 1225000
2015, RAJASTHAN, 8, BHILWARA, 83, BANERA, 1204, BERAN, 35673, 1142902, Roads, 0, 0, 0, 0, 0, 0, 500000, 500000
2015, RAJASTHAN, 8, BHILWARA, 83, BANERA, 1204, BERAN, 35673, 1142902, Rural housing, 0, 0, 0, 0, 0, 0, 158680, 158680
2015, RAJASTHAN, 8, BHILWARA, 83, BANERA, 1204, BERAN, 35673, 1142902, Sanitation, 0, 0, 0, 0, 0, 0, 329267, 329267
2015, RAJASTHAN, 8, BHILWARA, 83, BANERA, 1204, BERAN, 35673, 1142902, Total, 0, 0, 0, 0, 0, 0, 2212947, 2212947
2015, RAJASTHAN, 8, BHILWARA, 83, BANERA, 1204, CHAMANPURA, 35674, 1143206, Cultural activities, 0, 0, 0, 0, 0, 0, 315240, 315240
2015, RAJASTHAN, 8, BHILWARA, 83, BANERA, 1204, CHAMANPURA, 35674, 1143206, Drinking water, 0, 0, 0, 0, 0, 0, 914630, 914630
2015, RAJASTHAN, 8, BHILWARA, 83, BANERA, 1204, CHAMANPURA, 35674, 1143206, Roads, 0, 0, 0, 0, 0, 0, 299998, 299998
2015, RAJASTHAN, 8, BHILWARA, 83, BANERA, 1204, CHAMANPURA, 35674, 1143206, Rural electrification, 0, 0, 0, 0, 0, 0, 215659, 215659
2015, RAJASTHAN, 8, BHILWARA, 83, BANERA, 1204, CHAMANPURA, 35674, 1143206, Rural housing, 0, 0, 0, 0, 0, 0, 308869, 308869
2015, RAJASTHAN, 8, BHILWARA, 83, BANERA, 1204, CHAMANPURA, 35674, 1143206, Total, 0, 0, 0, 0, 0, 0, 2054396, 2054396
2015, RAJASTHAN, 8, BHILWARA, 83, BANERA, 1204, DABLA, 35675, 1139273, Adult and non-formal education, 0, 0, 0, 0, 0, 0, 60000, 60000
2015, RAJASTHAN, 8, BHILWARA, 83, BANERA, 1204, DABLA, 35675, 1139273, Drinking water, 0, 0, 0, 0, 0, 0, 495000, 495000
2015, RAJASTHAN, 8, BHILWARA, 83, BANERA, 1204, DABLA, 35675, 1139273, Roads, 0, 0, 0, 0, 0, 0, 1100000, 1100000
2015, RAJASTHAN, 8, BHILWARA, 83, BANERA, 1204, DABLA, 35675, 1139273, Rural electrification, 0, 0, 0, 0, 0, 0, 60000, 60000
2015, RAJASTHAN, 8, BHILWARA, 83, BANERA, 1204, DABLA, 35675, 1139273, Rural housing, 0, 0, 0, 0, 0, 0, 250000, 250000
2015, RAJASTHAN, 8, BHILWARA, 83, BANERA, 1204, DABLA, 35675, 1139273, Sanitation, 0, 0, 0, 0, 0, 0, 171895, 171895
2015, RAJASTHAN, 8, BHILWARA, 83, BANERA, 1204, DABLA, 35675, 1139273, Total, 0, 0, 0, 0, 0, 0, 2136895, 2136895
2015, RAJASTHAN, 8, BHILWARA, 83, BANERA, 1204, GHARTA, 35676, 1139638, Drinking water, 0, 0, 0, 0, 0, 0, 1254064, 1254064
2015, RAJASTHAN, 8, BHILWARA, 83, BANERA, 1204, GHARTA, 35676, 1139638, Roads, 0, 0, 0, 0, 0, 0, 954931, 954931
2015, RAJASTHAN, 8, BHILWARA, 83, BANERA, 1204, GHARTA, 35676, 1139638, Sanitation, 0, 0, 0, 0, 0, 0, 623000, 623000
2015, RAJASTHAN, 8, BHILWARA, 83, BANERA, 1204, GHARTA, 35676, 1139638, Total, 0, 0, 0, 0, 0, 0, 2831995, 2831995
2015, RAJASTHAN, 8, BHILWARA, 83, BANERA, 1204, KANKOLIYA, 35677, 1126530, Cultural activities, 0, 0, 0, 0, 0, 0, 10000, 10000
2015, RAJASTHAN, 8, BHILWARA, 83, BANERA, 1204, KANKOLIYA, 35677, 1126530, Drinking water, 0, 0, 0, 0, 0, 0, 1603638, 1603638
2015, RAJASTHAN, 8, BHILWARA, 83, BANERA, 1204, KANKOLIYA, 35677, 1126530, Roads, 0, 0, 0, 0, 0, 0, 160298, 160298
2015, RAJASTHAN, 8, BHILWARA, 83, BANERA, 1204, KANKOLIYA, 35677, 1126530, Rural electrification, 0, 0, 0, 0, 0, 0, 150000, 150000
2015, RAJASTHAN, 8, BHILWARA, 83, BANERA, 1204, KANKOLIYA, 35677, 1126530, Sanitation, 0, 0, 0, 0, 0, 0, 50000, 50000
2015, RAJASTHAN, 8, BHILWARA, 83, BANERA, 1204, KANKOLIYA, 35677, 1126530, Total, 0, 0, 0, 0, 0, 0, 1973936, 1973936
2015, RAJASTHAN, 8, BHILWARA, 83, BANERA, 1204, KASORIYA, 35678, 1142853, Cultural activities, 0, 0, 0, 0, 0, 0, 50425, 50425
2015, RAJASTHAN, 8, BHILWARA, 83, BANERA, 1204, KASORIYA, 35678, 1142853, Drinking water, 0, 0, 0, 0, 0, 0, 1123756, 1123756
2015, RAJASTHAN, 8, BHILWARA, 83, BANERA, 1204, KASORIYA, 35678, 1142853, Roads, 0, 0, 0, 0, 0, 0, 1085687, 1085687
2015, RAJASTHAN, 8, BHILWARA, 83, BANERA, 1204, KASORIYA, 35678, 1142853, Rural electrification, 0, 0, 0, 0, 0, 0, 168604, 168604
2015, RAJASTHAN, 8, BHILWARA, 83, BANERA, 1204, KASORIYA, 35678, 1142853, Sanitation, 0, 0, 0, 0, 0, 0, 90000, 90000
2015, RAJASTHAN, 8, BHILWARA, 83, BANERA, 1204, KASORIYA, 35678, 1142853, Total, 0, 0, 0, 0, 0, 0, 2518472, 2518472
2015, RAJASTHAN, 8, BHILWARA, 83, BANERA, 1204, KHEDLIYA, 35679, 1130469, Drinking water, 0, 0, 0, 0, 0, 0, 1275000, 1275000
2015, RAJASTHAN, 8, BHILWARA, 83, BANERA, 1204, KHEDLIYA, 35679, 1130469, Health, 0, 0, 0, 0, 0, 0, 500000, 500000
2015, RAJASTHAN, 8, BHILWARA, 83, BANERA, 1204, KHEDLIYA, 35679, 1130469, Sanitation, 0, 0, 0, 0, 0, 0, 124342, 124342
2015, RAJASTHAN, 8, BHILWARA, 83, BANERA, 1204, KHEDLIYA, 35679, 1130469, Total, 0, 0, 0, 0, 0, 0, 1899342, 1899342
2015, RAJASTHAN, 8, BHILWARA, 83, BANERA, 1204, KUNDIYA KALAN, 35680, 1125201, Drinking water, 0, 0, 0, 0, 0, 0, 2705179, 2705179
2015, RAJASTHAN, 8, BHILWARA, 83, BANERA, 1204, KUNDIYA KALAN, 35680, 1125201, Education, 0, 0, 0, 0, 0, 0, 235409, 235409
2015, RAJASTHAN, 8, BHILWARA, 83, BANERA, 1204, KUNDIYA KALAN, 35680, 1125201, Rural housing, 0, 0, 0, 0, 0, 0, 606680, 606680
2015, RAJASTHAN, 8, BHILWARA, 83, BANERA, 1204, KUNDIYA KALAN, 35680, 1125201, Total, 0, 0, 0, 0, 0, 0, 3547268, 3547268
2015, RAJASTHAN, 8, BHILWARA, 83, BANERA, 1204, LAMBIYA KALAN, 35681, 1142863, Drinking water, 0, 0, 0, 0, 0, 0, 990000, 990000
2015, RAJASTHAN, 8, BHILWARA, 83, BANERA, 1204, LAMBIYA KALAN, 35681, 1142863, Roads, 0, 0, 0, 0, 0, 0, 1155144, 1155144
2015, RAJASTHAN, 8, BHILWARA, 83, BANERA, 1204, LAMBIYA KALAN, 35681, 1142863, Rural housing, 0, 0, 0, 0, 0, 0, 400000, 400000
2015, RAJASTHAN, 8, BHILWARA, 83, BANERA, 1204, LAMBIYA KALAN, 35681, 1142863, Sanitation, 0, 0, 0, 0, 0, 0, 155336, 155336
2015, RAJASTHAN, 8, BHILWARA, 83, BANERA, 1204, LAMBIYA KALAN, 35681, 1142863, Total, 0, 0, 0, 0, 0, 0, 2700480, 2700480
2015, RAJASTHAN, 8, BHILWARA, 83, BANERA, 1204, LAMBIYA KHURD, 35682, 1125161, Drinking water, 0, 0, 0, 0, 0, 0, 200000, 200000
2015, RAJASTHAN, 8, BHILWARA, 83, BANERA, 1204, LAMBIYA KHURD, 35682, 1125161, Land improvement, 0, 0, 0, 0, 0, 0, 99540, 99540
2015, RAJASTHAN, 8, BHILWARA, 83, BANERA, 1204, LAMBIYA KHURD, 35682, 1125161, Maintenance of community system, 0, 0, 0, 0, 0, 0, 43970, 43970
2015, RAJASTHAN, 8, BHILWARA, 83, BANERA, 1204, LAMBIYA KHURD, 35682, 1125161, Roads, 0, 0, 0, 0, 0, 0, 633865, 633865
2015, RAJASTHAN, 8, BHILWARA, 83, BANERA, 1204, LAMBIYA KHURD, 35682, 1125161, Rural housing, 0, 0, 0, 0, 0, 0, 1292562, 1292562
2015, RAJASTHAN, 8, BHILWARA, 83, BANERA, 1204, LAMBIYA KHURD, 35682, 1125161, Total, 0, 0, 0, 0, 0, 0, 2269937, 2269937
2015, RAJASTHAN, 8, BHILWARA, 83, BANERA, 1204, MAHUA KHURD, 35683, 1136691, Cultural activities, 0, 0, 0, 0, 0, 0, 3357, 3357
2015, RAJASTHAN, 8, BHILWARA, 83, BANERA, 1204, MAHUA KHURD, 35683, 1136691, Drinking water, 0, 0, 0, 0, 0, 0, 1530894, 1530894
2015, RAJASTHAN, 8, BHILWARA, 83, BANERA, 1204, MAHUA KHURD, 35683, 1136691, Rural electrification, 0, 0, 0, 0, 0, 0, 340639, 340639
2015, RAJASTHAN, 8, BHILWARA, 83, BANERA, 1204, MAHUA KHURD, 35683, 1136691, Total, 0, 0, 0, 0, 0, 0, 1874890, 1874890
2015, RAJASTHAN, 8, BHILWARA, 83, BANERA, 1204, MEGHRAS, 35684, 1139256, Cultural activities, 0, 0, 0, 0, 0, 0, 50000, 50000
2015, RAJASTHAN, 8, BHILWARA, 83, BANERA, 1204, MEGHRAS, 35684, 1139256, Drinking water, 0, 0, 0, 0, 0, 0, 794392, 794392
2015, RAJASTHAN, 8, BHILWARA, 83, BANERA, 1204, MEGHRAS, 35684, 1139256, Roads, 0, 0, 0, 0, 0, 0, 825779, 825779
2015, RAJASTHAN, 8, BHILWARA, 83, BANERA, 1204, MEGHRAS, 35684, 1139256, Rural housing, 0, 0, 0, 0, 0, 0, 200000, 200000
2015, RAJASTHAN, 8, BHILWARA, 83, BANERA, 1204, MEGHRAS, 35684, 1139256, Total, 0, 0, 0, 0, 0, 0, 1870171, 1870171
2015, RAJASTHAN, 8, BHILWARA, 83, BANERA, 1204, MUSHI, 35685, 1133284, Administrative & Technical Support, 0, 0, 0, 0, 0, 0, 100000, 100000
2015, RAJASTHAN, 8, BHILWARA, 83, BANERA, 1204, MUSHI, 35685, 1133284, Cultural activities, 0, 0, 0, 0, 0, 0, 50000, 50000
2015, RAJASTHAN, 8, BHILWARA, 83, BANERA, 1204, MUSHI, 35685, 1133284, Drinking water, 0, 0, 0, 0, 0, 0, 606000, 606000
2015, RAJASTHAN, 8, BHILWARA, 83, BANERA, 1204, MUSHI, 35685, 1133284, Health, 0, 0, 0, 0, 0, 0, 60000, 60000
2015, RAJASTHAN, 8, BHILWARA, 83, BANERA, 1204, MUSHI, 35685, 1133284, Roads, 0, 0, 0, 0, 0, 0, 938296, 938296
2015, RAJASTHAN, 8, BHILWARA, 83, BANERA, 1204, MUSHI, 35685, 1133284, Sanitation, 0, 0, 0, 0, 0, 0, 46194, 46194
2015, RAJASTHAN, 8, BHILWARA, 83, BANERA, 1204, MUSHI, 35685, 1133284, Total, 0, 0, 0, 0, 0, 0, 1800490, 1800490
2015, RAJASTHAN, 8, BHILWARA, 83, BANERA, 1204, NIMBAHEDA KALAN, 35686, 1118676, Cultural activities, 0, 0, 0, 0, 0, 0, 199714, 199714
2015, RAJASTHAN, 8, BHILWARA, 83, BANERA, 1204, NIMBAHEDA KALAN, 35686, 1118676, Drinking water, 0, 0, 0, 0, 0, 0, 1473886, 1473886
2015, RAJASTHAN, 8, BHILWARA, 83, BANERA, 1204, NIMBAHEDA KALAN, 35686, 1118676, Health, 0, 0, 0, 0, 0, 0, 53308, 53308
2015, RAJASTHAN, 8, BHILWARA, 83, BANERA, 1204, NIMBAHEDA KALAN, 35686, 1118676, Roads, 0, 0, 0, 0, 0, 0, 106855, 106855
2015, RAJASTHAN, 8, BHILWARA, 83, BANERA, 1204, NIMBAHEDA KALAN, 35686, 1118676, Rural electrification, 0, 0, 0, 0, 0, 0, 147553, 147553
2015, RAJASTHAN, 8, BHILWARA, 83, BANERA, 1204, NIMBAHEDA KALAN, 35686, 1118676, Social welfare, 0, 0, 0, 0, 0, 0, 16800, 16800
2015, RAJASTHAN, 8, BHILWARA, 83, BANERA, 1204, NIMBAHEDA KALAN, 35686, 1118676, Total, 0, 0, 0, 0, 0, 0, 1998116, 1998116
2015, RAJASTHAN, 8, BHILWARA, 83, BANERA, 1204, RAILA, 35687, 1143708, Drinking water, 0, 0, 0, 0, 0, 0, 1090000, 1090000
2015, RAJASTHAN, 8, BHILWARA, 83, BANERA, 1204, RAILA, 35687, 1143708, Roads, 0, 0, 0, 0, 0, 0, 2062000, 2062000
2015, RAJASTHAN, 8, BHILWARA, 83, BANERA, 1204, RAILA, 35687, 1143708, Rural housing, 0, 0, 0, 0, 0, 0, 168000, 168000
2015, RAJASTHAN, 8, BHILWARA, 83, BANERA, 1204, RAILA, 35687, 1143708, Total, 0, 0, 0, 0, 0, 0, 3320000, 3320000
2015, RAJASTHAN, 8, BHILWARA, 83, BANERA, 1204, RAKSHI, 35688, 1126856, Drinking water, 0, 0, 0, 0, 0, 0, 1216712, 1216712
2015, RAJASTHAN, 8, BHILWARA, 83, BANERA, 1204, RAKSHI, 35688, 1126856, Roads, 0, 0, 0, 0, 0, 0, 135000, 135000
2015, RAJASTHAN, 8, BHILWARA, 83, BANERA, 1204, RAKSHI, 35688, 1126856, Sanitation, 0, 0, 0, 0, 0, 0, 47006, 47006
2015, RAJASTHAN, 8, BHILWARA, 83, BANERA, 1204, RAKSHI, 35688, 1126856, Social welfare, 0, 0, 0, 0, 0, 0, 40000, 40000
2015, RAJASTHAN, 8, BHILWARA, 83, BANERA, 1204, RAKSHI, 35688, 1126856, Total, 0, 0, 0, 0, 0, 0, 1438718, 1438718
2015, RAJASTHAN, 8, BHILWARA, 83, BANERA, 1204, RUPAHELI KHURD, 35689, 1139265, Drinking water, 0, 0, 0, 0, 0, 0, 760000, 760000
2015, RAJASTHAN, 8, BHILWARA, 83, BANERA, 1204, RUPAHELI KHURD, 35689, 1139265, Roads, 0, 0, 0, 0, 0, 0, 850000, 850000
2015, RAJASTHAN, 8, BHILWARA, 83, BANERA, 1204, RUPAHELI KHURD, 35689, 1139265, Rural electrification, 0, 0, 0, 0, 0, 0, 400000, 400000
2015, RAJASTHAN, 8, BHILWARA, 83, BANERA, 1204, RUPAHELI KHURD, 35689, 1139265, Rural housing, 0, 0, 0, 0, 0, 0, 1080572, 1080572
2015, RAJASTHAN, 8, BHILWARA, 83, BANERA, 1204, RUPAHELI KHURD, 35689, 1139265, Total, 0, 0, 0, 0, 0, 0, 3090572, 3090572
2015, RAJASTHAN, 8, BHILWARA, 83, BANERA, 1204, SALRIYA KALAN, 35690, 1125719, Drinking water, 0, 0, 0, 0, 0, 0, 1317899, 1317899
2015, RAJASTHAN, 8, BHILWARA, 83, BANERA, 1204, SALRIYA KALAN, 35690, 1125719, Health, 0, 0, 0, 0, 0, 0, 61051, 61051
2015, RAJASTHAN, 8, BHILWARA, 83, BANERA, 1204, SALRIYA KALAN, 35690, 1125719, Maintenance of community system, 0, 0, 0, 0, 0, 0, 340953, 340953
2015, RAJASTHAN, 8, BHILWARA, 83, BANERA, 1204, SALRIYA KALAN, 35690, 1125719, Roads, 0, 0, 0, 0, 0, 0, 736557, 736557
2015, RAJASTHAN, 8, BHILWARA, 83, BANERA, 1204, SALRIYA KALAN, 35690, 1125719, Rural electrification, 0, 0, 0, 0, 0, 0, 51200, 51200
2015, RAJASTHAN, 8, BHILWARA, 83, BANERA, 1204, SALRIYA KALAN, 35690, 1125719, Sanitation, 0, 0, 0, 0, 0, 0, 115879, 115879
2015, RAJASTHAN, 8, BHILWARA, 83, BANERA, 1204, SALRIYA KALAN, 35690, 1125719, Social forestry and farm forestry, 0, 0, 0, 0, 0, 0, 20000, 20000
2015, RAJASTHAN, 8, BHILWARA, 83, BANERA, 1204, SALRIYA KALAN, 35690, 1125719, Total, 0, 0, 0, 0, 0, 0, 2643539, 2643539
2015, RAJASTHAN, 8, BHILWARA, 83, BANERA, 1204, SARDARNAGAR, 35691, 1143704, Cultural activities, 0, 0, 0, 0, 0, 0, 100000, 100000
2015, RAJASTHAN, 8, BHILWARA, 83, BANERA, 1204, SARDARNAGAR, 35691, 1143704, Drinking water, 0, 0, 0, 0, 0, 0, 430000, 430000
2015, RAJASTHAN, 8, BHILWARA, 83, BANERA, 1204, SARDARNAGAR, 35691, 1143704, Roads, 0, 0, 0, 0, 0, 0, 1755298, 1755298
2015, RAJASTHAN, 8, BHILWARA, 83, BANERA, 1204, SARDARNAGAR, 35691, 1143704, Rural electrification, 0, 0, 0, 0, 0, 0, 230000, 230000
2015, RAJASTHAN, 8, BHILWARA, 83, BANERA, 1204, SARDARNAGAR, 35691, 1143704, Sanitation, 0, 0, 0, 0, 0, 0, 180000, 180000
2015, RAJASTHAN, 8, BHILWARA, 83, BANERA, 1204, SARDARNAGAR, 35691, 1143704, Total, 0, 0, 0, 0, 0, 0, 2695298, 2695298
2015, RAJASTHAN, 8, BHILWARA, 83, BANERA, 1204, UPREDA, 35692, 1139247, Cultural activities, 0, 0, 0, 0, 0, 0, 50000, 50000
2015, RAJASTHAN, 8, BHILWARA, 83, BANERA, 1204, UPREDA, 35692, 1139247, Drinking water, 0, 0, 0, 0, 0, 0, 600000, 600000
2015, RAJASTHAN, 8, BHILWARA, 83, BANERA, 1204, UPREDA, 35692, 1139247, Education, 0, 0, 0, 0, 0, 0, 250000, 250000
2015, RAJASTHAN, 8, BHILWARA, 83, BANERA, 1204, UPREDA, 35692, 1139247, Roads, 0, 0, 0, 0, 0, 0, 1500000, 1500000
2015, RAJASTHAN, 8, BHILWARA, 83, BANERA, 1204, UPREDA, 35692, 1139247, Total, 0, 0, 0, 0, 0, 0, 2400000, 2400000
2015, RAJASTHAN, 8, BHILWARA, 83, BIJOLIYA, 262081, AAROLI, 35825, 1161541, Drinking water, 0, 0, 0, 0, 0, 0, 2100000, 2100000
2015, RAJASTHAN, 8, BHILWARA, 83, BIJOLIYA, 262081, AAROLI, 35825, 1161541, Maintenance of community system, 0, 0, 0, 0, 0, 0, 675000, 675000
2015, RAJASTHAN, 8, BHILWARA, 83, BIJOLIYA, 262081, AAROLI, 35825, 1161541, Roads, 0, 0, 0, 0, 0, 0, 1000000, 1000000
2015, RAJASTHAN, 8, BHILWARA, 83, BIJOLIYA, 262081, AAROLI, 35825, 1161541, Rural electrification, 0, 0, 0, 0, 0, 0, 300000, 300000
2015, RAJASTHAN, 8, BHILWARA, 83, BIJOLIYA, 262081, AAROLI, 35825, 1161541, Total, 0, 0, 0, 0, 0, 0, 4075000, 4075000
2015, RAJASTHAN, 8, BHILWARA, 83, BIJOLIYA, 262081, BHOPATPURA, 35827, 1161543, Drinking water, 0, 0, 0, 0, 0, 0, 800000, 800000
2015, RAJASTHAN, 8, BHILWARA, 83, BIJOLIYA, 262081, BHOPATPURA, 35827, 1161543, Maintenance of community system, 0, 0, 0, 0, 0, 0, 254000, 254000
2015, RAJASTHAN, 8, BHILWARA, 83, BIJOLIYA, 262081, BHOPATPURA, 35827, 1161543, Roads, 0, 0, 0, 0, 0, 0, 1122000, 1122000
2015, RAJASTHAN, 8, BHILWARA, 83, BIJOLIYA, 262081, BHOPATPURA, 35827, 1161543, Rural electrification, 0, 0, 0, 0, 0, 0, 338000, 338000
2015, RAJASTHAN, 8, BHILWARA, 83, BIJOLIYA, 262081, BHOPATPURA, 35827, 1161543, Total, 0, 0, 0, 0, 0, 0, 2514000, 2514000
2015, RAJASTHAN, 8, BHILWARA, 83, BIJOLIYA, 262081, BIJOLIYA KALAN, 244609, 1164450, Drinking water, 0, 0, 0, 0, 0, 0, 1754000, 1754000
2015, RAJASTHAN, 8, BHILWARA, 83, BIJOLIYA, 262081, BIJOLIYA KALAN, 244609, 1164450, Maintenance of community system, 0, 0, 0, 0, 0, 0, 1350000, 1350000
2015, RAJASTHAN, 8, BHILWARA, 83, BIJOLIYA, 262081, BIJOLIYA KALAN, 244609, 1164450, Roads, 0, 0, 0, 0, 0, 0, 650000, 650000
2015, RAJASTHAN, 8, BHILWARA, 83, BIJOLIYA, 262081, BIJOLIYA KALAN, 244609, 1164450, Rural electrification, 0, 0, 0, 0, 0, 0, 772000, 772000
2015, RAJASTHAN, 8, BHILWARA, 83, BIJOLIYA, 262081, BIJOLIYA KALAN, 244609, 1164450, Total, 0, 0, 0, 0, 0, 0, 4526000, 4526000
2015, RAJASTHAN, 8, BHILWARA, 83, BIJOLIYA, 262081, BIJOLIYAN KHURD, 35829, 1159860, Drinking water, 0, 0, 0, 0, 0, 0, 602000, 602000
2015, RAJASTHAN, 8, BHILWARA, 83, BIJOLIYA, 262081, BIJOLIYAN KHURD, 35829, 1159860, Maintenance of community system, 0, 0, 0, 0, 0, 0, 60000, 60000
2015, RAJASTHAN, 8, BHILWARA, 83, BIJOLIYA, 262081, BIJOLIYAN KHURD, 35829, 1159860, Rural electrification, 0, 0, 0, 0, 0, 0, 500000, 500000
2015, RAJASTHAN, 8, BHILWARA, 83, BIJOLIYA, 262081, BIJOLIYAN KHURD, 35829, 1159860, Total, 0, 0, 0, 0, 0, 0, 1162000, 1162000
2015, RAJASTHAN, 8, BHILWARA, 83, BIJOLIYA, 262081, CHAND JI KI KHEDI, 35831, 1158982, Drinking water, 0, 0, 0, 0, 0, 0, 712000, 712000
2015, RAJASTHAN, 8, BHILWARA, 83, BIJOLIYA, 262081, CHAND JI KI KHEDI, 35831, 1158982, Maintenance of community system, 0, 0, 0, 0, 0, 0, 700000, 700000
2015, RAJASTHAN, 8, BHILWARA, 83, BIJOLIYA, 262081, CHAND JI KI KHEDI, 35831, 1158982, Roads, 0, 0, 0, 0, 0, 0, 275000, 275000
2015, RAJASTHAN, 8, BHILWARA, 83, BIJOLIYA, 262081, CHAND JI KI KHEDI, 35831, 1158982, Rural electrification, 0, 0, 0, 0, 0, 0, 17000, 17000
2015, RAJASTHAN, 8, BHILWARA, 83, BIJOLIYA, 262081, CHAND JI KI KHEDI, 35831, 1158982, Total, 0, 0, 0, 0, 0, 0, 1704000, 1704000
2015, RAJASTHAN, 8, BHILWARA, 83, BIJOLIYA, 262081, GOPALPURA, 35835, 1159381, Drinking water, 0, 0, 0, 0, 0, 0, 773000, 773000
2015, RAJASTHAN, 8, BHILWARA, 83, BIJOLIYA, 262081, GOPALPURA, 35835, 1159381, Maintenance of community system, 0, 0, 0, 0, 0, 0, 500000, 500000
2015, RAJASTHAN, 8, BHILWARA, 83, BIJOLIYA, 262081, GOPALPURA, 35835, 1159381, Roads, 0, 0, 0, 0, 0, 0, 50000, 50000
2015, RAJASTHAN, 8, BHILWARA, 83, BIJOLIYA, 262081, GOPALPURA, 35835, 1159381, Rural electrification, 0, 0, 0, 0, 0, 0, 225000, 225000
2015, RAJASTHAN, 8, BHILWARA, 83, BIJOLIYA, 262081, GOPALPURA, 35835, 1159381, Total, 0, 0, 0, 0, 0, 0, 1548000, 1548000
2015, RAJASTHAN, 8, BHILWARA, 83, BIJOLIYA, 262081, GURHA, 244610, 1161436, Drinking water, 0, 0, 0, 0, 0, 0, 100000, 100000
2015, RAJASTHAN, 8, BHILWARA, 83, BIJOLIYA, 262081, GURHA, 244610, 1161436, Maintenance of community system, 0, 0, 0, 0, 0, 0, 604000, 604000
2015, RAJASTHAN, 8, BHILWARA, 83, BIJOLIYA, 262081, GURHA, 244610, 1161436, Roads, 0, 0, 0, 0, 0, 0, 600000, 600000
2015, RAJASTHAN, 8, BHILWARA, 83, BIJOLIYA, 262081, GURHA, 244610, 1161436, Rural electrification, 0, 0, 0, 0, 0, 0, 600000, 600000
2015, RAJASTHAN, 8, BHILWARA, 83, BIJOLIYA, 262081, GURHA, 244610, 1161436, Total, 0, 0, 0, 0, 0, 0, 1904000, 1904000
2015, RAJASTHAN, 8, BHILWARA, 83, BIJOLIYA, 262081, JALENDRI, 35836, 1161440, Agriculture, 0, 0, 0, 0, 0, 0, 50000, 50000
2015, RAJASTHAN, 8, BHILWARA, 83, BIJOLIYA, 262081, JALENDRI, 35836, 1161440, Drinking water, 0, 0, 0, 0, 0, 0, 1212000, 1212000
2015, RAJASTHAN, 8, BHILWARA, 83, BIJOLIYA, 262081, JALENDRI, 35836, 1161440, Maintenance of community system, 0, 0, 0, 0, 0, 0, 50000, 50000
2015, RAJASTHAN, 8, BHILWARA, 83, BIJOLIYA, 262081, JALENDRI, 35836, 1161440, Roads, 0, 0, 0, 0, 0, 0, 400000, 400000
2015, RAJASTHAN, 8, BHILWARA, 83, BIJOLIYA, 262081, JALENDRI, 35836, 1161440, Total, 0, 0, 0, 0, 0, 0, 1712000, 1712000
2015, RAJASTHAN, 8, BHILWARA, 83, BIJOLIYA, 262081, KANSYA, 35843, 1160134, Drinking water, 0, 0, 0, 0, 0, 0, 228028, 228028
2015, RAJASTHAN, 8, BHILWARA, 83, BIJOLIYA, 262081, KANSYA, 35843, 1160134, Maintenance of community system, 0, 0, 0, 0, 0, 0, 700000, 700000
2015, RAJASTHAN, 8, BHILWARA, 83, BIJOLIYA, 262081, KANSYA, 35843, 1160134, Roads, 0, 0, 0, 0, 0, 0, 1468081, 1468081
2015, RAJASTHAN, 8, BHILWARA, 83, BIJOLIYA, 262081, KANSYA, 35843, 1160134, Rural electrification, 0, 0, 0, 0, 0, 0, 200000, 200000
2015, RAJASTHAN, 8, BHILWARA, 83, BIJOLIYA, 262081, KANSYA, 35843, 1160134, Total, 0, 0, 0, 0, 0, 0, 2596109, 2596109
2015, RAJASTHAN, 8, BHILWARA, 83, BIJOLIYA, 262081, MAKREDI, 35848, 1161442, Drinking water, 0, 0, 0, 0, 0, 0, 1240000, 1240000
2015, RAJASTHAN, 8, BHILWARA, 83, BIJOLIYA, 262081, MAKREDI, 35848, 1161442, Maintenance of community system, 0, 0, 0, 0, 0, 0, 626000, 626000
2015, RAJASTHAN, 8, BHILWARA, 83, BIJOLIYA, 262081, MAKREDI, 35848, 1161442, Roads, 0, 0, 0, 0, 0, 0, 250000, 250000
2015, RAJASTHAN, 8, BHILWARA, 83, BIJOLIYA, 262081, MAKREDI, 35848, 1161442, Rural electrification, 0, 0, 0, 0, 0, 0, 300000, 300000
2015, RAJASTHAN, 8, BHILWARA, 83, BIJOLIYA, 262081, MAKREDI, 35848, 1161442, Total, 0, 0, 0, 0, 0, 0, 2416000, 2416000
2015, RAJASTHAN, 8, BHILWARA, 83, BIJOLIYA, 262081, NAYANAGAR, 35855, 1160201, Drinking water, 0, 0, 0, 0, 0, 0, 650000, 650000
2015, RAJASTHAN, 8, BHILWARA, 83, BIJOLIYA, 262081, NAYANAGAR, 35855, 1160201, Maintenance of community system, 0, 0, 0, 0, 0, 0, 774000, 774000
2015, RAJASTHAN, 8, BHILWARA, 83, BIJOLIYA, 262081, NAYANAGAR, 35855, 1160201, Rural electrification, 0, 0, 0, 0, 0, 0, 100000, 100000
2015, RAJASTHAN, 8, BHILWARA, 83, BIJOLIYA, 262081, NAYANAGAR, 35855, 1160201, Total, 0, 0, 0, 0, 0, 0, 1524000, 1524000
2015, RAJASTHAN, 8, BHILWARA, 83, BIJOLIYA, 262081, SADARAM JI KA KHERA, 35858, 1158605, Drinking water, 0, 0, 0, 0, 0, 0, 618911, 618911
2015, RAJASTHAN, 8, BHILWARA, 83, BIJOLIYA, 262081, SADARAM JI KA KHERA, 35858, 1158605, Maintenance of community system, 0, 0, 0, 0, 0, 0, 374315, 374315
2015, RAJASTHAN, 8, BHILWARA, 83, BIJOLIYA, 262081, SADARAM JI KA KHERA, 35858, 1158605, Rural electrification, 0, 0, 0, 0, 0, 0, 80000, 80000
2015, RAJASTHAN, 8, BHILWARA, 83, BIJOLIYA, 262081, SADARAM JI KA KHERA, 35858, 1158605, Total, 0, 0, 0, 0, 0, 0, 1073226, 1073226
2015, RAJASTHAN, 8, BHILWARA, 83, BIJOLIYA, 262081, SALAWATIYA, 35859, 1160920, Drinking water, 0, 0, 0, 0, 0, 0, 98000, 98000
2015, RAJASTHAN, 8, BHILWARA, 83, BIJOLIYA, 262081, SALAWATIYA, 35859, 1160920, Maintenance of community system, 0, 0, 0, 0, 0, 0, 578000, 578000
2015, RAJASTHAN, 8, BHILWARA, 83, BIJOLIYA, 262081, SALAWATIYA, 35859, 1160920, Roads, 0, 0, 0, 0, 0, 0, 273000, 273000
2015, RAJASTHAN, 8, BHILWARA, 83, BIJOLIYA, 262081, SALAWATIYA, 35859, 1160920, Rural electrification, 0, 0, 0, 0, 0, 0, 328000, 328000
2015, RAJASTHAN, 8, BHILWARA, 83, BIJOLIYA, 262081, SALAWATIYA, 35859, 1160920, Total, 0, 0, 0, 0, 0, 0, 1277000, 1277000
2015, RAJASTHAN, 8, BHILWARA, 83, BIJOLIYA, 262081, SUKHPURA, 35866, 1161444, Drinking water, 0, 0, 0, 0, 0, 0, 46000, 46000
2015, RAJASTHAN, 8, BHILWARA, 83, BIJOLIYA, 262081, SUKHPURA, 35866, 1161444, Maintenance of community system, 0, 0, 0, 0, 0, 0, 578000, 578000
2015, RAJASTHAN, 8, BHILWARA, 83, BIJOLIYA, 262081, SUKHPURA, 35866, 1161444, Rural electrification, 0, 0, 0, 0, 0, 0, 516000, 516000
2015, RAJASTHAN, 8, BHILWARA, 83, BIJOLIYA, 262081, SUKHPURA, 35866, 1161444, Total, 0, 0, 0, 0, 0, 0, 1140000, 1140000
2015, RAJASTHAN, 8, BHILWARA, 83, BIJOLIYA, 262081, THARODA, 35869, 1159229, Drinking water, 0, 0, 0, 0, 0, 0, 186000, 186000
2015, RAJASTHAN, 8, BHILWARA, 83, BIJOLIYA, 262081, THARODA, 35869, 1159229, Maintenance of community system, 0, 0, 0, 0, 0, 0, 1067000, 1067000
2015, RAJASTHAN, 8, BHILWARA, 83, BIJOLIYA, 262081, THARODA, 35869, 1159229, Roads, 0, 0, 0, 0, 0, 0, 244000, 244000
2015, RAJASTHAN, 8, BHILWARA, 83, BIJOLIYA, 262081, THARODA, 35869, 1159229, Rural electrification, 0, 0, 0, 0, 0, 0, 35000, 35000
2015, RAJASTHAN, 8, BHILWARA, 83, BIJOLIYA, 262081, THARODA, 35869, 1159229, Total, 0, 0, 0, 0, 0, 0, 1532000, 1532000
2015, RAJASTHAN, 8, BHILWARA, 83, BIJOLIYA, 262081, TILASWAN, 35870, 1161445, Drinking water, 0, 0, 0, 0, 0, 0, 450000, 450000
2015, RAJASTHAN, 8, BHILWARA, 83, BIJOLIYA, 262081, TILASWAN, 35870, 1161445, Maintenance of community system, 0, 0, 0, 0, 0, 0, 624000, 624000
2015, RAJASTHAN, 8, BHILWARA, 83, BIJOLIYA, 262081, TILASWAN, 35870, 1161445, Roads, 0, 0, 0, 0, 0, 0, 500000, 500000
2015, RAJASTHAN, 8, BHILWARA, 83, BIJOLIYA, 262081, TILASWAN, 35870, 1161445, Rural electrification, 0, 0, 0, 0, 0, 0, 214000, 214000
2015, RAJASTHAN, 8, BHILWARA, 83, BIJOLIYA, 262081, TILASWAN, 35870, 1161445, Total, 0, 0, 0, 0, 0, 0, 1788000, 1788000
2015, RAJASTHAN, 8, BHILWARA, 83, BIJOLIYA, 262081, UMA JI KA KHERA, 35871, 1159863, Agriculture, 0, 0, 0, 0, 0, 0, 330000, 330000
2015, RAJASTHAN, 8, BHILWARA, 83, BIJOLIYA, 262081, UMA JI KA KHERA, 35871, 1159863, Drinking water, 0, 0, 0, 0, 0, 0, 790000, 790000
2015, RAJASTHAN, 8, BHILWARA, 83, BIJOLIYA, 262081, UMA JI KA KHERA, 35871, 1159863, Maintenance of community system, 0, 0, 0, 0, 0, 0, 485000, 485000
2015, RAJASTHAN, 8, BHILWARA, 83, BIJOLIYA, 262081, UMA JI KA KHERA, 35871, 1159863, Total, 0, 0, 0, 0, 0, 0, 1605000, 1605000
2015, RAJASTHAN, 8, BHILWARA, 83, BIJOLIYA, 262081, VIKRAMPURA, 35872, 1160802, Drinking water, 0, 0, 0, 0, 0, 0, 200000, 200000
2015, RAJASTHAN, 8, BHILWARA, 83, BIJOLIYA, 262081, VIKRAMPURA, 35872, 1160802, Education, 0, 0, 0, 0, 0, 0, 75000, 75000
2015, RAJASTHAN, 8, BHILWARA, 83, BIJOLIYA, 262081, VIKRAMPURA, 35872, 1160802, Maintenance of community system, 0, 0, 0, 0, 0, 0, 719000, 719000
2015, RAJASTHAN, 8, BHILWARA, 83, BIJOLIYA, 262081, VIKRAMPURA, 35872, 1160802, Roads, 0, 0, 0, 0, 0, 0, 368000, 368000
2015, RAJASTHAN, 8, BHILWARA, 83, BIJOLIYA, 262081, VIKRAMPURA, 35872, 1160802, Rural electrification, 0, 0, 0, 0, 0, 0, 350000, 350000
2015, RAJASTHAN, 8, BHILWARA, 83, BIJOLIYA, 262081, VIKRAMPURA, 35872, 1160802, Total, 0, 0, 0, 0, 0, 0, 1712000, 1712000
2015, RAJASTHAN, 8, BHILWARA, 83, HURDA, 1205, AGUNCHA, 35693, 1148222, Administrative & Technical Support, 0, 0, 0, 0, 0, 0, 60000, 60000
2015, RAJASTHAN, 8, BHILWARA, 83, HURDA, 1205, AGUNCHA, 35693, 1148222, Roads, 0, 0, 0, 0, 0, 0, 850000, 850000
2015, RAJASTHAN, 8, BHILWARA, 83, HURDA, 1205, AGUNCHA, 35693, 1148222, Rural electrification, 0, 0, 0, 0, 0, 0, 775000, 775000
2015, RAJASTHAN, 8, BHILWARA, 83, HURDA, 1205, AGUNCHA, 35693, 1148222, Total, 0, 0, 0, 0, 0, 0, 1685000, 1685000
2015, RAJASTHAN, 8, BHILWARA, 83, HURDA, 1205, BARANTIYA, 35694, 1128604, Administrative & Technical Support, 0, 0, 0, 0, 0, 0, 85000, 85000
2015, RAJASTHAN, 8, BHILWARA, 83, HURDA, 1205, BARANTIYA, 35694, 1128604, Drinking water, 0, 0, 0, 0, 0, 0, 78000, 78000
2015, RAJASTHAN, 8, BHILWARA, 83, HURDA, 1205, BARANTIYA, 35694, 1128604, Roads, 0, 0, 0, 0, 0, 0, 1450000, 1450000
2015, RAJASTHAN, 8, BHILWARA, 83, HURDA, 1205, BARANTIYA, 35694, 1128604, Rural electrification, 0, 0, 0, 0, 0, 0, 100000, 100000
2015, RAJASTHAN, 8, BHILWARA, 83, HURDA, 1205, BARANTIYA, 35694, 1128604, Social welfare, 0, 0, 0, 0, 0, 0, 75000, 75000
2015, RAJASTHAN, 8, BHILWARA, 83, HURDA, 1205, BARANTIYA, 35694, 1128604, Total, 0, 0, 0, 0, 0, 0, 1888000, 1888000
2015, RAJASTHAN, 8, BHILWARA, 83, HURDA, 1205, BARANTIYA, 35694, 1128604, Water Conservation, 0, 0, 0, 0, 0, 0, 100000, 100000
2015, RAJASTHAN, 8, BHILWARA, 83, HURDA, 1205, BARLA, 35695, 1129938, Administrative & Technical Support, 0, 0, 0, 0, 0, 0, 285000, 285000
2015, RAJASTHAN, 8, BHILWARA, 83, HURDA, 1205, BARLA, 35695, 1129938, Roads, 0, 0, 0, 0, 0, 0, 2142700, 2142700
2015, RAJASTHAN, 8, BHILWARA, 83, HURDA, 1205, BARLA, 35695, 1129938, Total, 0, 0, 0, 0, 0, 0, 2427700, 2427700
2015, RAJASTHAN, 8, BHILWARA, 83, HURDA, 1205, BHOJRAS, 35696, 1129904, Administrative & Technical Support, 0, 0, 0, 0, 0, 0, 222380, 222380
2015, RAJASTHAN, 8, BHILWARA, 83, HURDA, 1205, BHOJRAS, 35696, 1129904, Animal husbandry, 0, 0, 0, 0, 0, 0, 87926, 87926
2015, RAJASTHAN, 8, BHILWARA, 83, HURDA, 1205, BHOJRAS, 35696, 1129904, Roads, 0, 0, 0, 0, 0, 0, 771300, 771300
2015, RAJASTHAN, 8, BHILWARA, 83, HURDA, 1205, BHOJRAS, 35696, 1129904, Rural electrification, 0, 0, 0, 0, 0, 0, 337151, 337151
2015, RAJASTHAN, 8, BHILWARA, 83, HURDA, 1205, BHOJRAS, 35696, 1129904, Total, 0, 0, 0, 0, 0, 0, 1418757, 1418757
2015, RAJASTHAN, 8, BHILWARA, 83, HURDA, 1205, DANTRA, 35697, 1154430, Drinking water, 0, 0, 0, 0, 0, 0, 625765, 625765
2015, RAJASTHAN, 8, BHILWARA, 83, HURDA, 1205, DANTRA, 35697, 1154430, Total, 0, 0, 0, 0, 0, 0, 625765, 625765
2015, RAJASTHAN, 8, BHILWARA, 83, HURDA, 1205, GAGERA, 35699, 1129642, Administrative & Technical Support, 0, 0, 0, 0, 0, 0, 416000, 416000
2015, RAJASTHAN, 8, BHILWARA, 83, HURDA, 1205, GAGERA, 35699, 1129642, Roads, 0, 0, 0, 0, 0, 0, 990000, 990000
2015, RAJASTHAN, 8, BHILWARA, 83, HURDA, 1205, GAGERA, 35699, 1129642, Total, 0, 0, 0, 0, 0, 0, 1406000, 1406000
2015, RAJASTHAN, 8, BHILWARA, 83, HURDA, 1205, GARHWALON KA KHERA, 35698, 1129589, Roads, 0, 0, 0, 0, 0, 0, 1970000, 1970000
2015, RAJASTHAN, 8, BHILWARA, 83, HURDA, 1205, GARHWALON KA KHERA, 35698, 1129589, Rural electrification, 0, 0, 0, 0, 0, 0, 530000, 530000
2015, RAJASTHAN, 8, BHILWARA, 83, HURDA, 1205, GARHWALON KA KHERA, 35698, 1129589, Total, 0, 0, 0, 0, 0, 0, 2500000, 2500000
2015, RAJASTHAN, 8, BHILWARA, 83, HURDA, 1205, HURDA, 35700, 1139996, Administrative & Technical Support, 0, 0, 0, 0, 0, 0, 75000, 75000
2015, RAJASTHAN, 8, BHILWARA, 83, HURDA, 1205, HURDA, 35700, 1139996, Drinking water, 0, 0, 0, 0, 0, 0, 100000, 100000
2015, RAJASTHAN, 8, BHILWARA, 83, HURDA, 1205, HURDA, 35700, 1139996, Roads, 0, 0, 0, 0, 0, 0, 1415000, 1415000
2015, RAJASTHAN, 8, BHILWARA, 83, HURDA, 1205, HURDA, 35700, 1139996, Rural electrification, 0, 0, 0, 0, 0, 0, 500000, 500000
2015, RAJASTHAN, 8, BHILWARA, 83, HURDA, 1205, HURDA, 35700, 1139996, Total, 0, 0, 0, 0, 0, 0, 2090000, 2090000
2015, RAJASTHAN, 8, BHILWARA, 83, HURDA, 1205, JALAMPURA, 35701, 1129676, Roads, 0, 0, 0, 0, 0, 0, 1720000, 1720000
2015, RAJASTHAN, 8, BHILWARA, 83, HURDA, 1205, JALAMPURA, 35701, 1129676, Total, 0, 0, 0, 0, 0, 0, 1720000, 1720000
2015, RAJASTHAN, 8, BHILWARA, 83, HURDA, 1205, KANIYA, 245548, 1129559, Public distribution system, 0, 0, 0, 0, 0, 0, 47842, 47842
2015, RAJASTHAN, 8, BHILWARA, 83, HURDA, 1205, KANIYA, 245548, 1129559, Roads, 0, 0, 0, 0, 0, 0, 1826215, 1826215
2015, RAJASTHAN, 8, BHILWARA, 83, HURDA, 1205, KANIYA, 245548, 1129559, Rural electrification, 0, 0, 0, 0, 0, 0, 28311, 28311
2015, RAJASTHAN, 8, BHILWARA, 83, HURDA, 1205, KANIYA, 245548, 1129559, Total, 0, 0, 0, 0, 0, 0, 1902368, 1902368
2015, RAJASTHAN, 8, BHILWARA, 83, HURDA, 1205, KANWALIYAS, 35702, 1129778, Public distribution system, 0, 0, 0, 0, 0, 0, 745000, 745000
2015, RAJASTHAN, 8, BHILWARA, 83, HURDA, 1205, KANWALIYAS, 35702, 1129778, Roads, 0, 0, 0, 0, 0, 0, 2523000, 2523000
2015, RAJASTHAN, 8, BHILWARA, 83, HURDA, 1205, KANWALIYAS, 35702, 1129778, Rural electrification, 0, 0, 0, 0, 0, 0, 249000, 249000
2015, RAJASTHAN, 8, BHILWARA, 83, HURDA, 1205, KANWALIYAS, 35702, 1129778, Total, 0, 0, 0, 0, 0, 0, 3517000, 3517000
2015, RAJASTHAN, 8, BHILWARA, 83, HURDA, 1205, KHEJRI, 35703, 1132458, Roads, 0, 0, 0, 0, 0, 0, 1750697, 1750697
2015, RAJASTHAN, 8, BHILWARA, 83, HURDA, 1205, KHEJRI, 35703, 1132458, Rural electrification, 0, 0, 0, 0, 0, 0, 588724, 588724
2015, RAJASTHAN, 8, BHILWARA, 83, HURDA, 1205, KHEJRI, 35703, 1132458, Total, 0, 0, 0, 0, 0, 0, 2339421, 2339421
2015, RAJASTHAN, 8, BHILWARA, 83, HURDA, 1205, KOTRI, 35704, 1128624, Roads, 0, 0, 0, 0, 0, 0, 2304684, 2304684
2015, RAJASTHAN, 8, BHILWARA, 83, HURDA, 1205, KOTRI, 35704, 1128624, Total, 0, 0, 0, 0, 0, 0, 2304684, 2304684
2015, RAJASTHAN, 8, BHILWARA, 83, HURDA, 1205, LAMBA, 35705, 1148162, Drinking water, 0, 0, 0, 0, 0, 0, 41788, 41788
2015, RAJASTHAN, 8, BHILWARA, 83, HURDA, 1205, LAMBA, 35705, 1148162, Roads, 0, 0, 0, 0, 0, 0, 1037429, 1037429
2015, RAJASTHAN, 8, BHILWARA, 83, HURDA, 1205, LAMBA, 35705, 1148162, Rural electrification, 0, 0, 0, 0, 0, 0, 518788, 518788
2015, RAJASTHAN, 8, BHILWARA, 83, HURDA, 1205, LAMBA, 35705, 1148162, Total, 0, 0, 0, 0, 0, 0, 1598005, 1598005
2015, RAJASTHAN, 8, BHILWARA, 83, HURDA, 1205, PHALAMADA, 35706, 1129809, Administrative & Technical Support, 0, 0, 0, 0, 0, 0, 49595, 49595
2015, RAJASTHAN, 8, BHILWARA, 83, HURDA, 1205, PHALAMADA, 35706, 1129809, Roads, 0, 0, 0, 0, 0, 0, 2122174, 2122174
2015, RAJASTHAN, 8, BHILWARA, 83, HURDA, 1205, PHALAMADA, 35706, 1129809, Total, 0, 0, 0, 0, 0, 0, 2171769, 2171769
2015, RAJASTHAN, 8, BHILWARA, 83, HURDA, 1205, RUPAHELI, 35707, 1129658, Administrative & Technical Support, 0, 0, 0, 0, 0, 0, 95859, 95859
2015, RAJASTHAN, 8, BHILWARA, 83, HURDA, 1205, RUPAHELI, 35707, 1129658, Roads, 0, 0, 0, 0, 0, 0, 1638809, 1638809
2015, RAJASTHAN, 8, BHILWARA, 83, HURDA, 1205, RUPAHELI, 35707, 1129658, Rural electrification, 0, 0, 0, 0, 0, 0, 149803, 149803
2015, RAJASTHAN, 8, BHILWARA, 83, HURDA, 1205, RUPAHELI, 35707, 1129658, Total, 0, 0, 0, 0, 0, 0, 1884471, 1884471
2015, RAJASTHAN, 8, BHILWARA, 83, HURDA, 1205, SARERI, 35708, 1129546, Roads, 0, 0, 0, 0, 0, 0, 2349723, 2349723
2015, RAJASTHAN, 8, BHILWARA, 83, HURDA, 1205, SARERI, 35708, 1129546, Rural electrification, 0, 0, 0, 0, 0, 0, 2440000, 2440000
2015, RAJASTHAN, 8, BHILWARA, 83, HURDA, 1205, SARERI, 35708, 1129546, Total, 0, 0, 0, 0, 0, 0, 4789723, 4789723
2015, RAJASTHAN, 8, BHILWARA, 83, HURDA, 1205, SODAR, 35709, 1130174, Roads, 0, 0, 0, 0, 0, 0, 2432000, 2432000
2015, RAJASTHAN, 8, BHILWARA, 83, HURDA, 1205, SODAR, 35709, 1130174, Total, 0, 0, 0, 0, 0, 0, 2432000, 2432000
2015, RAJASTHAN, 8, BHILWARA, 83, HURDA, 1205, TASWARIYA, 35710, 1144035, Roads, 0, 0, 0, 0, 0, 0, 3013000, 3013000
2015, RAJASTHAN, 8, BHILWARA, 83, HURDA, 1205, TASWARIYA, 35710, 1144035, Rural electrification, 0, 0, 0, 0, 0, 0, 408000, 408000
2015, RAJASTHAN, 8, BHILWARA, 83, HURDA, 1205, TASWARIYA, 35710, 1144035, Total, 0, 0, 0, 0, 0, 0, 3421000, 3421000
2015, RAJASTHAN, 8, BHILWARA, 83, HURDA, 1205, TONKARWAD, 35711, 1129959, Administrative & Technical Support, 0, 0, 0, 0, 0, 0, 27855, 27855
2015, RAJASTHAN, 8, BHILWARA, 83, HURDA, 1205, TONKARWAD, 35711, 1129959, Drinking water, 0, 0, 0, 0, 0, 0, 176379, 176379
2015, RAJASTHAN, 8, BHILWARA, 83, HURDA, 1205, TONKARWAD, 35711, 1129959, Roads, 0, 0, 0, 0, 0, 0, 1988319, 1988319
2015, RAJASTHAN, 8, BHILWARA, 83, HURDA, 1205, TONKARWAD, 35711, 1129959, Rural electrification, 0, 0, 0, 0, 0, 0, 751617, 751617
2015, RAJASTHAN, 8, BHILWARA, 83, HURDA, 1205, TONKARWAD, 35711, 1129959, Total, 0, 0, 0, 0, 0, 0, 2944170, 2944170
2015, RAJASTHAN, 8, BHILWARA, 83, HURDA, 1205, UNKHLIYA, 35712, 1129885, Roads, 0, 0, 0, 0, 0, 0, 1000000, 1000000
2015, RAJASTHAN, 8, BHILWARA, 83, HURDA, 1205, UNKHLIYA, 35712, 1129885, Total, 0, 0, 0, 0, 0, 0, 1000000, 1000000
2015, RAJASTHAN, 8, BHILWARA, 83, JAHAZPUR, 1206, AMALDA, 35713, 1164766, Drinking water, 0, 0, 0, 0, 0, 0, 754352, 754352
2015, RAJASTHAN, 8, BHILWARA, 83, JAHAZPUR, 1206, AMALDA, 35713, 1164766, Roads, 0, 0, 0, 0, 0, 0, 295267, 295267
2015, RAJASTHAN, 8, BHILWARA, 83, JAHAZPUR, 1206, AMALDA, 35713, 1164766, Social welfare, 0, 0, 0, 0, 0, 0, 144128, 144128
2015, RAJASTHAN, 8, BHILWARA, 83, JAHAZPUR, 1206, AMALDA, 35713, 1164766, Total, 0, 0, 0, 0, 0, 0, 1193747, 1193747
2015, RAJASTHAN, 8, BHILWARA, 83, JAHAZPUR, 1206, AMARGARH, 35714, 1143435, Drinking water, 0, 0, 0, 0, 0, 0, 1100000, 1100000
2015, RAJASTHAN, 8, BHILWARA, 83, JAHAZPUR, 1206, AMARGARH, 35714, 1143435, Roads, 0, 0, 0, 0, 0, 0, 4450000, 4450000
2015, RAJASTHAN, 8, BHILWARA, 83, JAHAZPUR, 1206, AMARGARH, 35714, 1143435, Sanitation, 0, 0, 0, 0, 0, 0, 250000, 250000
2015, RAJASTHAN, 8, BHILWARA, 83, JAHAZPUR, 1206, AMARGARH, 35714, 1143435, Social welfare, 0, 0, 0, 0, 0, 0, 100000, 100000
2015, RAJASTHAN, 8, BHILWARA, 83, JAHAZPUR, 1206, AMARGARH, 35714, 1143435, Total, 0, 0, 0, 0, 0, 0, 5900000, 5900000
2015, RAJASTHAN, 8, BHILWARA, 83, JAHAZPUR, 1206, AMARWASI, 35715, 1132459, Drinking water, 0, 0, 0, 0, 0, 0, 50000, 50000
2015, RAJASTHAN, 8, BHILWARA, 83, JAHAZPUR, 1206, AMARWASI, 35715, 1132459, Roads, 0, 0, 0, 0, 0, 0, 2900000, 2900000
2015, RAJASTHAN, 8, BHILWARA, 83, JAHAZPUR, 1206, AMARWASI, 35715, 1132459, Sanitation, 0, 0, 0, 0, 0, 0, 550000, 550000
2015, RAJASTHAN, 8, BHILWARA, 83, JAHAZPUR, 1206, AMARWASI, 35715, 1132459, Total, 0, 0, 0, 0, 0, 0, 3500000, 3500000
2015, RAJASTHAN, 8, BHILWARA, 83, JAHAZPUR, 1206, BAGUDAR, 35716, 1170022, Roads, 0, 0, 0, 0, 0, 0, 1550000, 1550000
2015, RAJASTHAN, 8, BHILWARA, 83, JAHAZPUR, 1206, BAGUDAR, 35716, 1170022, Sanitation, 0, 0, 0, 0, 0, 0, 400000, 400000
2015, RAJASTHAN, 8, BHILWARA, 83, JAHAZPUR, 1206, BAGUDAR, 35716, 1170022, Total, 0, 0, 0, 0, 0, 0, 1950000, 1950000
2015, RAJASTHAN, 8, BHILWARA, 83, JAHAZPUR, 1206, BANKRA, 35717, 1154831, Drinking water, 0, 0, 0, 0, 0, 0, 135750, 135750
2015, RAJASTHAN, 8, BHILWARA, 83, JAHAZPUR, 1206, BANKRA, 35717, 1154831, Roads, 0, 0, 0, 0, 0, 0, 654000, 654000
2015, RAJASTHAN, 8, BHILWARA, 83, JAHAZPUR, 1206, BANKRA, 35717, 1154831, Social welfare, 0, 0, 0, 0, 0, 0, 932240, 932240
2015, RAJASTHAN, 8, BHILWARA, 83, JAHAZPUR, 1206, BANKRA, 35717, 1154831, Total, 0, 0, 0, 0, 0, 0, 1721990, 1721990
2015, RAJASTHAN, 8, BHILWARA, 83, JAHAZPUR, 1206, BARODA, 35718, 1130172, Drinking water, 0, 0, 0, 0, 0, 0, 1583000, 1583000
2015, RAJASTHAN, 8, BHILWARA, 83, JAHAZPUR, 1206, BARODA, 35718, 1130172, Roads, 0, 0, 0, 0, 0, 0, 1100000, 1100000
2015, RAJASTHAN, 8, BHILWARA, 83, JAHAZPUR, 1206, BARODA, 35718, 1130172, Total, 0, 0, 0, 0, 0, 0, 2683000, 2683000
2015, RAJASTHAN, 8, BHILWARA, 83, JAHAZPUR, 1206, BAWRI, 35719, 1156062, Drinking water, 0, 0, 0, 0, 0, 0, 68000, 68000
2015, RAJASTHAN, 8, BHILWARA, 83, JAHAZPUR, 1206, BAWRI, 35719, 1156062, Roads, 0, 0, 0, 0, 0, 0, 1953847, 1953847
2015, RAJASTHAN, 8, BHILWARA, 83, JAHAZPUR, 1206, BAWRI, 35719, 1156062, Sanitation, 0, 0, 0, 0, 0, 0, 643297, 643297
2015, RAJASTHAN, 8, BHILWARA, 83, JAHAZPUR, 1206, BAWRI, 35719, 1156062, Social welfare, 0, 0, 0, 0, 0, 0, 835800, 835800
2015, RAJASTHAN, 8, BHILWARA, 83, JAHAZPUR, 1206, BAWRI, 35719, 1156062, Total, 0, 0, 0, 0, 0, 0, 3500944, 3500944
2015, RAJASTHAN, 8, BHILWARA, 83, JAHAZPUR, 1206, BEI, 35720, 1159875, Drinking water, 0, 0, 0, 0, 0, 0, 580000, 580000
2015, RAJASTHAN, 8, BHILWARA, 83, JAHAZPUR, 1206, BEI, 35720, 1159875, Roads, 0, 0, 0, 0, 0, 0, 813000, 813000
2015, RAJASTHAN, 8, BHILWARA, 83, JAHAZPUR, 1206, BEI, 35720, 1159875, Social welfare, 0, 0, 0, 0, 0, 0, 162000, 162000
2015, RAJASTHAN, 8, BHILWARA, 83, JAHAZPUR, 1206, BEI, 35720, 1159875, Total, 0, 0, 0, 0, 0, 0, 1555000, 1555000
2015, RAJASTHAN, 8, BHILWARA, 83, JAHAZPUR, 1206, BHARNI KALAN, 35722, 1130810, Drinking water, 0, 0, 0, 0, 0, 0, 90000, 90000
2015, RAJASTHAN, 8, BHILWARA, 83, JAHAZPUR, 1206, BHARNI KALAN, 35722, 1130810, Roads, 0, 0, 0, 0, 0, 0, 2247000, 2247000
2015, RAJASTHAN, 8, BHILWARA, 83, JAHAZPUR, 1206, BHARNI KALAN, 35722, 1130810, Social welfare, 0, 0, 0, 0, 0, 0, 50000, 50000
2015, RAJASTHAN, 8, BHILWARA, 83, JAHAZPUR, 1206, BHARNI KALAN, 35722, 1130810, Total, 0, 0, 0, 0, 0, 0, 2387000, 2387000
2015, RAJASTHAN, 8, BHILWARA, 83, JAHAZPUR, 1206, BHRAGUNAGAR, 35721, 1150194, Drinking water, 0, 0, 0, 0, 0, 0, 657105, 657105
2015, RAJASTHAN, 8, BHILWARA, 83, JAHAZPUR, 1206, BHRAGUNAGAR, 35721, 1150194, Roads, 0, 0, 0, 0, 0, 0, 1638931, 1638931
2015, RAJASTHAN, 8, BHILWARA, 83, JAHAZPUR, 1206, BHRAGUNAGAR, 35721, 1150194, Social welfare, 0, 0, 0, 0, 0, 0, 62702, 62702
2015, RAJASTHAN, 8, BHILWARA, 83, JAHAZPUR, 1206, BHRAGUNAGAR, 35721, 1150194, Total, 0, 0, 0, 0, 0, 0, 2358738, 2358738
2015, RAJASTHAN, 8, BHILWARA, 83, JAHAZPUR, 1206, BIHARA, 35723, 1169881, Roads, 0, 0, 0, 0, 0, 0, 1550000, 1550000
2015, RAJASTHAN, 8, BHILWARA, 83, JAHAZPUR, 1206, BIHARA, 35723, 1169881, Sanitation, 0, 0, 0, 0, 0, 0, 400000, 400000
2015, RAJASTHAN, 8, BHILWARA, 83, JAHAZPUR, 1206, BIHARA, 35723, 1169881, Social welfare, 0, 0, 0, 0, 0, 0, 100000, 100000
2015, RAJASTHAN, 8, BHILWARA, 83, JAHAZPUR, 1206, BIHARA, 35723, 1169881, Total, 0, 0, 0, 0, 0, 0, 2050000, 2050000
2015, RAJASTHAN, 8, BHILWARA, 83, JAHAZPUR, 1206, BILETHA, 35724, 1145479, Drinking water, 0, 0, 0, 0, 0, 0, 730000, 730000
2015, RAJASTHAN, 8, BHILWARA, 83, JAHAZPUR, 1206, BILETHA, 35724, 1145479, Roads, 0, 0, 0, 0, 0, 0, 700000, 700000
2015, RAJASTHAN, 8, BHILWARA, 83, JAHAZPUR, 1206, BILETHA, 35724, 1145479, Sanitation, 0, 0, 0, 0, 0, 0, 350000, 350000
2015, RAJASTHAN, 8, BHILWARA, 83, JAHAZPUR, 1206, BILETHA, 35724, 1145479, Social welfare, 0, 0, 0, 0, 0, 0, 100000, 100000
2015, RAJASTHAN, 8, BHILWARA, 83, JAHAZPUR, 1206, BILETHA, 35724, 1145479, Total, 0, 0, 0, 0, 0, 0, 1880000, 1880000
2015, RAJASTHAN, 8, BHILWARA, 83, JAHAZPUR, 1206, DHOR, 35725, 1147237, Drinking water, 0, 0, 0, 0, 0, 0, 1060000, 1060000
2015, RAJASTHAN, 8, BHILWARA, 83, JAHAZPUR, 1206, DHOR, 35725, 1147237, Roads, 0, 0, 0, 0, 0, 0, 2637000, 2637000
2015, RAJASTHAN, 8, BHILWARA, 83, JAHAZPUR, 1206, DHOR, 35725, 1147237, Total, 0, 0, 0, 0, 0, 0, 3697000, 3697000
2015, RAJASTHAN, 8, BHILWARA, 83, JAHAZPUR, 1206, DHUNWALA, 35726, 1121635, Drinking water, 0, 0, 0, 0, 0, 0, 650000, 650000
2015, RAJASTHAN, 8, BHILWARA, 83, JAHAZPUR, 1206, DHUNWALA, 35726, 1121635, Maintenance of community system, 0, 0, 0, 0, 0, 0, 100000, 100000
2015, RAJASTHAN, 8, BHILWARA, 83, JAHAZPUR, 1206, DHUNWALA, 35726, 1121635, Roads, 0, 0, 0, 0, 0, 0, 2000000, 2000000
2015, RAJASTHAN, 8, BHILWARA, 83, JAHAZPUR, 1206, DHUNWALA, 35726, 1121635, Social welfare, 0, 0, 0, 0, 0, 0, 200000, 200000
2015, RAJASTHAN, 8, BHILWARA, 83, JAHAZPUR, 1206, DHUNWALA, 35726, 1121635, Total, 0, 0, 0, 0, 0, 0, 2950000, 2950000
2015, RAJASTHAN, 8, BHILWARA, 83, JAHAZPUR, 1206, FALASIYA, 35727, 1152023, Roads, 0, 0, 0, 0, 0, 0, 2900000, 2900000
2015, RAJASTHAN, 8, BHILWARA, 83, JAHAZPUR, 1206, FALASIYA, 35727, 1152023, Sanitation, 0, 0, 0, 0, 0, 0, 2000000, 2000000
2015, RAJASTHAN, 8, BHILWARA, 83, JAHAZPUR, 1206, FALASIYA, 35727, 1152023, Social welfare, 0, 0, 0, 0, 0, 0, 500000, 500000
2015, RAJASTHAN, 8, BHILWARA, 83, JAHAZPUR, 1206, FALASIYA, 35727, 1152023, Total, 0, 0, 0, 0, 0, 0, 5400000, 5400000
2015, RAJASTHAN, 8, BHILWARA, 83, JAHAZPUR, 1206, GADOLI, 35728, 1164403, Drinking water, 0, 0, 0, 0, 0, 0, 437248, 437248
2015, RAJASTHAN, 8, BHILWARA, 83, JAHAZPUR, 1206, GADOLI, 35728, 1164403, Roads, 0, 0, 0, 0, 0, 0, 1243107, 1243107
2015, RAJASTHAN, 8, BHILWARA, 83, JAHAZPUR, 1206, GADOLI, 35728, 1164403, Social welfare, 0, 0, 0, 0, 0, 0, 130000, 130000
2015, RAJASTHAN, 8, BHILWARA, 83, JAHAZPUR, 1206, GADOLI, 35728, 1164403, Total, 0, 0, 0, 0, 0, 0, 1810355, 1810355
2015, RAJASTHAN, 8, BHILWARA, 83, JAHAZPUR, 1206, GANDHER, 35729, 1144220, Drinking water, 0, 0, 0, 0, 0, 0, 1250000, 1250000
2015, RAJASTHAN, 8, BHILWARA, 83, JAHAZPUR, 1206, GANDHER, 35729, 1144220, Roads, 0, 0, 0, 0, 0, 0, 850000, 850000
2015, RAJASTHAN, 8, BHILWARA, 83, JAHAZPUR, 1206, GANDHER, 35729, 1144220, Social welfare, 0, 0, 0, 0, 0, 0, 300000, 300000
2015, RAJASTHAN, 8, BHILWARA, 83, JAHAZPUR, 1206, GANDHER, 35729, 1144220, Total, 0, 0, 0, 0, 0, 0, 2400000, 2400000
2015, RAJASTHAN, 8, BHILWARA, 83, JAHAZPUR, 1206, GANGITHALA, 35730, 1162315, Roads, 0, 0, 0, 0, 0, 0, 1058000, 1058000
2015, RAJASTHAN, 8, BHILWARA, 83, JAHAZPUR, 1206, GANGITHALA, 35730, 1162315, Sanitation, 0, 0, 0, 0, 0, 0, 413000, 413000
2015, RAJASTHAN, 8, BHILWARA, 83, JAHAZPUR, 1206, GANGITHALA, 35730, 1162315, Total, 0, 0, 0, 0, 0, 0, 1471000, 1471000
2015, RAJASTHAN, 8, BHILWARA, 83, JAHAZPUR, 1206, GURHA, 35731, 1160740, Drinking water, 0, 0, 0, 0, 0, 0, 100000, 100000
2015, RAJASTHAN, 8, BHILWARA, 83, JAHAZPUR, 1206, GURHA, 35731, 1160740, Roads, 0, 0, 0, 0, 0, 0, 850000, 850000
2015, RAJASTHAN, 8, BHILWARA, 83, JAHAZPUR, 1206, GURHA, 35731, 1160740, Social welfare, 0, 0, 0, 0, 0, 0, 365000, 365000
2015, RAJASTHAN, 8, BHILWARA, 83, JAHAZPUR, 1206, GURHA, 35731, 1160740, Total, 0, 0, 0, 0, 0, 0, 1315000, 1315000
2015, RAJASTHAN, 8, BHILWARA, 83, JAHAZPUR, 1206, ITUNDA, 35732, 1158863, Drinking water, 0, 0, 0, 0, 0, 0, 61000, 61000
2015, RAJASTHAN, 8, BHILWARA, 83, JAHAZPUR, 1206, ITUNDA, 35732, 1158863, Roads, 0, 0, 0, 0, 0, 0, 844000, 844000
2015, RAJASTHAN, 8, BHILWARA, 83, JAHAZPUR, 1206, ITUNDA, 35732, 1158863, Total, 0, 0, 0, 0, 0, 0, 905000, 905000
2015, RAJASTHAN, 8, BHILWARA, 83, JAHAZPUR, 1206, JAMOLI, 35733, 1164333, Drinking water, 0, 0, 0, 0, 0, 0, 2008000, 2008000
2015, RAJASTHAN, 8, BHILWARA, 83, JAHAZPUR, 1206, JAMOLI, 35733, 1164333, Sanitation, 0, 0, 0, 0, 0, 0, 911000, 911000
2015, RAJASTHAN, 8, BHILWARA, 83, JAHAZPUR, 1206, JAMOLI, 35733, 1164333, Social welfare, 0, 0, 0, 0, 0, 0, 1673000, 1673000
2015, RAJASTHAN, 8, BHILWARA, 83, JAHAZPUR, 1206, JAMOLI, 35733, 1164333, Total, 0, 0, 0, 0, 0, 0, 4592000, 4592000
2015, RAJASTHAN, 8, BHILWARA, 83, JAHAZPUR, 1206, KHAJURI, 35734, 1170575, Drinking water, 0, 0, 0, 0, 0, 0, 590915, 590915
2015, RAJASTHAN, 8, BHILWARA, 83, JAHAZPUR, 1206, KHAJURI, 35734, 1170575, Roads, 0, 0, 0, 0, 0, 0, 987884, 987884
2015, RAJASTHAN, 8, BHILWARA, 83, JAHAZPUR, 1206, KHAJURI, 35734, 1170575, Sanitation, 0, 0, 0, 0, 0, 0, 106642, 106642
2015, RAJASTHAN, 8, BHILWARA, 83, JAHAZPUR, 1206, KHAJURI, 35734, 1170575, Social welfare, 0, 0, 0, 0, 0, 0, 242132, 242132
2015, RAJASTHAN, 8, BHILWARA, 83, JAHAZPUR, 1206, KHAJURI, 35734, 1170575, Total, 0, 0, 0, 0, 0, 0, 1927573, 1927573
2015, RAJASTHAN, 8, BHILWARA, 83, JAHAZPUR, 1206, KISHANGARH, 35735, 1138429, Agriculture, 0, 0, 0, 0, 0, 0, 10000, 10000
2015, RAJASTHAN, 8, BHILWARA, 83, JAHAZPUR, 1206, KISHANGARH, 35735, 1138429, Drinking water, 0, 0, 0, 0, 0, 0, 1828000, 1828000
2015, RAJASTHAN, 8, BHILWARA, 83, JAHAZPUR, 1206, KISHANGARH, 35735, 1138429, Roads, 0, 0, 0, 0, 0, 0, 900000, 900000
2015, RAJASTHAN, 8, BHILWARA, 83, JAHAZPUR, 1206, KISHANGARH, 35735, 1138429, Social welfare, 0, 0, 0, 0, 0, 0, 30000, 30000
2015, RAJASTHAN, 8, BHILWARA, 83, JAHAZPUR, 1206, KISHANGARH, 35735, 1138429, Total, 0, 0, 0, 0, 0, 0, 2768000, 2768000
2015, RAJASTHAN, 8, BHILWARA, 83, JAHAZPUR, 1206, KUCHALWARA KALAN, 262086, 1133243, Roads, 0, 0, 0, 0, 0, 0, 8635000, 8635000
2015, RAJASTHAN, 8, BHILWARA, 83, JAHAZPUR, 1206, KUCHALWARA KALAN, 262086, 1133243, Social welfare, 0, 0, 0, 0, 0, 0, 48000, 48000
2015, RAJASTHAN, 8, BHILWARA, 83, JAHAZPUR, 1206, KUCHALWARA KALAN, 262086, 1133243, Total, 0, 0, 0, 0, 0, 0, 8683000, 8683000
2015, RAJASTHAN, 8, BHILWARA, 83, JAHAZPUR, 1206, KURADIYA, 35736, 1160446, Drinking water, 0, 0, 0, 0, 0, 0, 572810, 572810
2015, RAJASTHAN, 8, BHILWARA, 83, JAHAZPUR, 1206, KURADIYA, 35736, 1160446, Roads, 0, 0, 0, 0, 0, 0, 324731, 324731
2015, RAJASTHAN, 8, BHILWARA, 83, JAHAZPUR, 1206, KURADIYA, 35736, 1160446, Sanitation, 0, 0, 0, 0, 0, 0, 47729, 47729
2015, RAJASTHAN, 8, BHILWARA, 83, JAHAZPUR, 1206, KURADIYA, 35736, 1160446, Social welfare, 0, 0, 0, 0, 0, 0, 4288902, 4288902
2015, RAJASTHAN, 8, BHILWARA, 83, JAHAZPUR, 1206, KURADIYA, 35736, 1160446, Total, 0, 0, 0, 0, 0, 0, 5234172, 5234172
2015, RAJASTHAN, 8, BHILWARA, 83, JAHAZPUR, 1206, LUHARI KALAN, 35737, 1165045, Drinking water, 0, 0, 0, 0, 0, 0, 52752, 52752
2015, RAJASTHAN, 8, BHILWARA, 83, JAHAZPUR, 1206, LUHARI KALAN, 35737, 1165045, Roads, 0, 0, 0, 0, 0, 0, 2627144, 2627144
2015, RAJASTHAN, 8, BHILWARA, 83, JAHAZPUR, 1206, LUHARI KALAN, 35737, 1165045, Social welfare, 0, 0, 0, 0, 0, 0, 130188, 130188
2015, RAJASTHAN, 8, BHILWARA, 83, JAHAZPUR, 1206, LUHARI KALAN, 35737, 1165045, Total, 0, 0, 0, 0, 0, 0, 2810084, 2810084
2015, RAJASTHAN, 8, BHILWARA, 83, JAHAZPUR, 1206, MANOHARPURA, 35738, 1154519, Drinking water, 0, 0, 0, 0, 0, 0, 400000, 400000
2015, RAJASTHAN, 8, BHILWARA, 83, JAHAZPUR, 1206, MANOHARPURA, 35738, 1154519, Roads, 0, 0, 0, 0, 0, 0, 1998000, 1998000
2015, RAJASTHAN, 8, BHILWARA, 83, JAHAZPUR, 1206, MANOHARPURA, 35738, 1154519, Social welfare, 0, 0, 0, 0, 0, 0, 50000, 50000
2015, RAJASTHAN, 8, BHILWARA, 83, JAHAZPUR, 1206, MANOHARPURA, 35738, 1154519, Total, 0, 0, 0, 0, 0, 0, 2448000, 2448000
2015, RAJASTHAN, 8, BHILWARA, 83, JAHAZPUR, 1206, PANDER, 35739, 1158433, Drinking water, 0, 0, 0, 0, 0, 0, 189000, 189000
2015, RAJASTHAN, 8, BHILWARA, 83, JAHAZPUR, 1206, PANDER, 35739, 1158433, Roads, 0, 0, 0, 0, 0, 0, 1518000, 1518000
2015, RAJASTHAN, 8, BHILWARA, 83, JAHAZPUR, 1206, PANDER, 35739, 1158433, Sanitation, 0, 0, 0, 0, 0, 0, 757000, 757000
2015, RAJASTHAN, 8, BHILWARA, 83, JAHAZPUR, 1206, PANDER, 35739, 1158433, Social welfare, 0, 0, 0, 0, 0, 0, 895000, 895000
2015, RAJASTHAN, 8, BHILWARA, 83, JAHAZPUR, 1206, PANDER, 35739, 1158433, Total, 0, 0, 0, 0, 0, 0, 3359000, 3359000
2015, RAJASTHAN, 8, BHILWARA, 83, JAHAZPUR, 1206, PIPLUND, 35740, 1162123, Drinking water, 0, 0, 0, 0, 0, 0, 100900, 100900
2015, RAJASTHAN, 8, BHILWARA, 83, JAHAZPUR, 1206, PIPLUND, 35740, 1162123, Roads, 0, 0, 0, 0, 0, 0, 2412000, 2412000
2015, RAJASTHAN, 8, BHILWARA, 83, JAHAZPUR, 1206, PIPLUND, 35740, 1162123, Sanitation, 0, 0, 0, 0, 0, 0, 422000, 422000
2015, RAJASTHAN, 8, BHILWARA, 83, JAHAZPUR, 1206, PIPLUND, 35740, 1162123, Social welfare, 0, 0, 0, 0, 0, 0, 32000, 32000
2015, RAJASTHAN, 8, BHILWARA, 83, JAHAZPUR, 1206, PIPLUND, 35740, 1162123, Total, 0, 0, 0, 0, 0, 0, 2966900, 2966900
2015, RAJASTHAN, 8, BHILWARA, 83, JAHAZPUR, 1206, RAWAT KHERA, 35741, 1149147, Drinking water, 0, 0, 0, 0, 0, 0, 900000, 900000
2015, RAJASTHAN, 8, BHILWARA, 83, JAHAZPUR, 1206, RAWAT KHERA, 35741, 1149147, Roads, 0, 0, 0, 0, 0, 0, 3450000, 3450000
2015, RAJASTHAN, 8, BHILWARA, 83, JAHAZPUR, 1206, RAWAT KHERA, 35741, 1149147, Total, 0, 0, 0, 0, 0, 0, 4350000, 4350000
2015, RAJASTHAN, 8, BHILWARA, 83, JAHAZPUR, 1206, ROPAN, 35742, 1165310, Drinking water, 0, 0, 0, 0, 0, 0, 61549, 61549
2015, RAJASTHAN, 8, BHILWARA, 83, JAHAZPUR, 1206, ROPAN, 35742, 1165310, Roads, 0, 0, 0, 0, 0, 0, 4371839, 4371839
2015, RAJASTHAN, 8, BHILWARA, 83, JAHAZPUR, 1206, ROPAN, 35742, 1165310, Sanitation, 0, 0, 0, 0, 0, 0, 112440, 112440
2015, RAJASTHAN, 8, BHILWARA, 83, JAHAZPUR, 1206, ROPAN, 35742, 1165310, Social welfare, 0, 0, 0, 0, 0, 0, 156244, 156244
2015, RAJASTHAN, 8, BHILWARA, 83, JAHAZPUR, 1206, ROPAN, 35742, 1165310, Total, 0, 0, 0, 0, 0, 0, 4702072, 4702072
2015, RAJASTHAN, 8, BHILWARA, 83, JAHAZPUR, 1206, SARSIYA, 35743, 1163147, Drinking water, 0, 0, 0, 0, 0, 0, 220000, 220000
2015, RAJASTHAN, 8, BHILWARA, 83, JAHAZPUR, 1206, SARSIYA, 35743, 1163147, Roads, 0, 0, 0, 0, 0, 0, 1760000, 1760000
2015, RAJASTHAN, 8, BHILWARA, 83, JAHAZPUR, 1206, SARSIYA, 35743, 1163147, Sanitation, 0, 0, 0, 0, 0, 0, 242000, 242000
2015, RAJASTHAN, 8, BHILWARA, 83, JAHAZPUR, 1206, SARSIYA, 35743, 1163147, Social welfare, 0, 0, 0, 0, 0, 0, 1054000, 1054000
2015, RAJASTHAN, 8, BHILWARA, 83, JAHAZPUR, 1206, SARSIYA, 35743, 1163147, Total, 0, 0, 0, 0, 0, 0, 3276000, 3276000
2015, RAJASTHAN, 8, BHILWARA, 83, JAHAZPUR, 1206, SHAKKAR GARH, 35744, 1167933, Drinking water, 0, 0, 0, 0, 0, 0, 150000, 150000
2015, RAJASTHAN, 8, BHILWARA, 83, JAHAZPUR, 1206, SHAKKAR GARH, 35744, 1167933, Roads, 0, 0, 0, 0, 0, 0, 545000, 545000
2015, RAJASTHAN, 8, BHILWARA, 83, JAHAZPUR, 1206, SHAKKAR GARH, 35744, 1167933, Social welfare, 0, 0, 0, 0, 0, 0, 242000, 242000
2015, RAJASTHAN, 8, BHILWARA, 83, JAHAZPUR, 1206, SHAKKAR GARH, 35744, 1167933, Total, 0, 0, 0, 0, 0, 0, 937000, 937000
2015, RAJASTHAN, 8, BHILWARA, 83, JAHAZPUR, 1206, TIKAR, 35745, 1159118, Drinking water, 0, 0, 0, 0, 0, 0, 139000, 139000
2015, RAJASTHAN, 8, BHILWARA, 83, JAHAZPUR, 1206, TIKAR, 35745, 1159118, Roads, 0, 0, 0, 0, 0, 0, 3852700, 3852700
2015, RAJASTHAN, 8, BHILWARA, 83, JAHAZPUR, 1206, TIKAR, 35745, 1159118, Total, 0, 0, 0, 0, 0, 0, 3991700, 3991700
2015, RAJASTHAN, 8, BHILWARA, 83, JAHAZPUR, 1206, TITORA(JAGIR), 35746, 1159187, Drinking water, 0, 0, 0, 0, 0, 0, 714000, 714000
2015, RAJASTHAN, 8, BHILWARA, 83, JAHAZPUR, 1206, TITORA(JAGIR), 35746, 1159187, Roads, 0, 0, 0, 0, 0, 0, 1791000, 1791000
2015, RAJASTHAN, 8, BHILWARA, 83, JAHAZPUR, 1206, TITORA(JAGIR), 35746, 1159187, Social welfare, 0, 0, 0, 0, 0, 0, 322000, 322000
2015, RAJASTHAN, 8, BHILWARA, 83, JAHAZPUR, 1206, TITORA(JAGIR), 35746, 1159187, Total, 0, 0, 0, 0, 0, 0, 2827000, 2827000
2015, RAJASTHAN, 8, BHILWARA, 83, JAHAZPUR, 1206, TITORI, 35747, 1140326, Drinking water, 0, 0, 0, 0, 0, 0, 600000, 600000
2015, RAJASTHAN, 8, BHILWARA, 83, JAHAZPUR, 1206, TITORI, 35747, 1140326, Roads, 0, 0, 0, 0, 0, 0, 1700000, 1700000
2015, RAJASTHAN, 8, BHILWARA, 83, JAHAZPUR, 1206, TITORI, 35747, 1140326, Social welfare, 0, 0, 0, 0, 0, 0, 200000, 200000
2015, RAJASTHAN, 8, BHILWARA, 83, JAHAZPUR, 1206, TITORI, 35747, 1140326, Total, 0, 0, 0, 0, 0, 0, 2500000, 2500000
2015, RAJASTHAN, 8, BHILWARA, 83, JAHAZPUR, 1206, ULELA, 35748, 1164072, Drinking water, 0, 0, 0, 0, 0, 0, 2025000, 2025000
2015, RAJASTHAN, 8, BHILWARA, 83, JAHAZPUR, 1206, ULELA, 35748, 1164072, Roads, 0, 0, 0, 0, 0, 0, 4950000, 4950000
2015, RAJASTHAN, 8, BHILWARA, 83, JAHAZPUR, 1206, ULELA, 35748, 1164072, Sanitation, 0, 0, 0, 0, 0, 0, 100000, 100000
2015, RAJASTHAN, 8, BHILWARA, 83, JAHAZPUR, 1206, ULELA, 35748, 1164072, Social welfare, 0, 0, 0, 0, 0, 0, 2230000, 2230000
2015, RAJASTHAN, 8, BHILWARA, 83, JAHAZPUR, 1206, ULELA, 35748, 1164072, Total, 0, 0, 0, 0, 0, 0, 9305000, 9305000
2015, RAJASTHAN, 8, BHILWARA, 83, JAHAZPUR, 1206, UNCHA, 35749, 1166907, Roads, 0, 0, 0, 0, 0, 0, 1137256, 1137256
2015, RAJASTHAN, 8, BHILWARA, 83, JAHAZPUR, 1206, UNCHA, 35749, 1166907, Sanitation, 0, 0, 0, 0, 0, 0, 356969, 356969
2015, RAJASTHAN, 8, BHILWARA, 83, JAHAZPUR, 1206, UNCHA, 35749, 1166907, Social welfare, 0, 0, 0, 0, 0, 0, 402987, 402987
2015, RAJASTHAN, 8, BHILWARA, 83, JAHAZPUR, 1206, UNCHA, 35749, 1166907, Total, 0, 0, 0, 0, 0, 0, 1897212, 1897212
2015, RAJASTHAN, 8, BHILWARA, 83, KOTRI, 1207, AAMA, 35750, 1163906, Drinking water, 0, 0, 0, 0, 0, 0, 65800, 65800
2015, RAJASTHAN, 8, BHILWARA, 83, KOTRI, 1207, AAMA, 35750, 1163906, Land improvement, 0, 0, 0, 0, 0, 0, 1544432, 1544432
2015, RAJASTHAN, 8, BHILWARA, 83, KOTRI, 1207, AAMA, 35750, 1163906, Roads, 0, 0, 0, 0, 0, 0, 205838, 205838
2015, RAJASTHAN, 8, BHILWARA, 83, KOTRI, 1207, AAMA, 35750, 1163906, Total, 0, 0, 0, 0, 0, 0, 1816070, 1816070
2015, RAJASTHAN, 8, BHILWARA, 83, KOTRI, 1207, AASOP, 35752, 1163469, Drinking water, 0, 0, 0, 0, 0, 0, 318742, 318742
2015, RAJASTHAN, 8, BHILWARA, 83, KOTRI, 1207, AASOP, 35752, 1163469, Land improvement, 0, 0, 0, 0, 0, 0, 258462, 258462
2015, RAJASTHAN, 8, BHILWARA, 83, KOTRI, 1207, AASOP, 35752, 1163469, Roads, 0, 0, 0, 0, 0, 0, 44707, 44707
2015, RAJASTHAN, 8, BHILWARA, 83, KOTRI, 1207, AASOP, 35752, 1163469, Total, 0, 0, 0, 0, 0, 0, 621911, 621911
2015, RAJASTHAN, 8, BHILWARA, 83, KOTRI, 1207, AKOLA, 35751, 1167105, Drinking water, 0, 0, 0, 0, 0, 0, 144971, 144971
2015, RAJASTHAN, 8, BHILWARA, 83, KOTRI, 1207, AKOLA, 35751, 1167105, Roads, 0, 0, 0, 0, 0, 0, 49600, 49600
2015, RAJASTHAN, 8, BHILWARA, 83, KOTRI, 1207, AKOLA, 35751, 1167105, Social welfare, 0, 0, 0, 0, 0, 0, 354870, 354870
2015, RAJASTHAN, 8, BHILWARA, 83, KOTRI, 1207, AKOLA, 35751, 1167105, Total, 0, 0, 0, 0, 0, 0, 549441, 549441
2015, RAJASTHAN, 8, BHILWARA, 83, KOTRI, 1207, BADLA, 35753, 1163013, Land improvement, 0, 0, 0, 0, 0, 0, 2372920, 2372920
2015, RAJASTHAN, 8, BHILWARA, 83, KOTRI, 1207, BADLA, 35753, 1163013, Total, 0, 0, 0, 0, 0, 0, 2372920, 2372920
2015, RAJASTHAN, 8, BHILWARA, 83, KOTRI, 1207, BAN KA KHEDA, 35755, 1162891, Drinking water, 0, 0, 0, 0, 0, 0, 580000, 580000
2015, RAJASTHAN, 8, BHILWARA, 83, KOTRI, 1207, BAN KA KHEDA, 35755, 1162891, Roads, 0, 0, 0, 0, 0, 0, 85000, 85000
2015, RAJASTHAN, 8, BHILWARA, 83, KOTRI, 1207, BAN KA KHEDA, 35755, 1162891, Social forestry and farm forestry, 0, 0, 0, 0, 0, 0, 120000, 120000
2015, RAJASTHAN, 8, BHILWARA, 83, KOTRI, 1207, BAN KA KHEDA, 35755, 1162891, Total, 0, 0, 0, 0, 0, 0, 785000, 785000
2015, RAJASTHAN, 8, BHILWARA, 83, KOTRI, 1207, BARLIYAS, 35754, 1163979, Roads, 0, 0, 0, 0, 0, 0, 2696000, 2696000
2015, RAJASTHAN, 8, BHILWARA, 83, KOTRI, 1207, BARLIYAS, 35754, 1163979, Sanitation, 0, 0, 0, 0, 0, 0, 66000, 66000
2015, RAJASTHAN, 8, BHILWARA, 83, KOTRI, 1207, BARLIYAS, 35754, 1163979, Total, 0, 0, 0, 0, 0, 0, 2762000, 2762000
2015, RAJASTHAN, 8, BHILWARA, 83, KOTRI, 1207, BIRDHOL, 35756, 1166003, Drinking water, 0, 0, 0, 0, 0, 0, 1300244, 1300244
2015, RAJASTHAN, 8, BHILWARA, 83, KOTRI, 1207, BIRDHOL, 35756, 1166003, Social welfare, 0, 0, 0, 0, 0, 0, 118624, 118624
2015, RAJASTHAN, 8, BHILWARA, 83, KOTRI, 1207, BIRDHOL, 35756, 1166003, Total, 0, 0, 0, 0, 0, 0, 1418868, 1418868
2015, RAJASTHAN, 8, BHILWARA, 83, KOTRI, 1207, BISHNIYA, 35757, 1167980, Drinking water, 0, 0, 0, 0, 0, 0, 477679, 477679
2015, RAJASTHAN, 8, BHILWARA, 83, KOTRI, 1207, BISHNIYA, 35757, 1167980, Roads, 0, 0, 0, 0, 0, 0, 2894194, 2894194
2015, RAJASTHAN, 8, BHILWARA, 83, KOTRI, 1207, BISHNIYA, 35757, 1167980, Social welfare, 0, 0, 0, 0, 0, 0, 1177145, 1177145
2015, RAJASTHAN, 8, BHILWARA, 83, KOTRI, 1207, BISHNIYA, 35757, 1167980, Total, 0, 0, 0, 0, 0, 0, 4549018, 4549018
2015, RAJASTHAN, 8, BHILWARA, 83, KOTRI, 1207, BORDA, 35758, 1163943, Roads, 0, 0, 0, 0, 0, 0, 893284, 893284
2015, RAJASTHAN, 8, BHILWARA, 83, KOTRI, 1207, BORDA, 35758, 1163943, Total, 0, 0, 0, 0, 0, 0, 893284, 893284
2015, RAJASTHAN, 8, BHILWARA, 83, KOTRI, 1207, CHHAPDEL, 35759, 1171659, Drinking water, 0, 0, 0, 0, 0, 0, 20000, 20000
2015, RAJASTHAN, 8, BHILWARA, 83, KOTRI, 1207, CHHAPDEL, 35759, 1171659, Social welfare, 0, 0, 0, 0, 0, 0, 49600, 49600
2015, RAJASTHAN, 8, BHILWARA, 83, KOTRI, 1207, CHHAPDEL, 35759, 1171659, Total, 0, 0, 0, 0, 0, 0, 69600, 69600
2015, RAJASTHAN, 8, BHILWARA, 83, KOTRI, 1207, DANTRA, 35760, 1160697, Administrative & Technical Support, 0, 0, 0, 0, 0, 0, 24500, 24500
2015, RAJASTHAN, 8, BHILWARA, 83, KOTRI, 1207, DANTRA, 35760, 1160697, Drinking water, 0, 0, 0, 0, 0, 0, 72476, 72476
2015, RAJASTHAN, 8, BHILWARA, 83, KOTRI, 1207, DANTRA, 35760, 1160697, Land improvement, 0, 0, 0, 0, 0, 0, 213484, 213484
2015, RAJASTHAN, 8, BHILWARA, 83, KOTRI, 1207, DANTRA, 35760, 1160697, Maintenance of community system, 0, 0, 0, 0, 0, 0, 47562, 47562
2015, RAJASTHAN, 8, BHILWARA, 83, KOTRI, 1207, DANTRA, 35760, 1160697, Markets and fairs, 0, 0, 0, 0, 0, 0, 9200, 9200
2015, RAJASTHAN, 8, BHILWARA, 83, KOTRI, 1207, DANTRA, 35760, 1160697, Roads, 0, 0, 0, 0, 0, 0, 518702, 518702
2015, RAJASTHAN, 8, BHILWARA, 83, KOTRI, 1207, DANTRA, 35760, 1160697, Rural electrification, 0, 0, 0, 0, 0, 0, 7930, 7930
2015, RAJASTHAN, 8, BHILWARA, 83, KOTRI, 1207, DANTRA, 35760, 1160697, Social forestry and farm forestry, 0, 0, 0, 0, 0, 0, 47936, 47936
2015, RAJASTHAN, 8, BHILWARA, 83, KOTRI, 1207, DANTRA, 35760, 1160697, Social welfare, 0, 0, 0, 0, 0, 0, 435461, 435461
2015, RAJASTHAN, 8, BHILWARA, 83, KOTRI, 1207, DANTRA, 35760, 1160697, Total, 0, 0, 0, 0, 0, 0, 1377251, 1377251
2015, RAJASTHAN, 8, BHILWARA, 83, KOTRI, 1207, GAHULI, 35762, 1168294, Drinking water, 0, 0, 0, 0, 0, 0, 442000, 442000
2015, RAJASTHAN, 8, BHILWARA, 83, KOTRI, 1207, GAHULI, 35762, 1168294, Land improvement, 0, 0, 0, 0, 0, 0, 123063, 123063
2015, RAJASTHAN, 8, BHILWARA, 83, KOTRI, 1207, GAHULI, 35762, 1168294, Total, 0, 0, 0, 0, 0, 0, 565063, 565063
2015, RAJASTHAN, 8, BHILWARA, 83, KOTRI, 1207, GEGA KA KHEDA, 35761, 1165588, Roads, 0, 0, 0, 0, 0, 0, 1145556, 1145556
2015, RAJASTHAN, 8, BHILWARA, 83, KOTRI, 1207, GEGA KA KHEDA, 35761, 1165588, Total, 0, 0, 0, 0, 0, 0, 1145556, 1145556
2015, RAJASTHAN, 8, BHILWARA, 83, KOTRI, 1207, GENDLIYA, 35763, 1163708, Roads, 0, 0, 0, 0, 0, 0, 50000, 50000
2015, RAJASTHAN, 8, BHILWARA, 83, KOTRI, 1207, GENDLIYA, 35763, 1163708, Rural housing, 0, 0, 0, 0, 0, 0, 104925, 104925
2015, RAJASTHAN, 8, BHILWARA, 83, KOTRI, 1207, GENDLIYA, 35763, 1163708, Total, 0, 0, 0, 0, 0, 0, 154925, 154925
2015, RAJASTHAN, 8, BHILWARA, 83, KOTRI, 1207, JAWAL, 35764, 1163759, Land improvement, 0, 0, 0, 0, 0, 0, 1056891, 1056891
2015, RAJASTHAN, 8, BHILWARA, 83, KOTRI, 1207, JAWAL, 35764, 1163759, Total, 0, 0, 0, 0, 0, 0, 1056891, 1056891
2015, RAJASTHAN, 8, BHILWARA, 83, KOTRI, 1207, JEEVA  KHEDA, 35765, 1168997, Drinking water, 0, 0, 0, 0, 0, 0, 1208547, 1208547
2015, RAJASTHAN, 8, BHILWARA, 83, KOTRI, 1207, JEEVA  KHEDA, 35765, 1168997, Social welfare, 0, 0, 0, 0, 0, 0, 104965, 104965
2015, RAJASTHAN, 8, BHILWARA, 83, KOTRI, 1207, JEEVA  KHEDA, 35765, 1168997, Total, 0, 0, 0, 0, 0, 0, 1313512, 1313512
2015, RAJASTHAN, 8, BHILWARA, 83, KOTRI, 1207, KAKROLIYA GHATI, 35766, 1167632, Drinking water, 0, 0, 0, 0, 0, 0, 100000, 100000
2015, RAJASTHAN, 8, BHILWARA, 83, KOTRI, 1207, KAKROLIYA GHATI, 35766, 1167632, Roads, 0, 0, 0, 0, 0, 0, 300000, 300000
2015, RAJASTHAN, 8, BHILWARA, 83, KOTRI, 1207, KAKROLIYA GHATI, 35766, 1167632, Total, 0, 0, 0, 0, 0, 0, 400000, 400000
2015, RAJASTHAN, 8, BHILWARA, 83, KOTRI, 1207, KANTI, 35767, 1164008, Drinking water, 0, 0, 0, 0, 0, 0, 21945, 21945
2015, RAJASTHAN, 8, BHILWARA, 83, KOTRI, 1207, KANTI, 35767, 1164008, Maintenance of community system, 0, 0, 0, 0, 0, 0, 114700, 114700
2015, RAJASTHAN, 8, BHILWARA, 83, KOTRI, 1207, KANTI, 35767, 1164008, Roads, 0, 0, 0, 0, 0, 0, 132090, 132090
2015, RAJASTHAN, 8, BHILWARA, 83, KOTRI, 1207, KANTI, 35767, 1164008, Social welfare, 0, 0, 0, 0, 0, 0, 8000, 8000
2015, RAJASTHAN, 8, BHILWARA, 83, KOTRI, 1207, KANTI, 35767, 1164008, Total, 0, 0, 0, 0, 0, 0, 276735, 276735
2015, RAJASTHAN, 8, BHILWARA, 83, KOTRI, 1207, KISHANGARH, 35768, 1168275, Drinking water, 0, 0, 0, 0, 0, 0, 55782, 55782
2015, RAJASTHAN, 8, BHILWARA, 83, KOTRI, 1207, KISHANGARH, 35768, 1168275, Roads, 0, 0, 0, 0, 0, 0, 846533, 846533
2015, RAJASTHAN, 8, BHILWARA, 83, KOTRI, 1207, KISHANGARH, 35768, 1168275, Total, 0, 0, 0, 0, 0, 0, 902315, 902315
2015, RAJASTHAN, 8, BHILWARA, 83, KOTRI, 1207, KOTHAJ, 35769, 1167580, Drinking water, 0, 0, 0, 0, 0, 0, 56963, 56963
2015, RAJASTHAN, 8, BHILWARA, 83, KOTRI, 1207, KOTHAJ, 35769, 1167580, Education, 0, 0, 0, 0, 0, 0, 194528, 194528
2015, RAJASTHAN, 8, BHILWARA, 83, KOTRI, 1207, KOTHAJ, 35769, 1167580, Roads, 0, 0, 0, 0, 0, 0, 983100, 983100
2015, RAJASTHAN, 8, BHILWARA, 83, KOTRI, 1207, KOTHAJ, 35769, 1167580, Social welfare, 0, 0, 0, 0, 0, 0, 673593, 673593
2015, RAJASTHAN, 8, BHILWARA, 83, KOTRI, 1207, KOTHAJ, 35769, 1167580, Total, 0, 0, 0, 0, 0, 0, 1908184, 1908184
2015, RAJASTHAN, 8, BHILWARA, 83, KOTRI, 1207, KOTRI, 35770, 1168894, Administrative & Technical Support, 0, 0, 0, 0, 0, 0, 177000, 177000
2015, RAJASTHAN, 8, BHILWARA, 83, KOTRI, 1207, KOTRI, 35770, 1168894, Roads, 0, 0, 0, 0, 0, 0, 771000, 771000
2015, RAJASTHAN, 8, BHILWARA, 83, KOTRI, 1207, KOTRI, 35770, 1168894, Rural electrification, 0, 0, 0, 0, 0, 0, 1746000, 1746000
2015, RAJASTHAN, 8, BHILWARA, 83, KOTRI, 1207, KOTRI, 35770, 1168894, Social welfare, 0, 0, 0, 0, 0, 0, 1975000, 1975000
2015, RAJASTHAN, 8, BHILWARA, 83, KOTRI, 1207, KOTRI, 35770, 1168894, Total, 0, 0, 0, 0, 0, 0, 4669000, 4669000
2015, RAJASTHAN, 8, BHILWARA, 83, KOTRI, 1207, LASADIYA, 35771, 1166935, Roads, 0, 0, 0, 0, 0, 0, 1468082, 1468082
2015, RAJASTHAN, 8, BHILWARA, 83, KOTRI, 1207, LASADIYA, 35771, 1166935, Social welfare, 0, 0, 0, 0, 0, 0, 34896, 34896
2015, RAJASTHAN, 8, BHILWARA, 83, KOTRI, 1207, LASADIYA, 35771, 1166935, Total, 0, 0, 0, 0, 0, 0, 1502978, 1502978
2015, RAJASTHAN, 8, BHILWARA, 83, KOTRI, 1207, MANSHA, 35772, 1166790, Drinking water, 0, 0, 0, 0, 0, 0, 804558, 804558
2015, RAJASTHAN, 8, BHILWARA, 83, KOTRI, 1207, MANSHA, 35772, 1166790, Land improvement, 0, 0, 0, 0, 0, 0, 971520, 971520
2015, RAJASTHAN, 8, BHILWARA, 83, KOTRI, 1207, MANSHA, 35772, 1166790, Roads, 0, 0, 0, 0, 0, 0, 2200187, 2200187
2015, RAJASTHAN, 8, BHILWARA, 83, KOTRI, 1207, MANSHA, 35772, 1166790, Total, 0, 0, 0, 0, 0, 0, 3976265, 3976265
2015, RAJASTHAN, 8, BHILWARA, 83, KOTRI, 1207, NANDRAI, 35773, 1170387, Drinking water, 0, 0, 0, 0, 0, 0, 387740, 387740
2015, RAJASTHAN, 8, BHILWARA, 83, KOTRI, 1207, NANDRAI, 35773, 1170387, Roads, 0, 0, 0, 0, 0, 0, 4490227, 4490227
2015, RAJASTHAN, 8, BHILWARA, 83, KOTRI, 1207, NANDRAI, 35773, 1170387, Social welfare, 0, 0, 0, 0, 0, 0, 150000, 150000
2015, RAJASTHAN, 8, BHILWARA, 83, KOTRI, 1207, NANDRAI, 35773, 1170387, Total, 0, 0, 0, 0, 0, 0, 5027967, 5027967
2015, RAJASTHAN, 8, BHILWARA, 83, KOTRI, 1207, PAROLI, 35774, 1168873, Roads, 0, 0, 0, 0, 0, 0, 1950000, 1950000
2015, RAJASTHAN, 8, BHILWARA, 83, KOTRI, 1207, PAROLI, 35774, 1168873, Rural electrification, 0, 0, 0, 0, 0, 0, 500000, 500000
2015, RAJASTHAN, 8, BHILWARA, 83, KOTRI, 1207, PAROLI, 35774, 1168873, Social welfare, 0, 0, 0, 0, 0, 0, 400000, 400000
2015, RAJASTHAN, 8, BHILWARA, 83, KOTRI, 1207, PAROLI, 35774, 1168873, Total, 0, 0, 0, 0, 0, 0, 2850000, 2850000
2015, RAJASTHAN, 8, BHILWARA, 83, KOTRI, 1207, RASED, 35775, 1174346, Roads, 0, 0, 0, 0, 0, 0, 1107000, 1107000
2015, RAJASTHAN, 8, BHILWARA, 83, KOTRI, 1207, RASED, 35775, 1174346, Social welfare, 0, 0, 0, 0, 0, 0, 1042000, 1042000
2015, RAJASTHAN, 8, BHILWARA, 83, KOTRI, 1207, RASED, 35775, 1174346, Total, 0, 0, 0, 0, 0, 0, 2149000, 2149000
2015, RAJASTHAN, 8, BHILWARA, 83, KOTRI, 1207, REDWAS, 35776, 1167773, Roads, 0, 0, 0, 0, 0, 0, 795158, 795158
2015, RAJASTHAN, 8, BHILWARA, 83, KOTRI, 1207, REDWAS, 35776, 1167773, Social welfare, 0, 0, 0, 0, 0, 0, 95438, 95438
2015, RAJASTHAN, 8, BHILWARA, 83, KOTRI, 1207, REDWAS, 35776, 1167773, Total, 0, 0, 0, 0, 0, 0, 890596, 890596
2015, RAJASTHAN, 8, BHILWARA, 83, KOTRI, 1207, REETH, 35777, 1167356, Drinking water, 0, 0, 0, 0, 0, 0, 774421, 774421
2015, RAJASTHAN, 8, BHILWARA, 83, KOTRI, 1207, REETH, 35777, 1167356, Roads, 0, 0, 0, 0, 0, 0, 800000, 800000
2015, RAJASTHAN, 8, BHILWARA, 83, KOTRI, 1207, REETH, 35777, 1167356, Social welfare, 0, 0, 0, 0, 0, 0, 1100000, 1100000
2015, RAJASTHAN, 8, BHILWARA, 83, KOTRI, 1207, REETH, 35777, 1167356, Total, 0, 0, 0, 0, 0, 0, 2674421, 2674421
2015, RAJASTHAN, 8, BHILWARA, 83, KOTRI, 1207, SANKHARA, 35778, 1157224, Drinking water, 0, 0, 0, 0, 0, 0, 64000, 64000
2015, RAJASTHAN, 8, BHILWARA, 83, KOTRI, 1207, SANKHARA, 35778, 1157224, Land improvement, 0, 0, 0, 0, 0, 0, 50000, 50000
2015, RAJASTHAN, 8, BHILWARA, 83, KOTRI, 1207, SANKHARA, 35778, 1157224, Roads, 0, 0, 0, 0, 0, 0, 1355000, 1355000
2015, RAJASTHAN, 8, BHILWARA, 83, KOTRI, 1207, SANKHARA, 35778, 1157224, Social forestry and farm forestry, 0, 0, 0, 0, 0, 0, 210000, 210000
2015, RAJASTHAN, 8, BHILWARA, 83, KOTRI, 1207, SANKHARA, 35778, 1157224, Social welfare, 0, 0, 0, 0, 0, 0, 55000, 55000
2015, RAJASTHAN, 8, BHILWARA, 83, KOTRI, 1207, SANKHARA, 35778, 1157224, Total, 0, 0, 0, 0, 0, 0, 1734000, 1734000
2015, RAJASTHAN, 8, BHILWARA, 83, KOTRI, 1207, SATOLA KA KHERA, 35779, 1168980, Roads, 0, 0, 0, 0, 0, 0, 918597, 918597
2015, RAJASTHAN, 8, BHILWARA, 83, KOTRI, 1207, SATOLA KA KHERA, 35779, 1168980, Total, 0, 0, 0, 0, 0, 0, 918597, 918597
2015, RAJASTHAN, 8, BHILWARA, 83, KOTRI, 1207, SAWAIPUR, 35781, 1163486, Roads, 0, 0, 0, 0, 0, 0, 100000, 100000
2015, RAJASTHAN, 8, BHILWARA, 83, KOTRI, 1207, SAWAIPUR, 35781, 1163486, Social welfare, 0, 0, 0, 0, 0, 0, 100000, 100000
2015, RAJASTHAN, 8, BHILWARA, 83, KOTRI, 1207, SAWAIPUR, 35781, 1163486, Total, 0, 0, 0, 0, 0, 0, 200000, 200000
2015, RAJASTHAN, 8, BHILWARA, 83, KOTRI, 1207, SUTHEPA, 35780, 1163807, Drinking water, 0, 0, 0, 0, 0, 0, 96774, 96774
2015, RAJASTHAN, 8, BHILWARA, 83, KOTRI, 1207, SUTHEPA, 35780, 1163807, Land improvement, 0, 0, 0, 0, 0, 0, 142680, 142680
2015, RAJASTHAN, 8, BHILWARA, 83, KOTRI, 1207, SUTHEPA, 35780, 1163807, Roads, 0, 0, 0, 0, 0, 0, 1374130, 1374130
2015, RAJASTHAN, 8, BHILWARA, 83, KOTRI, 1207, SUTHEPA, 35780, 1163807, Total, 0, 0, 0, 0, 0, 0, 1613584, 1613584
2015, RAJASTHAN, 8, BHILWARA, 83, KOTRI, 1207, UDLIYAS, 35782, 1162996, Drinking water, 0, 0, 0, 0, 0, 0, 810805, 810805
2015, RAJASTHAN, 8, BHILWARA, 83, KOTRI, 1207, UDLIYAS, 35782, 1162996, Land improvement, 0, 0, 0, 0, 0, 0, 96665, 96665
2015, RAJASTHAN, 8, BHILWARA, 83, KOTRI, 1207, UDLIYAS, 35782, 1162996, Roads, 0, 0, 0, 0, 0, 0, 2145316, 2145316
2015, RAJASTHAN, 8, BHILWARA, 83, KOTRI, 1207, UDLIYAS, 35782, 1162996, Total, 0, 0, 0, 0, 0, 0, 3052786, 3052786
2015, RAJASTHAN, 8, BHILWARA, 83, MANDAL, 1208, ALMAS, 35783, 1200592, Administrative & Technical Support, 0, 0, 0, 0, 0, 0, 251784, 251784
2015, RAJASTHAN, 8, BHILWARA, 83, MANDAL, 1208, ALMAS, 35783, 1200592, Drinking water, 0, 0, 0, 0, 0, 0, 1275750, 1275750
2015, RAJASTHAN, 8, BHILWARA, 83, MANDAL, 1208, ALMAS, 35783, 1200592, Maintenance of community system, 0, 0, 0, 0, 0, 0, 100000, 100000
2015, RAJASTHAN, 8, BHILWARA, 83, MANDAL, 1208, ALMAS, 35783, 1200592, Roads, 0, 0, 0, 0, 0, 0, 805761, 805761
2015, RAJASTHAN, 8, BHILWARA, 83, MANDAL, 1208, ALMAS, 35783, 1200592, Rural electrification, 0, 0, 0, 0, 0, 0, 171799, 171799
2015, RAJASTHAN, 8, BHILWARA, 83, MANDAL, 1208, ALMAS, 35783, 1200592, Total, 0, 0, 0, 0, 0, 0, 2605094, 2605094
2015, RAJASTHAN, 8, BHILWARA, 83, MANDAL, 1208, AMARGARH, 35784, 1191909, Administrative & Technical Support, 0, 0, 0, 0, 0, 0, 110106, 110106
2015, RAJASTHAN, 8, BHILWARA, 83, MANDAL, 1208, AMARGARH, 35784, 1191909, Drinking water, 0, 0, 0, 0, 0, 0, 1230296, 1230296
2015, RAJASTHAN, 8, BHILWARA, 83, MANDAL, 1208, AMARGARH, 35784, 1191909, Roads, 0, 0, 0, 0, 0, 0, 118388, 118388
2015, RAJASTHAN, 8, BHILWARA, 83, MANDAL, 1208, AMARGARH, 35784, 1191909, Rural electrification, 0, 0, 0, 0, 0, 0, 429116, 429116
2015, RAJASTHAN, 8, BHILWARA, 83, MANDAL, 1208, AMARGARH, 35784, 1191909, Sanitation, 0, 0, 0, 0, 0, 0, 308073, 308073
2015, RAJASTHAN, 8, BHILWARA, 83, MANDAL, 1208, AMARGARH, 35784, 1191909, Total, 0, 0, 0, 0, 0, 0, 2195979, 2195979
2015, RAJASTHAN, 8, BHILWARA, 83, MANDAL, 1208, AMDALA, 35785, 1117361, Administrative & Technical Support, 0, 0, 0, 0, 0, 0, 19110, 19110
2015, RAJASTHAN, 8, BHILWARA, 83, MANDAL, 1208, AMDALA, 35785, 1117361, Drinking water, 0, 0, 0, 0, 0, 0, 1414365, 1414365
2015, RAJASTHAN, 8, BHILWARA, 83, MANDAL, 1208, AMDALA, 35785, 1117361, Roads, 0, 0, 0, 0, 0, 0, 14000, 14000
2015, RAJASTHAN, 8, BHILWARA, 83, MANDAL, 1208, AMDALA, 35785, 1117361, Rural electrification, 0, 0, 0, 0, 0, 0, 6966, 6966
2015, RAJASTHAN, 8, BHILWARA, 83, MANDAL, 1208, AMDALA, 35785, 1117361, Total, 0, 0, 0, 0, 0, 0, 1454441, 1454441
2015, RAJASTHAN, 8, BHILWARA, 83, MANDAL, 1208, BAGORE, 35786, 1213307, Administrative & Technical Support, 0, 0, 0, 0, 0, 0, 113157, 113157
2015, RAJASTHAN, 8, BHILWARA, 83, MANDAL, 1208, BAGORE, 35786, 1213307, Drinking water, 0, 0, 0, 0, 0, 0, 3329429, 3329429
2015, RAJASTHAN, 8, BHILWARA, 83, MANDAL, 1208, BAGORE, 35786, 1213307, Maintenance of community system, 0, 0, 0, 0, 0, 0, 220000, 220000
2015, RAJASTHAN, 8, BHILWARA, 83, MANDAL, 1208, BAGORE, 35786, 1213307, Roads, 0, 0, 0, 0, 0, 0, 4470188, 4470188
2015, RAJASTHAN, 8, BHILWARA, 83, MANDAL, 1208, BAGORE, 35786, 1213307, Rural electrification, 0, 0, 0, 0, 0, 0, 297059, 297059
2015, RAJASTHAN, 8, BHILWARA, 83, MANDAL, 1208, BAGORE, 35786, 1213307, Sanitation, 0, 0, 0, 0, 0, 0, 685817, 685817
2015, RAJASTHAN, 8, BHILWARA, 83, MANDAL, 1208, BAGORE, 35786, 1213307, Total, 0, 0, 0, 0, 0, 0, 9115650, 9115650
2015, RAJASTHAN, 8, BHILWARA, 83, MANDAL, 1208, BAWADI, 35787, 1170943, Administrative & Technical Support, 0, 0, 0, 0, 0, 0, 570000, 570000
2015, RAJASTHAN, 8, BHILWARA, 83, MANDAL, 1208, BAWADI, 35787, 1170943, Drinking water, 0, 0, 0, 0, 0, 0, 1775000, 1775000
2015, RAJASTHAN, 8, BHILWARA, 83, MANDAL, 1208, BAWADI, 35787, 1170943, Rural electrification, 0, 0, 0, 0, 0, 0, 225000, 225000
2015, RAJASTHAN, 8, BHILWARA, 83, MANDAL, 1208, BAWADI, 35787, 1170943, Sanitation, 0, 0, 0, 0, 0, 0, 165000, 165000
2015, RAJASTHAN, 8, BHILWARA, 83, MANDAL, 1208, BAWADI, 35787, 1170943, Total, 0, 0, 0, 0, 0, 0, 2735000, 2735000
2015, RAJASTHAN, 8, BHILWARA, 83, MANDAL, 1208, BAWALAS, 35788, 1209513, Administrative & Technical Support, 0, 0, 0, 0, 0, 0, 126865, 126865
2015, RAJASTHAN, 8, BHILWARA, 83, MANDAL, 1208, BAWALAS, 35788, 1209513, Drinking water, 0, 0, 0, 0, 0, 0, 1897345, 1897345
2015, RAJASTHAN, 8, BHILWARA, 83, MANDAL, 1208, BAWALAS, 35788, 1209513, Maintenance of community system, 0, 0, 0, 0, 0, 0, 179931, 179931
2015, RAJASTHAN, 8, BHILWARA, 83, MANDAL, 1208, BAWALAS, 35788, 1209513, Rural electrification, 0, 0, 0, 0, 0, 0, 278083, 278083
2015, RAJASTHAN, 8, BHILWARA, 83, MANDAL, 1208, BAWALAS, 35788, 1209513, Sanitation, 0, 0, 0, 0, 0, 0, 238491, 238491
2015, RAJASTHAN, 8, BHILWARA, 83, MANDAL, 1208, BAWALAS, 35788, 1209513, Total, 0, 0, 0, 0, 0, 0, 2720715, 2720715
2015, RAJASTHAN, 8, BHILWARA, 83, MANDAL, 1208, BEMALI, 35789, 1141715, Administrative & Technical Support, 0, 0, 0, 0, 0, 0, 691000, 691000
2015, RAJASTHAN, 8, BHILWARA, 83, MANDAL, 1208, BEMALI, 35789, 1141715, Drinking water, 0, 0, 0, 0, 0, 0, 140000, 140000
2015, RAJASTHAN, 8, BHILWARA, 83, MANDAL, 1208, BEMALI, 35789, 1141715, Roads, 0, 0, 0, 0, 0, 0, 1850000, 1850000
2015, RAJASTHAN, 8, BHILWARA, 83, MANDAL, 1208, BEMALI, 35789, 1141715, Rural housing, 0, 0, 0, 0, 0, 0, 100000, 100000
2015, RAJASTHAN, 8, BHILWARA, 83, MANDAL, 1208, BEMALI, 35789, 1141715, Total, 0, 0, 0, 0, 0, 0, 2781000, 2781000
2015, RAJASTHAN, 8, BHILWARA, 83, MANDAL, 1208, BHABHANA, 35790, 1189965, Administrative & Technical Support, 0, 0, 0, 0, 0, 0, 348200, 348200
2015, RAJASTHAN, 8, BHILWARA, 83, MANDAL, 1208, BHABHANA, 35790, 1189965, Drinking water, 0, 0, 0, 0, 0, 0, 2249500, 2249500
2015, RAJASTHAN, 8, BHILWARA, 83, MANDAL, 1208, BHABHANA, 35790, 1189965, Roads, 0, 0, 0, 0, 0, 0, 89522, 89522
2015, RAJASTHAN, 8, BHILWARA, 83, MANDAL, 1208, BHABHANA, 35790, 1189965, Rural electrification, 0, 0, 0, 0, 0, 0, 22000, 22000
2015, RAJASTHAN, 8, BHILWARA, 83, MANDAL, 1208, BHABHANA, 35790, 1189965, Sanitation, 0, 0, 0, 0, 0, 0, 6800, 6800
2015, RAJASTHAN, 8, BHILWARA, 83, MANDAL, 1208, BHABHANA, 35790, 1189965, Total, 0, 0, 0, 0, 0, 0, 2716022, 2716022
2015, RAJASTHAN, 8, BHILWARA, 83, MANDAL, 1208, BHADU, 35791, 1213204, Administrative & Technical Support, 0, 0, 0, 0, 0, 0, 760733, 760733
2015, RAJASTHAN, 8, BHILWARA, 83, MANDAL, 1208, BHADU, 35791, 1213204, Drinking water, 0, 0, 0, 0, 0, 0, 1352876, 1352876
2015, RAJASTHAN, 8, BHILWARA, 83, MANDAL, 1208, BHADU, 35791, 1213204, Maintenance of community system, 0, 0, 0, 0, 0, 0, 331435, 331435
2015, RAJASTHAN, 8, BHILWARA, 83, MANDAL, 1208, BHADU, 35791, 1213204, Roads, 0, 0, 0, 0, 0, 0, 329028, 329028
2015, RAJASTHAN, 8, BHILWARA, 83, MANDAL, 1208, BHADU, 35791, 1213204, Sanitation, 0, 0, 0, 0, 0, 0, 438928, 438928
2015, RAJASTHAN, 8, BHILWARA, 83, MANDAL, 1208, BHADU, 35791, 1213204, Total, 0, 0, 0, 0, 0, 0, 3213000, 3213000
2015, RAJASTHAN, 8, BHILWARA, 83, MANDAL, 1208, BHAGWANPURA, 35792, 1208340, Administrative & Technical Support, 0, 0, 0, 0, 0, 0, 906384, 906384
2015, RAJASTHAN, 8, BHILWARA, 83, MANDAL, 1208, BHAGWANPURA, 35792, 1208340, Drinking water, 0, 0, 0, 0, 0, 0, 510963, 510963
2015, RAJASTHAN, 8, BHILWARA, 83, MANDAL, 1208, BHAGWANPURA, 35792, 1208340, Maintenance of community system, 0, 0, 0, 0, 0, 0, 619500, 619500
2015, RAJASTHAN, 8, BHILWARA, 83, MANDAL, 1208, BHAGWANPURA, 35792, 1208340, Roads, 0, 0, 0, 0, 0, 0, 414398, 414398
2015, RAJASTHAN, 8, BHILWARA, 83, MANDAL, 1208, BHAGWANPURA, 35792, 1208340, Sanitation, 0, 0, 0, 0, 0, 0, 620172, 620172
2015, RAJASTHAN, 8, BHILWARA, 83, MANDAL, 1208, BHAGWANPURA, 35792, 1208340, Total, 0, 0, 0, 0, 0, 0, 3071417, 3071417
2015, RAJASTHAN, 8, BHILWARA, 83, MANDAL, 1208, BHEEMDIYAS, 35793, 1212447, Administrative & Technical Support, 0, 0, 0, 0, 0, 0, 80622, 80622
2015, RAJASTHAN, 8, BHILWARA, 83, MANDAL, 1208, BHEEMDIYAS, 35793, 1212447, Drinking water, 0, 0, 0, 0, 0, 0, 813236, 813236
2015, RAJASTHAN, 8, BHILWARA, 83, MANDAL, 1208, BHEEMDIYAS, 35793, 1212447, Roads, 0, 0, 0, 0, 0, 0, 999216, 999216
2015, RAJASTHAN, 8, BHILWARA, 83, MANDAL, 1208, BHEEMDIYAS, 35793, 1212447, Rural electrification, 0, 0, 0, 0, 0, 0, 86758, 86758
2015, RAJASTHAN, 8, BHILWARA, 83, MANDAL, 1208, BHEEMDIYAS, 35793, 1212447, Total, 0, 0, 0, 0, 0, 0, 1979832, 1979832
2015, RAJASTHAN, 8, BHILWARA, 83, MANDAL, 1208, CHANDRAS, 35794, 1136451, Administrative & Technical Support, 0, 0, 0, 0, 0, 0, 436000, 436000
2015, RAJASTHAN, 8, BHILWARA, 83, MANDAL, 1208, CHANDRAS, 35794, 1136451, Drinking water, 0, 0, 0, 0, 0, 0, 1095000, 1095000
2015, RAJASTHAN, 8, BHILWARA, 83, MANDAL, 1208, CHANDRAS, 35794, 1136451, Maintenance of community system, 0, 0, 0, 0, 0, 0, 75000, 75000
2015, RAJASTHAN, 8, BHILWARA, 83, MANDAL, 1208, CHANDRAS, 35794, 1136451, Roads, 0, 0, 0, 0, 0, 0, 300000, 300000
2015, RAJASTHAN, 8, BHILWARA, 83, MANDAL, 1208, CHANDRAS, 35794, 1136451, Rural electrification, 0, 0, 0, 0, 0, 0, 665000, 665000
2015, RAJASTHAN, 8, BHILWARA, 83, MANDAL, 1208, CHANDRAS, 35794, 1136451, Sanitation, 0, 0, 0, 0, 0, 0, 150000, 150000
2015, RAJASTHAN, 8, BHILWARA, 83, MANDAL, 1208, CHANDRAS, 35794, 1136451, Total, 0, 0, 0, 0, 0, 0, 2721000, 2721000
2015, RAJASTHAN, 8, BHILWARA, 83, MANDAL, 1208, CHANKHED, 35795, 1104632, Administrative & Technical Support, 0, 0, 0, 0, 0, 0, 422600, 422600
2015, RAJASTHAN, 8, BHILWARA, 83, MANDAL, 1208, CHANKHED, 35795, 1104632, Drinking water, 0, 0, 0, 0, 0, 0, 778939, 778939
2015, RAJASTHAN, 8, BHILWARA, 83, MANDAL, 1208, CHANKHED, 35795, 1104632, Roads, 0, 0, 0, 0, 0, 0, 550000, 550000
2015, RAJASTHAN, 8, BHILWARA, 83, MANDAL, 1208, CHANKHED, 35795, 1104632, Rural electrification, 0, 0, 0, 0, 0, 0, 467093, 467093
2015, RAJASTHAN, 8, BHILWARA, 83, MANDAL, 1208, CHANKHED, 35795, 1104632, Total, 0, 0, 0, 0, 0, 0, 2218632, 2218632
2015, RAJASTHAN, 8, BHILWARA, 83, MANDAL, 1208, CHAWANDIYA, 35796, 1168133, Administrative & Technical Support, 0, 0, 0, 0, 0, 0, 455000, 455000
2015, RAJASTHAN, 8, BHILWARA, 83, MANDAL, 1208, CHAWANDIYA, 35796, 1168133, Drinking water, 0, 0, 0, 0, 0, 0, 1020000, 1020000
2015, RAJASTHAN, 8, BHILWARA, 83, MANDAL, 1208, CHAWANDIYA, 35796, 1168133, Maintenance of community system, 0, 0, 0, 0, 0, 0, 60000, 60000
2015, RAJASTHAN, 8, BHILWARA, 83, MANDAL, 1208, CHAWANDIYA, 35796, 1168133, Roads, 0, 0, 0, 0, 0, 0, 150000, 150000
2015, RAJASTHAN, 8, BHILWARA, 83, MANDAL, 1208, CHAWANDIYA, 35796, 1168133, Rural electrification, 0, 0, 0, 0, 0, 0, 400000, 400000
2015, RAJASTHAN, 8, BHILWARA, 83, MANDAL, 1208, CHAWANDIYA, 35796, 1168133, Total, 0, 0, 0, 0, 0, 0, 2085000, 2085000
2015, RAJASTHAN, 8, BHILWARA, 83, MANDAL, 1208, CHILESHWAR, 35797, 1175928, Administrative & Technical Support, 0, 0, 0, 0, 0, 0, 175000, 175000
2015, RAJASTHAN, 8, BHILWARA, 83, MANDAL, 1208, CHILESHWAR, 35797, 1175928, Drinking water, 0, 0, 0, 0, 0, 0, 1000000, 1000000
2015, RAJASTHAN, 8, BHILWARA, 83, MANDAL, 1208, CHILESHWAR, 35797, 1175928, Maintenance of community system, 0, 0, 0, 0, 0, 0, 600000, 600000
2015, RAJASTHAN, 8, BHILWARA, 83, MANDAL, 1208, CHILESHWAR, 35797, 1175928, Roads, 0, 0, 0, 0, 0, 0, 1050000, 1050000
2015, RAJASTHAN, 8, BHILWARA, 83, MANDAL, 1208, CHILESHWAR, 35797, 1175928, Rural electrification, 0, 0, 0, 0, 0, 0, 250000, 250000
2015, RAJASTHAN, 8, BHILWARA, 83, MANDAL, 1208, CHILESHWAR, 35797, 1175928, Sanitation, 0, 0, 0, 0, 0, 0, 250000, 250000
2015, RAJASTHAN, 8, BHILWARA, 83, MANDAL, 1208, CHILESHWAR, 35797, 1175928, Total, 0, 0, 0, 0, 0, 0, 3325000, 3325000
2015, RAJASTHAN, 8, BHILWARA, 83, MANDAL, 1208, CHITAMBA, 35798, 1190682, Administrative & Technical Support, 0, 0, 0, 0, 0, 0, 76700, 76700
2015, RAJASTHAN, 8, BHILWARA, 83, MANDAL, 1208, CHITAMBA, 35798, 1190682, Drinking water, 0, 0, 0, 0, 0, 0, 436400, 436400
2015, RAJASTHAN, 8, BHILWARA, 83, MANDAL, 1208, CHITAMBA, 35798, 1190682, Maintenance of community system, 0, 0, 0, 0, 0, 0, 468960, 468960
2015, RAJASTHAN, 8, BHILWARA, 83, MANDAL, 1208, CHITAMBA, 35798, 1190682, Roads, 0, 0, 0, 0, 0, 0, 781201, 781201
2015, RAJASTHAN, 8, BHILWARA, 83, MANDAL, 1208, CHITAMBA, 35798, 1190682, Sanitation, 0, 0, 0, 0, 0, 0, 328000, 328000
2015, RAJASTHAN, 8, BHILWARA, 83, MANDAL, 1208, CHITAMBA, 35798, 1190682, Total, 0, 0, 0, 0, 0, 0, 2091261, 2091261
2015, RAJASTHAN, 8, BHILWARA, 83, MANDAL, 1208, DAHIMATHA, 35799, 1203873, Administrative & Technical Support, 0, 0, 0, 0, 0, 0, 220000, 220000
2015, RAJASTHAN, 8, BHILWARA, 83, MANDAL, 1208, DAHIMATHA, 35799, 1203873, Drinking water, 0, 0, 0, 0, 0, 0, 150000, 150000
2015, RAJASTHAN, 8, BHILWARA, 83, MANDAL, 1208, DAHIMATHA, 35799, 1203873, Maintenance of community system, 0, 0, 0, 0, 0, 0, 580000, 580000
2015, RAJASTHAN, 8, BHILWARA, 83, MANDAL, 1208, DAHIMATHA, 35799, 1203873, Roads, 0, 0, 0, 0, 0, 0, 1230149, 1230149
2015, RAJASTHAN, 8, BHILWARA, 83, MANDAL, 1208, DAHIMATHA, 35799, 1203873, Rural electrification, 0, 0, 0, 0, 0, 0, 180000, 180000
2015, RAJASTHAN, 8, BHILWARA, 83, MANDAL, 1208, DAHIMATHA, 35799, 1203873, Sanitation, 0, 0, 0, 0, 0, 0, 175000, 175000
2015, RAJASTHAN, 8, BHILWARA, 83, MANDAL, 1208, DAHIMATHA, 35799, 1203873, Total, 0, 0, 0, 0, 0, 0, 2535149, 2535149
2015, RAJASTHAN, 8, BHILWARA, 83, MANDAL, 1208, DHUWALA(KAREDA), 35800, 1203621, Administrative & Technical Support, 0, 0, 0, 0, 0, 0, 260387, 260387
2015, RAJASTHAN, 8, BHILWARA, 83, MANDAL, 1208, DHUWALA(KAREDA), 35800, 1203621, Drinking water, 0, 0, 0, 0, 0, 0, 1688172, 1688172
2015, RAJASTHAN, 8, BHILWARA, 83, MANDAL, 1208, DHUWALA(KAREDA), 35800, 1203621, Maintenance of community system, 0, 0, 0, 0, 0, 0, 386776, 386776
2015, RAJASTHAN, 8, BHILWARA, 83, MANDAL, 1208, DHUWALA(KAREDA), 35800, 1203621, Roads, 0, 0, 0, 0, 0, 0, 349669, 349669
2015, RAJASTHAN, 8, BHILWARA, 83, MANDAL, 1208, DHUWALA(KAREDA), 35800, 1203621, Total, 0, 0, 0, 0, 0, 0, 2685004, 2685004
2015, RAJASTHAN, 8, BHILWARA, 83, MANDAL, 1208, DHUWALA(MANDAL), 35801, 1170864, Administrative & Technical Support, 0, 0, 0, 0, 0, 0, 336000, 336000
2015, RAJASTHAN, 8, BHILWARA, 83, MANDAL, 1208, DHUWALA(MANDAL), 35801, 1170864, Drinking water, 0, 0, 0, 0, 0, 0, 2954000, 2954000
2015, RAJASTHAN, 8, BHILWARA, 83, MANDAL, 1208, DHUWALA(MANDAL), 35801, 1170864, Roads, 0, 0, 0, 0, 0, 0, 500000, 500000
2015, RAJASTHAN, 8, BHILWARA, 83, MANDAL, 1208, DHUWALA(MANDAL), 35801, 1170864, Rural electrification, 0, 0, 0, 0, 0, 0, 380000, 380000
2015, RAJASTHAN, 8, BHILWARA, 83, MANDAL, 1208, DHUWALA(MANDAL), 35801, 1170864, Total, 0, 0, 0, 0, 0, 0, 4170000, 4170000
2015, RAJASTHAN, 8, BHILWARA, 83, MANDAL, 1208, GHODAS, 35802, 1128987, Administrative & Technical Support, 0, 0, 0, 0, 0, 0, 704000, 704000
2015, RAJASTHAN, 8, BHILWARA, 83, MANDAL, 1208, GHODAS, 35802, 1128987, Drinking water, 0, 0, 0, 0, 0, 0, 137256, 137256
2015, RAJASTHAN, 8, BHILWARA, 83, MANDAL, 1208, GHODAS, 35802, 1128987, Roads, 0, 0, 0, 0, 0, 0, 425000, 425000
2015, RAJASTHAN, 8, BHILWARA, 83, MANDAL, 1208, GHODAS, 35802, 1128987, Rural electrification, 0, 0, 0, 0, 0, 0, 100000, 100000
2015, RAJASTHAN, 8, BHILWARA, 83, MANDAL, 1208, GHODAS, 35802, 1128987, Sanitation, 0, 0, 0, 0, 0, 0, 855423, 855423
2015, RAJASTHAN, 8, BHILWARA, 83, MANDAL, 1208, GHODAS, 35802, 1128987, Total, 0, 0, 0, 0, 0, 0, 2221679, 2221679
2015, RAJASTHAN, 8, BHILWARA, 83, MANDAL, 1208, GORKHIYA, 35805, 1207054, Administrative & Technical Support, 0, 0, 0, 0, 0, 0, 241300, 241300
2015, RAJASTHAN, 8, BHILWARA, 83, MANDAL, 1208, GORKHIYA, 35805, 1207054, Drinking water, 0, 0, 0, 0, 0, 0, 689693, 689693
2015, RAJASTHAN, 8, BHILWARA, 83, MANDAL, 1208, GORKHIYA, 35805, 1207054, Maintenance of community system, 0, 0, 0, 0, 0, 0, 103565, 103565
2015, RAJASTHAN, 8, BHILWARA, 83, MANDAL, 1208, GORKHIYA, 35805, 1207054, Roads, 0, 0, 0, 0, 0, 0, 1482521, 1482521
2015, RAJASTHAN, 8, BHILWARA, 83, MANDAL, 1208, GORKHIYA, 35805, 1207054, Rural electrification, 0, 0, 0, 0, 0, 0, 371081, 371081
2015, RAJASTHAN, 8, BHILWARA, 83, MANDAL, 1208, GORKHIYA, 35805, 1207054, Total, 0, 0, 0, 0, 0, 0, 2888160, 2888160
2015, RAJASTHAN, 8, BHILWARA, 83, MANDAL, 1208, GOVERDHANPURA, 35804, 1207529, Administrative & Technical Support, 0, 0, 0, 0, 0, 0, 240309, 240309
2015, RAJASTHAN, 8, BHILWARA, 83, MANDAL, 1208, GOVERDHANPURA, 35804, 1207529, Drinking water, 0, 0, 0, 0, 0, 0, 2260351, 2260351
2015, RAJASTHAN, 8, BHILWARA, 83, MANDAL, 1208, GOVERDHANPURA, 35804, 1207529, Maintenance of community system, 0, 0, 0, 0, 0, 0, 220000, 220000
2015, RAJASTHAN, 8, BHILWARA, 83, MANDAL, 1208, GOVERDHANPURA, 35804, 1207529, Total, 0, 0, 0, 0, 0, 0, 2720660, 2720660
2015, RAJASTHAN, 8, BHILWARA, 83, MANDAL, 1208, GYANGARH, 35803, 1207484, Administrative & Technical Support, 0, 0, 0, 0, 0, 0, 58200, 58200
2015, RAJASTHAN, 8, BHILWARA, 83, MANDAL, 1208, GYANGARH, 35803, 1207484, Drinking water, 0, 0, 0, 0, 0, 0, 557001, 557001
2015, RAJASTHAN, 8, BHILWARA, 83, MANDAL, 1208, GYANGARH, 35803, 1207484, Maintenance of community system, 0, 0, 0, 0, 0, 0, 63914, 63914
2015, RAJASTHAN, 8, BHILWARA, 83, MANDAL, 1208, GYANGARH, 35803, 1207484, Roads, 0, 0, 0, 0, 0, 0, 1231631, 1231631
2015, RAJASTHAN, 8, BHILWARA, 83, MANDAL, 1208, GYANGARH, 35803, 1207484, Rural electrification, 0, 0, 0, 0, 0, 0, 480000, 480000
2015, RAJASTHAN, 8, BHILWARA, 83, MANDAL, 1208, GYANGARH, 35803, 1207484, Sanitation, 0, 0, 0, 0, 0, 0, 45284, 45284
2015, RAJASTHAN, 8, BHILWARA, 83, MANDAL, 1208, GYANGARH, 35803, 1207484, Total, 0, 0, 0, 0, 0, 0, 2436030, 2436030
2015, RAJASTHAN, 8, BHILWARA, 83, MANDAL, 1208, JORAWARPURA, 244607, 1170420, Administrative & Technical Support, 0, 0, 0, 0, 0, 0, 798553, 798553
2015, RAJASTHAN, 8, BHILWARA, 83, MANDAL, 1208, JORAWARPURA, 244607, 1170420, Drinking water, 0, 0, 0, 0, 0, 0, 894491, 894491
2015, RAJASTHAN, 8, BHILWARA, 83, MANDAL, 1208, JORAWARPURA, 244607, 1170420, Maintenance of community system, 0, 0, 0, 0, 0, 0, 178196, 178196
2015, RAJASTHAN, 8, BHILWARA, 83, MANDAL, 1208, JORAWARPURA, 244607, 1170420, Roads, 0, 0, 0, 0, 0, 0, 90882, 90882
2015, RAJASTHAN, 8, BHILWARA, 83, MANDAL, 1208, JORAWARPURA, 244607, 1170420, Rural electrification, 0, 0, 0, 0, 0, 0, 992904, 992904
2015, RAJASTHAN, 8, BHILWARA, 83, MANDAL, 1208, JORAWARPURA, 244607, 1170420, Total, 0, 0, 0, 0, 0, 0, 2955026, 2955026
2015, RAJASTHAN, 8, BHILWARA, 83, MANDAL, 1208, KABRADIYA, 35806, 1171017, Administrative & Technical Support, 0, 0, 0, 0, 0, 0, 73038, 73038
2015, RAJASTHAN, 8, BHILWARA, 83, MANDAL, 1208, KABRADIYA, 35806, 1171017, Drinking water, 0, 0, 0, 0, 0, 0, 1161218, 1161218
2015, RAJASTHAN, 8, BHILWARA, 83, MANDAL, 1208, KABRADIYA, 35806, 1171017, Roads, 0, 0, 0, 0, 0, 0, 1033029, 1033029
2015, RAJASTHAN, 8, BHILWARA, 83, MANDAL, 1208, KABRADIYA, 35806, 1171017, Rural electrification, 0, 0, 0, 0, 0, 0, 378755, 378755
2015, RAJASTHAN, 8, BHILWARA, 83, MANDAL, 1208, KABRADIYA, 35806, 1171017, Total, 0, 0, 0, 0, 0, 0, 2646040, 2646040
2015, RAJASTHAN, 8, BHILWARA, 83, MANDAL, 1208, KAREDA, 35807, 1118894, Administrative & Technical Support, 0, 0, 0, 0, 0, 0, 1223921, 1223921
2015, RAJASTHAN, 8, BHILWARA, 83, MANDAL, 1208, KAREDA, 35807, 1118894, Drinking water, 0, 0, 0, 0, 0, 0, 678990, 678990
2015, RAJASTHAN, 8, BHILWARA, 83, MANDAL, 1208, KAREDA, 35807, 1118894, Health, 0, 0, 0, 0, 0, 0, 36000, 36000
2015, RAJASTHAN, 8, BHILWARA, 83, MANDAL, 1208, KAREDA, 35807, 1118894, Roads, 0, 0, 0, 0, 0, 0, 28000, 28000
2015, RAJASTHAN, 8, BHILWARA, 83, MANDAL, 1208, KAREDA, 35807, 1118894, Rural electrification, 0, 0, 0, 0, 0, 0, 870973, 870973
2015, RAJASTHAN, 8, BHILWARA, 83, MANDAL, 1208, KAREDA, 35807, 1118894, Sanitation, 0, 0, 0, 0, 0, 0, 1050400, 1050400
2015, RAJASTHAN, 8, BHILWARA, 83, MANDAL, 1208, KAREDA, 35807, 1118894, Total, 0, 0, 0, 0, 0, 0, 3888284, 3888284
2015, RAJASTHAN, 8, BHILWARA, 83, MANDAL, 1208, KERIYA, 35808, 1170383, Administrative & Technical Support, 0, 0, 0, 0, 0, 0, 205000, 205000
2015, RAJASTHAN, 8, BHILWARA, 83, MANDAL, 1208, KERIYA, 35808, 1170383, Drinking water, 0, 0, 0, 0, 0, 0, 1932000, 1932000
2015, RAJASTHAN, 8, BHILWARA, 83, MANDAL, 1208, KERIYA, 35808, 1170383, Roads, 0, 0, 0, 0, 0, 0, 569000, 569000
2015, RAJASTHAN, 8, BHILWARA, 83, MANDAL, 1208, KERIYA, 35808, 1170383, Rural electrification, 0, 0, 0, 0, 0, 0, 425000, 425000
2015, RAJASTHAN, 8, BHILWARA, 83, MANDAL, 1208, KERIYA, 35808, 1170383, Sanitation, 0, 0, 0, 0, 0, 0, 100000, 100000
2015, RAJASTHAN, 8, BHILWARA, 83, MANDAL, 1208, KERIYA, 35808, 1170383, Total, 0, 0, 0, 0, 0, 0, 3231000, 3231000
2015, RAJASTHAN, 8, BHILWARA, 83, MANDAL, 1208, KIDIMAL, 35809, 1120934, Administrative & Technical Support, 0, 0, 0, 0, 0, 0, 759000, 759000
2015, RAJASTHAN, 8, BHILWARA, 83, MANDAL, 1208, KIDIMAL, 35809, 1120934, Drinking water, 0, 0, 0, 0, 0, 0, 520000, 520000
2015, RAJASTHAN, 8, BHILWARA, 83, MANDAL, 1208, KIDIMAL, 35809, 1120934, Maintenance of community system, 0, 0, 0, 0, 0, 0, 75000, 75000
2015, RAJASTHAN, 8, BHILWARA, 83, MANDAL, 1208, KIDIMAL, 35809, 1120934, Roads, 0, 0, 0, 0, 0, 0, 335000, 335000
2015, RAJASTHAN, 8, BHILWARA, 83, MANDAL, 1208, KIDIMAL, 35809, 1120934, Rural electrification, 0, 0, 0, 0, 0, 0, 100000, 100000
2015, RAJASTHAN, 8, BHILWARA, 83, MANDAL, 1208, KIDIMAL, 35809, 1120934, Sanitation, 0, 0, 0, 0, 0, 0, 300000, 300000
2015, RAJASTHAN, 8, BHILWARA, 83, MANDAL, 1208, KIDIMAL, 35809, 1120934, Total, 0, 0, 0, 0, 0, 0, 2089000, 2089000
2015, RAJASTHAN, 8, BHILWARA, 83, MANDAL, 1208, LADUWAS, 244608, 1176623, Administrative & Technical Support, 0, 0, 0, 0, 0, 0, 416863, 416863
2015, RAJASTHAN, 8, BHILWARA, 83, MANDAL, 1208, LADUWAS, 244608, 1176623, Drinking water, 0, 0, 0, 0, 0, 0, 1326000, 1326000
2015, RAJASTHAN, 8, BHILWARA, 83, MANDAL, 1208, LADUWAS, 244608, 1176623, Roads, 0, 0, 0, 0, 0, 0, 300000, 300000
2015, RAJASTHAN, 8, BHILWARA, 83, MANDAL, 1208, LADUWAS, 244608, 1176623, Rural electrification, 0, 0, 0, 0, 0, 0, 450000, 450000
2015, RAJASTHAN, 8, BHILWARA, 83, MANDAL, 1208, LADUWAS, 244608, 1176623, Sanitation, 0, 0, 0, 0, 0, 0, 300000, 300000
2015, RAJASTHAN, 8, BHILWARA, 83, MANDAL, 1208, LADUWAS, 244608, 1176623, Total, 0, 0, 0, 0, 0, 0, 2792863, 2792863
2015, RAJASTHAN, 8, BHILWARA, 83, MANDAL, 1208, LESWA, 35810, 1201212, Administrative & Technical Support, 0, 0, 0, 0, 0, 0, 280783, 280783
2015, RAJASTHAN, 8, BHILWARA, 83, MANDAL, 1208, LESWA, 35810, 1201212, Drinking water, 0, 0, 0, 0, 0, 0, 254940, 254940
2015, RAJASTHAN, 8, BHILWARA, 83, MANDAL, 1208, LESWA, 35810, 1201212, Maintenance of community system, 0, 0, 0, 0, 0, 0, 415958, 415958
2015, RAJASTHAN, 8, BHILWARA, 83, MANDAL, 1208, LESWA, 35810, 1201212, Roads, 0, 0, 0, 0, 0, 0, 674550, 674550
2015, RAJASTHAN, 8, BHILWARA, 83, MANDAL, 1208, LESWA, 35810, 1201212, Rural electrification, 0, 0, 0, 0, 0, 0, 309733, 309733
2015, RAJASTHAN, 8, BHILWARA, 83, MANDAL, 1208, LESWA, 35810, 1201212, Total, 0, 0, 0, 0, 0, 0, 1935964, 1935964
2015, RAJASTHAN, 8, BHILWARA, 83, MANDAL, 1208, LUHARIYA, 244606, 1207512, Administrative & Technical Support, 0, 0, 0, 0, 0, 0, 544978, 544978
2015, RAJASTHAN, 8, BHILWARA, 83, MANDAL, 1208, LUHARIYA, 244606, 1207512, Drinking water, 0, 0, 0, 0, 0, 0, 1628739, 1628739
2015, RAJASTHAN, 8, BHILWARA, 83, MANDAL, 1208, LUHARIYA, 244606, 1207512, Maintenance of community system, 0, 0, 0, 0, 0, 0, 887770, 887770
2015, RAJASTHAN, 8, BHILWARA, 83, MANDAL, 1208, LUHARIYA, 244606, 1207512, Roads, 0, 0, 0, 0, 0, 0, 687172, 687172
2015, RAJASTHAN, 8, BHILWARA, 83, MANDAL, 1208, LUHARIYA, 244606, 1207512, Rural electrification, 0, 0, 0, 0, 0, 0, 93985, 93985
2015, RAJASTHAN, 8, BHILWARA, 83, MANDAL, 1208, LUHARIYA, 244606, 1207512, Sanitation, 0, 0, 0, 0, 0, 0, 346000, 346000
2015, RAJASTHAN, 8, BHILWARA, 83, MANDAL, 1208, LUHARIYA, 244606, 1207512, Total, 0, 0, 0, 0, 0, 0, 4188644, 4188644
2015, RAJASTHAN, 8, BHILWARA, 83, MANDAL, 1208, MANDAL, 35811, 1208832, Administrative & Technical Support, 0, 0, 0, 0, 0, 0, 958449, 958449
2015, RAJASTHAN, 8, BHILWARA, 83, MANDAL, 1208, MANDAL, 35811, 1208832, Drinking water, 0, 0, 0, 0, 0, 0, 3137053, 3137053
2015, RAJASTHAN, 8, BHILWARA, 83, MANDAL, 1208, MANDAL, 35811, 1208832, Maintenance of community system, 0, 0, 0, 0, 0, 0, 164859, 164859
2015, RAJASTHAN, 8, BHILWARA, 83, MANDAL, 1208, MANDAL, 35811, 1208832, Roads, 0, 0, 0, 0, 0, 0, 3856877, 3856877
2015, RAJASTHAN, 8, BHILWARA, 83, MANDAL, 1208, MANDAL, 35811, 1208832, Rural electrification, 0, 0, 0, 0, 0, 0, 670000, 670000
2015, RAJASTHAN, 8, BHILWARA, 83, MANDAL, 1208, MANDAL, 35811, 1208832, Sanitation, 0, 0, 0, 0, 0, 0, 1592768, 1592768
2015, RAJASTHAN, 8, BHILWARA, 83, MANDAL, 1208, MANDAL, 35811, 1208832, Total, 0, 0, 0, 0, 0, 0, 10380006, 10380006
2015, RAJASTHAN, 8, BHILWARA, 83, MANDAL, 1208, MEJA, 244605, 1120018, Administrative & Technical Support, 0, 0, 0, 0, 0, 0, 57370, 57370
2015, RAJASTHAN, 8, BHILWARA, 83, MANDAL, 1208, MEJA, 244605, 1120018, Drinking water, 0, 0, 0, 0, 0, 0, 86310, 86310
2015, RAJASTHAN, 8, BHILWARA, 83, MANDAL, 1208, MEJA, 244605, 1120018, Maintenance of community system, 0, 0, 0, 0, 0, 0, 82616, 82616
2015, RAJASTHAN, 8, BHILWARA, 83, MANDAL, 1208, MEJA, 244605, 1120018, Roads, 0, 0, 0, 0, 0, 0, 1522727, 1522727
2015, RAJASTHAN, 8, BHILWARA, 83, MANDAL, 1208, MEJA, 244605, 1120018, Rural electrification, 0, 0, 0, 0, 0, 0, 82834, 82834
2015, RAJASTHAN, 8, BHILWARA, 83, MANDAL, 1208, MEJA, 244605, 1120018, Total, 0, 0, 0, 0, 0, 0, 1831857, 1831857
2015, RAJASTHAN, 8, BHILWARA, 83, MANDAL, 1208, MOTA KA KHERA, 35812, 1190350, Administrative & Technical Support, 0, 0, 0, 0, 0, 0, 331406, 331406
2015, RAJASTHAN, 8, BHILWARA, 83, MANDAL, 1208, MOTA KA KHERA, 35812, 1190350, Drinking water, 0, 0, 0, 0, 0, 0, 1149856, 1149856
2015, RAJASTHAN, 8, BHILWARA, 83, MANDAL, 1208, MOTA KA KHERA, 35812, 1190350, Maintenance of community system, 0, 0, 0, 0, 0, 0, 28000, 28000
2015, RAJASTHAN, 8, BHILWARA, 83, MANDAL, 1208, MOTA KA KHERA, 35812, 1190350, Rural electrification, 0, 0, 0, 0, 0, 0, 432892, 432892
2015, RAJASTHAN, 8, BHILWARA, 83, MANDAL, 1208, MOTA KA KHERA, 35812, 1190350, Total, 0, 0, 0, 0, 0, 0, 1942154, 1942154
2015, RAJASTHAN, 8, BHILWARA, 83, MANDAL, 1208, NARELI, 35813, 1207095, Administrative & Technical Support, 0, 0, 0, 0, 0, 0, 319302, 319302
2015, RAJASTHAN, 8, BHILWARA, 83, MANDAL, 1208, NARELI, 35813, 1207095, Drinking water, 0, 0, 0, 0, 0, 0, 1371329, 1371329
2015, RAJASTHAN, 8, BHILWARA, 83, MANDAL, 1208, NARELI, 35813, 1207095, Maintenance of community system, 0, 0, 0, 0, 0, 0, 505578, 505578
2015, RAJASTHAN, 8, BHILWARA, 83, MANDAL, 1208, NARELI, 35813, 1207095, Roads, 0, 0, 0, 0, 0, 0, 300000, 300000
2015, RAJASTHAN, 8, BHILWARA, 83, MANDAL, 1208, NARELI, 35813, 1207095, Total, 0, 0, 0, 0, 0, 0, 2496209, 2496209
2015, RAJASTHAN, 8, BHILWARA, 83, MANDAL, 1208, NIMBAHERA JATAN, 35814, 1207464, Administrative & Technical Support, 0, 0, 0, 0, 0, 0, 613227, 613227
2015, RAJASTHAN, 8, BHILWARA, 83, MANDAL, 1208, NIMBAHERA JATAN, 35814, 1207464, Drinking water, 0, 0, 0, 0, 0, 0, 974074, 974074
2015, RAJASTHAN, 8, BHILWARA, 83, MANDAL, 1208, NIMBAHERA JATAN, 35814, 1207464, Maintenance of community system, 0, 0, 0, 0, 0, 0, 326993, 326993
2015, RAJASTHAN, 8, BHILWARA, 83, MANDAL, 1208, NIMBAHERA JATAN, 35814, 1207464, Roads, 0, 0, 0, 0, 0, 0, 920192, 920192
2015, RAJASTHAN, 8, BHILWARA, 83, MANDAL, 1208, NIMBAHERA JATAN, 35814, 1207464, Sanitation, 0, 0, 0, 0, 0, 0, 271735, 271735
2015, RAJASTHAN, 8, BHILWARA, 83, MANDAL, 1208, NIMBAHERA JATAN, 35814, 1207464, Total, 0, 0, 0, 0, 0, 0, 3106221, 3106221
2015, RAJASTHAN, 8, BHILWARA, 83, MANDAL, 1208, PITHAS, 35815, 1212614, Administrative & Technical Support, 0, 0, 0, 0, 0, 0, 560525, 560525
2015, RAJASTHAN, 8, BHILWARA, 83, MANDAL, 1208, PITHAS, 35815, 1212614, Drinking water, 0, 0, 0, 0, 0, 0, 535077, 535077
2015, RAJASTHAN, 8, BHILWARA, 83, MANDAL, 1208, PITHAS, 35815, 1212614, Maintenance of community system, 0, 0, 0, 0, 0, 0, 487844, 487844
2015, RAJASTHAN, 8, BHILWARA, 83, MANDAL, 1208, PITHAS, 35815, 1212614, Roads, 0, 0, 0, 0, 0, 0, 458383, 458383
2015, RAJASTHAN, 8, BHILWARA, 83, MANDAL, 1208, PITHAS, 35815, 1212614, Sanitation, 0, 0, 0, 0, 0, 0, 100000, 100000
2015, RAJASTHAN, 8, BHILWARA, 83, MANDAL, 1208, PITHAS, 35815, 1212614, Total, 0, 0, 0, 0, 0, 0, 2141829, 2141829
2015, RAJASTHAN, 8, BHILWARA, 83, MANDAL, 1208, RAMPURIYA, 35816, 1168333, Administrative & Technical Support, 0, 0, 0, 0, 0, 0, 947000, 947000
2015, RAJASTHAN, 8, BHILWARA, 83, MANDAL, 1208, RAMPURIYA, 35816, 1168333, Drinking water, 0, 0, 0, 0, 0, 0, 710000, 710000
2015, RAJASTHAN, 8, BHILWARA, 83, MANDAL, 1208, RAMPURIYA, 35816, 1168333, Roads, 0, 0, 0, 0, 0, 0, 360000, 360000
2015, RAJASTHAN, 8, BHILWARA, 83, MANDAL, 1208, RAMPURIYA, 35816, 1168333, Rural electrification, 0, 0, 0, 0, 0, 0, 150000, 150000
2015, RAJASTHAN, 8, BHILWARA, 83, MANDAL, 1208, RAMPURIYA, 35816, 1168333, Sanitation, 0, 0, 0, 0, 0, 0, 350000, 350000
2015, RAJASTHAN, 8, BHILWARA, 83, MANDAL, 1208, RAMPURIYA, 35816, 1168333, Total, 0, 0, 0, 0, 0, 0, 2517000, 2517000
2015, RAJASTHAN, 8, BHILWARA, 83, MANDAL, 1208, SAHNUNDA, 35818, 1207626, Administrative & Technical Support, 0, 0, 0, 0, 0, 0, 440263, 440263
2015, RAJASTHAN, 8, BHILWARA, 83, MANDAL, 1208, SAHNUNDA, 35818, 1207626, Drinking water, 0, 0, 0, 0, 0, 0, 1238602, 1238602
2015, RAJASTHAN, 8, BHILWARA, 83, MANDAL, 1208, SAHNUNDA, 35818, 1207626, Maintenance of community system, 0, 0, 0, 0, 0, 0, 187117, 187117
2015, RAJASTHAN, 8, BHILWARA, 83, MANDAL, 1208, SAHNUNDA, 35818, 1207626, Rural electrification, 0, 0, 0, 0, 0, 0, 42376, 42376
2015, RAJASTHAN, 8, BHILWARA, 83, MANDAL, 1208, SAHNUNDA, 35818, 1207626, Sanitation, 0, 0, 0, 0, 0, 0, 214532, 214532
2015, RAJASTHAN, 8, BHILWARA, 83, MANDAL, 1208, SAHNUNDA, 35818, 1207626, Total, 0, 0, 0, 0, 0, 0, 2122890, 2122890
2015, RAJASTHAN, 8, BHILWARA, 83, MANDAL, 1208, SANTOKPURA, 35817, 1130232, Administrative & Technical Support, 0, 0, 0, 0, 0, 0, 976673, 976673
2015, RAJASTHAN, 8, BHILWARA, 83, MANDAL, 1208, SANTOKPURA, 35817, 1130232, Drinking water, 0, 0, 0, 0, 0, 0, 1886123, 1886123
2015, RAJASTHAN, 8, BHILWARA, 83, MANDAL, 1208, SANTOKPURA, 35817, 1130232, Roads, 0, 0, 0, 0, 0, 0, 574858, 574858
2015, RAJASTHAN, 8, BHILWARA, 83, MANDAL, 1208, SANTOKPURA, 35817, 1130232, Rural electrification, 0, 0, 0, 0, 0, 0, 275846, 275846
2015, RAJASTHAN, 8, BHILWARA, 83, MANDAL, 1208, SANTOKPURA, 35817, 1130232, Sanitation, 0, 0, 0, 0, 0, 0, 827072, 827072
2015, RAJASTHAN, 8, BHILWARA, 83, MANDAL, 1208, SANTOKPURA, 35817, 1130232, Total, 0, 0, 0, 0, 0, 0, 4540572, 4540572
2015, RAJASTHAN, 8, BHILWARA, 83, MANDAL, 1208, SHIVPUR, 35819, 1175982, Administrative & Technical Support, 0, 0, 0, 0, 0, 0, 500000, 500000
2015, RAJASTHAN, 8, BHILWARA, 83, MANDAL, 1208, SHIVPUR, 35819, 1175982, Drinking water, 0, 0, 0, 0, 0, 0, 100000, 100000
2015, RAJASTHAN, 8, BHILWARA, 83, MANDAL, 1208, SHIVPUR, 35819, 1175982, Maintenance of community system, 0, 0, 0, 0, 0, 0, 750000, 750000
2015, RAJASTHAN, 8, BHILWARA, 83, MANDAL, 1208, SHIVPUR, 35819, 1175982, Roads, 0, 0, 0, 0, 0, 0, 950000, 950000
2015, RAJASTHAN, 8, BHILWARA, 83, MANDAL, 1208, SHIVPUR, 35819, 1175982, Rural electrification, 0, 0, 0, 0, 0, 0, 300000, 300000
2015, RAJASTHAN, 8, BHILWARA, 83, MANDAL, 1208, SHIVPUR, 35819, 1175982, Sanitation, 0, 0, 0, 0, 0, 0, 500000, 500000
2015, RAJASTHAN, 8, BHILWARA, 83, MANDAL, 1208, SHIVPUR, 35819, 1175982, Total, 0, 0, 0, 0, 0, 0, 3100000, 3100000
2015, RAJASTHAN, 8, BHILWARA, 83, MANDAL, 1208, SIDIYAS, 35820, 1201004, Administrative & Technical Support, 0, 0, 0, 0, 0, 0, 413525, 413525
2015, RAJASTHAN, 8, BHILWARA, 83, MANDAL, 1208, SIDIYAS, 35820, 1201004, Drinking water, 0, 0, 0, 0, 0, 0, 332502, 332502
2015, RAJASTHAN, 8, BHILWARA, 83, MANDAL, 1208, SIDIYAS, 35820, 1201004, Maintenance of community system, 0, 0, 0, 0, 0, 0, 250000, 250000
2015, RAJASTHAN, 8, BHILWARA, 83, MANDAL, 1208, SIDIYAS, 35820, 1201004, Roads, 0, 0, 0, 0, 0, 0, 1045502, 1045502
2015, RAJASTHAN, 8, BHILWARA, 83, MANDAL, 1208, SIDIYAS, 35820, 1201004, Rural electrification, 0, 0, 0, 0, 0, 0, 181036, 181036
2015, RAJASTHAN, 8, BHILWARA, 83, MANDAL, 1208, SIDIYAS, 35820, 1201004, Sanitation, 0, 0, 0, 0, 0, 0, 881472, 881472
2015, RAJASTHAN, 8, BHILWARA, 83, MANDAL, 1208, SIDIYAS, 35820, 1201004, Total, 0, 0, 0, 0, 0, 0, 3104037, 3104037
2015, RAJASTHAN, 8, BHILWARA, 83, MANDAL, 1208, SURAS, 35821, 1115071, Administrative & Technical Support, 0, 0, 0, 0, 0, 0, 19700, 19700
2015, RAJASTHAN, 8, BHILWARA, 83, MANDAL, 1208, SURAS, 35821, 1115071, Drinking water, 0, 0, 0, 0, 0, 0, 197063, 197063
2015, RAJASTHAN, 8, BHILWARA, 83, MANDAL, 1208, SURAS, 35821, 1115071, Roads, 0, 0, 0, 0, 0, 0, 156346, 156346
2015, RAJASTHAN, 8, BHILWARA, 83, MANDAL, 1208, SURAS, 35821, 1115071, Rural electrification, 0, 0, 0, 0, 0, 0, 294524, 294524
2015, RAJASTHAN, 8, BHILWARA, 83, MANDAL, 1208, SURAS, 35821, 1115071, Sanitation, 0, 0, 0, 0, 0, 0, 193141, 193141
2015, RAJASTHAN, 8, BHILWARA, 83, MANDAL, 1208, SURAS, 35821, 1115071, Technical training and vocational education, 0, 0, 0, 0, 0, 0, 21075, 21075
2015, RAJASTHAN, 8, BHILWARA, 83, MANDAL, 1208, SURAS, 35821, 1115071, Total, 0, 0, 0, 0, 0, 0, 881849, 881849
2015, RAJASTHAN, 8, BHILWARA, 83, MANDAL, 1208, TAHUKA, 35822, 1200960, Administrative & Technical Support, 0, 0, 0, 0, 0, 0, 295378, 295378
2015, RAJASTHAN, 8, BHILWARA, 83, MANDAL, 1208, TAHUKA, 35822, 1200960, Drinking water, 0, 0, 0, 0, 0, 0, 108330, 108330
2015, RAJASTHAN, 8, BHILWARA, 83, MANDAL, 1208, TAHUKA, 35822, 1200960, Maintenance of community system, 0, 0, 0, 0, 0, 0, 147411, 147411
2015, RAJASTHAN, 8, BHILWARA, 83, MANDAL, 1208, TAHUKA, 35822, 1200960, Roads, 0, 0, 0, 0, 0, 0, 1572754, 1572754
2015, RAJASTHAN, 8, BHILWARA, 83, MANDAL, 1208, TAHUKA, 35822, 1200960, Rural electrification, 0, 0, 0, 0, 0, 0, 207598, 207598
2015, RAJASTHAN, 8, BHILWARA, 83, MANDAL, 1208, TAHUKA, 35822, 1200960, Total, 0, 0, 0, 0, 0, 0, 2331471, 2331471
2015, RAJASTHAN, 8, BHILWARA, 83, MANDAL, 1208, THANA, 35823, 1201085, Administrative & Technical Support, 0, 0, 0, 0, 0, 0, 95000, 95000
2015, RAJASTHAN, 8, BHILWARA, 83, MANDAL, 1208, THANA, 35823, 1201085, Drinking water, 0, 0, 0, 0, 0, 0, 510000, 510000
2015, RAJASTHAN, 8, BHILWARA, 83, MANDAL, 1208, THANA, 35823, 1201085, Maintenance of community system, 0, 0, 0, 0, 0, 0, 1100000, 1100000
2015, RAJASTHAN, 8, BHILWARA, 83, MANDAL, 1208, THANA, 35823, 1201085, Roads, 0, 0, 0, 0, 0, 0, 1030000, 1030000
2015, RAJASTHAN, 8, BHILWARA, 83, MANDAL, 1208, THANA, 35823, 1201085, Rural electrification, 0, 0, 0, 0, 0, 0, 100000, 100000
2015, RAJASTHAN, 8, BHILWARA, 83, MANDAL, 1208, THANA, 35823, 1201085, Total, 0, 0, 0, 0, 0, 0, 2835000, 2835000
2015, RAJASTHAN, 8, BHILWARA, 83, MANDAL, 1208, UMRI, 35824, 1206999, Administrative & Technical Support, 0, 0, 0, 0, 0, 0, 267228, 267228
2015, RAJASTHAN, 8, BHILWARA, 83, MANDAL, 1208, UMRI, 35824, 1206999, Drinking water, 0, 0, 0, 0, 0, 0, 1594722, 1594722
2015, RAJASTHAN, 8, BHILWARA, 83, MANDAL, 1208, UMRI, 35824, 1206999, Roads, 0, 0, 0, 0, 0, 0, 264212, 264212
2015, RAJASTHAN, 8, BHILWARA, 83, MANDAL, 1208, UMRI, 35824, 1206999, Rural electrification, 0, 0, 0, 0, 0, 0, 219737, 219737
2015, RAJASTHAN, 8, BHILWARA, 83, MANDAL, 1208, UMRI, 35824, 1206999, Total, 0, 0, 0, 0, 0, 0, 2345899, 2345899
2015, RAJASTHAN, 8, BHILWARA, 83, MANDALGARH, 1209, BALDARKHAN, 236072, 1128771, Drinking water, 0, 0, 0, 0, 0, 0, 180000, 180000
2015, RAJASTHAN, 8, BHILWARA, 83, MANDALGARH, 1209, BALDARKHAN, 236072, 1128771, Maintenance of community system, 0, 0, 0, 0, 0, 0, 362000, 362000
2015, RAJASTHAN, 8, BHILWARA, 83, MANDALGARH, 1209, BALDARKHAN, 236072, 1128771, Roads, 0, 0, 0, 0, 0, 0, 775000, 775000
2015, RAJASTHAN, 8, BHILWARA, 83, MANDALGARH, 1209, BALDARKHAN, 236072, 1128771, Total, 0, 0, 0, 0, 0, 0, 1317000, 1317000
2015, RAJASTHAN, 8, BHILWARA, 83, MANDALGARH, 1209, BARUNDNI, 35826, 1128663, Agriculture, 0, 0, 0, 0, 0, 0, 43000, 43000
2015, RAJASTHAN, 8, BHILWARA, 83, MANDALGARH, 1209, BARUNDNI, 35826, 1128663, Drinking water, 0, 0, 0, 0, 0, 0, 2563000, 2563000
2015, RAJASTHAN, 8, BHILWARA, 83, MANDALGARH, 1209, BARUNDNI, 35826, 1128663, Family welfare, 0, 0, 0, 0, 0, 0, 480000, 480000
2015, RAJASTHAN, 8, BHILWARA, 83, MANDALGARH, 1209, BARUNDNI, 35826, 1128663, Maintenance of community system, 0, 0, 0, 0, 0, 0, 96000, 96000
2015, RAJASTHAN, 8, BHILWARA, 83, MANDALGARH, 1209, BARUNDNI, 35826, 1128663, Roads, 0, 0, 0, 0, 0, 0, 408000, 408000
2015, RAJASTHAN, 8, BHILWARA, 83, MANDALGARH, 1209, BARUNDNI, 35826, 1128663, Total, 0, 0, 0, 0, 0, 0, 3590000, 3590000
2015, RAJASTHAN, 8, BHILWARA, 83, MANDALGARH, 1209, BEEKRAN, 35830, 1134114, Drinking water, 0, 0, 0, 0, 0, 0, 1610507, 1610507
2015, RAJASTHAN, 8, BHILWARA, 83, MANDALGARH, 1209, BEEKRAN, 35830, 1134114, Maintenance of community system, 0, 0, 0, 0, 0, 0, 273058, 273058
2015, RAJASTHAN, 8, BHILWARA, 83, MANDALGARH, 1209, BEEKRAN, 35830, 1134114, Roads, 0, 0, 0, 0, 0, 0, 200000, 200000
2015, RAJASTHAN, 8, BHILWARA, 83, MANDALGARH, 1209, BEEKRAN, 35830, 1134114, Total, 0, 0, 0, 0, 0, 0, 2083565, 2083565
2015, RAJASTHAN, 8, BHILWARA, 83, MANDALGARH, 1209, BIGOD, 35828, 1149704, Maintenance of community system, 0, 0, 0, 0, 0, 0, 300000, 300000
2015, RAJASTHAN, 8, BHILWARA, 83, MANDALGARH, 1209, BIGOD, 35828, 1149704, Roads, 0, 0, 0, 0, 0, 0, 8340128, 8340128
2015, RAJASTHAN, 8, BHILWARA, 83, MANDALGARH, 1209, BIGOD, 35828, 1149704, Total, 0, 0, 0, 0, 0, 0, 8640128, 8640128
2015, RAJASTHAN, 8, BHILWARA, 83, MANDALGARH, 1209, DHAKAR KHERI, 35832, 1130509, Administrative & Technical Support, 0, 0, 0, 0, 0, 0, 56000, 56000
2015, RAJASTHAN, 8, BHILWARA, 83, MANDALGARH, 1209, DHAKAR KHERI, 35832, 1130509, Drinking water, 0, 0, 0, 0, 0, 0, 365000, 365000
2015, RAJASTHAN, 8, BHILWARA, 83, MANDALGARH, 1209, DHAKAR KHERI, 35832, 1130509, Maintenance of community system, 0, 0, 0, 0, 0, 0, 230000, 230000
2015, RAJASTHAN, 8, BHILWARA, 83, MANDALGARH, 1209, DHAKAR KHERI, 35832, 1130509, Roads, 0, 0, 0, 0, 0, 0, 700000, 700000
2015, RAJASTHAN, 8, BHILWARA, 83, MANDALGARH, 1209, DHAKAR KHERI, 35832, 1130509, Social welfare, 0, 0, 0, 0, 0, 0, 210000, 210000
2015, RAJASTHAN, 8, BHILWARA, 83, MANDALGARH, 1209, DHAKAR KHERI, 35832, 1130509, Total, 0, 0, 0, 0, 0, 0, 1561000, 1561000
2015, RAJASTHAN, 8, BHILWARA, 83, MANDALGARH, 1209, DHAMNIYA, 35833, 1151884, Maintenance of community system, 0, 0, 0, 0, 0, 0, 500000, 500000
2015, RAJASTHAN, 8, BHILWARA, 83, MANDALGARH, 1209, DHAMNIYA, 35833, 1151884, Roads, 0, 0, 0, 0, 0, 0, 2338101, 2338101
2015, RAJASTHAN, 8, BHILWARA, 83, MANDALGARH, 1209, DHAMNIYA, 35833, 1151884, Total, 0, 0, 0, 0, 0, 0, 2838101, 2838101
2015, RAJASTHAN, 8, BHILWARA, 83, MANDALGARH, 1209, DOLPURA, 35834, 1148689, Drinking water, 0, 0, 0, 0, 0, 0, 251274, 251274
2015, RAJASTHAN, 8, BHILWARA, 83, MANDALGARH, 1209, DOLPURA, 35834, 1148689, Roads, 0, 0, 0, 0, 0, 0, 2001177, 2001177
2015, RAJASTHAN, 8, BHILWARA, 83, MANDALGARH, 1209, DOLPURA, 35834, 1148689, Total, 0, 0, 0, 0, 0, 0, 2252451, 2252451
2015, RAJASTHAN, 8, BHILWARA, 83, MANDALGARH, 1209, GENOLI, 236071, 1134800, Administrative & Technical Support, 0, 0, 0, 0, 0, 0, 122249, 122249
2015, RAJASTHAN, 8, BHILWARA, 83, MANDALGARH, 1209, GENOLI, 236071, 1134800, Drinking water, 0, 0, 0, 0, 0, 0, 386400, 386400
2015, RAJASTHAN, 8, BHILWARA, 83, MANDALGARH, 1209, GENOLI, 236071, 1134800, Maintenance of community system, 0, 0, 0, 0, 0, 0, 47250, 47250
2015, RAJASTHAN, 8, BHILWARA, 83, MANDALGARH, 1209, GENOLI, 236071, 1134800, Roads, 0, 0, 0, 0, 0, 0, 1766089, 1766089
2015, RAJASTHAN, 8, BHILWARA, 83, MANDALGARH, 1209, GENOLI, 236071, 1134800, Total, 0, 0, 0, 0, 0, 0, 2339640, 2339640
2015, RAJASTHAN, 8, BHILWARA, 83, MANDALGARH, 1209, GENOLI, 236071, 1134800, Water Conservation, 0, 0, 0, 0, 0, 0, 17652, 17652
2015, RAJASTHAN, 8, BHILWARA, 83, MANDALGARH, 1209, HODA, 236070, 1127686, Agriculture, 0, 0, 0, 0, 0, 0, 180000, 180000
2015, RAJASTHAN, 8, BHILWARA, 83, MANDALGARH, 1209, HODA, 236070, 1127686, Cultural activities, 0, 0, 0, 0, 0, 0, 62924, 62924
2015, RAJASTHAN, 8, BHILWARA, 83, MANDALGARH, 1209, HODA, 236070, 1127686, Maintenance of community system, 0, 0, 0, 0, 0, 0, 106457, 106457
2015, RAJASTHAN, 8, BHILWARA, 83, MANDALGARH, 1209, HODA, 236070, 1127686, Roads, 0, 0, 0, 0, 0, 0, 1014355, 1014355
2015, RAJASTHAN, 8, BHILWARA, 83, MANDALGARH, 1209, HODA, 236070, 1127686, Social welfare, 0, 0, 0, 0, 0, 0, 27990, 27990
2015, RAJASTHAN, 8, BHILWARA, 83, MANDALGARH, 1209, HODA, 236070, 1127686, Total, 0, 0, 0, 0, 0, 0, 1391726, 1391726
2015, RAJASTHAN, 8, BHILWARA, 83, MANDALGARH, 1209, JALIYA, 35837, 1128754, Drinking water, 0, 0, 0, 0, 0, 0, 439000, 439000
2015, RAJASTHAN, 8, BHILWARA, 83, MANDALGARH, 1209, JALIYA, 35837, 1128754, Roads, 0, 0, 0, 0, 0, 0, 1881000, 1881000
2015, RAJASTHAN, 8, BHILWARA, 83, MANDALGARH, 1209, JALIYA, 35837, 1128754, Total, 0, 0, 0, 0, 0, 0, 2320000, 2320000
2015, RAJASTHAN, 8, BHILWARA, 83, MANDALGARH, 1209, JASSU JI KA KHERA, 35838, 1112206, Drinking water, 0, 0, 0, 0, 0, 0, 464951, 464951
2015, RAJASTHAN, 8, BHILWARA, 83, MANDALGARH, 1209, JASSU JI KA KHERA, 35838, 1112206, Land improvement, 0, 0, 0, 0, 0, 0, 1040000, 1040000
2015, RAJASTHAN, 8, BHILWARA, 83, MANDALGARH, 1209, JASSU JI KA KHERA, 35838, 1112206, Roads, 0, 0, 0, 0, 0, 0, 644512, 644512
2015, RAJASTHAN, 8, BHILWARA, 83, MANDALGARH, 1209, JASSU JI KA KHERA, 35838, 1112206, Social welfare, 0, 0, 0, 0, 0, 0, 90000, 90000
2015, RAJASTHAN, 8, BHILWARA, 83, MANDALGARH, 1209, JASSU JI KA KHERA, 35838, 1112206, Total, 0, 0, 0, 0, 0, 0, 2239463, 2239463
2015, RAJASTHAN, 8, BHILWARA, 83, MANDALGARH, 1209, JHANJHOLA, 35839, 1134762, Drinking water, 0, 0, 0, 0, 0, 0, 440000, 440000
2015, RAJASTHAN, 8, BHILWARA, 83, MANDALGARH, 1209, JHANJHOLA, 35839, 1134762, Maintenance of community system, 0, 0, 0, 0, 0, 0, 69453, 69453
2015, RAJASTHAN, 8, BHILWARA, 83, MANDALGARH, 1209, JHANJHOLA, 35839, 1134762, Roads, 0, 0, 0, 0, 0, 0, 1555144, 1555144
2015, RAJASTHAN, 8, BHILWARA, 83, MANDALGARH, 1209, JHANJHOLA, 35839, 1134762, Total, 0, 0, 0, 0, 0, 0, 2064597, 2064597
2015, RAJASTHAN, 8, BHILWARA, 83, MANDALGARH, 1209, JOJWA, 35840, 1111201, Maintenance of community system, 0, 0, 0, 0, 0, 0, 40000, 40000
2015, RAJASTHAN, 8, BHILWARA, 83, MANDALGARH, 1209, JOJWA, 35840, 1111201, Roads, 0, 0, 0, 0, 0, 0, 1857435, 1857435
2015, RAJASTHAN, 8, BHILWARA, 83, MANDALGARH, 1209, JOJWA, 35840, 1111201, Rural housing, 0, 0, 0, 0, 0, 0, 398000, 398000
2015, RAJASTHAN, 8, BHILWARA, 83, MANDALGARH, 1209, JOJWA, 35840, 1111201, Sanitation, 0, 0, 0, 0, 0, 0, 13000, 13000
2015, RAJASTHAN, 8, BHILWARA, 83, MANDALGARH, 1209, JOJWA, 35840, 1111201, Total, 0, 0, 0, 0, 0, 0, 2308435, 2308435
2015, RAJASTHAN, 8, BHILWARA, 83, MANDALGARH, 1209, KACHOLA, 35841, 1129319, Drinking water, 0, 0, 0, 0, 0, 0, 15198, 15198
2015, RAJASTHAN, 8, BHILWARA, 83, MANDALGARH, 1209, KACHOLA, 35841, 1129319, Maintenance of community system, 0, 0, 0, 0, 0, 0, 275000, 275000
2015, RAJASTHAN, 8, BHILWARA, 83, MANDALGARH, 1209, KACHOLA, 35841, 1129319, Roads, 0, 0, 0, 0, 0, 0, 3816617, 3816617
2015, RAJASTHAN, 8, BHILWARA, 83, MANDALGARH, 1209, KACHOLA, 35841, 1129319, Social welfare, 0, 0, 0, 0, 0, 0, 250000, 250000
2015, RAJASTHAN, 8, BHILWARA, 83, MANDALGARH, 1209, KACHOLA, 35841, 1129319, Total, 0, 0, 0, 0, 0, 0, 4356815, 4356815
2015, RAJASTHAN, 8, BHILWARA, 83, MANDALGARH, 1209, KALYANPURA, 35842, 1132033, Maintenance of community system, 0, 0, 0, 0, 0, 0, 150000, 150000
2015, RAJASTHAN, 8, BHILWARA, 83, MANDALGARH, 1209, KALYANPURA, 35842, 1132033, Roads, 0, 0, 0, 0, 0, 0, 2094951, 2094951
2015, RAJASTHAN, 8, BHILWARA, 83, MANDALGARH, 1209, KALYANPURA, 35842, 1132033, Total, 0, 0, 0, 0, 0, 0, 2244951, 2244951
2015, RAJASTHAN, 8, BHILWARA, 83, MANDALGARH, 1209, KHACHROL, 35844, 1151963, Drinking water, 0, 0, 0, 0, 0, 0, 34673, 34673
2015, RAJASTHAN, 8, BHILWARA, 83, MANDALGARH, 1209, KHACHROL, 35844, 1151963, Fuel and fodder, 0, 0, 0, 0, 0, 0, 35000, 35000
2015, RAJASTHAN, 8, BHILWARA, 83, MANDALGARH, 1209, KHACHROL, 35844, 1151963, Maintenance of community system, 0, 0, 0, 0, 0, 0, 161621, 161621
2015, RAJASTHAN, 8, BHILWARA, 83, MANDALGARH, 1209, KHACHROL, 35844, 1151963, Roads, 0, 0, 0, 0, 0, 0, 1900000, 1900000
2015, RAJASTHAN, 8, BHILWARA, 83, MANDALGARH, 1209, KHACHROL, 35844, 1151963, Rural electrification, 0, 0, 0, 0, 0, 0, 40000, 40000
2015, RAJASTHAN, 8, BHILWARA, 83, MANDALGARH, 1209, KHACHROL, 35844, 1151963, Total, 0, 0, 0, 0, 0, 0, 2171294, 2171294
2015, RAJASTHAN, 8, BHILWARA, 83, MANDALGARH, 1209, KHATWADA, 35845, 1128541, Drinking water, 0, 0, 0, 0, 0, 0, 2077422, 2077422
2015, RAJASTHAN, 8, BHILWARA, 83, MANDALGARH, 1209, KHATWADA, 35845, 1128541, Land improvement, 0, 0, 0, 0, 0, 0, 326496, 326496
2015, RAJASTHAN, 8, BHILWARA, 83, MANDALGARH, 1209, KHATWADA, 35845, 1128541, Roads, 0, 0, 0, 0, 0, 0, 33166, 33166
2015, RAJASTHAN, 8, BHILWARA, 83, MANDALGARH, 1209, KHATWADA, 35845, 1128541, Total, 0, 0, 0, 0, 0, 0, 2437084, 2437084
2015, RAJASTHAN, 8, BHILWARA, 83, MANDALGARH, 1209, LADPURA, 35846, 1128766, Drinking water, 0, 0, 0, 0, 0, 0, 1517411, 1517411
2015, RAJASTHAN, 8, BHILWARA, 83, MANDALGARH, 1209, LADPURA, 35846, 1128766, Maintenance of community system, 0, 0, 0, 0, 0, 0, 845000, 845000
2015, RAJASTHAN, 8, BHILWARA, 83, MANDALGARH, 1209, LADPURA, 35846, 1128766, Total, 0, 0, 0, 0, 0, 0, 2386411, 2386411
2015, RAJASTHAN, 8, BHILWARA, 83, MANDALGARH, 1209, LADPURA, 35846, 1128766, Women and child development, 0, 0, 0, 0, 0, 0, 24000, 24000
2015, RAJASTHAN, 8, BHILWARA, 83, MANDALGARH, 1209, MAHUWA, 35847, 1133152, Drinking water, 0, 0, 0, 0, 0, 0, 750000, 750000
2015, RAJASTHAN, 8, BHILWARA, 83, MANDALGARH, 1209, MAHUWA, 35847, 1133152, Maintenance of community system, 0, 0, 0, 0, 0, 0, 1000000, 1000000
2015, RAJASTHAN, 8, BHILWARA, 83, MANDALGARH, 1209, MAHUWA, 35847, 1133152, Roads, 0, 0, 0, 0, 0, 0, 1755014, 1755014
2015, RAJASTHAN, 8, BHILWARA, 83, MANDALGARH, 1209, MAHUWA, 35847, 1133152, Total, 0, 0, 0, 0, 0, 0, 3505014, 3505014
2015, RAJASTHAN, 8, BHILWARA, 83, MANDALGARH, 1209, MAL KA KHERA, 35849, 1176203, Drinking water, 0, 0, 0, 0, 0, 0, 1600000, 1600000
2015, RAJASTHAN, 8, BHILWARA, 83, MANDALGARH, 1209, MAL KA KHERA, 35849, 1176203, Maintenance of community system, 0, 0, 0, 0, 0, 0, 750000, 750000
2015, RAJASTHAN, 8, BHILWARA, 83, MANDALGARH, 1209, MAL KA KHERA, 35849, 1176203, Roads, 0, 0, 0, 0, 0, 0, 400000, 400000
2015, RAJASTHAN, 8, BHILWARA, 83, MANDALGARH, 1209, MAL KA KHERA, 35849, 1176203, Total, 0, 0, 0, 0, 0, 0, 2750000, 2750000
2015, RAJASTHAN, 8, BHILWARA, 83, MANDALGARH, 1209, MANGTALA, 35850, 1175700, Drinking water, 0, 0, 0, 0, 0, 0, 739000, 739000
2015, RAJASTHAN, 8, BHILWARA, 83, MANDALGARH, 1209, MANGTALA, 35850, 1175700, Maintenance of community system, 0, 0, 0, 0, 0, 0, 417000, 417000
2015, RAJASTHAN, 8, BHILWARA, 83, MANDALGARH, 1209, MANGTALA, 35850, 1175700, Roads, 0, 0, 0, 0, 0, 0, 450000, 450000
2015, RAJASTHAN, 8, BHILWARA, 83, MANDALGARH, 1209, MANGTALA, 35850, 1175700, Total, 0, 0, 0, 0, 0, 0, 1606000, 1606000
2015, RAJASTHAN, 8, BHILWARA, 83, MANDALGARH, 1209, MANPURA, 35851, 1130306, Drinking water, 0, 0, 0, 0, 0, 0, 1951807, 1951807
2015, RAJASTHAN, 8, BHILWARA, 83, MANDALGARH, 1209, MANPURA, 35851, 1130306, Maintenance of community system, 0, 0, 0, 0, 0, 0, 79469, 79469
2015, RAJASTHAN, 8, BHILWARA, 83, MANDALGARH, 1209, MANPURA, 35851, 1130306, Roads, 0, 0, 0, 0, 0, 0, 1161944, 1161944
2015, RAJASTHAN, 8, BHILWARA, 83, MANDALGARH, 1209, MANPURA, 35851, 1130306, Total, 0, 0, 0, 0, 0, 0, 3193220, 3193220
2015, RAJASTHAN, 8, BHILWARA, 83, MANDALGARH, 1209, MOHANPURA, 35852, 1135440, Animal husbandry, 0, 0, 0, 0, 0, 0, 150000, 150000
2015, RAJASTHAN, 8, BHILWARA, 83, MANDALGARH, 1209, MOHANPURA, 35852, 1135440, Drinking water, 0, 0, 0, 0, 0, 0, 1620000, 1620000
2015, RAJASTHAN, 8, BHILWARA, 83, MANDALGARH, 1209, MOHANPURA, 35852, 1135440, Maintenance of community system, 0, 0, 0, 0, 0, 0, 500000, 500000
2015, RAJASTHAN, 8, BHILWARA, 83, MANDALGARH, 1209, MOHANPURA, 35852, 1135440, Total, 0, 0, 0, 0, 0, 0, 2270000, 2270000
2015, RAJASTHAN, 8, BHILWARA, 83, MANDALGARH, 1209, MOTORON KA KHERA, 35853, 1129161, Drinking water, 0, 0, 0, 0, 0, 0, 1320000, 1320000
2015, RAJASTHAN, 8, BHILWARA, 83, MANDALGARH, 1209, MOTORON KA KHERA, 35853, 1129161, Roads, 0, 0, 0, 0, 0, 0, 900349, 900349
2015, RAJASTHAN, 8, BHILWARA, 83, MANDALGARH, 1209, MOTORON KA KHERA, 35853, 1129161, Total, 0, 0, 0, 0, 0, 0, 2225349, 2225349
2015, RAJASTHAN, 8, BHILWARA, 83, MANDALGARH, 1209, MOTORON KA KHERA, 35853, 1129161, Women and child development, 0, 0, 0, 0, 0, 0, 5000, 5000
2015, RAJASTHAN, 8, BHILWARA, 83, MANDALGARH, 1209, MUKUNDPURIYA, 35854, 1132056, Drinking water, 0, 0, 0, 0, 0, 0, 225542, 225542
2015, RAJASTHAN, 8, BHILWARA, 83, MANDALGARH, 1209, MUKUNDPURIYA, 35854, 1132056, Maintenance of community system, 0, 0, 0, 0, 0, 0, 665800, 665800
2015, RAJASTHAN, 8, BHILWARA, 83, MANDALGARH, 1209, MUKUNDPURIYA, 35854, 1132056, Roads, 0, 0, 0, 0, 0, 0, 2129977, 2129977
2015, RAJASTHAN, 8, BHILWARA, 83, MANDALGARH, 1209, MUKUNDPURIYA, 35854, 1132056, Total, 0, 0, 0, 0, 0, 0, 3021319, 3021319
2015, RAJASTHAN, 8, BHILWARA, 83, MANDALGARH, 1209, RAJGARH, 35856, 1133733, Animal husbandry, 0, 0, 0, 0, 0, 0, 80000, 80000
2015, RAJASTHAN, 8, BHILWARA, 83, MANDALGARH, 1209, RAJGARH, 35856, 1133733, Drinking water, 0, 0, 0, 0, 0, 0, 717670, 717670
2015, RAJASTHAN, 8, BHILWARA, 83, MANDALGARH, 1209, RAJGARH, 35856, 1133733, Land improvement, 0, 0, 0, 0, 0, 0, 180000, 180000
2015, RAJASTHAN, 8, BHILWARA, 83, MANDALGARH, 1209, RAJGARH, 35856, 1133733, Maintenance of community system, 0, 0, 0, 0, 0, 0, 30000, 30000
2015, RAJASTHAN, 8, BHILWARA, 83, MANDALGARH, 1209, RAJGARH, 35856, 1133733, Roads, 0, 0, 0, 0, 0, 0, 1384726, 1384726
2015, RAJASTHAN, 8, BHILWARA, 83, MANDALGARH, 1209, RAJGARH, 35856, 1133733, Total, 0, 0, 0, 0, 0, 0, 2392396, 2392396
2015, RAJASTHAN, 8, BHILWARA, 83, MANDALGARH, 1209, RALAYATA, 35857, 1151421, Drinking water, 0, 0, 0, 0, 0, 0, 877799, 877799
2015, RAJASTHAN, 8, BHILWARA, 83, MANDALGARH, 1209, RALAYATA, 35857, 1151421, Maintenance of community system, 0, 0, 0, 0, 0, 0, 148500, 148500
2015, RAJASTHAN, 8, BHILWARA, 83, MANDALGARH, 1209, RALAYATA, 35857, 1151421, Roads, 0, 0, 0, 0, 0, 0, 1623950, 1623950
2015, RAJASTHAN, 8, BHILWARA, 83, MANDALGARH, 1209, RALAYATA, 35857, 1151421, Total, 0, 0, 0, 0, 0, 0, 2650249, 2650249
2015, RAJASTHAN, 8, BHILWARA, 83, MANDALGARH, 1209, SARANA, 35860, 1133057, Drinking water, 0, 0, 0, 0, 0, 0, 1422657, 1422657
2015, RAJASTHAN, 8, BHILWARA, 83, MANDALGARH, 1209, SARANA, 35860, 1133057, Land improvement, 0, 0, 0, 0, 0, 0, 100000, 100000
2015, RAJASTHAN, 8, BHILWARA, 83, MANDALGARH, 1209, SARANA, 35860, 1133057, Maintenance of community system, 0, 0, 0, 0, 0, 0, 15000, 15000
2015, RAJASTHAN, 8, BHILWARA, 83, MANDALGARH, 1209, SARANA, 35860, 1133057, Roads, 0, 0, 0, 0, 0, 0, 580289, 580289
2015, RAJASTHAN, 8, BHILWARA, 83, MANDALGARH, 1209, SARANA, 35860, 1133057, Total, 0, 0, 0, 0, 0, 0, 2117946, 2117946
2015, RAJASTHAN, 8, BHILWARA, 83, MANDALGARH, 1209, SARTHALA, 35861, 1148793, Drinking water, 0, 0, 0, 0, 0, 0, 1376000, 1376000
2015, RAJASTHAN, 8, BHILWARA, 83, MANDALGARH, 1209, SARTHALA, 35861, 1148793, Fuel and fodder, 0, 0, 0, 0, 0, 0, 5000, 5000
2015, RAJASTHAN, 8, BHILWARA, 83, MANDALGARH, 1209, SARTHALA, 35861, 1148793, Maintenance of community system, 0, 0, 0, 0, 0, 0, 52531, 52531
2015, RAJASTHAN, 8, BHILWARA, 83, MANDALGARH, 1209, SARTHALA, 35861, 1148793, Roads, 0, 0, 0, 0, 0, 0, 300000, 300000
2015, RAJASTHAN, 8, BHILWARA, 83, MANDALGARH, 1209, SARTHALA, 35861, 1148793, Total, 0, 0, 0, 0, 0, 0, 1733531, 1733531
2015, RAJASTHAN, 8, BHILWARA, 83, MANDALGARH, 1209, SHYAMGARH, 35862, 1129918, Drinking water, 0, 0, 0, 0, 0, 0, 537000, 537000
2015, RAJASTHAN, 8, BHILWARA, 83, MANDALGARH, 1209, SHYAMGARH, 35862, 1129918, Fisheries, 0, 0, 0, 0, 0, 0, 30000, 30000
2015, RAJASTHAN, 8, BHILWARA, 83, MANDALGARH, 1209, SHYAMGARH, 35862, 1129918, Roads, 0, 0, 0, 0, 0, 0, 1742155, 1742155
2015, RAJASTHAN, 8, BHILWARA, 83, MANDALGARH, 1209, SHYAMGARH, 35862, 1129918, Rural electrification, 0, 0, 0, 0, 0, 0, 2000, 2000
2015, RAJASTHAN, 8, BHILWARA, 83, MANDALGARH, 1209, SHYAMGARH, 35862, 1129918, Social welfare, 0, 0, 0, 0, 0, 0, 9000, 9000
2015, RAJASTHAN, 8, BHILWARA, 83, MANDALGARH, 1209, SHYAMGARH, 35862, 1129918, Total, 0, 0, 0, 0, 0, 0, 2320155, 2320155
2015, RAJASTHAN, 8, BHILWARA, 83, MANDALGARH, 1209, SHYAMPURA, 35863, 1175683, Drinking water, 0, 0, 0, 0, 0, 0, 1580000, 1580000
2015, RAJASTHAN, 8, BHILWARA, 83, MANDALGARH, 1209, SHYAMPURA, 35863, 1175683, Maintenance of community system, 0, 0, 0, 0, 0, 0, 350000, 350000
2015, RAJASTHAN, 8, BHILWARA, 83, MANDALGARH, 1209, SHYAMPURA, 35863, 1175683, Rural electrification, 0, 0, 0, 0, 0, 0, 100000, 100000
2015, RAJASTHAN, 8, BHILWARA, 83, MANDALGARH, 1209, SHYAMPURA, 35863, 1175683, Total, 0, 0, 0, 0, 0, 0, 2030000, 2030000
2015, RAJASTHAN, 8, BHILWARA, 83, MANDALGARH, 1209, SINGOLI, 35864, 1129100, Drinking water, 0, 0, 0, 0, 0, 0, 812000, 812000
2015, RAJASTHAN, 8, BHILWARA, 83, MANDALGARH, 1209, SINGOLI, 35864, 1129100, Fuel and fodder, 0, 0, 0, 0, 0, 0, 300000, 300000
2015, RAJASTHAN, 8, BHILWARA, 83, MANDALGARH, 1209, SINGOLI, 35864, 1129100, Maintenance of community system, 0, 0, 0, 0, 0, 0, 300000, 300000
2015, RAJASTHAN, 8, BHILWARA, 83, MANDALGARH, 1209, SINGOLI, 35864, 1129100, Roads, 0, 0, 0, 0, 0, 0, 400000, 400000
2015, RAJASTHAN, 8, BHILWARA, 83, MANDALGARH, 1209, SINGOLI, 35864, 1129100, Social welfare, 0, 0, 0, 0, 0, 0, 300000, 300000
2015, RAJASTHAN, 8, BHILWARA, 83, MANDALGARH, 1209, SINGOLI, 35864, 1129100, Total, 0, 0, 0, 0, 0, 0, 2112000, 2112000
2015, RAJASTHAN, 8, BHILWARA, 83, MANDALGARH, 1209, SRINAGAR, 35865, 1129863, Drinking water, 0, 0, 0, 0, 0, 0, 569000, 569000
2015, RAJASTHAN, 8, BHILWARA, 83, MANDALGARH, 1209, SRINAGAR, 35865, 1129863, Maintenance of community system, 0, 0, 0, 0, 0, 0, 1503922, 1503922
2015, RAJASTHAN, 8, BHILWARA, 83, MANDALGARH, 1209, SRINAGAR, 35865, 1129863, Total, 0, 0, 0, 0, 0, 0, 2072922, 2072922
2015, RAJASTHAN, 8, BHILWARA, 83, MANDALGARH, 1209, SURAS, 35867, 1129219, Drinking water, 0, 0, 0, 0, 0, 0, 736000, 736000
2015, RAJASTHAN, 8, BHILWARA, 83, MANDALGARH, 1209, SURAS, 35867, 1129219, Roads, 0, 0, 0, 0, 0, 0, 1427051, 1427051
2015, RAJASTHAN, 8, BHILWARA, 83, MANDALGARH, 1209, SURAS, 35867, 1129219, Total, 0, 0, 0, 0, 0, 0, 2163051, 2163051
2015, RAJASTHAN, 8, BHILWARA, 83, MANDALGARH, 1209, THALKALAN, 35868, 1128775, Drinking water, 0, 0, 0, 0, 0, 0, 260000, 260000
2015, RAJASTHAN, 8, BHILWARA, 83, MANDALGARH, 1209, THALKALAN, 35868, 1128775, Maintenance of community system, 0, 0, 0, 0, 0, 0, 240000, 240000
2015, RAJASTHAN, 8, BHILWARA, 83, MANDALGARH, 1209, THALKALAN, 35868, 1128775, Roads, 0, 0, 0, 0, 0, 0, 1011000, 1011000
2015, RAJASTHAN, 8, BHILWARA, 83, MANDALGARH, 1209, THALKALAN, 35868, 1128775, Total, 0, 0, 0, 0, 0, 0, 2011000, 2011000
2015, RAJASTHAN, 8, BHILWARA, 83, MANDALGARH, 1209, THALKALAN, 35868, 1128775, Tribal Welfare, 0, 0, 0, 0, 0, 0, 50000, 50000
2015, RAJASTHAN, 8, BHILWARA, 83, MANDALGARH, 1209, THALKALAN, 35868, 1128775, Women and child development, 0, 0, 0, 0, 0, 0, 450000, 450000
2015, RAJASTHAN, 8, BHILWARA, 83, RAIPUR, 1210, ASHAHOLI, 35873, 1171512, Roads, 0, 0, 0, 0, 0, 0, 319000, 319000
2015, RAJASTHAN, 8, BHILWARA, 83, RAIPUR, 1210, ASHAHOLI, 35873, 1171512, Total, 0, 0, 0, 0, 0, 0, 319000, 319000
2015, RAJASTHAN, 8, BHILWARA, 83, RAIPUR, 1210, BAGOLIYA, 35875, 1171581, Drinking water, 0, 0, 0, 0, 0, 0, 100000, 100000
2015, RAJASTHAN, 8, BHILWARA, 83, RAIPUR, 1210, BAGOLIYA, 35875, 1171581, Roads, 0, 0, 0, 0, 0, 0, 1429861, 1429861
2015, RAJASTHAN, 8, BHILWARA, 83, RAIPUR, 1210, BAGOLIYA, 35875, 1171581, Social welfare, 0, 0, 0, 0, 0, 0, 350000, 350000
2015, RAJASTHAN, 8, BHILWARA, 83, RAIPUR, 1210, BAGOLIYA, 35875, 1171581, Total, 0, 0, 0, 0, 0, 0, 1879861, 1879861
2015, RAJASTHAN, 8, BHILWARA, 83, RAIPUR, 1210, BANGAR, 35874, 1170051, Administrative & Technical Support, 0, 0, 0, 0, 0, 0, 72553, 72553
2015, RAJASTHAN, 8, BHILWARA, 83, RAIPUR, 1210, BANGAR, 35874, 1170051, Drinking water, 0, 0, 0, 0, 0, 0, 400000, 400000
2015, RAJASTHAN, 8, BHILWARA, 83, RAIPUR, 1210, BANGAR, 35874, 1170051, Total, 0, 0, 0, 0, 0, 0, 472553, 472553
2015, RAJASTHAN, 8, BHILWARA, 83, RAIPUR, 1210, BHADOL, 35881, 1174822, Administrative & Technical Support, 0, 0, 0, 0, 0, 0, 450000, 450000
2015, RAJASTHAN, 8, BHILWARA, 83, RAIPUR, 1210, BHADOL, 35881, 1174822, Drinking water, 0, 0, 0, 0, 0, 0, 113096, 113096
2015, RAJASTHAN, 8, BHILWARA, 83, RAIPUR, 1210, BHADOL, 35881, 1174822, Public distribution system, 0, 0, 0, 0, 0, 0, 250000, 250000
2015, RAJASTHAN, 8, BHILWARA, 83, RAIPUR, 1210, BHADOL, 35881, 1174822, Roads, 0, 0, 0, 0, 0, 0, 900000, 900000
2015, RAJASTHAN, 8, BHILWARA, 83, RAIPUR, 1210, BHADOL, 35881, 1174822, Total, 0, 0, 0, 0, 0, 0, 1713096, 1713096
2015, RAJASTHAN, 8, BHILWARA, 83, RAIPUR, 1210, BHEETA, 35876, 1164860, Drinking water, 0, 0, 0, 0, 0, 0, 609035, 609035
2015, RAJASTHAN, 8, BHILWARA, 83, RAIPUR, 1210, BHEETA, 35876, 1164860, Roads, 0, 0, 0, 0, 0, 0, 200000, 200000
2015, RAJASTHAN, 8, BHILWARA, 83, RAIPUR, 1210, BHEETA, 35876, 1164860, Total, 0, 0, 0, 0, 0, 0, 809035, 809035
2015, RAJASTHAN, 8, BHILWARA, 83, RAIPUR, 1210, BORANA, 35877, 1167920, Maintenance of community system, 0, 0, 0, 0, 0, 0, 641552, 641552
2015, RAJASTHAN, 8, BHILWARA, 83, RAIPUR, 1210, BORANA, 35877, 1167920, Roads, 0, 0, 0, 0, 0, 0, 320776, 320776
2015, RAJASTHAN, 8, BHILWARA, 83, RAIPUR, 1210, BORANA, 35877, 1167920, Social welfare, 0, 0, 0, 0, 0, 0, 481164, 481164
2015, RAJASTHAN, 8, BHILWARA, 83, RAIPUR, 1210, BORANA, 35877, 1167920, Total, 0, 0, 0, 0, 0, 0, 1603880, 1603880
2015, RAJASTHAN, 8, BHILWARA, 83, RAIPUR, 1210, BORANA, 35877, 1167920, Women and child development, 0, 0, 0, 0, 0, 0, 160388, 160388
2015, RAJASTHAN, 8, BHILWARA, 83, RAIPUR, 1210, BORIYA PURA, 35878, 1172259, Administrative & Technical Support, 0, 0, 0, 0, 0, 0, 150000, 150000
2015, RAJASTHAN, 8, BHILWARA, 83, RAIPUR, 1210, BORIYA PURA, 35878, 1172259, Drinking water, 0, 0, 0, 0, 0, 0, 177531, 177531
2015, RAJASTHAN, 8, BHILWARA, 83, RAIPUR, 1210, BORIYA PURA, 35878, 1172259, Roads, 0, 0, 0, 0, 0, 0, 50000, 50000
2015, RAJASTHAN, 8, BHILWARA, 83, RAIPUR, 1210, BORIYA PURA, 35878, 1172259, Social welfare, 0, 0, 0, 0, 0, 0, 100000, 100000
2015, RAJASTHAN, 8, BHILWARA, 83, RAIPUR, 1210, BORIYA PURA, 35878, 1172259, Total, 0, 0, 0, 0, 0, 0, 477531, 477531
2015, RAJASTHAN, 8, BHILWARA, 83, RAIPUR, 1210, DEVRIYA, 35879, 1170232, Roads, 0, 0, 0, 0, 0, 0, 841060, 841060
2015, RAJASTHAN, 8, BHILWARA, 83, RAIPUR, 1210, DEVRIYA, 35879, 1170232, Total, 0, 0, 0, 0, 0, 0, 841060, 841060
2015, RAJASTHAN, 8, BHILWARA, 83, RAIPUR, 1210, GALWA, 35880, 1171692, Drinking water, 0, 0, 0, 0, 0, 0, 430983, 430983
2015, RAJASTHAN, 8, BHILWARA, 83, RAIPUR, 1210, GALWA, 35880, 1171692, Roads, 0, 0, 0, 0, 0, 0, 800000, 800000
2015, RAJASTHAN, 8, BHILWARA, 83, RAIPUR, 1210, GALWA, 35880, 1171692, Total, 0, 0, 0, 0, 0, 0, 1230983, 1230983
2015, RAJASTHAN, 8, BHILWARA, 83, RAIPUR, 1210, KHAKHAR MALA, 35882, 1167582, Administrative & Technical Support, 0, 0, 0, 0, 0, 0, 133231, 133231
2015, RAJASTHAN, 8, BHILWARA, 83, RAIPUR, 1210, KHAKHAR MALA, 35882, 1167582, Drinking water, 0, 0, 0, 0, 0, 0, 399695, 399695
2015, RAJASTHAN, 8, BHILWARA, 83, RAIPUR, 1210, KHAKHAR MALA, 35882, 1167582, Roads, 0, 0, 0, 0, 0, 0, 799386, 799386
2015, RAJASTHAN, 8, BHILWARA, 83, RAIPUR, 1210, KHAKHAR MALA, 35882, 1167582, Rural electrification, 0, 0, 0, 0, 0, 0, 133231, 133231
2015, RAJASTHAN, 8, BHILWARA, 83, RAIPUR, 1210, KHAKHAR MALA, 35882, 1167582, Rural housing, 0, 0, 0, 0, 0, 0, 133231, 133231
2015, RAJASTHAN, 8, BHILWARA, 83, RAIPUR, 1210, KHAKHAR MALA, 35882, 1167582, Total, 0, 0, 0, 0, 0, 0, 1598774, 1598774
2015, RAJASTHAN, 8, BHILWARA, 83, RAIPUR, 1210, KHEMANA, 35883, 1167683, Administrative & Technical Support, 0, 0, 0, 0, 0, 0, 128342, 128342
2015, RAJASTHAN, 8, BHILWARA, 83, RAIPUR, 1210, KHEMANA, 35883, 1167683, Drinking water, 0, 0, 0, 0, 0, 0, 128342, 128342
2015, RAJASTHAN, 8, BHILWARA, 83, RAIPUR, 1210, KHEMANA, 35883, 1167683, Roads, 0, 0, 0, 0, 0, 0, 513368, 513368
2015, RAJASTHAN, 8, BHILWARA, 83, RAIPUR, 1210, KHEMANA, 35883, 1167683, Total, 0, 0, 0, 0, 0, 0, 770052, 770052
2015, RAJASTHAN, 8, BHILWARA, 83, RAIPUR, 1210, KOT, 35884, 1167780, Administrative & Technical Support, 0, 0, 0, 0, 0, 0, 428344, 428344
2015, RAJASTHAN, 8, BHILWARA, 83, RAIPUR, 1210, KOT, 35884, 1167780, Drinking water, 0, 0, 0, 0, 0, 0, 321258, 321258
2015, RAJASTHAN, 8, BHILWARA, 83, RAIPUR, 1210, KOT, 35884, 1167780, Roads, 0, 0, 0, 0, 0, 0, 214172, 214172
2015, RAJASTHAN, 8, BHILWARA, 83, RAIPUR, 1210, KOT, 35884, 1167780, Rural electrification, 0, 0, 0, 0, 0, 0, 107086, 107086
2015, RAJASTHAN, 8, BHILWARA, 83, RAIPUR, 1210, KOT, 35884, 1167780, Total, 0, 0, 0, 0, 0, 0, 1070860, 1070860
2015, RAJASTHAN, 8, BHILWARA, 83, RAIPUR, 1210, MOKHUNDA, 35885, 1167146, Administrative & Technical Support, 0, 0, 0, 0, 0, 0, 147391, 147391
2015, RAJASTHAN, 8, BHILWARA, 83, RAIPUR, 1210, MOKHUNDA, 35885, 1167146, Maintenance of community system, 0, 0, 0, 0, 0, 0, 147391, 147391
2015, RAJASTHAN, 8, BHILWARA, 83, RAIPUR, 1210, MOKHUNDA, 35885, 1167146, Roads, 0, 0, 0, 0, 0, 0, 1031737, 1031737
2015, RAJASTHAN, 8, BHILWARA, 83, RAIPUR, 1210, MOKHUNDA, 35885, 1167146, Total, 0, 0, 0, 0, 0, 0, 1326519, 1326519
2015, RAJASTHAN, 8, BHILWARA, 83, RAIPUR, 1210, NAHRI, 35886, 1168970, Drinking water, 0, 0, 0, 0, 0, 0, 683398, 683398
2015, RAJASTHAN, 8, BHILWARA, 83, RAIPUR, 1210, NAHRI, 35886, 1168970, Total, 0, 0, 0, 0, 0, 0, 683398, 683398
2015, RAJASTHAN, 8, BHILWARA, 83, RAIPUR, 1210, NANDSHA, 35887, 1167115, Drinking water, 0, 0, 0, 0, 0, 0, 1349705, 1349705
2015, RAJASTHAN, 8, BHILWARA, 83, RAIPUR, 1210, NANDSHA, 35887, 1167115, Total, 0, 0, 0, 0, 0, 0, 1349705, 1349705
2015, RAJASTHAN, 8, BHILWARA, 83, RAIPUR, 1210, NARAYAN KHERA, 35888, 1170490, Drinking water, 0, 0, 0, 0, 0, 0, 200000, 200000
2015, RAJASTHAN, 8, BHILWARA, 83, RAIPUR, 1210, NARAYAN KHERA, 35888, 1170490, Roads, 0, 0, 0, 0, 0, 0, 683670, 683670
2015, RAJASTHAN, 8, BHILWARA, 83, RAIPUR, 1210, NARAYAN KHERA, 35888, 1170490, Total, 0, 0, 0, 0, 0, 0, 883670, 883670
2015, RAJASTHAN, 8, BHILWARA, 83, RAIPUR, 1210, NATHDIYAS, 35889, 1170952, Drinking water, 0, 0, 0, 0, 0, 0, 180000, 180000
2015, RAJASTHAN, 8, BHILWARA, 83, RAIPUR, 1210, NATHDIYAS, 35889, 1170952, Roads, 0, 0, 0, 0, 0, 0, 1977000, 1977000
2015, RAJASTHAN, 8, BHILWARA, 83, RAIPUR, 1210, NATHDIYAS, 35889, 1170952, Total, 0, 0, 0, 0, 0, 0, 2157000, 2157000
2015, RAJASTHAN, 8, BHILWARA, 83, RAIPUR, 1210, PALRA, 35890, 1173310, Administrative & Technical Support, 0, 0, 0, 0, 0, 0, 272843, 272843
2015, RAJASTHAN, 8, BHILWARA, 83, RAIPUR, 1210, PALRA, 35890, 1173310, Drinking water, 0, 0, 0, 0, 0, 0, 100000, 100000
2015, RAJASTHAN, 8, BHILWARA, 83, RAIPUR, 1210, PALRA, 35890, 1173310, Roads, 0, 0, 0, 0, 0, 0, 100000, 100000
2015, RAJASTHAN, 8, BHILWARA, 83, RAIPUR, 1210, PALRA, 35890, 1173310, Total, 0, 0, 0, 0, 0, 0, 472843, 472843
2015, RAJASTHAN, 8, BHILWARA, 83, RAIPUR, 1210, PITHA KA KHERA, 35891, 1173455, Drinking water, 0, 0, 0, 0, 0, 0, 131475, 131475
2015, RAJASTHAN, 8, BHILWARA, 83, RAIPUR, 1210, PITHA KA KHERA, 35891, 1173455, Roads, 0, 0, 0, 0, 0, 0, 499465, 499465
2015, RAJASTHAN, 8, BHILWARA, 83, RAIPUR, 1210, PITHA KA KHERA, 35891, 1173455, Total, 0, 0, 0, 0, 0, 0, 630940, 630940
2015, RAJASTHAN, 8, BHILWARA, 83, RAIPUR, 1210, RAIPUR, 35892, 1173396, Drinking water, 0, 0, 0, 0, 0, 0, 467020, 467020
2015, RAJASTHAN, 8, BHILWARA, 83, RAIPUR, 1210, RAIPUR, 35892, 1173396, Maintenance of community system, 0, 0, 0, 0, 0, 0, 299700, 299700
2015, RAJASTHAN, 8, BHILWARA, 83, RAIPUR, 1210, RAIPUR, 35892, 1173396, Roads, 0, 0, 0, 0, 0, 0, 1262215, 1262215
2015, RAJASTHAN, 8, BHILWARA, 83, RAIPUR, 1210, RAIPUR, 35892, 1173396, Rural electrification, 0, 0, 0, 0, 0, 0, 499765, 499765
2015, RAJASTHAN, 8, BHILWARA, 83, RAIPUR, 1210, RAIPUR, 35892, 1173396, Total, 0, 0, 0, 0, 0, 0, 2528700, 2528700
2015, RAJASTHAN, 8, BHILWARA, 83, RAIPUR, 1210, SAGREV, 35893, 1173353, Administrative & Technical Support, 0, 0, 0, 0, 0, 0, 221823, 221823
2015, RAJASTHAN, 8, BHILWARA, 83, RAIPUR, 1210, SAGREV, 35893, 1173353, Drinking water, 0, 0, 0, 0, 0, 0, 100000, 100000
2015, RAJASTHAN, 8, BHILWARA, 83, RAIPUR, 1210, SAGREV, 35893, 1173353, Land improvement, 0, 0, 0, 0, 0, 0, 200000, 200000
2015, RAJASTHAN, 8, BHILWARA, 83, RAIPUR, 1210, SAGREV, 35893, 1173353, Total, 0, 0, 0, 0, 0, 0, 521823, 521823
2015, RAJASTHAN, 8, BHILWARA, 83, RAIPUR, 1210, THALA, 35894, 1173373, Roads, 0, 0, 0, 0, 0, 0, 786574, 786574
2015, RAJASTHAN, 8, BHILWARA, 83, RAIPUR, 1210, THALA, 35894, 1173373, Total, 0, 0, 0, 0, 0, 0, 786574, 786574
2015, RAJASTHAN, 8, BHILWARA, 83, SAHARA, 1211, AAMLI, 35895, 1169156, Roads, 0, 0, 0, 0, 0, 0, 979312, 979312
2015, RAJASTHAN, 8, BHILWARA, 83, SAHARA, 1211, AAMLI, 35895, 1169156, Total, 0, 0, 0, 0, 0, 0, 979312, 979312
2015, RAJASTHAN, 8, BHILWARA, 83, SAHARA, 1211, ARNIYA, 35896, 1159790, Drinking water, 0, 0, 0, 0, 0, 0, 100000, 100000
2015, RAJASTHAN, 8, BHILWARA, 83, SAHARA, 1211, ARNIYA, 35896, 1159790, Social welfare, 0, 0, 0, 0, 0, 0, 37477, 37477
2015, RAJASTHAN, 8, BHILWARA, 83, SAHARA, 1211, ARNIYA, 35896, 1159790, Total, 0, 0, 0, 0, 0, 0, 137477, 137477
2015, RAJASTHAN, 8, BHILWARA, 83, SAHARA, 1211, BHARAK, 35897, 1160157, Maintenance of community system, 0, 0, 0, 0, 0, 0, 20370, 20370
2015, RAJASTHAN, 8, BHILWARA, 83, SAHARA, 1211, BHARAK, 35897, 1160157, Roads, 0, 0, 0, 0, 0, 0, 600000, 600000
2015, RAJASTHAN, 8, BHILWARA, 83, SAHARA, 1211, BHARAK, 35897, 1160157, Total, 0, 0, 0, 0, 0, 0, 620370, 620370
2015, RAJASTHAN, 8, BHILWARA, 83, SAHARA, 1211, BHUNAS, 35898, 1173910, Drinking water, 0, 0, 0, 0, 0, 0, 300000, 300000
2015, RAJASTHAN, 8, BHILWARA, 83, SAHARA, 1211, BHUNAS, 35898, 1173910, Roads, 0, 0, 0, 0, 0, 0, 1357447, 1357447
2015, RAJASTHAN, 8, BHILWARA, 83, SAHARA, 1211, BHUNAS, 35898, 1173910, Social welfare, 0, 0, 0, 0, 0, 0, 57435, 57435
2015, RAJASTHAN, 8, BHILWARA, 83, SAHARA, 1211, BHUNAS, 35898, 1173910, Total, 0, 0, 0, 0, 0, 0, 1714882, 1714882
2015, RAJASTHAN, 8, BHILWARA, 83, SAHARA, 1211, CHAWANDIYA, 35899, 1180486, Drinking water, 0, 0, 0, 0, 0, 0, 200000, 200000
2015, RAJASTHAN, 8, BHILWARA, 83, SAHARA, 1211, CHAWANDIYA, 35899, 1180486, Public distribution system, 0, 0, 0, 0, 0, 0, 114648, 114648
2015, RAJASTHAN, 8, BHILWARA, 83, SAHARA, 1211, CHAWANDIYA, 35899, 1180486, Roads, 0, 0, 0, 0, 0, 0, 900000, 900000
2015, RAJASTHAN, 8, BHILWARA, 83, SAHARA, 1211, CHAWANDIYA, 35899, 1180486, Total, 0, 0, 0, 0, 0, 0, 1214648, 1214648
2015, RAJASTHAN, 8, BHILWARA, 83, SAHARA, 1211, CHIDKHERA, 35900, 1190566, Drinking water, 0, 0, 0, 0, 0, 0, 650000, 650000
2015, RAJASTHAN, 8, BHILWARA, 83, SAHARA, 1211, CHIDKHERA, 35900, 1190566, Public distribution system, 0, 0, 0, 0, 0, 0, 152927, 152927
2015, RAJASTHAN, 8, BHILWARA, 83, SAHARA, 1211, CHIDKHERA, 35900, 1190566, Rural housing, 0, 0, 0, 0, 0, 0, 250000, 250000
2015, RAJASTHAN, 8, BHILWARA, 83, SAHARA, 1211, CHIDKHERA, 35900, 1190566, Total, 0, 0, 0, 0, 0, 0, 1052927, 1052927
2015, RAJASTHAN, 8, BHILWARA, 83, SAHARA, 1211, DELANA, 35901, 1190439, Drinking water, 0, 0, 0, 0, 0, 0, 92000, 92000
2015, RAJASTHAN, 8, BHILWARA, 83, SAHARA, 1211, DELANA, 35901, 1190439, Public distribution system, 0, 0, 0, 0, 0, 0, 90000, 90000
2015, RAJASTHAN, 8, BHILWARA, 83, SAHARA, 1211, DELANA, 35901, 1190439, Roads, 0, 0, 0, 0, 0, 0, 950321, 950321
2015, RAJASTHAN, 8, BHILWARA, 83, SAHARA, 1211, DELANA, 35901, 1190439, Rural housing, 0, 0, 0, 0, 0, 0, 160000, 160000
2015, RAJASTHAN, 8, BHILWARA, 83, SAHARA, 1211, DELANA, 35901, 1190439, Total, 0, 0, 0, 0, 0, 0, 1292321, 1292321
2015, RAJASTHAN, 8, BHILWARA, 83, SAHARA, 1211, DHOSAR, 35902, 1169237, Roads, 0, 0, 0, 0, 0, 0, 1120750, 1120750
2015, RAJASTHAN, 8, BHILWARA, 83, SAHARA, 1211, DHOSAR, 35902, 1169237, Total, 0, 0, 0, 0, 0, 0, 1120750, 1120750
2015, RAJASTHAN, 8, BHILWARA, 83, SAHARA, 1211, GANESHPURA, 35903, 1192222, Roads, 0, 0, 0, 0, 0, 0, 1244500, 1244500
2015, RAJASTHAN, 8, BHILWARA, 83, SAHARA, 1211, GANESHPURA, 35903, 1192222, Total, 0, 0, 0, 0, 0, 0, 1244500, 1244500
2015, RAJASTHAN, 8, BHILWARA, 83, SAHARA, 1211, GOVALIYA, 35904, 1167200, Roads, 0, 0, 0, 0, 0, 0, 848892, 848892
2015, RAJASTHAN, 8, BHILWARA, 83, SAHARA, 1211, GOVALIYA, 35904, 1167200, Total, 0, 0, 0, 0, 0, 0, 848892, 848892
2015, RAJASTHAN, 8, BHILWARA, 83, SAHARA, 1211, KANGANI, 35905, 1160762, Drinking water, 0, 0, 0, 0, 0, 0, 186416, 186416
2015, RAJASTHAN, 8, BHILWARA, 83, SAHARA, 1211, KANGANI, 35905, 1160762, Roads, 0, 0, 0, 0, 0, 0, 770000, 770000
2015, RAJASTHAN, 8, BHILWARA, 83, SAHARA, 1211, KANGANI, 35905, 1160762, Total, 0, 0, 0, 0, 0, 0, 956416, 956416
2015, RAJASTHAN, 8, BHILWARA, 83, SAHARA, 1211, KHANKHALA, 35906, 1161454, Drinking water, 0, 0, 0, 0, 0, 0, 60804, 60804
2015, RAJASTHAN, 8, BHILWARA, 83, SAHARA, 1211, KHANKHALA, 35906, 1161454, Roads, 0, 0, 0, 0, 0, 0, 500000, 500000
2015, RAJASTHAN, 8, BHILWARA, 83, SAHARA, 1211, KHANKHALA, 35906, 1161454, Total, 0, 0, 0, 0, 0, 0, 560804, 560804
2015, RAJASTHAN, 8, BHILWARA, 83, SAHARA, 1211, KOSHITHAL, 35907, 1168842, Drinking water, 0, 0, 0, 0, 0, 0, 150837, 150837
2015, RAJASTHAN, 8, BHILWARA, 83, SAHARA, 1211, KOSHITHAL, 35907, 1168842, Roads, 0, 0, 0, 0, 0, 0, 1828487, 1828487
2015, RAJASTHAN, 8, BHILWARA, 83, SAHARA, 1211, KOSHITHAL, 35907, 1168842, Rural housing, 0, 0, 0, 0, 0, 0, 245647, 245647
2015, RAJASTHAN, 8, BHILWARA, 83, SAHARA, 1211, KOSHITHAL, 35907, 1168842, Total, 0, 0, 0, 0, 0, 0, 2224971, 2224971
2015, RAJASTHAN, 8, BHILWARA, 83, SAHARA, 1211, LAKHOLA, 35908, 1179826, Roads, 0, 0, 0, 0, 0, 0, 1065389, 1065389
2015, RAJASTHAN, 8, BHILWARA, 83, SAHARA, 1211, LAKHOLA, 35908, 1179826, Total, 0, 0, 0, 0, 0, 0, 1065389, 1065389
2015, RAJASTHAN, 8, BHILWARA, 83, SAHARA, 1211, MAHENDRAGARH, 35909, 1168881, Maintenance of community system, 0, 0, 0, 0, 0, 0, 200000, 200000
2015, RAJASTHAN, 8, BHILWARA, 83, SAHARA, 1211, MAHENDRAGARH, 35909, 1168881, Roads, 0, 0, 0, 0, 0, 0, 899009, 899009
2015, RAJASTHAN, 8, BHILWARA, 83, SAHARA, 1211, MAHENDRAGARH, 35909, 1168881, Total, 0, 0, 0, 0, 0, 0, 1099009, 1099009
2015, RAJASTHAN, 8, BHILWARA, 83, SAHARA, 1211, MAJHAWAS, 35910, 1179977, Drinking water, 0, 0, 0, 0, 0, 0, 765860, 765860
2015, RAJASTHAN, 8, BHILWARA, 83, SAHARA, 1211, MAJHAWAS, 35910, 1179977, Roads, 0, 0, 0, 0, 0, 0, 359232, 359232
2015, RAJASTHAN, 8, BHILWARA, 83, SAHARA, 1211, MAJHAWAS, 35910, 1179977, Total, 0, 0, 0, 0, 0, 0, 1125092, 1125092
2015, RAJASTHAN, 8, BHILWARA, 83, SAHARA, 1211, NANDSA, 35911, 1181131, Drinking water, 0, 0, 0, 0, 0, 0, 200000, 200000
2015, RAJASTHAN, 8, BHILWARA, 83, SAHARA, 1211, NANDSA, 35911, 1181131, Maintenance of community system, 0, 0, 0, 0, 0, 0, 50000, 50000
2015, RAJASTHAN, 8, BHILWARA, 83, SAHARA, 1211, NANDSA, 35911, 1181131, Roads, 0, 0, 0, 0, 0, 0, 741195, 741195
2015, RAJASTHAN, 8, BHILWARA, 83, SAHARA, 1211, NANDSA, 35911, 1181131, Total, 0, 0, 0, 0, 0, 0, 991195, 991195
2015, RAJASTHAN, 8, BHILWARA, 83, SAHARA, 1211, NEGDIYA KA KHEDA, 35912, 1162127, Drinking water, 0, 0, 0, 0, 0, 0, 100515, 100515
2015, RAJASTHAN, 8, BHILWARA, 83, SAHARA, 1211, NEGDIYA KA KHEDA, 35912, 1162127, Roads, 0, 0, 0, 0, 0, 0, 828000, 828000
2015, RAJASTHAN, 8, BHILWARA, 83, SAHARA, 1211, NEGDIYA KA KHEDA, 35912, 1162127, Social welfare, 0, 0, 0, 0, 0, 0, 45000, 45000
2015, RAJASTHAN, 8, BHILWARA, 83, SAHARA, 1211, NEGDIYA KA KHEDA, 35912, 1162127, Total, 0, 0, 0, 0, 0, 0, 973515, 973515
2015, RAJASTHAN, 8, BHILWARA, 83, SAHARA, 1211, POTLAN, 35913, 1167537, Drinking water, 0, 0, 0, 0, 0, 0, 200000, 200000
2015, RAJASTHAN, 8, BHILWARA, 83, SAHARA, 1211, POTLAN, 35913, 1167537, Total, 0, 0, 0, 0, 0, 0, 200000, 200000
2015, RAJASTHAN, 8, BHILWARA, 83, SAHARA, 1211, SAHARA, 35914, 1159880, Roads, 0, 0, 0, 0, 0, 0, 1641129, 1641129
2015, RAJASTHAN, 8, BHILWARA, 83, SAHARA, 1211, SAHARA, 35914, 1159880, Total, 0, 0, 0, 0, 0, 0, 1641129, 1641129
2015, RAJASTHAN, 8, BHILWARA, 83, SAHARA, 1211, SALERA, 35915, 1161572, Drinking water, 0, 0, 0, 0, 0, 0, 531692, 531692
2015, RAJASTHAN, 8, BHILWARA, 83, SAHARA, 1211, SALERA, 35915, 1161572, Roads, 0, 0, 0, 0, 0, 0, 313000, 313000
2015, RAJASTHAN, 8, BHILWARA, 83, SAHARA, 1211, SALERA, 35915, 1161572, Rural housing, 0, 0, 0, 0, 0, 0, 150186, 150186
2015, RAJASTHAN, 8, BHILWARA, 83, SAHARA, 1211, SALERA, 35915, 1161572, Social welfare, 0, 0, 0, 0, 0, 0, 105000, 105000
2015, RAJASTHAN, 8, BHILWARA, 83, SAHARA, 1211, SALERA, 35915, 1161572, Total, 0, 0, 0, 0, 0, 0, 1099878, 1099878
2015, RAJASTHAN, 8, BHILWARA, 83, SAHARA, 1211, SARGAON, 35916, 1190849, Roads, 0, 0, 0, 0, 0, 0, 1008873, 1008873
2015, RAJASTHAN, 8, BHILWARA, 83, SAHARA, 1211, SARGAON, 35916, 1190849, Total, 0, 0, 0, 0, 0, 0, 1008873, 1008873
2015, RAJASTHAN, 8, BHILWARA, 83, SAHARA, 1211, SATLIYAS, 35917, 1181165, Drinking water, 0, 0, 0, 0, 0, 0, 779580, 779580
2015, RAJASTHAN, 8, BHILWARA, 83, SAHARA, 1211, SATLIYAS, 35917, 1181165, Roads, 0, 0, 0, 0, 0, 0, 400000, 400000
2015, RAJASTHAN, 8, BHILWARA, 83, SAHARA, 1211, SATLIYAS, 35917, 1181165, Total, 0, 0, 0, 0, 0, 0, 1179580, 1179580
2015, RAJASTHAN, 8, BHILWARA, 83, SAHARA, 1211, SHIVRATI, 35918, 1171642, Roads, 0, 0, 0, 0, 0, 0, 1006845, 1006845
2015, RAJASTHAN, 8, BHILWARA, 83, SAHARA, 1211, SHIVRATI, 35918, 1171642, Total, 0, 0, 0, 0, 0, 0, 1006845, 1006845
2015, RAJASTHAN, 8, BHILWARA, 83, SAHARA, 1211, SONIYANA, 35919, 1161435, Roads, 0, 0, 0, 0, 0, 0, 1200000, 1200000
2015, RAJASTHAN, 8, BHILWARA, 83, SAHARA, 1211, SONIYANA, 35919, 1161435, Rural housing, 0, 0, 0, 0, 0, 0, 65367, 65367
2015, RAJASTHAN, 8, BHILWARA, 83, SAHARA, 1211, SONIYANA, 35919, 1161435, Total, 0, 0, 0, 0, 0, 0, 1265367, 1265367
2015, RAJASTHAN, 8, BHILWARA, 83, SAHARA, 1211, SURAWAS, 35920, 1161530, Drinking water, 0, 0, 0, 0, 0, 0, 46910, 46910
2015, RAJASTHAN, 8, BHILWARA, 83, SAHARA, 1211, SURAWAS, 35920, 1161530, Roads, 0, 0, 0, 0, 0, 0, 400000, 400000
2015, RAJASTHAN, 8, BHILWARA, 83, SAHARA, 1211, SURAWAS, 35920, 1161530, Total, 0, 0, 0, 0, 0, 0, 446910, 446910
2015, RAJASTHAN, 8, BHILWARA, 83, SAHARA, 1211, ULLAI, 35921, 1161416, Drinking water, 0, 0, 0, 0, 0, 0, 305889, 305889
2015, RAJASTHAN, 8, BHILWARA, 83, SAHARA, 1211, ULLAI, 35921, 1161416, Roads, 0, 0, 0, 0, 0, 0, 100000, 100000
2015, RAJASTHAN, 8, BHILWARA, 83, SAHARA, 1211, ULLAI, 35921, 1161416, Rural housing, 0, 0, 0, 0, 0, 0, 100000, 100000
2015, RAJASTHAN, 8, BHILWARA, 83, SAHARA, 1211, ULLAI, 35921, 1161416, Total, 0, 0, 0, 0, 0, 0, 505889, 505889
2015, RAJASTHAN, 8, BHILWARA, 83, SAHARA, 1211, UMMEDPURA, 35922, 1163298, Drinking water, 0, 0, 0, 0, 0, 0, 805889, 805889
2015, RAJASTHAN, 8, BHILWARA, 83, SAHARA, 1211, UMMEDPURA, 35922, 1163298, Roads, 0, 0, 0, 0, 0, 0, 325000, 325000
2015, RAJASTHAN, 8, BHILWARA, 83, SAHARA, 1211, UMMEDPURA, 35922, 1163298, Total, 0, 0, 0, 0, 0, 0, 1130889, 1130889
2015, RAJASTHAN, 8, BHILWARA, 83, SHAHPURA, 1212, AAMLI KALAN, 35923, 1155967, Drinking water, 0, 0, 0, 0, 0, 0, 100000, 100000
2015, RAJASTHAN, 8, BHILWARA, 83, SHAHPURA, 1212, AAMLI KALAN, 35923, 1155967, Roads, 0, 0, 0, 0, 0, 0, 1974000, 1974000
2015, RAJASTHAN, 8, BHILWARA, 83, SHAHPURA, 1212, AAMLI KALAN, 35923, 1155967, Rural housing, 0, 0, 0, 0, 0, 0, 900000, 900000
2015, RAJASTHAN, 8, BHILWARA, 83, SHAHPURA, 1212, AAMLI KALAN, 35923, 1155967, Total, 0, 0, 0, 0, 0, 0, 2974000, 2974000
2015, RAJASTHAN, 8, BHILWARA, 83, SHAHPURA, 1212, ARNIYA GHORA, 35924, 1160503, Roads, 0, 0, 0, 0, 0, 0, 1590000, 1590000
2015, RAJASTHAN, 8, BHILWARA, 83, SHAHPURA, 1212, ARNIYA GHORA, 35924, 1160503, Total, 0, 0, 0, 0, 0, 0, 1590000, 1590000
2015, RAJASTHAN, 8, BHILWARA, 83, SHAHPURA, 1212, ARNIYA RASA, 35925, 1142414, Roads, 0, 0, 0, 0, 0, 0, 2397000, 2397000
2015, RAJASTHAN, 8, BHILWARA, 83, SHAHPURA, 1212, ARNIYA RASA, 35925, 1142414, Sanitation, 0, 0, 0, 0, 0, 0, 418000, 418000
2015, RAJASTHAN, 8, BHILWARA, 83, SHAHPURA, 1212, ARNIYA RASA, 35925, 1142414, Total, 0, 0, 0, 0, 0, 0, 2815000, 2815000
2015, RAJASTHAN, 8, BHILWARA, 83, SHAHPURA, 1212, ARWAD, 35926, 1162087, Roads, 0, 0, 0, 0, 0, 0, 1250000, 1250000
2015, RAJASTHAN, 8, BHILWARA, 83, SHAHPURA, 1212, ARWAD, 35926, 1162087, Total, 0, 0, 0, 0, 0, 0, 1250000, 1250000
2015, RAJASTHAN, 8, BHILWARA, 83, SHAHPURA, 1212, BACHHKHERA, 35927, 1140316, Roads, 0, 0, 0, 0, 0, 0, 1758680, 1758680
2015, RAJASTHAN, 8, BHILWARA, 83, SHAHPURA, 1212, BACHHKHERA, 35927, 1140316, Rural electrification, 0, 0, 0, 0, 0, 0, 11332, 11332
2015, RAJASTHAN, 8, BHILWARA, 83, SHAHPURA, 1212, BACHHKHERA, 35927, 1140316, Rural housing, 0, 0, 0, 0, 0, 0, 519731, 519731
2015, RAJASTHAN, 8, BHILWARA, 83, SHAHPURA, 1212, BACHHKHERA, 35927, 1140316, Sanitation, 0, 0, 0, 0, 0, 0, 41922, 41922
2015, RAJASTHAN, 8, BHILWARA, 83, SHAHPURA, 1212, BACHHKHERA, 35927, 1140316, Total, 0, 0, 0, 0, 0, 0, 2331665, 2331665
2015, RAJASTHAN, 8, BHILWARA, 83, SHAHPURA, 1212, BALAPURA, 35928, 1156078, Drinking water, 0, 0, 0, 0, 0, 0, 100000, 100000
2015, RAJASTHAN, 8, BHILWARA, 83, SHAHPURA, 1212, BALAPURA, 35928, 1156078, Roads, 0, 0, 0, 0, 0, 0, 1050000, 1050000
2015, RAJASTHAN, 8, BHILWARA, 83, SHAHPURA, 1212, BALAPURA, 35928, 1156078, Rural housing, 0, 0, 0, 0, 0, 0, 150000, 150000
2015, RAJASTHAN, 8, BHILWARA, 83, SHAHPURA, 1212, BALAPURA, 35928, 1156078, Total, 0, 0, 0, 0, 0, 0, 1300000, 1300000
2015, RAJASTHAN, 8, BHILWARA, 83, SHAHPURA, 1212, BANSEDA, 35929, 1158904, Roads, 0, 0, 0, 0, 0, 0, 1262000, 1262000
2015, RAJASTHAN, 8, BHILWARA, 83, SHAHPURA, 1212, BANSEDA, 35929, 1158904, Rural housing, 0, 0, 0, 0, 0, 0, 100000, 100000
2015, RAJASTHAN, 8, BHILWARA, 83, SHAHPURA, 1212, BANSEDA, 35929, 1158904, Sanitation, 0, 0, 0, 0, 0, 0, 270000, 270000
2015, RAJASTHAN, 8, BHILWARA, 83, SHAHPURA, 1212, BANSEDA, 35929, 1158904, Total, 0, 0, 0, 0, 0, 0, 1632000, 1632000
2015, RAJASTHAN, 8, BHILWARA, 83, SHAHPURA, 1212, BHOJPUR, 35930, 1161545, Maintenance of community system, 0, 0, 0, 0, 0, 0, 327000, 327000
2015, RAJASTHAN, 8, BHILWARA, 83, SHAHPURA, 1212, BHOJPUR, 35930, 1161545, Roads, 0, 0, 0, 0, 0, 0, 525000, 525000
2015, RAJASTHAN, 8, BHILWARA, 83, SHAHPURA, 1212, BHOJPUR, 35930, 1161545, Sanitation, 0, 0, 0, 0, 0, 0, 26000, 26000
2015, RAJASTHAN, 8, BHILWARA, 83, SHAHPURA, 1212, BHOJPUR, 35930, 1161545, Total, 0, 0, 0, 0, 0, 0, 878000, 878000
2015, RAJASTHAN, 8, BHILWARA, 83, SHAHPURA, 1212, BILIYA, 35931, 1158128, Roads, 0, 0, 0, 0, 0, 0, 3030000, 3030000
2015, RAJASTHAN, 8, BHILWARA, 83, SHAHPURA, 1212, BILIYA, 35931, 1158128, Total, 0, 0, 0, 0, 0, 0, 3030000, 3030000
2015, RAJASTHAN, 8, BHILWARA, 83, SHAHPURA, 1212, BORDA, 35932, 1135803, Drinking water, 0, 0, 0, 0, 0, 0, 50000, 50000
2015, RAJASTHAN, 8, BHILWARA, 83, SHAHPURA, 1212, BORDA, 35932, 1135803, Roads, 0, 0, 0, 0, 0, 0, 1911000, 1911000
2015, RAJASTHAN, 8, BHILWARA, 83, SHAHPURA, 1212, BORDA, 35932, 1135803, Sanitation, 0, 0, 0, 0, 0, 0, 1100000, 1100000
2015, RAJASTHAN, 8, BHILWARA, 83, SHAHPURA, 1212, BORDA, 35932, 1135803, Total, 0, 0, 0, 0, 0, 0, 3061000, 3061000
2015, RAJASTHAN, 8, BHILWARA, 83, SHAHPURA, 1212, DABLA CHANDA, 35934, 1144586, Drinking water, 0, 0, 0, 0, 0, 0, 1238000, 1238000
2015, RAJASTHAN, 8, BHILWARA, 83, SHAHPURA, 1212, DABLA CHANDA, 35934, 1144586, Public distribution system, 0, 0, 0, 0, 0, 0, 170000, 170000
2015, RAJASTHAN, 8, BHILWARA, 83, SHAHPURA, 1212, DABLA CHANDA, 35934, 1144586, Roads, 0, 0, 0, 0, 0, 0, 1168000, 1168000
2015, RAJASTHAN, 8, BHILWARA, 83, SHAHPURA, 1212, DABLA CHANDA, 35934, 1144586, Sanitation, 0, 0, 0, 0, 0, 0, 50000, 50000
2015, RAJASTHAN, 8, BHILWARA, 83, SHAHPURA, 1212, DABLA CHANDA, 35934, 1144586, Total, 0, 0, 0, 0, 0, 0, 2626000, 2626000
2015, RAJASTHAN, 8, BHILWARA, 83, SHAHPURA, 1212, DABLA KACHRA, 35933, 1153956, Drinking water, 0, 0, 0, 0, 0, 0, 200000, 200000
2015, RAJASTHAN, 8, BHILWARA, 83, SHAHPURA, 1212, DABLA KACHRA, 35933, 1153956, Public distribution system, 0, 0, 0, 0, 0, 0, 150000, 150000
2015, RAJASTHAN, 8, BHILWARA, 83, SHAHPURA, 1212, DABLA KACHRA, 35933, 1153956, Roads, 0, 0, 0, 0, 0, 0, 1000000, 1000000
2015, RAJASTHAN, 8, BHILWARA, 83, SHAHPURA, 1212, DABLA KACHRA, 35933, 1153956, Rural housing, 0, 0, 0, 0, 0, 0, 1000000, 1000000
2015, RAJASTHAN, 8, BHILWARA, 83, SHAHPURA, 1212, DABLA KACHRA, 35933, 1153956, Sanitation, 0, 0, 0, 0, 0, 0, 700000, 700000
2015, RAJASTHAN, 8, BHILWARA, 83, SHAHPURA, 1212, DABLA KACHRA, 35933, 1153956, Total, 0, 0, 0, 0, 0, 0, 3050000, 3050000
2015, RAJASTHAN, 8, BHILWARA, 83, SHAHPURA, 1212, DAULATPURA, 35939, 1140442, Drinking water, 0, 0, 0, 0, 0, 0, 250000, 250000
2015, RAJASTHAN, 8, BHILWARA, 83, SHAHPURA, 1212, DAULATPURA, 35939, 1140442, Education, 0, 0, 0, 0, 0, 0, 100000, 100000
2015, RAJASTHAN, 8, BHILWARA, 83, SHAHPURA, 1212, DAULATPURA, 35939, 1140442, Roads, 0, 0, 0, 0, 0, 0, 1600000, 1600000
2015, RAJASTHAN, 8, BHILWARA, 83, SHAHPURA, 1212, DAULATPURA, 35939, 1140442, Total, 0, 0, 0, 0, 0, 0, 1950000, 1950000
2015, RAJASTHAN, 8, BHILWARA, 83, SHAHPURA, 1212, DEVRIYA, 35935, 1162415, Rural housing, 0, 0, 0, 0, 0, 0, 1200000, 1200000
2015, RAJASTHAN, 8, BHILWARA, 83, SHAHPURA, 1212, DEVRIYA, 35935, 1162415, Total, 0, 0, 0, 0, 0, 0, 1200000, 1200000
2015, RAJASTHAN, 8, BHILWARA, 83, SHAHPURA, 1212, DHANOP, 35936, 1162529, Roads, 0, 0, 0, 0, 0, 0, 400000, 400000
2015, RAJASTHAN, 8, BHILWARA, 83, SHAHPURA, 1212, DHANOP, 35936, 1162529, Total, 0, 0, 0, 0, 0, 0, 400000, 400000
2015, RAJASTHAN, 8, BHILWARA, 83, SHAHPURA, 1212, DHIKOLA, 35937, 1163146, Drinking water, 0, 0, 0, 0, 0, 0, 38000, 38000
2015, RAJASTHAN, 8, BHILWARA, 83, SHAHPURA, 1212, DHIKOLA, 35937, 1163146, Roads, 0, 0, 0, 0, 0, 0, 9000, 9000
2015, RAJASTHAN, 8, BHILWARA, 83, SHAHPURA, 1212, DHIKOLA, 35937, 1163146, Rural electrification, 0, 0, 0, 0, 0, 0, 306000, 306000
2015, RAJASTHAN, 8, BHILWARA, 83, SHAHPURA, 1212, DHIKOLA, 35937, 1163146, Rural housing, 0, 0, 0, 0, 0, 0, 69000, 69000
2015, RAJASTHAN, 8, BHILWARA, 83, SHAHPURA, 1212, DHIKOLA, 35937, 1163146, Sanitation, 0, 0, 0, 0, 0, 0, 4000, 4000
2015, RAJASTHAN, 8, BHILWARA, 83, SHAHPURA, 1212, DHIKOLA, 35937, 1163146, Total, 0, 0, 0, 0, 0, 0, 426000, 426000
2015, RAJASTHAN, 8, BHILWARA, 83, SHAHPURA, 1212, DOHARIYA, 35938, 1157882, Drinking water, 0, 0, 0, 0, 0, 0, 90000, 90000
2015, RAJASTHAN, 8, BHILWARA, 83, SHAHPURA, 1212, DOHARIYA, 35938, 1157882, Roads, 0, 0, 0, 0, 0, 0, 130000, 130000
2015, RAJASTHAN, 8, BHILWARA, 83, SHAHPURA, 1212, DOHARIYA, 35938, 1157882, Rural electrification, 0, 0, 0, 0, 0, 0, 234000, 234000
2015, RAJASTHAN, 8, BHILWARA, 83, SHAHPURA, 1212, DOHARIYA, 35938, 1157882, Rural housing, 0, 0, 0, 0, 0, 0, 340000, 340000
2015, RAJASTHAN, 8, BHILWARA, 83, SHAHPURA, 1212, DOHARIYA, 35938, 1157882, Sanitation, 0, 0, 0, 0, 0, 0, 30000, 30000
2015, RAJASTHAN, 8, BHILWARA, 83, SHAHPURA, 1212, DOHARIYA, 35938, 1157882, Total, 0, 0, 0, 0, 0, 0, 824000, 824000
2015, RAJASTHAN, 8, BHILWARA, 83, SHAHPURA, 1212, EITDIYA, 35943, 1161076, Roads, 0, 0, 0, 0, 0, 0, 500000, 500000
2015, RAJASTHAN, 8, BHILWARA, 83, SHAHPURA, 1212, EITDIYA, 35943, 1161076, Rural housing, 0, 0, 0, 0, 0, 0, 200000, 200000
2015, RAJASTHAN, 8, BHILWARA, 83, SHAHPURA, 1212, EITDIYA, 35943, 1161076, Total, 0, 0, 0, 0, 0, 0, 700000, 700000
2015, RAJASTHAN, 8, BHILWARA, 83, SHAHPURA, 1212, EITMARIYA, 35942, 1163252, Non-conventional energy sources, 0, 0, 0, 0, 0, 0, 146000, 146000
2015, RAJASTHAN, 8, BHILWARA, 83, SHAHPURA, 1212, EITMARIYA, 35942, 1163252, Roads, 0, 0, 0, 0, 0, 0, 237000, 237000
2015, RAJASTHAN, 8, BHILWARA, 83, SHAHPURA, 1212, EITMARIYA, 35942, 1163252, Rural electrification, 0, 0, 0, 0, 0, 0, 34000, 34000
2015, RAJASTHAN, 8, BHILWARA, 83, SHAHPURA, 1212, EITMARIYA, 35942, 1163252, Sanitation, 0, 0, 0, 0, 0, 0, 6000, 6000
2015, RAJASTHAN, 8, BHILWARA, 83, SHAHPURA, 1212, EITMARIYA, 35942, 1163252, Total, 0, 0, 0, 0, 0, 0, 423000, 423000
2015, RAJASTHAN, 8, BHILWARA, 83, SHAHPURA, 1212, GIRDIYA, 35940, 1157530, Public distribution system, 0, 0, 0, 0, 0, 0, 250000, 250000
2015, RAJASTHAN, 8, BHILWARA, 83, SHAHPURA, 1212, GIRDIYA, 35940, 1157530, Roads, 0, 0, 0, 0, 0, 0, 1450000, 1450000
2015, RAJASTHAN, 8, BHILWARA, 83, SHAHPURA, 1212, GIRDIYA, 35940, 1157530, Sanitation, 0, 0, 0, 0, 0, 0, 100000, 100000
2015, RAJASTHAN, 8, BHILWARA, 83, SHAHPURA, 1212, GIRDIYA, 35940, 1157530, Total, 0, 0, 0, 0, 0, 0, 1800000, 1800000
2015, RAJASTHAN, 8, BHILWARA, 83, SHAHPURA, 1212, HUKAMPURA, 35941, 1163448, Drinking water, 0, 0, 0, 0, 0, 0, 100000, 100000
2015, RAJASTHAN, 8, BHILWARA, 83, SHAHPURA, 1212, HUKAMPURA, 35941, 1163448, Maintenance of community system, 0, 0, 0, 0, 0, 0, 100000, 100000
2015, RAJASTHAN, 8, BHILWARA, 83, SHAHPURA, 1212, HUKAMPURA, 35941, 1163448, Roads, 0, 0, 0, 0, 0, 0, 300000, 300000
2015, RAJASTHAN, 8, BHILWARA, 83, SHAHPURA, 1212, HUKAMPURA, 35941, 1163448, Sanitation, 0, 0, 0, 0, 0, 0, 100000, 100000
2015, RAJASTHAN, 8, BHILWARA, 83, SHAHPURA, 1212, HUKAMPURA, 35941, 1163448, Total, 0, 0, 0, 0, 0, 0, 600000, 600000
2015, RAJASTHAN, 8, BHILWARA, 83, SHAHPURA, 1212, KADI SAHANA, 35944, 1102679, Drinking water, 0, 0, 0, 0, 0, 0, 75000, 75000
2015, RAJASTHAN, 8, BHILWARA, 83, SHAHPURA, 1212, KADI SAHANA, 35944, 1102679, Roads, 0, 0, 0, 0, 0, 0, 3325000, 3325000
2015, RAJASTHAN, 8, BHILWARA, 83, SHAHPURA, 1212, KADI SAHANA, 35944, 1102679, Total, 0, 0, 0, 0, 0, 0, 3400000, 3400000
2015, RAJASTHAN, 8, BHILWARA, 83, SHAHPURA, 1212, KANECHAN KALAN, 35946, 1144249, Drinking water, 0, 0, 0, 0, 0, 0, 80000, 80000
2015, RAJASTHAN, 8, BHILWARA, 83, SHAHPURA, 1212, KANECHAN KALAN, 35946, 1144249, Maintenance of community system, 0, 0, 0, 0, 0, 0, 50000, 50000
2015, RAJASTHAN, 8, BHILWARA, 83, SHAHPURA, 1212, KANECHAN KALAN, 35946, 1144249, Public distribution system, 0, 0, 0, 0, 0, 0, 20000, 20000
2015, RAJASTHAN, 8, BHILWARA, 83, SHAHPURA, 1212, KANECHAN KALAN, 35946, 1144249, Roads, 0, 0, 0, 0, 0, 0, 773000, 773000
2015, RAJASTHAN, 8, BHILWARA, 83, SHAHPURA, 1212, KANECHAN KALAN, 35946, 1144249, Rural housing, 0, 0, 0, 0, 0, 0, 251000, 251000
2015, RAJASTHAN, 8, BHILWARA, 83, SHAHPURA, 1212, KANECHAN KALAN, 35946, 1144249, Sanitation, 0, 0, 0, 0, 0, 0, 320000, 320000
2015, RAJASTHAN, 8, BHILWARA, 83, SHAHPURA, 1212, KANECHAN KALAN, 35946, 1144249, Total, 0, 0, 0, 0, 0, 0, 1494000, 1494000
2015, RAJASTHAN, 8, BHILWARA, 83, SHAHPURA, 1212, KANECHAN KHURD, 35947, 1162801, Roads, 0, 0, 0, 0, 0, 0, 1001000, 1001000
2015, RAJASTHAN, 8, BHILWARA, 83, SHAHPURA, 1212, KANECHAN KHURD, 35947, 1162801, Total, 0, 0, 0, 0, 0, 0, 1001000, 1001000
2015, RAJASTHAN, 8, BHILWARA, 83, SHAHPURA, 1212, KHAMOR, 35945, 1159326, Roads, 0, 0, 0, 0, 0, 0, 1400000, 1400000
2015, RAJASTHAN, 8, BHILWARA, 83, SHAHPURA, 1212, KHAMOR, 35945, 1159326, Rural housing, 0, 0, 0, 0, 0, 0, 350000, 350000
2015, RAJASTHAN, 8, BHILWARA, 83, SHAHPURA, 1212, KHAMOR, 35945, 1159326, Total, 0, 0, 0, 0, 0, 0, 1750000, 1750000
2015, RAJASTHAN, 8, BHILWARA, 83, SHAHPURA, 1212, KOTHIYA, 35948, 1160993, Roads, 0, 0, 0, 0, 0, 0, 310000, 310000
2015, RAJASTHAN, 8, BHILWARA, 83, SHAHPURA, 1212, KOTHIYA, 35948, 1160993, Sanitation, 0, 0, 0, 0, 0, 0, 450000, 450000
2015, RAJASTHAN, 8, BHILWARA, 83, SHAHPURA, 1212, KOTHIYA, 35948, 1160993, Total, 0, 0, 0, 0, 0, 0, 760000, 760000
2015, RAJASTHAN, 8, BHILWARA, 83, SHAHPURA, 1212, LASADIYA, 35949, 1159090, Rural electrification, 0, 0, 0, 0, 0, 0, 2000000, 2000000
2015, RAJASTHAN, 8, BHILWARA, 83, SHAHPURA, 1212, LASADIYA, 35949, 1159090, Total, 0, 0, 0, 0, 0, 0, 2000000, 2000000
2015, RAJASTHAN, 8, BHILWARA, 83, SHAHPURA, 1212, LULAS, 35950, 1174246, Drinking water, 0, 0, 0, 0, 0, 0, 530000, 530000
2015, RAJASTHAN, 8, BHILWARA, 83, SHAHPURA, 1212, LULAS, 35950, 1174246, Roads, 0, 0, 0, 0, 0, 0, 630000, 630000
2015, RAJASTHAN, 8, BHILWARA, 83, SHAHPURA, 1212, LULAS, 35950, 1174246, Total, 0, 0, 0, 0, 0, 0, 1160000, 1160000
2015, RAJASTHAN, 8, BHILWARA, 83, SHAHPURA, 1212, MATAJI KA KHERA, 35951, 1162082, Roads, 0, 0, 0, 0, 0, 0, 200000, 200000
2015, RAJASTHAN, 8, BHILWARA, 83, SHAHPURA, 1212, MATAJI KA KHERA, 35951, 1162082, Total, 0, 0, 0, 0, 0, 0, 200000, 200000
2015, RAJASTHAN, 8, BHILWARA, 83, SHAHPURA, 1212, MINDOLIYA, 35952, 1162434, Roads, 0, 0, 0, 0, 0, 0, 2400000, 2400000
2015, RAJASTHAN, 8, BHILWARA, 83, SHAHPURA, 1212, MINDOLIYA, 35952, 1162434, Total, 0, 0, 0, 0, 0, 0, 2400000, 2400000
2015, RAJASTHAN, 8, BHILWARA, 83, SHAHPURA, 1212, PHOOLIYA KALAN, 35953, 1159398, Drinking water, 0, 0, 0, 0, 0, 0, 500000, 500000
2015, RAJASTHAN, 8, BHILWARA, 83, SHAHPURA, 1212, PHOOLIYA KALAN, 35953, 1159398, Maintenance of community system, 0, 0, 0, 0, 0, 0, 100000, 100000
2015, RAJASTHAN, 8, BHILWARA, 83, SHAHPURA, 1212, PHOOLIYA KALAN, 35953, 1159398, Roads, 0, 0, 0, 0, 0, 0, 80000, 80000
2015, RAJASTHAN, 8, BHILWARA, 83, SHAHPURA, 1212, PHOOLIYA KALAN, 35953, 1159398, Sanitation, 0, 0, 0, 0, 0, 0, 225000, 225000
2015, RAJASTHAN, 8, BHILWARA, 83, SHAHPURA, 1212, PHOOLIYA KALAN, 35953, 1159398, Total, 0, 0, 0, 0, 0, 0, 905000, 905000
2015, RAJASTHAN, 8, BHILWARA, 83, SHAHPURA, 1212, PHOOLIYA KHURD, 35954, 1142158, Land improvement, 0, 0, 0, 0, 0, 0, 25000, 25000
2015, RAJASTHAN, 8, BHILWARA, 83, SHAHPURA, 1212, PHOOLIYA KHURD, 35954, 1142158, Non-conventional energy sources, 0, 0, 0, 0, 0, 0, 500000, 500000
2015, RAJASTHAN, 8, BHILWARA, 83, SHAHPURA, 1212, PHOOLIYA KHURD, 35954, 1142158, Roads, 0, 0, 0, 0, 0, 0, 672000, 672000
2015, RAJASTHAN, 8, BHILWARA, 83, SHAHPURA, 1212, PHOOLIYA KHURD, 35954, 1142158, Sanitation, 0, 0, 0, 0, 0, 0, 700000, 700000
2015, RAJASTHAN, 8, BHILWARA, 83, SHAHPURA, 1212, PHOOLIYA KHURD, 35954, 1142158, Total, 0, 0, 0, 0, 0, 0, 1897000, 1897000
2015, RAJASTHAN, 8, BHILWARA, 83, SHAHPURA, 1212, PRATAPPURA, 35955, 1115358, Roads, 0, 0, 0, 0, 0, 0, 350000, 350000
2015, RAJASTHAN, 8, BHILWARA, 83, SHAHPURA, 1212, PRATAPPURA, 35955, 1115358, Total, 0, 0, 0, 0, 0, 0, 350000, 350000
2015, RAJASTHAN, 8, BHILWARA, 83, SHAHPURA, 1212, REHAD, 35956, 1135014, Drinking water, 0, 0, 0, 0, 0, 0, 100000, 100000
2015, RAJASTHAN, 8, BHILWARA, 83, SHAHPURA, 1212, REHAD, 35956, 1135014, Education, 0, 0, 0, 0, 0, 0, 170000, 170000
2015, RAJASTHAN, 8, BHILWARA, 83, SHAHPURA, 1212, REHAD, 35956, 1135014, Public distribution system, 0, 0, 0, 0, 0, 0, 110000, 110000
2015, RAJASTHAN, 8, BHILWARA, 83, SHAHPURA, 1212, REHAD, 35956, 1135014, Roads, 0, 0, 0, 0, 0, 0, 1700000, 1700000
2015, RAJASTHAN, 8, BHILWARA, 83, SHAHPURA, 1212, REHAD, 35956, 1135014, Sanitation, 0, 0, 0, 0, 0, 0, 290000, 290000
2015, RAJASTHAN, 8, BHILWARA, 83, SHAHPURA, 1212, REHAD, 35956, 1135014, Total, 0, 0, 0, 0, 0, 0, 2370000, 2370000
2015, RAJASTHAN, 8, BHILWARA, 83, SHAHPURA, 1212, SANGARI, 35957, 1156997, Maintenance of community system, 0, 0, 0, 0, 0, 0, 200000, 200000
2015, RAJASTHAN, 8, BHILWARA, 83, SHAHPURA, 1212, SANGARI, 35957, 1156997, Roads, 0, 0, 0, 0, 0, 0, 1100000, 1100000
2015, RAJASTHAN, 8, BHILWARA, 83, SHAHPURA, 1212, SANGARI, 35957, 1156997, Total, 0, 0, 0, 0, 0, 0, 1300000, 1300000
2015, RAJASTHAN, 8, BHILWARA, 83, SHAHPURA, 1212, SANGRIYA, 35958, 1156833, Drinking water, 0, 0, 0, 0, 0, 0, 200000, 200000
2015, RAJASTHAN, 8, BHILWARA, 83, SHAHPURA, 1212, SANGRIYA, 35958, 1156833, Rural electrification, 0, 0, 0, 0, 0, 0, 150000, 150000
2015, RAJASTHAN, 8, BHILWARA, 83, SHAHPURA, 1212, SANGRIYA, 35958, 1156833, Sanitation, 0, 0, 0, 0, 0, 0, 3910000, 3910000
2015, RAJASTHAN, 8, BHILWARA, 83, SHAHPURA, 1212, SANGRIYA, 35958, 1156833, Total, 0, 0, 0, 0, 0, 0, 4260000, 4260000
2015, RAJASTHAN, 8, BHILWARA, 83, SHAHPURA, 1212, TASWARIYA BANSA, 35959, 1161400, Roads, 0, 0, 0, 0, 0, 0, 2100000, 2100000
2015, RAJASTHAN, 8, BHILWARA, 83, SHAHPURA, 1212, TASWARIYA BANSA, 35959, 1161400, Rural housing, 0, 0, 0, 0, 0, 0, 1000000, 1000000
2015, RAJASTHAN, 8, BHILWARA, 83, SHAHPURA, 1212, TASWARIYA BANSA, 35959, 1161400, Total, 0, 0, 0, 0, 0, 0, 3100000, 3100000
2015, RAJASTHAN, 8, BHILWARA, 83, SHAHPURA, 1212, TEHNAL, 35960, 1121378, Health, 0, 0, 0, 0, 0, 0, 240000, 240000
2015, RAJASTHAN, 8, BHILWARA, 83, SHAHPURA, 1212, TEHNAL, 35960, 1121378, Public distribution system, 0, 0, 0, 0, 0, 0, 400000, 400000
2015, RAJASTHAN, 8, BHILWARA, 83, SHAHPURA, 1212, TEHNAL, 35960, 1121378, Roads, 0, 0, 0, 0, 0, 0, 800000, 800000
2015, RAJASTHAN, 8, BHILWARA, 83, SHAHPURA, 1212, TEHNAL, 35960, 1121378, Total, 0, 0, 0, 0, 0, 0, 1440000, 1440000
2015, RAJASTHAN, 8, BHILWARA, 83, SUWANA, 1213, AAMLIGARH(PA), 35961, 1115047, Administrative & Technical Support, 0, 0, 0, 0, 0, 0, 150000, 150000
2015, RAJASTHAN, 8, BHILWARA, 83, SUWANA, 1213, AAMLIGARH(PA), 35961, 1115047, Drinking water, 0, 0, 0, 0, 0, 0, 480000, 480000
2015, RAJASTHAN, 8, BHILWARA, 83, SUWANA, 1213, AAMLIGARH(PA), 35961, 1115047, Maintenance of community system, 0, 0, 0, 0, 0, 0, 600000, 600000
2015, RAJASTHAN, 8, BHILWARA, 83, SUWANA, 1213, AAMLIGARH(PA), 35961, 1115047, Public distribution system, 0, 0, 0, 0, 0, 0, 50000, 50000
2015, RAJASTHAN, 8, BHILWARA, 83, SUWANA, 1213, AAMLIGARH(PA), 35961, 1115047, Sanitation, 0, 0, 0, 0, 0, 0, 700000, 700000
2015, RAJASTHAN, 8, BHILWARA, 83, SUWANA, 1213, AAMLIGARH(PA), 35961, 1115047, Social welfare, 0, 0, 0, 0, 0, 0, 280000, 280000
2015, RAJASTHAN, 8, BHILWARA, 83, SUWANA, 1213, AAMLIGARH(PA), 35961, 1115047, Total, 0, 0, 0, 0, 0, 0, 2260000, 2260000
2015, RAJASTHAN, 8, BHILWARA, 83, SUWANA, 1213, ARJIYA, 35962, 1142576, Administrative & Technical Support, 0, 0, 0, 0, 0, 0, 800000, 800000
2015, RAJASTHAN, 8, BHILWARA, 83, SUWANA, 1213, ARJIYA, 35962, 1142576, Drinking water, 0, 0, 0, 0, 0, 0, 880000, 880000
2015, RAJASTHAN, 8, BHILWARA, 83, SUWANA, 1213, ARJIYA, 35962, 1142576, Roads, 0, 0, 0, 0, 0, 0, 850000, 850000
2015, RAJASTHAN, 8, BHILWARA, 83, SUWANA, 1213, ARJIYA, 35962, 1142576, Total, 0, 0, 0, 0, 0, 0, 2530000, 2530000
2015, RAJASTHAN, 8, BHILWARA, 83, SUWANA, 1213, ATUN, 35963, 1126838, Administrative & Technical Support, 0, 0, 0, 0, 0, 0, 700000, 700000
2015, RAJASTHAN, 8, BHILWARA, 83, SUWANA, 1213, ATUN, 35963, 1126838, Drinking water, 0, 0, 0, 0, 0, 0, 1175000, 1175000
2015, RAJASTHAN, 8, BHILWARA, 83, SUWANA, 1213, ATUN, 35963, 1126838, Sanitation, 0, 0, 0, 0, 0, 0, 100000, 100000
2015, RAJASTHAN, 8, BHILWARA, 83, SUWANA, 1213, ATUN, 35963, 1126838, Total, 0, 0, 0, 0, 0, 0, 1975000, 1975000
2015, RAJASTHAN, 8, BHILWARA, 83, SUWANA, 1213, BARDOD, 35964, 1126717, Administrative & Technical Support, 0, 0, 0, 0, 0, 0, 396000, 396000
2015, RAJASTHAN, 8, BHILWARA, 83, SUWANA, 1213, BARDOD, 35964, 1126717, Drinking water, 0, 0, 0, 0, 0, 0, 768000, 768000
2015, RAJASTHAN, 8, BHILWARA, 83, SUWANA, 1213, BARDOD, 35964, 1126717, Roads, 0, 0, 0, 0, 0, 0, 850000, 850000
2015, RAJASTHAN, 8, BHILWARA, 83, SUWANA, 1213, BARDOD, 35964, 1126717, Total, 0, 0, 0, 0, 0, 0, 2014000, 2014000
2015, RAJASTHAN, 8, BHILWARA, 83, SUWANA, 1213, BHOLI, 35965, 1164757, Roads, 0, 0, 0, 0, 0, 0, 1675000, 1675000
2015, RAJASTHAN, 8, BHILWARA, 83, SUWANA, 1213, BHOLI, 35965, 1164757, Total, 0, 0, 0, 0, 0, 0, 1675000, 1675000
2015, RAJASTHAN, 8, BHILWARA, 83, SUWANA, 1213, BHOPALGARH, 35966, 1175247, Administrative & Technical Support, 0, 0, 0, 0, 0, 0, 500000, 500000
2015, RAJASTHAN, 8, BHILWARA, 83, SUWANA, 1213, BHOPALGARH, 35966, 1175247, Drinking water, 0, 0, 0, 0, 0, 0, 280000, 280000
2015, RAJASTHAN, 8, BHILWARA, 83, SUWANA, 1213, BHOPALGARH, 35966, 1175247, Roads, 0, 0, 0, 0, 0, 0, 1100000, 1100000
2015, RAJASTHAN, 8, BHILWARA, 83, SUWANA, 1213, BHOPALGARH, 35966, 1175247, Total, 0, 0, 0, 0, 0, 0, 1880000, 1880000
2015, RAJASTHAN, 8, BHILWARA, 83, SUWANA, 1213, DANTHAL, 35967, 1164688, Administrative & Technical Support, 0, 0, 0, 0, 0, 0, 112000, 112000
2015, RAJASTHAN, 8, BHILWARA, 83, SUWANA, 1213, DANTHAL, 35967, 1164688, Drinking water, 0, 0, 0, 0, 0, 0, 746000, 746000
2015, RAJASTHAN, 8, BHILWARA, 83, SUWANA, 1213, DANTHAL, 35967, 1164688, Total, 0, 0, 0, 0, 0, 0, 858000, 858000
2015, RAJASTHAN, 8, BHILWARA, 83, SUWANA, 1213, DARIBA, 35968, 1141784, Drinking water, 0, 0, 0, 0, 0, 0, 208000, 208000
2015, RAJASTHAN, 8, BHILWARA, 83, SUWANA, 1213, DARIBA, 35968, 1141784, Maintenance of community system, 0, 0, 0, 0, 0, 0, 188000, 188000
2015, RAJASTHAN, 8, BHILWARA, 83, SUWANA, 1213, DARIBA, 35968, 1141784, Roads, 0, 0, 0, 0, 0, 0, 1660000, 1660000
2015, RAJASTHAN, 8, BHILWARA, 83, SUWANA, 1213, DARIBA, 35968, 1141784, Sanitation, 0, 0, 0, 0, 0, 0, 227000, 227000
2015, RAJASTHAN, 8, BHILWARA, 83, SUWANA, 1213, DARIBA, 35968, 1141784, Social welfare, 0, 0, 0, 0, 0, 0, 225000, 225000
2015, RAJASTHAN, 8, BHILWARA, 83, SUWANA, 1213, DARIBA, 35968, 1141784, Total, 0, 0, 0, 0, 0, 0, 2508000, 2508000
2015, RAJASTHAN, 8, BHILWARA, 83, SUWANA, 1213, DEOLI, 35969, 1175226, Roads, 0, 0, 0, 0, 0, 0, 2100000, 2100000
2015, RAJASTHAN, 8, BHILWARA, 83, SUWANA, 1213, DEOLI, 35969, 1175226, Total, 0, 0, 0, 0, 0, 0, 2100000, 2100000
2015, RAJASTHAN, 8, BHILWARA, 83, SUWANA, 1213, DUDIYA, 35970, 1141289, Drinking water, 0, 0, 0, 0, 0, 0, 550000, 550000
2015, RAJASTHAN, 8, BHILWARA, 83, SUWANA, 1213, DUDIYA, 35970, 1141289, Roads, 0, 0, 0, 0, 0, 0, 275000, 275000
2015, RAJASTHAN, 8, BHILWARA, 83, SUWANA, 1213, DUDIYA, 35970, 1141289, Sanitation, 0, 0, 0, 0, 0, 0, 225000, 225000
2015, RAJASTHAN, 8, BHILWARA, 83, SUWANA, 1213, DUDIYA, 35970, 1141289, Social welfare, 0, 0, 0, 0, 0, 0, 260000, 260000
2015, RAJASTHAN, 8, BHILWARA, 83, SUWANA, 1213, DUDIYA, 35970, 1141289, Total, 0, 0, 0, 0, 0, 0, 1310000, 1310000
2015, RAJASTHAN, 8, BHILWARA, 83, SUWANA, 1213, GUNDALI, 35971, 1096668, Drinking water, 0, 0, 0, 0, 0, 0, 500000, 500000
2015, RAJASTHAN, 8, BHILWARA, 83, SUWANA, 1213, GUNDALI, 35971, 1096668, Roads, 0, 0, 0, 0, 0, 0, 500000, 500000
2015, RAJASTHAN, 8, BHILWARA, 83, SUWANA, 1213, GUNDALI, 35971, 1096668, Sanitation, 0, 0, 0, 0, 0, 0, 350000, 350000
2015, RAJASTHAN, 8, BHILWARA, 83, SUWANA, 1213, GUNDALI, 35971, 1096668, Social welfare, 0, 0, 0, 0, 0, 0, 550000, 550000
2015, RAJASTHAN, 8, BHILWARA, 83, SUWANA, 1213, GUNDALI, 35971, 1096668, Total, 0, 0, 0, 0, 0, 0, 1900000, 1900000
2015, RAJASTHAN, 8, BHILWARA, 83, SUWANA, 1213, GURLAN, 35972, 1129937, Administrative & Technical Support, 0, 0, 0, 0, 0, 0, 604000, 604000
2015, RAJASTHAN, 8, BHILWARA, 83, SUWANA, 1213, GURLAN, 35972, 1129937, Drinking water, 0, 0, 0, 0, 0, 0, 1076000, 1076000
2015, RAJASTHAN, 8, BHILWARA, 83, SUWANA, 1213, GURLAN, 35972, 1129937, Sanitation, 0, 0, 0, 0, 0, 0, 40000, 40000
2015, RAJASTHAN, 8, BHILWARA, 83, SUWANA, 1213, GURLAN, 35972, 1129937, Total, 0, 0, 0, 0, 0, 0, 1720000, 1720000
2015, RAJASTHAN, 8, BHILWARA, 83, SUWANA, 1213, HALED, 35973, 1162390, Administrative & Technical Support, 0, 0, 0, 0, 0, 0, 770000, 770000
2015, RAJASTHAN, 8, BHILWARA, 83, SUWANA, 1213, HALED, 35973, 1162390, Drinking water, 0, 0, 0, 0, 0, 0, 250000, 250000
2015, RAJASTHAN, 8, BHILWARA, 83, SUWANA, 1213, HALED, 35973, 1162390, Maintenance of community system, 0, 0, 0, 0, 0, 0, 500000, 500000
2015, RAJASTHAN, 8, BHILWARA, 83, SUWANA, 1213, HALED, 35973, 1162390, Roads, 0, 0, 0, 0, 0, 0, 500000, 500000
2015, RAJASTHAN, 8, BHILWARA, 83, SUWANA, 1213, HALED, 35973, 1162390, Total, 0, 0, 0, 0, 0, 0, 2020000, 2020000
2015, RAJASTHAN, 8, BHILWARA, 83, SUWANA, 1213, HAMEERGARH, 35974, 1166727, Administrative & Technical Support, 0, 0, 0, 0, 0, 0, 240000, 240000
2015, RAJASTHAN, 8, BHILWARA, 83, SUWANA, 1213, HAMEERGARH, 35974, 1166727, Drinking water, 0, 0, 0, 0, 0, 0, 2440000, 2440000
2015, RAJASTHAN, 8, BHILWARA, 83, SUWANA, 1213, HAMEERGARH, 35974, 1166727, Total, 0, 0, 0, 0, 0, 0, 2680000, 2680000
2015, RAJASTHAN, 8, BHILWARA, 83, SUWANA, 1213, KANDA, 35975, 1140733, Administrative & Technical Support, 0, 0, 0, 0, 0, 0, 222000, 222000
2015, RAJASTHAN, 8, BHILWARA, 83, SUWANA, 1213, KANDA, 35975, 1140733, Drinking water, 0, 0, 0, 0, 0, 0, 710000, 710000
2015, RAJASTHAN, 8, BHILWARA, 83, SUWANA, 1213, KANDA, 35975, 1140733, Maintenance of community system, 0, 0, 0, 0, 0, 0, 650000, 650000
2015, RAJASTHAN, 8, BHILWARA, 83, SUWANA, 1213, KANDA, 35975, 1140733, Roads, 0, 0, 0, 0, 0, 0, 500000, 500000
2015, RAJASTHAN, 8, BHILWARA, 83, SUWANA, 1213, KANDA, 35975, 1140733, Total, 0, 0, 0, 0, 0, 0, 2082000, 2082000
2015, RAJASTHAN, 8, BHILWARA, 83, SUWANA, 1213, KAROI, 35976, 1111286, Drinking water, 0, 0, 0, 0, 0, 0, 660000, 660000
2015, RAJASTHAN, 8, BHILWARA, 83, SUWANA, 1213, KAROI, 35976, 1111286, Roads, 0, 0, 0, 0, 0, 0, 2324000, 2324000
2015, RAJASTHAN, 8, BHILWARA, 83, SUWANA, 1213, KAROI, 35976, 1111286, Total, 0, 0, 0, 0, 0, 0, 2984000, 2984000
2015, RAJASTHAN, 8, BHILWARA, 83, SUWANA, 1213, KHERABAD, 35977, 1143855, Maintenance of community system, 0, 0, 0, 0, 0, 0, 425000, 425000
2015, RAJASTHAN, 8, BHILWARA, 83, SUWANA, 1213, KHERABAD, 35977, 1143855, Roads, 0, 0, 0, 0, 0, 0, 2900000, 2900000
2015, RAJASTHAN, 8, BHILWARA, 83, SUWANA, 1213, KHERABAD, 35977, 1143855, Total, 0, 0, 0, 0, 0, 0, 3325000, 3325000
2015, RAJASTHAN, 8, BHILWARA, 83, SUWANA, 1213, KOCHRIYA, 35978, 1115262, Administrative & Technical Support, 0, 0, 0, 0, 0, 0, 330000, 330000
2015, RAJASTHAN, 8, BHILWARA, 83, SUWANA, 1213, KOCHRIYA, 35978, 1115262, Drinking water, 0, 0, 0, 0, 0, 0, 1070000, 1070000
2015, RAJASTHAN, 8, BHILWARA, 83, SUWANA, 1213, KOCHRIYA, 35978, 1115262, Total, 0, 0, 0, 0, 0, 0, 1400000, 1400000
2015, RAJASTHAN, 8, BHILWARA, 83, SUWANA, 1213, KODUKOTA, 35979, 1104573, Drinking water, 0, 0, 0, 0, 0, 0, 1599331, 1599331
2015, RAJASTHAN, 8, BHILWARA, 83, SUWANA, 1213, KODUKOTA, 35979, 1104573, Family welfare, 0, 0, 0, 0, 0, 0, 50000, 50000
2015, RAJASTHAN, 8, BHILWARA, 83, SUWANA, 1213, KODUKOTA, 35979, 1104573, Roads, 0, 0, 0, 0, 0, 0, 650000, 650000
2015, RAJASTHAN, 8, BHILWARA, 83, SUWANA, 1213, KODUKOTA, 35979, 1104573, Total, 0, 0, 0, 0, 0, 0, 2299331, 2299331
2015, RAJASTHAN, 8, BHILWARA, 83, SUWANA, 1213, MAHUWA KALAN, 35980, 1130865, Drinking water, 0, 0, 0, 0, 0, 0, 1522000, 1522000
2015, RAJASTHAN, 8, BHILWARA, 83, SUWANA, 1213, MAHUWA KALAN, 35980, 1130865, Total, 0, 0, 0, 0, 0, 0, 1522000, 1522000
2015, RAJASTHAN, 8, BHILWARA, 83, SUWANA, 1213, MALOLA, 35981, 1121279, Administrative & Technical Support, 0, 0, 0, 0, 0, 0, 250000, 250000
2015, RAJASTHAN, 8, BHILWARA, 83, SUWANA, 1213, MALOLA, 35981, 1121279, Drinking water, 0, 0, 0, 0, 0, 0, 130000, 130000
2015, RAJASTHAN, 8, BHILWARA, 83, SUWANA, 1213, MALOLA, 35981, 1121279, Health, 0, 0, 0, 0, 0, 0, 10000, 10000
2015, RAJASTHAN, 8, BHILWARA, 83, SUWANA, 1213, MALOLA, 35981, 1121279, Land improvement, 0, 0, 0, 0, 0, 0, 16000, 16000
2015, RAJASTHAN, 8, BHILWARA, 83, SUWANA, 1213, MALOLA, 35981, 1121279, Roads, 0, 0, 0, 0, 0, 0, 940000, 940000
2015, RAJASTHAN, 8, BHILWARA, 83, SUWANA, 1213, MALOLA, 35981, 1121279, Total, 0, 0, 0, 0, 0, 0, 1346000, 1346000
2015, RAJASTHAN, 8, BHILWARA, 83, SUWANA, 1213, MANGROP, 35982, 1144264, Roads, 0, 0, 0, 0, 0, 0, 2000000, 2000000
2015, RAJASTHAN, 8, BHILWARA, 83, SUWANA, 1213, MANGROP, 35982, 1144264, Rural electrification, 0, 0, 0, 0, 0, 0, 50000, 50000
2015, RAJASTHAN, 8, BHILWARA, 83, SUWANA, 1213, MANGROP, 35982, 1144264, Total, 0, 0, 0, 0, 0, 0, 2050000, 2050000
2015, RAJASTHAN, 8, BHILWARA, 83, SUWANA, 1213, OJYADA, 35983, 1130920, Drinking water, 0, 0, 0, 0, 0, 0, 716300, 716300
2015, RAJASTHAN, 8, BHILWARA, 83, SUWANA, 1213, OJYADA, 35983, 1130920, Maintenance of community system, 0, 0, 0, 0, 0, 0, 45150, 45150
2015, RAJASTHAN, 8, BHILWARA, 83, SUWANA, 1213, OJYADA, 35983, 1130920, Rural electrification, 0, 0, 0, 0, 0, 0, 334635, 334635
2015, RAJASTHAN, 8, BHILWARA, 83, SUWANA, 1213, OJYADA, 35983, 1130920, Small-scale industries, 0, 0, 0, 0, 0, 0, 28000, 28000
2015, RAJASTHAN, 8, BHILWARA, 83, SUWANA, 1213, OJYADA, 35983, 1130920, Technical training and vocational education, 0, 0, 0, 0, 0, 0, 39000, 39000
2015, RAJASTHAN, 8, BHILWARA, 83, SUWANA, 1213, OJYADA, 35983, 1130920, Total, 0, 0, 0, 0, 0, 0, 1163085, 1163085
2015, RAJASTHAN, 8, BHILWARA, 83, SUWANA, 1213, PALRI, 35984, 1118054, Administrative & Technical Support, 0, 0, 0, 0, 0, 0, 350000, 350000
2015, RAJASTHAN, 8, BHILWARA, 83, SUWANA, 1213, PALRI, 35984, 1118054, Drinking water, 0, 0, 0, 0, 0, 0, 1500000, 1500000
2015, RAJASTHAN, 8, BHILWARA, 83, SUWANA, 1213, PALRI, 35984, 1118054, Maintenance of community system, 0, 0, 0, 0, 0, 0, 150000, 150000
2015, RAJASTHAN, 8, BHILWARA, 83, SUWANA, 1213, PALRI, 35984, 1118054, Total, 0, 0, 0, 0, 0, 0, 2000000, 2000000
2015, RAJASTHAN, 8, BHILWARA, 83, SUWANA, 1213, PANSAL, 35985, 1084917, Administrative & Technical Support, 0, 0, 0, 0, 0, 0, 673597, 673597
2015, RAJASTHAN, 8, BHILWARA, 83, SUWANA, 1213, PANSAL, 35985, 1084917, Drinking water, 0, 0, 0, 0, 0, 0, 520000, 520000
2015, RAJASTHAN, 8, BHILWARA, 83, SUWANA, 1213, PANSAL, 35985, 1084917, Education, 0, 0, 0, 0, 0, 0, 80000, 80000
2015, RAJASTHAN, 8, BHILWARA, 83, SUWANA, 1213, PANSAL, 35985, 1084917, Maintenance of community system, 0, 0, 0, 0, 0, 0, 50000, 50000
2015, RAJASTHAN, 8, BHILWARA, 83, SUWANA, 1213, PANSAL, 35985, 1084917, Roads, 0, 0, 0, 0, 0, 0, 170000, 170000
2015, RAJASTHAN, 8, BHILWARA, 83, SUWANA, 1213, PANSAL, 35985, 1084917, Rural electrification, 0, 0, 0, 0, 0, 0, 143210, 143210
2015, RAJASTHAN, 8, BHILWARA, 83, SUWANA, 1213, PANSAL, 35985, 1084917, Sanitation, 0, 0, 0, 0, 0, 0, 540000, 540000
2015, RAJASTHAN, 8, BHILWARA, 83, SUWANA, 1213, PANSAL, 35985, 1084917, Social welfare, 0, 0, 0, 0, 0, 0, 100000, 100000
2015, RAJASTHAN, 8, BHILWARA, 83, SUWANA, 1213, PANSAL, 35985, 1084917, Total, 0, 0, 0, 0, 0, 0, 2276807, 2276807
2015, RAJASTHAN, 8, BHILWARA, 83, SUWANA, 1213, PEEPLI, 35986, 1141877, Administrative & Technical Support, 0, 0, 0, 0, 0, 0, 622000, 622000
2015, RAJASTHAN, 8, BHILWARA, 83, SUWANA, 1213, PEEPLI, 35986, 1141877, Drinking water, 0, 0, 0, 0, 0, 0, 381000, 381000
2015, RAJASTHAN, 8, BHILWARA, 83, SUWANA, 1213, PEEPLI, 35986, 1141877, Maintenance of community system, 0, 0, 0, 0, 0, 0, 628000, 628000
2015, RAJASTHAN, 8, BHILWARA, 83, SUWANA, 1213, PEEPLI, 35986, 1141877, Roads, 0, 0, 0, 0, 0, 0, 24000, 24000
2015, RAJASTHAN, 8, BHILWARA, 83, SUWANA, 1213, PEEPLI, 35986, 1141877, Sanitation, 0, 0, 0, 0, 0, 0, 70000, 70000
2015, RAJASTHAN, 8, BHILWARA, 83, SUWANA, 1213, PEEPLI, 35986, 1141877, Total, 0, 0, 0, 0, 0, 0, 1725000, 1725000
2015, RAJASTHAN, 8, BHILWARA, 83, SUWANA, 1213, RAMPURIYA, 35987, 1132537, Administrative & Technical Support, 0, 0, 0, 0, 0, 0, 455000, 455000
2015, RAJASTHAN, 8, BHILWARA, 83, SUWANA, 1213, RAMPURIYA, 35987, 1132537, Drinking water, 0, 0, 0, 0, 0, 0, 777000, 777000
2015, RAJASTHAN, 8, BHILWARA, 83, SUWANA, 1213, RAMPURIYA, 35987, 1132537, Maintenance of community system, 0, 0, 0, 0, 0, 0, 63000, 63000
2015, RAJASTHAN, 8, BHILWARA, 83, SUWANA, 1213, RAMPURIYA, 35987, 1132537, Sanitation, 0, 0, 0, 0, 0, 0, 130000, 130000
2015, RAJASTHAN, 8, BHILWARA, 83, SUWANA, 1213, RAMPURIYA, 35987, 1132537, Total, 0, 0, 0, 0, 0, 0, 1425000, 1425000
2015, RAJASTHAN, 8, BHILWARA, 83, SUWANA, 1213, RICHADA, 35988, 1160559, Drinking water, 0, 0, 0, 0, 0, 0, 280000, 280000
2015, RAJASTHAN, 8, BHILWARA, 83, SUWANA, 1213, RICHADA, 35988, 1160559, Roads, 0, 0, 0, 0, 0, 0, 900000, 900000
2015, RAJASTHAN, 8, BHILWARA, 83, SUWANA, 1213, RICHADA, 35988, 1160559, Sanitation, 0, 0, 0, 0, 0, 0, 100000, 100000
2015, RAJASTHAN, 8, BHILWARA, 83, SUWANA, 1213, RICHADA, 35988, 1160559, Total, 0, 0, 0, 0, 0, 0, 1280000, 1280000
2015, RAJASTHAN, 8, BHILWARA, 83, SUWANA, 1213, RUPAHELI, 35989, 1141617, Administrative & Technical Support, 0, 0, 0, 0, 0, 0, 250000, 250000
2015, RAJASTHAN, 8, BHILWARA, 83, SUWANA, 1213, RUPAHELI, 35989, 1141617, Drinking water, 0, 0, 0, 0, 0, 0, 720000, 720000
2015, RAJASTHAN, 8, BHILWARA, 83, SUWANA, 1213, RUPAHELI, 35989, 1141617, Roads, 0, 0, 0, 0, 0, 0, 2200000, 2200000
2015, RAJASTHAN, 8, BHILWARA, 83, SUWANA, 1213, RUPAHELI, 35989, 1141617, Sanitation, 0, 0, 0, 0, 0, 0, 200000, 200000
2015, RAJASTHAN, 8, BHILWARA, 83, SUWANA, 1213, RUPAHELI, 35989, 1141617, Social welfare, 0, 0, 0, 0, 0, 0, 30000, 30000
2015, RAJASTHAN, 8, BHILWARA, 83, SUWANA, 1213, RUPAHELI, 35989, 1141617, Total, 0, 0, 0, 0, 0, 0, 3400000, 3400000
2015, RAJASTHAN, 8, BHILWARA, 83, SUWANA, 1213, SANGWA, 35990, 1118888, Drinking water, 0, 0, 0, 0, 0, 0, 1827000, 1827000
2015, RAJASTHAN, 8, BHILWARA, 83, SUWANA, 1213, SANGWA, 35990, 1118888, Sanitation, 0, 0, 0, 0, 0, 0, 10000, 10000
2015, RAJASTHAN, 8, BHILWARA, 83, SUWANA, 1213, SANGWA, 35990, 1118888, Social welfare, 0, 0, 0, 0, 0, 0, 25000, 25000
2015, RAJASTHAN, 8, BHILWARA, 83, SUWANA, 1213, SANGWA, 35990, 1118888, Total, 0, 0, 0, 0, 0, 0, 1862000, 1862000
2015, RAJASTHAN, 8, BHILWARA, 83, SUWANA, 1213, SETHURIYA, 35991, 1140825, Administrative & Technical Support, 0, 0, 0, 0, 0, 0, 597000, 597000
2015, RAJASTHAN, 8, BHILWARA, 83, SUWANA, 1213, SETHURIYA, 35991, 1140825, Drinking water, 0, 0, 0, 0, 0, 0, 905000, 905000
2015, RAJASTHAN, 8, BHILWARA, 83, SUWANA, 1213, SETHURIYA, 35991, 1140825, Roads, 0, 0, 0, 0, 0, 0, 194000, 194000
2015, RAJASTHAN, 8, BHILWARA, 83, SUWANA, 1213, SETHURIYA, 35991, 1140825, Total, 0, 0, 0, 0, 0, 0, 1696000, 1696000
2015, RAJASTHAN, 8, BHILWARA, 83, SUWANA, 1213, SIND DIYAS, 35992, 1117321, Drinking water, 0, 0, 0, 0, 0, 0, 795000, 795000
2015, RAJASTHAN, 8, BHILWARA, 83, SUWANA, 1213, SIND DIYAS, 35992, 1117321, Health, 0, 0, 0, 0, 0, 0, 250000, 250000
2015, RAJASTHAN, 8, BHILWARA, 83, SUWANA, 1213, SIND DIYAS, 35992, 1117321, Maintenance of community system, 0, 0, 0, 0, 0, 0, 80000, 80000
2015, RAJASTHAN, 8, BHILWARA, 83, SUWANA, 1213, SIND DIYAS, 35992, 1117321, Total, 0, 0, 0, 0, 0, 0, 1125000, 1125000
2015, RAJASTHAN, 8, BHILWARA, 83, SUWANA, 1213, SUWANA, 35993, 1146414, Roads, 0, 0, 0, 0, 0, 0, 2500000, 2500000
2015, RAJASTHAN, 8, BHILWARA, 83, SUWANA, 1213, SUWANA, 35993, 1146414, Sanitation, 0, 0, 0, 0, 0, 0, 1170000, 1170000
2015, RAJASTHAN, 8, BHILWARA, 83, SUWANA, 1213, SUWANA, 35993, 1146414, Total, 0, 0, 0, 0, 0, 0, 3670000, 3670000
2015, RAJASTHAN, 8, BHILWARA, 83, SUWANA, 1213, SWAROOPGANJ, 35994, 1143842, Administrative & Technical Support, 0, 0, 0, 0, 0, 0, 550000, 550000
2015, RAJASTHAN, 8, BHILWARA, 83, SUWANA, 1213, SWAROOPGANJ, 35994, 1143842, Drinking water, 0, 0, 0, 0, 0, 0, 850000, 850000
2015, RAJASTHAN, 8, BHILWARA, 83, SUWANA, 1213, SWAROOPGANJ, 35994, 1143842, Roads, 0, 0, 0, 0, 0, 0, 1750000, 1750000
2015, RAJASTHAN, 8, BHILWARA, 83, SUWANA, 1213, SWAROOPGANJ, 35994, 1143842, Total, 0, 0, 0, 0, 0, 0, 3150000, 3150000
2015, RAJASTHAN, 8, BIKANER, 84, BIKANER, 1214, AMBASAR, 36005, 1161005, Drinking water, 0, 0, 0, 0, 0, 0, 358000, 358000
2015, RAJASTHAN, 8, BIKANER, 84, BIKANER, 1214, AMBASAR, 36005, 1161005, Sanitation, 0, 0, 0, 0, 0, 0, 1491000, 1491000
2015, RAJASTHAN, 8, BIKANER, 84, BIKANER, 1214, AMBASAR, 36005, 1161005, Total, 0, 0, 0, 0, 0, 0, 1849000, 1849000
2015, RAJASTHAN, 8, BIKANER, 84, BIKANER, 1214, BADRASAR, 262124, 1161052, Roads, 0, 0, 0, 0, 0, 0, 723004, 723004
2015, RAJASTHAN, 8, BIKANER, 84, BIKANER, 1214, BADRASAR, 262124, 1161052, Sanitation, 0, 0, 0, 0, 0, 0, 863000, 863000
2015, RAJASTHAN, 8, BIKANER, 84, BIKANER, 1214, BADRASAR, 262124, 1161052, Total, 0, 0, 0, 0, 0, 0, 1586004, 1586004
2015, RAJASTHAN, 8, BIKANER, 84, BIKANER, 1214, BAMBLOO, 36008, 1160564, Drinking water, 0, 0, 0, 0, 0, 0, 696000, 696000
2015, RAJASTHAN, 8, BIKANER, 84, BIKANER, 1214, BAMBLOO, 36008, 1160564, Sanitation, 0, 0, 0, 0, 0, 0, 379000, 379000
2015, RAJASTHAN, 8, BIKANER, 84, BIKANER, 1214, BAMBLOO, 36008, 1160564, Total, 0, 0, 0, 0, 0, 0, 1075000, 1075000
2015, RAJASTHAN, 8, BIKANER, 84, BIKANER, 1214, BARSINGSAR, 36009, 1199979, Drinking water, 0, 0, 0, 0, 0, 0, 100000, 100000
2015, RAJASTHAN, 8, BIKANER, 84, BIKANER, 1214, BARSINGSAR, 36009, 1199979, Roads, 0, 0, 0, 0, 0, 0, 1951000, 1951000
2015, RAJASTHAN, 8, BIKANER, 84, BIKANER, 1214, BARSINGSAR, 36009, 1199979, Sanitation, 0, 0, 0, 0, 0, 0, 926000, 926000
2015, RAJASTHAN, 8, BIKANER, 84, BIKANER, 1214, BARSINGSAR, 36009, 1199979, Total, 0, 0, 0, 0, 0, 0, 2977000, 2977000
2015, RAJASTHAN, 8, BIKANER, 84, BIKANER, 1214, DANDOOSAR, 262121, 1186081, Maintenance of community system, 0, 0, 0, 0, 0, 0, 47000, 47000
2015, RAJASTHAN, 8, BIKANER, 84, BIKANER, 1214, DANDOOSAR, 262121, 1186081, Sanitation, 0, 0, 0, 0, 0, 0, 1447000, 1447000
2015, RAJASTHAN, 8, BIKANER, 84, BIKANER, 1214, DANDOOSAR, 262121, 1186081, Total, 0, 0, 0, 0, 0, 0, 1494000, 1494000
2015, RAJASTHAN, 8, BIKANER, 84, BIKANER, 1214, GADHWALA, 36015, 1180937, Drinking water, 0, 0, 0, 0, 0, 0, 260000, 260000
2015, RAJASTHAN, 8, BIKANER, 84, BIKANER, 1214, GADHWALA, 36015, 1180937, Maintenance of community system, 0, 0, 0, 0, 0, 0, 1000000, 1000000
2015, RAJASTHAN, 8, BIKANER, 84, BIKANER, 1214, GADHWALA, 36015, 1180937, Sanitation, 0, 0, 0, 0, 0, 0, 650000, 650000
2015, RAJASTHAN, 8, BIKANER, 84, BIKANER, 1214, GADHWALA, 36015, 1180937, Total, 0, 0, 0, 0, 0, 0, 1910000, 1910000
2015, RAJASTHAN, 8, BIKANER, 84, BIKANER, 1214, GUSAINSAR, 36018, 1184757, Drinking water, 0, 0, 0, 0, 0, 0, 600000, 600000
2015, RAJASTHAN, 8, BIKANER, 84, BIKANER, 1214, GUSAINSAR, 36018, 1184757, Health, 0, 0, 0, 0, 0, 0, 400000, 400000
2015, RAJASTHAN, 8, BIKANER, 84, BIKANER, 1214, GUSAINSAR, 36018, 1184757, Sanitation, 0, 0, 0, 0, 0, 0, 1000000, 1000000
2015, RAJASTHAN, 8, BIKANER, 84, BIKANER, 1214, GUSAINSAR, 36018, 1184757, Total, 0, 0, 0, 0, 0, 0, 2000000, 2000000
2015, RAJASTHAN, 8, BIKANER, 84, BIKANER, 1214, HEMERA, 262130, 1212629, Drinking water, 0, 0, 0, 0, 0, 0, 1300000, 1300000
2015, RAJASTHAN, 8, BIKANER, 84, BIKANER, 1214, HEMERA, 262130, 1212629, Total, 0, 0, 0, 0, 0, 0, 1300000, 1300000
2015, RAJASTHAN, 8, BIKANER, 84, BIKANER, 1214, HUSANGSAR, 262125, 1161022, Sanitation, 0, 0, 0, 0, 0, 0, 1760000, 1760000
2015, RAJASTHAN, 8, BIKANER, 84, BIKANER, 1214, HUSANGSAR, 262125, 1161022, Total, 0, 0, 0, 0, 0, 0, 1760000, 1760000
2015, RAJASTHAN, 8, BIKANER, 84, BIKANER, 1214, JAIMALSAR, 36019, 1159144, Drinking water, 0, 0, 0, 0, 0, 0, 120000, 120000
2015, RAJASTHAN, 8, BIKANER, 84, BIKANER, 1214, JAIMALSAR, 36019, 1159144, Sanitation, 0, 0, 0, 0, 0, 0, 1973000, 1973000
2015, RAJASTHAN, 8, BIKANER, 84, BIKANER, 1214, JAIMALSAR, 36019, 1159144, Total, 0, 0, 0, 0, 0, 0, 2093000, 2093000
2015, RAJASTHAN, 8, BIKANER, 84, BIKANER, 1214, JALALSAR, 262127, 1161066, Drinking water, 0, 0, 0, 0, 0, 0, 1098000, 1098000
2015, RAJASTHAN, 8, BIKANER, 84, BIKANER, 1214, JALALSAR, 262127, 1161066, Sanitation, 0, 0, 0, 0, 0, 0, 560000, 560000
2015, RAJASTHAN, 8, BIKANER, 84, BIKANER, 1214, JALALSAR, 262127, 1161066, Total, 0, 0, 0, 0, 0, 0, 1658000, 1658000
2015, RAJASTHAN, 8, BIKANER, 84, BIKANER, 1214, JALWALI, 36020, 1160682, Education, 0, 0, 0, 0, 0, 0, 433000, 433000
2015, RAJASTHAN, 8, BIKANER, 84, BIKANER, 1214, JALWALI, 36020, 1160682, Roads, 0, 0, 0, 0, 0, 0, 1387000, 1387000
2015, RAJASTHAN, 8, BIKANER, 84, BIKANER, 1214, JALWALI, 36020, 1160682, Total, 0, 0, 0, 0, 0, 0, 1820000, 1820000
2015, RAJASTHAN, 8, BIKANER, 84, BIKANER, 1214, JAMSAR, 36021, 1167951, Drinking water, 0, 0, 0, 0, 0, 0, 2000000, 2000000
2015, RAJASTHAN, 8, BIKANER, 84, BIKANER, 1214, JAMSAR, 36021, 1167951, Total, 0, 0, 0, 0, 0, 0, 2000000, 2000000
2015, RAJASTHAN, 8, BIKANER, 84, BIKANER, 1214, KALASAR, 36022, 1162786, Drinking water, 0, 0, 0, 0, 0, 0, 778000, 778000
2015, RAJASTHAN, 8, BIKANER, 84, BIKANER, 1214, KALASAR, 36022, 1162786, Roads, 0, 0, 0, 0, 0, 0, 1000000, 1000000
2015, RAJASTHAN, 8, BIKANER, 84, BIKANER, 1214, KALASAR, 36022, 1162786, Sanitation, 0, 0, 0, 0, 0, 0, 748000, 748000
2015, RAJASTHAN, 8, BIKANER, 84, BIKANER, 1214, KALASAR, 36022, 1162786, Total, 0, 0, 0, 0, 0, 0, 2526000, 2526000
2015, RAJASTHAN, 8, BIKANER, 84, BIKANER, 1214, KANASAR, 36023, 1162779, Drinking water, 0, 0, 0, 0, 0, 0, 155000, 155000
2015, RAJASTHAN, 8, BIKANER, 84, BIKANER, 1214, KANASAR, 36023, 1162779, Roads, 0, 0, 0, 0, 0, 0, 1200000, 1200000
2015, RAJASTHAN, 8, BIKANER, 84, BIKANER, 1214, KANASAR, 36023, 1162779, Sanitation, 0, 0, 0, 0, 0, 0, 98000, 98000
2015, RAJASTHAN, 8, BIKANER, 84, BIKANER, 1214, KANASAR, 36023, 1162779, Total, 0, 0, 0, 0, 0, 0, 1453000, 1453000
2015, RAJASTHAN, 8, BIKANER, 84, BIKANER, 1214, KATRIASAR, 36025, 1159624, Drinking water, 0, 0, 0, 0, 0, 0, 2441554, 2441554
2015, RAJASTHAN, 8, BIKANER, 84, BIKANER, 1214, KATRIASAR, 36025, 1159624, Education, 0, 0, 0, 0, 0, 0, 37500, 37500
2015, RAJASTHAN, 8, BIKANER, 84, BIKANER, 1214, KATRIASAR, 36025, 1159624, Total, 0, 0, 0, 0, 0, 0, 2479054, 2479054
2015, RAJASTHAN, 8, BIKANER, 84, BIKANER, 1214, KAWNI, 36026, 1174218, Drinking water, 0, 0, 0, 0, 0, 0, 250000, 250000
2015, RAJASTHAN, 8, BIKANER, 84, BIKANER, 1214, KAWNI, 36026, 1174218, Roads, 0, 0, 0, 0, 0, 0, 820000, 820000
2015, RAJASTHAN, 8, BIKANER, 84, BIKANER, 1214, KAWNI, 36026, 1174218, Sanitation, 0, 0, 0, 0, 0, 0, 200000, 200000
2015, RAJASTHAN, 8, BIKANER, 84, BIKANER, 1214, KAWNI, 36026, 1174218, Total, 0, 0, 0, 0, 0, 0, 1270000, 1270000
2015, RAJASTHAN, 8, BIKANER, 84, BIKANER, 1214, KESERDESAR JATAN, 36027, 1186301, Drinking water, 0, 0, 0, 0, 0, 0, 400000, 400000
2015, RAJASTHAN, 8, BIKANER, 84, BIKANER, 1214, KESERDESAR JATAN, 36027, 1186301, Roads, 0, 0, 0, 0, 0, 0, 900000, 900000
2015, RAJASTHAN, 8, BIKANER, 84, BIKANER, 1214, KESERDESAR JATAN, 36027, 1186301, Sanitation, 0, 0, 0, 0, 0, 0, 1470000, 1470000
2015, RAJASTHAN, 8, BIKANER, 84, BIKANER, 1214, KESERDESAR JATAN, 36027, 1186301, Total, 0, 0, 0, 0, 0, 0, 2770000, 2770000
2015, RAJASTHAN, 8, BIKANER, 84, BIKANER, 1214, KHARA, 36028, 1161094, Drinking water, 0, 0, 0, 0, 0, 0, 200000, 200000
2015, RAJASTHAN, 8, BIKANER, 84, BIKANER, 1214, KHARA, 36028, 1161094, Education, 0, 0, 0, 0, 0, 0, 150000, 150000
2015, RAJASTHAN, 8, BIKANER, 84, BIKANER, 1214, KHARA, 36028, 1161094, Health, 0, 0, 0, 0, 0, 0, 150000, 150000
2015, RAJASTHAN, 8, BIKANER, 84, BIKANER, 1214, KHARA, 36028, 1161094, Roads, 0, 0, 0, 0, 0, 0, 1100000, 1100000
2015, RAJASTHAN, 8, BIKANER, 84, BIKANER, 1214, KHARA, 36028, 1161094, Sanitation, 0, 0, 0, 0, 0, 0, 240000, 240000
2015, RAJASTHAN, 8, BIKANER, 84, BIKANER, 1214, KHARA, 36028, 1161094, Total, 0, 0, 0, 0, 0, 0, 1840000, 1840000
2015, RAJASTHAN, 8, BIKANER, 84, BIKANER, 1214, KILCHU DEVERAN, 36030, 1162539, Drinking water, 0, 0, 0, 0, 0, 0, 2616000, 2616000
2015, RAJASTHAN, 8, BIKANER, 84, BIKANER, 1214, KILCHU DEVERAN, 36030, 1162539, Sanitation, 0, 0, 0, 0, 0, 0, 1230000, 1230000
2015, RAJASTHAN, 8, BIKANER, 84, BIKANER, 1214, KILCHU DEVERAN, 36030, 1162539, Total, 0, 0, 0, 0, 0, 0, 3846000, 3846000
2015, RAJASTHAN, 8, BIKANER, 84, BIKANER, 1214, KOLASAR, 36031, 1162818, Roads, 0, 0, 0, 0, 0, 0, 1500000, 1500000
2015, RAJASTHAN, 8, BIKANER, 84, BIKANER, 1214, KOLASAR, 36031, 1162818, Sanitation, 0, 0, 0, 0, 0, 0, 1100000, 1100000
2015, RAJASTHAN, 8, BIKANER, 84, BIKANER, 1214, KOLASAR, 36031, 1162818, Total, 0, 0, 0, 0, 0, 0, 2600000, 2600000
2015, RAJASTHAN, 8, BIKANER, 84, BIKANER, 1214, LALAMDESAR, 36033, 1159758, Roads, 0, 0, 0, 0, 0, 0, 1000000, 1000000
2015, RAJASTHAN, 8, BIKANER, 84, BIKANER, 1214, LALAMDESAR, 36033, 1159758, Total, 0, 0, 0, 0, 0, 0, 1000000, 1000000
2015, RAJASTHAN, 8, BIKANER, 84, BIKANER, 1214, MALASAR, 36036, 1161591, Drinking water, 0, 0, 0, 0, 0, 0, 575000, 575000
2015, RAJASTHAN, 8, BIKANER, 84, BIKANER, 1214, MALASAR, 36036, 1161591, Education, 0, 0, 0, 0, 0, 0, 550000, 550000
2015, RAJASTHAN, 8, BIKANER, 84, BIKANER, 1214, MALASAR, 36036, 1161591, Health, 0, 0, 0, 0, 0, 0, 250000, 250000
2015, RAJASTHAN, 8, BIKANER, 84, BIKANER, 1214, MALASAR, 36036, 1161591, Sanitation, 0, 0, 0, 0, 0, 0, 500000, 500000
2015, RAJASTHAN, 8, BIKANER, 84, BIKANER, 1214, MALASAR, 36036, 1161591, Total, 0, 0, 0, 0, 0, 0, 1875000, 1875000
2015, RAJASTHAN, 8, BIKANER, 84, BIKANER, 1214, MOONDSAR, 36037, 1161580, Drinking water, 0, 0, 0, 0, 0, 0, 316000, 316000
2015, RAJASTHAN, 8, BIKANER, 84, BIKANER, 1214, MOONDSAR, 36037, 1161580, Sanitation, 0, 0, 0, 0, 0, 0, 3542000, 3542000
2015, RAJASTHAN, 8, BIKANER, 84, BIKANER, 1214, MOONDSAR, 36037, 1161580, Total, 0, 0, 0, 0, 0, 0, 3858000, 3858000
2015, RAJASTHAN, 8, BIKANER, 84, BIKANER, 1214, NAL BADI, 36039, 1160709, Roads, 0, 0, 0, 0, 0, 0, 3500000, 3500000
2015, RAJASTHAN, 8, BIKANER, 84, BIKANER, 1214, NAL BADI, 36039, 1160709, Sanitation, 0, 0, 0, 0, 0, 0, 250000, 250000
2015, RAJASTHAN, 8, BIKANER, 84, BIKANER, 1214, NAL BADI, 36039, 1160709, Total, 0, 0, 0, 0, 0, 0, 3750000, 3750000
2015, RAJASTHAN, 8, BIKANER, 84, BIKANER, 1214, NORANGDESAR, 36041, 1213360, Maintenance of community system, 0, 0, 0, 0, 0, 0, 1664000, 1664000
2015, RAJASTHAN, 8, BIKANER, 84, BIKANER, 1214, NORANGDESAR, 36041, 1213360, Sanitation, 0, 0, 0, 0, 0, 0, 276000, 276000
2015, RAJASTHAN, 8, BIKANER, 84, BIKANER, 1214, NORANGDESAR, 36041, 1213360, Total, 0, 0, 0, 0, 0, 0, 1940000, 1940000
2015, RAJASTHAN, 8, BIKANER, 84, BIKANER, 1214, PALANA, 36044, 1167578, Drinking water, 0, 0, 0, 0, 0, 0, 1100000, 1100000
2015, RAJASTHAN, 8, BIKANER, 84, BIKANER, 1214, PALANA, 36044, 1167578, Sanitation, 0, 0, 0, 0, 0, 0, 2340000, 2340000
2015, RAJASTHAN, 8, BIKANER, 84, BIKANER, 1214, PALANA, 36044, 1167578, Total, 0, 0, 0, 0, 0, 0, 3440000, 3440000
2015, RAJASTHAN, 8, BIKANER, 84, BIKANER, 1214, PEMASAR, 262131, 1187105, Drinking water, 0, 0, 0, 0, 0, 0, 282000, 282000
2015, RAJASTHAN, 8, BIKANER, 84, BIKANER, 1214, PEMASAR, 262131, 1187105, Sanitation, 0, 0, 0, 0, 0, 0, 1069000, 1069000
2015, RAJASTHAN, 8, BIKANER, 84, BIKANER, 1214, PEMASAR, 262131, 1187105, Total, 0, 0, 0, 0, 0, 0, 1351000, 1351000
2015, RAJASTHAN, 8, BIKANER, 84, BIKANER, 1214, RAJERA, 262129, 1179542, Drinking water, 0, 0, 0, 0, 0, 0, 1250000, 1250000
2015, RAJASTHAN, 8, BIKANER, 84, BIKANER, 1214, RAJERA, 262129, 1179542, Sanitation, 0, 0, 0, 0, 0, 0, 1075000, 1075000
2015, RAJASTHAN, 8, BIKANER, 84, BIKANER, 1214, RAJERA, 262129, 1179542, Total, 0, 0, 0, 0, 0, 0, 2325000, 2325000
2015, RAJASTHAN, 8, BIKANER, 84, BIKANER, 1214, RAMSAR, 36046, 1163068, Drinking water, 0, 0, 0, 0, 0, 0, 200000, 200000
2015, RAJASTHAN, 8, BIKANER, 84, BIKANER, 1214, RAMSAR, 36046, 1163068, Maintenance of community system, 0, 0, 0, 0, 0, 0, 100000, 100000
2015, RAJASTHAN, 8, BIKANER, 84, BIKANER, 1214, RAMSAR, 36046, 1163068, Sanitation, 0, 0, 0, 0, 0, 0, 1350000, 1350000
2015, RAJASTHAN, 8, BIKANER, 84, BIKANER, 1214, RAMSAR, 36046, 1163068, Total, 0, 0, 0, 0, 0, 0, 1650000, 1650000
2015, RAJASTHAN, 8, BIKANER, 84, BIKANER, 1214, RIDMALSAR PUROHITAN, 36047, 1163563, Drinking water, 0, 0, 0, 0, 0, 0, 688113, 688113
2015, RAJASTHAN, 8, BIKANER, 84, BIKANER, 1214, RIDMALSAR PUROHITAN, 36047, 1163563, Sanitation, 0, 0, 0, 0, 0, 0, 3228979, 3228979
2015, RAJASTHAN, 8, BIKANER, 84, BIKANER, 1214, RIDMALSAR PUROHITAN, 36047, 1163563, Total, 0, 0, 0, 0, 0, 0, 3917092, 3917092
2015, RAJASTHAN, 8, BIKANER, 84, BIKANER, 1214, RUNIA BADA BAS, 36048, 1163202, Maintenance of community system, 0, 0, 0, 0, 0, 0, 813000, 813000
2015, RAJASTHAN, 8, BIKANER, 84, BIKANER, 1214, RUNIA BADA BAS, 36048, 1163202, Sanitation, 0, 0, 0, 0, 0, 0, 500000, 500000
2015, RAJASTHAN, 8, BIKANER, 84, BIKANER, 1214, RUNIA BADA BAS, 36048, 1163202, Total, 0, 0, 0, 0, 0, 0, 1313000, 1313000
2015, RAJASTHAN, 8, BIKANER, 84, BIKANER, 1214, SHERERA, 36050, 1161102, Drinking water, 0, 0, 0, 0, 0, 0, 1285000, 1285000
2015, RAJASTHAN, 8, BIKANER, 84, BIKANER, 1214, SHERERA, 36050, 1161102, Sanitation, 0, 0, 0, 0, 0, 0, 675000, 675000
2015, RAJASTHAN, 8, BIKANER, 84, BIKANER, 1214, SHERERA, 36050, 1161102, Total, 0, 0, 0, 0, 0, 0, 1960000, 1960000
2015, RAJASTHAN, 8, BIKANER, 84, BIKANER, 1214, SINTHAL, 36052, 1216944, Maintenance of community system, 0, 0, 0, 0, 0, 0, 1000000, 1000000
2015, RAJASTHAN, 8, BIKANER, 84, BIKANER, 1214, SINTHAL, 36052, 1216944, Sanitation, 0, 0, 0, 0, 0, 0, 1254000, 1254000
2015, RAJASTHAN, 8, BIKANER, 84, BIKANER, 1214, SINTHAL, 36052, 1216944, Total, 0, 0, 0, 0, 0, 0, 2254000, 2254000
2015, RAJASTHAN, 8, BIKANER, 84, BIKANER, 1214, SOBHASAR, 262122, 1185872, Sanitation, 0, 0, 0, 0, 0, 0, 1598000, 1598000
2015, RAJASTHAN, 8, BIKANER, 84, BIKANER, 1214, SOBHASAR, 262122, 1185872, Total, 0, 0, 0, 0, 0, 0, 1598000, 1598000
2015, RAJASTHAN, 8, BIKANER, 84, BIKANER, 1214, SWAROOPDESAR, 262128, 1162433, Drinking water, 0, 0, 0, 0, 0, 0, 1309000, 1309000
2015, RAJASTHAN, 8, BIKANER, 84, BIKANER, 1214, SWAROOPDESAR, 262128, 1162433, Roads, 0, 0, 0, 0, 0, 0, 142000, 142000
2015, RAJASTHAN, 8, BIKANER, 84, BIKANER, 1214, SWAROOPDESAR, 262128, 1162433, Sanitation, 0, 0, 0, 0, 0, 0, 225000, 225000
2015, RAJASTHAN, 8, BIKANER, 84, BIKANER, 1214, SWAROOPDESAR, 262128, 1162433, Total, 0, 0, 0, 0, 0, 0, 1676000, 1676000
2015, RAJASTHAN, 8, BIKANER, 84, BIKANER, 1214, TEJRASAR, 36054, 1161115, Drinking water, 0, 0, 0, 0, 0, 0, 581000, 581000
2015, RAJASTHAN, 8, BIKANER, 84, BIKANER, 1214, TEJRASAR, 36054, 1161115, Maintenance of community system, 0, 0, 0, 0, 0, 0, 140000, 140000
2015, RAJASTHAN, 8, BIKANER, 84, BIKANER, 1214, TEJRASAR, 36054, 1161115, Sanitation, 0, 0, 0, 0, 0, 0, 400000, 400000
2015, RAJASTHAN, 8, BIKANER, 84, BIKANER, 1214, TEJRASAR, 36054, 1161115, Total, 0, 0, 0, 0, 0, 0, 1121000, 1121000
2015, RAJASTHAN, 8, BIKANER, 84, BIKANER, 1214, UDAIRAMSAR, 36057, 1159043, Drinking water, 0, 0, 0, 0, 0, 0, 300000, 300000
2015, RAJASTHAN, 8, BIKANER, 84, BIKANER, 1214, UDAIRAMSAR, 36057, 1159043, Health, 0, 0, 0, 0, 0, 0, 650000, 650000
2015, RAJASTHAN, 8, BIKANER, 84, BIKANER, 1214, UDAIRAMSAR, 36057, 1159043, Roads, 0, 0, 0, 0, 0, 0, 1500000, 1500000
2015, RAJASTHAN, 8, BIKANER, 84, BIKANER, 1214, UDAIRAMSAR, 36057, 1159043, Sanitation, 0, 0, 0, 0, 0, 0, 1050000, 1050000
2015, RAJASTHAN, 8, BIKANER, 84, BIKANER, 1214, UDAIRAMSAR, 36057, 1159043, Total, 0, 0, 0, 0, 0, 0, 3500000, 3500000
2015, RAJASTHAN, 8, BIKANER, 84, BIKANER, 1214, UDASAR, 36056, 1159878, Drinking water, 0, 0, 0, 0, 0, 0, 500000, 500000
2015, RAJASTHAN, 8, BIKANER, 84, BIKANER, 1214, UDASAR, 36056, 1159878, Sanitation, 0, 0, 0, 0, 0, 0, 2310000, 2310000
2015, RAJASTHAN, 8, BIKANER, 84, BIKANER, 1214, UDASAR, 36056, 1159878, Total, 0, 0, 0, 0, 0, 0, 2810000, 2810000
2015, RAJASTHAN, 8, BIKANER, 84, KHAJUWALA, 6898, 14 BD, 35995, 1170405, Drinking water, 0, 0, 0, 0, 0, 0, 180000, 180000
2015, RAJASTHAN, 8, BIKANER, 84, KHAJUWALA, 6898, 14 BD, 35995, 1170405, Roads, 0, 0, 0, 0, 0, 0, 315000, 315000
2015, RAJASTHAN, 8, BIKANER, 84, KHAJUWALA, 6898, 14 BD, 35995, 1170405, Sanitation, 0, 0, 0, 0, 0, 0, 774000, 774000
2015, RAJASTHAN, 8, BIKANER, 84, KHAJUWALA, 6898, 14 BD, 35995, 1170405, Total, 0, 0, 0, 0, 0, 0, 1269000, 1269000
2015, RAJASTHAN, 8, BIKANER, 84, KHAJUWALA, 6898, 17 KYD, 35996, 1207051, Roads, 0, 0, 0, 0, 0, 0, 2, 2
2015, RAJASTHAN, 8, BIKANER, 84, KHAJUWALA, 6898, 17 KYD, 35996, 1207051, Total, 0, 0, 0, 0, 0, 0, 2, 2
2015, RAJASTHAN, 8, BIKANER, 84, KHAJUWALA, 6898, 17KHM, 262190, 1205175, Drinking water, 0, 0, 0, 0, 0, 0, 294000, 294000
2015, RAJASTHAN, 8, BIKANER, 84, KHAJUWALA, 6898, 17KHM, 262190, 1205175, Maintenance of community system, 0, 0, 0, 0, 0, 0, 432000, 432000
2015, RAJASTHAN, 8, BIKANER, 84, KHAJUWALA, 6898, 17KHM, 262190, 1205175, Roads, 0, 0, 0, 0, 0, 0, 1112000, 1112000
2015, RAJASTHAN, 8, BIKANER, 84, KHAJUWALA, 6898, 17KHM, 262190, 1205175, Sanitation, 0, 0, 0, 0, 0, 0, 50000, 50000
2015, RAJASTHAN, 8, BIKANER, 84, KHAJUWALA, 6898, 17KHM, 262190, 1205175, Total, 0, 0, 0, 0, 0, 0, 1888000, 1888000
2015, RAJASTHAN, 8, BIKANER, 84, KHAJUWALA, 6898, 2 KLD, 35997, 1147825, Health, 0, 0, 0, 0, 0, 0, 282000, 282000
2015, RAJASTHAN, 8, BIKANER, 84, KHAJUWALA, 6898, 2 KLD, 35997, 1147825, Total, 0, 0, 0, 0, 0, 0, 282000, 282000
2015, RAJASTHAN, 8, BIKANER, 84, KHAJUWALA, 6898, 2 KWM, 35998, 1204847, Drinking water, 0, 0, 0, 0, 0, 0, 950000, 950000
2015, RAJASTHAN, 8, BIKANER, 84, KHAJUWALA, 6898, 2 KWM, 35998, 1204847, Roads, 0, 0, 0, 0, 0, 0, 500000, 500000
2015, RAJASTHAN, 8, BIKANER, 84, KHAJUWALA, 6898, 2 KWM, 35998, 1204847, Total, 0, 0, 0, 0, 0, 0, 1450000, 1450000
2015, RAJASTHAN, 8, BIKANER, 84, KHAJUWALA, 6898, 20BD, 262132, 1174898, Drinking water, 0, 0, 0, 0, 0, 0, 350000, 350000
2015, RAJASTHAN, 8, BIKANER, 84, KHAJUWALA, 6898, 20BD, 262132, 1174898, Maintenance of community system, 0, 0, 0, 0, 0, 0, 232162, 232162
2015, RAJASTHAN, 8, BIKANER, 84, KHAJUWALA, 6898, 20BD, 262132, 1174898, Sanitation, 0, 0, 0, 0, 0, 0, 100000, 100000
2015, RAJASTHAN, 8, BIKANER, 84, KHAJUWALA, 6898, 20BD, 262132, 1174898, Total, 0, 0, 0, 0, 0, 0, 682162, 682162
2015, RAJASTHAN, 8, BIKANER, 84, KHAJUWALA, 6898, 22 KYD, 35999, 1147771, Land improvement, 0, 0, 0, 0, 0, 0, 185273, 185273
2015, RAJASTHAN, 8, BIKANER, 84, KHAJUWALA, 6898, 22 KYD, 35999, 1147771, Roads, 0, 0, 0, 0, 0, 0, 350000, 350000
2015, RAJASTHAN, 8, BIKANER, 84, KHAJUWALA, 6898, 22 KYD, 35999, 1147771, Sanitation, 0, 0, 0, 0, 0, 0, 30000, 30000
2015, RAJASTHAN, 8, BIKANER, 84, KHAJUWALA, 6898, 22 KYD, 35999, 1147771, Total, 0, 0, 0, 0, 0, 0, 565273, 565273
2015, RAJASTHAN, 8, BIKANER, 84, KHAJUWALA, 6898, 25KYD, 262133, 1147512, Drinking water, 0, 0, 0, 0, 0, 0, 313000, 313000
2015, RAJASTHAN, 8, BIKANER, 84, KHAJUWALA, 6898, 25KYD, 262133, 1147512, Roads, 0, 0, 0, 0, 0, 0, 650000, 650000
2015, RAJASTHAN, 8, BIKANER, 84, KHAJUWALA, 6898, 25KYD, 262133, 1147512, Sanitation, 0, 0, 0, 0, 0, 0, 143000, 143000
2015, RAJASTHAN, 8, BIKANER, 84, KHAJUWALA, 6898, 25KYD, 262133, 1147512, Total, 0, 0, 0, 0, 0, 0, 1106000, 1106000
2015, RAJASTHAN, 8, BIKANER, 84, KHAJUWALA, 6898, 2ADM, 262153, 1183838, Roads, 0, 0, 0, 0, 0, 0, 2483000, 2483000
2015, RAJASTHAN, 8, BIKANER, 84, KHAJUWALA, 6898, 2ADM, 262153, 1183838, Sanitation, 0, 0, 0, 0, 0, 0, 200000, 200000
2015, RAJASTHAN, 8, BIKANER, 84, KHAJUWALA, 6898, 2ADM, 262153, 1183838, Total, 0, 0, 0, 0, 0, 0, 2683000, 2683000
2015, RAJASTHAN, 8, BIKANER, 84, KHAJUWALA, 6898, 3 PWM, 36000, 1168295, Roads, 0, 0, 0, 0, 0, 0, 1138421, 1138421
2015, RAJASTHAN, 8, BIKANER, 84, KHAJUWALA, 6898, 3 PWM, 36000, 1168295, Total, 0, 0, 0, 0, 0, 0, 1138421, 1138421
2015, RAJASTHAN, 8, BIKANER, 84, KHAJUWALA, 6898, 34 KYD, 36001, 1190076, Sanitation, 0, 0, 0, 0, 0, 0, 99792, 99792
2015, RAJASTHAN, 8, BIKANER, 84, KHAJUWALA, 6898, 34 KYD, 36001, 1190076, Total, 0, 0, 0, 0, 0, 0, 99792, 99792
2015, RAJASTHAN, 8, BIKANER, 84, KHAJUWALA, 6898, 40KYD, 262138, 1169037, Drinking water, 0, 0, 0, 0, 0, 0, 394000, 394000
2015, RAJASTHAN, 8, BIKANER, 84, KHAJUWALA, 6898, 40KYD, 262138, 1169037, Health, 0, 0, 0, 0, 0, 0, 94000, 94000
2015, RAJASTHAN, 8, BIKANER, 84, KHAJUWALA, 6898, 40KYD, 262138, 1169037, Sanitation, 0, 0, 0, 0, 0, 0, 250000, 250000
2015, RAJASTHAN, 8, BIKANER, 84, KHAJUWALA, 6898, 40KYD, 262138, 1169037, Total, 0, 0, 0, 0, 0, 0, 738000, 738000
2015, RAJASTHAN, 8, BIKANER, 84, KHAJUWALA, 6898, 5KYD, 262123, 1168897, Drinking water, 0, 0, 0, 0, 0, 0, 100000, 100000
2015, RAJASTHAN, 8, BIKANER, 84, KHAJUWALA, 6898, 5KYD, 262123, 1168897, Roads, 0, 0, 0, 0, 0, 0, 590000, 590000
2015, RAJASTHAN, 8, BIKANER, 84, KHAJUWALA, 6898, 5KYD, 262123, 1168897, Sanitation, 0, 0, 0, 0, 0, 0, 492000, 492000
2015, RAJASTHAN, 8, BIKANER, 84, KHAJUWALA, 6898, 5KYD, 262123, 1168897, Total, 0, 0, 0, 0, 0, 0, 1182000, 1182000
2015, RAJASTHAN, 8, BIKANER, 84, KHAJUWALA, 6898, 7PHM, 262118, 1148461, Drinking water, 0, 0, 0, 0, 0, 0, 114000, 114000
2015, RAJASTHAN, 8, BIKANER, 84, KHAJUWALA, 6898, 7PHM, 262118, 1148461, Sanitation, 0, 0, 0, 0, 0, 0, 708000, 708000
2015, RAJASTHAN, 8, BIKANER, 84, KHAJUWALA, 6898, 7PHM, 262118, 1148461, Total, 0, 0, 0, 0, 0, 0, 822000, 822000
2015, RAJASTHAN, 8, BIKANER, 84, KHAJUWALA, 6898, 8 KYD, 36002, 1176123, Drinking water, 0, 0, 0, 0, 0, 0, 300000, 300000
2015, RAJASTHAN, 8, BIKANER, 84, KHAJUWALA, 6898, 8 KYD, 36002, 1176123, Roads, 0, 0, 0, 0, 0, 0, 610000, 610000
2015, RAJASTHAN, 8, BIKANER, 84, KHAJUWALA, 6898, 8 KYD, 36002, 1176123, Sanitation, 0, 0, 0, 0, 0, 0, 100000, 100000
2015, RAJASTHAN, 8, BIKANER, 84, KHAJUWALA, 6898, 8 KYD, 36002, 1176123, Total, 0, 0, 0, 0, 0, 0, 1010000, 1010000
2015, RAJASTHAN, 8, BIKANER, 84, KHAJUWALA, 6898, AAVA, 262179, 1147751, Roads, 0, 0, 0, 0, 0, 0, 1429909, 1429909
2015, RAJASTHAN, 8, BIKANER, 84, KHAJUWALA, 6898, AAVA, 262179, 1147751, Total, 0, 0, 0, 0, 0, 0, 1440843, 1440843
2015, RAJASTHAN, 8, BIKANER, 84, KHAJUWALA, 6898, AAVA, 262179, 1147751, Welfare of the weaker sections, 0, 0, 0, 0, 0, 0, 10934, 10934
2015, RAJASTHAN, 8, BIKANER, 84, KHAJUWALA, 6898, ADURI, 36003, 1174718, Drinking water, 0, 0, 0, 0, 0, 0, 1600000, 1600000
2015, RAJASTHAN, 8, BIKANER, 84, KHAJUWALA, 6898, ADURI, 36003, 1174718, Total, 0, 0, 0, 0, 0, 0, 1600000, 1600000
2015, RAJASTHAN, 8, BIKANER, 84, KHAJUWALA, 6898, AMARPURA, 36004, 1204446, Roads, 0, 0, 0, 0, 0, 0, 822378, 822378
2015, RAJASTHAN, 8, BIKANER, 84, KHAJUWALA, 6898, AMARPURA, 36004, 1204446, Sanitation, 0, 0, 0, 0, 0, 0, 49786, 49786
2015, RAJASTHAN, 8, BIKANER, 84, KHAJUWALA, 6898, AMARPURA, 36004, 1204446, Total, 0, 0, 0, 0, 0, 0, 872164, 872164
2015, RAJASTHAN, 8, BIKANER, 84, KHAJUWALA, 6898, ANANDGARH, 36006, 1207698, Drinking water, 0, 0, 0, 0, 0, 0, 2, 2
2015, RAJASTHAN, 8, BIKANER, 84, KHAJUWALA, 6898, ANANDGARH, 36006, 1207698, Total, 0, 0, 0, 0, 0, 0, 2, 2
2015, RAJASTHAN, 8, BIKANER, 84, KHAJUWALA, 6898, BALLAR, 36007, 1174693, Drinking water, 0, 0, 0, 0, 0, 0, 1075000, 1075000
2015, RAJASTHAN, 8, BIKANER, 84, KHAJUWALA, 6898, BALLAR, 36007, 1174693, Total, 0, 0, 0, 0, 0, 0, 1075000, 1075000
2015, RAJASTHAN, 8, BIKANER, 84, KHAJUWALA, 6898, BERIYAWALI, 36010, 1171502, Drinking water, 0, 0, 0, 0, 0, 0, 917000, 917000
2015, RAJASTHAN, 8, BIKANER, 84, KHAJUWALA, 6898, BERIYAWALI, 36010, 1171502, Roads, 0, 0, 0, 0, 0, 0, 6353000, 6353000
2015, RAJASTHAN, 8, BIKANER, 84, KHAJUWALA, 6898, BERIYAWALI, 36010, 1171502, Sanitation, 0, 0, 0, 0, 0, 0, 1468000, 1468000
2015, RAJASTHAN, 8, BIKANER, 84, KHAJUWALA, 6898, BERIYAWALI, 36010, 1171502, Total, 0, 0, 0, 0, 0, 0, 8738000, 8738000
2015, RAJASTHAN, 8, BIKANER, 84, KHAJUWALA, 6898, CHHATTARGARH, 36011, 1170525, Drinking water, 0, 0, 0, 0, 0, 0, 667159, 667159
2015, RAJASTHAN, 8, BIKANER, 84, KHAJUWALA, 6898, CHHATTARGARH, 36011, 1170525, Roads, 0, 0, 0, 0, 0, 0, 1261925, 1261925
2015, RAJASTHAN, 8, BIKANER, 84, KHAJUWALA, 6898, CHHATTARGARH, 36011, 1170525, Sanitation, 0, 0, 0, 0, 0, 0, 1508525, 1508525
2015, RAJASTHAN, 8, BIKANER, 84, KHAJUWALA, 6898, CHHATTARGARH, 36011, 1170525, Total, 0, 0, 0, 0, 0, 0, 3437609, 3437609
2015, RAJASTHAN, 8, BIKANER, 84, KHAJUWALA, 6898, DANDI, 36013, 1189989, Roads, 0, 0, 0, 0, 0, 0, 608000, 608000
2015, RAJASTHAN, 8, BIKANER, 84, KHAJUWALA, 6898, DANDI, 36013, 1189989, Sanitation, 0, 0, 0, 0, 0, 0, 100000, 100000
2015, RAJASTHAN, 8, BIKANER, 84, KHAJUWALA, 6898, DANDI, 36013, 1189989, Total, 0, 0, 0, 0, 0, 0, 708000, 708000
2015, RAJASTHAN, 8, BIKANER, 84, KHAJUWALA, 6898, DANTOR, 36014, 1179302, Drinking water, 0, 0, 0, 0, 0, 0, 300000, 300000
2015, RAJASTHAN, 8, BIKANER, 84, KHAJUWALA, 6898, DANTOR, 36014, 1179302, Sanitation, 0, 0, 0, 0, 0, 0, 1600000, 1600000
2015, RAJASTHAN, 8, BIKANER, 84, KHAJUWALA, 6898, DANTOR, 36014, 1179302, Total, 0, 0, 0, 0, 0, 0, 1900000, 1900000
2015, RAJASTHAN, 8, BIKANER, 84, KHAJUWALA, 6898, DELITALAI, 36012, 1147820, Roads, 0, 0, 0, 0, 0, 0, 633000, 633000
2015, RAJASTHAN, 8, BIKANER, 84, KHAJUWALA, 6898, DELITALAI, 36012, 1147820, Total, 0, 0, 0, 0, 0, 0, 633000, 633000
2015, RAJASTHAN, 8, BIKANER, 84, KHAJUWALA, 6898, GANGAJALI, 36016, 1175008, Drinking water, 0, 0, 0, 0, 0, 0, 100000, 100000
2015, RAJASTHAN, 8, BIKANER, 84, KHAJUWALA, 6898, GANGAJALI, 36016, 1175008, Maintenance of community system, 0, 0, 0, 0, 0, 0, 50000, 50000
2015, RAJASTHAN, 8, BIKANER, 84, KHAJUWALA, 6898, GANGAJALI, 36016, 1175008, Sanitation, 0, 0, 0, 0, 0, 0, 775000, 775000
2015, RAJASTHAN, 8, BIKANER, 84, KHAJUWALA, 6898, GANGAJALI, 36016, 1175008, Total, 0, 0, 0, 0, 0, 0, 925000, 925000
2015, RAJASTHAN, 8, BIKANER, 84, KHAJUWALA, 6898, GULUWALI, 36017, 1174686, Drinking water, 0, 0, 0, 0, 0, 0, 1250000, 1250000
2015, RAJASTHAN, 8, BIKANER, 84, KHAJUWALA, 6898, GULUWALI, 36017, 1174686, Roads, 0, 0, 0, 0, 0, 0, 94000, 94000
2015, RAJASTHAN, 8, BIKANER, 84, KHAJUWALA, 6898, GULUWALI, 36017, 1174686, Total, 0, 0, 0, 0, 0, 0, 1344000, 1344000
2015, RAJASTHAN, 8, BIKANER, 84, KHAJUWALA, 6898, Hanumannagar, 262154, 1187976, Drinking water, 0, 0, 0, 0, 0, 0, 612000, 612000
2015, RAJASTHAN, 8, BIKANER, 84, KHAJUWALA, 6898, Hanumannagar, 262154, 1187976, Maintenance of community system, 0, 0, 0, 0, 0, 0, 70000, 70000
2015, RAJASTHAN, 8, BIKANER, 84, KHAJUWALA, 6898, Hanumannagar, 262154, 1187976, Roads, 0, 0, 0, 0, 0, 0, 467000, 467000
2015, RAJASTHAN, 8, BIKANER, 84, KHAJUWALA, 6898, Hanumannagar, 262154, 1187976, Sanitation, 0, 0, 0, 0, 0, 0, 81000, 81000
2015, RAJASTHAN, 8, BIKANER, 84, KHAJUWALA, 6898, Hanumannagar, 262154, 1187976, Total, 0, 0, 0, 0, 0, 0, 1230000, 1230000
2015, RAJASTHAN, 8, BIKANER, 84, KHAJUWALA, 6898, KARNISAR BHATIYAN, 36024, 1205566, Roads, 0, 0, 0, 0, 0, 0, 3000000, 3000000
2015, RAJASTHAN, 8, BIKANER, 84, KHAJUWALA, 6898, KARNISAR BHATIYAN, 36024, 1205566, Total, 0, 0, 0, 0, 0, 0, 3000000, 3000000
2015, RAJASTHAN, 8, BIKANER, 84, KHAJUWALA, 6898, KHARWALI, 36029, 1182945, Roads, 0, 0, 0, 0, 0, 0, 500000, 500000
2015, RAJASTHAN, 8, BIKANER, 84, KHAJUWALA, 6898, KHARWALI, 36029, 1182945, Total, 0, 0, 0, 0, 0, 0, 500000, 500000
2015, RAJASTHAN, 8, BIKANER, 84, KHAJUWALA, 6898, KUNDAL, 36032, 1179508, Drinking water, 0, 0, 0, 0, 0, 0, 492000, 492000
2015, RAJASTHAN, 8, BIKANER, 84, KHAJUWALA, 6898, KUNDAL, 36032, 1179508, Roads, 0, 0, 0, 0, 0, 0, 450000, 450000
2015, RAJASTHAN, 8, BIKANER, 84, KHAJUWALA, 6898, KUNDAL, 36032, 1179508, Sanitation, 0, 0, 0, 0, 0, 0, 348243, 348243
2015, RAJASTHAN, 8, BIKANER, 84, KHAJUWALA, 6898, KUNDAL, 36032, 1179508, Total, 0, 0, 0, 0, 0, 0, 1290243, 1290243
2015, RAJASTHAN, 8, BIKANER, 84, KHAJUWALA, 6898, LUNKHAN, 36034, 1183894, Maintenance of community system, 0, 0, 0, 0, 0, 0, 162000, 162000
2015, RAJASTHAN, 8, BIKANER, 84, KHAJUWALA, 6898, LUNKHAN, 36034, 1183894, Roads, 0, 0, 0, 0, 0, 0, 200000, 200000
2015, RAJASTHAN, 8, BIKANER, 84, KHAJUWALA, 6898, LUNKHAN, 36034, 1183894, Sanitation, 0, 0, 0, 0, 0, 0, 162000, 162000
2015, RAJASTHAN, 8, BIKANER, 84, KHAJUWALA, 6898, LUNKHAN, 36034, 1183894, Total, 0, 0, 0, 0, 0, 0, 524000, 524000
2015, RAJASTHAN, 8, BIKANER, 84, KHAJUWALA, 6898, MAKERI, 36035, 1174796, Drinking water, 0, 0, 0, 0, 0, 0, 500000, 500000
2015, RAJASTHAN, 8, BIKANER, 84, KHAJUWALA, 6898, MAKERI, 36035, 1174796, Maintenance of community system, 0, 0, 0, 0, 0, 0, 89000, 89000
2015, RAJASTHAN, 8, BIKANER, 84, KHAJUWALA, 6898, MAKERI, 36035, 1174796, Roads, 0, 0, 0, 0, 0, 0, 655000, 655000
2015, RAJASTHAN, 8, BIKANER, 84, KHAJUWALA, 6898, MAKERI, 36035, 1174796, Total, 0, 0, 0, 0, 0, 0, 1244000, 1244000
2015, RAJASTHAN, 8, BIKANER, 84, KHAJUWALA, 6898, MOTIGARH, 36038, 1148425, Roads, 0, 0, 0, 0, 0, 0, 996926, 996926
2015, RAJASTHAN, 8, BIKANER, 84, KHAJUWALA, 6898, MOTIGARH, 36038, 1148425, Total, 0, 0, 0, 0, 0, 0, 996926, 996926
2015, RAJASTHAN, 8, BIKANER, 84, KHAJUWALA, 6898, Madhodiggi, 262134, 1170422, Drinking water, 0, 0, 0, 0, 0, 0, 49953, 49953
2015, RAJASTHAN, 8, BIKANER, 84, KHAJUWALA, 6898, Madhodiggi, 262134, 1170422, Health, 0, 0, 0, 0, 0, 0, 999507, 999507
2015, RAJASTHAN, 8, BIKANER, 84, KHAJUWALA, 6898, Madhodiggi, 262134, 1170422, Sanitation, 0, 0, 0, 0, 0, 0, 23000, 23000
2015, RAJASTHAN, 8, BIKANER, 84, KHAJUWALA, 6898, Madhodiggi, 262134, 1170422, Total, 0, 0, 0, 0, 0, 0, 1072460, 1072460
2015, RAJASTHAN, 8, BIKANER, 84, KHAJUWALA, 6898, NOSERA   SAMRDA, 36042, 1179663, Drinking water, 0, 0, 0, 0, 0, 0, 150000, 150000
2015, RAJASTHAN, 8, BIKANER, 84, KHAJUWALA, 6898, NOSERA   SAMRDA, 36042, 1179663, Roads, 0, 0, 0, 0, 0, 0, 824000, 824000
2015, RAJASTHAN, 8, BIKANER, 84, KHAJUWALA, 6898, NOSERA   SAMRDA, 36042, 1179663, Sanitation, 0, 0, 0, 0, 0, 0, 78500, 78500
2015, RAJASTHAN, 8, BIKANER, 84, KHAJUWALA, 6898, NOSERA   SAMRDA, 36042, 1179663, Total, 0, 0, 0, 0, 0, 0, 1052500, 1052500
2015, RAJASTHAN, 8, BIKANER, 84, KHAJUWALA, 6898, PAHALWAN KA BERA, 36043, 1184392, Drinking water, 0, 0, 0, 0, 0, 0, 150000, 150000
2015, RAJASTHAN, 8, BIKANER, 84, KHAJUWALA, 6898, PAHALWAN KA BERA, 36043, 1184392, Roads, 0, 0, 0, 0, 0, 0, 1630000, 1630000
2015, RAJASTHAN, 8, BIKANER, 84, KHAJUWALA, 6898, PAHALWAN KA BERA, 36043, 1184392, Sanitation, 0, 0, 0, 0, 0, 0, 39000, 39000
2015, RAJASTHAN, 8, BIKANER, 84, KHAJUWALA, 6898, PAHALWAN KA BERA, 36043, 1184392, Total, 0, 0, 0, 0, 0, 0, 1819000, 1819000
2015, RAJASTHAN, 8, BIKANER, 84, KHAJUWALA, 6898, PUGAL, 36045, 1205008, Drinking water, 0, 0, 0, 0, 0, 0, 1266000, 1266000
2015, RAJASTHAN, 8, BIKANER, 84, KHAJUWALA, 6898, PUGAL, 36045, 1205008, Health, 0, 0, 0, 0, 0, 0, 340000, 340000
2015, RAJASTHAN, 8, BIKANER, 84, KHAJUWALA, 6898, PUGAL, 36045, 1205008, Maintenance of community system, 0, 0, 0, 0, 0, 0, 462000, 462000
2015, RAJASTHAN, 8, BIKANER, 84, KHAJUWALA, 6898, PUGAL, 36045, 1205008, Roads, 0, 0, 0, 0, 0, 0, 165000, 165000
2015, RAJASTHAN, 8, BIKANER, 84, KHAJUWALA, 6898, PUGAL, 36045, 1205008, Sanitation, 0, 0, 0, 0, 0, 0, 376000, 376000
2015, RAJASTHAN, 8, BIKANER, 84, KHAJUWALA, 6898, PUGAL, 36045, 1205008, Total, 0, 0, 0, 0, 0, 0, 2609000, 2609000
2015, RAJASTHAN, 8, BIKANER, 84, KHAJUWALA, 6898, SATTASAR, 36049, 1204734, Drinking water, 0, 0, 0, 0, 0, 0, 1999768, 1999768
2015, RAJASTHAN, 8, BIKANER, 84, KHAJUWALA, 6898, SATTASAR, 36049, 1204734, Sanitation, 0, 0, 0, 0, 0, 0, 24984, 24984
2015, RAJASTHAN, 8, BIKANER, 84, KHAJUWALA, 6898, SATTASAR, 36049, 1204734, Total, 0, 0, 0, 0, 0, 0, 2024752, 2024752
2015, RAJASTHAN, 8, BIKANER, 84, KHAJUWALA, 6898, SHIVNAGAR, 36051, 1208281, Maintenance of community system, 0, 0, 0, 0, 0, 0, 1247650, 1247650
2015, RAJASTHAN, 8, BIKANER, 84, KHAJUWALA, 6898, SHIVNAGAR, 36051, 1208281, Roads, 0, 0, 0, 0, 0, 0, 447000, 447000
2015, RAJASTHAN, 8, BIKANER, 84, KHAJUWALA, 6898, SHIVNAGAR, 36051, 1208281, Sanitation, 0, 0, 0, 0, 0, 0, 50164, 50164
2015, RAJASTHAN, 8, BIKANER, 84, KHAJUWALA, 6898, SHIVNAGAR, 36051, 1208281, Total, 0, 0, 0, 0, 0, 0, 1744814, 1744814
2015, RAJASTHAN, 8, BIKANER, 84, KHAJUWALA, 6898, SIYASAR CHOUGAN, 36053, 1189938, Maintenance of community system, 0, 0, 0, 0, 0, 0, 1500000, 1500000
2015, RAJASTHAN, 8, BIKANER, 84, KHAJUWALA, 6898, SIYASAR CHOUGAN, 36053, 1189938, Roads, 0, 0, 0, 0, 0, 0, 8000, 8000
2015, RAJASTHAN, 8, BIKANER, 84, KHAJUWALA, 6898, SIYASAR CHOUGAN, 36053, 1189938, Sanitation, 0, 0, 0, 0, 0, 0, 49000, 49000
2015, RAJASTHAN, 8, BIKANER, 84, KHAJUWALA, 6898, SIYASAR CHOUGAN, 36053, 1189938, Total, 0, 0, 0, 0, 0, 0, 1557000, 1557000
2015, RAJASTHAN, 8, BIKANER, 84, KHAJUWALA, 6898, SIYASAR PANCHKOSA, 262172, 1185173, Drinking water, 0, 0, 0, 0, 0, 0, 100000, 100000
2015, RAJASTHAN, 8, BIKANER, 84, KHAJUWALA, 6898, SIYASAR PANCHKOSA, 262172, 1185173, Roads, 0, 0, 0, 0, 0, 0, 1050000, 1050000
2015, RAJASTHAN, 8, BIKANER, 84, KHAJUWALA, 6898, SIYASAR PANCHKOSA, 262172, 1185173, Total, 0, 0, 0, 0, 0, 0, 1150000, 1150000
2015, RAJASTHAN, 8, BIKANER, 84, KHAJUWALA, 6898, THARUSAR, 36055, 1205605, Drinking water, 0, 0, 0, 0, 0, 0, 645000, 645000
2015, RAJASTHAN, 8, BIKANER, 84, KHAJUWALA, 6898, THARUSAR, 36055, 1205605, Sanitation, 0, 0, 0, 0, 0, 0, 100000, 100000
2015, RAJASTHAN, 8, BIKANER, 84, KHAJUWALA, 6898, THARUSAR, 36055, 1205605, Total, 0, 0, 0, 0, 0, 0, 745000, 745000
2015, RAJASTHAN, 8, BIKANER, 84, KHAJUWALA, 6898, bhutto ka kuan, 262170, 1191796, Drinking water, 0, 0, 0, 0, 0, 0, 74064, 74064
2015, RAJASTHAN, 8, BIKANER, 84, KHAJUWALA, 6898, bhutto ka kuan, 262170, 1191796, Total, 0, 0, 0, 0, 0, 0, 74064, 74064
2015, RAJASTHAN, 8, BIKANER, 84, KHAJUWALA, 6898, sammewala, 262164, 1147524, Administrative & Technical Support, 0, 0, 0, 0, 0, 0, 94017, 94017
2015, RAJASTHAN, 8, BIKANER, 84, KHAJUWALA, 6898, sammewala, 262164, 1147524, Drinking water, 0, 0, 0, 0, 0, 0, 94017, 94017
2015, RAJASTHAN, 8, BIKANER, 84, KHAJUWALA, 6898, sammewala, 262164, 1147524, Roads, 0, 0, 0, 0, 0, 0, 1014934, 1014934
2015, RAJASTHAN, 8, BIKANER, 84, KHAJUWALA, 6898, sammewala, 262164, 1147524, Total, 0, 0, 0, 0, 0, 0, 1202968, 1202968
2015, RAJASTHAN, 8, BIKANER, 84, KOLAYAT, 1215, 6-8 SANTOSH NAGAR, 262182, 1180288, Maintenance of community system, 0, 0, 0, 0, 0, 0, 747000, 747000
2015, RAJASTHAN, 8, BIKANER, 84, KOLAYAT, 1215, 6-8 SANTOSH NAGAR, 262182, 1180288, Roads, 0, 0, 0, 0, 0, 0, 863000, 863000
2015, RAJASTHAN, 8, BIKANER, 84, KOLAYAT, 1215, 6-8 SANTOSH NAGAR, 262182, 1180288, Total, 0, 0, 0, 0, 0, 0, 1610000, 1610000
2015, RAJASTHAN, 8, BIKANER, 84, KOLAYAT, 1215, AKASAR, 36058, 1200361, Public distribution system, 0, 0, 0, 0, 0, 0, 45000, 45000
2015, RAJASTHAN, 8, BIKANER, 84, KOLAYAT, 1215, AKASAR, 36058, 1200361, Sanitation, 0, 0, 0, 0, 0, 0, 1620000, 1620000
2015, RAJASTHAN, 8, BIKANER, 84, KOLAYAT, 1215, AKASAR, 36058, 1200361, Total, 0, 0, 0, 0, 0, 0, 1665000, 1665000
2015, RAJASTHAN, 8, BIKANER, 84, KOLAYAT, 1215, BAJJU, 36059, 1171196, Drinking water, 0, 0, 0, 0, 0, 0, 178000, 178000
2015, RAJASTHAN, 8, BIKANER, 84, KOLAYAT, 1215, BAJJU, 36059, 1171196, Roads, 0, 0, 0, 0, 0, 0, 1754000, 1754000
2015, RAJASTHAN, 8, BIKANER, 84, KOLAYAT, 1215, BAJJU, 36059, 1171196, Sanitation, 0, 0, 0, 0, 0, 0, 35000, 35000
2015, RAJASTHAN, 8, BIKANER, 84, KOLAYAT, 1215, BAJJU, 36059, 1171196, Total, 0, 0, 0, 0, 0, 0, 1967000, 1967000
2015, RAJASTHAN, 8, BIKANER, 84, KOLAYAT, 1215, BANGADSR, 36060, 1232411, Roads, 0, 0, 0, 0, 0, 0, 2, 2
2015, RAJASTHAN, 8, BIKANER, 84, KOLAYAT, 1215, BANGADSR, 36060, 1232411, Total, 0, 0, 0, 0, 0, 0, 2, 2
2015, RAJASTHAN, 8, BIKANER, 84, KOLAYAT, 1215, BARSALPUR, 36061, 1232451, Roads, 0, 0, 0, 0, 0, 0, 2, 2
2015, RAJASTHAN, 8, BIKANER, 84, KOLAYAT, 1215, BARSALPUR, 36061, 1232451, Total, 0, 0, 0, 0, 0, 0, 2, 2
2015, RAJASTHAN, 8, BIKANER, 84, KOLAYAT, 1215, BHALURI, 36062, 1180323, Cultural activities, 0, 0, 0, 0, 0, 0, 176000, 176000
2015, RAJASTHAN, 8, BIKANER, 84, KOLAYAT, 1215, BHALURI, 36062, 1180323, Drinking water, 0, 0, 0, 0, 0, 0, 688000, 688000
2015, RAJASTHAN, 8, BIKANER, 84, KOLAYAT, 1215, BHALURI, 36062, 1180323, Maintenance of community system, 0, 0, 0, 0, 0, 0, 634000, 634000
2015, RAJASTHAN, 8, BIKANER, 84, KOLAYAT, 1215, BHALURI, 36062, 1180323, Roads, 0, 0, 0, 0, 0, 0, 728000, 728000
2015, RAJASTHAN, 8, BIKANER, 84, KOLAYAT, 1215, BHALURI, 36062, 1180323, Total, 0, 0, 0, 0, 0, 0, 2226000, 2226000
2015, RAJASTHAN, 8, BIKANER, 84, KOLAYAT, 1215, BHANEKA GAON, 36063, 1171994, Drinking water, 0, 0, 0, 0, 0, 0, 1599000, 1599000
2015, RAJASTHAN, 8, BIKANER, 84, KOLAYAT, 1215, BHANEKA GAON, 36063, 1171994, Maintenance of community system, 0, 0, 0, 0, 0, 0, 1628000, 1628000
2015, RAJASTHAN, 8, BIKANER, 84, KOLAYAT, 1215, BHANEKA GAON, 36063, 1171994, Sanitation, 0, 0, 0, 0, 0, 0, 200000, 200000
2015, RAJASTHAN, 8, BIKANER, 84, KOLAYAT, 1215, BHANEKA GAON, 36063, 1171994, Total, 0, 0, 0, 0, 0, 0, 3427000, 3427000
2015, RAJASTHAN, 8, BIKANER, 84, KOLAYAT, 1215, BHELU, 36064, 1171471, Drinking water, 0, 0, 0, 0, 0, 0, 954000, 954000
2015, RAJASTHAN, 8, BIKANER, 84, KOLAYAT, 1215, BHELU, 36064, 1171471, Sanitation, 0, 0, 0, 0, 0, 0, 466300, 466300
2015, RAJASTHAN, 8, BIKANER, 84, KOLAYAT, 1215, BHELU, 36064, 1171471, Total, 0, 0, 0, 0, 0, 0, 1420300, 1420300
2015, RAJASTHAN, 8, BIKANER, 84, KOLAYAT, 1215, BHOLASAR, 36065, 1200457, Sanitation, 0, 0, 0, 0, 0, 0, 500000, 500000
2015, RAJASTHAN, 8, BIKANER, 84, KOLAYAT, 1215, BHOLASAR, 36065, 1200457, Total, 0, 0, 0, 0, 0, 0, 500000, 500000
2015, RAJASTHAN, 8, BIKANER, 84, KOLAYAT, 1215, BIKAMPUR, 36066, 1245961, Drinking water, 0, 0, 0, 0, 0, 0, 2000000, 2000000
2015, RAJASTHAN, 8, BIKANER, 84, KOLAYAT, 1215, BIKAMPUR, 36066, 1245961, Total, 0, 0, 0, 0, 0, 0, 2000000, 2000000
2015, RAJASTHAN, 8, BIKANER, 84, KOLAYAT, 1215, BITHNOK, 36067, 1171487, Roads, 0, 0, 0, 0, 0, 0, 1743000, 1743000
2015, RAJASTHAN, 8, BIKANER, 84, KOLAYAT, 1215, BITHNOK, 36067, 1171487, Total, 0, 0, 0, 0, 0, 0, 1743000, 1743000
2015, RAJASTHAN, 8, BIKANER, 84, KOLAYAT, 1215, Bhoorasar, 262174, 1197048, Drinking water, 0, 0, 0, 0, 0, 0, 476000, 476000
2015, RAJASTHAN, 8, BIKANER, 84, KOLAYAT, 1215, Bhoorasar, 262174, 1197048, Roads, 0, 0, 0, 0, 0, 0, 1000000, 1000000
2015, RAJASTHAN, 8, BIKANER, 84, KOLAYAT, 1215, Bhoorasar, 262174, 1197048, Total, 0, 0, 0, 0, 0, 0, 1476000, 1476000
2015, RAJASTHAN, 8, BIKANER, 84, KOLAYAT, 1215, CHANDASAR, 36068, 1168320, Roads, 0, 0, 0, 0, 0, 0, 1704000, 1704000
2015, RAJASTHAN, 8, BIKANER, 84, KOLAYAT, 1215, CHANDASAR, 36068, 1168320, Total, 0, 0, 0, 0, 0, 0, 1704000, 1704000
2015, RAJASTHAN, 8, BIKANER, 84, KOLAYAT, 1215, CHANI, 36069, 1170978, Roads, 0, 0, 0, 0, 0, 0, 717000, 717000
2015, RAJASTHAN, 8, BIKANER, 84, KOLAYAT, 1215, CHANI, 36069, 1170978, Total, 0, 0, 0, 0, 0, 0, 717000, 717000
2015, RAJASTHAN, 8, BIKANER, 84, KOLAYAT, 1215, CHARANWALA, 36070, 1183916, Drinking water, 0, 0, 0, 0, 0, 0, 200000, 200000
2015, RAJASTHAN, 8, BIKANER, 84, KOLAYAT, 1215, CHARANWALA, 36070, 1183916, Total, 0, 0, 0, 0, 0, 0, 200000, 200000
2015, RAJASTHAN, 8, BIKANER, 84, KOLAYAT, 1215, DASORI, 36071, 1217759, Drinking water, 0, 0, 0, 0, 0, 0, 2, 2
2015, RAJASTHAN, 8, BIKANER, 84, KOLAYAT, 1215, DASORI, 36071, 1217759, Total, 0, 0, 0, 0, 0, 0, 2, 2
2015, RAJASTHAN, 8, BIKANER, 84, KOLAYAT, 1215, DIYATRA, 36072, 1244816, Drinking water, 0, 0, 0, 0, 0, 0, 2096000, 2096000
2015, RAJASTHAN, 8, BIKANER, 84, KOLAYAT, 1215, DIYATRA, 36072, 1244816, Total, 0, 0, 0, 0, 0, 0, 2096000, 2096000
2015, RAJASTHAN, 8, BIKANER, 84, KOLAYAT, 1215, Dewdo Ki Dhani, 262183, 1170203, Drinking water, 0, 0, 0, 0, 0, 0, 1725217, 1725217
2015, RAJASTHAN, 8, BIKANER, 84, KOLAYAT, 1215, Dewdo Ki Dhani, 262183, 1170203, Maintenance of community system, 0, 0, 0, 0, 0, 0, 1696662, 1696662
2015, RAJASTHAN, 8, BIKANER, 84, KOLAYAT, 1215, Dewdo Ki Dhani, 262183, 1170203, Roads, 0, 0, 0, 0, 0, 0, 1000000, 1000000
2015, RAJASTHAN, 8, BIKANER, 84, KOLAYAT, 1215, Dewdo Ki Dhani, 262183, 1170203, Total, 0, 0, 0, 0, 0, 0, 4421879, 4421879
2015, RAJASTHAN, 8, BIKANER, 84, KOLAYAT, 1215, GADIYALA, 36073, 1170233, Drinking water, 0, 0, 0, 0, 0, 0, 109500, 109500
2015, RAJASTHAN, 8, BIKANER, 84, KOLAYAT, 1215, GADIYALA, 36073, 1170233, Public distribution system, 0, 0, 0, 0, 0, 0, 253000, 253000
2015, RAJASTHAN, 8, BIKANER, 84, KOLAYAT, 1215, GADIYALA, 36073, 1170233, Roads, 0, 0, 0, 0, 0, 0, 453000, 453000
2015, RAJASTHAN, 8, BIKANER, 84, KOLAYAT, 1215, GADIYALA, 36073, 1170233, Total, 0, 0, 0, 0, 0, 0, 815500, 815500
2015, RAJASTHAN, 8, BIKANER, 84, KOLAYAT, 1215, GAJNER, 36074, 1217761, Drinking water, 0, 0, 0, 0, 0, 0, 2, 2
2015, RAJASTHAN, 8, BIKANER, 84, KOLAYAT, 1215, GAJNER, 36074, 1217761, Total, 0, 0, 0, 0, 0, 0, 2, 2
2015, RAJASTHAN, 8, BIKANER, 84, KOLAYAT, 1215, GIRIRAJSAR, 36075, 1170026, Maintenance of community system, 0, 0, 0, 0, 0, 0, 692000, 692000
2015, RAJASTHAN, 8, BIKANER, 84, KOLAYAT, 1215, GIRIRAJSAR, 36075, 1170026, Total, 0, 0, 0, 0, 0, 0, 692000, 692000
2015, RAJASTHAN, 8, BIKANER, 84, KOLAYAT, 1215, GODU, 36076, 1170049, Drinking water, 0, 0, 0, 0, 0, 0, 1138800, 1138800
2015, RAJASTHAN, 8, BIKANER, 84, KOLAYAT, 1215, GODU, 36076, 1170049, Health, 0, 0, 0, 0, 0, 0, 544000, 544000
2015, RAJASTHAN, 8, BIKANER, 84, KOLAYAT, 1215, GODU, 36076, 1170049, Roads, 0, 0, 0, 0, 0, 0, 44000, 44000
2015, RAJASTHAN, 8, BIKANER, 84, KOLAYAT, 1215, GODU, 36076, 1170049, Sanitation, 0, 0, 0, 0, 0, 0, 107000, 107000
2015, RAJASTHAN, 8, BIKANER, 84, KOLAYAT, 1215, GODU, 36076, 1170049, Total, 0, 0, 0, 0, 0, 0, 1833800, 1833800
2015, RAJASTHAN, 8, BIKANER, 84, KOLAYAT, 1215, GOGDIYAWALA, 36077, 1197127, Drinking water, 0, 0, 0, 0, 0, 0, 60000, 60000
2015, RAJASTHAN, 8, BIKANER, 84, KOLAYAT, 1215, GOGDIYAWALA, 36077, 1197127, Roads, 0, 0, 0, 0, 0, 0, 220000, 220000
2015, RAJASTHAN, 8, BIKANER, 84, KOLAYAT, 1215, GOGDIYAWALA, 36077, 1197127, Sanitation, 0, 0, 0, 0, 0, 0, 695000, 695000
2015, RAJASTHAN, 8, BIKANER, 84, KOLAYAT, 1215, GOGDIYAWALA, 36077, 1197127, Total, 0, 0, 0, 0, 0, 0, 975000, 975000
2015, RAJASTHAN, 8, BIKANER, 84, KOLAYAT, 1215, GOKUL, 36078, 1233322, Health, 0, 0, 0, 0, 0, 0, 200000, 200000
2015, RAJASTHAN, 8, BIKANER, 84, KOLAYAT, 1215, GOKUL, 36078, 1233322, Maintenance of community system, 0, 0, 0, 0, 0, 0, 62000, 62000
2015, RAJASTHAN, 8, BIKANER, 84, KOLAYAT, 1215, GOKUL, 36078, 1233322, Total, 0, 0, 0, 0, 0, 0, 262000, 262000
2015, RAJASTHAN, 8, BIKANER, 84, KOLAYAT, 1215, GUDA, 36079, 1170094, Maintenance of community system, 0, 0, 0, 0, 0, 0, 172000, 172000
2015, RAJASTHAN, 8, BIKANER, 84, KOLAYAT, 1215, GUDA, 36079, 1170094, Roads, 0, 0, 0, 0, 0, 0, 607000, 607000
2015, RAJASTHAN, 8, BIKANER, 84, KOLAYAT, 1215, GUDA, 36079, 1170094, Total, 0, 0, 0, 0, 0, 0, 779000, 779000
2015, RAJASTHAN, 8, BIKANER, 84, KOLAYAT, 1215, Gajjewala, 262191, 1184061, Maintenance of community system, 0, 0, 0, 0, 0, 0, 1200000, 1200000
2015, RAJASTHAN, 8, BIKANER, 84, KOLAYAT, 1215, Gajjewala, 262191, 1184061, Total, 0, 0, 0, 0, 0, 0, 1200000, 1200000
2015, RAJASTHAN, 8, BIKANER, 84, KOLAYAT, 1215, HADAN, 36080, 1179005, Roads, 0, 0, 0, 0, 0, 0, 2028936, 2028936
2015, RAJASTHAN, 8, BIKANER, 84, KOLAYAT, 1215, HADAN, 36080, 1179005, Total, 0, 0, 0, 0, 0, 0, 2028936, 2028936
2015, RAJASTHAN, 8, BIKANER, 84, KOLAYAT, 1215, HADLA BHATIYAN, 36081, 1168344, Roads, 0, 0, 0, 0, 0, 0, 1600000, 1600000
2015, RAJASTHAN, 8, BIKANER, 84, KOLAYAT, 1215, HADLA BHATIYAN, 36081, 1168344, Total, 0, 0, 0, 0, 0, 0, 1600000, 1600000
2015, RAJASTHAN, 8, BIKANER, 84, KOLAYAT, 1215, JHAJHU, 36082, 1180382, Drinking water, 0, 0, 0, 0, 0, 0, 404000, 404000
2015, RAJASTHAN, 8, BIKANER, 84, KOLAYAT, 1215, JHAJHU, 36082, 1180382, Health, 0, 0, 0, 0, 0, 0, 164000, 164000
2015, RAJASTHAN, 8, BIKANER, 84, KOLAYAT, 1215, JHAJHU, 36082, 1180382, Roads, 0, 0, 0, 0, 0, 0, 2474000, 2474000
2015, RAJASTHAN, 8, BIKANER, 84, KOLAYAT, 1215, JHAJHU, 36082, 1180382, Sanitation, 0, 0, 0, 0, 0, 0, 1019000, 1019000
2015, RAJASTHAN, 8, BIKANER, 84, KOLAYAT, 1215, JHAJHU, 36082, 1180382, Total, 0, 0, 0, 0, 0, 0, 4061000, 4061000
2015, RAJASTHAN, 8, BIKANER, 84, KOLAYAT, 1215, Jagasar, 262177, 1168319, Maintenance of community system, 0, 0, 0, 0, 0, 0, 2000000, 2000000
2015, RAJASTHAN, 8, BIKANER, 84, KOLAYAT, 1215, Jagasar, 262177, 1168319, Total, 0, 0, 0, 0, 0, 0, 2000000, 2000000
2015, RAJASTHAN, 8, BIKANER, 84, KOLAYAT, 1215, KHARI CHARNAN, 36083, 1171209, Drinking water, 0, 0, 0, 0, 0, 0, 663000, 663000
2015, RAJASTHAN, 8, BIKANER, 84, KOLAYAT, 1215, KHARI CHARNAN, 36083, 1171209, Roads, 0, 0, 0, 0, 0, 0, 1623000, 1623000
2015, RAJASTHAN, 8, BIKANER, 84, KOLAYAT, 1215, KHARI CHARNAN, 36083, 1171209, Sanitation, 0, 0, 0, 0, 0, 0, 200000, 200000
2015, RAJASTHAN, 8, BIKANER, 84, KOLAYAT, 1215, KHARI CHARNAN, 36083, 1171209, Total, 0, 0, 0, 0, 0, 0, 2486000, 2486000
2015, RAJASTHAN, 8, BIKANER, 84, KOLAYAT, 1215, KHINDASAR, 36084, 1245740, Drinking water, 0, 0, 0, 0, 0, 0, 3416000, 3416000
2015, RAJASTHAN, 8, BIKANER, 84, KOLAYAT, 1215, KHINDASAR, 36084, 1245740, Total, 0, 0, 0, 0, 0, 0, 3416000, 3416000
2015, RAJASTHAN, 8, BIKANER, 84, KOLAYAT, 1215, KOLAYAT, 36085, 1173430, Drinking water, 0, 0, 0, 0, 0, 0, 165000, 165000
2015, RAJASTHAN, 8, BIKANER, 84, KOLAYAT, 1215, KOLAYAT, 36085, 1173430, Sanitation, 0, 0, 0, 0, 0, 0, 978950, 978950
2015, RAJASTHAN, 8, BIKANER, 84, KOLAYAT, 1215, KOLAYAT, 36085, 1173430, Total, 0, 0, 0, 0, 0, 0, 1143950, 1143950
2015, RAJASTHAN, 8, BIKANER, 84, KOLAYAT, 1215, KOTRI, 36086, 1197019, Drinking water, 0, 0, 0, 0, 0, 0, 351500, 351500
2015, RAJASTHAN, 8, BIKANER, 84, KOLAYAT, 1215, KOTRI, 36086, 1197019, Health, 0, 0, 0, 0, 0, 0, 13500, 13500
2015, RAJASTHAN, 8, BIKANER, 84, KOLAYAT, 1215, KOTRI, 36086, 1197019, Sanitation, 0, 0, 0, 0, 0, 0, 402100, 402100
2015, RAJASTHAN, 8, BIKANER, 84, KOLAYAT, 1215, KOTRI, 36086, 1197019, Total, 0, 0, 0, 0, 0, 0, 767100, 767100
2015, RAJASTHAN, 8, BIKANER, 84, KOLAYAT, 1215, Khakhoosar, 262186, 1168402, Drinking water, 0, 0, 0, 0, 0, 0, 230000, 230000
2015, RAJASTHAN, 8, BIKANER, 84, KOLAYAT, 1215, Khakhoosar, 262186, 1168402, Total, 0, 0, 0, 0, 0, 0, 230000, 230000
2015, RAJASTHAN, 8, BIKANER, 84, KOLAYAT, 1215, Khariya Patawatan, 262192, 1170032, Drinking water, 0, 0, 0, 0, 0, 0, 100000, 100000
2015, RAJASTHAN, 8, BIKANER, 84, KOLAYAT, 1215, Khariya Patawatan, 262192, 1170032, Maintenance of community system, 0, 0, 0, 0, 0, 0, 600000, 600000
2015, RAJASTHAN, 8, BIKANER, 84, KOLAYAT, 1215, Khariya Patawatan, 262192, 1170032, Total, 0, 0, 0, 0, 0, 0, 700000, 700000
2015, RAJASTHAN, 8, BIKANER, 84, KOLAYAT, 1215, MANDAL CHARANAN, 36087, 1170036, Roads, 0, 0, 0, 0, 0, 0, 1497000, 1497000
2015, RAJASTHAN, 8, BIKANER, 84, KOLAYAT, 1215, MANDAL CHARANAN, 36087, 1170036, Total, 0, 0, 0, 0, 0, 0, 1497000, 1497000
2015, RAJASTHAN, 8, BIKANER, 84, KOLAYAT, 1215, MANKASAR, 36088, 1171555, Drinking water, 0, 0, 0, 0, 0, 0, 243000, 243000
2015, RAJASTHAN, 8, BIKANER, 84, KOLAYAT, 1215, MANKASAR, 36088, 1171555, Maintenance of community system, 0, 0, 0, 0, 0, 0, 247000, 247000
2015, RAJASTHAN, 8, BIKANER, 84, KOLAYAT, 1215, MANKASAR, 36088, 1171555, Sanitation, 0, 0, 0, 0, 0, 0, 322000, 322000
2015, RAJASTHAN, 8, BIKANER, 84, KOLAYAT, 1215, MANKASAR, 36088, 1171555, Total, 0, 0, 0, 0, 0, 0, 812000, 812000
2015, RAJASTHAN, 8, BIKANER, 84, KOLAYAT, 1215, MITHARIYA, 36089, 1232438, Roads, 0, 0, 0, 0, 0, 0, 2, 2
2015, RAJASTHAN, 8, BIKANER, 84, KOLAYAT, 1215, MITHARIYA, 36089, 1232438, Total, 0, 0, 0, 0, 0, 0, 2, 2
2015, RAJASTHAN, 8, BIKANER, 84, KOLAYAT, 1215, NAGRASAR, 36090, 1170918, Maintenance of community system, 0, 0, 0, 0, 0, 0, 2196000, 2196000
2015, RAJASTHAN, 8, BIKANER, 84, KOLAYAT, 1215, NAGRASAR, 36090, 1170918, Roads, 0, 0, 0, 0, 0, 0, 2000000, 2000000
2015, RAJASTHAN, 8, BIKANER, 84, KOLAYAT, 1215, NAGRASAR, 36090, 1170918, Sanitation, 0, 0, 0, 0, 0, 0, 434000, 434000
2015, RAJASTHAN, 8, BIKANER, 84, KOLAYAT, 1215, NAGRASAR, 36090, 1170918, Total, 0, 0, 0, 0, 0, 0, 4630000, 4630000
2015, RAJASTHAN, 8, BIKANER, 84, KOLAYAT, 1215, NOKHRA, 36091, 1204738, Roads, 0, 0, 0, 0, 0, 0, 977000, 977000
2015, RAJASTHAN, 8, BIKANER, 84, KOLAYAT, 1215, NOKHRA, 36091, 1204738, Total, 0, 0, 0, 0, 0, 0, 977000, 977000
2015, RAJASTHAN, 8, BIKANER, 84, KOLAYAT, 1215, Nandra, 262187, 1166734, Health, 0, 0, 0, 0, 0, 0, 699988, 699988
2015, RAJASTHAN, 8, BIKANER, 84, KOLAYAT, 1215, Nandra, 262187, 1166734, Sanitation, 0, 0, 0, 0, 0, 0, 1000000, 1000000
2015, RAJASTHAN, 8, BIKANER, 84, KOLAYAT, 1215, Nandra, 262187, 1166734, Total, 0, 0, 0, 0, 0, 0, 1699988, 1699988
2015, RAJASTHAN, 8, BIKANER, 84, KOLAYAT, 1215, Phulasar Bara, 262196, 1180612, Drinking water, 0, 0, 0, 0, 0, 0, 1400000, 1400000
2015, RAJASTHAN, 8, BIKANER, 84, KOLAYAT, 1215, Phulasar Bara, 262196, 1180612, Maintenance of community system, 0, 0, 0, 0, 0, 0, 27000, 27000
2015, RAJASTHAN, 8, BIKANER, 84, KOLAYAT, 1215, Phulasar Bara, 262196, 1180612, Total, 0, 0, 0, 0, 0, 0, 1427000, 1427000
2015, RAJASTHAN, 8, BIKANER, 84, KOLAYAT, 1215, RANJEETPURA, 36092, 1168346, Drinking water, 0, 0, 0, 0, 0, 0, 444000, 444000
2015, RAJASTHAN, 8, BIKANER, 84, KOLAYAT, 1215, RANJEETPURA, 36092, 1168346, Total, 0, 0, 0, 0, 0, 0, 444000, 444000
2015, RAJASTHAN, 8, BIKANER, 84, KOLAYAT, 1215, Raowala, 262175, 1232427, Roads, 0, 0, 0, 0, 0, 0, 3, 3
2015, RAJASTHAN, 8, BIKANER, 84, KOLAYAT, 1215, Raowala, 262175, 1232427, Total, 0, 0, 0, 0, 0, 0, 3, 3
2015, RAJASTHAN, 8, BIKANER, 84, KOLAYAT, 1215, SEWARA, 262195, 1200540, Drinking water, 0, 0, 0, 0, 0, 0, 80000, 80000
2015, RAJASTHAN, 8, BIKANER, 84, KOLAYAT, 1215, SEWARA, 262195, 1200540, Roads, 0, 0, 0, 0, 0, 0, 466000, 466000
2015, RAJASTHAN, 8, BIKANER, 84, KOLAYAT, 1215, SEWARA, 262195, 1200540, Sanitation, 0, 0, 0, 0, 0, 0, 222940, 222940
2015, RAJASTHAN, 8, BIKANER, 84, KOLAYAT, 1215, SEWARA, 262195, 1200540, Total, 0, 0, 0, 0, 0, 0, 768940, 768940
2015, RAJASTHAN, 8, BIKANER, 84, KOLAYAT, 1215, SIYANA, 36093, 1171413, Drinking water, 0, 0, 0, 0, 0, 0, 500000, 500000
2015, RAJASTHAN, 8, BIKANER, 84, KOLAYAT, 1215, SIYANA, 36093, 1171413, Maintenance of community system, 0, 0, 0, 0, 0, 0, 92000, 92000
2015, RAJASTHAN, 8, BIKANER, 84, KOLAYAT, 1215, SIYANA, 36093, 1171413, Sanitation, 0, 0, 0, 0, 0, 0, 407000, 407000
2015, RAJASTHAN, 8, BIKANER, 84, KOLAYAT, 1215, SIYANA, 36093, 1171413, Total, 0, 0, 0, 0, 0, 0, 999000, 999000
2015, RAJASTHAN, 8, BIKANER, 84, KOLAYAT, 1215, SURJARA, 36094, 1171495, Maintenance of community system, 0, 0, 0, 0, 0, 0, 1472000, 1472000
2015, RAJASTHAN, 8, BIKANER, 84, KOLAYAT, 1215, SURJARA, 36094, 1171495, Roads, 0, 0, 0, 0, 0, 0, 1500000, 1500000
2015, RAJASTHAN, 8, BIKANER, 84, KOLAYAT, 1215, SURJARA, 36094, 1171495, Sanitation, 0, 0, 0, 0, 0, 0, 140000, 140000
2015, RAJASTHAN, 8, BIKANER, 84, KOLAYAT, 1215, SURJARA, 36094, 1171495, Total, 0, 0, 0, 0, 0, 0, 3112000, 3112000
2015, RAJASTHAN, 8, BIKANER, 84, LUNKARANSAR, 1216, 1DLSM, 262265, 1196917, Drinking water, 0, 0, 0, 0, 0, 0, 1200000, 1200000
2015, RAJASTHAN, 8, BIKANER, 84, LUNKARANSAR, 1216, 1DLSM, 262265, 1196917, Health, 0, 0, 0, 0, 0, 0, 1500000, 1500000
2015, RAJASTHAN, 8, BIKANER, 84, LUNKARANSAR, 1216, 1DLSM, 262265, 1196917, Total, 0, 0, 0, 0, 0, 0, 2700000, 2700000
2015, RAJASTHAN, 8, BIKANER, 84, LUNKARANSAR, 1216, AJEETMANA, 36095, 1193843, Roads, 0, 0, 0, 0, 0, 0, 500000, 500000
2015, RAJASTHAN, 8, BIKANER, 84, LUNKARANSAR, 1216, AJEETMANA, 36095, 1193843, Total, 0, 0, 0, 0, 0, 0, 500000, 500000
2015, RAJASTHAN, 8, BIKANER, 84, LUNKARANSAR, 1216, Arjunsar Station, 262295, 1195409, Drinking water, 0, 0, 0, 0, 0, 0, 500000, 500000
2015, RAJASTHAN, 8, BIKANER, 84, LUNKARANSAR, 1216, Arjunsar Station, 262295, 1195409, Maintenance of community system, 0, 0, 0, 0, 0, 0, 700000, 700000
2015, RAJASTHAN, 8, BIKANER, 84, LUNKARANSAR, 1216, Arjunsar Station, 262295, 1195409, Roads, 0, 0, 0, 0, 0, 0, 500000, 500000
2015, RAJASTHAN, 8, BIKANER, 84, LUNKARANSAR, 1216, Arjunsar Station, 262295, 1195409, Total, 0, 0, 0, 0, 0, 0, 1700000, 1700000
2015, RAJASTHAN, 8, BIKANER, 84, LUNKARANSAR, 1216, BADERAN, 36096, 1340692, Drinking water, 0, 0, 0, 0, 0, 0, 96000, 96000
2015, RAJASTHAN, 8, BIKANER, 84, LUNKARANSAR, 1216, BADERAN, 36096, 1340692, Health, 0, 0, 0, 0, 0, 0, 550000, 550000
2015, RAJASTHAN, 8, BIKANER, 84, LUNKARANSAR, 1216, BADERAN, 36096, 1340692, Roads, 0, 0, 0, 0, 0, 0, 2450000, 2450000
2015, RAJASTHAN, 8, BIKANER, 84, LUNKARANSAR, 1216, BADERAN, 36096, 1340692, Total, 0, 0, 0, 0, 0, 0, 3096000, 3096000
2015, RAJASTHAN, 8, BIKANER, 84, LUNKARANSAR, 1216, BALADESAR, 36097, 1193870, Drinking water, 0, 0, 0, 0, 0, 0, 225000, 225000
2015, RAJASTHAN, 8, BIKANER, 84, LUNKARANSAR, 1216, BALADESAR, 36097, 1193870, Maintenance of community system, 0, 0, 0, 0, 0, 0, 280000, 280000
2015, RAJASTHAN, 8, BIKANER, 84, LUNKARANSAR, 1216, BALADESAR, 36097, 1193870, Sanitation, 0, 0, 0, 0, 0, 0, 300000, 300000
2015, RAJASTHAN, 8, BIKANER, 84, LUNKARANSAR, 1216, BALADESAR, 36097, 1193870, Total, 0, 0, 0, 0, 0, 0, 805000, 805000
2015, RAJASTHAN, 8, BIKANER, 84, LUNKARANSAR, 1216, BAMANWALI, 262217, 1190613, Fuel and fodder, 0, 0, 0, 0, 0, 0, 716000, 716000
2015, RAJASTHAN, 8, BIKANER, 84, LUNKARANSAR, 1216, BAMANWALI, 262217, 1190613, Health, 0, 0, 0, 0, 0, 0, 100000, 100000
2015, RAJASTHAN, 8, BIKANER, 84, LUNKARANSAR, 1216, BAMANWALI, 262217, 1190613, Roads, 0, 0, 0, 0, 0, 0, 2437000, 2437000
2015, RAJASTHAN, 8, BIKANER, 84, LUNKARANSAR, 1216, BAMANWALI, 262217, 1190613, Sanitation, 0, 0, 0, 0, 0, 0, 32000, 32000
2015, RAJASTHAN, 8, BIKANER, 84, LUNKARANSAR, 1216, BAMANWALI, 262217, 1190613, Total, 0, 0, 0, 0, 0, 0, 3285000, 3285000
2015, RAJASTHAN, 8, BIKANER, 84, LUNKARANSAR, 1216, BHADERA, 262304, 1193683, Drinking water, 0, 0, 0, 0, 0, 0, 775000, 775000
2015, RAJASTHAN, 8, BIKANER, 84, LUNKARANSAR, 1216, BHADERA, 262304, 1193683, Health, 0, 0, 0, 0, 0, 0, 1000000, 1000000
2015, RAJASTHAN, 8, BIKANER, 84, LUNKARANSAR, 1216, BHADERA, 262304, 1193683, Total, 0, 0, 0, 0, 0, 0, 1775000, 1775000
2015, RAJASTHAN, 8, BIKANER, 84, LUNKARANSAR, 1216, BHEEKHNERA, 36098, 1190627, Administrative & Technical Support, 0, 0, 0, 0, 0, 0, 491000, 491000
2015, RAJASTHAN, 8, BIKANER, 84, LUNKARANSAR, 1216, BHEEKHNERA, 36098, 1190627, Drinking water, 0, 0, 0, 0, 0, 0, 358000, 358000
2015, RAJASTHAN, 8, BIKANER, 84, LUNKARANSAR, 1216, BHEEKHNERA, 36098, 1190627, Health, 0, 0, 0, 0, 0, 0, 299000, 299000
2015, RAJASTHAN, 8, BIKANER, 84, LUNKARANSAR, 1216, BHEEKHNERA, 36098, 1190627, Roads, 0, 0, 0, 0, 0, 0, 60000, 60000
2015, RAJASTHAN, 8, BIKANER, 84, LUNKARANSAR, 1216, BHEEKHNERA, 36098, 1190627, Sanitation, 0, 0, 0, 0, 0, 0, 150000, 150000
2015, RAJASTHAN, 8, BIKANER, 84, LUNKARANSAR, 1216, BHEEKHNERA, 36098, 1190627, Total, 0, 0, 0, 0, 0, 0, 1358000, 1358000
2015, RAJASTHAN, 8, BIKANER, 84, LUNKARANSAR, 1216, CHAKJOHAD, 36099, 1175095, Drinking water, 0, 0, 0, 0, 0, 0, 400000, 400000
2015, RAJASTHAN, 8, BIKANER, 84, LUNKARANSAR, 1216, CHAKJOHAD, 36099, 1175095, Roads, 0, 0, 0, 0, 0, 0, 1000000, 1000000
2015, RAJASTHAN, 8, BIKANER, 84, LUNKARANSAR, 1216, CHAKJOHAD, 36099, 1175095, Total, 0, 0, 0, 0, 0, 0, 1400000, 1400000
2015, RAJASTHAN, 8, BIKANER, 84, LUNKARANSAR, 1216, DHANI PANDUSAR, 36100, 1400429, Health, 0, 0, 0, 0, 0, 0, 935000, 935000
2015, RAJASTHAN, 8, BIKANER, 84, LUNKARANSAR, 1216, DHANI PANDUSAR, 36100, 1400429, Total, 0, 0, 0, 0, 0, 0, 935000, 935000
2015, RAJASTHAN, 8, BIKANER, 84, LUNKARANSAR, 1216, DHIRERA, 36101, 1179934, Administrative & Technical Support, 0, 0, 0, 0, 0, 0, 4358000, 4358000
2015, RAJASTHAN, 8, BIKANER, 84, LUNKARANSAR, 1216, DHIRERA, 36101, 1179934, Maintenance of community system, 0, 0, 0, 0, 0, 0, 700000, 700000
2015, RAJASTHAN, 8, BIKANER, 84, LUNKARANSAR, 1216, DHIRERA, 36101, 1179934, Total, 0, 0, 0, 0, 0, 0, 5058000, 5058000
2015, RAJASTHAN, 8, BIKANER, 84, LUNKARANSAR, 1216, GARABDESAR, 36102, 1194192, Administrative & Technical Support, 0, 0, 0, 0, 0, 0, 2460000, 2460000
2015, RAJASTHAN, 8, BIKANER, 84, LUNKARANSAR, 1216, GARABDESAR, 36102, 1194192, Drinking water, 0, 0, 0, 0, 0, 0, 265000, 265000
2015, RAJASTHAN, 8, BIKANER, 84, LUNKARANSAR, 1216, GARABDESAR, 36102, 1194192, Maintenance of community system, 0, 0, 0, 0, 0, 0, 48500, 48500
2015, RAJASTHAN, 8, BIKANER, 84, LUNKARANSAR, 1216, GARABDESAR, 36102, 1194192, Roads, 0, 0, 0, 0, 0, 0, 1125000, 1125000
2015, RAJASTHAN, 8, BIKANER, 84, LUNKARANSAR, 1216, GARABDESAR, 36102, 1194192, Total, 0, 0, 0, 0, 0, 0, 3898500, 3898500
2015, RAJASTHAN, 8, BIKANER, 84, LUNKARANSAR, 1216, GOPALYAN, 262300, 1179936, Administrative & Technical Support, 0, 0, 0, 0, 0, 0, 2978000, 2978000
2015, RAJASTHAN, 8, BIKANER, 84, LUNKARANSAR, 1216, GOPALYAN, 262300, 1179936, Total, 0, 0, 0, 0, 0, 0, 2978000, 2978000
2015, RAJASTHAN, 8, BIKANER, 84, LUNKARANSAR, 1216, HANSERA, 36103, 1178354, Drinking water, 0, 0, 0, 0, 0, 0, 652000, 652000
2015, RAJASTHAN, 8, BIKANER, 84, LUNKARANSAR, 1216, HANSERA, 36103, 1178354, Roads, 0, 0, 0, 0, 0, 0, 500000, 500000
2015, RAJASTHAN, 8, BIKANER, 84, LUNKARANSAR, 1216, HANSERA, 36103, 1178354, Total, 0, 0, 0, 0, 0, 0, 1152000, 1152000
2015, RAJASTHAN, 8, BIKANER, 84, LUNKARANSAR, 1216, JAITPUR, 36104, 1190628, Drinking water, 0, 0, 0, 0, 0, 0, 545000, 545000
2015, RAJASTHAN, 8, BIKANER, 84, LUNKARANSAR, 1216, JAITPUR, 36104, 1190628, Health, 0, 0, 0, 0, 0, 0, 3600000, 3600000
2015, RAJASTHAN, 8, BIKANER, 84, LUNKARANSAR, 1216, JAITPUR, 36104, 1190628, Roads, 0, 0, 0, 0, 0, 0, 500000, 500000
2015, RAJASTHAN, 8, BIKANER, 84, LUNKARANSAR, 1216, JAITPUR, 36104, 1190628, Sanitation, 0, 0, 0, 0, 0, 0, 650000, 650000
2015, RAJASTHAN, 8, BIKANER, 84, LUNKARANSAR, 1216, JAITPUR, 36104, 1190628, Total, 0, 0, 0, 0, 0, 0, 5295000, 5295000
2015, RAJASTHAN, 8, BIKANER, 84, LUNKARANSAR, 1216, KALOO, 36105, 1176958, Administrative & Technical Support, 0, 0, 0, 0, 0, 0, 8455000, 8455000
2015, RAJASTHAN, 8, BIKANER, 84, LUNKARANSAR, 1216, KALOO, 36105, 1176958, Total, 0, 0, 0, 0, 0, 0, 8455000, 8455000
2015, RAJASTHAN, 8, BIKANER, 84, LUNKARANSAR, 1216, KALOO, 36105, 1331730, Drinking water, 0, 0, 0, 0, 0, 0, 501500, 501500
2015, RAJASTHAN, 8, BIKANER, 84, LUNKARANSAR, 1216, KALOO, 36105, 1331730, Total, 0, 0, 0, 0, 0, 0, 501500, 501500
2015, RAJASTHAN, 8, BIKANER, 84, LUNKARANSAR, 1216, KANKADWALA, 36106, 1179939, Administrative & Technical Support, 0, 0, 0, 0, 0, 0, 2800000, 2800000
2015, RAJASTHAN, 8, BIKANER, 84, LUNKARANSAR, 1216, KANKADWALA, 36106, 1179939, Maintenance of community system, 0, 0, 0, 0, 0, 0, 200000, 200000
2015, RAJASTHAN, 8, BIKANER, 84, LUNKARANSAR, 1216, KANKADWALA, 36106, 1179939, Total, 0, 0, 0, 0, 0, 0, 3000000, 3000000
2015, RAJASTHAN, 8, BIKANER, 84, LUNKARANSAR, 1216, KAPURISAR, 36107, 1179944, Administrative & Technical Support, 0, 0, 0, 0, 0, 0, 1824974, 1824974
2015, RAJASTHAN, 8, BIKANER, 84, LUNKARANSAR, 1216, KAPURISAR, 36107, 1179944, Total, 0, 0, 0, 0, 0, 0, 1824974, 1824974
2015, RAJASTHAN, 8, BIKANER, 84, LUNKARANSAR, 1216, KELA, 36108, 1213052, Drinking water, 0, 0, 0, 0, 0, 0, 1115000, 1115000
2015, RAJASTHAN, 8, BIKANER, 84, LUNKARANSAR, 1216, KELA, 36108, 1213052, Maintenance of community system, 0, 0, 0, 0, 0, 0, 250000, 250000
2015, RAJASTHAN, 8, BIKANER, 84, LUNKARANSAR, 1216, KELA, 36108, 1213052, Roads, 0, 0, 0, 0, 0, 0, 800000, 800000
2015, RAJASTHAN, 8, BIKANER, 84, LUNKARANSAR, 1216, KELA, 36108, 1213052, Sanitation, 0, 0, 0, 0, 0, 0, 180000, 180000
2015, RAJASTHAN, 8, BIKANER, 84, LUNKARANSAR, 1216, KELA, 36108, 1213052, Total, 0, 0, 0, 0, 0, 0, 2345000, 2345000
2015, RAJASTHAN, 8, BIKANER, 84, LUNKARANSAR, 1216, KHARBARA 3 DL, 36109, 1179941, Administrative & Technical Support, 0, 0, 0, 0, 0, 0, 1800000, 1800000
2015, RAJASTHAN, 8, BIKANER, 84, LUNKARANSAR, 1216, KHARBARA 3 DL, 36109, 1179941, Total, 0, 0, 0, 0, 0, 0, 1800000, 1800000
2015, RAJASTHAN, 8, BIKANER, 84, LUNKARANSAR, 1216, KHINYERA, 36110, 1179943, Administrative & Technical Support, 0, 0, 0, 0, 0, 0, 8550000, 8550000
2015, RAJASTHAN, 8, BIKANER, 84, LUNKARANSAR, 1216, KHINYERA, 36110, 1179943, Maintenance of community system, 0, 0, 0, 0, 0, 0, 190000, 190000
2015, RAJASTHAN, 8, BIKANER, 84, LUNKARANSAR, 1216, KHINYERA, 36110, 1179943, Total, 0, 0, 0, 0, 0, 0, 8740000, 8740000
2015, RAJASTHAN, 8, BIKANER, 84, LUNKARANSAR, 1216, KHOKHRANA, 36111, 1370804, Drinking water, 0, 0, 0, 0, 0, 0, 90000, 90000
2015, RAJASTHAN, 8, BIKANER, 84, LUNKARANSAR, 1216, KHOKHRANA, 36111, 1370804, Roads, 0, 0, 0, 0, 0, 0, 1100000, 1100000
2015, RAJASTHAN, 8, BIKANER, 84, LUNKARANSAR, 1216, KHOKHRANA, 36111, 1370804, Rural housing, 0, 0, 0, 0, 0, 0, 85000, 85000
2015, RAJASTHAN, 8, BIKANER, 84, LUNKARANSAR, 1216, KHOKHRANA, 36111, 1370804, Total, 0, 0, 0, 0, 0, 0, 1275000, 1275000
2015, RAJASTHAN, 8, BIKANER, 84, LUNKARANSAR, 1216, KUJTI, 36112, 1175716, Drinking water, 0, 0, 0, 0, 0, 0, 181000, 181000
2015, RAJASTHAN, 8, BIKANER, 84, LUNKARANSAR, 1216, KUJTI, 36112, 1175716, Roads, 0, 0, 0, 0, 0, 0, 1975000, 1975000
2015, RAJASTHAN, 8, BIKANER, 84, LUNKARANSAR, 1216, KUJTI, 36112, 1175716, Total, 0, 0, 0, 0, 0, 0, 2156000, 2156000
2015, RAJASTHAN, 8, BIKANER, 84, LUNKARANSAR, 1216, Krishan Nagar, 262280, 1194519, Drinking water, 0, 0, 0, 0, 0, 0, 600000, 600000
2015, RAJASTHAN, 8, BIKANER, 84, LUNKARANSAR, 1216, Krishan Nagar, 262280, 1194519, Health, 0, 0, 0, 0, 0, 0, 1050000, 1050000
2015, RAJASTHAN, 8, BIKANER, 84, LUNKARANSAR, 1216, Krishan Nagar, 262280, 1194519, Total, 0, 0, 0, 0, 0, 0, 1650000, 1650000
2015, RAJASTHAN, 8, BIKANER, 84, LUNKARANSAR, 1216, LOONKARANSAR, 36113, 1603473, Health, 0, 0, 0, 0, 0, 0, 70000, 70000
2015, RAJASTHAN, 8, BIKANER, 84, LUNKARANSAR, 1216, LOONKARANSAR, 36113, 1603473, Roads, 0, 0, 0, 0, 0, 0, 8115000, 8115000
2015, RAJASTHAN, 8, BIKANER, 84, LUNKARANSAR, 1216, LOONKARANSAR, 36113, 1603473, Rural housing, 0, 0, 0, 0, 0, 0, 4000000, 4000000
2015, RAJASTHAN, 8, BIKANER, 84, LUNKARANSAR, 1216, LOONKARANSAR, 36113, 1603473, Sanitation, 0, 0, 0, 0, 0, 0, 990000, 990000
2015, RAJASTHAN, 8, BIKANER, 84, LUNKARANSAR, 1216, LOONKARANSAR, 36113, 1603473, Total, 0, 0, 0, 0, 0, 0, 13175000, 13175000
2015, RAJASTHAN, 8, BIKANER, 84, LUNKARANSAR, 1216, MAHADEVWALI, 36114, 1190752, Administrative & Technical Support, 0, 0, 0, 0, 0, 0, 4770000, 4770000
2015, RAJASTHAN, 8, BIKANER, 84, LUNKARANSAR, 1216, MAHADEVWALI, 36114, 1190752, Total, 0, 0, 0, 0, 0, 0, 4770000, 4770000
2015, RAJASTHAN, 8, BIKANER, 84, LUNKARANSAR, 1216, MAHAJAN, 36115, 1194033, Administrative & Technical Support, 0, 0, 0, 0, 0, 0, 6850000, 6850000
2015, RAJASTHAN, 8, BIKANER, 84, LUNKARANSAR, 1216, MAHAJAN, 36115, 1194033, Total, 0, 0, 0, 0, 0, 0, 6850000, 6850000
2015, RAJASTHAN, 8, BIKANER, 84, LUNKARANSAR, 1216, MAKDASAR, 36116, 1175734, Drinking water, 0, 0, 0, 0, 0, 0, 475000, 475000
2015, RAJASTHAN, 8, BIKANER, 84, LUNKARANSAR, 1216, MAKDASAR, 36116, 1175734, Roads, 0, 0, 0, 0, 0, 0, 1589000, 1589000
2015, RAJASTHAN, 8, BIKANER, 84, LUNKARANSAR, 1216, MAKDASAR, 36116, 1175734, Sanitation, 0, 0, 0, 0, 0, 0, 100000, 100000
2015, RAJASTHAN, 8, BIKANER, 84, LUNKARANSAR, 1216, MAKDASAR, 36116, 1175734, Total, 0, 0, 0, 0, 0, 0, 2164000, 2164000
2015, RAJASTHAN, 8, BIKANER, 84, LUNKARANSAR, 1216, NATHWANA, 36117, 1191363, Administrative & Technical Support, 0, 0, 0, 0, 0, 0, 3046000, 3046000
2015, RAJASTHAN, 8, BIKANER, 84, LUNKARANSAR, 1216, NATHWANA, 36117, 1191363, Drinking water, 0, 0, 0, 0, 0, 0, 50000, 50000
2015, RAJASTHAN, 8, BIKANER, 84, LUNKARANSAR, 1216, NATHWANA, 36117, 1191363, Total, 0, 0, 0, 0, 0, 0, 3096000, 3096000
2015, RAJASTHAN, 8, BIKANER, 84, LUNKARANSAR, 1216, PEEPERA, 36118, 1175561, Agriculture, 0, 0, 0, 0, 0, 0, 50000, 50000
2015, RAJASTHAN, 8, BIKANER, 84, LUNKARANSAR, 1216, PEEPERA, 36118, 1175561, Drinking water, 0, 0, 0, 0, 0, 0, 200000, 200000
2015, RAJASTHAN, 8, BIKANER, 84, LUNKARANSAR, 1216, PEEPERA, 36118, 1175561, Roads, 0, 0, 0, 0, 0, 0, 280000, 280000
2015, RAJASTHAN, 8, BIKANER, 84, LUNKARANSAR, 1216, PEEPERA, 36118, 1175561, Total, 0, 0, 0, 0, 0, 0, 530000, 530000
2015, RAJASTHAN, 8, BIKANER, 84, LUNKARANSAR, 1216, RAJASAR BHATIYAN, 36119, 1179946, Administrative & Technical Support, 0, 0, 0, 0, 0, 0, 1860000, 1860000
2015, RAJASTHAN, 8, BIKANER, 84, LUNKARANSAR, 1216, RAJASAR BHATIYAN, 36119, 1179946, Maintenance of community system, 0, 0, 0, 0, 0, 0, 60000, 60000
2015, RAJASTHAN, 8, BIKANER, 84, LUNKARANSAR, 1216, RAJASAR BHATIYAN, 36119, 1179946, Total, 0, 0, 0, 0, 0, 0, 1920000, 1920000
2015, RAJASTHAN, 8, BIKANER, 84, LUNKARANSAR, 1216, RAJASAR URF KARNISAR, 36120, 1179945, Administrative & Technical Support, 0, 0, 0, 0, 0, 0, 4150000, 4150000
2015, RAJASTHAN, 8, BIKANER, 84, LUNKARANSAR, 1216, RAJASAR URF KARNISAR, 36120, 1179945, Maintenance of community system, 0, 0, 0, 0, 0, 0, 500000, 500000
2015, RAJASTHAN, 8, BIKANER, 84, LUNKARANSAR, 1216, RAJASAR URF KARNISAR, 36120, 1179945, Total, 0, 0, 0, 0, 0, 0, 4650000, 4650000
2015, RAJASTHAN, 8, BIKANER, 84, LUNKARANSAR, 1216, RAMBAG, 36121, 1428753, Health, 0, 0, 0, 0, 0, 0, 2150000, 2150000
2015, RAJASTHAN, 8, BIKANER, 84, LUNKARANSAR, 1216, RAMBAG, 36121, 1428753, Sanitation, 0, 0, 0, 0, 0, 0, 1200000, 1200000
2015, RAJASTHAN, 8, BIKANER, 84, LUNKARANSAR, 1216, RAMBAG, 36121, 1428753, Total, 0, 0, 0, 0, 0, 0, 3350000, 3350000
2015, RAJASTHAN, 8, BIKANER, 84, LUNKARANSAR, 1216, RANER 11 SLD, 36122, 1182174, Drinking water, 0, 0, 0, 0, 0, 0, 500000, 500000
2015, RAJASTHAN, 8, BIKANER, 84, LUNKARANSAR, 1216, RANER 11 SLD, 36122, 1182174, Roads, 0, 0, 0, 0, 0, 0, 2985000, 2985000
2015, RAJASTHAN, 8, BIKANER, 84, LUNKARANSAR, 1216, RANER 11 SLD, 36122, 1182174, Total, 0, 0, 0, 0, 0, 0, 3485000, 3485000
2015, RAJASTHAN, 8, BIKANER, 84, LUNKARANSAR, 1216, RANWASAR, 36123, 1175309, Drinking water, 0, 0, 0, 0, 0, 0, 560000, 560000
2015, RAJASTHAN, 8, BIKANER, 84, LUNKARANSAR, 1216, RANWASAR, 36123, 1175309, Roads, 0, 0, 0, 0, 0, 0, 1250000, 1250000
2015, RAJASTHAN, 8, BIKANER, 84, LUNKARANSAR, 1216, RANWASAR, 36123, 1175309, Total, 0, 0, 0, 0, 0, 0, 1810000, 1810000
2015, RAJASTHAN, 8, BIKANER, 84, LUNKARANSAR, 1216, ROJHA, 36124, 1180065, Roads, 0, 0, 0, 0, 0, 0, 1540000, 1540000
2015, RAJASTHAN, 8, BIKANER, 84, LUNKARANSAR, 1216, ROJHA, 36124, 1180065, Sanitation, 0, 0, 0, 0, 0, 0, 265000, 265000
2015, RAJASTHAN, 8, BIKANER, 84, LUNKARANSAR, 1216, ROJHA, 36124, 1180065, Total, 0, 0, 0, 0, 0, 0, 1805000, 1805000
2015, RAJASTHAN, 8, BIKANER, 84, LUNKARANSAR, 1216, Rajpura Hudan, 262283, 1196928, Drinking water, 0, 0, 0, 0, 0, 0, 350000, 350000
2015, RAJASTHAN, 8, BIKANER, 84, LUNKARANSAR, 1216, Rajpura Hudan, 262283, 1196928, Health, 0, 0, 0, 0, 0, 0, 890000, 890000
2015, RAJASTHAN, 8, BIKANER, 84, LUNKARANSAR, 1216, Rajpura Hudan, 262283, 1196928, Total, 0, 0, 0, 0, 0, 0, 1240000, 1240000
2015, RAJASTHAN, 8, BIKANER, 84, LUNKARANSAR, 1216, SANSARDESAR, 36125, 1191366, Animal husbandry, 0, 0, 0, 0, 0, 0, 300000, 300000
2015, RAJASTHAN, 8, BIKANER, 84, LUNKARANSAR, 1216, SANSARDESAR, 36125, 1191366, Drinking water, 0, 0, 0, 0, 0, 0, 2700000, 2700000
2015, RAJASTHAN, 8, BIKANER, 84, LUNKARANSAR, 1216, SANSARDESAR, 36125, 1191366, Health, 0, 0, 0, 0, 0, 0, 9000000, 9000000
2015, RAJASTHAN, 8, BIKANER, 84, LUNKARANSAR, 1216, SANSARDESAR, 36125, 1191366, Roads, 0, 0, 0, 0, 0, 0, 1000000, 1000000
2015, RAJASTHAN, 8, BIKANER, 84, LUNKARANSAR, 1216, SANSARDESAR, 36125, 1191366, Sanitation, 0, 0, 0, 0, 0, 0, 200000, 200000
2015, RAJASTHAN, 8, BIKANER, 84, LUNKARANSAR, 1216, SANSARDESAR, 36125, 1191366, Total, 0, 0, 0, 0, 0, 0, 13200000, 13200000
2015, RAJASTHAN, 8, BIKANER, 84, LUNKARANSAR, 1216, SHEKHSAR, 36126, 1179948, Administrative & Technical Support, 0, 0, 0, 0, 0, 0, 2177960, 2177960
2015, RAJASTHAN, 8, BIKANER, 84, LUNKARANSAR, 1216, SHEKHSAR, 36126, 1179948, Maintenance of community system, 0, 0, 0, 0, 0, 0, 500000, 500000
2015, RAJASTHAN, 8, BIKANER, 84, LUNKARANSAR, 1216, SHEKHSAR, 36126, 1179948, Total, 0, 0, 0, 0, 0, 0, 2677960, 2677960
2015, RAJASTHAN, 8, BIKANER, 84, LUNKARANSAR, 1216, SHERPOORA1SM, 262881, 1428746, Drinking water, 0, 0, 0, 0, 0, 0, 1650000, 1650000
2015, RAJASTHAN, 8, BIKANER, 84, LUNKARANSAR, 1216, SHERPOORA1SM, 262881, 1428746, Health, 0, 0, 0, 0, 0, 0, 5500000, 5500000
2015, RAJASTHAN, 8, BIKANER, 84, LUNKARANSAR, 1216, SHERPOORA1SM, 262881, 1428746, Roads, 0, 0, 0, 0, 0, 0, 500000, 500000
2015, RAJASTHAN, 8, BIKANER, 84, LUNKARANSAR, 1216, SHERPOORA1SM, 262881, 1428746, Sanitation, 0, 0, 0, 0, 0, 0, 150000, 150000
2015, RAJASTHAN, 8, BIKANER, 84, LUNKARANSAR, 1216, SHERPOORA1SM, 262881, 1428746, Total, 0, 0, 0, 0, 0, 0, 7800000, 7800000
2015, RAJASTHAN, 8, BIKANER, 84, LUNKARANSAR, 1216, SHERPURA A, 36127, 1179940, Administrative & Technical Support, 0, 0, 0, 0, 0, 0, 1899524, 1899524
2015, RAJASTHAN, 8, BIKANER, 84, LUNKARANSAR, 1216, SHERPURA A, 36127, 1179940, Total, 0, 0, 0, 0, 0, 0, 1899524, 1899524
2015, RAJASTHAN, 8, BIKANER, 84, LUNKARANSAR, 1216, SODHWALI, 36128, 1207622, Roads, 0, 0, 0, 0, 0, 0, 2000000, 2000000
2015, RAJASTHAN, 8, BIKANER, 84, LUNKARANSAR, 1216, SODHWALI, 36128, 1207622, Total, 0, 0, 0, 0, 0, 0, 2000000, 2000000
2015, RAJASTHAN, 8, BIKANER, 84, LUNKARANSAR, 1216, SUI, 36129, 1176502, Drinking water, 0, 0, 0, 0, 0, 0, 350000, 350000
2015, RAJASTHAN, 8, BIKANER, 84, LUNKARANSAR, 1216, SUI, 36129, 1176502, Roads, 0, 0, 0, 0, 0, 0, 200000, 200000
2015, RAJASTHAN, 8, BIKANER, 84, LUNKARANSAR, 1216, SUI, 36129, 1176502, Sanitation, 0, 0, 0, 0, 0, 0, 1000000, 1000000
2015, RAJASTHAN, 8, BIKANER, 84, LUNKARANSAR, 1216, SUI, 36129, 1176502, Total, 0, 0, 0, 0, 0, 0, 1550000, 1550000
2015, RAJASTHAN, 8, BIKANER, 84, LUNKARANSAR, 1216, Sabniyan, 262297, 1193669, Drinking water, 0, 0, 0, 0, 0, 0, 550000, 550000
2015, RAJASTHAN, 8, BIKANER, 84, LUNKARANSAR, 1216, Sabniyan, 262297, 1193669, Health, 0, 0, 0, 0, 0, 0, 400000, 400000
2015, RAJASTHAN, 8, BIKANER, 84, LUNKARANSAR, 1216, Sabniyan, 262297, 1193669, Total, 0, 0, 0, 0, 0, 0, 950000, 950000
2015, RAJASTHAN, 8, BIKANER, 84, LUNKARANSAR, 1216, Sahajarasar, 262201, 1215654, Health, 0, 0, 0, 0, 0, 0, 500000, 500000
2015, RAJASTHAN, 8, BIKANER, 84, LUNKARANSAR, 1216, Sahajarasar, 262201, 1215654, Sanitation, 0, 0, 0, 0, 0, 0, 150000, 150000
2015, RAJASTHAN, 8, BIKANER, 84, LUNKARANSAR, 1216, Sahajarasar, 262201, 1215654, Total, 0, 0, 0, 0, 0, 0, 650000, 650000
2015, RAJASTHAN, 8, BIKANER, 84, LUNKARANSAR, 1216, Sahaniwala, 262312, 1207242, Health, 0, 0, 0, 0, 0, 0, 1512000, 1512000
2015, RAJASTHAN, 8, BIKANER, 84, LUNKARANSAR, 1216, Sahaniwala, 262312, 1207242, Total, 0, 0, 0, 0, 0, 0, 1512000, 1512000
2015, RAJASTHAN, 8, BIKANER, 84, LUNKARANSAR, 1216, Surnana, 262314, 1193666, Health, 0, 0, 0, 0, 0, 0, 142500, 142500
2015, RAJASTHAN, 8, BIKANER, 84, LUNKARANSAR, 1216, Surnana, 262314, 1193666, Sanitation, 0, 0, 0, 0, 0, 0, 264237, 264237
2015, RAJASTHAN, 8, BIKANER, 84, LUNKARANSAR, 1216, Surnana, 262314, 1193666, Total, 0, 0, 0, 0, 0, 0, 406737, 406737
2015, RAJASTHAN, 8, BIKANER, 84, LUNKARANSAR, 1216, TAKHATPURA 4TM, 36130, 1195989, Drinking water, 0, 0, 0, 0, 0, 0, 1650000, 1650000
2015, RAJASTHAN, 8, BIKANER, 84, LUNKARANSAR, 1216, TAKHATPURA 4TM, 36130, 1195989, Health, 0, 0, 0, 0, 0, 0, 1050000, 1050000
2015, RAJASTHAN, 8, BIKANER, 84, LUNKARANSAR, 1216, TAKHATPURA 4TM, 36130, 1195989, Total, 0, 0, 0, 0, 0, 0, 2700000, 2700000
2015, RAJASTHAN, 8, BIKANER, 84, NOKHA, 1217, BADHANOO, 36131, 1199172, Drinking water, 0, 0, 0, 0, 0, 0, 483000, 483000
2015, RAJASTHAN, 8, BIKANER, 84, NOKHA, 1217, BADHANOO, 36131, 1199172, Total, 0, 0, 0, 0, 0, 0, 483000, 483000
2015, RAJASTHAN, 8, BIKANER, 84, NOKHA, 1217, BAGSEOO, 262246, 1173302, Drinking water, 0, 0, 0, 0, 0, 0, 900000, 900000
2015, RAJASTHAN, 8, BIKANER, 84, NOKHA, 1217, BAGSEOO, 262246, 1173302, Total, 0, 0, 0, 0, 0, 0, 900000, 900000
2015, RAJASTHAN, 8, BIKANER, 84, NOKHA, 1217, BERASAR, 36133, 1172021, Drinking water, 0, 0, 0, 0, 0, 0, 2780000, 2780000
2015, RAJASTHAN, 8, BIKANER, 84, NOKHA, 1217, BERASAR, 36133, 1172021, Total, 0, 0, 0, 0, 0, 0, 2780000, 2780000
2015, RAJASTHAN, 8, BIKANER, 84, NOKHA, 1217, BIKASAR, 36136, 1201856, Sanitation, 0, 0, 0, 0, 0, 0, 624994, 624994
2015, RAJASTHAN, 8, BIKANER, 84, NOKHA, 1217, BIKASAR, 36136, 1201856, Total, 0, 0, 0, 0, 0, 0, 624994, 624994
2015, RAJASTHAN, 8, BIKANER, 84, NOKHA, 1217, BILANIYASAR, 36137, 1172143, Drinking water, 0, 0, 0, 0, 0, 0, 750000, 750000
2015, RAJASTHAN, 8, BIKANER, 84, NOKHA, 1217, BILANIYASAR, 36137, 1172143, Total, 0, 0, 0, 0, 0, 0, 750000, 750000
2015, RAJASTHAN, 8, BIKANER, 84, NOKHA, 1217, BIRAMSAR, 262303, 1173245, Drinking water, 0, 0, 0, 0, 0, 0, 1120000, 1120000
2015, RAJASTHAN, 8, BIKANER, 84, NOKHA, 1217, BIRAMSAR, 262303, 1173245, Total, 0, 0, 0, 0, 0, 0, 1120000, 1120000
2015, RAJASTHAN, 8, BIKANER, 84, NOKHA, 1217, CHARKARA, 36138, 1168302, Roads, 0, 0, 0, 0, 0, 0, 335000, 335000
2015, RAJASTHAN, 8, BIKANER, 84, NOKHA, 1217, CHARKARA, 36138, 1168302, Total, 0, 0, 0, 0, 0, 0, 335000, 335000
2015, RAJASTHAN, 8, BIKANER, 84, NOKHA, 1217, GAJROOPDESAR, 36143, 1172192, Drinking water, 0, 0, 0, 0, 0, 0, 200000, 200000
2015, RAJASTHAN, 8, BIKANER, 84, NOKHA, 1217, GAJROOPDESAR, 36143, 1172192, Roads, 0, 0, 0, 0, 0, 0, 500000, 500000
2015, RAJASTHAN, 8, BIKANER, 84, NOKHA, 1217, GAJROOPDESAR, 36143, 1172192, Rural housing, 0, 0, 0, 0, 0, 0, 300000, 300000
2015, RAJASTHAN, 8, BIKANER, 84, NOKHA, 1217, GAJROOPDESAR, 36143, 1172192, Total, 0, 0, 0, 0, 0, 0, 1000000, 1000000
2015, RAJASTHAN, 8, BIKANER, 84, NOKHA, 1217, GAJSUKHDESAR, 236073, 1174204, Drinking water, 0, 0, 0, 0, 0, 0, 750000, 750000
2015, RAJASTHAN, 8, BIKANER, 84, NOKHA, 1217, GAJSUKHDESAR, 236073, 1174204, Total, 0, 0, 0, 0, 0, 0, 750000, 750000
2015, RAJASTHAN, 8, BIKANER, 84, NOKHA, 1217, GONDUSAR, 262273, 1168604, Drinking water, 0, 0, 0, 0, 0, 0, 968000, 968000
2015, RAJASTHAN, 8, BIKANER, 84, NOKHA, 1217, GONDUSAR, 262273, 1168604, Total, 0, 0, 0, 0, 0, 0, 968000, 968000
2015, RAJASTHAN, 8, BIKANER, 84, NOKHA, 1217, HIMMATASAR, 36145, 1201911, Drinking water, 0, 0, 0, 0, 0, 0, 69898, 69898
2015, RAJASTHAN, 8, BIKANER, 84, NOKHA, 1217, HIMMATASAR, 36145, 1201911, Total, 0, 0, 0, 0, 0, 0, 69898, 69898
2015, RAJASTHAN, 8, BIKANER, 84, NOKHA, 1217, HINYADESAR, 262214, 1172643, Drinking water, 0, 0, 0, 0, 0, 0, 872000, 872000
2015, RAJASTHAN, 8, BIKANER, 84, NOKHA, 1217, HINYADESAR, 262214, 1172643, Rural housing, 0, 0, 0, 0, 0, 0, 50000, 50000
2015, RAJASTHAN, 8, BIKANER, 84, NOKHA, 1217, HINYADESAR, 262214, 1172643, Total, 0, 0, 0, 0, 0, 0, 922000, 922000
2015, RAJASTHAN, 8, BIKANER, 84, NOKHA, 1217, JAISALSAR, 36146, 1171641, Drinking water, 0, 0, 0, 0, 0, 0, 1073000, 1073000
2015, RAJASTHAN, 8, BIKANER, 84, NOKHA, 1217, JAISALSAR, 36146, 1171641, Rural housing, 0, 0, 0, 0, 0, 0, 150000, 150000
2015, RAJASTHAN, 8, BIKANER, 84, NOKHA, 1217, JAISALSAR, 36146, 1171641, Total, 0, 0, 0, 0, 0, 0, 1223000, 1223000
2015, RAJASTHAN, 8, BIKANER, 84, NOKHA, 1217, JASRASAR, 36149, 1173275, Drinking water, 0, 0, 0, 0, 0, 0, 650000, 650000
2015, RAJASTHAN, 8, BIKANER, 84, NOKHA, 1217, JASRASAR, 36149, 1173275, Education, 0, 0, 0, 0, 0, 0, 250000, 250000
2015, RAJASTHAN, 8, BIKANER, 84, NOKHA, 1217, JASRASAR, 36149, 1173275, Rural housing, 0, 0, 0, 0, 0, 0, 250000, 250000
2015, RAJASTHAN, 8, BIKANER, 84, NOKHA, 1217, JASRASAR, 36149, 1173275, Total, 0, 0, 0, 0, 0, 0, 1150000, 1150000
2015, RAJASTHAN, 8, BIKANER, 84, NOKHA, 1217, JHARELI, 36151, 1172668, Drinking water, 0, 0, 0, 0, 0, 0, 1125000, 1125000
2015, RAJASTHAN, 8, BIKANER, 84, NOKHA, 1217, JHARELI, 36151, 1172668, Total, 0, 0, 0, 0, 0, 0, 1125000, 1125000
2015, RAJASTHAN, 8, BIKANER, 84, NOKHA, 1217, KAKRA, 36154, 1203148, Drinking water, 0, 0, 0, 0, 0, 0, 420000, 420000
2015, RAJASTHAN, 8, BIKANER, 84, NOKHA, 1217, KAKRA, 36154, 1203148, Total, 0, 0, 0, 0, 0, 0, 420000, 420000
2015, RAJASTHAN, 8, BIKANER, 84, NOKHA, 1217, KUCHOR AGUNI, 36156, 1172717, Drinking water, 0, 0, 0, 0, 0, 0, 1086000, 1086000
2015, RAJASTHAN, 8, BIKANER, 84, NOKHA, 1217, KUCHOR AGUNI, 36156, 1172717, Total, 0, 0, 0, 0, 0, 0, 1086000, 1086000
2015, RAJASTHAN, 8, BIKANER, 84, NOKHA, 1217, KUCHOR ATHUNI, 36157, 1172637, Drinking water, 0, 0, 0, 0, 0, 0, 700000, 700000
2015, RAJASTHAN, 8, BIKANER, 84, NOKHA, 1217, KUCHOR ATHUNI, 36157, 1172637, Total, 0, 0, 0, 0, 0, 0, 700000, 700000
2015, RAJASTHAN, 8, BIKANER, 84, NOKHA, 1217, LALAMDESAR BADA, 36159, 1173830, Drinking water, 0, 0, 0, 0, 0, 0, 1384000, 1384000
2015, RAJASTHAN, 8, BIKANER, 84, NOKHA, 1217, LALAMDESAR BADA, 36159, 1173830, Rural housing, 0, 0, 0, 0, 0, 0, 47000, 47000
2015, RAJASTHAN, 8, BIKANER, 84, NOKHA, 1217, LALAMDESAR BADA, 36159, 1173830, Total, 0, 0, 0, 0, 0, 0, 1431000, 1431000
2015, RAJASTHAN, 8, BIKANER, 84, NOKHA, 1217, LALAMDESAR chota, 262232, 1168172, Drinking water, 0, 0, 0, 0, 0, 0, 1427500, 1427500
2015, RAJASTHAN, 8, BIKANER, 84, NOKHA, 1217, LALAMDESAR chota, 262232, 1168172, Total, 0, 0, 0, 0, 0, 0, 1427500, 1427500
2015, RAJASTHAN, 8, BIKANER, 84, NOKHA, 1217, LALASAR, 262218, 1167760, Drinking water, 0, 0, 0, 0, 0, 0, 1500000, 1500000
2015, RAJASTHAN, 8, BIKANER, 84, NOKHA, 1217, LALASAR, 262218, 1167760, Total, 0, 0, 0, 0, 0, 0, 1500000, 1500000
2015, RAJASTHAN, 8, BIKANER, 84, NOKHA, 1217, MAINSAR, 36160, 1173854, Drinking water, 0, 0, 0, 0, 0, 0, 2347166, 2347166
2015, RAJASTHAN, 8, BIKANER, 84, NOKHA, 1217, MAINSAR, 36160, 1173854, Rural housing, 0, 0, 0, 0, 0, 0, 500000, 500000
2015, RAJASTHAN, 8, BIKANER, 84, NOKHA, 1217, MAINSAR, 36160, 1173854, Total, 0, 0, 0, 0, 0, 0, 2847166, 2847166
2015, RAJASTHAN, 8, BIKANER, 84, NOKHA, 1217, MASOORI, 36161, 1168687, Drinking water, 0, 0, 0, 0, 0, 0, 765000, 765000
2015, RAJASTHAN, 8, BIKANER, 84, NOKHA, 1217, MASOORI, 36161, 1168687, Rural housing, 0, 0, 0, 0, 0, 0, 400000, 400000
2015, RAJASTHAN, 8, BIKANER, 84, NOKHA, 1217, MASOORI, 36161, 1168687, Total, 0, 0, 0, 0, 0, 0, 1165000, 1165000
2015, RAJASTHAN, 8, BIKANER, 84, NOKHA, 1217, MORKHANA, 36162, 1172087, Drinking water, 0, 0, 0, 0, 0, 0, 250000, 250000
2015, RAJASTHAN, 8, BIKANER, 84, NOKHA, 1217, MORKHANA, 36162, 1172087, Total, 0, 0, 0, 0, 0, 0, 250000, 250000
2015, RAJASTHAN, 8, BIKANER, 84, NOKHA, 1217, MUKAM, 36163, 1173839, Drinking water, 0, 0, 0, 0, 0, 0, 1431000, 1431000
2015, RAJASTHAN, 8, BIKANER, 84, NOKHA, 1217, MUKAM, 36163, 1173839, Total, 0, 0, 0, 0, 0, 0, 1431000, 1431000
2015, RAJASTHAN, 8, BIKANER, 84, NOKHA, 1217, NOKHA GAON, 36165, 1201837, Drinking water, 0, 0, 0, 0, 0, 0, 800000, 800000
2015, RAJASTHAN, 8, BIKANER, 84, NOKHA, 1217, NOKHA GAON, 36165, 1201837, Sanitation, 0, 0, 0, 0, 0, 0, 989000, 989000
2015, RAJASTHAN, 8, BIKANER, 84, NOKHA, 1217, NOKHA GAON, 36165, 1201837, Total, 0, 0, 0, 0, 0, 0, 1789000, 1789000
2015, RAJASTHAN, 8, BIKANER, 84, NOKHA, 1217, RAISAR, 36168, 1172672, Roads, 0, 0, 0, 0, 0, 0, 500000, 500000
2015, RAJASTHAN, 8, BIKANER, 84, NOKHA, 1217, RAISAR, 36168, 1172672, Rural housing, 0, 0, 0, 0, 0, 0, 250000, 250000
2015, RAJASTHAN, 8, BIKANER, 84, NOKHA, 1217, RAISAR, 36168, 1172672, Total, 0, 0, 0, 0, 0, 0, 750000, 750000
2015, RAJASTHAN, 8, BIKANER, 84, NOKHA, 1217, RORA, 36170, 1175310, Rural housing, 0, 0, 0, 0, 0, 0, 150000, 150000
2015, RAJASTHAN, 8, BIKANER, 84, NOKHA, 1217, RORA, 36170, 1175310, Total, 0, 0, 0, 0, 0, 0, 150000, 150000
2015, RAJASTHAN, 8, BIKANER, 84, NOKHA, 1217, SADHASAR, 36171, 1172079, Roads, 0, 0, 0, 0, 0, 0, 1250000, 1250000
2015, RAJASTHAN, 8, BIKANER, 84, NOKHA, 1217, SADHASAR, 36171, 1172079, Total, 0, 0, 0, 0, 0, 0, 1250000, 1250000
2015, RAJASTHAN, 8, BIKANER, 84, NOKHA, 1217, SALUNDIYA, 36173, 1172661, Drinking water, 0, 0, 0, 0, 0, 0, 1011600, 1011600
2015, RAJASTHAN, 8, BIKANER, 84, NOKHA, 1217, SALUNDIYA, 36173, 1172661, Total, 0, 0, 0, 0, 0, 0, 1011600, 1011600
2015, RAJASTHAN, 8, BIKANER, 84, NOKHA, 1217, SINJGURU, 36175, 1173221, Roads, 0, 0, 0, 0, 0, 0, 1830000, 1830000
2015, RAJASTHAN, 8, BIKANER, 84, NOKHA, 1217, SINJGURU, 36175, 1173221, Rural housing, 0, 0, 0, 0, 0, 0, 200000, 200000
2015, RAJASTHAN, 8, BIKANER, 84, NOKHA, 1217, SINJGURU, 36175, 1173221, Total, 0, 0, 0, 0, 0, 0, 2030000, 2030000
2015, RAJASTHAN, 8, BIKANER, 84, NOKHA, 1217, SINYALA, 36176, 1200488, Drinking water, 0, 0, 0, 0, 0, 0, 250000, 250000
2015, RAJASTHAN, 8, BIKANER, 84, NOKHA, 1217, SINYALA, 36176, 1200488, Sanitation, 0, 0, 0, 0, 0, 0, 250000, 250000
2015, RAJASTHAN, 8, BIKANER, 84, NOKHA, 1217, SINYALA, 36176, 1200488, Total, 0, 0, 0, 0, 0, 0, 500000, 500000
2015, RAJASTHAN, 8, BIKANER, 84, NOKHA, 1217, SOMALSAR, 36177, 1203163, Drinking water, 0, 0, 0, 0, 0, 0, 284800, 284800
2015, RAJASTHAN, 8, BIKANER, 84, NOKHA, 1217, SOMALSAR, 36177, 1203163, Total, 0, 0, 0, 0, 0, 0, 284800, 284800
2015, RAJASTHAN, 8, BIKANER, 84, NOKHA, 1217, SURPURA, 36178, 1201956, Drinking water, 0, 0, 0, 0, 0, 0, 350000, 350000
2015, RAJASTHAN, 8, BIKANER, 84, NOKHA, 1217, SURPURA, 36178, 1201956, Total, 0, 0, 0, 0, 0, 0, 350000, 350000
2015, RAJASTHAN, 8, BIKANER, 84, NOKHA, 1217, THAWARIA, 36180, 1172629, Drinking water, 0, 0, 0, 0, 0, 0, 470000, 470000
2015, RAJASTHAN, 8, BIKANER, 84, NOKHA, 1217, THAWARIA, 36180, 1172629, Total, 0, 0, 0, 0, 0, 0, 470000, 470000
2015, RAJASTHAN, 8, BIKANER, 84, NOKHA, 1217, UDSAR, 36182, 1199187, Drinking water, 0, 0, 0, 0, 0, 0, 562000, 562000
2015, RAJASTHAN, 8, BIKANER, 84, NOKHA, 1217, UDSAR, 36182, 1199187, Total, 0, 0, 0, 0, 0, 0, 562000, 562000
2015, RAJASTHAN, 8, BIKANER, 84, NOKHA, 1217, ankhisar, 262208, 1201898, Drinking water, 0, 0, 0, 0, 0, 0, 850000, 850000
2015, RAJASTHAN, 8, BIKANER, 84, NOKHA, 1217, ankhisar, 262208, 1201898, Total, 0, 0, 0, 0, 0, 0, 850000, 850000
2015, RAJASTHAN, 8, BIKANER, 84, PANCHOO, 262410, BANDHALA, 262334, 1174953, Drinking water, 0, 0, 0, 0, 0, 0, 239000, 239000
2015, RAJASTHAN, 8, BIKANER, 84, PANCHOO, 262410, BANDHALA, 262334, 1174953, Sanitation, 0, 0, 0, 0, 0, 0, 783000, 783000
2015, RAJASTHAN, 8, BIKANER, 84, PANCHOO, 262410, BANDHALA, 262334, 1174953, Total, 0, 0, 0, 0, 0, 0, 1022000, 1022000
2015, RAJASTHAN, 8, BIKANER, 84, PANCHOO, 262410, BANDHRA, 36132, 1189872, Health, 0, 0, 0, 0, 0, 0, 700000, 700000
2015, RAJASTHAN, 8, BIKANER, 84, PANCHOO, 262410, BANDHRA, 36132, 1189872, Sanitation, 0, 0, 0, 0, 0, 0, 65000, 65000
2015, RAJASTHAN, 8, BIKANER, 84, PANCHOO, 262410, BANDHRA, 36132, 1189872, Total, 0, 0, 0, 0, 0, 0, 765000, 765000
2015, RAJASTHAN, 8, BIKANER, 84, PANCHOO, 262410, BHADLA, 36134, 1180254, Drinking water, 0, 0, 0, 0, 0, 0, 2844000, 2844000
2015, RAJASTHAN, 8, BIKANER, 84, PANCHOO, 262410, BHADLA, 36134, 1180254, Sanitation, 0, 0, 0, 0, 0, 0, 100000, 100000
2015, RAJASTHAN, 8, BIKANER, 84, PANCHOO, 262410, BHADLA, 36134, 1180254, Total, 0, 0, 0, 0, 0, 0, 2944000, 2944000
2015, RAJASTHAN, 8, BIKANER, 84, PANCHOO, 262410, BHAMATSAR, 36135, 1183316, Drinking water, 0, 0, 0, 0, 0, 0, 596501, 596501
2015, RAJASTHAN, 8, BIKANER, 84, PANCHOO, 262410, BHAMATSAR, 36135, 1183316, Khadi, 0, 0, 0, 0, 0, 0, 29949, 29949
2015, RAJASTHAN, 8, BIKANER, 84, PANCHOO, 262410, BHAMATSAR, 36135, 1183316, Sanitation, 0, 0, 0, 0, 0, 0, 295385, 295385
2015, RAJASTHAN, 8, BIKANER, 84, PANCHOO, 262410, BHAMATSAR, 36135, 1183316, Total, 0, 0, 0, 0, 0, 0, 921835, 921835
2015, RAJASTHAN, 8, BIKANER, 84, PANCHOO, 262410, CHITANA, 262326, 1180270, Drinking water, 0, 0, 0, 0, 0, 0, 640000, 640000
2015, RAJASTHAN, 8, BIKANER, 84, PANCHOO, 262410, CHITANA, 262326, 1180270, Total, 0, 0, 0, 0, 0, 0, 640000, 640000
2015, RAJASTHAN, 8, BIKANER, 84, PANCHOO, 262410, DAWA, 36139, 1183889, Drinking water, 0, 0, 0, 0, 0, 0, 1146000, 1146000
2015, RAJASTHAN, 8, BIKANER, 84, PANCHOO, 262410, DAWA, 36139, 1183889, Sanitation, 0, 0, 0, 0, 0, 0, 34000, 34000
2015, RAJASTHAN, 8, BIKANER, 84, PANCHOO, 262410, DAWA, 36139, 1183889, Total, 0, 0, 0, 0, 0, 0, 1180000, 1180000
2015, RAJASTHAN, 8, BIKANER, 84, PANCHOO, 262410, DESALSAR, 36140, 1194173, Drinking water, 0, 0, 0, 0, 0, 0, 1360000, 1360000
2015, RAJASTHAN, 8, BIKANER, 84, PANCHOO, 262410, DESALSAR, 36140, 1194173, Total, 0, 0, 0, 0, 0, 0, 1360000, 1360000
2015, RAJASTHAN, 8, BIKANER, 84, PANCHOO, 262410, DHARNOK, 36141, 1190031, Health, 0, 0, 0, 0, 0, 0, 710000, 710000
2015, RAJASTHAN, 8, BIKANER, 84, PANCHOO, 262410, DHARNOK, 36141, 1190031, Total, 0, 0, 0, 0, 0, 0, 710000, 710000
2015, RAJASTHAN, 8, BIKANER, 84, PANCHOO, 262410, DHEENGSARI, 36142, 1183144, Roads, 0, 0, 0, 0, 0, 0, 1176487, 1176487
2015, RAJASTHAN, 8, BIKANER, 84, PANCHOO, 262410, DHEENGSARI, 36142, 1183144, Rural housing, 0, 0, 0, 0, 0, 0, 248457, 248457
2015, RAJASTHAN, 8, BIKANER, 84, PANCHOO, 262410, DHEENGSARI, 36142, 1183144, Sanitation, 0, 0, 0, 0, 0, 0, 701677, 701677
2015, RAJASTHAN, 8, BIKANER, 84, PANCHOO, 262410, DHEENGSARI, 36142, 1183144, Total, 0, 0, 0, 0, 0, 0, 2126621, 2126621
2015, RAJASTHAN, 8, BIKANER, 84, PANCHOO, 262410, HANSASAR, 36144, 1183291, Drinking water, 0, 0, 0, 0, 0, 0, 1746499, 1746499
2015, RAJASTHAN, 8, BIKANER, 84, PANCHOO, 262410, HANSASAR, 36144, 1183291, Sanitation, 0, 0, 0, 0, 0, 0, 178361, 178361
2015, RAJASTHAN, 8, BIKANER, 84, PANCHOO, 262410, HANSASAR, 36144, 1183291, Total, 0, 0, 0, 0, 0, 0, 1924860, 1924860
2015, RAJASTHAN, 8, BIKANER, 84, PANCHOO, 262410, JAISINGHDESAR MAGRA, 36147, 1187492, Drinking water, 0, 0, 0, 0, 0, 0, 2238040, 2238040
2015, RAJASTHAN, 8, BIKANER, 84, PANCHOO, 262410, JAISINGHDESAR MAGRA, 36147, 1187492, Total, 0, 0, 0, 0, 0, 0, 2238040, 2238040
2015, RAJASTHAN, 8, BIKANER, 84, PANCHOO, 262410, JANGLOO, 36148, 1177346, Drinking water, 0, 0, 0, 0, 0, 0, 539210, 539210
2015, RAJASTHAN, 8, BIKANER, 84, PANCHOO, 262410, JANGLOO, 36148, 1177346, Sanitation, 0, 0, 0, 0, 0, 0, 131950, 131950
2015, RAJASTHAN, 8, BIKANER, 84, PANCHOO, 262410, JANGLOO, 36148, 1177346, Total, 0, 0, 0, 0, 0, 0, 671160, 671160
2015, RAJASTHAN, 8, BIKANER, 84, PANCHOO, 262410, JEGLA, 36150, 1177329, Health, 0, 0, 0, 0, 0, 0, 93000, 93000
2015, RAJASTHAN, 8, BIKANER, 84, PANCHOO, 262410, JEGLA, 36150, 1177329, Sanitation, 0, 0, 0, 0, 0, 0, 110000, 110000
2015, RAJASTHAN, 8, BIKANER, 84, PANCHOO, 262410, JEGLA, 36150, 1177329, Total, 0, 0, 0, 0, 0, 0, 203000, 203000
2015, RAJASTHAN, 8, BIKANER, 84, PANCHOO, 262410, KAHIRA, 36152, 1188823, Drinking water, 0, 0, 0, 0, 0, 0, 1050000, 1050000
2015, RAJASTHAN, 8, BIKANER, 84, PANCHOO, 262410, KAHIRA, 36152, 1188823, Total, 0, 0, 0, 0, 0, 0, 1050000, 1050000
2015, RAJASTHAN, 8, BIKANER, 84, PANCHOO, 262410, KAKKOO, 36153, 1198067, Drinking water, 0, 0, 0, 0, 0, 0, 1150000, 1150000
2015, RAJASTHAN, 8, BIKANER, 84, PANCHOO, 262410, KAKKOO, 36153, 1198067, Total, 0, 0, 0, 0, 0, 0, 1150000, 1150000
2015, RAJASTHAN, 8, BIKANER, 84, PANCHOO, 262410, KANVLISAR, 262302, 1188833, Drinking water, 0, 0, 0, 0, 0, 0, 1500000, 1500000
2015, RAJASTHAN, 8, BIKANER, 84, PANCHOO, 262410, KANVLISAR, 262302, 1188833, Total, 0, 0, 0, 0, 0, 0, 1500000, 1500000
2015, RAJASTHAN, 8, BIKANER, 84, PANCHOO, 262410, KISHNASAR, 36155, 1181378, Drinking water, 0, 0, 0, 0, 0, 0, 337000, 337000
2015, RAJASTHAN, 8, BIKANER, 84, PANCHOO, 262410, KISHNASAR, 36155, 1181378, Sanitation, 0, 0, 0, 0, 0, 0, 537000, 537000
2015, RAJASTHAN, 8, BIKANER, 84, PANCHOO, 262410, KISHNASAR, 36155, 1181378, Total, 0, 0, 0, 0, 0, 0, 874000, 874000
2015, RAJASTHAN, 8, BIKANER, 84, PANCHOO, 262410, KUDSU, 36158, 1189963, Drinking water, 0, 0, 0, 0, 0, 0, 850000, 850000
2015, RAJASTHAN, 8, BIKANER, 84, PANCHOO, 262410, KUDSU, 36158, 1189963, Total, 0, 0, 0, 0, 0, 0, 850000, 850000
2015, RAJASTHAN, 8, BIKANER, 84, PANCHOO, 262410, NATHUSAR, 36164, 1183877, Drinking water, 0, 0, 0, 0, 0, 0, 1593000, 1593000
2015, RAJASTHAN, 8, BIKANER, 84, PANCHOO, 262410, NATHUSAR, 36164, 1183877, Total, 0, 0, 0, 0, 0, 0, 1593000, 1593000
2015, RAJASTHAN, 8, BIKANER, 84, PANCHOO, 262410, PANCHOO, 36166, 1180219, Drinking water, 0, 0, 0, 0, 0, 0, 1851000, 1851000
2015, RAJASTHAN, 8, BIKANER, 84, PANCHOO, 262410, PANCHOO, 36166, 1180219, Sanitation, 0, 0, 0, 0, 0, 0, 904000, 904000
2015, RAJASTHAN, 8, BIKANER, 84, PANCHOO, 262410, PANCHOO, 36166, 1180219, Total, 0, 0, 0, 0, 0, 0, 2755000, 2755000
2015, RAJASTHAN, 8, BIKANER, 84, PANCHOO, 262410, PARWA, 36167, 1187140, Drinking water, 0, 0, 0, 0, 0, 0, 997000, 997000
2015, RAJASTHAN, 8, BIKANER, 84, PANCHOO, 262410, PARWA, 36167, 1187140, Total, 0, 0, 0, 0, 0, 0, 997000, 997000
2015, RAJASTHAN, 8, BIKANER, 84, PANCHOO, 262410, RASISAR, 36169, 1183826, Drinking water, 0, 0, 0, 0, 0, 0, 1541153, 1541153
2015, RAJASTHAN, 8, BIKANER, 84, PANCHOO, 262410, RASISAR, 36169, 1183826, Sanitation, 0, 0, 0, 0, 0, 0, 950574, 950574
2015, RAJASTHAN, 8, BIKANER, 84, PANCHOO, 262410, RASISAR, 36169, 1183826, Total, 0, 0, 0, 0, 0, 0, 2491727, 2491727
2015, RAJASTHAN, 8, BIKANER, 84, PANCHOO, 262410, Ratdiya, 262331, 1183161, Drinking water, 0, 0, 0, 0, 0, 0, 726000, 726000
2015, RAJASTHAN, 8, BIKANER, 84, PANCHOO, 262410, Ratdiya, 262331, 1183161, Sanitation, 0, 0, 0, 0, 0, 0, 70000, 70000
2015, RAJASTHAN, 8, BIKANER, 84, PANCHOO, 262410, Ratdiya, 262331, 1183161, Total, 0, 0, 0, 0, 0, 0, 796000, 796000
2015, RAJASTHAN, 8, BIKANER, 84, PANCHOO, 262410, SADHUNA, 36172, 1183260, Drinking water, 0, 0, 0, 0, 0, 0, 1249000, 1249000
2015, RAJASTHAN, 8, BIKANER, 84, PANCHOO, 262410, SADHUNA, 36172, 1183260, Total, 0, 0, 0, 0, 0, 0, 1249000, 1249000
2015, RAJASTHAN, 8, BIKANER, 84, PANCHOO, 262410, SAISAR, 262333, 1168930, Drinking water, 0, 0, 0, 0, 0, 0, 1163000, 1163000
2015, RAJASTHAN, 8, BIKANER, 84, PANCHOO, 262410, SAISAR, 262333, 1168930, Total, 0, 0, 0, 0, 0, 0, 1163000, 1163000
2015, RAJASTHAN, 8, BIKANER, 84, PANCHOO, 262410, SARUNDA, 36174, 1183217, Drinking water, 0, 0, 0, 0, 0, 0, 3434000, 3434000
2015, RAJASTHAN, 8, BIKANER, 84, PANCHOO, 262410, SARUNDA, 36174, 1183217, Sanitation, 0, 0, 0, 0, 0, 0, 818000, 818000
2015, RAJASTHAN, 8, BIKANER, 84, PANCHOO, 262410, SARUNDA, 36174, 1183217, Total, 0, 0, 0, 0, 0, 0, 4252000, 4252000
2015, RAJASTHAN, 8, BIKANER, 84, PANCHOO, 262410, SHOBHANA, 262320, 1203251, Drinking water, 0, 0, 0, 0, 0, 0, 100000, 100000
2015, RAJASTHAN, 8, BIKANER, 84, PANCHOO, 262410, SHOBHANA, 262320, 1203251, Sanitation, 0, 0, 0, 0, 0, 0, 190000, 190000
2015, RAJASTHAN, 8, BIKANER, 84, PANCHOO, 262410, SHOBHANA, 262320, 1203251, Total, 0, 0, 0, 0, 0, 0, 290000, 290000
2015, RAJASTHAN, 8, BIKANER, 84, PANCHOO, 262410, SILVA, 262318, 1183269, Drinking water, 0, 0, 0, 0, 0, 0, 560000, 560000
2015, RAJASTHAN, 8, BIKANER, 84, PANCHOO, 262410, SILVA, 262318, 1183269, Roads, 0, 0, 0, 0, 0, 0, 800000, 800000
2015, RAJASTHAN, 8, BIKANER, 84, PANCHOO, 262410, SILVA, 262318, 1183269, Sanitation, 0, 0, 0, 0, 0, 0, 115000, 115000
2015, RAJASTHAN, 8, BIKANER, 84, PANCHOO, 262410, SILVA, 262318, 1183269, Total, 0, 0, 0, 0, 0, 0, 1475000, 1475000
2015, RAJASTHAN, 8, BIKANER, 84, PANCHOO, 262410, SWAROOPSAR, 36179, 1190063, Roads, 0, 0, 0, 0, 0, 0, 2, 2
2015, RAJASTHAN, 8, BIKANER, 84, PANCHOO, 262410, SWAROOPSAR, 36179, 1190063, Total, 0, 0, 0, 0, 0, 0, 2, 2
2015, RAJASTHAN, 8, BIKANER, 84, PANCHOO, 262410, UDASAR, 36181, 1183758, Animal husbandry, 0, 0, 0, 0, 0, 0, 54000, 54000
2015, RAJASTHAN, 8, BIKANER, 84, PANCHOO, 262410, UDASAR, 36181, 1183758, Drinking water, 0, 0, 0, 0, 0, 0, 1847000, 1847000
2015, RAJASTHAN, 8, BIKANER, 84, PANCHOO, 262410, UDASAR, 36181, 1183758, Sanitation, 0, 0, 0, 0, 0, 0, 296000, 296000
2015, RAJASTHAN, 8, BIKANER, 84, PANCHOO, 262410, UDASAR, 36181, 1183758, Total, 0, 0, 0, 0, 0, 0, 2197000, 2197000
2015, RAJASTHAN, 8, BIKANER, 84, SRI DUNGARGARH, 1218, ADSAR, 36183, 1166013, Drinking water, 0, 0, 0, 0, 0, 0, 70000, 70000
2015, RAJASTHAN, 8, BIKANER, 84, SRI DUNGARGARH, 1218, ADSAR, 36183, 1166013, Total, 0, 0, 0, 0, 0, 0, 70000, 70000
2015, RAJASTHAN, 8, BIKANER, 84, SRI DUNGARGARH, 1218, BADELA, 36184, 1166972, Roads, 0, 0, 0, 0, 0, 0, 1431000, 1431000
2015, RAJASTHAN, 8, BIKANER, 84, SRI DUNGARGARH, 1218, BADELA, 36184, 1166972, Total, 0, 0, 0, 0, 0, 0, 1431000, 1431000
2015, RAJASTHAN, 8, BIKANER, 84, SRI DUNGARGARH, 1218, BANA, 36185, 1166551, Roads, 0, 0, 0, 0, 0, 0, 484000, 484000
2015, RAJASTHAN, 8, BIKANER, 84, SRI DUNGARGARH, 1218, BANA, 36185, 1166551, Total, 0, 0, 0, 0, 0, 0, 484000, 484000
2015, RAJASTHAN, 8, BIKANER, 84, SRI DUNGARGARH, 1218, BAPEU, 36186, 1158581, Drinking water, 0, 0, 0, 0, 0, 0, 324000, 324000
2015, RAJASTHAN, 8, BIKANER, 84, SRI DUNGARGARH, 1218, BAPEU, 36186, 1158581, Roads, 0, 0, 0, 0, 0, 0, 494000, 494000
2015, RAJASTHAN, 8, BIKANER, 84, SRI DUNGARGARH, 1218, BAPEU, 36186, 1158581, Sanitation, 0, 0, 0, 0, 0, 0, 153000, 153000
2015, RAJASTHAN, 8, BIKANER, 84, SRI DUNGARGARH, 1218, BAPEU, 36186, 1158581, Total, 0, 0, 0, 0, 0, 0, 971000, 971000
2015, RAJASTHAN, 8, BIKANER, 84, SRI DUNGARGARH, 1218, BARJANGSAR, 36187, 1189330, Sanitation, 0, 0, 0, 0, 0, 0, 699000, 699000
2015, RAJASTHAN, 8, BIKANER, 84, SRI DUNGARGARH, 1218, BARJANGSAR, 36187, 1189330, Total, 0, 0, 0, 0, 0, 0, 699000, 699000
2015, RAJASTHAN, 8, BIKANER, 84, SRI DUNGARGARH, 1218, BENISAR, 262141, 1142700, Drinking water, 0, 0, 0, 0, 0, 0, 126000, 126000
2015, RAJASTHAN, 8, BIKANER, 84, SRI DUNGARGARH, 1218, BENISAR, 262141, 1142700, Sanitation, 0, 0, 0, 0, 0, 0, 233000, 233000
2015, RAJASTHAN, 8, BIKANER, 84, SRI DUNGARGARH, 1218, BENISAR, 262141, 1142700, Total, 0, 0, 0, 0, 0, 0, 359000, 359000
2015, RAJASTHAN, 8, BIKANER, 84, SRI DUNGARGARH, 1218, BIGGA, 36188, 1161364, Drinking water, 0, 0, 0, 0, 0, 0, 220000, 220000
2015, RAJASTHAN, 8, BIKANER, 84, SRI DUNGARGARH, 1218, BIGGA, 36188, 1161364, Rural housing, 0, 0, 0, 0, 0, 0, 35000, 35000
2015, RAJASTHAN, 8, BIKANER, 84, SRI DUNGARGARH, 1218, BIGGA, 36188, 1161364, Sanitation, 0, 0, 0, 0, 0, 0, 86000, 86000
2015, RAJASTHAN, 8, BIKANER, 84, SRI DUNGARGARH, 1218, BIGGA, 36188, 1161364, Total, 0, 0, 0, 0, 0, 0, 341000, 341000
2015, RAJASTHAN, 8, BIKANER, 84, SRI DUNGARGARH, 1218, BINJHASAR, 36189, 1144549, Roads, 0, 0, 0, 0, 0, 0, 739000, 739000
2015, RAJASTHAN, 8, BIKANER, 84, SRI DUNGARGARH, 1218, BINJHASAR, 36189, 1144549, Total, 0, 0, 0, 0, 0, 0, 739000, 739000
2015, RAJASTHAN, 8, BIKANER, 84, SRI DUNGARGARH, 1218, Bigga Bass Ramsara, 262147, 1175619, Drinking water, 0, 0, 0, 0, 0, 0, 426000, 426000
2015, RAJASTHAN, 8, BIKANER, 84, SRI DUNGARGARH, 1218, Bigga Bass Ramsara, 262147, 1175619, Roads, 0, 0, 0, 0, 0, 0, 382000, 382000
2015, RAJASTHAN, 8, BIKANER, 84, SRI DUNGARGARH, 1218, Bigga Bass Ramsara, 262147, 1175619, Total, 0, 0, 0, 0, 0, 0, 808000, 808000
2015, RAJASTHAN, 8, BIKANER, 84, SRI DUNGARGARH, 1218, DERAJSAR, 262137, 1166018, Roads, 0, 0, 0, 0, 0, 0, 471000, 471000
2015, RAJASTHAN, 8, BIKANER, 84, SRI DUNGARGARH, 1218, DERAJSAR, 262137, 1166018, Total, 0, 0, 0, 0, 0, 0, 471000, 471000
2015, RAJASTHAN, 8, BIKANER, 84, SRI DUNGARGARH, 1218, DHARMAS, 36190, 1194907, Drinking water, 0, 0, 0, 0, 0, 0, 648000, 648000
2015, RAJASTHAN, 8, BIKANER, 84, SRI DUNGARGARH, 1218, DHARMAS, 36190, 1194907, Roads, 0, 0, 0, 0, 0, 0, 498000, 498000
2015, RAJASTHAN, 8, BIKANER, 84, SRI DUNGARGARH, 1218, DHARMAS, 36190, 1194907, Total, 0, 0, 0, 0, 0, 0, 1146000, 1146000
2015, RAJASTHAN, 8, BIKANER, 84, SRI DUNGARGARH, 1218, DHEERDESAR CHOTIYAN, 36191, 1176277, Roads, 0, 0, 0, 0, 0, 0, 994000, 994000
2015, RAJASTHAN, 8, BIKANER, 84, SRI DUNGARGARH, 1218, DHEERDESAR CHOTIYAN, 36191, 1176277, Total, 0, 0, 0, 0, 0, 0, 994000, 994000
2015, RAJASTHAN, 8, BIKANER, 84, SRI DUNGARGARH, 1218, DULCHASAR, 36192, 1143853, Sanitation, 0, 0, 0, 0, 0, 0, 110000, 110000
2015, RAJASTHAN, 8, BIKANER, 84, SRI DUNGARGARH, 1218, DULCHASAR, 36192, 1143853, Total, 0, 0, 0, 0, 0, 0, 110000, 110000
2015, RAJASTHAN, 8, BIKANER, 84, SRI DUNGARGARH, 1218, DUSARNA PANDRIK JI, 36193, 1143000, Drinking water, 0, 0, 0, 0, 0, 0, 110000, 110000
2015, RAJASTHAN, 8, BIKANER, 84, SRI DUNGARGARH, 1218, DUSARNA PANDRIK JI, 36193, 1143000, Roads, 0, 0, 0, 0, 0, 0, 828000, 828000
2015, RAJASTHAN, 8, BIKANER, 84, SRI DUNGARGARH, 1218, DUSARNA PANDRIK JI, 36193, 1143000, Total, 0, 0, 0, 0, 0, 0, 938000, 938000
2015, RAJASTHAN, 8, BIKANER, 84, SRI DUNGARGARH, 1218, Dhaneru, 262148, 1175622, Roads, 0, 0, 0, 0, 0, 0, 765000, 765000
2015, RAJASTHAN, 8, BIKANER, 84, SRI DUNGARGARH, 1218, Dhaneru, 262148, 1175622, Total, 0, 0, 0, 0, 0, 0, 765000, 765000
2015, RAJASTHAN, 8, BIKANER, 84, SRI DUNGARGARH, 1218, GUSAINSAR BADA, 36194, 1146527, Drinking water, 0, 0, 0, 0, 0, 0, 295000, 295000
2015, RAJASTHAN, 8, BIKANER, 84, SRI DUNGARGARH, 1218, GUSAINSAR BADA, 36194, 1146527, Roads, 0, 0, 0, 0, 0, 0, 1958000, 1958000
2015, RAJASTHAN, 8, BIKANER, 84, SRI DUNGARGARH, 1218, GUSAINSAR BADA, 36194, 1146527, Total, 0, 0, 0, 0, 0, 0, 2253000, 2253000
2015, RAJASTHAN, 8, BIKANER, 84, SRI DUNGARGARH, 1218, INDPALSAR SANKHALAN, 36195, 1171210, Drinking water, 0, 0, 0, 0, 0, 0, 1701000, 1701000
2015, RAJASTHAN, 8, BIKANER, 84, SRI DUNGARGARH, 1218, INDPALSAR SANKHALAN, 36195, 1171210, Roads, 0, 0, 0, 0, 0, 0, 996000, 996000
2015, RAJASTHAN, 8, BIKANER, 84, SRI DUNGARGARH, 1218, INDPALSAR SANKHALAN, 36195, 1171210, Total, 0, 0, 0, 0, 0, 0, 2697000, 2697000
2015, RAJASTHAN, 8, BIKANER, 84, SRI DUNGARGARH, 1218, JAISALSAR, 262139, 1176110, Drinking water, 0, 0, 0, 0, 0, 0, 666000, 666000
2015, RAJASTHAN, 8, BIKANER, 84, SRI DUNGARGARH, 1218, JAISALSAR, 262139, 1176110, Roads, 0, 0, 0, 0, 0, 0, 781000, 781000
2015, RAJASTHAN, 8, BIKANER, 84, SRI DUNGARGARH, 1218, JAISALSAR, 262139, 1176110, Total, 0, 0, 0, 0, 0, 0, 1447000, 1447000
2015, RAJASTHAN, 8, BIKANER, 84, SRI DUNGARGARH, 1218, JALABSAR, 262136, 1161408, Drinking water, 0, 0, 0, 0, 0, 0, 248000, 248000
2015, RAJASTHAN, 8, BIKANER, 84, SRI DUNGARGARH, 1218, JALABSAR, 262136, 1161408, Roads, 0, 0, 0, 0, 0, 0, 349000, 349000
2015, RAJASTHAN, 8, BIKANER, 84, SRI DUNGARGARH, 1218, JALABSAR, 262136, 1161408, Total, 0, 0, 0, 0, 0, 0, 597000, 597000
2015, RAJASTHAN, 8, BIKANER, 84, SRI DUNGARGARH, 1218, JHAKHASAR, 36196, 1213105, Drinking water, 0, 0, 0, 0, 0, 0, 183000, 183000
2015, RAJASTHAN, 8, BIKANER, 84, SRI DUNGARGARH, 1218, JHAKHASAR, 36196, 1213105, Total, 0, 0, 0, 0, 0, 0, 183000, 183000
2015, RAJASTHAN, 8, BIKANER, 84, SRI DUNGARGARH, 1218, JODHASAR, 36197, 1175461, Cultural activities, 0, 0, 0, 0, 0, 0, 585000, 585000
2015, RAJASTHAN, 8, BIKANER, 84, SRI DUNGARGARH, 1218, JODHASAR, 36197, 1175461, Drinking water, 0, 0, 0, 0, 0, 0, 453000, 453000
2015, RAJASTHAN, 8, BIKANER, 84, SRI DUNGARGARH, 1218, JODHASAR, 36197, 1175461, Roads, 0, 0, 0, 0, 0, 0, 697000, 697000
2015, RAJASTHAN, 8, BIKANER, 84, SRI DUNGARGARH, 1218, JODHASAR, 36197, 1175461, Total, 0, 0, 0, 0, 0, 0, 1735000, 1735000
2015, RAJASTHAN, 8, BIKANER, 84, SRI DUNGARGARH, 1218, KALAYANSAR NAYA, 262146, 1170969, Roads, 0, 0, 0, 0, 0, 0, 1178000, 1178000
2015, RAJASTHAN, 8, BIKANER, 84, SRI DUNGARGARH, 1218, KALAYANSAR NAYA, 262146, 1170969, Total, 0, 0, 0, 0, 0, 0, 1178000, 1178000
2015, RAJASTHAN, 8, BIKANER, 84, SRI DUNGARGARH, 1218, KITASAR BHATIYAN, 36198, 1191943, Roads, 0, 0, 0, 0, 0, 0, 870000, 870000
2015, RAJASTHAN, 8, BIKANER, 84, SRI DUNGARGARH, 1218, KITASAR BHATIYAN, 36198, 1191943, Sanitation, 0, 0, 0, 0, 0, 0, 35000, 35000
2015, RAJASTHAN, 8, BIKANER, 84, SRI DUNGARGARH, 1218, KITASAR BHATIYAN, 36198, 1191943, Total, 0, 0, 0, 0, 0, 0, 905000, 905000
2015, RAJASTHAN, 8, BIKANER, 84, SRI DUNGARGARH, 1218, LAKHASAR, 36199, 1160265, Drinking water, 0, 0, 0, 0, 0, 0, 292000, 292000
2015, RAJASTHAN, 8, BIKANER, 84, SRI DUNGARGARH, 1218, LAKHASAR, 36199, 1160265, Sanitation, 0, 0, 0, 0, 0, 0, 69000, 69000
2015, RAJASTHAN, 8, BIKANER, 84, SRI DUNGARGARH, 1218, LAKHASAR, 36199, 1160265, Total, 0, 0, 0, 0, 0, 0, 361000, 361000
2015, RAJASTHAN, 8, BIKANER, 84, SRI DUNGARGARH, 1218, LIKHMADESAR, 36200, 1158886, Roads, 0, 0, 0, 0, 0, 0, 924000, 924000
2015, RAJASTHAN, 8, BIKANER, 84, SRI DUNGARGARH, 1218, LIKHMADESAR, 36200, 1158886, Total, 0, 0, 0, 0, 0, 0, 924000, 924000
2015, RAJASTHAN, 8, BIKANER, 84, SRI DUNGARGARH, 1218, Likhamisar Dikhnada, 262143, 1189377, Drinking water, 0, 0, 0, 0, 0, 0, 822000, 822000
2015, RAJASTHAN, 8, BIKANER, 84, SRI DUNGARGARH, 1218, Likhamisar Dikhnada, 262143, 1189377, Roads, 0, 0, 0, 0, 0, 0, 1737000, 1737000
2015, RAJASTHAN, 8, BIKANER, 84, SRI DUNGARGARH, 1218, Likhamisar Dikhnada, 262143, 1189377, Sanitation, 0, 0, 0, 0, 0, 0, 932000, 932000
2015, RAJASTHAN, 8, BIKANER, 84, SRI DUNGARGARH, 1218, Likhamisar Dikhnada, 262143, 1189377, Total, 0, 0, 0, 0, 0, 0, 3491000, 3491000
2015, RAJASTHAN, 8, BIKANER, 84, SRI DUNGARGARH, 1218, MOMASAR, 36201, 1166543, Drinking water, 0, 0, 0, 0, 0, 0, 405000, 405000
2015, RAJASTHAN, 8, BIKANER, 84, SRI DUNGARGARH, 1218, MOMASAR, 36201, 1166543, Roads, 0, 0, 0, 0, 0, 0, 1201000, 1201000
2015, RAJASTHAN, 8, BIKANER, 84, SRI DUNGARGARH, 1218, MOMASAR, 36201, 1166543, Total, 0, 0, 0, 0, 0, 0, 1606000, 1606000
2015, RAJASTHAN, 8, BIKANER, 84, SRI DUNGARGARH, 1218, POONRASAR, 36202, 1161346, Roads, 0, 0, 0, 0, 0, 0, 2036000, 2036000
2015, RAJASTHAN, 8, BIKANER, 84, SRI DUNGARGARH, 1218, POONRASAR, 36202, 1161346, Total, 0, 0, 0, 0, 0, 0, 2036000, 2036000
2015, RAJASTHAN, 8, BIKANER, 84, SRI DUNGARGARH, 1218, PUNDALSAR, 262140, 1192454, Sanitation, 0, 0, 0, 0, 0, 0, 28900, 28900
2015, RAJASTHAN, 8, BIKANER, 84, SRI DUNGARGARH, 1218, PUNDALSAR, 262140, 1192454, Total, 0, 0, 0, 0, 0, 0, 28900, 28900
2015, RAJASTHAN, 8, BIKANER, 84, SRI DUNGARGARH, 1218, RIDI, 36203, 1167720, Drinking water, 0, 0, 0, 0, 0, 0, 505000, 505000
2015, RAJASTHAN, 8, BIKANER, 84, SRI DUNGARGARH, 1218, RIDI, 36203, 1167720, Land improvement, 0, 0, 0, 0, 0, 0, 250000, 250000
2015, RAJASTHAN, 8, BIKANER, 84, SRI DUNGARGARH, 1218, RIDI, 36203, 1167720, Roads, 0, 0, 0, 0, 0, 0, 3421000, 3421000
2015, RAJASTHAN, 8, BIKANER, 84, SRI DUNGARGARH, 1218, RIDI, 36203, 1167720, Sanitation, 0, 0, 0, 0, 0, 0, 949000, 949000
2015, RAJASTHAN, 8, BIKANER, 84, SRI DUNGARGARH, 1218, RIDI, 36203, 1167720, Total, 0, 0, 0, 0, 0, 0, 5125000, 5125000
2015, RAJASTHAN, 8, BIKANER, 84, SRI DUNGARGARH, 1218, Rajedu, 262149, 1158413, Drinking water, 0, 0, 0, 0, 0, 0, 1088000, 1088000
2015, RAJASTHAN, 8, BIKANER, 84, SRI DUNGARGARH, 1218, Rajedu, 262149, 1158413, Roads, 0, 0, 0, 0, 0, 0, 915000, 915000
2015, RAJASTHAN, 8, BIKANER, 84, SRI DUNGARGARH, 1218, Rajedu, 262149, 1158413, Total, 0, 0, 0, 0, 0, 0, 2003000, 2003000
2015, RAJASTHAN, 8, BIKANER, 84, SRI DUNGARGARH, 1218, SAMANDSAR, 262135, 1148537, Drinking water, 0, 0, 0, 0, 0, 0, 39000, 39000
2015, RAJASTHAN, 8, BIKANER, 84, SRI DUNGARGARH, 1218, SAMANDSAR, 262135, 1148537, Roads, 0, 0, 0, 0, 0, 0, 766000, 766000
2015, RAJASTHAN, 8, BIKANER, 84, SRI DUNGARGARH, 1218, SAMANDSAR, 262135, 1148537, Total, 0, 0, 0, 0, 0, 0, 805000, 805000
2015, RAJASTHAN, 8, BIKANER, 84, SRI DUNGARGARH, 1218, SANWATSAR, 36204, 1170845, Roads, 0, 0, 0, 0, 0, 0, 610000, 610000
2015, RAJASTHAN, 8, BIKANER, 84, SRI DUNGARGARH, 1218, SANWATSAR, 36204, 1170845, Total, 0, 0, 0, 0, 0, 0, 610000, 610000
2015, RAJASTHAN, 8, BIKANER, 84, SRI DUNGARGARH, 1218, SATTASAR, 262142, 1166721, Drinking water, 0, 0, 0, 0, 0, 0, 79000, 79000
2015, RAJASTHAN, 8, BIKANER, 84, SRI DUNGARGARH, 1218, SATTASAR, 262142, 1166721, Total, 0, 0, 0, 0, 0, 0, 79000, 79000
2015, RAJASTHAN, 8, BIKANER, 84, SRI DUNGARGARH, 1218, SERUNA, 36205, 1190319, Cultural activities, 0, 0, 0, 0, 0, 0, 40000, 40000
2015, RAJASTHAN, 8, BIKANER, 84, SRI DUNGARGARH, 1218, SERUNA, 36205, 1190319, Roads, 0, 0, 0, 0, 0, 0, 1386000, 1386000
2015, RAJASTHAN, 8, BIKANER, 84, SRI DUNGARGARH, 1218, SERUNA, 36205, 1190319, Total, 0, 0, 0, 0, 0, 0, 1426000, 1426000
2015, RAJASTHAN, 8, BIKANER, 84, SRI DUNGARGARH, 1218, SONIASAR MITHIA, 36206, 1165986, Drinking water, 0, 0, 0, 0, 0, 0, 388000, 388000
2015, RAJASTHAN, 8, BIKANER, 84, SRI DUNGARGARH, 1218, SONIASAR MITHIA, 36206, 1165986, Total, 0, 0, 0, 0, 0, 0, 388000, 388000
2015, RAJASTHAN, 8, BIKANER, 84, SRI DUNGARGARH, 1218, SUDSAR, 36207, 1205653, Drinking water, 0, 0, 0, 0, 0, 0, 50000, 50000
2015, RAJASTHAN, 8, BIKANER, 84, SRI DUNGARGARH, 1218, SUDSAR, 36207, 1205653, Sanitation, 0, 0, 0, 0, 0, 0, 612000, 612000
2015, RAJASTHAN, 8, BIKANER, 84, SRI DUNGARGARH, 1218, SUDSAR, 36207, 1205653, Total, 0, 0, 0, 0, 0, 0, 662000, 662000
2015, RAJASTHAN, 8, BIKANER, 84, SRI DUNGARGARH, 1218, SURJANSAR, 36208, 1161414, Drinking water, 0, 0, 0, 0, 0, 0, 21000, 21000
2015, RAJASTHAN, 8, BIKANER, 84, SRI DUNGARGARH, 1218, SURJANSAR, 36208, 1161414, Maintenance of community system, 0, 0, 0, 0, 0, 0, 247000, 247000
2015, RAJASTHAN, 8, BIKANER, 84, SRI DUNGARGARH, 1218, SURJANSAR, 36208, 1161414, Roads, 0, 0, 0, 0, 0, 0, 1000000, 1000000
2015, RAJASTHAN, 8, BIKANER, 84, SRI DUNGARGARH, 1218, SURJANSAR, 36208, 1161414, Total, 0, 0, 0, 0, 0, 0, 1268000, 1268000
2015, RAJASTHAN, 8, BIKANER, 84, SRI DUNGARGARH, 1218, THUKARISAR, 36209, 1161387, Drinking water, 0, 0, 0, 0, 0, 0, 82500, 82500
2015, RAJASTHAN, 8, BIKANER, 84, SRI DUNGARGARH, 1218, THUKARISAR, 36209, 1161387, Roads, 0, 0, 0, 0, 0, 0, 1000000, 1000000
2015, RAJASTHAN, 8, BIKANER, 84, SRI DUNGARGARH, 1218, THUKARISAR, 36209, 1161387, Total, 0, 0, 0, 0, 0, 0, 1082500, 1082500
2015, RAJASTHAN, 8, BIKANER, 84, SRI DUNGARGARH, 1218, TOLIYASAR, 36210, 1159416, Roads, 0, 0, 0, 0, 0, 0, 1840000, 1840000
2015, RAJASTHAN, 8, BIKANER, 84, SRI DUNGARGARH, 1218, TOLIYASAR, 36210, 1159416, Total, 0, 0, 0, 0, 0, 0, 1840000, 1840000
2015, RAJASTHAN, 8, BIKANER, 84, SRI DUNGARGARH, 1218, UDRASAR, 36211, 1166849, Roads, 0, 0, 0, 0, 0, 0, 907000, 907000
2015, RAJASTHAN, 8, BIKANER, 84, SRI DUNGARGARH, 1218, UDRASAR, 36211, 1166849, Total, 0, 0, 0, 0, 0, 0, 907000, 907000
2015, RAJASTHAN, 8, BIKANER, 84, SRI DUNGARGARH, 1218, UPANI, 36212, 1167046, Drinking water, 0, 0, 0, 0, 0, 0, 1530000, 1530000
2015, RAJASTHAN, 8, BIKANER, 84, SRI DUNGARGARH, 1218, UPANI, 36212, 1167046, Roads, 0, 0, 0, 0, 0, 0, 365000, 365000
2015, RAJASTHAN, 8, BIKANER, 84, SRI DUNGARGARH, 1218, UPANI, 36212, 1167046, Total, 0, 0, 0, 0, 0, 0, 1895000, 1895000
2015, RAJASTHAN, 8, BUNDI, 85, BUNDI, 257862, AJETA, 36333, 1165436, Roads, 0, 0, 0, 0, 0, 0, 1200000, 1200000
2015, RAJASTHAN, 8, BUNDI, 85, BUNDI, 257862, AJETA, 36333, 1165436, Total, 0, 0, 0, 0, 0, 0, 1200000, 1200000
2015, RAJASTHAN, 8, BUNDI, 85, BUNDI, 257862, AMLI, 36336, 1181726, Drinking water, 0, 0, 0, 0, 0, 0, 400000, 400000
2015, RAJASTHAN, 8, BUNDI, 85, BUNDI, 257862, AMLI, 36336, 1181726, Total, 0, 0, 0, 0, 0, 0, 400000, 400000
2015, RAJASTHAN, 8, BUNDI, 85, BUNDI, 257862, ANTHARA, 36337, 1165180, Drinking water, 0, 0, 0, 0, 0, 0, 350000, 350000
2015, RAJASTHAN, 8, BUNDI, 85, BUNDI, 257862, ANTHARA, 36337, 1165180, Maintenance of community system, 0, 0, 0, 0, 0, 0, 30000, 30000
2015, RAJASTHAN, 8, BUNDI, 85, BUNDI, 257862, ANTHARA, 36337, 1165180, Total, 0, 0, 0, 0, 0, 0, 380000, 380000
2015, RAJASTHAN, 8, BUNDI, 85, BUNDI, 257862, BAMBORI, 36340, 1102677, Drinking water, 0, 0, 0, 0, 0, 0, 96000, 96000
2015, RAJASTHAN, 8, BUNDI, 85, BUNDI, 257862, BAMBORI, 36340, 1102677, Maintenance of community system, 0, 0, 0, 0, 0, 0, 123156, 123156
2015, RAJASTHAN, 8, BUNDI, 85, BUNDI, 257862, BAMBORI, 36340, 1102677, Total, 0, 0, 0, 0, 0, 0, 322823, 322823
2015, RAJASTHAN, 8, BUNDI, 85, BUNDI, 257862, BAMBORI, 36340, 1102677, Welfare of the weaker sections, 0, 0, 0, 0, 0, 0, 103667, 103667
2015, RAJASTHAN, 8, BUNDI, 85, BUNDI, 257862, BHERUPURA BARAD, 36374, 1168384, Administrative & Technical Support, 0, 0, 0, 0, 0, 0, 100000, 100000
2015, RAJASTHAN, 8, BUNDI, 85, BUNDI, 257862, BHERUPURA BARAD, 36374, 1168384, Drinking water, 0, 0, 0, 0, 0, 0, 416000, 416000
2015, RAJASTHAN, 8, BUNDI, 85, BUNDI, 257862, BHERUPURA BARAD, 36374, 1168384, Maintenance of community system, 0, 0, 0, 0, 0, 0, 1038000, 1038000
2015, RAJASTHAN, 8, BUNDI, 85, BUNDI, 257862, BHERUPURA BARAD, 36374, 1168384, Total, 0, 0, 0, 0, 0, 0, 1554000, 1554000
2015, RAJASTHAN, 8, BUNDI, 85, BUNDI, 257862, BHERUPURA OJHA, 36342, 1165408, Maintenance of community system, 0, 0, 0, 0, 0, 0, 700000, 700000
2015, RAJASTHAN, 8, BUNDI, 85, BUNDI, 257862, BHERUPURA OJHA, 36342, 1165408, Total, 0, 0, 0, 0, 0, 0, 700000, 700000
2015, RAJASTHAN, 8, BUNDI, 85, BUNDI, 257862, DHANATRI, 36347, 1165141, Drinking water, 0, 0, 0, 0, 0, 0, 144000, 144000
2015, RAJASTHAN, 8, BUNDI, 85, BUNDI, 257862, DHANATRI, 36347, 1165141, Total, 0, 0, 0, 0, 0, 0, 144000, 144000
2015, RAJASTHAN, 8, BUNDI, 85, BUNDI, 257862, DOLARA, 36349, 1164634, Drinking water, 0, 0, 0, 0, 0, 0, 80000, 80000
2015, RAJASTHAN, 8, BUNDI, 85, BUNDI, 257862, DOLARA, 36349, 1164634, Maintenance of community system, 0, 0, 0, 0, 0, 0, 1260000, 1260000
2015, RAJASTHAN, 8, BUNDI, 85, BUNDI, 257862, DOLARA, 36349, 1164634, Total, 0, 0, 0, 0, 0, 0, 1340000, 1340000
2015, RAJASTHAN, 8, BUNDI, 85, BUNDI, 257862, GADEGAL, 36351, 1163705, Administrative & Technical Support, 0, 0, 0, 0, 0, 0, 50000, 50000
2015, RAJASTHAN, 8, BUNDI, 85, BUNDI, 257862, GADEGAL, 36351, 1163705, Drinking water, 0, 0, 0, 0, 0, 0, 588000, 588000
2015, RAJASTHAN, 8, BUNDI, 85, BUNDI, 257862, GADEGAL, 36351, 1163705, Roads, 0, 0, 0, 0, 0, 0, 50000, 50000
2015, RAJASTHAN, 8, BUNDI, 85, BUNDI, 257862, GADEGAL, 36351, 1163705, Sanitation, 0, 0, 0, 0, 0, 0, 246000, 246000
2015, RAJASTHAN, 8, BUNDI, 85, BUNDI, 257862, GADEGAL, 36351, 1163705, Total, 0, 0, 0, 0, 0, 0, 934000, 934000
2015, RAJASTHAN, 8, BUNDI, 85, BUNDI, 257862, GARARDA, 36353, 1183022, Drinking water, 0, 0, 0, 0, 0, 0, 1300000, 1300000
2015, RAJASTHAN, 8, BUNDI, 85, BUNDI, 257862, GARARDA, 36353, 1183022, Total, 0, 0, 0, 0, 0, 0, 1300000, 1300000
2015, RAJASTHAN, 8, BUNDI, 85, BUNDI, 257862, GUDANATAWTAN, 36356, 1165430, Maintenance of community system, 0, 0, 0, 0, 0, 0, 320000, 320000
2015, RAJASTHAN, 8, BUNDI, 85, BUNDI, 257862, GUDANATAWTAN, 36356, 1165430, Total, 0, 0, 0, 0, 0, 0, 320000, 320000
2015, RAJASTHAN, 8, BUNDI, 85, BUNDI, 257862, GUMANPURA, 36357, 1168378, Drinking water, 0, 0, 0, 0, 0, 0, 1435000, 1435000
2015, RAJASTHAN, 8, BUNDI, 85, BUNDI, 257862, GUMANPURA, 36357, 1168378, Roads, 0, 0, 0, 0, 0, 0, 225000, 225000
2015, RAJASTHAN, 8, BUNDI, 85, BUNDI, 257862, GUMANPURA, 36357, 1168378, Total, 0, 0, 0, 0, 0, 0, 1660000, 1660000
2015, RAJASTHAN, 8, BUNDI, 85, BUNDI, 257862, HATIPURA, 36358, 1084627, Roads, 0, 0, 0, 0, 0, 0, 349988, 349988
2015, RAJASTHAN, 8, BUNDI, 85, BUNDI, 257862, HATIPURA, 36358, 1084627, Total, 0, 0, 0, 0, 0, 0, 349988, 349988
2015, RAJASTHAN, 8, BUNDI, 85, BUNDI, 257862, JAWTI KALA, 36361, 1165404, Drinking water, 0, 0, 0, 0, 0, 0, 200000, 200000
2015, RAJASTHAN, 8, BUNDI, 85, BUNDI, 257862, JAWTI KALA, 36361, 1165404, Maintenance of community system, 0, 0, 0, 0, 0, 0, 950000, 950000
2015, RAJASTHAN, 8, BUNDI, 85, BUNDI, 257862, JAWTI KALA, 36361, 1165404, Total, 0, 0, 0, 0, 0, 0, 1150000, 1150000
2015, RAJASTHAN, 8, BUNDI, 85, BUNDI, 257862, KALPURIYA, 36363, 1168387, Drinking water, 0, 0, 0, 0, 0, 0, 170000, 170000
2015, RAJASTHAN, 8, BUNDI, 85, BUNDI, 257862, KALPURIYA, 36363, 1168387, Maintenance of community system, 0, 0, 0, 0, 0, 0, 50000, 50000
2015, RAJASTHAN, 8, BUNDI, 85, BUNDI, 257862, KALPURIYA, 36363, 1168387, Total, 0, 0, 0, 0, 0, 0, 220000, 220000
2015, RAJASTHAN, 8, BUNDI, 85, BUNDI, 257862, KHATKAR, 36365, 1165413, Drinking water, 0, 0, 0, 0, 0, 0, 350000, 350000
2015, RAJASTHAN, 8, BUNDI, 85, BUNDI, 257862, KHATKAR, 36365, 1165413, Maintenance of community system, 0, 0, 0, 0, 0, 0, 50000, 50000
2015, RAJASTHAN, 8, BUNDI, 85, BUNDI, 257862, KHATKAR, 36365, 1165413, Roads, 0, 0, 0, 0, 0, 0, 150000, 150000
2015, RAJASTHAN, 8, BUNDI, 85, BUNDI, 257862, KHATKAR, 36365, 1165413, Total, 0, 0, 0, 0, 0, 0, 550000, 550000
2015, RAJASTHAN, 8, BUNDI, 85, BUNDI, 257862, KHAYAWDA, 36367, 1157626, Drinking water, 0, 0, 0, 0, 0, 0, 45000, 45000
2015, RAJASTHAN, 8, BUNDI, 85, BUNDI, 257862, KHAYAWDA, 36367, 1157626, Maintenance of community system, 0, 0, 0, 0, 0, 0, 1010000, 1010000
2015, RAJASTHAN, 8, BUNDI, 85, BUNDI, 257862, KHAYAWDA, 36367, 1157626, Total, 0, 0, 0, 0, 0, 0, 1055000, 1055000
2015, RAJASTHAN, 8, BUNDI, 85, BUNDI, 257862, LALPURA, 36369, 1164343, Drinking water, 0, 0, 0, 0, 0, 0, 135000, 135000
2015, RAJASTHAN, 8, BUNDI, 85, BUNDI, 257862, LALPURA, 36369, 1164343, Maintenance of community system, 0, 0, 0, 0, 0, 0, 200000, 200000
2015, RAJASTHAN, 8, BUNDI, 85, BUNDI, 257862, LALPURA, 36369, 1164343, Roads, 0, 0, 0, 0, 0, 0, 550000, 550000
2015, RAJASTHAN, 8, BUNDI, 85, BUNDI, 257862, LALPURA, 36369, 1164343, Total, 0, 0, 0, 0, 0, 0, 885000, 885000
2015, RAJASTHAN, 8, BUNDI, 85, BUNDI, 257862, LOICHA, 36373, 1165106, Drinking water, 0, 0, 0, 0, 0, 0, 1790000, 1790000
2015, RAJASTHAN, 8, BUNDI, 85, BUNDI, 257862, LOICHA, 36373, 1165106, Total, 0, 0, 0, 0, 0, 0, 1790000, 1790000
2015, RAJASTHAN, 8, BUNDI, 85, BUNDI, 257862, MANGAL, 36375, 1165349, Drinking water, 0, 0, 0, 0, 0, 0, 205000, 205000
2015, RAJASTHAN, 8, BUNDI, 85, BUNDI, 257862, MANGAL, 36375, 1165349, Maintenance of community system, 0, 0, 0, 0, 0, 0, 400000, 400000
2015, RAJASTHAN, 8, BUNDI, 85, BUNDI, 257862, MANGAL, 36375, 1165349, Total, 0, 0, 0, 0, 0, 0, 605000, 605000
2015, RAJASTHAN, 8, BUNDI, 85, BUNDI, 257862, MATUNDA, 36376, 1190720, Administrative & Technical Support, 0, 0, 0, 0, 0, 0, 2, 2
2015, RAJASTHAN, 8, BUNDI, 85, BUNDI, 257862, MATUNDA, 36376, 1190720, Total, 0, 0, 0, 0, 0, 0, 2, 2
2015, RAJASTHAN, 8, BUNDI, 85, BUNDI, 257862, NAMANA, 36377, 1199222, Administrative & Technical Support, 0, 0, 0, 0, 0, 0, 630000, 630000
2015, RAJASTHAN, 8, BUNDI, 85, BUNDI, 257862, NAMANA, 36377, 1199222, Roads, 0, 0, 0, 0, 0, 0, 1000000, 1000000
2015, RAJASTHAN, 8, BUNDI, 85, BUNDI, 257862, NAMANA, 36377, 1199222, Total, 0, 0, 0, 0, 0, 0, 1630000, 1630000
2015, RAJASTHAN, 8, BUNDI, 85, BUNDI, 257862, NAYA GAON, 36378, 1165443, Drinking water, 0, 0, 0, 0, 0, 0, 1499000, 1499000
2015, RAJASTHAN, 8, BUNDI, 85, BUNDI, 257862, NAYA GAON, 36378, 1165443, Total, 0, 0, 0, 0, 0, 0, 1499000, 1499000
2015, RAJASTHAN, 8, BUNDI, 85, BUNDI, 257862, NEEM KA KHERA, 36379, 1168591, Administrative & Technical Support, 0, 0, 0, 0, 0, 0, 35000, 35000
2015, RAJASTHAN, 8, BUNDI, 85, BUNDI, 257862, NEEM KA KHERA, 36379, 1168591, Drinking water, 0, 0, 0, 0, 0, 0, 630000, 630000
2015, RAJASTHAN, 8, BUNDI, 85, BUNDI, 257862, NEEM KA KHERA, 36379, 1168591, Maintenance of community system, 0, 0, 0, 0, 0, 0, 350000, 350000
2015, RAJASTHAN, 8, BUNDI, 85, BUNDI, 257862, NEEM KA KHERA, 36379, 1168591, Roads, 0, 0, 0, 0, 0, 0, 15000, 15000
2015, RAJASTHAN, 8, BUNDI, 85, BUNDI, 257862, NEEM KA KHERA, 36379, 1168591, Total, 0, 0, 0, 0, 0, 0, 1030000, 1030000
2015, RAJASTHAN, 8, BUNDI, 85, BUNDI, 257862, RAITHAL, 36384, 1164738, Administrative & Technical Support, 0, 0, 0, 0, 0, 0, 42000, 42000
2015, RAJASTHAN, 8, BUNDI, 85, BUNDI, 257862, RAITHAL, 36384, 1164738, Drinking water, 0, 0, 0, 0, 0, 0, 100000, 100000
2015, RAJASTHAN, 8, BUNDI, 85, BUNDI, 257862, RAITHAL, 36384, 1164738, Maintenance of community system, 0, 0, 0, 0, 0, 0, 30000, 30000
2015, RAJASTHAN, 8, BUNDI, 85, BUNDI, 257862, RAITHAL, 36384, 1164738, Total, 0, 0, 0, 0, 0, 0, 172000, 172000
2015, RAJASTHAN, 8, BUNDI, 85, BUNDI, 257862, RAMGANJ, 36382, 1165345, Maintenance of community system, 0, 0, 0, 0, 0, 0, 610000, 610000
2015, RAJASTHAN, 8, BUNDI, 85, BUNDI, 257862, RAMGANJ, 36382, 1165345, Roads, 0, 0, 0, 0, 0, 0, 200000, 200000
2015, RAJASTHAN, 8, BUNDI, 85, BUNDI, 257862, RAMGANJ, 36382, 1165345, Total, 0, 0, 0, 0, 0, 0, 810000, 810000
2015, RAJASTHAN, 8, BUNDI, 85, BUNDI, 257862, RAMNAGAR, 36383, 1083267, Drinking water, 0, 0, 0, 0, 0, 0, 140000, 140000
2015, RAJASTHAN, 8, BUNDI, 85, BUNDI, 257862, RAMNAGAR, 36383, 1083267, Maintenance of community system, 0, 0, 0, 0, 0, 0, 100000, 100000
2015, RAJASTHAN, 8, BUNDI, 85, BUNDI, 257862, RAMNAGAR, 36383, 1083267, Roads, 0, 0, 0, 0, 0, 0, 400000, 400000
2015, RAJASTHAN, 8, BUNDI, 85, BUNDI, 257862, RAMNAGAR, 36383, 1083267, Sanitation, 0, 0, 0, 0, 0, 0, 120000, 120000
2015, RAJASTHAN, 8, BUNDI, 85, BUNDI, 257862, RAMNAGAR, 36383, 1083267, Total, 0, 0, 0, 0, 0, 0, 760000, 760000
2015, RAJASTHAN, 8, BUNDI, 85, BUNDI, 257862, RIHANA, 36385, 1168403, Drinking water, 0, 0, 0, 0, 0, 0, 290000, 290000
2015, RAJASTHAN, 8, BUNDI, 85, BUNDI, 257862, RIHANA, 36385, 1168403, Maintenance of community system, 0, 0, 0, 0, 0, 0, 163199, 163199
2015, RAJASTHAN, 8, BUNDI, 85, BUNDI, 257862, RIHANA, 36385, 1168403, Total, 0, 0, 0, 0, 0, 0, 453199, 453199
2015, RAJASTHAN, 8, BUNDI, 85, BUNDI, 257862, SILOR, 36387, 1167162, Administrative & Technical Support, 0, 0, 0, 0, 0, 0, 60000, 60000
2015, RAJASTHAN, 8, BUNDI, 85, BUNDI, 257862, SILOR, 36387, 1167162, Drinking water, 0, 0, 0, 0, 0, 0, 233000, 233000
2015, RAJASTHAN, 8, BUNDI, 85, BUNDI, 257862, SILOR, 36387, 1167162, Total, 0, 0, 0, 0, 0, 0, 293000, 293000
2015, RAJASTHAN, 8, BUNDI, 85, BUNDI, 257862, ULERA, 36393, 1168526, Drinking water, 0, 0, 0, 0, 0, 0, 378000, 378000
2015, RAJASTHAN, 8, BUNDI, 85, BUNDI, 257862, ULERA, 36393, 1168526, Total, 0, 0, 0, 0, 0, 0, 378000, 378000
2015, RAJASTHAN, 8, BUNDI, 85, HINDOLI, 1219, AKODA, 36213, 1101012, Administrative & Technical Support, 0, 0, 0, 0, 0, 0, 675000, 675000
2015, RAJASTHAN, 8, BUNDI, 85, HINDOLI, 1219, AKODA, 36213, 1101012, Drinking water, 0, 0, 0, 0, 0, 0, 372000, 372000
2015, RAJASTHAN, 8, BUNDI, 85, HINDOLI, 1219, AKODA, 36213, 1101012, Public distribution system, 0, 0, 0, 0, 0, 0, 100000, 100000
2015, RAJASTHAN, 8, BUNDI, 85, HINDOLI, 1219, AKODA, 36213, 1101012, Roads, 0, 0, 0, 0, 0, 0, 100000, 100000
2015, RAJASTHAN, 8, BUNDI, 85, HINDOLI, 1219, AKODA, 36213, 1101012, Sanitation, 0, 0, 0, 0, 0, 0, 1840000, 1840000
2015, RAJASTHAN, 8, BUNDI, 85, HINDOLI, 1219, AKODA, 36213, 1101012, Total, 0, 0, 0, 0, 0, 0, 3087000, 3087000
2015, RAJASTHAN, 8, BUNDI, 85, HINDOLI, 1219, ALOD, 36214, 1102721, Roads, 0, 0, 0, 0, 0, 0, 2095000, 2095000
2015, RAJASTHAN, 8, BUNDI, 85, HINDOLI, 1219, ALOD, 36214, 1102721, Sanitation, 0, 0, 0, 0, 0, 0, 750000, 750000
2015, RAJASTHAN, 8, BUNDI, 85, HINDOLI, 1219, ALOD, 36214, 1102721, Total, 0, 0, 0, 0, 0, 0, 2845000, 2845000
2015, RAJASTHAN, 8, BUNDI, 85, HINDOLI, 1219, ANANT GANJ, 36215, 1116332, Administrative & Technical Support, 0, 0, 0, 0, 0, 0, 150000, 150000
2015, RAJASTHAN, 8, BUNDI, 85, HINDOLI, 1219, ANANT GANJ, 36215, 1116332, Roads, 0, 0, 0, 0, 0, 0, 1000000, 1000000
2015, RAJASTHAN, 8, BUNDI, 85, HINDOLI, 1219, ANANT GANJ, 36215, 1116332, Sanitation, 0, 0, 0, 0, 0, 0, 250000, 250000
2015, RAJASTHAN, 8, BUNDI, 85, HINDOLI, 1219, ANANT GANJ, 36215, 1116332, Total, 0, 0, 0, 0, 0, 0, 1400000, 1400000
2015, RAJASTHAN, 8, BUNDI, 85, HINDOLI, 1219, BADGAON, 36220, 1136990, Administrative & Technical Support, 0, 0, 0, 0, 0, 0, 481000, 481000
2015, RAJASTHAN, 8, BUNDI, 85, HINDOLI, 1219, BADGAON, 36220, 1136990, Roads, 0, 0, 0, 0, 0, 0, 750000, 750000
2015, RAJASTHAN, 8, BUNDI, 85, HINDOLI, 1219, BADGAON, 36220, 1136990, Total, 0, 0, 0, 0, 0, 0, 1231000, 1231000
2015, RAJASTHAN, 8, BUNDI, 85, HINDOLI, 1219, BARA NAYA GAON, 36216, 1097228, Roads, 0, 0, 0, 0, 0, 0, 1685000, 1685000
2015, RAJASTHAN, 8, BUNDI, 85, HINDOLI, 1219, BARA NAYA GAON, 36216, 1097228, Sanitation, 0, 0, 0, 0, 0, 0, 200000, 200000
2015, RAJASTHAN, 8, BUNDI, 85, HINDOLI, 1219, BARA NAYA GAON, 36216, 1097228, Total, 0, 0, 0, 0, 0, 0, 1885000, 1885000
2015, RAJASTHAN, 8, BUNDI, 85, HINDOLI, 1219, BARODIYA, 36217, 1092359, Administrative & Technical Support, 0, 0, 0, 0, 0, 0, 260000, 260000
2015, RAJASTHAN, 8, BUNDI, 85, HINDOLI, 1219, BARODIYA, 36217, 1092359, Drinking water, 0, 0, 0, 0, 0, 0, 310000, 310000
2015, RAJASTHAN, 8, BUNDI, 85, HINDOLI, 1219, BARODIYA, 36217, 1092359, Sanitation, 0, 0, 0, 0, 0, 0, 25000, 25000
2015, RAJASTHAN, 8, BUNDI, 85, HINDOLI, 1219, BARODIYA, 36217, 1092359, Total, 0, 0, 0, 0, 0, 0, 595000, 595000
2015, RAJASTHAN, 8, BUNDI, 85, HINDOLI, 1219, BASOLI, 36218, 1131566, Roads, 0, 0, 0, 0, 0, 0, 1250000, 1250000
2015, RAJASTHAN, 8, BUNDI, 85, HINDOLI, 1219, BASOLI, 36218, 1131566, Sanitation, 0, 0, 0, 0, 0, 0, 300000, 300000
2015, RAJASTHAN, 8, BUNDI, 85, HINDOLI, 1219, BASOLI, 36218, 1131566, Total, 0, 0, 0, 0, 0, 0, 1550000, 1550000
2015, RAJASTHAN, 8, BUNDI, 85, HINDOLI, 1219, BHAWANI PURA, 36219, 1087571, Drinking water, 0, 0, 0, 0, 0, 0, 250000, 250000
2015, RAJASTHAN, 8, BUNDI, 85, HINDOLI, 1219, BHAWANI PURA, 36219, 1087571, Roads, 0, 0, 0, 0, 0, 0, 450000, 450000
2015, RAJASTHAN, 8, BUNDI, 85, HINDOLI, 1219, BHAWANI PURA, 36219, 1087571, Sanitation, 0, 0, 0, 0, 0, 0, 400000, 400000
2015, RAJASTHAN, 8, BUNDI, 85, HINDOLI, 1219, BHAWANI PURA, 36219, 1087571, Total, 0, 0, 0, 0, 0, 0, 1100000, 1100000
2015, RAJASTHAN, 8, BUNDI, 85, HINDOLI, 1219, CHATAR GANJ, 36221, 1109748, Administrative & Technical Support, 0, 0, 0, 0, 0, 0, 810000, 810000
2015, RAJASTHAN, 8, BUNDI, 85, HINDOLI, 1219, CHATAR GANJ, 36221, 1109748, Drinking water, 0, 0, 0, 0, 0, 0, 75000, 75000
2015, RAJASTHAN, 8, BUNDI, 85, HINDOLI, 1219, CHATAR GANJ, 36221, 1109748, Total, 0, 0, 0, 0, 0, 0, 885000, 885000
2015, RAJASTHAN, 8, BUNDI, 85, HINDOLI, 1219, CHETA, 36222, 1099092, Administrative & Technical Support, 0, 0, 0, 0, 0, 0, 100000, 100000
2015, RAJASTHAN, 8, BUNDI, 85, HINDOLI, 1219, CHETA, 36222, 1099092, Drinking water, 0, 0, 0, 0, 0, 0, 300000, 300000
2015, RAJASTHAN, 8, BUNDI, 85, HINDOLI, 1219, CHETA, 36222, 1099092, Health, 0, 0, 0, 0, 0, 0, 100000, 100000
2015, RAJASTHAN, 8, BUNDI, 85, HINDOLI, 1219, CHETA, 36222, 1099092, Maintenance of community system, 0, 0, 0, 0, 0, 0, 150000, 150000
2015, RAJASTHAN, 8, BUNDI, 85, HINDOLI, 1219, CHETA, 36222, 1099092, Roads, 0, 0, 0, 0, 0, 0, 2825000, 2825000
2015, RAJASTHAN, 8, BUNDI, 85, HINDOLI, 1219, CHETA, 36222, 1099092, Sanitation, 0, 0, 0, 0, 0, 0, 550000, 550000
2015, RAJASTHAN, 8, BUNDI, 85, HINDOLI, 1219, CHETA, 36222, 1099092, Total, 0, 0, 0, 0, 0, 0, 4025000, 4025000
2015, RAJASTHAN, 8, BUNDI, 85, HINDOLI, 1219, CHHABARIYON KA NAYA GAON, 36223, 1116346, Roads, 0, 0, 0, 0, 0, 0, 1000000, 1000000
2015, RAJASTHAN, 8, BUNDI, 85, HINDOLI, 1219, CHHABARIYON KA NAYA GAON, 36223, 1116346, Total, 0, 0, 0, 0, 0, 0, 1000000, 1000000
2015, RAJASTHAN, 8, BUNDI, 85, HINDOLI, 1219, DABETA, 36224, 1097135, Roads, 0, 0, 0, 0, 0, 0, 2050000, 2050000
2015, RAJASTHAN, 8, BUNDI, 85, HINDOLI, 1219, DABETA, 36224, 1097135, Sanitation, 0, 0, 0, 0, 0, 0, 250000, 250000
2015, RAJASTHAN, 8, BUNDI, 85, HINDOLI, 1219, DABETA, 36224, 1097135, Total, 0, 0, 0, 0, 0, 0, 2300000, 2300000
2015, RAJASTHAN, 8, BUNDI, 85, HINDOLI, 1219, DABLANA, 36225, 1086984, Roads, 0, 0, 0, 0, 0, 0, 848000, 848000
2015, RAJASTHAN, 8, BUNDI, 85, HINDOLI, 1219, DABLANA, 36225, 1086984, Total, 0, 0, 0, 0, 0, 0, 848000, 848000
2015, RAJASTHAN, 8, BUNDI, 85, HINDOLI, 1219, DATOONDA, 36226, 1108054, Administrative & Technical Support, 0, 0, 0, 0, 0, 0, 200000, 200000
2015, RAJASTHAN, 8, BUNDI, 85, HINDOLI, 1219, DATOONDA, 36226, 1108054, Drinking water, 0, 0, 0, 0, 0, 0, 192000, 192000
2015, RAJASTHAN, 8, BUNDI, 85, HINDOLI, 1219, DATOONDA, 36226, 1108054, Roads, 0, 0, 0, 0, 0, 0, 100000, 100000
2015, RAJASTHAN, 8, BUNDI, 85, HINDOLI, 1219, DATOONDA, 36226, 1108054, Total, 0, 0, 0, 0, 0, 0, 492000, 492000
2015, RAJASTHAN, 8, BUNDI, 85, HINDOLI, 1219, DHBHAIYON KA NAYA GAON, 36227, 1091663, Land improvement, 0, 0, 0, 0, 0, 0, 200000, 200000
2015, RAJASTHAN, 8, BUNDI, 85, HINDOLI, 1219, DHBHAIYON KA NAYA GAON, 36227, 1091663, Roads, 0, 0, 0, 0, 0, 0, 1500000, 1500000
2015, RAJASTHAN, 8, BUNDI, 85, HINDOLI, 1219, DHBHAIYON KA NAYA GAON, 36227, 1091663, Total, 0, 0, 0, 0, 0, 0, 1700000, 1700000
2015, RAJASTHAN, 8, BUNDI, 85, HINDOLI, 1219, DHOWARA, 36228, 1086927, Roads, 0, 0, 0, 0, 0, 0, 800000, 800000
2015, RAJASTHAN, 8, BUNDI, 85, HINDOLI, 1219, DHOWARA, 36228, 1086927, Total, 0, 0, 0, 0, 0, 0, 800000, 800000
2015, RAJASTHAN, 8, BUNDI, 85, HINDOLI, 1219, GOTHRA, 36229, 1107999, Drinking water, 0, 0, 0, 0, 0, 0, 41000, 41000
2015, RAJASTHAN, 8, BUNDI, 85, HINDOLI, 1219, GOTHRA, 36229, 1107999, Public distribution system, 0, 0, 0, 0, 0, 0, 49000, 49000
2015, RAJASTHAN, 8, BUNDI, 85, HINDOLI, 1219, GOTHRA, 36229, 1107999, Roads, 0, 0, 0, 0, 0, 0, 2181800, 2181800
2015, RAJASTHAN, 8, BUNDI, 85, HINDOLI, 1219, GOTHRA, 36229, 1107999, Sanitation, 0, 0, 0, 0, 0, 0, 566849, 566849
2015, RAJASTHAN, 8, BUNDI, 85, HINDOLI, 1219, GOTHRA, 36229, 1107999, Total, 0, 0, 0, 0, 0, 0, 2838649, 2838649
2015, RAJASTHAN, 8, BUNDI, 85, HINDOLI, 1219, GUDHA BANDH, 36230, 1091781, Drinking water, 0, 0, 0, 0, 0, 0, 174000, 174000
2015, RAJASTHAN, 8, BUNDI, 85, HINDOLI, 1219, GUDHA BANDH, 36230, 1091781, Total, 0, 0, 0, 0, 0, 0, 174000, 174000
2015, RAJASTHAN, 8, BUNDI, 85, HINDOLI, 1219, GUDHA GOKUL PURA, 36231, 1099024, Administrative & Technical Support, 0, 0, 0, 0, 0, 0, 200000, 200000
2015, RAJASTHAN, 8, BUNDI, 85, HINDOLI, 1219, GUDHA GOKUL PURA, 36231, 1099024, Drinking water, 0, 0, 0, 0, 0, 0, 131900, 131900
2015, RAJASTHAN, 8, BUNDI, 85, HINDOLI, 1219, GUDHA GOKUL PURA, 36231, 1099024, Roads, 0, 0, 0, 0, 0, 0, 1199000, 1199000
2015, RAJASTHAN, 8, BUNDI, 85, HINDOLI, 1219, GUDHA GOKUL PURA, 36231, 1099024, Total, 0, 0, 0, 0, 0, 0, 1530900, 1530900
2015, RAJASTHAN, 8, BUNDI, 85, HINDOLI, 1219, HINDOLI, 36232, 1092235, Administrative & Technical Support, 0, 0, 0, 0, 0, 0, 50000, 50000
2015, RAJASTHAN, 8, BUNDI, 85, HINDOLI, 1219, HINDOLI, 36232, 1092235, Drinking water, 0, 0, 0, 0, 0, 0, 200000, 200000
2015, RAJASTHAN, 8, BUNDI, 85, HINDOLI, 1219, HINDOLI, 36232, 1092235, Maintenance of community system, 0, 0, 0, 0, 0, 0, 322000, 322000
2015, RAJASTHAN, 8, BUNDI, 85, HINDOLI, 1219, HINDOLI, 36232, 1092235, Roads, 0, 0, 0, 0, 0, 0, 2950000, 2950000
2015, RAJASTHAN, 8, BUNDI, 85, HINDOLI, 1219, HINDOLI, 36232, 1092235, Sanitation, 0, 0, 0, 0, 0, 0, 750000, 750000
2015, RAJASTHAN, 8, BUNDI, 85, HINDOLI, 1219, HINDOLI, 36232, 1092235, Total, 0, 0, 0, 0, 0, 0, 4272000, 4272000
2015, RAJASTHAN, 8, BUNDI, 85, HINDOLI, 1219, KACHHOLA, 36233, 1099558, Administrative & Technical Support, 0, 0, 0, 0, 0, 0, 265000, 265000
2015, RAJASTHAN, 8, BUNDI, 85, HINDOLI, 1219, KACHHOLA, 36233, 1099558, Drinking water, 0, 0, 0, 0, 0, 0, 300000, 300000
2015, RAJASTHAN, 8, BUNDI, 85, HINDOLI, 1219, KACHHOLA, 36233, 1099558, Education, 0, 0, 0, 0, 0, 0, 200000, 200000
2015, RAJASTHAN, 8, BUNDI, 85, HINDOLI, 1219, KACHHOLA, 36233, 1099558, Health, 0, 0, 0, 0, 0, 0, 150000, 150000
2015, RAJASTHAN, 8, BUNDI, 85, HINDOLI, 1219, KACHHOLA, 36233, 1099558, Roads, 0, 0, 0, 0, 0, 0, 1000000, 1000000
2015, RAJASTHAN, 8, BUNDI, 85, HINDOLI, 1219, KACHHOLA, 36233, 1099558, Total, 0, 0, 0, 0, 0, 0, 1915000, 1915000
2015, RAJASTHAN, 8, BUNDI, 85, HINDOLI, 1219, KHEENYA, 36234, 1103858, Roads, 0, 0, 0, 0, 0, 0, 1625000, 1625000
2015, RAJASTHAN, 8, BUNDI, 85, HINDOLI, 1219, KHEENYA, 36234, 1103858, Total, 0, 0, 0, 0, 0, 0, 1625000, 1625000
2015, RAJASTHAN, 8, BUNDI, 85, HINDOLI, 1219, KHERKHATA, 36235, 1098182, Administrative & Technical Support, 0, 0, 0, 0, 0, 0, 73800, 73800
2015, RAJASTHAN, 8, BUNDI, 85, HINDOLI, 1219, KHERKHATA, 36235, 1098182, Drinking water, 0, 0, 0, 0, 0, 0, 256000, 256000
2015, RAJASTHAN, 8, BUNDI, 85, HINDOLI, 1219, KHERKHATA, 36235, 1098182, Roads, 0, 0, 0, 0, 0, 0, 1865000, 1865000
2015, RAJASTHAN, 8, BUNDI, 85, HINDOLI, 1219, KHERKHATA, 36235, 1098182, Total, 0, 0, 0, 0, 0, 0, 2194800, 2194800
2015, RAJASTHAN, 8, BUNDI, 85, HINDOLI, 1219, MANGLI KALAN, 36236, 1090602, Roads, 0, 0, 0, 0, 0, 0, 1478000, 1478000
2015, RAJASTHAN, 8, BUNDI, 85, HINDOLI, 1219, MANGLI KALAN, 36236, 1090602, Total, 0, 0, 0, 0, 0, 0, 1478000, 1478000
2015, RAJASTHAN, 8, BUNDI, 85, HINDOLI, 1219, MENDI, 36237, 1096898, Drinking water, 0, 0, 0, 0, 0, 0, 1260000, 1260000
2015, RAJASTHAN, 8, BUNDI, 85, HINDOLI, 1219, MENDI, 36237, 1096898, Health, 0, 0, 0, 0, 0, 0, 1000000, 1000000
2015, RAJASTHAN, 8, BUNDI, 85, HINDOLI, 1219, MENDI, 36237, 1096898, Total, 0, 0, 0, 0, 0, 0, 2260000, 2260000
2015, RAJASTHAN, 8, BUNDI, 85, HINDOLI, 1219, NEGARH, 36238, 1092248, Roads, 0, 0, 0, 0, 0, 0, 700000, 700000
2015, RAJASTHAN, 8, BUNDI, 85, HINDOLI, 1219, NEGARH, 36238, 1092248, Total, 0, 0, 0, 0, 0, 0, 700000, 700000
2015, RAJASTHAN, 8, BUNDI, 85, HINDOLI, 1219, OWAN, 36239, 1097199, Drinking water, 0, 0, 0, 0, 0, 0, 395000, 395000
2015, RAJASTHAN, 8, BUNDI, 85, HINDOLI, 1219, OWAN, 36239, 1097199, Roads, 0, 0, 0, 0, 0, 0, 1800000, 1800000
2015, RAJASTHAN, 8, BUNDI, 85, HINDOLI, 1219, OWAN, 36239, 1097199, Total, 0, 0, 0, 0, 0, 0, 2195000, 2195000
2015, RAJASTHAN, 8, BUNDI, 85, HINDOLI, 1219, PAGARA, 36240, 1098123, Drinking water, 0, 0, 0, 0, 0, 0, 480000, 480000
2015, RAJASTHAN, 8, BUNDI, 85, HINDOLI, 1219, PAGARA, 36240, 1098123, Roads, 0, 0, 0, 0, 0, 0, 420000, 420000
2015, RAJASTHAN, 8, BUNDI, 85, HINDOLI, 1219, PAGARA, 36240, 1098123, Sanitation, 0, 0, 0, 0, 0, 0, 510000, 510000
2015, RAJASTHAN, 8, BUNDI, 85, HINDOLI, 1219, PAGARA, 36240, 1098123, Total, 0, 0, 0, 0, 0, 0, 1410000, 1410000
2015, RAJASTHAN, 8, BUNDI, 85, HINDOLI, 1219, PECH KI BAVARI, 36241, 1097284, Administrative & Technical Support, 0, 0, 0, 0, 0, 0, 50000, 50000
2015, RAJASTHAN, 8, BUNDI, 85, HINDOLI, 1219, PECH KI BAVARI, 36241, 1097284, Drinking water, 0, 0, 0, 0, 0, 0, 300000, 300000
2015, RAJASTHAN, 8, BUNDI, 85, HINDOLI, 1219, PECH KI BAVARI, 36241, 1097284, Roads, 0, 0, 0, 0, 0, 0, 1750000, 1750000
2015, RAJASTHAN, 8, BUNDI, 85, HINDOLI, 1219, PECH KI BAVARI, 36241, 1097284, Sanitation, 0, 0, 0, 0, 0, 0, 120000, 120000
2015, RAJASTHAN, 8, BUNDI, 85, HINDOLI, 1219, PECH KI BAVARI, 36241, 1097284, Total, 0, 0, 0, 0, 0, 0, 2220000, 2220000
2015, RAJASTHAN, 8, BUNDI, 85, HINDOLI, 1219, RAMCHANDRAJI KA KHERA, 36242, 1101454, Administrative & Technical Support, 0, 0, 0, 0, 0, 0, 320000, 320000
2015, RAJASTHAN, 8, BUNDI, 85, HINDOLI, 1219, RAMCHANDRAJI KA KHERA, 36242, 1101454, Drinking water, 0, 0, 0, 0, 0, 0, 300000, 300000
2015, RAJASTHAN, 8, BUNDI, 85, HINDOLI, 1219, RAMCHANDRAJI KA KHERA, 36242, 1101454, Health, 0, 0, 0, 0, 0, 0, 250000, 250000
2015, RAJASTHAN, 8, BUNDI, 85, HINDOLI, 1219, RAMCHANDRAJI KA KHERA, 36242, 1101454, Roads, 0, 0, 0, 0, 0, 0, 1930000, 1930000
2015, RAJASTHAN, 8, BUNDI, 85, HINDOLI, 1219, RAMCHANDRAJI KA KHERA, 36242, 1101454, Total, 0, 0, 0, 0, 0, 0, 2800000, 2800000
2015, RAJASTHAN, 8, BUNDI, 85, HINDOLI, 1219, RANIPURA, 36243, 1109691, Drinking water, 0, 0, 0, 0, 0, 0, 1490000, 1490000
2015, RAJASTHAN, 8, BUNDI, 85, HINDOLI, 1219, RANIPURA, 36243, 1109691, Total, 0, 0, 0, 0, 0, 0, 1490000, 1490000
2015, RAJASTHAN, 8, BUNDI, 85, HINDOLI, 1219, RONEEJA, 36244, 1099460, Administrative & Technical Support, 0, 0, 0, 0, 0, 0, 101000, 101000
2015, RAJASTHAN, 8, BUNDI, 85, HINDOLI, 1219, RONEEJA, 36244, 1099460, Roads, 0, 0, 0, 0, 0, 0, 1125000, 1125000
2015, RAJASTHAN, 8, BUNDI, 85, HINDOLI, 1219, RONEEJA, 36244, 1099460, Total, 0, 0, 0, 0, 0, 0, 1226000, 1226000
2015, RAJASTHAN, 8, BUNDI, 85, HINDOLI, 1219, ROSANDA, 36245, 1088617, Drinking water, 0, 0, 0, 0, 0, 0, 520000, 520000
2015, RAJASTHAN, 8, BUNDI, 85, HINDOLI, 1219, ROSANDA, 36245, 1088617, Roads, 0, 0, 0, 0, 0, 0, 100000, 100000
2015, RAJASTHAN, 8, BUNDI, 85, HINDOLI, 1219, ROSANDA, 36245, 1088617, Sanitation, 0, 0, 0, 0, 0, 0, 75000, 75000
2015, RAJASTHAN, 8, BUNDI, 85, HINDOLI, 1219, ROSANDA, 36245, 1088617, Total, 0, 0, 0, 0, 0, 0, 695000, 695000
2015, RAJASTHAN, 8, BUNDI, 85, HINDOLI, 1219, SAHASPURIYA, 36246, 1087231, Drinking water, 0, 0, 0, 0, 0, 0, 420000, 420000
2015, RAJASTHAN, 8, BUNDI, 85, HINDOLI, 1219, SAHASPURIYA, 36246, 1087231, Roads, 0, 0, 0, 0, 0, 0, 860000, 860000
2015, RAJASTHAN, 8, BUNDI, 85, HINDOLI, 1219, SAHASPURIYA, 36246, 1087231, Total, 0, 0, 0, 0, 0, 0, 1280000, 1280000
2015, RAJASTHAN, 8, BUNDI, 85, HINDOLI, 1219, SANWATGARH, 36247, 1091715, Drinking water, 0, 0, 0, 0, 0, 0, 2160000, 2160000
2015, RAJASTHAN, 8, BUNDI, 85, HINDOLI, 1219, SANWATGARH, 36247, 1091715, Total, 0, 0, 0, 0, 0, 0, 2160000, 2160000
2015, RAJASTHAN, 8, BUNDI, 85, HINDOLI, 1219, SATHOOR, 36248, 1098054, Health, 0, 0, 0, 0, 0, 0, 250000, 250000
2015, RAJASTHAN, 8, BUNDI, 85, HINDOLI, 1219, SATHOOR, 36248, 1098054, Roads, 0, 0, 0, 0, 0, 0, 615000, 615000
2015, RAJASTHAN, 8, BUNDI, 85, HINDOLI, 1219, SATHOOR, 36248, 1098054, Total, 0, 0, 0, 0, 0, 0, 865000, 865000
2015, RAJASTHAN, 8, BUNDI, 85, HINDOLI, 1219, TALAB GAON, 262665, 1109709, Administrative & Technical Support, 0, 0, 0, 0, 0, 0, 700000, 700000
2015, RAJASTHAN, 8, BUNDI, 85, HINDOLI, 1219, TALAB GAON, 262665, 1109709, Total, 0, 0, 0, 0, 0, 0, 700000, 700000
2015, RAJASTHAN, 8, BUNDI, 85, HINDOLI, 1219, THANA, 36249, 1131501, Administrative & Technical Support, 0, 0, 0, 0, 0, 0, 100000, 100000
2015, RAJASTHAN, 8, BUNDI, 85, HINDOLI, 1219, THANA, 36249, 1131501, Drinking water, 0, 0, 0, 0, 0, 0, 865000, 865000
2015, RAJASTHAN, 8, BUNDI, 85, HINDOLI, 1219, THANA, 36249, 1131501, Health, 0, 0, 0, 0, 0, 0, 199000, 199000
2015, RAJASTHAN, 8, BUNDI, 85, HINDOLI, 1219, THANA, 36249, 1131501, Roads, 0, 0, 0, 0, 0, 0, 450000, 450000
2015, RAJASTHAN, 8, BUNDI, 85, HINDOLI, 1219, THANA, 36249, 1131501, Sanitation, 0, 0, 0, 0, 0, 0, 100000, 100000
2015, RAJASTHAN, 8, BUNDI, 85, HINDOLI, 1219, THANA, 36249, 1131501, Total, 0, 0, 0, 0, 0, 0, 1714000, 1714000
2015, RAJASTHAN, 8, BUNDI, 85, HINDOLI, 1219, THEEKARDA, 36250, 1108349, Administrative & Technical Support, 0, 0, 0, 0, 0, 0, 640000, 640000
2015, RAJASTHAN, 8, BUNDI, 85, HINDOLI, 1219, THEEKARDA, 36250, 1108349, Drinking water, 0, 0, 0, 0, 0, 0, 150000, 150000
2015, RAJASTHAN, 8, BUNDI, 85, HINDOLI, 1219, THEEKARDA, 36250, 1108349, Health, 0, 0, 0, 0, 0, 0, 100000, 100000
2015, RAJASTHAN, 8, BUNDI, 85, HINDOLI, 1219, THEEKARDA, 36250, 1108349, Public distribution system, 0, 0, 0, 0, 0, 0, 50000, 50000
2015, RAJASTHAN, 8, BUNDI, 85, HINDOLI, 1219, THEEKARDA, 36250, 1108349, Roads, 0, 0, 0, 0, 0, 0, 2700000, 2700000
2015, RAJASTHAN, 8, BUNDI, 85, HINDOLI, 1219, THEEKARDA, 36250, 1108349, Sanitation, 0, 0, 0, 0, 0, 0, 300000, 300000
2015, RAJASTHAN, 8, BUNDI, 85, HINDOLI, 1219, THEEKARDA, 36250, 1108349, Total, 0, 0, 0, 0, 0, 0, 3940000, 3940000
2015, RAJASTHAN, 8, BUNDI, 85, HINDOLI, 1219, TONKRA, 36251, 1086619, Drinking water, 0, 0, 0, 0, 0, 0, 540000, 540000
2015, RAJASTHAN, 8, BUNDI, 85, HINDOLI, 1219, TONKRA, 36251, 1086619, Roads, 0, 0, 0, 0, 0, 0, 500000, 500000
2015, RAJASTHAN, 8, BUNDI, 85, HINDOLI, 1219, TONKRA, 36251, 1086619, Total, 0, 0, 0, 0, 0, 0, 1040000, 1040000
2015, RAJASTHAN, 8, BUNDI, 85, HINDOLI, 1219, UMAR, 36252, 1098934, Administrative & Technical Support, 0, 0, 0, 0, 0, 0, 747000, 747000
2015, RAJASTHAN, 8, BUNDI, 85, HINDOLI, 1219, UMAR, 36252, 1098934, Drinking water, 0, 0, 0, 0, 0, 0, 480000, 480000
2015, RAJASTHAN, 8, BUNDI, 85, HINDOLI, 1219, UMAR, 36252, 1098934, Health, 0, 0, 0, 0, 0, 0, 150000, 150000
2015, RAJASTHAN, 8, BUNDI, 85, HINDOLI, 1219, UMAR, 36252, 1098934, Roads, 0, 0, 0, 0, 0, 0, 3600000, 3600000
2015, RAJASTHAN, 8, BUNDI, 85, HINDOLI, 1219, UMAR, 36252, 1098934, Total, 0, 0, 0, 0, 0, 0, 4977000, 4977000
2015, RAJASTHAN, 8, BUNDI, 85, HINDOLI, 1219, VIJAIGARH, 36253, 1102159, Administrative & Technical Support, 0, 0, 0, 0, 0, 0, 100000, 100000
2015, RAJASTHAN, 8, BUNDI, 85, HINDOLI, 1219, VIJAIGARH, 36253, 1102159, Agriculture, 0, 0, 0, 0, 0, 0, 150000, 150000
2015, RAJASTHAN, 8, BUNDI, 85, HINDOLI, 1219, VIJAIGARH, 36253, 1102159, Drinking water, 0, 0, 0, 0, 0, 0, 660000, 660000
2015, RAJASTHAN, 8, BUNDI, 85, HINDOLI, 1219, VIJAIGARH, 36253, 1102159, Public distribution system, 0, 0, 0, 0, 0, 0, 150000, 150000
2015, RAJASTHAN, 8, BUNDI, 85, HINDOLI, 1219, VIJAIGARH, 36253, 1102159, Roads, 0, 0, 0, 0, 0, 0, 1400000, 1400000
2015, RAJASTHAN, 8, BUNDI, 85, HINDOLI, 1219, VIJAIGARH, 36253, 1102159, Total, 0, 0, 0, 0, 0, 0, 2460000, 2460000
2015, RAJASTHAN, 8, BUNDI, 85, KESHORAIPATAN, 1220, AJANDA, 36254, 1099142, Drinking water, 0, 0, 0, 0, 0, 0, 36069, 36069
2015, RAJASTHAN, 8, BUNDI, 85, KESHORAIPATAN, 1220, AJANDA, 36254, 1099142, Health, 0, 0, 0, 0, 0, 0, 1100000, 1100000
2015, RAJASTHAN, 8, BUNDI, 85, KESHORAIPATAN, 1220, AJANDA, 36254, 1099142, Sanitation, 0, 0, 0, 0, 0, 0, 250000, 250000
2015, RAJASTHAN, 8, BUNDI, 85, KESHORAIPATAN, 1220, AJANDA, 36254, 1099142, Total, 0, 0, 0, 0, 0, 0, 1386069, 1386069
2015, RAJASTHAN, 8, BUNDI, 85, KESHORAIPATAN, 1220, ARNETHA, 36255, 1108337, Roads, 0, 0, 0, 0, 0, 0, 50000, 50000
2015, RAJASTHAN, 8, BUNDI, 85, KESHORAIPATAN, 1220, ARNETHA, 36255, 1108337, Sanitation, 0, 0, 0, 0, 0, 0, 200000, 200000
2015, RAJASTHAN, 8, BUNDI, 85, KESHORAIPATAN, 1220, ARNETHA, 36255, 1108337, Total, 0, 0, 0, 0, 0, 0, 250000, 250000
2015, RAJASTHAN, 8, BUNDI, 85, KESHORAIPATAN, 1220, BABAI, 36256, 1187357, Roads, 0, 0, 0, 0, 0, 0, 987500, 987500
2015, RAJASTHAN, 8, BUNDI, 85, KESHORAIPATAN, 1220, BABAI, 36256, 1187357, Total, 0, 0, 0, 0, 0, 0, 987500, 987500
2015, RAJASTHAN, 8, BUNDI, 85, KESHORAIPATAN, 1220, BADA KHERA, 36257, 1187576, Roads, 0, 0, 0, 0, 0, 0, 2969802, 2969802
2015, RAJASTHAN, 8, BUNDI, 85, KESHORAIPATAN, 1220, BADA KHERA, 36257, 1187576, Sanitation, 0, 0, 0, 0, 0, 0, 449371, 449371
2015, RAJASTHAN, 8, BUNDI, 85, KESHORAIPATAN, 1220, BADA KHERA, 36257, 1187576, Total, 0, 0, 0, 0, 0, 0, 3419173, 3419173
2015, RAJASTHAN, 8, BUNDI, 85, KESHORAIPATAN, 1220, BALKASA, 36258, 1100610, Drinking water, 0, 0, 0, 0, 0, 0, 45736, 45736
2015, RAJASTHAN, 8, BUNDI, 85, KESHORAIPATAN, 1220, BALKASA, 36258, 1100610, Health, 0, 0, 0, 0, 0, 0, 281038, 281038
2015, RAJASTHAN, 8, BUNDI, 85, KESHORAIPATAN, 1220, BALKASA, 36258, 1100610, Public distribution system, 0, 0, 0, 0, 0, 0, 700855, 700855
2015, RAJASTHAN, 8, BUNDI, 85, KESHORAIPATAN, 1220, BALKASA, 36258, 1100610, Total, 0, 0, 0, 0, 0, 0, 1027629, 1027629
2015, RAJASTHAN, 8, BUNDI, 85, KESHORAIPATAN, 1220, BALOD, 36259, 1101555, Roads, 0, 0, 0, 0, 0, 0, 1071479, 1071479
2015, RAJASTHAN, 8, BUNDI, 85, KESHORAIPATAN, 1220, BALOD, 36259, 1101555, Total, 0, 0, 0, 0, 0, 0, 1071479, 1071479
2015, RAJASTHAN, 8, BUNDI, 85, KESHORAIPATAN, 1220, BALWAN, 36260, 1182743, Health, 0, 0, 0, 0, 0, 0, 250000, 250000
2015, RAJASTHAN, 8, BUNDI, 85, KESHORAIPATAN, 1220, BALWAN, 36260, 1182743, Roads, 0, 0, 0, 0, 0, 0, 1650000, 1650000
2015, RAJASTHAN, 8, BUNDI, 85, KESHORAIPATAN, 1220, BALWAN, 36260, 1182743, Sanitation, 0, 0, 0, 0, 0, 0, 200000, 200000
2015, RAJASTHAN, 8, BUNDI, 85, KESHORAIPATAN, 1220, BALWAN, 36260, 1182743, Total, 0, 0, 0, 0, 0, 0, 2100000, 2100000
2015, RAJASTHAN, 8, BUNDI, 85, KESHORAIPATAN, 1220, BASWARA, 36261, 1102968, Drinking water, 0, 0, 0, 0, 0, 0, 680000, 680000
2015, RAJASTHAN, 8, BUNDI, 85, KESHORAIPATAN, 1220, BASWARA, 36261, 1102968, Public distribution system, 0, 0, 0, 0, 0, 0, 17200, 17200
2015, RAJASTHAN, 8, BUNDI, 85, KESHORAIPATAN, 1220, BASWARA, 36261, 1102968, Total, 0, 0, 0, 0, 0, 0, 697200, 697200
2015, RAJASTHAN, 8, BUNDI, 85, KESHORAIPATAN, 1220, BHEEYA, 36262, 1108577, Roads, 0, 0, 0, 0, 0, 0, 1070000, 1070000
2015, RAJASTHAN, 8, BUNDI, 85, KESHORAIPATAN, 1220, BHEEYA, 36262, 1108577, Total, 0, 0, 0, 0, 0, 0, 1070000, 1070000
2015, RAJASTHAN, 8, BUNDI, 85, KESHORAIPATAN, 1220, BORDA KACHIYAN, 36263, 1172986, Roads, 0, 0, 0, 0, 0, 0, 1402907, 1402907
2015, RAJASTHAN, 8, BUNDI, 85, KESHORAIPATAN, 1220, BORDA KACHIYAN, 36263, 1172986, Sanitation, 0, 0, 0, 0, 0, 0, 1022454, 1022454
2015, RAJASTHAN, 8, BUNDI, 85, KESHORAIPATAN, 1220, BORDA KACHIYAN, 36263, 1172986, Total, 0, 0, 0, 0, 0, 0, 2425361, 2425361
2015, RAJASTHAN, 8, BUNDI, 85, KESHORAIPATAN, 1220, CHADI, 36264, 1183214, Roads, 0, 0, 0, 0, 0, 0, 2006087, 2006087
2015, RAJASTHAN, 8, BUNDI, 85, KESHORAIPATAN, 1220, CHADI, 36264, 1183214, Total, 0, 0, 0, 0, 0, 0, 2006087, 2006087
2015, RAJASTHAN, 8, BUNDI, 85, KESHORAIPATAN, 1220, CHANDA KHURD, 36265, 1184792, Administrative & Technical Support, 0, 0, 0, 0, 0, 0, 9800, 9800
2015, RAJASTHAN, 8, BUNDI, 85, KESHORAIPATAN, 1220, CHANDA KHURD, 36265, 1184792, Cultural activities, 0, 0, 0, 0, 0, 0, 147254, 147254
2015, RAJASTHAN, 8, BUNDI, 85, KESHORAIPATAN, 1220, CHANDA KHURD, 36265, 1184792, Drinking water, 0, 0, 0, 0, 0, 0, 445400, 445400
2015, RAJASTHAN, 8, BUNDI, 85, KESHORAIPATAN, 1220, CHANDA KHURD, 36265, 1184792, Roads, 0, 0, 0, 0, 0, 0, 1086500, 1086500
2015, RAJASTHAN, 8, BUNDI, 85, KESHORAIPATAN, 1220, CHANDA KHURD, 36265, 1184792, Sanitation, 0, 0, 0, 0, 0, 0, 20000, 20000
2015, RAJASTHAN, 8, BUNDI, 85, KESHORAIPATAN, 1220, CHANDA KHURD, 36265, 1184792, Total, 0, 0, 0, 0, 0, 0, 1708954, 1708954
2015, RAJASTHAN, 8, BUNDI, 85, KESHORAIPATAN, 1220, CHARDANA, 36266, 1182355, Drinking water, 0, 0, 0, 0, 0, 0, 274824, 274824
2015, RAJASTHAN, 8, BUNDI, 85, KESHORAIPATAN, 1220, CHARDANA, 36266, 1182355, Roads, 0, 0, 0, 0, 0, 0, 1507850, 1507850
2015, RAJASTHAN, 8, BUNDI, 85, KESHORAIPATAN, 1220, CHARDANA, 36266, 1182355, Sanitation, 0, 0, 0, 0, 0, 0, 59824, 59824
2015, RAJASTHAN, 8, BUNDI, 85, KESHORAIPATAN, 1220, CHARDANA, 36266, 1182355, Total, 0, 0, 0, 0, 0, 0, 1842498, 1842498
2015, RAJASTHAN, 8, BUNDI, 85, KESHORAIPATAN, 1220, CHITAWA, 36267, 1184608, Roads, 0, 0, 0, 0, 0, 0, 2508673, 2508673
2015, RAJASTHAN, 8, BUNDI, 85, KESHORAIPATAN, 1220, CHITAWA, 36267, 1184608, Sanitation, 0, 0, 0, 0, 0, 0, 499985, 499985
2015, RAJASTHAN, 8, BUNDI, 85, KESHORAIPATAN, 1220, CHITAWA, 36267, 1184608, Total, 0, 0, 0, 0, 0, 0, 3008658, 3008658
2015, RAJASTHAN, 8, BUNDI, 85, KESHORAIPATAN, 1220, DAULATPURA, 36268, 1183387, Drinking water, 0, 0, 0, 0, 0, 0, 400000, 400000
2015, RAJASTHAN, 8, BUNDI, 85, KESHORAIPATAN, 1220, DAULATPURA, 36268, 1183387, Roads, 0, 0, 0, 0, 0, 0, 750000, 750000
2015, RAJASTHAN, 8, BUNDI, 85, KESHORAIPATAN, 1220, DAULATPURA, 36268, 1183387, Total, 0, 0, 0, 0, 0, 0, 1150000, 1150000
2015, RAJASTHAN, 8, BUNDI, 85, KESHORAIPATAN, 1220, DEI KHERA, 36269, 1187955, Drinking water, 0, 0, 0, 0, 0, 0, 71521, 71521
2015, RAJASTHAN, 8, BUNDI, 85, KESHORAIPATAN, 1220, DEI KHERA, 36269, 1187955, Roads, 0, 0, 0, 0, 0, 0, 1250000, 1250000
2015, RAJASTHAN, 8, BUNDI, 85, KESHORAIPATAN, 1220, DEI KHERA, 36269, 1187955, Total, 0, 0, 0, 0, 0, 0, 1321521, 1321521
2015, RAJASTHAN, 8, BUNDI, 85, KESHORAIPATAN, 1220, GENDOLI KHURD, 36270, 1112036, Drinking water, 0, 0, 0, 0, 0, 0, 91970, 91970
2015, RAJASTHAN, 8, BUNDI, 85, KESHORAIPATAN, 1220, GENDOLI KHURD, 36270, 1112036, Health, 0, 0, 0, 0, 0, 0, 85054, 85054
2015, RAJASTHAN, 8, BUNDI, 85, KESHORAIPATAN, 1220, GENDOLI KHURD, 36270, 1112036, Maintenance of community system, 0, 0, 0, 0, 0, 0, 142375, 142375
2015, RAJASTHAN, 8, BUNDI, 85, KESHORAIPATAN, 1220, GENDOLI KHURD, 36270, 1112036, Public distribution system, 0, 0, 0, 0, 0, 0, 39710, 39710
2015, RAJASTHAN, 8, BUNDI, 85, KESHORAIPATAN, 1220, GENDOLI KHURD, 36270, 1112036, Total, 0, 0, 0, 0, 0, 0, 359109, 359109
2015, RAJASTHAN, 8, BUNDI, 85, KESHORAIPATAN, 1220, GHAT KA BARANA, 36271, 1108909, Drinking water, 0, 0, 0, 0, 0, 0, 340000, 340000
2015, RAJASTHAN, 8, BUNDI, 85, KESHORAIPATAN, 1220, GHAT KA BARANA, 36271, 1108909, Health, 0, 0, 0, 0, 0, 0, 84358, 84358
2015, RAJASTHAN, 8, BUNDI, 85, KESHORAIPATAN, 1220, GHAT KA BARANA, 36271, 1108909, Roads, 0, 0, 0, 0, 0, 0, 640000, 640000
2015, RAJASTHAN, 8, BUNDI, 85, KESHORAIPATAN, 1220, GHAT KA BARANA, 36271, 1108909, Total, 0, 0, 0, 0, 0, 0, 1064358, 1064358
2015, RAJASTHAN, 8, BUNDI, 85, KESHORAIPATAN, 1220, GUDHA, 36272, 1098618, Drinking water, 0, 0, 0, 0, 0, 0, 29990, 29990
2015, RAJASTHAN, 8, BUNDI, 85, KESHORAIPATAN, 1220, GUDHA, 36272, 1098618, Public distribution system, 0, 0, 0, 0, 0, 0, 114814, 114814
2015, RAJASTHAN, 8, BUNDI, 85, KESHORAIPATAN, 1220, GUDHA, 36272, 1098618, Roads, 0, 0, 0, 0, 0, 0, 399372, 399372
2015, RAJASTHAN, 8, BUNDI, 85, KESHORAIPATAN, 1220, GUDHA, 36272, 1098618, Total, 0, 0, 0, 0, 0, 0, 544176, 544176
2015, RAJASTHAN, 8, BUNDI, 85, KESHORAIPATAN, 1220, GUDLI, 36273, 1098215, Roads, 0, 0, 0, 0, 0, 0, 637500, 637500
2015, RAJASTHAN, 8, BUNDI, 85, KESHORAIPATAN, 1220, GUDLI, 36273, 1098215, Sanitation, 0, 0, 0, 0, 0, 0, 750000, 750000
2015, RAJASTHAN, 8, BUNDI, 85, KESHORAIPATAN, 1220, GUDLI, 36273, 1098215, Total, 0, 0, 0, 0, 0, 0, 1387500, 1387500
2015, RAJASTHAN, 8, BUNDI, 85, KESHORAIPATAN, 1220, GUHATA, 36274, 1178915, Drinking water, 0, 0, 0, 0, 0, 0, 211612, 211612
2015, RAJASTHAN, 8, BUNDI, 85, KESHORAIPATAN, 1220, GUHATA, 36274, 1178915, Roads, 0, 0, 0, 0, 0, 0, 466704, 466704
2015, RAJASTHAN, 8, BUNDI, 85, KESHORAIPATAN, 1220, GUHATA, 36274, 1178915, Total, 0, 0, 0, 0, 0, 0, 678316, 678316
2015, RAJASTHAN, 8, BUNDI, 85, KESHORAIPATAN, 1220, HINGONIA, 36275, 1113525, Roads, 0, 0, 0, 0, 0, 0, 1713823, 1713823
2015, RAJASTHAN, 8, BUNDI, 85, KESHORAIPATAN, 1220, HINGONIA, 36275, 1113525, Total, 0, 0, 0, 0, 0, 0, 1713823, 1713823
2015, RAJASTHAN, 8, BUNDI, 85, KESHORAIPATAN, 1220, JAISTHAL, 36276, 1184837, Roads, 0, 0, 0, 0, 0, 0, 1525000, 1525000
2015, RAJASTHAN, 8, BUNDI, 85, KESHORAIPATAN, 1220, JAISTHAL, 36276, 1184837, Sanitation, 0, 0, 0, 0, 0, 0, 900000, 900000
2015, RAJASTHAN, 8, BUNDI, 85, KESHORAIPATAN, 1220, JAISTHAL, 36276, 1184837, Total, 0, 0, 0, 0, 0, 0, 2425000, 2425000
2015, RAJASTHAN, 8, BUNDI, 85, KESHORAIPATAN, 1220, JALODA, 36277, 1101959, Roads, 0, 0, 0, 0, 0, 0, 900000, 900000
2015, RAJASTHAN, 8, BUNDI, 85, KESHORAIPATAN, 1220, JALODA, 36277, 1101959, Sanitation, 0, 0, 0, 0, 0, 0, 250000, 250000
2015, RAJASTHAN, 8, BUNDI, 85, KESHORAIPATAN, 1220, JALODA, 36277, 1101959, Total, 0, 0, 0, 0, 0, 0, 1150000, 1150000
2015, RAJASTHAN, 8, BUNDI, 85, KESHORAIPATAN, 1220, JHALI JI KA BARANA, 36278, 1187505, Health, 0, 0, 0, 0, 0, 0, 146244, 146244
2015, RAJASTHAN, 8, BUNDI, 85, KESHORAIPATAN, 1220, JHALI JI KA BARANA, 36278, 1187505, Roads, 0, 0, 0, 0, 0, 0, 2005674, 2005674
2015, RAJASTHAN, 8, BUNDI, 85, KESHORAIPATAN, 1220, JHALI JI KA BARANA, 36278, 1187505, Sanitation, 0, 0, 0, 0, 0, 0, 1339035, 1339035
2015, RAJASTHAN, 8, BUNDI, 85, KESHORAIPATAN, 1220, JHALI JI KA BARANA, 36278, 1187505, Total, 0, 0, 0, 0, 0, 0, 3490953, 3490953
2015, RAJASTHAN, 8, BUNDI, 85, KESHORAIPATAN, 1220, KARWALA KI JHO., 36280, 1187030, Drinking water, 0, 0, 0, 0, 0, 0, 120000, 120000
2015, RAJASTHAN, 8, BUNDI, 85, KESHORAIPATAN, 1220, KARWALA KI JHO., 36280, 1187030, Roads, 0, 0, 0, 0, 0, 0, 2797877, 2797877
2015, RAJASTHAN, 8, BUNDI, 85, KESHORAIPATAN, 1220, KARWALA KI JHO., 36280, 1187030, Sanitation, 0, 0, 0, 0, 0, 0, 349969, 349969
2015, RAJASTHAN, 8, BUNDI, 85, KESHORAIPATAN, 1220, KARWALA KI JHO., 36280, 1187030, Total, 0, 0, 0, 0, 0, 0, 3267846, 3267846
2015, RAJASTHAN, 8, BUNDI, 85, KESHORAIPATAN, 1220, KARWALA, 36279, 1192118, Drinking water, 0, 0, 0, 0, 0, 0, 318491, 318491
2015, RAJASTHAN, 8, BUNDI, 85, KESHORAIPATAN, 1220, KARWALA, 36279, 1192118, Roads, 0, 0, 0, 0, 0, 0, 212000, 212000
2015, RAJASTHAN, 8, BUNDI, 85, KESHORAIPATAN, 1220, KARWALA, 36279, 1192118, Sanitation, 0, 0, 0, 0, 0, 0, 752500, 752500
2015, RAJASTHAN, 8, BUNDI, 85, KESHORAIPATAN, 1220, KARWALA, 36279, 1192118, Total, 0, 0, 0, 0, 0, 0, 1282991, 1282991
2015, RAJASTHAN, 8, BUNDI, 85, KESHORAIPATAN, 1220, KHARAYTA, 36281, 1108211, Drinking water, 0, 0, 0, 0, 0, 0, 53000, 53000
2015, RAJASTHAN, 8, BUNDI, 85, KESHORAIPATAN, 1220, KHARAYTA, 36281, 1108211, Roads, 0, 0, 0, 0, 0, 0, 475000, 475000
2015, RAJASTHAN, 8, BUNDI, 85, KESHORAIPATAN, 1220, KHARAYTA, 36281, 1108211, Sanitation, 0, 0, 0, 0, 0, 0, 520000, 520000
2015, RAJASTHAN, 8, BUNDI, 85, KESHORAIPATAN, 1220, KHARAYTA, 36281, 1108211, Total, 0, 0, 0, 0, 0, 0, 1048000, 1048000
2015, RAJASTHAN, 8, BUNDI, 85, KESHORAIPATAN, 1220, LABAN, 36282, 1099644, Health, 0, 0, 0, 0, 0, 0, 950000, 950000
2015, RAJASTHAN, 8, BUNDI, 85, KESHORAIPATAN, 1220, LABAN, 36282, 1099644, Total, 0, 0, 0, 0, 0, 0, 950000, 950000
2015, RAJASTHAN, 8, BUNDI, 85, KESHORAIPATAN, 1220, LESARDA, 36283, 1194732, Roads, 0, 0, 0, 0, 0, 0, 1909597, 1909597
2015, RAJASTHAN, 8, BUNDI, 85, KESHORAIPATAN, 1220, LESARDA, 36283, 1194732, Sanitation, 0, 0, 0, 0, 0, 0, 234815, 234815
2015, RAJASTHAN, 8, BUNDI, 85, KESHORAIPATAN, 1220, LESARDA, 36283, 1194732, Total, 0, 0, 0, 0, 0, 0, 2144412, 2144412
2015, RAJASTHAN, 8, BUNDI, 85, KESHORAIPATAN, 1220, MADHORAJPURA, 36284, 1101070, Drinking water, 0, 0, 0, 0, 0, 0, 80000, 80000
2015, RAJASTHAN, 8, BUNDI, 85, KESHORAIPATAN, 1220, MADHORAJPURA, 36284, 1101070, Roads, 0, 0, 0, 0, 0, 0, 1250000, 1250000
2015, RAJASTHAN, 8, BUNDI, 85, KESHORAIPATAN, 1220, MADHORAJPURA, 36284, 1101070, Sanitation, 0, 0, 0, 0, 0, 0, 250000, 250000
2015, RAJASTHAN, 8, BUNDI, 85, KESHORAIPATAN, 1220, MADHORAJPURA, 36284, 1101070, Total, 0, 0, 0, 0, 0, 0, 1580000, 1580000
2015, RAJASTHAN, 8, BUNDI, 85, KESHORAIPATAN, 1220, MAKHEEDA, 36285, 1109000, Health, 0, 0, 0, 0, 0, 0, 250000, 250000
2015, RAJASTHAN, 8, BUNDI, 85, KESHORAIPATAN, 1220, MAKHEEDA, 36285, 1109000, Roads, 0, 0, 0, 0, 0, 0, 1125000, 1125000
2015, RAJASTHAN, 8, BUNDI, 85, KESHORAIPATAN, 1220, MAKHEEDA, 36285, 1109000, Total, 0, 0, 0, 0, 0, 0, 1375000, 1375000
2015, RAJASTHAN, 8, BUNDI, 85, KESHORAIPATAN, 1220, MAYAJA, 36286, 1190794, Roads, 0, 0, 0, 0, 0, 0, 1435137, 1435137
2015, RAJASTHAN, 8, BUNDI, 85, KESHORAIPATAN, 1220, MAYAJA, 36286, 1190794, Total, 0, 0, 0, 0, 0, 0, 1435137, 1435137
2015, RAJASTHAN, 8, BUNDI, 85, KESHORAIPATAN, 1220, MOHANPURA, 36287, 1187332, Sanitation, 0, 0, 0, 0, 0, 0, 3559302, 3559302
2015, RAJASTHAN, 8, BUNDI, 85, KESHORAIPATAN, 1220, MOHANPURA, 36287, 1187332, Total, 0, 0, 0, 0, 0, 0, 3559302, 3559302
2015, RAJASTHAN, 8, BUNDI, 85, KESHORAIPATAN, 1220, NAWAL PURA, 36288, 1108467, Drinking water, 0, 0, 0, 0, 0, 0, 171000, 171000
2015, RAJASTHAN, 8, BUNDI, 85, KESHORAIPATAN, 1220, NAWAL PURA, 36288, 1108467, Roads, 0, 0, 0, 0, 0, 0, 314000, 314000
2015, RAJASTHAN, 8, BUNDI, 85, KESHORAIPATAN, 1220, NAWAL PURA, 36288, 1108467, Total, 0, 0, 0, 0, 0, 0, 485000, 485000
2015, RAJASTHAN, 8, BUNDI, 85, KESHORAIPATAN, 1220, NOTARA, 36289, 1171283, Roads, 0, 0, 0, 0, 0, 0, 393799, 393799
2015, RAJASTHAN, 8, BUNDI, 85, KESHORAIPATAN, 1220, NOTARA, 36289, 1171283, Sanitation, 0, 0, 0, 0, 0, 0, 49359, 49359
2015, RAJASTHAN, 8, BUNDI, 85, KESHORAIPATAN, 1220, NOTARA, 36289, 1171283, Total, 0, 0, 0, 0, 0, 0, 443158, 443158
2015, RAJASTHAN, 8, BUNDI, 85, KESHORAIPATAN, 1220, PAPADI, 36290, 1186456, Drinking water, 0, 0, 0, 0, 0, 0, 64095, 64095
2015, RAJASTHAN, 8, BUNDI, 85, KESHORAIPATAN, 1220, PAPADI, 36290, 1186456, Roads, 0, 0, 0, 0, 0, 0, 836859, 836859
2015, RAJASTHAN, 8, BUNDI, 85, KESHORAIPATAN, 1220, PAPADI, 36290, 1186456, Sanitation, 0, 0, 0, 0, 0, 0, 97601, 97601
2015, RAJASTHAN, 8, BUNDI, 85, KESHORAIPATAN, 1220, PAPADI, 36290, 1186456, Total, 0, 0, 0, 0, 0, 0, 998555, 998555
2015, RAJASTHAN, 8, BUNDI, 85, KESHORAIPATAN, 1220, PHOLAI, 36291, 1184899, Roads, 0, 0, 0, 0, 0, 0, 749739, 749739
2015, RAJASTHAN, 8, BUNDI, 85, KESHORAIPATAN, 1220, PHOLAI, 36291, 1184899, Sanitation, 0, 0, 0, 0, 0, 0, 836550, 836550
2015, RAJASTHAN, 8, BUNDI, 85, KESHORAIPATAN, 1220, PHOLAI, 36291, 1184899, Total, 0, 0, 0, 0, 0, 0, 1586289, 1586289
2015, RAJASTHAN, 8, BUNDI, 85, KESHORAIPATAN, 1220, RADI, 36292, 1182701, Roads, 0, 0, 0, 0, 0, 0, 1047450, 1047450
2015, RAJASTHAN, 8, BUNDI, 85, KESHORAIPATAN, 1220, RADI, 36292, 1182701, Sanitation, 0, 0, 0, 0, 0, 0, 187779, 187779
2015, RAJASTHAN, 8, BUNDI, 85, KESHORAIPATAN, 1220, RADI, 36292, 1182701, Total, 0, 0, 0, 0, 0, 0, 1235229, 1235229
2015, RAJASTHAN, 8, BUNDI, 85, KESHORAIPATAN, 1220, REBARPURA, 36293, 1101173, Drinking water, 0, 0, 0, 0, 0, 0, 70000, 70000
2015, RAJASTHAN, 8, BUNDI, 85, KESHORAIPATAN, 1220, REBARPURA, 36293, 1101173, Roads, 0, 0, 0, 0, 0, 0, 725000, 725000
2015, RAJASTHAN, 8, BUNDI, 85, KESHORAIPATAN, 1220, REBARPURA, 36293, 1101173, Sanitation, 0, 0, 0, 0, 0, 0, 275000, 275000
2015, RAJASTHAN, 8, BUNDI, 85, KESHORAIPATAN, 1220, REBARPURA, 36293, 1101173, Total, 0, 0, 0, 0, 0, 0, 1070000, 1070000
2015, RAJASTHAN, 8, BUNDI, 85, KESHORAIPATAN, 1220, ROTEDA, 36294, 1099191, Drinking water, 0, 0, 0, 0, 0, 0, 100000, 100000
2015, RAJASTHAN, 8, BUNDI, 85, KESHORAIPATAN, 1220, ROTEDA, 36294, 1099191, Health, 0, 0, 0, 0, 0, 0, 100000, 100000
2015, RAJASTHAN, 8, BUNDI, 85, KESHORAIPATAN, 1220, ROTEDA, 36294, 1099191, Roads, 0, 0, 0, 0, 0, 0, 1000000, 1000000
2015, RAJASTHAN, 8, BUNDI, 85, KESHORAIPATAN, 1220, ROTEDA, 36294, 1099191, Total, 0, 0, 0, 0, 0, 0, 1200000, 1200000
2015, RAJASTHAN, 8, BUNDI, 85, KESHORAIPATAN, 1220, SAKHAWADA, 36295, 1101188, Drinking water, 0, 0, 0, 0, 0, 0, 160000, 160000
2015, RAJASTHAN, 8, BUNDI, 85, KESHORAIPATAN, 1220, SAKHAWADA, 36295, 1101188, Roads, 0, 0, 0, 0, 0, 0, 430000, 430000
2015, RAJASTHAN, 8, BUNDI, 85, KESHORAIPATAN, 1220, SAKHAWADA, 36295, 1101188, Sanitation, 0, 0, 0, 0, 0, 0, 425000, 425000
2015, RAJASTHAN, 8, BUNDI, 85, KESHORAIPATAN, 1220, SAKHAWADA, 36295, 1101188, Total, 0, 0, 0, 0, 0, 0, 1015000, 1015000
2015, RAJASTHAN, 8, BUNDI, 85, KESHORAIPATAN, 1220, SARSALA, 36296, 1108362, Roads, 0, 0, 0, 0, 0, 0, 1000000, 1000000
2015, RAJASTHAN, 8, BUNDI, 85, KESHORAIPATAN, 1220, SARSALA, 36296, 1108362, Total, 0, 0, 0, 0, 0, 0, 1000000, 1000000
2015, RAJASTHAN, 8, BUNDI, 85, KESHORAIPATAN, 1220, SOONAGAR, 36297, 1109178, Sanitation, 0, 0, 0, 0, 0, 0, 456813, 456813
2015, RAJASTHAN, 8, BUNDI, 85, KESHORAIPATAN, 1220, SOONAGAR, 36297, 1109178, Total, 0, 0, 0, 0, 0, 0, 456813, 456813
2015, RAJASTHAN, 8, BUNDI, 85, KESHORAIPATAN, 1220, SUMERGANJ MANDI, 36298, 1104885, Roads, 0, 0, 0, 0, 0, 0, 853000, 853000
2015, RAJASTHAN, 8, BUNDI, 85, KESHORAIPATAN, 1220, SUMERGANJ MANDI, 36298, 1104885, Total, 0, 0, 0, 0, 0, 0, 853000, 853000
2015, RAJASTHAN, 8, BUNDI, 85, KESHORAIPATAN, 1220, UTRANA, 36299, 1186405, Drinking water, 0, 0, 0, 0, 0, 0, 184990, 184990
2015, RAJASTHAN, 8, BUNDI, 85, KESHORAIPATAN, 1220, UTRANA, 36299, 1186405, Roads, 0, 0, 0, 0, 0, 0, 95858, 95858
2015, RAJASTHAN, 8, BUNDI, 85, KESHORAIPATAN, 1220, UTRANA, 36299, 1186405, Total, 0, 0, 0, 0, 0, 0, 280848, 280848
2015, RAJASTHAN, 8, BUNDI, 85, NAINWA, 1221, ANTARDA, 36300, 1070947, Drinking water, 0, 0, 0, 0, 0, 0, 465000, 465000
2015, RAJASTHAN, 8, BUNDI, 85, NAINWA, 1221, ANTARDA, 36300, 1070947, Sanitation, 0, 0, 0, 0, 0, 0, 1009700, 1009700
2015, RAJASTHAN, 8, BUNDI, 85, NAINWA, 1221, ANTARDA, 36300, 1070947, Total, 0, 0, 0, 0, 0, 0, 1474700, 1474700
2015, RAJASTHAN, 8, BUNDI, 85, NAINWA, 1221, ANTARDA, 36300, 1163537, Roads, 0, 0, 0, 0, 0, 0, 1703540, 1703540
2015, RAJASTHAN, 8, BUNDI, 85, NAINWA, 1221, ANTARDA, 36300, 1163537, Total, 0, 0, 0, 0, 0, 0, 1703540, 1703540
2015, RAJASTHAN, 8, BUNDI, 85, NAINWA, 1221, BACHHOLA, 36301, 1157279, Drinking water, 0, 0, 0, 0, 0, 0, 332000, 332000
2015, RAJASTHAN, 8, BUNDI, 85, NAINWA, 1221, BACHHOLA, 36301, 1157279, Sanitation, 0, 0, 0, 0, 0, 0, 1028000, 1028000
2015, RAJASTHAN, 8, BUNDI, 85, NAINWA, 1221, BACHHOLA, 36301, 1157279, Total, 0, 0, 0, 0, 0, 0, 1360000, 1360000
2015, RAJASTHAN, 8, BUNDI, 85, NAINWA, 1221, BACHHOLA, 36301, 1163582, Roads, 0, 0, 0, 0, 0, 0, 1500000, 1500000
2015, RAJASTHAN, 8, BUNDI, 85, NAINWA, 1221, BACHHOLA, 36301, 1163582, Total, 0, 0, 0, 0, 0, 0, 1500000, 1500000
2015, RAJASTHAN, 8, BUNDI, 85, NAINWA, 1221, BALAPURA, 36302, 1078980, Administrative & Technical Support, 0, 0, 0, 0, 0, 0, 100000, 100000
2015, RAJASTHAN, 8, BUNDI, 85, NAINWA, 1221, BALAPURA, 36302, 1078980, Drinking water, 0, 0, 0, 0, 0, 0, 335840, 335840
2015, RAJASTHAN, 8, BUNDI, 85, NAINWA, 1221, BALAPURA, 36302, 1078980, Sanitation, 0, 0, 0, 0, 0, 0, 509000, 509000
2015, RAJASTHAN, 8, BUNDI, 85, NAINWA, 1221, BALAPURA, 36302, 1078980, Total, 0, 0, 0, 0, 0, 0, 944840, 944840
2015, RAJASTHAN, 8, BUNDI, 85, NAINWA, 1221, BALAPURA, 36302, 1163595, Roads, 0, 0, 0, 0, 0, 0, 1400000, 1400000
2015, RAJASTHAN, 8, BUNDI, 85, NAINWA, 1221, BALAPURA, 36302, 1163595, Total, 0, 0, 0, 0, 0, 0, 1400000, 1400000
2015, RAJASTHAN, 8, BUNDI, 85, NAINWA, 1221, BAMANGAON, 36303, 1081291, Drinking water, 0, 0, 0, 0, 0, 0, 400000, 400000
2015, RAJASTHAN, 8, BUNDI, 85, NAINWA, 1221, BAMANGAON, 36303, 1081291, Total, 0, 0, 0, 0, 0, 0, 400000, 400000
2015, RAJASTHAN, 8, BUNDI, 85, NAINWA, 1221, BAMANGAON, 36303, 1163616, Roads, 0, 0, 0, 0, 0, 0, 1200000, 1200000
2015, RAJASTHAN, 8, BUNDI, 85, NAINWA, 1221, BAMANGAON, 36303, 1163616, Total, 0, 0, 0, 0, 0, 0, 1200000, 1200000
2015, RAJASTHAN, 8, BUNDI, 85, NAINWA, 1221, BANSI, 36304, 1157310, Drinking water, 0, 0, 0, 0, 0, 0, 742844, 742844
2015, RAJASTHAN, 8, BUNDI, 85, NAINWA, 1221, BANSI, 36304, 1157310, Sanitation, 0, 0, 0, 0, 0, 0, 795000, 795000
2015, RAJASTHAN, 8, BUNDI, 85, NAINWA, 1221, BANSI, 36304, 1157310, Total, 0, 0, 0, 0, 0, 0, 1537844, 1537844
2015, RAJASTHAN, 8, BUNDI, 85, NAINWA, 1221, BANSI, 36304, 1163717, Roads, 0, 0, 0, 0, 0, 0, 1776483, 1776483
2015, RAJASTHAN, 8, BUNDI, 85, NAINWA, 1221, BANSI, 36304, 1163717, Total, 0, 0, 0, 0, 0, 0, 1776483, 1776483
2015, RAJASTHAN, 8, BUNDI, 85, NAINWA, 1221, BHAJNERI, 36305, 1157370, Drinking water, 0, 0, 0, 0, 0, 0, 1200000, 1200000
2015, RAJASTHAN, 8, BUNDI, 85, NAINWA, 1221, BHAJNERI, 36305, 1157370, Sanitation, 0, 0, 0, 0, 0, 0, 563692, 563692
2015, RAJASTHAN, 8, BUNDI, 85, NAINWA, 1221, BHAJNERI, 36305, 1157370, Total, 0, 0, 0, 0, 0, 0, 1763692, 1763692
2015, RAJASTHAN, 8, BUNDI, 85, NAINWA, 1221, BHAJNERI, 36305, 1163802, Roads, 0, 0, 0, 0, 0, 0, 2200000, 2200000
2015, RAJASTHAN, 8, BUNDI, 85, NAINWA, 1221, BHAJNERI, 36305, 1163802, Total, 0, 0, 0, 0, 0, 0, 2200000, 2200000
2015, RAJASTHAN, 8, BUNDI, 85, NAINWA, 1221, DEI, 36306, 1160973, Drinking water, 0, 0, 0, 0, 0, 0, 1638436, 1638436
2015, RAJASTHAN, 8, BUNDI, 85, NAINWA, 1221, DEI, 36306, 1160973, Sanitation, 0, 0, 0, 0, 0, 0, 2526489, 2526489
2015, RAJASTHAN, 8, BUNDI, 85, NAINWA, 1221, DEI, 36306, 1160973, Total, 0, 0, 0, 0, 0, 0, 4164925, 4164925
2015, RAJASTHAN, 8, BUNDI, 85, NAINWA, 1221, DEI, 36306, 1164338, Roads, 0, 0, 0, 0, 0, 0, 4972454, 4972454
2015, RAJASTHAN, 8, BUNDI, 85, NAINWA, 1221, DEI, 36306, 1164338, Total, 0, 0, 0, 0, 0, 0, 4972454, 4972454
2015, RAJASTHAN, 8, BUNDI, 85, NAINWA, 1221, DODI, 36307, 1080952, Drinking water, 0, 0, 0, 0, 0, 0, 566000, 566000
2015, RAJASTHAN, 8, BUNDI, 85, NAINWA, 1221, DODI, 36307, 1080952, Sanitation, 0, 0, 0, 0, 0, 0, 550000, 550000
2015, RAJASTHAN, 8, BUNDI, 85, NAINWA, 1221, DODI, 36307, 1080952, Total, 0, 0, 0, 0, 0, 0, 1116000, 1116000
2015, RAJASTHAN, 8, BUNDI, 85, NAINWA, 1221, DODI, 36307, 1164377, Roads, 0, 0, 0, 0, 0, 0, 1831672, 1831672
2015, RAJASTHAN, 8, BUNDI, 85, NAINWA, 1221, DODI, 36307, 1164377, Total, 0, 0, 0, 0, 0, 0, 1831672, 1831672
2015, RAJASTHAN, 8, BUNDI, 85, NAINWA, 1221, DOKOON, 36308, 1157432, Drinking water, 0, 0, 0, 0, 0, 0, 1098745, 1098745
2015, RAJASTHAN, 8, BUNDI, 85, NAINWA, 1221, DOKOON, 36308, 1157432, Sanitation, 0, 0, 0, 0, 0, 0, 250000, 250000
2015, RAJASTHAN, 8, BUNDI, 85, NAINWA, 1221, DOKOON, 36308, 1157432, Total, 0, 0, 0, 0, 0, 0, 1348745, 1348745
2015, RAJASTHAN, 8, BUNDI, 85, NAINWA, 1221, DOKOON, 36308, 1164415, Roads, 0, 0, 0, 0, 0, 0, 1558040, 1558040
2015, RAJASTHAN, 8, BUNDI, 85, NAINWA, 1221, DOKOON, 36308, 1164415, Total, 0, 0, 0, 0, 0, 0, 1558040, 1558040
2015, RAJASTHAN, 8, BUNDI, 85, NAINWA, 1221, DUGARI, 36309, 1159142, Roads, 0, 0, 0, 0, 0, 0, 2704021, 2704021
2015, RAJASTHAN, 8, BUNDI, 85, NAINWA, 1221, DUGARI, 36309, 1159142, Total, 0, 0, 0, 0, 0, 0, 2704021, 2704021
2015, RAJASTHAN, 8, BUNDI, 85, NAINWA, 1221, GAMBHIRA, 36311, 1079579, Drinking water, 0, 0, 0, 0, 0, 0, 1509209, 1509209
2015, RAJASTHAN, 8, BUNDI, 85, NAINWA, 1221, GAMBHIRA, 36311, 1079579, Sanitation, 0, 0, 0, 0, 0, 0, 484000, 484000
2015, RAJASTHAN, 8, BUNDI, 85, NAINWA, 1221, GAMBHIRA, 36311, 1079579, Total, 0, 0, 0, 0, 0, 0, 1993209, 1993209
2015, RAJASTHAN, 8, BUNDI, 85, NAINWA, 1221, GAMBHIRA, 36311, 1164586, Roads, 0, 0, 0, 0, 0, 0, 2074428, 2074428
2015, RAJASTHAN, 8, BUNDI, 85, NAINWA, 1221, GAMBHIRA, 36311, 1164586, Total, 0, 0, 0, 0, 0, 0, 2074428, 2074428
2015, RAJASTHAN, 8, BUNDI, 85, NAINWA, 1221, GURA DEVJI, 36312, 1082939, Drinking water, 0, 0, 0, 0, 0, 0, 473000, 473000
2015, RAJASTHAN, 8, BUNDI, 85, NAINWA, 1221, GURA DEVJI, 36312, 1082939, Sanitation, 0, 0, 0, 0, 0, 0, 45000, 45000
2015, RAJASTHAN, 8, BUNDI, 85, NAINWA, 1221, GURA DEVJI, 36312, 1082939, Total, 0, 0, 0, 0, 0, 0, 518000, 518000
2015, RAJASTHAN, 8, BUNDI, 85, NAINWA, 1221, GURA DEVJI, 36312, 1165093, Roads, 0, 0, 0, 0, 0, 0, 1525622, 1525622
2015, RAJASTHAN, 8, BUNDI, 85, NAINWA, 1221, GURA DEVJI, 36312, 1165093, Total, 0, 0, 0, 0, 0, 0, 1525622, 1525622
2015, RAJASTHAN, 8, BUNDI, 85, NAINWA, 1221, GURA SADAVARTIYA, 36313, 1080879, Administrative & Technical Support, 0, 0, 0, 0, 0, 0, 22990, 22990
2015, RAJASTHAN, 8, BUNDI, 85, NAINWA, 1221, GURA SADAVARTIYA, 36313, 1080879, Drinking water, 0, 0, 0, 0, 0, 0, 703000, 703000
2015, RAJASTHAN, 8, BUNDI, 85, NAINWA, 1221, GURA SADAVARTIYA, 36313, 1080879, Total, 0, 0, 0, 0, 0, 0, 725990, 725990
2015, RAJASTHAN, 8, BUNDI, 85, NAINWA, 1221, GURA SADAVARTIYA, 36313, 1164604, Roads, 0, 0, 0, 0, 0, 0, 1350019, 1350019
2015, RAJASTHAN, 8, BUNDI, 85, NAINWA, 1221, GURA SADAVARTIYA, 36313, 1164604, Total, 0, 0, 0, 0, 0, 0, 1350019, 1350019
2015, RAJASTHAN, 8, BUNDI, 85, NAINWA, 1221, JAJAWAR, 36314, 1157790, Drinking water, 0, 0, 0, 0, 0, 0, 1436000, 1436000
2015, RAJASTHAN, 8, BUNDI, 85, NAINWA, 1221, JAJAWAR, 36314, 1157790, Total, 0, 0, 0, 0, 0, 0, 1436000, 1436000
2015, RAJASTHAN, 8, BUNDI, 85, NAINWA, 1221, JAJAWAR, 36314, 1165158, Roads, 0, 0, 0, 0, 0, 0, 2961319, 2961319
2015, RAJASTHAN, 8, BUNDI, 85, NAINWA, 1221, JAJAWAR, 36314, 1165158, Total, 0, 0, 0, 0, 0, 0, 2961319, 2961319
2015, RAJASTHAN, 8, BUNDI, 85, NAINWA, 1221, JARKHODA, 36315, 1080916, Drinking water, 0, 0, 0, 0, 0, 0, 85000, 85000
2015, RAJASTHAN, 8, BUNDI, 85, NAINWA, 1221, JARKHODA, 36315, 1080916, Sanitation, 0, 0, 0, 0, 0, 0, 400000, 400000
2015, RAJASTHAN, 8, BUNDI, 85, NAINWA, 1221, JARKHODA, 36315, 1080916, Total, 0, 0, 0, 0, 0, 0, 485000, 485000
2015, RAJASTHAN, 8, BUNDI, 85, NAINWA, 1221, JARKHODA, 36315, 1165181, Roads, 0, 0, 0, 0, 0, 0, 1615931, 1615931
2015, RAJASTHAN, 8, BUNDI, 85, NAINWA, 1221, JARKHODA, 36315, 1165181, Total, 0, 0, 0, 0, 0, 0, 1615931, 1615931
2015, RAJASTHAN, 8, BUNDI, 85, NAINWA, 1221, JETPUR, 36316, 1157829, Drinking water, 0, 0, 0, 0, 0, 0, 1645089, 1645089
2015, RAJASTHAN, 8, BUNDI, 85, NAINWA, 1221, JETPUR, 36316, 1157829, Total, 0, 0, 0, 0, 0, 0, 1645089, 1645089
2015, RAJASTHAN, 8, BUNDI, 85, NAINWA, 1221, JETPUR, 36316, 1165205, Roads, 0, 0, 0, 0, 0, 0, 1900369, 1900369
2015, RAJASTHAN, 8, BUNDI, 85, NAINWA, 1221, JETPUR, 36316, 1165205, Total, 0, 0, 0, 0, 0, 0, 1900369, 1900369
2015, RAJASTHAN, 8, BUNDI, 85, NAINWA, 1221, KARWAR, 36317, 1078009, Drinking water, 0, 0, 0, 0, 0, 0, 640325, 640325
2015, RAJASTHAN, 8, BUNDI, 85, NAINWA, 1221, KARWAR, 36317, 1078009, Sanitation, 0, 0, 0, 0, 0, 0, 94350, 94350
2015, RAJASTHAN, 8, BUNDI, 85, NAINWA, 1221, KARWAR, 36317, 1078009, Total, 0, 0, 0, 0, 0, 0, 734675, 734675
2015, RAJASTHAN, 8, BUNDI, 85, NAINWA, 1221, KARWAR, 36317, 1170520, Administrative & Technical Support, 0, 0, 0, 0, 0, 0, 500000, 500000
2015, RAJASTHAN, 8, BUNDI, 85, NAINWA, 1221, KARWAR, 36317, 1170520, Drinking water, 0, 0, 0, 0, 0, 0, 1000000, 1000000
2015, RAJASTHAN, 8, BUNDI, 85, NAINWA, 1221, KARWAR, 36317, 1170520, Roads, 0, 0, 0, 0, 0, 0, 600000, 600000
2015, RAJASTHAN, 8, BUNDI, 85, NAINWA, 1221, KARWAR, 36317, 1170520, Sanitation, 0, 0, 0, 0, 0, 0, 300000, 300000
2015, RAJASTHAN, 8, BUNDI, 85, NAINWA, 1221, KARWAR, 36317, 1170520, Total, 0, 0, 0, 0, 0, 0, 2400000, 2400000
2015, RAJASTHAN, 8, BUNDI, 85, NAINWA, 1221, KETHOODA, 36318, 1082915, Drinking water, 0, 0, 0, 0, 0, 0, 1253000, 1253000
2015, RAJASTHAN, 8, BUNDI, 85, NAINWA, 1221, KETHOODA, 36318, 1082915, Sanitation, 0, 0, 0, 0, 0, 0, 730000, 730000
2015, RAJASTHAN, 8, BUNDI, 85, NAINWA, 1221, KETHOODA, 36318, 1082915, Total, 0, 0, 0, 0, 0, 0, 1983000, 1983000
2015, RAJASTHAN, 8, BUNDI, 85, NAINWA, 1221, KETHOODA, 36318, 1165455, Roads, 0, 0, 0, 0, 0, 0, 2022327, 2022327
2015, RAJASTHAN, 8, BUNDI, 85, NAINWA, 1221, KETHOODA, 36318, 1165455, Total, 0, 0, 0, 0, 0, 0, 2022327, 2022327
2015, RAJASTHAN, 8, BUNDI, 85, NAINWA, 1221, KHAJURI, 36319, 1070273, Sanitation, 0, 0, 0, 0, 0, 0, 2045000, 2045000
2015, RAJASTHAN, 8, BUNDI, 85, NAINWA, 1221, KHAJURI, 36319, 1070273, Total, 0, 0, 0, 0, 0, 0, 2045000, 2045000
2015, RAJASTHAN, 8, BUNDI, 85, NAINWA, 1221, KHAJURI, 36319, 1170553, Administrative & Technical Support, 0, 0, 0, 0, 0, 0, 28157, 28157
2015, RAJASTHAN, 8, BUNDI, 85, NAINWA, 1221, KHAJURI, 36319, 1170553, Drinking water, 0, 0, 0, 0, 0, 0, 900000, 900000
2015, RAJASTHAN, 8, BUNDI, 85, NAINWA, 1221, KHAJURI, 36319, 1170553, Roads, 0, 0, 0, 0, 0, 0, 900000, 900000
2015, RAJASTHAN, 8, BUNDI, 85, NAINWA, 1221, KHAJURI, 36319, 1170553, Sanitation, 0, 0, 0, 0, 0, 0, 100000, 100000
2015, RAJASTHAN, 8, BUNDI, 85, NAINWA, 1221, KHAJURI, 36319, 1170553, Total, 0, 0, 0, 0, 0, 0, 1928157, 1928157
2015, RAJASTHAN, 8, BUNDI, 85, NAINWA, 1221, KHANPURA, 36320, 1165518, Administrative & Technical Support, 0, 0, 0, 0, 0, 0, 18374, 18374
2015, RAJASTHAN, 8, BUNDI, 85, NAINWA, 1221, KHANPURA, 36320, 1165518, Drinking water, 0, 0, 0, 0, 0, 0, 1400234, 1400234
2015, RAJASTHAN, 8, BUNDI, 85, NAINWA, 1221, KHANPURA, 36320, 1165518, Sanitation, 0, 0, 0, 0, 0, 0, 600000, 600000
2015, RAJASTHAN, 8, BUNDI, 85, NAINWA, 1221, KHANPURA, 36320, 1165518, Total, 0, 0, 0, 0, 0, 0, 2018608, 2018608
2015, RAJASTHAN, 8, BUNDI, 85, NAINWA, 1221, KHANPURA, 36320, 1165568, Roads, 0, 0, 0, 0, 0, 0, 2331851, 2331851
2015, RAJASTHAN, 8, BUNDI, 85, NAINWA, 1221, KHANPURA, 36320, 1165568, Total, 0, 0, 0, 0, 0, 0, 2331851, 2331851
2015, RAJASTHAN, 8, BUNDI, 85, NAINWA, 1221, KOLAHERA, 36321, 1158137, Cultural activities, 0, 0, 0, 0, 0, 0, 142109, 142109
2015, RAJASTHAN, 8, BUNDI, 85, NAINWA, 1221, KOLAHERA, 36321, 1158137, Drinking water, 0, 0, 0, 0, 0, 0, 1220000, 1220000
2015, RAJASTHAN, 8, BUNDI, 85, NAINWA, 1221, KOLAHERA, 36321, 1158137, Total, 0, 0, 0, 0, 0, 0, 1362109, 1362109
2015, RAJASTHAN, 8, BUNDI, 85, NAINWA, 1221, KOLAHERA, 36321, 1170606, Administrative & Technical Support, 0, 0, 0, 0, 0, 0, 400000, 400000
2015, RAJASTHAN, 8, BUNDI, 85, NAINWA, 1221, KOLAHERA, 36321, 1170606, Drinking water, 0, 0, 0, 0, 0, 0, 600000, 600000
2015, RAJASTHAN, 8, BUNDI, 85, NAINWA, 1221, KOLAHERA, 36321, 1170606, Roads, 0, 0, 0, 0, 0, 0, 573478, 573478
2015, RAJASTHAN, 8, BUNDI, 85, NAINWA, 1221, KOLAHERA, 36321, 1170606, Total, 0, 0, 0, 0, 0, 0, 1573478, 1573478
2015, RAJASTHAN, 8, BUNDI, 85, NAINWA, 1221, MANI, 36322, 1158206, Cultural activities, 0, 0, 0, 0, 0, 0, 223048, 223048
2015, RAJASTHAN, 8, BUNDI, 85, NAINWA, 1221, MANI, 36322, 1158206, Drinking water, 0, 0, 0, 0, 0, 0, 1239377, 1239377
2015, RAJASTHAN, 8, BUNDI, 85, NAINWA, 1221, MANI, 36322, 1158206, Sanitation, 0, 0, 0, 0, 0, 0, 200371, 200371
2015, RAJASTHAN, 8, BUNDI, 85, NAINWA, 1221, MANI, 36322, 1158206, Total, 0, 0, 0, 0, 0, 0, 1662796, 1662796
2015, RAJASTHAN, 8, BUNDI, 85, NAINWA, 1221, MANI, 36322, 1170608, Roads, 0, 0, 0, 0, 0, 0, 1920825, 1920825
2015, RAJASTHAN, 8, BUNDI, 85, NAINWA, 1221, MANI, 36322, 1170608, Total, 0, 0, 0, 0, 0, 0, 1920825, 1920825
2015, RAJASTHAN, 8, BUNDI, 85, NAINWA, 1221, MARAN, 36323, 1158264, Drinking water, 0, 0, 0, 0, 0, 0, 525000, 525000
2015, RAJASTHAN, 8, BUNDI, 85, NAINWA, 1221, MARAN, 36323, 1158264, Sanitation, 0, 0, 0, 0, 0, 0, 612000, 612000
2015, RAJASTHAN, 8, BUNDI, 85, NAINWA, 1221, MARAN, 36323, 1158264, Total, 0, 0, 0, 0, 0, 0, 1137000, 1137000
2015, RAJASTHAN, 8, BUNDI, 85, NAINWA, 1221, MARAN, 36323, 1170612, Roads, 0, 0, 0, 0, 0, 0, 1406366, 1406366
2015, RAJASTHAN, 8, BUNDI, 85, NAINWA, 1221, MARAN, 36323, 1170612, Total, 0, 0, 0, 0, 0, 0, 1406366, 1406366
2015, RAJASTHAN, 8, BUNDI, 85, NAINWA, 1221, MODSA, 36324, 1081508, Cultural activities, 0, 0, 0, 0, 0, 0, 407706, 407706
2015, RAJASTHAN, 8, BUNDI, 85, NAINWA, 1221, MODSA, 36324, 1081508, Drinking water, 0, 0, 0, 0, 0, 0, 1500000, 1500000
2015, RAJASTHAN, 8, BUNDI, 85, NAINWA, 1221, MODSA, 36324, 1081508, Sanitation, 0, 0, 0, 0, 0, 0, 182000, 182000
2015, RAJASTHAN, 8, BUNDI, 85, NAINWA, 1221, MODSA, 36324, 1081508, Total, 0, 0, 0, 0, 0, 0, 2089706, 2089706
2015, RAJASTHAN, 8, BUNDI, 85, NAINWA, 1221, MODSA, 36324, 1170615, Roads, 0, 0, 0, 0, 0, 0, 2000000, 2000000
2015, RAJASTHAN, 8, BUNDI, 85, NAINWA, 1221, MODSA, 36324, 1170615, Sanitation, 0, 0, 0, 0, 0, 0, 200000, 200000
2015, RAJASTHAN, 8, BUNDI, 85, NAINWA, 1221, MODSA, 36324, 1170615, Total, 0, 0, 0, 0, 0, 0, 2200000, 2200000
2015, RAJASTHAN, 8, BUNDI, 85, NAINWA, 1221, PEEPLIYA, 36325, 1158298, Drinking water, 0, 0, 0, 0, 0, 0, 1960000, 1960000
2015, RAJASTHAN, 8, BUNDI, 85, NAINWA, 1221, PEEPLIYA, 36325, 1158298, Sanitation, 0, 0, 0, 0, 0, 0, 319555, 319555
2015, RAJASTHAN, 8, BUNDI, 85, NAINWA, 1221, PEEPLIYA, 36325, 1158298, Social welfare, 0, 0, 0, 0, 0, 0, 300000, 300000
2015, RAJASTHAN, 8, BUNDI, 85, NAINWA, 1221, PEEPLIYA, 36325, 1158298, Total, 0, 0, 0, 0, 0, 0, 2579555, 2579555
2015, RAJASTHAN, 8, BUNDI, 85, NAINWA, 1221, PEEPLIYA, 36325, 1170413, Roads, 0, 0, 0, 0, 0, 0, 2479845, 2479845
2015, RAJASTHAN, 8, BUNDI, 85, NAINWA, 1221, PEEPLIYA, 36325, 1170413, Sanitation, 0, 0, 0, 0, 0, 0, 500000, 500000
2015, RAJASTHAN, 8, BUNDI, 85, NAINWA, 1221, PEEPLIYA, 36325, 1170413, Total, 0, 0, 0, 0, 0, 0, 2979845, 2979845
2015, RAJASTHAN, 8, BUNDI, 85, NAINWA, 1221, PHULETA, 36310, 1081823, Drinking water, 0, 0, 0, 0, 0, 0, 1008000, 1008000
2015, RAJASTHAN, 8, BUNDI, 85, NAINWA, 1221, PHULETA, 36310, 1081823, Public distribution system, 0, 0, 0, 0, 0, 0, 97000, 97000
2015, RAJASTHAN, 8, BUNDI, 85, NAINWA, 1221, PHULETA, 36310, 1081823, Rural electrification, 0, 0, 0, 0, 0, 0, 24000, 24000
2015, RAJASTHAN, 8, BUNDI, 85, NAINWA, 1221, PHULETA, 36310, 1081823, Total, 0, 0, 0, 0, 0, 0, 1129000, 1129000
2015, RAJASTHAN, 8, BUNDI, 85, NAINWA, 1221, PHULETA, 36310, 1170536, Drinking water, 0, 0, 0, 0, 0, 0, 100000, 100000
2015, RAJASTHAN, 8, BUNDI, 85, NAINWA, 1221, PHULETA, 36310, 1170536, Roads, 0, 0, 0, 0, 0, 0, 1698357, 1698357
2015, RAJASTHAN, 8, BUNDI, 85, NAINWA, 1221, PHULETA, 36310, 1170536, Sanitation, 0, 0, 0, 0, 0, 0, 300000, 300000
2015, RAJASTHAN, 8, BUNDI, 85, NAINWA, 1221, PHULETA, 36310, 1170536, Total, 0, 0, 0, 0, 0, 0, 2098357, 2098357
2015, RAJASTHAN, 8, BUNDI, 85, NAINWA, 1221, RAJLAWATA, 36326, 1158333, Administrative & Technical Support, 0, 0, 0, 0, 0, 0, 72650, 72650
2015, RAJASTHAN, 8, BUNDI, 85, NAINWA, 1221, RAJLAWATA, 36326, 1158333, Drinking water, 0, 0, 0, 0, 0, 0, 199370, 199370
2015, RAJASTHAN, 8, BUNDI, 85, NAINWA, 1221, RAJLAWATA, 36326, 1158333, Roads, 0, 0, 0, 0, 0, 0, 500000, 500000
2015, RAJASTHAN, 8, BUNDI, 85, NAINWA, 1221, RAJLAWATA, 36326, 1158333, Sanitation, 0, 0, 0, 0, 0, 0, 1281000, 1281000
2015, RAJASTHAN, 8, BUNDI, 85, NAINWA, 1221, RAJLAWATA, 36326, 1158333, Total, 0, 0, 0, 0, 0, 0, 2053020, 2053020
2015, RAJASTHAN, 8, BUNDI, 85, NAINWA, 1221, RAJLAWATA, 36326, 1170651, Roads, 0, 0, 0, 0, 0, 0, 2371603, 2371603
2015, RAJASTHAN, 8, BUNDI, 85, NAINWA, 1221, RAJLAWATA, 36326, 1170651, Total, 0, 0, 0, 0, 0, 0, 2371603, 2371603
2015, RAJASTHAN, 8, BUNDI, 85, NAINWA, 1221, SADERA, 36327, 1170572, Administrative & Technical Support, 0, 0, 0, 0, 0, 0, 400000, 400000
2015, RAJASTHAN, 8, BUNDI, 85, NAINWA, 1221, SADERA, 36327, 1170572, Drinking water, 0, 0, 0, 0, 0, 0, 800000, 800000
2015, RAJASTHAN, 8, BUNDI, 85, NAINWA, 1221, SADERA, 36327, 1170572, Roads, 0, 0, 0, 0, 0, 0, 1395560, 1395560
2015, RAJASTHAN, 8, BUNDI, 85, NAINWA, 1221, SADERA, 36327, 1170572, Sanitation, 0, 0, 0, 0, 0, 0, 8092, 8092
2015, RAJASTHAN, 8, BUNDI, 85, NAINWA, 1221, SADERA, 36327, 1170572, Total, 0, 0, 0, 0, 0, 0, 2603652, 2603652
2015, RAJASTHAN, 8, BUNDI, 85, NAINWA, 1221, SAHAN, 36328, 1079784, Drinking water, 0, 0, 0, 0, 0, 0, 506983, 506983
2015, RAJASTHAN, 8, BUNDI, 85, NAINWA, 1221, SAHAN, 36328, 1079784, Sanitation, 0, 0, 0, 0, 0, 0, 363450, 363450
2015, RAJASTHAN, 8, BUNDI, 85, NAINWA, 1221, SAHAN, 36328, 1079784, Total, 0, 0, 0, 0, 0, 0, 870433, 870433
2015, RAJASTHAN, 8, BUNDI, 85, NAINWA, 1221, SAHAN, 36328, 1170568, Drinking water, 0, 0, 0, 0, 0, 0, 75000, 75000
2015, RAJASTHAN, 8, BUNDI, 85, NAINWA, 1221, SAHAN, 36328, 1170568, Roads, 0, 0, 0, 0, 0, 0, 1719236, 1719236
2015, RAJASTHAN, 8, BUNDI, 85, NAINWA, 1221, SAHAN, 36328, 1170568, Total, 0, 0, 0, 0, 0, 0, 1794236, 1794236
2015, RAJASTHAN, 8, BUNDI, 85, NAINWA, 1221, SAMEEDHI, 36329, 1158383, Drinking water, 0, 0, 0, 0, 0, 0, 550756, 550756
2015, RAJASTHAN, 8, BUNDI, 85, NAINWA, 1221, SAMEEDHI, 36329, 1158383, Sanitation, 0, 0, 0, 0, 0, 0, 852781, 852781
2015, RAJASTHAN, 8, BUNDI, 85, NAINWA, 1221, SAMEEDHI, 36329, 1158383, Total, 0, 0, 0, 0, 0, 0, 1403537, 1403537
2015, RAJASTHAN, 8, BUNDI, 85, NAINWA, 1221, SAMEEDHI, 36329, 1170565, Roads, 0, 0, 0, 0, 0, 0, 1621335, 1621335
2015, RAJASTHAN, 8, BUNDI, 85, NAINWA, 1221, SAMEEDHI, 36329, 1170565, Total, 0, 0, 0, 0, 0, 0, 1621335, 1621335
2015, RAJASTHAN, 8, BUNDI, 85, NAINWA, 1221, SEESOLA, 36330, 1081637, Drinking water, 0, 0, 0, 0, 0, 0, 1475000, 1475000
2015, RAJASTHAN, 8, BUNDI, 85, NAINWA, 1221, SEESOLA, 36330, 1081637, Roads, 0, 0, 0, 0, 0, 0, 100000, 100000
2015, RAJASTHAN, 8, BUNDI, 85, NAINWA, 1221, SEESOLA, 36330, 1081637, Total, 0, 0, 0, 0, 0, 0, 1575000, 1575000
2015, RAJASTHAN, 8, BUNDI, 85, NAINWA, 1221, SEESOLA, 36330, 1170560, Drinking water, 0, 0, 0, 0, 0, 0, 70000, 70000
2015, RAJASTHAN, 8, BUNDI, 85, NAINWA, 1221, SEESOLA, 36330, 1170560, Roads, 0, 0, 0, 0, 0, 0, 1702237, 1702237
2015, RAJASTHAN, 8, BUNDI, 85, NAINWA, 1221, SEESOLA, 36330, 1170560, Total, 0, 0, 0, 0, 0, 0, 1772237, 1772237
2015, RAJASTHAN, 8, BUNDI, 85, NAINWA, 1221, SUWANYA, 36331, 1150026, Drinking water, 0, 0, 0, 0, 0, 0, 488473, 488473
2015, RAJASTHAN, 8, BUNDI, 85, NAINWA, 1221, SUWANYA, 36331, 1150026, Sanitation, 0, 0, 0, 0, 0, 0, 1909000, 1909000
2015, RAJASTHAN, 8, BUNDI, 85, NAINWA, 1221, SUWANYA, 36331, 1150026, Total, 0, 0, 0, 0, 0, 0, 2397473, 2397473
2015, RAJASTHAN, 8, BUNDI, 85, NAINWA, 1221, SUWANYA, 36331, 1170558, Roads, 0, 0, 0, 0, 0, 0, 2769507, 2769507
2015, RAJASTHAN, 8, BUNDI, 85, NAINWA, 1221, SUWANYA, 36331, 1170558, Total, 0, 0, 0, 0, 0, 0, 2769507, 2769507
2015, RAJASTHAN, 8, BUNDI, 85, NAINWA, 1221, TALWAS, 36332, 1158458, Drinking water, 0, 0, 0, 0, 0, 0, 1510000, 1510000
2015, RAJASTHAN, 8, BUNDI, 85, NAINWA, 1221, TALWAS, 36332, 1158458, Social welfare, 0, 0, 0, 0, 0, 0, 144000, 144000
2015, RAJASTHAN, 8, BUNDI, 85, NAINWA, 1221, TALWAS, 36332, 1158458, Total, 0, 0, 0, 0, 0, 0, 1654000, 1654000
2015, RAJASTHAN, 8, BUNDI, 85, NAINWA, 1221, TALWAS, 36332, 1168948, Roads, 0, 0, 0, 0, 0, 0, 2803470, 2803470
2015, RAJASTHAN, 8, BUNDI, 85, NAINWA, 1221, TALWAS, 36332, 1168948, Total, 0, 0, 0, 0, 0, 0, 2803470, 2803470
2015, RAJASTHAN, 8, BUNDI, 85, TALERA, 1222, AKTASA, 36334, 1067826, Roads, 0, 0, 0, 0, 0, 0, 1461670, 1461670
2015, RAJASTHAN, 8, BUNDI, 85, TALERA, 1222, AKTASA, 36334, 1067826, Total, 0, 0, 0, 0, 0, 0, 1461670, 1461670
2015, RAJASTHAN, 8, BUNDI, 85, TALERA, 1222, ALPHA NAGAR, 36335, 1105578, Drinking water, 0, 0, 0, 0, 0, 0, 325000, 325000
2015, RAJASTHAN, 8, BUNDI, 85, TALERA, 1222, ALPHA NAGAR, 36335, 1105578, Health, 0, 0, 0, 0, 0, 0, 669000, 669000
2015, RAJASTHAN, 8, BUNDI, 85, TALERA, 1222, ALPHA NAGAR, 36335, 1105578, Roads, 0, 0, 0, 0, 0, 0, 605000, 605000
2015, RAJASTHAN, 8, BUNDI, 85, TALERA, 1222, ALPHA NAGAR, 36335, 1105578, Sanitation, 0, 0, 0, 0, 0, 0, 347777, 347777
2015, RAJASTHAN, 8, BUNDI, 85, TALERA, 1222, ALPHA NAGAR, 36335, 1105578, Total, 0, 0, 0, 0, 0, 0, 1946777, 1946777
2015, RAJASTHAN, 8, BUNDI, 85, TALERA, 1222, BADUNDA, 36391, 1069506, Roads, 0, 0, 0, 0, 0, 0, 1288609, 1288609
2015, RAJASTHAN, 8, BUNDI, 85, TALERA, 1222, BADUNDA, 36391, 1069506, Total, 0, 0, 0, 0, 0, 0, 1288609, 1288609
2015, RAJASTHAN, 8, BUNDI, 85, TALERA, 1222, BAJAR, 36338, 1100609, Drinking water, 0, 0, 0, 0, 0, 0, 285489, 285489
2015, RAJASTHAN, 8, BUNDI, 85, TALERA, 1222, BAJAR, 36338, 1100609, Health, 0, 0, 0, 0, 0, 0, 548000, 548000
2015, RAJASTHAN, 8, BUNDI, 85, TALERA, 1222, BAJAR, 36338, 1100609, Roads, 0, 0, 0, 0, 0, 0, 1029000, 1029000
2015, RAJASTHAN, 8, BUNDI, 85, TALERA, 1222, BAJAR, 36338, 1100609, Sanitation, 0, 0, 0, 0, 0, 0, 250000, 250000
2015, RAJASTHAN, 8, BUNDI, 85, TALERA, 1222, BAJAR, 36338, 1100609, Total, 0, 0, 0, 0, 0, 0, 2112489, 2112489
2015, RAJASTHAN, 8, BUNDI, 85, TALERA, 1222, BALLOP, 36339, 1069654, Roads, 0, 0, 0, 0, 0, 0, 1628384, 1628384
2015, RAJASTHAN, 8, BUNDI, 85, TALERA, 1222, BALLOP, 36339, 1069654, Total, 0, 0, 0, 0, 0, 0, 1628384, 1628384
2015, RAJASTHAN, 8, BUNDI, 85, TALERA, 1222, BAROONDHAN, 36341, 1132054, Drinking water, 0, 0, 0, 0, 0, 0, 261000, 261000
2015, RAJASTHAN, 8, BUNDI, 85, TALERA, 1222, BAROONDHAN, 36341, 1132054, Roads, 0, 0, 0, 0, 0, 0, 1241832, 1241832
2015, RAJASTHAN, 8, BUNDI, 85, TALERA, 1222, BAROONDHAN, 36341, 1132054, Sanitation, 0, 0, 0, 0, 0, 0, 30000, 30000
2015, RAJASTHAN, 8, BUNDI, 85, TALERA, 1222, BAROONDHAN, 36341, 1132054, Total, 0, 0, 0, 0, 0, 0, 1532832, 1532832
2015, RAJASTHAN, 8, BUNDI, 85, TALERA, 1222, BUDHPURA, 36343, 1143472, Roads, 0, 0, 0, 0, 0, 0, 1660000, 1660000
2015, RAJASTHAN, 8, BUNDI, 85, TALERA, 1222, BUDHPURA, 36343, 1143472, Sanitation, 0, 0, 0, 0, 0, 0, 655286, 655286
2015, RAJASTHAN, 8, BUNDI, 85, TALERA, 1222, BUDHPURA, 36343, 1143472, Total, 0, 0, 0, 0, 0, 0, 2315286, 2315286
2015, RAJASTHAN, 8, BUNDI, 85, TALERA, 1222, DABI, 36344, 1072555, Health, 0, 0, 0, 0, 0, 0, 2918041, 2918041
2015, RAJASTHAN, 8, BUNDI, 85, TALERA, 1222, DABI, 36344, 1072555, Roads, 0, 0, 0, 0, 0, 0, 750000, 750000
2015, RAJASTHAN, 8, BUNDI, 85, TALERA, 1222, DABI, 36344, 1072555, Total, 0, 0, 0, 0, 0, 0, 3668041, 3668041
2015, RAJASTHAN, 8, BUNDI, 85, TALERA, 1222, DEHIT, 36345, 1102655, Drinking water, 0, 0, 0, 0, 0, 0, 420000, 420000
2015, RAJASTHAN, 8, BUNDI, 85, TALERA, 1222, DEHIT, 36345, 1102655, Health, 0, 0, 0, 0, 0, 0, 569066, 569066
2015, RAJASTHAN, 8, BUNDI, 85, TALERA, 1222, DEHIT, 36345, 1102655, Roads, 0, 0, 0, 0, 0, 0, 500000, 500000
2015, RAJASTHAN, 8, BUNDI, 85, TALERA, 1222, DEHIT, 36345, 1102655, Total, 0, 0, 0, 0, 0, 0, 1489066, 1489066
2015, RAJASTHAN, 8, BUNDI, 85, TALERA, 1222, DELUNDA, 36346, 1071580, Roads, 0, 0, 0, 0, 0, 0, 1150960, 1150960
2015, RAJASTHAN, 8, BUNDI, 85, TALERA, 1222, DELUNDA, 36346, 1071580, Total, 0, 0, 0, 0, 0, 0, 1150960, 1150960
2015, RAJASTHAN, 8, BUNDI, 85, TALERA, 1222, DHANESHWAR, 36348, 1102708, Health, 0, 0, 0, 0, 0, 0, 300000, 300000
2015, RAJASTHAN, 8, BUNDI, 85, TALERA, 1222, DHANESHWAR, 36348, 1102708, Roads, 0, 0, 0, 0, 0, 0, 1337634, 1337634
2015, RAJASTHAN, 8, BUNDI, 85, TALERA, 1222, DHANESHWAR, 36348, 1102708, Sanitation, 0, 0, 0, 0, 0, 0, 100000, 100000
2015, RAJASTHAN, 8, BUNDI, 85, TALERA, 1222, DHANESHWAR, 36348, 1102708, Total, 0, 0, 0, 0, 0, 0, 1737634, 1737634
2015, RAJASTHAN, 8, BUNDI, 85, TALERA, 1222, DORA, 36350, 1100643, Drinking water, 0, 0, 0, 0, 0, 0, 684178, 684178
2015, RAJASTHAN, 8, BUNDI, 85, TALERA, 1222, DORA, 36350, 1100643, Roads, 0, 0, 0, 0, 0, 0, 1000000, 1000000
2015, RAJASTHAN, 8, BUNDI, 85, TALERA, 1222, DORA, 36350, 1100643, Total, 0, 0, 0, 0, 0, 0, 1684178, 1684178
2015, RAJASTHAN, 8, BUNDI, 85, TALERA, 1222, GAMACH, 36354, 1172573, Health, 0, 0, 0, 0, 0, 0, 400000, 400000
2015, RAJASTHAN, 8, BUNDI, 85, TALERA, 1222, GAMACH, 36354, 1172573, Roads, 0, 0, 0, 0, 0, 0, 500000, 500000
2015, RAJASTHAN, 8, BUNDI, 85, TALERA, 1222, GAMACH, 36354, 1172573, Sanitation, 0, 0, 0, 0, 0, 0, 515565, 515565
2015, RAJASTHAN, 8, BUNDI, 85, TALERA, 1222, GAMACH, 36354, 1172573, Total, 0, 0, 0, 0, 0, 0, 1415565, 1415565
2015, RAJASTHAN, 8, BUNDI, 85, TALERA, 1222, GANESHPURA, 36352, 1123507, Drinking water, 0, 0, 0, 0, 0, 0, 1050000, 1050000
2015, RAJASTHAN, 8, BUNDI, 85, TALERA, 1222, GANESHPURA, 36352, 1123507, Sanitation, 0, 0, 0, 0, 0, 0, 463789, 463789
2015, RAJASTHAN, 8, BUNDI, 85, TALERA, 1222, GANESHPURA, 36352, 1123507, Total, 0, 0, 0, 0, 0, 0, 1513789, 1513789
2015, RAJASTHAN, 8, BUNDI, 85, TALERA, 1222, GOPALPURA, 36355, 1177788, Drinking water, 0, 0, 0, 0, 0, 0, 500000, 500000
2015, RAJASTHAN, 8, BUNDI, 85, TALERA, 1222, GOPALPURA, 36355, 1177788, Roads, 0, 0, 0, 0, 0, 0, 355121, 355121
2015, RAJASTHAN, 8, BUNDI, 85, TALERA, 1222, GOPALPURA, 36355, 1177788, Sanitation, 0, 0, 0, 0, 0, 0, 220000, 220000
2015, RAJASTHAN, 8, BUNDI, 85, TALERA, 1222, GOPALPURA, 36355, 1177788, Total, 0, 0, 0, 0, 0, 0, 1075121, 1075121
2015, RAJASTHAN, 8, BUNDI, 85, TALERA, 1222, JAMEETPURA, 36359, 1101015, Roads, 0, 0, 0, 0, 0, 0, 1750000, 1750000
2015, RAJASTHAN, 8, BUNDI, 85, TALERA, 1222, JAMEETPURA, 36359, 1101015, Sanitation, 0, 0, 0, 0, 0, 0, 925775, 925775
2015, RAJASTHAN, 8, BUNDI, 85, TALERA, 1222, JAMEETPURA, 36359, 1101015, Total, 0, 0, 0, 0, 0, 0, 2675775, 2675775
2015, RAJASTHAN, 8, BUNDI, 85, TALERA, 1222, JAWAHAR SAGAR, 36360, 1172521, Drinking water, 0, 0, 0, 0, 0, 0, 300000, 300000
2015, RAJASTHAN, 8, BUNDI, 85, TALERA, 1222, JAWAHAR SAGAR, 36360, 1172521, Sanitation, 0, 0, 0, 0, 0, 0, 215176, 215176
2015, RAJASTHAN, 8, BUNDI, 85, TALERA, 1222, JAWAHAR SAGAR, 36360, 1172521, Total, 0, 0, 0, 0, 0, 0, 515176, 515176
2015, RAJASTHAN, 8, BUNDI, 85, TALERA, 1222, JHAK MUND, 36362, 1143496, Drinking water, 0, 0, 0, 0, 0, 0, 60000, 60000
2015, RAJASTHAN, 8, BUNDI, 85, TALERA, 1222, JHAK MUND, 36362, 1143496, Sanitation, 0, 0, 0, 0, 0, 0, 1334517, 1334517
2015, RAJASTHAN, 8, BUNDI, 85, TALERA, 1222, JHAK MUND, 36362, 1143496, Total, 0, 0, 0, 0, 0, 0, 1394517, 1394517
2015, RAJASTHAN, 8, BUNDI, 85, TALERA, 1222, KHADIPUR, 36364, 1101170, Drinking water, 0, 0, 0, 0, 0, 0, 503959, 503959
2015, RAJASTHAN, 8, BUNDI, 85, TALERA, 1222, KHADIPUR, 36364, 1101170, Roads, 0, 0, 0, 0, 0, 0, 500000, 500000
2015, RAJASTHAN, 8, BUNDI, 85, TALERA, 1222, KHADIPUR, 36364, 1101170, Total, 0, 0, 0, 0, 0, 0, 1003959, 1003959
2015, RAJASTHAN, 8, BUNDI, 85, TALERA, 1222, KHETUDA, 36366, 1101112, Drinking water, 0, 0, 0, 0, 0, 0, 300000, 300000
2015, RAJASTHAN, 8, BUNDI, 85, TALERA, 1222, KHETUDA, 36366, 1101112, Roads, 0, 0, 0, 0, 0, 0, 1000000, 1000000
2015, RAJASTHAN, 8, BUNDI, 85, TALERA, 1222, KHETUDA, 36366, 1101112, Rural electrification, 0, 0, 0, 0, 0, 0, 77144, 77144
2015, RAJASTHAN, 8, BUNDI, 85, TALERA, 1222, KHETUDA, 36366, 1101112, Total, 0, 0, 0, 0, 0, 0, 1377144, 1377144
2015, RAJASTHAN, 8, BUNDI, 85, TALERA, 1222, LADPUR, 36368, 1069532, Roads, 0, 0, 0, 0, 0, 0, 1314333, 1314333
2015, RAJASTHAN, 8, BUNDI, 85, TALERA, 1222, LADPUR, 36368, 1069532, Total, 0, 0, 0, 0, 0, 0, 1314333, 1314333
2015, RAJASTHAN, 8, BUNDI, 85, TALERA, 1222, LAMBAKHOH, 36370, 1123236, Drinking water, 0, 0, 0, 0, 0, 0, 498754, 498754
2015, RAJASTHAN, 8, BUNDI, 85, TALERA, 1222, LAMBAKHOH, 36370, 1123236, Roads, 0, 0, 0, 0, 0, 0, 900000, 900000
2015, RAJASTHAN, 8, BUNDI, 85, TALERA, 1222, LAMBAKHOH, 36370, 1123236, Sanitation, 0, 0, 0, 0, 0, 0, 100000, 100000
2015, RAJASTHAN, 8, BUNDI, 85, TALERA, 1222, LAMBAKHOH, 36370, 1123236, Total, 0, 0, 0, 0, 0, 0, 1498754, 1498754
2015, RAJASTHAN, 8, BUNDI, 85, TALERA, 1222, LAXMI PURA, 36371, 1071797, Roads, 0, 0, 0, 0, 0, 0, 2706846, 2706846
2015, RAJASTHAN, 8, BUNDI, 85, TALERA, 1222, LAXMI PURA, 36371, 1071797, Total, 0, 0, 0, 0, 0, 0, 2706846, 2706846
2015, RAJASTHAN, 8, BUNDI, 85, TALERA, 1222, LEELERA VYASAN, 36372, 1123743, Drinking water, 0, 0, 0, 0, 0, 0, 300000, 300000
2015, RAJASTHAN, 8, BUNDI, 85, TALERA, 1222, LEELERA VYASAN, 36372, 1123743, Sanitation, 0, 0, 0, 0, 0, 0, 759753, 759753
2015, RAJASTHAN, 8, BUNDI, 85, TALERA, 1222, LEELERA VYASAN, 36372, 1123743, Total, 0, 0, 0, 0, 0, 0, 1059753, 1059753
2015, RAJASTHAN, 8, BUNDI, 85, TALERA, 1222, NOTARA BHOPAT, 36380, 1101256, Drinking water, 0, 0, 0, 0, 0, 0, 294000, 294000
2015, RAJASTHAN, 8, BUNDI, 85, TALERA, 1222, NOTARA BHOPAT, 36380, 1101256, Sanitation, 0, 0, 0, 0, 0, 0, 1013651, 1013651
2015, RAJASTHAN, 8, BUNDI, 85, TALERA, 1222, NOTARA BHOPAT, 36380, 1101256, Total, 0, 0, 0, 0, 0, 0, 1307651, 1307651
2015, RAJASTHAN, 8, BUNDI, 85, TALERA, 1222, RAJPURA, 36381, 1171749, Drinking water, 0, 0, 0, 0, 0, 0, 375729, 375729
2015, RAJASTHAN, 8, BUNDI, 85, TALERA, 1222, RAJPURA, 36381, 1171749, Sanitation, 0, 0, 0, 0, 0, 0, 1550000, 1550000
2015, RAJASTHAN, 8, BUNDI, 85, TALERA, 1222, RAJPURA, 36381, 1171749, Total, 0, 0, 0, 0, 0, 0, 1925729, 1925729
2015, RAJASTHAN, 8, BUNDI, 85, TALERA, 1222, SEENTA, 36386, 1174511, Sanitation, 0, 0, 0, 0, 0, 0, 1650446, 1650446
2015, RAJASTHAN, 8, BUNDI, 85, TALERA, 1222, SEENTA, 36386, 1174511, Total, 0, 0, 0, 0, 0, 0, 1650446, 1650446
2015, RAJASTHAN, 8, BUNDI, 85, TALERA, 1222, SOOTRA, 262667, 1177885, Drinking water, 0, 0, 0, 0, 0, 0, 1390219, 1390219
2015, RAJASTHAN, 8, BUNDI, 85, TALERA, 1222, SOOTRA, 262667, 1177885, Roads, 0, 0, 0, 0, 0, 0, 250000, 250000
2015, RAJASTHAN, 8, BUNDI, 85, TALERA, 1222, SOOTRA, 262667, 1177885, Sanitation, 0, 0, 0, 0, 0, 0, 500000, 500000
2015, RAJASTHAN, 8, BUNDI, 85, TALERA, 1222, SOOTRA, 262667, 1177885, Total, 0, 0, 0, 0, 0, 0, 2140219, 2140219
2015, RAJASTHAN, 8, BUNDI, 85, TALERA, 1222, SUWASAN, 36388, 1123295, Drinking water, 0, 0, 0, 0, 0, 0, 1319812, 1319812
2015, RAJASTHAN, 8, BUNDI, 85, TALERA, 1222, SUWASAN, 36388, 1123295, Sanitation, 0, 0, 0, 0, 0, 0, 350000, 350000
2015, RAJASTHAN, 8, BUNDI, 85, TALERA, 1222, SUWASAN, 36388, 1123295, Total, 0, 0, 0, 0, 0, 0, 1669812, 1669812
2015, RAJASTHAN, 8, BUNDI, 85, TALERA, 1222, TALERA, 36389, 1077127, Health, 0, 0, 0, 0, 0, 0, 733000, 733000
2015, RAJASTHAN, 8, BUNDI, 85, TALERA, 1222, TALERA, 36389, 1077127, Roads, 0, 0, 0, 0, 0, 0, 1673494, 1673494
2015, RAJASTHAN, 8, BUNDI, 85, TALERA, 1222, TALERA, 36389, 1077127, Total, 0, 0, 0, 0, 0, 0, 2406494, 2406494
2015, RAJASTHAN, 8, BUNDI, 85, TALERA, 1222, TEERATH, 36390, 1069633, Roads, 0, 0, 0, 0, 0, 0, 1407220, 1407220
2015, RAJASTHAN, 8, BUNDI, 85, TALERA, 1222, TEERATH, 36390, 1069633, Total, 0, 0, 0, 0, 0, 0, 1407220, 1407220
2015, RAJASTHAN, 8, BUNDI, 85, TALERA, 1222, THIKRIYA CHARANAN, 36392, 1077215, Health, 0, 0, 0, 0, 0, 0, 1673153, 1673153
2015, RAJASTHAN, 8, BUNDI, 85, TALERA, 1222, THIKRIYA CHARANAN, 36392, 1077215, Total, 0, 0, 0, 0, 0, 0, 1673153, 1673153
2015, RAJASTHAN, 8, CHITTORGARH, 86, BARI SADRI, 1224, AMEERAMA, 36424, 1159441, Drinking water, 0, 0, 0, 0, 0, 0, 203, 203
2015, RAJASTHAN, 8, CHITTORGARH, 86, BARI SADRI, 1224, AMEERAMA, 36424, 1159441, Roads, 0, 0, 0, 0, 0, 0, 2, 2
2015, RAJASTHAN, 8, CHITTORGARH, 86, BARI SADRI, 1224, AMEERAMA, 36424, 1159441, Total, 0, 0, 0, 0, 0, 0, 205, 205
2015, RAJASTHAN, 8, CHITTORGARH, 86, BARI SADRI, 1224, BANSI, 36425, 1161389, Drinking water, 0, 0, 0, 0, 0, 0, 5, 5
2015, RAJASTHAN, 8, CHITTORGARH, 86, BARI SADRI, 1224, BANSI, 36425, 1161389, Roads, 0, 0, 0, 0, 0, 0, 9, 9
2015, RAJASTHAN, 8, CHITTORGARH, 86, BARI SADRI, 1224, BANSI, 36425, 1161389, Total, 0, 0, 0, 0, 0, 0, 14, 14
2015, RAJASTHAN, 8, CHITTORGARH, 86, BARI SADRI, 1224, BARBAL, 36426, 1159841, Drinking water, 0, 0, 0, 0, 0, 0, 2, 2
2015, RAJASTHAN, 8, CHITTORGARH, 86, BARI SADRI, 1224, BARBAL, 36426, 1159841, Total, 0, 0, 0, 0, 0, 0, 2, 2
2015, RAJASTHAN, 8, CHITTORGARH, 86, BARI SADRI, 1224, BHANOOJA, 36427, 1159808, Drinking water, 0, 0, 0, 0, 0, 0, 1, 1
2015, RAJASTHAN, 8, CHITTORGARH, 86, BARI SADRI, 1224, BHANOOJA, 36427, 1159808, Roads, 0, 0, 0, 0, 0, 0, 6, 6
2015, RAJASTHAN, 8, CHITTORGARH, 86, BARI SADRI, 1224, BHANOOJA, 36427, 1159808, Total, 0, 0, 0, 0, 0, 0, 7, 7
2015, RAJASTHAN, 8, CHITTORGARH, 86, BARI SADRI, 1224, BHATOLI, 36428, 1159774, Drinking water, 0, 0, 0, 0, 0, 0, 2, 2
2015, RAJASTHAN, 8, CHITTORGARH, 86, BARI SADRI, 1224, BHATOLI, 36428, 1159774, Total, 0, 0, 0, 0, 0, 0, 2, 2
2015, RAJASTHAN, 8, CHITTORGARH, 86, BARI SADRI, 1224, BINAYKA, 36429, 1159829, Drinking water, 0, 0, 0, 0, 0, 0, 7, 7
2015, RAJASTHAN, 8, CHITTORGARH, 86, BARI SADRI, 1224, BINAYKA, 36429, 1159829, Total, 0, 0, 0, 0, 0, 0, 7, 7
2015, RAJASTHAN, 8, CHITTORGARH, 86, BARI SADRI, 1224, BOHERA, 36430, 1159865, Cultural activities, 0, 0, 0, 0, 0, 0, 7, 7
2015, RAJASTHAN, 8, CHITTORGARH, 86, BARI SADRI, 1224, BOHERA, 36430, 1159865, Total, 0, 0, 0, 0, 0, 0, 7, 7
2015, RAJASTHAN, 8, CHITTORGARH, 86, BARI SADRI, 1224, JARKHANA, 36431, 1159676, Drinking water, 0, 0, 0, 0, 0, 0, 2, 2
2015, RAJASTHAN, 8, CHITTORGARH, 86, BARI SADRI, 1224, JARKHANA, 36431, 1159676, Total, 0, 0, 0, 0, 0, 0, 2, 2
2015, RAJASTHAN, 8, CHITTORGARH, 86, BARI SADRI, 1224, KACHOOMRA, 36432, 1183736, Cultural activities, 0, 0, 0, 0, 0, 0, 3, 3
2015, RAJASTHAN, 8, CHITTORGARH, 86, BARI SADRI, 1224, KACHOOMRA, 36432, 1183736, Drinking water, 0, 0, 0, 0, 0, 0, 2, 2
2015, RAJASTHAN, 8, CHITTORGARH, 86, BARI SADRI, 1224, KACHOOMRA, 36432, 1183736, Total, 0, 0, 0, 0, 0, 0, 5, 5
2015, RAJASTHAN, 8, CHITTORGARH, 86, BARI SADRI, 1224, KEERATPURA, 36433, 1159819, Drinking water, 0, 0, 0, 0, 0, 0, 3, 3
2015, RAJASTHAN, 8, CHITTORGARH, 86, BARI SADRI, 1224, KEERATPURA, 36433, 1159819, Roads, 0, 0, 0, 0, 0, 0, 5, 5
2015, RAJASTHAN, 8, CHITTORGARH, 86, BARI SADRI, 1224, KEERATPURA, 36433, 1159819, Total, 0, 0, 0, 0, 0, 0, 8, 8
2015, RAJASTHAN, 8, CHITTORGARH, 86, BARI SADRI, 1224, KEWALPURA, 36434, 1159882, Drinking water, 0, 0, 0, 0, 0, 0, 2, 2
2015, RAJASTHAN, 8, CHITTORGARH, 86, BARI SADRI, 1224, KEWALPURA, 36434, 1159882, Roads, 0, 0, 0, 0, 0, 0, 4, 4
2015, RAJASTHAN, 8, CHITTORGARH, 86, BARI SADRI, 1224, KEWALPURA, 36434, 1159882, Total, 0, 0, 0, 0, 0, 0, 6, 6
2015, RAJASTHAN, 8, CHITTORGARH, 86, BARI SADRI, 1224, KHAIRMALIYA, 36436, 1159902, Drinking water, 0, 0, 0, 0, 0, 0, 12, 12
2015, RAJASTHAN, 8, CHITTORGARH, 86, BARI SADRI, 1224, KHAIRMALIYA, 36436, 1159902, Roads, 0, 0, 0, 0, 0, 0, 9, 9
2015, RAJASTHAN, 8, CHITTORGARH, 86, BARI SADRI, 1224, KHAIRMALIYA, 36436, 1159902, Sanitation, 0, 0, 0, 0, 0, 0, 2, 2
2015, RAJASTHAN, 8, CHITTORGARH, 86, BARI SADRI, 1224, KHAIRMALIYA, 36436, 1159902, Total, 0, 0, 0, 0, 0, 0, 23, 23
2015, RAJASTHAN, 8, CHITTORGARH, 86, BARI SADRI, 1224, KHARDEOLA, 36435, 1159669, Drinking water, 0, 0, 0, 0, 0, 0, 4, 4
2015, RAJASTHAN, 8, CHITTORGARH, 86, BARI SADRI, 1224, KHARDEOLA, 36435, 1159669, Total, 0, 0, 0, 0, 0, 0, 4, 4
2015, RAJASTHAN, 8, CHITTORGARH, 86, BARI SADRI, 1224, LAXMIPURA, 36437, 1159619, Roads, 0, 0, 0, 0, 0, 0, 6, 6
2015, RAJASTHAN, 8, CHITTORGARH, 86, BARI SADRI, 1224, LAXMIPURA, 36437, 1159619, Total, 0, 0, 0, 0, 0, 0, 6, 6
2015, RAJASTHAN, 8, CHITTORGARH, 86, BARI SADRI, 1224, MAHOORA, 36438, 1159665, Drinking water, 0, 0, 0, 0, 0, 0, 3, 3
2015, RAJASTHAN, 8, CHITTORGARH, 86, BARI SADRI, 1224, MAHOORA, 36438, 1159665, Roads, 0, 0, 0, 0, 0, 0, 3, 3
2015, RAJASTHAN, 8, CHITTORGARH, 86, BARI SADRI, 1224, MAHOORA, 36438, 1159665, Total, 0, 0, 0, 0, 0, 0, 6, 6
2015, RAJASTHAN, 8, CHITTORGARH, 86, BARI SADRI, 1224, MOONJWA, 36439, 1159650, Drinking water, 0, 0, 0, 0, 0, 0, 2, 2
2015, RAJASTHAN, 8, CHITTORGARH, 86, BARI SADRI, 1224, MOONJWA, 36439, 1159650, Health, 0, 0, 0, 0, 0, 0, 1, 1
2015, RAJASTHAN, 8, CHITTORGARH, 86, BARI SADRI, 1224, MOONJWA, 36439, 1159650, Roads, 0, 0, 0, 0, 0, 0, 5, 5
2015, RAJASTHAN, 8, CHITTORGARH, 86, BARI SADRI, 1224, MOONJWA, 36439, 1159650, Technical training and vocational education, 0, 0, 0, 0, 0, 0, 1, 1
2015, RAJASTHAN, 8, CHITTORGARH, 86, BARI SADRI, 1224, MOONJWA, 36439, 1159650, Total, 0, 0, 0, 0, 0, 0, 9, 9
2015, RAJASTHAN, 8, CHITTORGARH, 86, BARI SADRI, 1224, NIKOOM, 36440, 1162757, Roads, 0, 0, 0, 0, 0, 0, 7, 7
2015, RAJASTHAN, 8, CHITTORGARH, 86, BARI SADRI, 1224, NIKOOM, 36440, 1162757, Total, 0, 0, 0, 0, 0, 0, 7, 7
2015, RAJASTHAN, 8, CHITTORGARH, 86, BARI SADRI, 1224, PANDERA, 36441, 1159706, Roads, 0, 0, 0, 0, 0, 0, 10, 10
2015, RAJASTHAN, 8, CHITTORGARH, 86, BARI SADRI, 1224, PANDERA, 36441, 1159706, Social welfare, 0, 0, 0, 0, 0, 0, 2, 2
2015, RAJASTHAN, 8, CHITTORGARH, 86, BARI SADRI, 1224, PANDERA, 36441, 1159706, Total, 0, 0, 0, 0, 0, 0, 12, 12
2015, RAJASTHAN, 8, CHITTORGARH, 86, BARI SADRI, 1224, PARSOLI, 36442, 1159712, Drinking water, 0, 0, 0, 0, 0, 0, 1, 1
2015, RAJASTHAN, 8, CHITTORGARH, 86, BARI SADRI, 1224, PARSOLI, 36442, 1159712, Maintenance of community system, 0, 0, 0, 0, 0, 0, 2, 2
2015, RAJASTHAN, 8, CHITTORGARH, 86, BARI SADRI, 1224, PARSOLI, 36442, 1159712, Roads, 0, 0, 0, 0, 0, 0, 2, 2
2015, RAJASTHAN, 8, CHITTORGARH, 86, BARI SADRI, 1224, PARSOLI, 36442, 1159712, Total, 0, 0, 0, 0, 0, 0, 5, 5
2015, RAJASTHAN, 8, CHITTORGARH, 86, BARI SADRI, 1224, PEEND, 36443, 1159872, Drinking water, 0, 0, 0, 0, 0, 0, 2, 2
2015, RAJASTHAN, 8, CHITTORGARH, 86, BARI SADRI, 1224, PEEND, 36443, 1159872, Total, 0, 0, 0, 0, 0, 0, 2, 2
2015, RAJASTHAN, 8, CHITTORGARH, 86, BARI SADRI, 1224, PUNAWALI, 36444, 1183846, Drinking water, 0, 0, 0, 0, 0, 0, 8, 8
2015, RAJASTHAN, 8, CHITTORGARH, 86, BARI SADRI, 1224, PUNAWALI, 36444, 1183846, Total, 0, 0, 0, 0, 0, 0, 8, 8
2015, RAJASTHAN, 8, CHITTORGARH, 86, BARI SADRI, 1224, RATI CHAND JI KA KHERA, 36445, 1160846, Roads, 0, 0, 0, 0, 0, 0, 4, 4
2015, RAJASTHAN, 8, CHITTORGARH, 86, BARI SADRI, 1224, RATI CHAND JI KA KHERA, 36445, 1160846, Total, 0, 0, 0, 0, 0, 0, 4, 4
2015, RAJASTHAN, 8, CHITTORGARH, 86, BARI SADRI, 1224, SANGARIYA, 36446, 1159684, Roads, 0, 0, 0, 0, 0, 0, 8, 8
2015, RAJASTHAN, 8, CHITTORGARH, 86, BARI SADRI, 1224, SANGARIYA, 36446, 1159684, Total, 0, 0, 0, 0, 0, 0, 8, 8
2015, RAJASTHAN, 8, CHITTORGARH, 86, BEGUN, 1225, ANOPPURA, 36447, 1167442, Drinking water, 0, 0, 0, 0, 0, 0, 459800, 459800
2015, RAJASTHAN, 8, CHITTORGARH, 86, BEGUN, 1225, ANOPPURA, 36447, 1167442, Total, 0, 0, 0, 0, 0, 0, 459800, 459800
2015, RAJASTHAN, 8, CHITTORGARH, 86, BEGUN, 1225, ANWALHERA, 36448, 1171950, Drinking water, 0, 0, 0, 0, 0, 0, 616580, 616580
2015, RAJASTHAN, 8, CHITTORGARH, 86, BEGUN, 1225, ANWALHERA, 36448, 1171950, Roads, 0, 0, 0, 0, 0, 0, 805150, 805150
2015, RAJASTHAN, 8, CHITTORGARH, 86, BEGUN, 1225, ANWALHERA, 36448, 1171950, Rural housing, 0, 0, 0, 0, 0, 0, 300000, 300000
2015, RAJASTHAN, 8, CHITTORGARH, 86, BEGUN, 1225, ANWALHERA, 36448, 1171950, Total, 0, 0, 0, 0, 0, 0, 1721730, 1721730
2015, RAJASTHAN, 8, CHITTORGARH, 86, BEGUN, 1225, BARNIYAS, 36449, 1172112, Drinking water, 0, 0, 0, 0, 0, 0, 239000, 239000
2015, RAJASTHAN, 8, CHITTORGARH, 86, BEGUN, 1225, BARNIYAS, 36449, 1172112, Roads, 0, 0, 0, 0, 0, 0, 970000, 970000
2015, RAJASTHAN, 8, CHITTORGARH, 86, BEGUN, 1225, BARNIYAS, 36449, 1172112, Total, 0, 0, 0, 0, 0, 0, 1209000, 1209000
2015, RAJASTHAN, 8, CHITTORGARH, 86, BEGUN, 1225, BICHHOR, 36450, 1174848, Drinking water, 0, 0, 0, 0, 0, 0, 400000, 400000
2015, RAJASTHAN, 8, CHITTORGARH, 86, BEGUN, 1225, BICHHOR, 36450, 1174848, Roads, 0, 0, 0, 0, 0, 0, 1649000, 1649000
2015, RAJASTHAN, 8, CHITTORGARH, 86, BEGUN, 1225, BICHHOR, 36450, 1174848, Sanitation, 0, 0, 0, 0, 0, 0, 290000, 290000
2015, RAJASTHAN, 8, CHITTORGARH, 86, BEGUN, 1225, BICHHOR, 36450, 1174848, Total, 0, 0, 0, 0, 0, 0, 2339000, 2339000
2015, RAJASTHAN, 8, CHITTORGARH, 86, BEGUN, 1225, CHECHI, 36451, 1174460, Drinking water, 0, 0, 0, 0, 0, 0, 756000, 756000
2015, RAJASTHAN, 8, CHITTORGARH, 86, BEGUN, 1225, CHECHI, 36451, 1174460, Roads, 0, 0, 0, 0, 0, 0, 1787000, 1787000
2015, RAJASTHAN, 8, CHITTORGARH, 86, BEGUN, 1225, CHECHI, 36451, 1174460, Sanitation, 0, 0, 0, 0, 0, 0, 492000, 492000
2015, RAJASTHAN, 8, CHITTORGARH, 86, BEGUN, 1225, CHECHI, 36451, 1174460, Total, 0, 0, 0, 0, 0, 0, 3035000, 3035000
2015, RAJASTHAN, 8, CHITTORGARH, 86, BEGUN, 1225, DAULATPUR, 36454, 1169439, Drinking water, 0, 0, 0, 0, 0, 0, 1550831, 1550831
2015, RAJASTHAN, 8, CHITTORGARH, 86, BEGUN, 1225, DAULATPUR, 36454, 1169439, Roads, 0, 0, 0, 0, 0, 0, 154025, 154025
2015, RAJASTHAN, 8, CHITTORGARH, 86, BEGUN, 1225, DAULATPUR, 36454, 1169439, Sanitation, 0, 0, 0, 0, 0, 0, 206116, 206116
2015, RAJASTHAN, 8, CHITTORGARH, 86, BEGUN, 1225, DAULATPUR, 36454, 1169439, Total, 0, 0, 0, 0, 0, 0, 1910972, 1910972
2015, RAJASTHAN, 8, CHITTORGARH, 86, BEGUN, 1225, DHAMANCHA, 36452, 1353230, Drinking water, 0, 0, 0, 0, 0, 0, 984000, 984000
2015, RAJASTHAN, 8, CHITTORGARH, 86, BEGUN, 1225, DHAMANCHA, 36452, 1353230, Roads, 0, 0, 0, 0, 0, 0, 612000, 612000
2015, RAJASTHAN, 8, CHITTORGARH, 86, BEGUN, 1225, DHAMANCHA, 36452, 1353230, Total, 0, 0, 0, 0, 0, 0, 1596000, 1596000
2015, RAJASTHAN, 8, CHITTORGARH, 86, BEGUN, 1225, DORAI, 36453, 1177217, Drinking water, 0, 0, 0, 0, 0, 0, 949000, 949000
2015, RAJASTHAN, 8, CHITTORGARH, 86, BEGUN, 1225, DORAI, 36453, 1177217, Roads, 0, 0, 0, 0, 0, 0, 145000, 145000
2015, RAJASTHAN, 8, CHITTORGARH, 86, BEGUN, 1225, DORAI, 36453, 1177217, Total, 0, 0, 0, 0, 0, 0, 1094000, 1094000
2015, RAJASTHAN, 8, CHITTORGARH, 86, BEGUN, 1225, DUGAR, 36455, 1172691, Drinking water, 0, 0, 0, 0, 0, 0, 322000, 322000
2015, RAJASTHAN, 8, CHITTORGARH, 86, BEGUN, 1225, DUGAR, 36455, 1172691, Roads, 0, 0, 0, 0, 0, 0, 1252000, 1252000
2015, RAJASTHAN, 8, CHITTORGARH, 86, BEGUN, 1225, DUGAR, 36455, 1172691, Total, 0, 0, 0, 0, 0, 0, 1574000, 1574000
2015, RAJASTHAN, 8, CHITTORGARH, 86, BEGUN, 1225, GOPAL PURA, 36456, 1183124, Drinking water, 0, 0, 0, 0, 0, 0, 1322000, 1322000
2015, RAJASTHAN, 8, CHITTORGARH, 86, BEGUN, 1225, GOPAL PURA, 36456, 1183124, Roads, 0, 0, 0, 0, 0, 0, 1283000, 1283000
2015, RAJASTHAN, 8, CHITTORGARH, 86, BEGUN, 1225, GOPAL PURA, 36456, 1183124, Total, 0, 0, 0, 0, 0, 0, 2605000, 2605000
2015, RAJASTHAN, 8, CHITTORGARH, 86, BEGUN, 1225, GOVIND PURA, 36457, 1166938, Drinking water, 0, 0, 0, 0, 0, 0, 1107000, 1107000
2015, RAJASTHAN, 8, CHITTORGARH, 86, BEGUN, 1225, GOVIND PURA, 36457, 1166938, Roads, 0, 0, 0, 0, 0, 0, 259000, 259000
2015, RAJASTHAN, 8, CHITTORGARH, 86, BEGUN, 1225, GOVIND PURA, 36457, 1166938, Total, 0, 0, 0, 0, 0, 0, 1366000, 1366000
2015, RAJASTHAN, 8, CHITTORGARH, 86, BEGUN, 1225, ITAWA, 36458, 1170529, Drinking water, 0, 0, 0, 0, 0, 0, 350000, 350000
2015, RAJASTHAN, 8, CHITTORGARH, 86, BEGUN, 1225, ITAWA, 36458, 1170529, Public distribution system, 0, 0, 0, 0, 0, 0, 50000, 50000
2015, RAJASTHAN, 8, CHITTORGARH, 86, BEGUN, 1225, ITAWA, 36458, 1170529, Roads, 0, 0, 0, 0, 0, 0, 500000, 500000
2015, RAJASTHAN, 8, CHITTORGARH, 86, BEGUN, 1225, ITAWA, 36458, 1170529, Total, 0, 0, 0, 0, 0, 0, 912000, 912000
2015, RAJASTHAN, 8, CHITTORGARH, 86, BEGUN, 1225, ITAWA, 36458, 1170529, Welfare of the weaker sections, 0, 0, 0, 0, 0, 0, 12000, 12000
2015, RAJASTHAN, 8, CHITTORGARH, 86, BEGUN, 1225, JAI NAGAR, 36459, 1361271, Drinking water, 0, 0, 0, 0, 0, 0, 750000, 750000
2015, RAJASTHAN, 8, CHITTORGARH, 86, BEGUN, 1225, JAI NAGAR, 36459, 1361271, Public distribution system, 0, 0, 0, 0, 0, 0, 50000, 50000
2015, RAJASTHAN, 8, CHITTORGARH, 86, BEGUN, 1225, JAI NAGAR, 36459, 1361271, Roads, 0, 0, 0, 0, 0, 0, 519000, 519000
2015, RAJASTHAN, 8, CHITTORGARH, 86, BEGUN, 1225, JAI NAGAR, 36459, 1361271, Sanitation, 0, 0, 0, 0, 0, 0, 272000, 272000
2015, RAJASTHAN, 8, CHITTORGARH, 86, BEGUN, 1225, JAI NAGAR, 36459, 1361271, Total, 0, 0, 0, 0, 0, 0, 1591000, 1591000
2015, RAJASTHAN, 8, CHITTORGARH, 86, BEGUN, 1225, KATUNDA, 36460, 1182031, Drinking water, 0, 0, 0, 0, 0, 0, 200000, 200000
2015, RAJASTHAN, 8, CHITTORGARH, 86, BEGUN, 1225, KATUNDA, 36460, 1182031, Roads, 0, 0, 0, 0, 0, 0, 1426000, 1426000
2015, RAJASTHAN, 8, CHITTORGARH, 86, BEGUN, 1225, KATUNDA, 36460, 1182031, Sanitation, 0, 0, 0, 0, 0, 0, 100000, 100000
2015, RAJASTHAN, 8, CHITTORGARH, 86, BEGUN, 1225, KATUNDA, 36460, 1182031, Total, 0, 0, 0, 0, 0, 0, 1726000, 1726000
2015, RAJASTHAN, 8, CHITTORGARH, 86, BEGUN, 1225, KERPURA, 36461, 1171173, Drinking water, 0, 0, 0, 0, 0, 0, 284008, 284008
2015, RAJASTHAN, 8, CHITTORGARH, 86, BEGUN, 1225, KERPURA, 36461, 1171173, Roads, 0, 0, 0, 0, 0, 0, 600000, 600000
2015, RAJASTHAN, 8, CHITTORGARH, 86, BEGUN, 1225, KERPURA, 36461, 1171173, Total, 0, 0, 0, 0, 0, 0, 884008, 884008
2015, RAJASTHAN, 8, CHITTORGARH, 86, BEGUN, 1225, KHERI, 36462, 1169930, Drinking water, 0, 0, 0, 0, 0, 0, 790000, 790000
2015, RAJASTHAN, 8, CHITTORGARH, 86, BEGUN, 1225, KHERI, 36462, 1169930, Roads, 0, 0, 0, 0, 0, 0, 2149000, 2149000
2015, RAJASTHAN, 8, CHITTORGARH, 86, BEGUN, 1225, KHERI, 36462, 1169930, Total, 0, 0, 0, 0, 0, 0, 2939000, 2939000
2015, RAJASTHAN, 8, CHITTORGARH, 86, BEGUN, 1225, MADHOPUR, 36463, 1170426, Drinking water, 0, 0, 0, 0, 0, 0, 630000, 630000
2015, RAJASTHAN, 8, CHITTORGARH, 86, BEGUN, 1225, MADHOPUR, 36463, 1170426, Roads, 0, 0, 0, 0, 0, 0, 900000, 900000
2015, RAJASTHAN, 8, CHITTORGARH, 86, BEGUN, 1225, MADHOPUR, 36463, 1170426, Total, 0, 0, 0, 0, 0, 0, 1530000, 1530000
2015, RAJASTHAN, 8, CHITTORGARH, 86, BEGUN, 1225, MANDAWARI, 36464, 1168264, Drinking water, 0, 0, 0, 0, 0, 0, 818000, 818000
2015, RAJASTHAN, 8, CHITTORGARH, 86, BEGUN, 1225, MANDAWARI, 36464, 1168264, Roads, 0, 0, 0, 0, 0, 0, 1090000, 1090000
2015, RAJASTHAN, 8, CHITTORGARH, 86, BEGUN, 1225, MANDAWARI, 36464, 1168264, Total, 0, 0, 0, 0, 0, 0, 1908000, 1908000
2015, RAJASTHAN, 8, CHITTORGARH, 86, BEGUN, 1225, MEGHNIWAS, 36465, 1176228, Drinking water, 0, 0, 0, 0, 0, 0, 553000, 553000
2015, RAJASTHAN, 8, CHITTORGARH, 86, BEGUN, 1225, MEGHNIWAS, 36465, 1176228, Roads, 0, 0, 0, 0, 0, 0, 1147000, 1147000
2015, RAJASTHAN, 8, CHITTORGARH, 86, BEGUN, 1225, MEGHNIWAS, 36465, 1176228, Total, 0, 0, 0, 0, 0, 0, 1700000, 1700000
2015, RAJASTHAN, 8, CHITTORGARH, 86, BEGUN, 1225, MEGHPURA, 36466, 1174990, Drinking water, 0, 0, 0, 0, 0, 0, 511000, 511000
2015, RAJASTHAN, 8, CHITTORGARH, 86, BEGUN, 1225, MEGHPURA, 36466, 1174990, Total, 0, 0, 0, 0, 0, 0, 511000, 511000
2015, RAJASTHAN, 8, CHITTORGARH, 86, BEGUN, 1225, MOTIPURA, 36467, 1168348, Drinking water, 0, 0, 0, 0, 0, 0, 680000, 680000
2015, RAJASTHAN, 8, CHITTORGARH, 86, BEGUN, 1225, MOTIPURA, 36467, 1168348, Total, 0, 0, 0, 0, 0, 0, 680000, 680000
2015, RAJASTHAN, 8, CHITTORGARH, 86, BEGUN, 1225, NANDWAI, 36468, 1170677, Drinking water, 0, 0, 0, 0, 0, 0, 34000, 34000
2015, RAJASTHAN, 8, CHITTORGARH, 86, BEGUN, 1225, NANDWAI, 36468, 1170677, Roads, 0, 0, 0, 0, 0, 0, 1160000, 1160000
2015, RAJASTHAN, 8, CHITTORGARH, 86, BEGUN, 1225, NANDWAI, 36468, 1170677, Total, 0, 0, 0, 0, 0, 0, 1194000, 1194000
2015, RAJASTHAN, 8, CHITTORGARH, 86, BEGUN, 1225, PARSOLI, 36469, 1169503, Animal husbandry, 0, 0, 0, 0, 0, 0, 42000, 42000
2015, RAJASTHAN, 8, CHITTORGARH, 86, BEGUN, 1225, PARSOLI, 36469, 1169503, Drinking water, 0, 0, 0, 0, 0, 0, 1655000, 1655000
2015, RAJASTHAN, 8, CHITTORGARH, 86, BEGUN, 1225, PARSOLI, 36469, 1169503, Public distribution system, 0, 0, 0, 0, 0, 0, 189000, 189000
2015, RAJASTHAN, 8, CHITTORGARH, 86, BEGUN, 1225, PARSOLI, 36469, 1169503, Roads, 0, 0, 0, 0, 0, 0, 613000, 613000
2015, RAJASTHAN, 8, CHITTORGARH, 86, BEGUN, 1225, PARSOLI, 36469, 1169503, Rural electrification, 0, 0, 0, 0, 0, 0, 199000, 199000
2015, RAJASTHAN, 8, CHITTORGARH, 86, BEGUN, 1225, PARSOLI, 36469, 1169503, Sanitation, 0, 0, 0, 0, 0, 0, 396000, 396000
2015, RAJASTHAN, 8, CHITTORGARH, 86, BEGUN, 1225, PARSOLI, 36469, 1169503, Total, 0, 0, 0, 0, 0, 0, 3094000, 3094000
2015, RAJASTHAN, 8, CHITTORGARH, 86, BEGUN, 1225, RAJ GARH, 36470, 1169981, Drinking water, 0, 0, 0, 0, 0, 0, 831000, 831000
2015, RAJASTHAN, 8, CHITTORGARH, 86, BEGUN, 1225, RAJ GARH, 36470, 1169981, Roads, 0, 0, 0, 0, 0, 0, 1184000, 1184000
2015, RAJASTHAN, 8, CHITTORGARH, 86, BEGUN, 1225, RAJ GARH, 36470, 1169981, Total, 0, 0, 0, 0, 0, 0, 2015000, 2015000
2015, RAJASTHAN, 8, CHITTORGARH, 86, BEGUN, 1225, RAMPURIYA, 36471, 1167325, Drinking water, 0, 0, 0, 0, 0, 0, 503044, 503044
2015, RAJASTHAN, 8, CHITTORGARH, 86, BEGUN, 1225, RAMPURIYA, 36471, 1167325, Roads, 0, 0, 0, 0, 0, 0, 829894, 829894
2015, RAJASTHAN, 8, CHITTORGARH, 86, BEGUN, 1225, RAMPURIYA, 36471, 1167325, Sanitation, 0, 0, 0, 0, 0, 0, 34928, 34928
2015, RAJASTHAN, 8, CHITTORGARH, 86, BEGUN, 1225, RAMPURIYA, 36471, 1167325, Total, 0, 0, 0, 0, 0, 0, 1367866, 1367866
2015, RAJASTHAN, 8, CHITTORGARH, 86, BEGUN, 1225, RAWARDA, 36472, 1179751, Drinking water, 0, 0, 0, 0, 0, 0, 185000, 185000
2015, RAJASTHAN, 8, CHITTORGARH, 86, BEGUN, 1225, RAWARDA, 36472, 1179751, Rural electrification, 0, 0, 0, 0, 0, 0, 398000, 398000
2015, RAJASTHAN, 8, CHITTORGARH, 86, BEGUN, 1225, RAWARDA, 36472, 1179751, Total, 0, 0, 0, 0, 0, 0, 583000, 583000
2015, RAJASTHAN, 8, CHITTORGARH, 86, BEGUN, 1225, RAYTA, 36473, 1170929, Drinking water, 0, 0, 0, 0, 0, 0, 608655, 608655
2015, RAJASTHAN, 8, CHITTORGARH, 86, BEGUN, 1225, RAYTA, 36473, 1170929, Public distribution system, 0, 0, 0, 0, 0, 0, 49922, 49922
2015, RAJASTHAN, 8, CHITTORGARH, 86, BEGUN, 1225, RAYTA, 36473, 1170929, Roads, 0, 0, 0, 0, 0, 0, 1629210, 1629210
2015, RAJASTHAN, 8, CHITTORGARH, 86, BEGUN, 1225, RAYTA, 36473, 1170929, Rural electrification, 0, 0, 0, 0, 0, 0, 87166, 87166
2015, RAJASTHAN, 8, CHITTORGARH, 86, BEGUN, 1225, RAYTA, 36473, 1170929, Total, 0, 0, 0, 0, 0, 0, 2374953, 2374953
2015, RAJASTHAN, 8, CHITTORGARH, 86, BEGUN, 1225, SAMARIYAN KALAN, 36475, 1171600, Drinking water, 0, 0, 0, 0, 0, 0, 603418, 603418
2015, RAJASTHAN, 8, CHITTORGARH, 86, BEGUN, 1225, SAMARIYAN KALAN, 36475, 1171600, Roads, 0, 0, 0, 0, 0, 0, 941385, 941385
2015, RAJASTHAN, 8, CHITTORGARH, 86, BEGUN, 1225, SAMARIYAN KALAN, 36475, 1171600, Sanitation, 0, 0, 0, 0, 0, 0, 47080, 47080
2015, RAJASTHAN, 8, CHITTORGARH, 86, BEGUN, 1225, SAMARIYAN KALAN, 36475, 1171600, Total, 0, 0, 0, 0, 0, 0, 1591883, 1591883
2015, RAJASTHAN, 8, CHITTORGARH, 86, BEGUN, 1225, SHADI, 36474, 1168057, Drinking water, 0, 0, 0, 0, 0, 0, 1087000, 1087000
2015, RAJASTHAN, 8, CHITTORGARH, 86, BEGUN, 1225, SHADI, 36474, 1168057, Total, 0, 0, 0, 0, 0, 0, 1087000, 1087000
2015, RAJASTHAN, 8, CHITTORGARH, 86, BEGUN, 1225, SUWANIYA, 36476, 1179477, Drinking water, 0, 0, 0, 0, 0, 0, 668000, 668000
2015, RAJASTHAN, 8, CHITTORGARH, 86, BEGUN, 1225, SUWANIYA, 36476, 1179477, Total, 0, 0, 0, 0, 0, 0, 668000, 668000
2015, RAJASTHAN, 8, CHITTORGARH, 86, BEGUN, 1225, THUKRAI, 36477, 1171217, Drinking water, 0, 0, 0, 0, 0, 0, 270000, 270000
2015, RAJASTHAN, 8, CHITTORGARH, 86, BEGUN, 1225, THUKRAI, 36477, 1171217, Roads, 0, 0, 0, 0, 0, 0, 684000, 684000
2015, RAJASTHAN, 8, CHITTORGARH, 86, BEGUN, 1225, THUKRAI, 36477, 1171217, Sanitation, 0, 0, 0, 0, 0, 0, 200000, 200000
2015, RAJASTHAN, 8, CHITTORGARH, 86, BEGUN, 1225, THUKRAI, 36477, 1171217, Total, 0, 0, 0, 0, 0, 0, 1154000, 1154000
2015, RAJASTHAN, 8, CHITTORGARH, 86, BHADESAR, 1226, AKOLA KALAN, 36478, 1158715, Drinking water, 0, 0, 0, 0, 0, 0, 930000, 930000
2015, RAJASTHAN, 8, CHITTORGARH, 86, BHADESAR, 1226, AKOLA KALAN, 36478, 1158715, Roads, 0, 0, 0, 0, 0, 0, 913000, 913000
2015, RAJASTHAN, 8, CHITTORGARH, 86, BHADESAR, 1226, AKOLA KALAN, 36478, 1158715, Total, 0, 0, 0, 0, 0, 0, 1843000, 1843000
2015, RAJASTHAN, 8, CHITTORGARH, 86, BHADESAR, 1226, AKYA, 36479, 1171676, Drinking water, 0, 0, 0, 0, 0, 0, 200000, 200000
2015, RAJASTHAN, 8, CHITTORGARH, 86, BHADESAR, 1226, AKYA, 36479, 1171676, Roads, 0, 0, 0, 0, 0, 0, 600000, 600000
2015, RAJASTHAN, 8, CHITTORGARH, 86, BHADESAR, 1226, AKYA, 36479, 1171676, Total, 0, 0, 0, 0, 0, 0, 800000, 800000
2015, RAJASTHAN, 8, CHITTORGARH, 86, BHADESAR, 1226, ASAWARA, 36480, 1152564, Drinking water, 0, 0, 0, 0, 0, 0, 348000, 348000
2015, RAJASTHAN, 8, CHITTORGARH, 86, BHADESAR, 1226, ASAWARA, 36480, 1152564, Roads, 0, 0, 0, 0, 0, 0, 860000, 860000
2015, RAJASTHAN, 8, CHITTORGARH, 86, BHADESAR, 1226, ASAWARA, 36480, 1152564, Rural electrification, 0, 0, 0, 0, 0, 0, 40000, 40000
2015, RAJASTHAN, 8, CHITTORGARH, 86, BHADESAR, 1226, ASAWARA, 36480, 1152564, Sanitation, 0, 0, 0, 0, 0, 0, 250000, 250000
2015, RAJASTHAN, 8, CHITTORGARH, 86, BHADESAR, 1226, ASAWARA, 36480, 1152564, Total, 0, 0, 0, 0, 0, 0, 1498000, 1498000
2015, RAJASTHAN, 8, CHITTORGARH, 86, BHADESAR, 1226, BAGUND, 36481, 1154987, Drinking water, 0, 0, 0, 0, 0, 0, 250000, 250000
2015, RAJASTHAN, 8, CHITTORGARH, 86, BHADESAR, 1226, BAGUND, 36481, 1154987, Roads, 0, 0, 0, 0, 0, 0, 360000, 360000
2015, RAJASTHAN, 8, CHITTORGARH, 86, BHADESAR, 1226, BAGUND, 36481, 1154987, Total, 0, 0, 0, 0, 0, 0, 610000, 610000
2015, RAJASTHAN, 8, CHITTORGARH, 86, BHADESAR, 1226, BANSEN, 36482, 1154933, Drinking water, 0, 0, 0, 0, 0, 0, 385000, 385000
2015, RAJASTHAN, 8, CHITTORGARH, 86, BHADESAR, 1226, BANSEN, 36482, 1154933, Health, 0, 0, 0, 0, 0, 0, 59000, 59000
2015, RAJASTHAN, 8, CHITTORGARH, 86, BHADESAR, 1226, BANSEN, 36482, 1154933, Roads, 0, 0, 0, 0, 0, 0, 360000, 360000
2015, RAJASTHAN, 8, CHITTORGARH, 86, BHADESAR, 1226, BANSEN, 36482, 1154933, Rural electrification, 0, 0, 0, 0, 0, 0, 50000, 50000
2015, RAJASTHAN, 8, CHITTORGARH, 86, BHADESAR, 1226, BANSEN, 36482, 1154933, Sanitation, 0, 0, 0, 0, 0, 0, 402000, 402000
2015, RAJASTHAN, 8, CHITTORGARH, 86, BHADESAR, 1226, BANSEN, 36482, 1154933, Total, 0, 0, 0, 0, 0, 0, 1256000, 1256000
2015, RAJASTHAN, 8, CHITTORGARH, 86, BHADESAR, 1226, BHADESAR, 36483, 1155097, Drinking water, 0, 0, 0, 0, 0, 0, 180000, 180000
2015, RAJASTHAN, 8, CHITTORGARH, 86, BHADESAR, 1226, BHADESAR, 36483, 1155097, Roads, 0, 0, 0, 0, 0, 0, 900000, 900000
2015, RAJASTHAN, 8, CHITTORGARH, 86, BHADESAR, 1226, BHADESAR, 36483, 1155097, Rural housing, 0, 0, 0, 0, 0, 0, 50000, 50000
2015, RAJASTHAN, 8, CHITTORGARH, 86, BHADESAR, 1226, BHADESAR, 36483, 1155097, Total, 0, 0, 0, 0, 0, 0, 1130000, 1130000
2015, RAJASTHAN, 8, CHITTORGARH, 86, BHADESAR, 1226, BHADSORA, 36484, 1136042, Drinking water, 0, 0, 0, 0, 0, 0, 286000, 286000
2015, RAJASTHAN, 8, CHITTORGARH, 86, BHADESAR, 1226, BHADSORA, 36484, 1136042, Rural electrification, 0, 0, 0, 0, 0, 0, 100000, 100000
2015, RAJASTHAN, 8, CHITTORGARH, 86, BHADESAR, 1226, BHADSORA, 36484, 1136042, Total, 0, 0, 0, 0, 0, 0, 386000, 386000
2015, RAJASTHAN, 8, CHITTORGARH, 86, BHADESAR, 1226, BHALUNDI, 36485, 1152174, Drinking water, 0, 0, 0, 0, 0, 0, 750000, 750000
2015, RAJASTHAN, 8, CHITTORGARH, 86, BHADESAR, 1226, BHALUNDI, 36485, 1152174, Roads, 0, 0, 0, 0, 0, 0, 250000, 250000
2015, RAJASTHAN, 8, CHITTORGARH, 86, BHADESAR, 1226, BHALUNDI, 36485, 1152174, Total, 0, 0, 0, 0, 0, 0, 1000000, 1000000
2015, RAJASTHAN, 8, CHITTORGARH, 86, BHADESAR, 1226, DHEERJI KA KHERA, 36486, 1162613, Drinking water, 0, 0, 0, 0, 0, 0, 942000, 942000
2015, RAJASTHAN, 8, CHITTORGARH, 86, BHADESAR, 1226, DHEERJI KA KHERA, 36486, 1162613, Roads, 0, 0, 0, 0, 0, 0, 380000, 380000
2015, RAJASTHAN, 8, CHITTORGARH, 86, BHADESAR, 1226, DHEERJI KA KHERA, 36486, 1162613, Rural housing, 0, 0, 0, 0, 0, 0, 100000, 100000
2015, RAJASTHAN, 8, CHITTORGARH, 86, BHADESAR, 1226, DHEERJI KA KHERA, 36486, 1162613, Total, 0, 0, 0, 0, 0, 0, 1422000, 1422000
2015, RAJASTHAN, 8, CHITTORGARH, 86, BHADESAR, 1226, GARDANA, 36487, 1158090, Roads, 0, 0, 0, 0, 0, 0, 920000, 920000
2015, RAJASTHAN, 8, CHITTORGARH, 86, BHADESAR, 1226, GARDANA, 36487, 1158090, Total, 0, 0, 0, 0, 0, 0, 920000, 920000
2015, RAJASTHAN, 8, CHITTORGARH, 86, BHADESAR, 1226, KANNOJ, 36488, 1144950, Drinking water, 0, 0, 0, 0, 0, 0, 1479000, 1479000
2015, RAJASTHAN, 8, CHITTORGARH, 86, BHADESAR, 1226, KANNOJ, 36488, 1144950, Roads, 0, 0, 0, 0, 0, 0, 65000, 65000
2015, RAJASTHAN, 8, CHITTORGARH, 86, BHADESAR, 1226, KANNOJ, 36488, 1144950, Rural electrification, 0, 0, 0, 0, 0, 0, 200000, 200000
2015, RAJASTHAN, 8, CHITTORGARH, 86, BHADESAR, 1226, KANNOJ, 36488, 1144950, Total, 0, 0, 0, 0, 0, 0, 1744000, 1744000
2015, RAJASTHAN, 8, CHITTORGARH, 86, BHADESAR, 1226, KANTHARIYA, 36489, 1171704, Drinking water, 0, 0, 0, 0, 0, 0, 145000, 145000
2015, RAJASTHAN, 8, CHITTORGARH, 86, BHADESAR, 1226, KANTHARIYA, 36489, 1171704, Roads, 0, 0, 0, 0, 0, 0, 760000, 760000
2015, RAJASTHAN, 8, CHITTORGARH, 86, BHADESAR, 1226, KANTHARIYA, 36489, 1171704, Total, 0, 0, 0, 0, 0, 0, 905000, 905000
2015, RAJASTHAN, 8, CHITTORGARH, 86, BHADESAR, 1226, KAREDIYA, 36490, 1162615, Drinking water, 0, 0, 0, 0, 0, 0, 716000, 716000
2015, RAJASTHAN, 8, CHITTORGARH, 86, BHADESAR, 1226, KAREDIYA, 36490, 1162615, Roads, 0, 0, 0, 0, 0, 0, 500000, 500000
2015, RAJASTHAN, 8, CHITTORGARH, 86, BHADESAR, 1226, KAREDIYA, 36490, 1162615, Total, 0, 0, 0, 0, 0, 0, 1216000, 1216000
2015, RAJASTHAN, 8, CHITTORGARH, 86, BHADESAR, 1226, KHODEEP, 36491, 1151508, Drinking water, 0, 0, 0, 0, 0, 0, 1176000, 1176000
2015, RAJASTHAN, 8, CHITTORGARH, 86, BHADESAR, 1226, KHODEEP, 36491, 1151508, Roads, 0, 0, 0, 0, 0, 0, 754000, 754000
2015, RAJASTHAN, 8, CHITTORGARH, 86, BHADESAR, 1226, KHODEEP, 36491, 1151508, Total, 0, 0, 0, 0, 0, 0, 1930000, 1930000
2015, RAJASTHAN, 8, CHITTORGARH, 86, BHADESAR, 1226, KOONTHANA, 36492, 1158062, Drinking water, 0, 0, 0, 0, 0, 0, 1259000, 1259000
2015, RAJASTHAN, 8, CHITTORGARH, 86, BHADESAR, 1226, KOONTHANA, 36492, 1158062, Roads, 0, 0, 0, 0, 0, 0, 220000, 220000
2015, RAJASTHAN, 8, CHITTORGARH, 86, BHADESAR, 1226, KOONTHANA, 36492, 1158062, Total, 0, 0, 0, 0, 0, 0, 1479000, 1479000
2015, RAJASTHAN, 8, CHITTORGARH, 86, BHADESAR, 1226, LESWA, 36493, 1154468, Roads, 0, 0, 0, 0, 0, 0, 685000, 685000
2015, RAJASTHAN, 8, CHITTORGARH, 86, BHADESAR, 1226, LESWA, 36493, 1154468, Total, 0, 0, 0, 0, 0, 0, 685000, 685000
2015, RAJASTHAN, 8, CHITTORGARH, 86, BHADESAR, 1226, MANDPHIYA, 36494, 1159866, Drinking water, 0, 0, 0, 0, 0, 0, 1561000, 1561000
2015, RAJASTHAN, 8, CHITTORGARH, 86, BHADESAR, 1226, MANDPHIYA, 36494, 1159866, Roads, 0, 0, 0, 0, 0, 0, 598000, 598000
2015, RAJASTHAN, 8, CHITTORGARH, 86, BHADESAR, 1226, MANDPHIYA, 36494, 1159866, Total, 0, 0, 0, 0, 0, 0, 2159000, 2159000
2015, RAJASTHAN, 8, CHITTORGARH, 86, BHADESAR, 1226, NAHARGARH, 36495, 1162616, Drinking water, 0, 0, 0, 0, 0, 0, 787000, 787000
2015, RAJASTHAN, 8, CHITTORGARH, 86, BHADESAR, 1226, NAHARGARH, 36495, 1162616, Rural electrification, 0, 0, 0, 0, 0, 0, 35000, 35000
2015, RAJASTHAN, 8, CHITTORGARH, 86, BHADESAR, 1226, NAHARGARH, 36495, 1162616, Rural housing, 0, 0, 0, 0, 0, 0, 50000, 50000
2015, RAJASTHAN, 8, CHITTORGARH, 86, BHADESAR, 1226, NAHARGARH, 36495, 1162616, Total, 0, 0, 0, 0, 0, 0, 872000, 872000
2015, RAJASTHAN, 8, CHITTORGARH, 86, BHADESAR, 1226, NANANA, 36496, 1159265, Drinking water, 0, 0, 0, 0, 0, 0, 930000, 930000
2015, RAJASTHAN, 8, CHITTORGARH, 86, BHADESAR, 1226, NANANA, 36496, 1159265, Roads, 0, 0, 0, 0, 0, 0, 360000, 360000
2015, RAJASTHAN, 8, CHITTORGARH, 86, BHADESAR, 1226, NANANA, 36496, 1159265, Sanitation, 0, 0, 0, 0, 0, 0, 90000, 90000
2015, RAJASTHAN, 8, CHITTORGARH, 86, BHADESAR, 1226, NANANA, 36496, 1159265, Total, 0, 0, 0, 0, 0, 0, 1380000, 1380000
2015, RAJASTHAN, 8, CHITTORGARH, 86, BHADESAR, 1226, NAPANIYA, 36497, 1147435, Roads, 0, 0, 0, 0, 0, 0, 2187000, 2187000
2015, RAJASTHAN, 8, CHITTORGARH, 86, BHADESAR, 1226, NAPANIYA, 36497, 1147435, Total, 0, 0, 0, 0, 0, 0, 2187000, 2187000
2015, RAJASTHAN, 8, CHITTORGARH, 86, BHADESAR, 1226, NAPAWALI, 36498, 1145526, Drinking water, 0, 0, 0, 0, 0, 0, 340000, 340000
2015, RAJASTHAN, 8, CHITTORGARH, 86, BHADESAR, 1226, NAPAWALI, 36498, 1145526, Roads, 0, 0, 0, 0, 0, 0, 1404000, 1404000
2015, RAJASTHAN, 8, CHITTORGARH, 86, BHADESAR, 1226, NAPAWALI, 36498, 1145526, Sanitation, 0, 0, 0, 0, 0, 0, 40000, 40000
2015, RAJASTHAN, 8, CHITTORGARH, 86, BHADESAR, 1226, NAPAWALI, 36498, 1145526, Total, 0, 0, 0, 0, 0, 0, 1784000, 1784000
2015, RAJASTHAN, 8, CHITTORGARH, 86, BHADESAR, 1226, PEEPALWAS, 36499, 1163475, Drinking water, 0, 0, 0, 0, 0, 0, 550000, 550000
2015, RAJASTHAN, 8, CHITTORGARH, 86, BHADESAR, 1226, PEEPALWAS, 36499, 1163475, Roads, 0, 0, 0, 0, 0, 0, 541000, 541000
2015, RAJASTHAN, 8, CHITTORGARH, 86, BHADESAR, 1226, PEEPALWAS, 36499, 1163475, Total, 0, 0, 0, 0, 0, 0, 1091000, 1091000
2015, RAJASTHAN, 8, CHITTORGARH, 86, BHADESAR, 1226, POTLA KALAN, 36500, 1147538, Administrative & Technical Support, 0, 0, 0, 0, 0, 0, 50000, 50000
2015, RAJASTHAN, 8, CHITTORGARH, 86, BHADESAR, 1226, POTLA KALAN, 36500, 1147538, Drinking water, 0, 0, 0, 0, 0, 0, 262000, 262000
2015, RAJASTHAN, 8, CHITTORGARH, 86, BHADESAR, 1226, POTLA KALAN, 36500, 1147538, Roads, 0, 0, 0, 0, 0, 0, 601000, 601000
2015, RAJASTHAN, 8, CHITTORGARH, 86, BHADESAR, 1226, POTLA KALAN, 36500, 1147538, Total, 0, 0, 0, 0, 0, 0, 913000, 913000
2015, RAJASTHAN, 8, CHITTORGARH, 86, BHADESAR, 1226, REWALIYA KHURD, 36501, 1158188, Drinking water, 0, 0, 0, 0, 0, 0, 435000, 435000
2015, RAJASTHAN, 8, CHITTORGARH, 86, BHADESAR, 1226, REWALIYA KHURD, 36501, 1158188, Roads, 0, 0, 0, 0, 0, 0, 900000, 900000
2015, RAJASTHAN, 8, CHITTORGARH, 86, BHADESAR, 1226, REWALIYA KHURD, 36501, 1158188, Total, 0, 0, 0, 0, 0, 0, 1335000, 1335000
2015, RAJASTHAN, 8, CHITTORGARH, 86, BHADESAR, 1226, SUKHWARA, 36502, 1135148, Drinking water, 0, 0, 0, 0, 0, 0, 697000, 697000
2015, RAJASTHAN, 8, CHITTORGARH, 86, BHADESAR, 1226, SUKHWARA, 36502, 1135148, Roads, 0, 0, 0, 0, 0, 0, 860000, 860000
2015, RAJASTHAN, 8, CHITTORGARH, 86, BHADESAR, 1226, SUKHWARA, 36502, 1135148, Total, 0, 0, 0, 0, 0, 0, 1557000, 1557000
2015, RAJASTHAN, 8, CHITTORGARH, 86, BHAINSRORGARH, 1227, BADODIYA, 36503, 1185970, Administrative & Technical Support, 0, 0, 0, 0, 0, 0, 127398, 127398
2015, RAJASTHAN, 8, CHITTORGARH, 86, BHAINSRORGARH, 1227, BADODIYA, 36503, 1185970, Drinking water, 0, 0, 0, 0, 0, 0, 360777, 360777
2015, RAJASTHAN, 8, CHITTORGARH, 86, BHAINSRORGARH, 1227, BADODIYA, 36503, 1185970, Roads, 0, 0, 0, 0, 0, 0, 240542, 240542
2015, RAJASTHAN, 8, CHITTORGARH, 86, BHAINSRORGARH, 1227, BADODIYA, 36503, 1185970, Total, 0, 0, 0, 0, 0, 0, 728717, 728717
2015, RAJASTHAN, 8, CHITTORGARH, 86, BHAINSRORGARH, 1227, BALKUNDI KALAN, 36505, 1174815, Administrative & Technical Support, 0, 0, 0, 0, 0, 0, 181098, 181098
2015, RAJASTHAN, 8, CHITTORGARH, 86, BHAINSRORGARH, 1227, BALKUNDI KALAN, 36505, 1174815, Roads, 0, 0, 0, 0, 0, 0, 709142, 709142
2015, RAJASTHAN, 8, CHITTORGARH, 86, BHAINSRORGARH, 1227, BALKUNDI KALAN, 36505, 1174815, Total, 0, 0, 0, 0, 0, 0, 890240, 890240
2015, RAJASTHAN, 8, CHITTORGARH, 86, BHAINSRORGARH, 1227, BARKHERA, 36506, 1174046, Administrative & Technical Support, 0, 0, 0, 0, 0, 0, 294864, 294864
2015, RAJASTHAN, 8, CHITTORGARH, 86, BHAINSRORGARH, 1227, BARKHERA, 36506, 1174046, Total, 0, 0, 0, 0, 0, 0, 294864, 294864
2015, RAJASTHAN, 8, CHITTORGARH, 86, BHAINSRORGARH, 1227, BAROLIYA, 36504, 1186308, Administrative & Technical Support, 0, 0, 0, 0, 0, 0, 37126, 37126
2015, RAJASTHAN, 8, CHITTORGARH, 86, BHAINSRORGARH, 1227, BAROLIYA, 36504, 1186308, Drinking water, 0, 0, 0, 0, 0, 0, 482724, 482724
2015, RAJASTHAN, 8, CHITTORGARH, 86, BHAINSRORGARH, 1227, BAROLIYA, 36504, 1186308, Roads, 0, 0, 0, 0, 0, 0, 782507, 782507
2015, RAJASTHAN, 8, CHITTORGARH, 86, BHAINSRORGARH, 1227, BAROLIYA, 36504, 1186308, Total, 0, 0, 0, 0, 0, 0, 1302357, 1302357
2015, RAJASTHAN, 8, CHITTORGARH, 86, BHAINSRORGARH, 1227, BHAINSRORGARH, 36507, 1174060, Roads, 0, 0, 0, 0, 0, 0, 847761, 847761
2015, RAJASTHAN, 8, CHITTORGARH, 86, BHAINSRORGARH, 1227, BHAINSRORGARH, 36507, 1174060, Total, 0, 0, 0, 0, 0, 0, 847761, 847761
2015, RAJASTHAN, 8, CHITTORGARH, 86, BHAINSRORGARH, 1227, BORAO, 36508, 1174084, Administrative & Technical Support, 0, 0, 0, 0, 0, 0, 517776, 517776
2015, RAJASTHAN, 8, CHITTORGARH, 86, BHAINSRORGARH, 1227, BORAO, 36508, 1174084, Drinking water, 0, 0, 0, 0, 0, 0, 527639, 527639
2015, RAJASTHAN, 8, CHITTORGARH, 86, BHAINSRORGARH, 1227, BORAO, 36508, 1174084, Roads, 0, 0, 0, 0, 0, 0, 25923, 25923
2015, RAJASTHAN, 8, CHITTORGARH, 86, BHAINSRORGARH, 1227, BORAO, 36508, 1174084, Total, 0, 0, 0, 0, 0, 0, 1071338, 1071338
2015, RAJASTHAN, 8, CHITTORGARH, 86, BHAINSRORGARH, 1227, Bassi, 262394, 1176663, Administrative & Technical Support, 0, 0, 0, 0, 0, 0, 95902, 95902
2015, RAJASTHAN, 8, CHITTORGARH, 86, BHAINSRORGARH, 1227, Bassi, 262394, 1176663, Drinking water, 0, 0, 0, 0, 0, 0, 277594, 277594
2015, RAJASTHAN, 8, CHITTORGARH, 86, BHAINSRORGARH, 1227, Bassi, 262394, 1176663, Roads, 0, 0, 0, 0, 0, 0, 585394, 585394
2015, RAJASTHAN, 8, CHITTORGARH, 86, BHAINSRORGARH, 1227, Bassi, 262394, 1176663, Total, 0, 0, 0, 0, 0, 0, 958890, 958890
2015, RAJASTHAN, 8, CHITTORGARH, 86, BHAINSRORGARH, 1227, DEO PURA, 36509, 1183195, Administrative & Technical Support, 0, 0, 0, 0, 0, 0, 35000, 35000
2015, RAJASTHAN, 8, CHITTORGARH, 86, BHAINSRORGARH, 1227, DEO PURA, 36509, 1183195, Drinking water, 0, 0, 0, 0, 0, 0, 18000, 18000
2015, RAJASTHAN, 8, CHITTORGARH, 86, BHAINSRORGARH, 1227, DEO PURA, 36509, 1183195, Roads, 0, 0, 0, 0, 0, 0, 1170863, 1170863
2015, RAJASTHAN, 8, CHITTORGARH, 86, BHAINSRORGARH, 1227, DEO PURA, 36509, 1183195, Total, 0, 0, 0, 0, 0, 0, 1223863, 1223863
2015, RAJASTHAN, 8, CHITTORGARH, 86, BHAINSRORGARH, 1227, DHAGADMAU KALAN, 36510, 1176410, Administrative & Technical Support, 0, 0, 0, 0, 0, 0, 48682, 48682
2015, RAJASTHAN, 8, CHITTORGARH, 86, BHAINSRORGARH, 1227, DHAGADMAU KALAN, 36510, 1176410, Roads, 0, 0, 0, 0, 0, 0, 30000, 30000
2015, RAJASTHAN, 8, CHITTORGARH, 86, BHAINSRORGARH, 1227, DHAGADMAU KALAN, 36510, 1176410, Total, 0, 0, 0, 0, 0, 0, 78682, 78682
2015, RAJASTHAN, 8, CHITTORGARH, 86, BHAINSRORGARH, 1227, DHAWAD KALAN, 36511, 1176698, Administrative & Technical Support, 0, 0, 0, 0, 0, 0, 417017, 417017
2015, RAJASTHAN, 8, CHITTORGARH, 86, BHAINSRORGARH, 1227, DHAWAD KALAN, 36511, 1176698, Roads, 0, 0, 0, 0, 0, 0, 614775, 614775
2015, RAJASTHAN, 8, CHITTORGARH, 86, BHAINSRORGARH, 1227, DHAWAD KALAN, 36511, 1176698, Total, 0, 0, 0, 0, 0, 0, 1031792, 1031792
2015, RAJASTHAN, 8, CHITTORGARH, 86, BHAINSRORGARH, 1227, EKLINGPURA, 36512, 1162994, Roads, 0, 0, 0, 0, 0, 0, 66995, 66995
2015, RAJASTHAN, 8, CHITTORGARH, 86, BHAINSRORGARH, 1227, EKLINGPURA, 36512, 1162994, Total, 0, 0, 0, 0, 0, 0, 66995, 66995
2015, RAJASTHAN, 8, CHITTORGARH, 86, BHAINSRORGARH, 1227, GOPAL PURA, 36513, 1176236, Administrative & Technical Support, 0, 0, 0, 0, 0, 0, 171504, 171504
2015, RAJASTHAN, 8, CHITTORGARH, 86, BHAINSRORGARH, 1227, GOPAL PURA, 36513, 1176236, Roads, 0, 0, 0, 0, 0, 0, 614560, 614560
2015, RAJASTHAN, 8, CHITTORGARH, 86, BHAINSRORGARH, 1227, GOPAL PURA, 36513, 1176236, Total, 0, 0, 0, 0, 0, 0, 786064, 786064
2015, RAJASTHAN, 8, CHITTORGARH, 86, BHAINSRORGARH, 1227, JALKHERA, 36514, 1181197, Roads, 0, 0, 0, 0, 0, 0, 339740, 339740
2015, RAJASTHAN, 8, CHITTORGARH, 86, BHAINSRORGARH, 1227, JALKHERA, 36514, 1181197, Total, 0, 0, 0, 0, 0, 0, 339740, 339740
2015, RAJASTHAN, 8, CHITTORGARH, 86, BHAINSRORGARH, 1227, JAWADA, 36515, 1168205, Administrative & Technical Support, 0, 0, 0, 0, 0, 0, 100000, 100000
2015, RAJASTHAN, 8, CHITTORGARH, 86, BHAINSRORGARH, 1227, JAWADA, 36515, 1168205, Drinking water, 0, 0, 0, 0, 0, 0, 1277000, 1277000
2015, RAJASTHAN, 8, CHITTORGARH, 86, BHAINSRORGARH, 1227, JAWADA, 36515, 1168205, Roads, 0, 0, 0, 0, 0, 0, 1067000, 1067000
2015, RAJASTHAN, 8, CHITTORGARH, 86, BHAINSRORGARH, 1227, JAWADA, 36515, 1168205, Total, 0, 0, 0, 0, 0, 0, 2444000, 2444000
2015, RAJASTHAN, 8, CHITTORGARH, 86, BHAINSRORGARH, 1227, JAWAHAR NAGAR (KUWA KHEDA), 36516, 1173533, Drinking water, 0, 0, 0, 0, 0, 0, 162905, 162905
2015, RAJASTHAN, 8, CHITTORGARH, 86, BHAINSRORGARH, 1227, JAWAHAR NAGAR (KUWA KHEDA), 36516, 1173533, Roads, 0, 0, 0, 0, 0, 0, 117468, 117468
2015, RAJASTHAN, 8, CHITTORGARH, 86, BHAINSRORGARH, 1227, JAWAHAR NAGAR (KUWA KHEDA), 36516, 1173533, Total, 0, 0, 0, 0, 0, 0, 280373, 280373
2015, RAJASTHAN, 8, CHITTORGARH, 86, BHAINSRORGARH, 1227, JHALAR BAORI, 262608, 1180974, Administrative & Technical Support, 0, 0, 0, 0, 0, 0, 276247, 276247
2015, RAJASTHAN, 8, CHITTORGARH, 86, BHAINSRORGARH, 1227, JHALAR BAORI, 262608, 1180974, Roads, 0, 0, 0, 0, 0, 0, 1972772, 1972772
2015, RAJASTHAN, 8, CHITTORGARH, 86, BHAINSRORGARH, 1227, JHALAR BAORI, 262608, 1180974, Total, 0, 0, 0, 0, 0, 0, 2249019, 2249019
2015, RAJASTHAN, 8, CHITTORGARH, 86, BHAINSRORGARH, 1227, JHARJHANI, 36517, 1173482, Roads, 0, 0, 0, 0, 0, 0, 339497, 339497
2015, RAJASTHAN, 8, CHITTORGARH, 86, BHAINSRORGARH, 1227, JHARJHANI, 36517, 1173482, Total, 0, 0, 0, 0, 0, 0, 339497, 339497
2015, RAJASTHAN, 8, CHITTORGARH, 86, BHAINSRORGARH, 1227, KHATI KHERA, 36518, 1174038, Administrative & Technical Support, 0, 0, 0, 0, 0, 0, 29486, 29486
2015, RAJASTHAN, 8, CHITTORGARH, 86, BHAINSRORGARH, 1227, KHATI KHERA, 36518, 1174038, Drinking water, 0, 0, 0, 0, 0, 0, 193026, 193026
2015, RAJASTHAN, 8, CHITTORGARH, 86, BHAINSRORGARH, 1227, KHATI KHERA, 36518, 1174038, Roads, 0, 0, 0, 0, 0, 0, 513477, 513477
2015, RAJASTHAN, 8, CHITTORGARH, 86, BHAINSRORGARH, 1227, KHATI KHERA, 36518, 1174038, Total, 0, 0, 0, 0, 0, 0, 735989, 735989
2015, RAJASTHAN, 8, CHITTORGARH, 86, BHAINSRORGARH, 1227, LUHARIYA, 36519, 1168341, Administrative & Technical Support, 0, 0, 0, 0, 0, 0, 360208, 360208
2015, RAJASTHAN, 8, CHITTORGARH, 86, BHAINSRORGARH, 1227, LUHARIYA, 36519, 1168341, Drinking water, 0, 0, 0, 0, 0, 0, 95091, 95091
2015, RAJASTHAN, 8, CHITTORGARH, 86, BHAINSRORGARH, 1227, LUHARIYA, 36519, 1168341, Roads, 0, 0, 0, 0, 0, 0, 462448, 462448
2015, RAJASTHAN, 8, CHITTORGARH, 86, BHAINSRORGARH, 1227, LUHARIYA, 36519, 1168341, Total, 0, 0, 0, 0, 0, 0, 917747, 917747
2015, RAJASTHAN, 8, CHITTORGARH, 86, BHAINSRORGARH, 1227, MANDESARA, 36520, 1174053, Administrative & Technical Support, 0, 0, 0, 0, 0, 0, 142912, 142912
2015, RAJASTHAN, 8, CHITTORGARH, 86, BHAINSRORGARH, 1227, MANDESARA, 36520, 1174053, Drinking water, 0, 0, 0, 0, 0, 0, 65280, 65280
2015, RAJASTHAN, 8, CHITTORGARH, 86, BHAINSRORGARH, 1227, MANDESARA, 36520, 1174053, Roads, 0, 0, 0, 0, 0, 0, 49974, 49974
2015, RAJASTHAN, 8, CHITTORGARH, 86, BHAINSRORGARH, 1227, MANDESARA, 36520, 1174053, Total, 0, 0, 0, 0, 0, 0, 258166, 258166
2015, RAJASTHAN, 8, CHITTORGARH, 86, BHAINSRORGARH, 1227, RAJPURA, 36522, 1176268, Administrative & Technical Support, 0, 0, 0, 0, 0, 0, 118000, 118000
2015, RAJASTHAN, 8, CHITTORGARH, 86, BHAINSRORGARH, 1227, RAJPURA, 36522, 1176268, Drinking water, 0, 0, 0, 0, 0, 0, 7245, 7245
2015, RAJASTHAN, 8, CHITTORGARH, 86, BHAINSRORGARH, 1227, RAJPURA, 36522, 1176268, Roads, 0, 0, 0, 0, 0, 0, 131930, 131930
2015, RAJASTHAN, 8, CHITTORGARH, 86, BHAINSRORGARH, 1227, RAJPURA, 36522, 1176268, Total, 0, 0, 0, 0, 0, 0, 257175, 257175
2015, RAJASTHAN, 8, CHITTORGARH, 86, BHAINSRORGARH, 1227, REN KHERA, 36521, 1173532, Administrative & Technical Support, 0, 0, 0, 0, 0, 0, 383767, 383767
2015, RAJASTHAN, 8, CHITTORGARH, 86, BHAINSRORGARH, 1227, REN KHERA, 36521, 1173532, Roads, 0, 0, 0, 0, 0, 0, 220350, 220350
2015, RAJASTHAN, 8, CHITTORGARH, 86, BHAINSRORGARH, 1227, REN KHERA, 36521, 1173532, Total, 0, 0, 0, 0, 0, 0, 604117, 604117
2015, RAJASTHAN, 8, CHITTORGARH, 86, BHAINSRORGARH, 1227, SHRIPURA, 36523, 1179837, Animal husbandry, 0, 0, 0, 0, 0, 0, 24836, 24836
2015, RAJASTHAN, 8, CHITTORGARH, 86, BHAINSRORGARH, 1227, SHRIPURA, 36523, 1179837, Roads, 0, 0, 0, 0, 0, 0, 1776804, 1776804
2015, RAJASTHAN, 8, CHITTORGARH, 86, BHAINSRORGARH, 1227, SHRIPURA, 36523, 1179837, Total, 0, 0, 0, 0, 0, 0, 1801640, 1801640
2015, RAJASTHAN, 8, CHITTORGARH, 86, BHAINSRORGARH, 1227, TAMBOLIYA, 36524, 1174958, Administrative & Technical Support, 0, 0, 0, 0, 0, 0, 77739, 77739
2015, RAJASTHAN, 8, CHITTORGARH, 86, BHAINSRORGARH, 1227, TAMBOLIYA, 36524, 1174958, Drinking water, 0, 0, 0, 0, 0, 0, 89893, 89893
2015, RAJASTHAN, 8, CHITTORGARH, 86, BHAINSRORGARH, 1227, TAMBOLIYA, 36524, 1174958, Roads, 0, 0, 0, 0, 0, 0, 607424, 607424
2015, RAJASTHAN, 8, CHITTORGARH, 86, BHAINSRORGARH, 1227, TAMBOLIYA, 36524, 1174958, Total, 0, 0, 0, 0, 0, 0, 775056, 775056
2015, RAJASTHAN, 8, CHITTORGARH, 86, BHAINSRORGARH, 1227, TOLON KA LUHARIYA, 36525, 1185691, Administrative & Technical Support, 0, 0, 0, 0, 0, 0, 48576, 48576
2015, RAJASTHAN, 8, CHITTORGARH, 86, BHAINSRORGARH, 1227, TOLON KA LUHARIYA, 36525, 1185691, Drinking water, 0, 0, 0, 0, 0, 0, 175992, 175992
2015, RAJASTHAN, 8, CHITTORGARH, 86, BHAINSRORGARH, 1227, TOLON KA LUHARIYA, 36525, 1185691, Roads, 0, 0, 0, 0, 0, 0, 1036144, 1036144
2015, RAJASTHAN, 8, CHITTORGARH, 86, BHAINSRORGARH, 1227, TOLON KA LUHARIYA, 36525, 1185691, Total, 0, 0, 0, 0, 0, 0, 1260712, 1260712
2015, RAJASTHAN, 8, CHITTORGARH, 86, BHOPALSAGAR, 1228, AKOLA, 36526, 1162518, Animal husbandry, 0, 0, 0, 0, 0, 0, 22000, 22000
2015, RAJASTHAN, 8, CHITTORGARH, 86, BHOPALSAGAR, 1228, AKOLA, 36526, 1162518, Drinking water, 0, 0, 0, 0, 0, 0, 530000, 530000
2015, RAJASTHAN, 8, CHITTORGARH, 86, BHOPALSAGAR, 1228, AKOLA, 36526, 1162518, Maintenance of community system, 0, 0, 0, 0, 0, 0, 263000, 263000
2015, RAJASTHAN, 8, CHITTORGARH, 86, BHOPALSAGAR, 1228, AKOLA, 36526, 1162518, Roads, 0, 0, 0, 0, 0, 0, 3077000, 3077000
2015, RAJASTHAN, 8, CHITTORGARH, 86, BHOPALSAGAR, 1228, AKOLA, 36526, 1162518, Sanitation, 0, 0, 0, 0, 0, 0, 1110000, 1110000
2015, RAJASTHAN, 8, CHITTORGARH, 86, BHOPALSAGAR, 1228, AKOLA, 36526, 1162518, Total, 0, 0, 0, 0, 0, 0, 5002000, 5002000
2015, RAJASTHAN, 8, CHITTORGARH, 86, BHOPALSAGAR, 1228, ANOPPURA, 36527, 1164737, Animal husbandry, 0, 0, 0, 0, 0, 0, 50000, 50000
2015, RAJASTHAN, 8, CHITTORGARH, 86, BHOPALSAGAR, 1228, ANOPPURA, 36527, 1164737, Drinking water, 0, 0, 0, 0, 0, 0, 210000, 210000
2015, RAJASTHAN, 8, CHITTORGARH, 86, BHOPALSAGAR, 1228, ANOPPURA, 36527, 1164737, Roads, 0, 0, 0, 0, 0, 0, 300000, 300000
2015, RAJASTHAN, 8, CHITTORGARH, 86, BHOPALSAGAR, 1228, ANOPPURA, 36527, 1164737, Sanitation, 0, 0, 0, 0, 0, 0, 830000, 830000
2015, RAJASTHAN, 8, CHITTORGARH, 86, BHOPALSAGAR, 1228, ANOPPURA, 36527, 1164737, Total, 0, 0, 0, 0, 0, 0, 1390000, 1390000
2015, RAJASTHAN, 8, CHITTORGARH, 86, BHOPALSAGAR, 1228, BABRANA, 36528, 1164759, Animal husbandry, 0, 0, 0, 0, 0, 0, 58378, 58378
2015, RAJASTHAN, 8, CHITTORGARH, 86, BHOPALSAGAR, 1228, BABRANA, 36528, 1164759, Drinking water, 0, 0, 0, 0, 0, 0, 161307, 161307
2015, RAJASTHAN, 8, CHITTORGARH, 86, BHOPALSAGAR, 1228, BABRANA, 36528, 1164759, Roads, 0, 0, 0, 0, 0, 0, 558814, 558814
2015, RAJASTHAN, 8, CHITTORGARH, 86, BHOPALSAGAR, 1228, BABRANA, 36528, 1164759, Sanitation, 0, 0, 0, 0, 0, 0, 365956, 365956
2015, RAJASTHAN, 8, CHITTORGARH, 86, BHOPALSAGAR, 1228, BABRANA, 36528, 1164759, Total, 0, 0, 0, 0, 0, 0, 1144455, 1144455
2015, RAJASTHAN, 8, CHITTORGARH, 86, BHOPALSAGAR, 1228, BHOOPAL NAGAR, 36529, 1164774, Animal husbandry, 0, 0, 0, 0, 0, 0, 150000, 150000
2015, RAJASTHAN, 8, CHITTORGARH, 86, BHOPALSAGAR, 1228, BHOOPAL NAGAR, 36529, 1164774, Drinking water, 0, 0, 0, 0, 0, 0, 500000, 500000
2015, RAJASTHAN, 8, CHITTORGARH, 86, BHOPALSAGAR, 1228, BHOOPAL NAGAR, 36529, 1164774, Health, 0, 0, 0, 0, 0, 0, 150000, 150000
2015, RAJASTHAN, 8, CHITTORGARH, 86, BHOPALSAGAR, 1228, BHOOPAL NAGAR, 36529, 1164774, Maintenance of community system, 0, 0, 0, 0, 0, 0, 350000, 350000
2015, RAJASTHAN, 8, CHITTORGARH, 86, BHOPALSAGAR, 1228, BHOOPAL NAGAR, 36529, 1164774, Roads, 0, 0, 0, 0, 0, 0, 330000, 330000
2015, RAJASTHAN, 8, CHITTORGARH, 86, BHOPALSAGAR, 1228, BHOOPAL NAGAR, 36529, 1164774, Sanitation, 0, 0, 0, 0, 0, 0, 800000, 800000
2015, RAJASTHAN, 8, CHITTORGARH, 86, BHOPALSAGAR, 1228, BHOOPAL NAGAR, 36529, 1164774, Total, 0, 0, 0, 0, 0, 0, 2280000, 2280000
2015, RAJASTHAN, 8, CHITTORGARH, 86, BHOPALSAGAR, 1228, BHOOPAL SAGAR, 36530, 1166883, Health, 0, 0, 0, 0, 0, 0, 135000, 135000
2015, RAJASTHAN, 8, CHITTORGARH, 86, BHOPALSAGAR, 1228, BHOOPAL SAGAR, 36530, 1166883, Roads, 0, 0, 0, 0, 0, 0, 1780000, 1780000
2015, RAJASTHAN, 8, CHITTORGARH, 86, BHOPALSAGAR, 1228, BHOOPAL SAGAR, 36530, 1166883, Sanitation, 0, 0, 0, 0, 0, 0, 200000, 200000
2015, RAJASTHAN, 8, CHITTORGARH, 86, BHOPALSAGAR, 1228, BHOOPAL SAGAR, 36530, 1166883, Total, 0, 0, 0, 0, 0, 0, 2115000, 2115000
2015, RAJASTHAN, 8, CHITTORGARH, 86, BHOPALSAGAR, 1228, BOOL, 36531, 1166830, Drinking water, 0, 0, 0, 0, 0, 0, 540000, 540000
2015, RAJASTHAN, 8, CHITTORGARH, 86, BHOPALSAGAR, 1228, BOOL, 36531, 1166830, Maintenance of community system, 0, 0, 0, 0, 0, 0, 320000, 320000
2015, RAJASTHAN, 8, CHITTORGARH, 86, BHOPALSAGAR, 1228, BOOL, 36531, 1166830, Roads, 0, 0, 0, 0, 0, 0, 515000, 515000
2015, RAJASTHAN, 8, CHITTORGARH, 86, BHOPALSAGAR, 1228, BOOL, 36531, 1166830, Sanitation, 0, 0, 0, 0, 0, 0, 1097000, 1097000
2015, RAJASTHAN, 8, CHITTORGARH, 86, BHOPALSAGAR, 1228, BOOL, 36531, 1166830, Total, 0, 0, 0, 0, 0, 0, 2472000, 2472000
2015, RAJASTHAN, 8, CHITTORGARH, 86, BHOPALSAGAR, 1228, CHORWARI, 36532, 1166855, Drinking water, 0, 0, 0, 0, 0, 0, 562000, 562000
2015, RAJASTHAN, 8, CHITTORGARH, 86, BHOPALSAGAR, 1228, CHORWARI, 36532, 1166855, Roads, 0, 0, 0, 0, 0, 0, 150000, 150000
2015, RAJASTHAN, 8, CHITTORGARH, 86, BHOPALSAGAR, 1228, CHORWARI, 36532, 1166855, Sanitation, 0, 0, 0, 0, 0, 0, 1697000, 1697000
2015, RAJASTHAN, 8, CHITTORGARH, 86, BHOPALSAGAR, 1228, CHORWARI, 36532, 1166855, Total, 0, 0, 0, 0, 0, 0, 2409000, 2409000
2015, RAJASTHAN, 8, CHITTORGARH, 86, BHOPALSAGAR, 1228, GUNDLI, 36533, 1166870, Animal husbandry, 0, 0, 0, 0, 0, 0, 20000, 20000
2015, RAJASTHAN, 8, CHITTORGARH, 86, BHOPALSAGAR, 1228, GUNDLI, 36533, 1166870, Drinking water, 0, 0, 0, 0, 0, 0, 370000, 370000
2015, RAJASTHAN, 8, CHITTORGARH, 86, BHOPALSAGAR, 1228, GUNDLI, 36533, 1166870, Roads, 0, 0, 0, 0, 0, 0, 400000, 400000
2015, RAJASTHAN, 8, CHITTORGARH, 86, BHOPALSAGAR, 1228, GUNDLI, 36533, 1166870, Sanitation, 0, 0, 0, 0, 0, 0, 150000, 150000
2015, RAJASTHAN, 8, CHITTORGARH, 86, BHOPALSAGAR, 1228, GUNDLI, 36533, 1166870, Total, 0, 0, 0, 0, 0, 0, 940000, 940000
2015, RAJASTHAN, 8, CHITTORGARH, 86, BHOPALSAGAR, 1228, JASHMA, 36534, 1166896, Drinking water, 0, 0, 0, 0, 0, 0, 197990, 197990
2015, RAJASTHAN, 8, CHITTORGARH, 86, BHOPALSAGAR, 1228, JASHMA, 36534, 1166896, Roads, 0, 0, 0, 0, 0, 0, 363076, 363076
2015, RAJASTHAN, 8, CHITTORGARH, 86, BHOPALSAGAR, 1228, JASHMA, 36534, 1166896, Sanitation, 0, 0, 0, 0, 0, 0, 693710, 693710
2015, RAJASTHAN, 8, CHITTORGARH, 86, BHOPALSAGAR, 1228, JASHMA, 36534, 1166896, Total, 0, 0, 0, 0, 0, 0, 1254776, 1254776
2015, RAJASTHAN, 8, CHITTORGARH, 86, BHOPALSAGAR, 1228, KANAKHERA, 36535, 1167018, Drinking water, 0, 0, 0, 0, 0, 0, 1060000, 1060000
2015, RAJASTHAN, 8, CHITTORGARH, 86, BHOPALSAGAR, 1228, KANAKHERA, 36535, 1167018, Sanitation, 0, 0, 0, 0, 0, 0, 490000, 490000
2015, RAJASTHAN, 8, CHITTORGARH, 86, BHOPALSAGAR, 1228, KANAKHERA, 36535, 1167018, Total, 0, 0, 0, 0, 0, 0, 1550000, 1550000
2015, RAJASTHAN, 8, CHITTORGARH, 86, BHOPALSAGAR, 1228, KANAR KHERA, 36536, 1167026, Animal husbandry, 0, 0, 0, 0, 0, 0, 70000, 70000
2015, RAJASTHAN, 8, CHITTORGARH, 86, BHOPALSAGAR, 1228, KANAR KHERA, 36536, 1167026, Drinking water, 0, 0, 0, 0, 0, 0, 466000, 466000
2015, RAJASTHAN, 8, CHITTORGARH, 86, BHOPALSAGAR, 1228, KANAR KHERA, 36536, 1167026, Maintenance of community system, 0, 0, 0, 0, 0, 0, 50000, 50000
2015, RAJASTHAN, 8, CHITTORGARH, 86, BHOPALSAGAR, 1228, KANAR KHERA, 36536, 1167026, Roads, 0, 0, 0, 0, 0, 0, 20000, 20000
2015, RAJASTHAN, 8, CHITTORGARH, 86, BHOPALSAGAR, 1228, KANAR KHERA, 36536, 1167026, Total, 0, 0, 0, 0, 0, 0, 606000, 606000
2015, RAJASTHAN, 8, CHITTORGARH, 86, BHOPALSAGAR, 1228, KANKARWA, 36537, 1138808, Drinking water, 0, 0, 0, 0, 0, 0, 320000, 320000
2015, RAJASTHAN, 8, CHITTORGARH, 86, BHOPALSAGAR, 1228, KANKARWA, 36537, 1138808, Total, 0, 0, 0, 0, 0, 0, 320000, 320000
2015, RAJASTHAN, 8, CHITTORGARH, 86, BHOPALSAGAR, 1228, MURLA, 36538, 1160127, Drinking water, 0, 0, 315000, 315000, 0, 0, 0, 0
2015, RAJASTHAN, 8, CHITTORGARH, 86, BHOPALSAGAR, 1228, MURLA, 36538, 1160127, Roads, 0, 0, 427000, 427000, 0, 0, 250000, 250000
2015, RAJASTHAN, 8, CHITTORGARH, 86, BHOPALSAGAR, 1228, MURLA, 36538, 1160127, Sanitation, 0, 0, 500000, 500000, 0, 0, 0, 0
2015, RAJASTHAN, 8, CHITTORGARH, 86, BHOPALSAGAR, 1228, MURLA, 36538, 1160127, Total, 0, 0, 1242000, 1242000, 0, 0, 250000, 250000
2015, RAJASTHAN, 8, CHITTORGARH, 86, BHOPALSAGAR, 1228, NILODH, 36539, 1167056, Drinking water, 0, 0, 0, 0, 0, 0, 620000, 620000
2015, RAJASTHAN, 8, CHITTORGARH, 86, BHOPALSAGAR, 1228, NILODH, 36539, 1167056, Health, 0, 0, 0, 0, 0, 0, 250000, 250000
2015, RAJASTHAN, 8, CHITTORGARH, 86, BHOPALSAGAR, 1228, NILODH, 36539, 1167056, Roads, 0, 0, 0, 0, 0, 0, 1825000, 1825000
2015, RAJASTHAN, 8, CHITTORGARH, 86, BHOPALSAGAR, 1228, NILODH, 36539, 1167056, Sanitation, 0, 0, 0, 0, 0, 0, 100000, 100000
2015, RAJASTHAN, 8, CHITTORGARH, 86, BHOPALSAGAR, 1228, NILODH, 36539, 1167056, Total, 0, 0, 0, 0, 0, 0, 2795000, 2795000
2015, RAJASTHAN, 8, CHITTORGARH, 86, BHOPALSAGAR, 1228, PARI, 36540, 1167074, Animal husbandry, 0, 0, 0, 0, 0, 0, 40000, 40000
2015, RAJASTHAN, 8, CHITTORGARH, 86, BHOPALSAGAR, 1228, PARI, 36540, 1167074, Cultural activities, 0, 0, 0, 0, 0, 0, 143231, 143231
2015, RAJASTHAN, 8, CHITTORGARH, 86, BHOPALSAGAR, 1228, PARI, 36540, 1167074, Maintenance of community system, 0, 0, 0, 0, 0, 0, 48360, 48360
2015, RAJASTHAN, 8, CHITTORGARH, 86, BHOPALSAGAR, 1228, PARI, 36540, 1167074, Roads, 0, 0, 0, 0, 0, 0, 2751311, 2751311
2015, RAJASTHAN, 8, CHITTORGARH, 86, BHOPALSAGAR, 1228, PARI, 36540, 1167074, Total, 0, 0, 0, 0, 0, 0, 2982902, 2982902
2015, RAJASTHAN, 8, CHITTORGARH, 86, BHOPALSAGAR, 1228, PATOLIYA, 36541, 1167107, Drinking water, 0, 0, 0, 0, 0, 0, 98000, 98000
2015, RAJASTHAN, 8, CHITTORGARH, 86, BHOPALSAGAR, 1228, PATOLIYA, 36541, 1167107, Roads, 0, 0, 0, 0, 0, 0, 1050000, 1050000
2015, RAJASTHAN, 8, CHITTORGARH, 86, BHOPALSAGAR, 1228, PATOLIYA, 36541, 1167107, Sanitation, 0, 0, 0, 0, 0, 0, 97000, 97000
2015, RAJASTHAN, 8, CHITTORGARH, 86, BHOPALSAGAR, 1228, PATOLIYA, 36541, 1167107, Total, 0, 0, 0, 0, 0, 0, 1245000, 1245000
2015, RAJASTHAN, 8, CHITTORGARH, 86, BHOPALSAGAR, 1228, PHALASIYA, 36542, 1167120, Drinking water, 0, 0, 0, 0, 0, 0, 60000, 60000
2015, RAJASTHAN, 8, CHITTORGARH, 86, BHOPALSAGAR, 1228, PHALASIYA, 36542, 1167120, Health, 0, 0, 0, 0, 0, 0, 400000, 400000
2015, RAJASTHAN, 8, CHITTORGARH, 86, BHOPALSAGAR, 1228, PHALASIYA, 36542, 1167120, Maintenance of community system, 0, 0, 0, 0, 0, 0, 250000, 250000
2015, RAJASTHAN, 8, CHITTORGARH, 86, BHOPALSAGAR, 1228, PHALASIYA, 36542, 1167120, Roads, 0, 0, 0, 0, 0, 0, 1450000, 1450000
2015, RAJASTHAN, 8, CHITTORGARH, 86, BHOPALSAGAR, 1228, PHALASIYA, 36542, 1167120, Sanitation, 0, 0, 0, 0, 0, 0, 981000, 981000
2015, RAJASTHAN, 8, CHITTORGARH, 86, BHOPALSAGAR, 1228, PHALASIYA, 36542, 1167120, Total, 0, 0, 0, 0, 0, 0, 3141000, 3141000
2015, RAJASTHAN, 8, CHITTORGARH, 86, BHOPALSAGAR, 1228, TANA, 36543, 1167131, Drinking water, 0, 0, 0, 0, 0, 0, 290000, 290000
2015, RAJASTHAN, 8, CHITTORGARH, 86, BHOPALSAGAR, 1228, TANA, 36543, 1167131, Maintenance of community system, 0, 0, 0, 0, 0, 0, 65000, 65000
2015, RAJASTHAN, 8, CHITTORGARH, 86, BHOPALSAGAR, 1228, TANA, 36543, 1167131, Roads, 0, 0, 0, 0, 0, 0, 250000, 250000
2015, RAJASTHAN, 8, CHITTORGARH, 86, BHOPALSAGAR, 1228, TANA, 36543, 1167131, Sanitation, 0, 0, 0, 0, 0, 0, 560000, 560000
2015, RAJASTHAN, 8, CHITTORGARH, 86, BHOPALSAGAR, 1228, TANA, 36543, 1167131, Total, 0, 0, 0, 0, 0, 0, 1165000, 1165000
2015, RAJASTHAN, 8, CHITTORGARH, 86, BHOPALSAGAR, 1228, USROL, 36544, 1160507, Animal husbandry, 0, 0, 50000, 50000, 0, 0, 0, 0
2015, RAJASTHAN, 8, CHITTORGARH, 86, BHOPALSAGAR, 1228, USROL, 36544, 1160507, Drinking water, 0, 0, 30000, 30000, 0, 0, 250000, 250000
2015, RAJASTHAN, 8, CHITTORGARH, 86, BHOPALSAGAR, 1228, USROL, 36544, 1160507, Maintenance of community system, 0, 0, 200000, 200000, 0, 0, 0, 0
2015, RAJASTHAN, 8, CHITTORGARH, 86, BHOPALSAGAR, 1228, USROL, 36544, 1160507, Roads, 0, 0, 570000, 570000, 0, 0, 50000, 50000
2015, RAJASTHAN, 8, CHITTORGARH, 86, BHOPALSAGAR, 1228, USROL, 36544, 1160507, Sanitation, 0, 0, 0, 0, 0, 0, 60000, 60000
2015, RAJASTHAN, 8, CHITTORGARH, 86, BHOPALSAGAR, 1228, USROL, 36544, 1160507, Total, 0, 0, 850000, 850000, 0, 0, 360000, 360000
2015, RAJASTHAN, 8, CHITTORGARH, 86, CHITTORGARH, 1230, ABHAYPURA, 36569, 1173408, Drinking water, 0, 0, 0, 0, 0, 0, 451700, 451700
2015, RAJASTHAN, 8, CHITTORGARH, 86, CHITTORGARH, 1230, ABHAYPURA, 36569, 1173408, Roads, 0, 0, 0, 0, 0, 0, 187000, 187000
2015, RAJASTHAN, 8, CHITTORGARH, 86, CHITTORGARH, 1230, ABHAYPURA, 36569, 1173408, Sanitation, 0, 0, 0, 0, 0, 0, 50000, 50000
2015, RAJASTHAN, 8, CHITTORGARH, 86, CHITTORGARH, 1230, ABHAYPURA, 36569, 1173408, Total, 0, 0, 0, 0, 0, 0, 688700, 688700
2015, RAJASTHAN, 8, CHITTORGARH, 86, CHITTORGARH, 1230, AMARPURA, 36570, 1159658, Drinking water, 0, 0, 0, 0, 0, 0, 216000, 216000
2015, RAJASTHAN, 8, CHITTORGARH, 86, CHITTORGARH, 1230, AMARPURA, 36570, 1159658, Roads, 0, 0, 0, 0, 0, 0, 113000, 113000
2015, RAJASTHAN, 8, CHITTORGARH, 86, CHITTORGARH, 1230, AMARPURA, 36570, 1159658, Total, 0, 0, 0, 0, 0, 0, 329000, 329000
2015, RAJASTHAN, 8, CHITTORGARH, 86, CHITTORGARH, 1230, ANWALHERA, 36571, 1173782, Animal husbandry, 0, 0, 0, 0, 0, 0, 310000, 310000
2015, RAJASTHAN, 8, CHITTORGARH, 86, CHITTORGARH, 1230, ANWALHERA, 36571, 1173782, Drinking water, 0, 0, 0, 0, 0, 0, 375000, 375000
2015, RAJASTHAN, 8, CHITTORGARH, 86, CHITTORGARH, 1230, ANWALHERA, 36571, 1173782, Health, 0, 0, 0, 0, 0, 0, 675000, 675000
2015, RAJASTHAN, 8, CHITTORGARH, 86, CHITTORGARH, 1230, ANWALHERA, 36571, 1173782, Roads, 0, 0, 0, 0, 0, 0, 1320000, 1320000
2015, RAJASTHAN, 8, CHITTORGARH, 86, CHITTORGARH, 1230, ANWALHERA, 36571, 1173782, Sanitation, 0, 0, 0, 0, 0, 0, 50000, 50000
2015, RAJASTHAN, 8, CHITTORGARH, 86, CHITTORGARH, 1230, ANWALHERA, 36571, 1173782, Technical training and vocational education, 0, 0, 0, 0, 0, 0, 642000, 642000
2015, RAJASTHAN, 8, CHITTORGARH, 86, CHITTORGARH, 1230, ANWALHERA, 36571, 1173782, Total, 0, 0, 0, 0, 0, 0, 3372000, 3372000
2015, RAJASTHAN, 8, CHITTORGARH, 86, CHITTORGARH, 1230, ARNIYA PANTH, 36572, 1161031, Roads, 0, 0, 0, 0, 0, 0, 950000, 950000
2015, RAJASTHAN, 8, CHITTORGARH, 86, CHITTORGARH, 1230, ARNIYA PANTH, 36572, 1161031, Total, 0, 0, 0, 0, 0, 0, 950000, 950000
2015, RAJASTHAN, 8, CHITTORGARH, 86, CHITTORGARH, 1230, BARODIYA, 36573, 1159798, Drinking water, 0, 0, 0, 0, 0, 0, 400000, 400000
2015, RAJASTHAN, 8, CHITTORGARH, 86, CHITTORGARH, 1230, BARODIYA, 36573, 1159798, Roads, 0, 0, 0, 0, 0, 0, 950000, 950000
2015, RAJASTHAN, 8, CHITTORGARH, 86, CHITTORGARH, 1230, BARODIYA, 36573, 1159798, Rural housing, 0, 0, 0, 0, 0, 0, 200000, 200000
2015, RAJASTHAN, 8, CHITTORGARH, 86, CHITTORGARH, 1230, BARODIYA, 36573, 1159798, Total, 0, 0, 0, 0, 0, 0, 1550000, 1550000
2015, RAJASTHAN, 8, CHITTORGARH, 86, CHITTORGARH, 1230, BASSI, 36574, 1157360, Drinking water, 0, 0, 0, 0, 0, 0, 50000, 50000
2015, RAJASTHAN, 8, CHITTORGARH, 86, CHITTORGARH, 1230, BASSI, 36574, 1157360, Roads, 0, 0, 0, 0, 0, 0, 200000, 200000
2015, RAJASTHAN, 8, CHITTORGARH, 86, CHITTORGARH, 1230, BASSI, 36574, 1157360, Rural housing, 0, 0, 0, 0, 0, 0, 30000, 30000
2015, RAJASTHAN, 8, CHITTORGARH, 86, CHITTORGARH, 1230, BASSI, 36574, 1157360, Total, 0, 0, 0, 0, 0, 0, 280000, 280000
2015, RAJASTHAN, 8, CHITTORGARH, 86, CHITTORGARH, 1230, BIJAIPUR, 36575, 1173287, Drinking water, 0, 0, 0, 0, 0, 0, 375000, 375000
2015, RAJASTHAN, 8, CHITTORGARH, 86, CHITTORGARH, 1230, BIJAIPUR, 36575, 1173287, Total, 0, 0, 0, 0, 0, 0, 375000, 375000
2015, RAJASTHAN, 8, CHITTORGARH, 86, CHITTORGARH, 1230, CHIKSI, 36576, 1159762, Roads, 0, 0, 0, 0, 0, 0, 100000, 100000
2015, RAJASTHAN, 8, CHITTORGARH, 86, CHITTORGARH, 1230, CHIKSI, 36576, 1159762, Rural housing, 0, 0, 0, 0, 0, 0, 100000, 100000
2015, RAJASTHAN, 8, CHITTORGARH, 86, CHITTORGARH, 1230, CHIKSI, 36576, 1159762, Total, 0, 0, 0, 0, 0, 0, 200000, 200000
2015, RAJASTHAN, 8, CHITTORGARH, 86, CHITTORGARH, 1230, DEORI, 36577, 1173326, Drinking water, 0, 0, 0, 0, 0, 0, 202000, 202000
2015, RAJASTHAN, 8, CHITTORGARH, 86, CHITTORGARH, 1230, DEORI, 36577, 1173326, Roads, 0, 0, 0, 0, 0, 0, 510000, 510000
2015, RAJASTHAN, 8, CHITTORGARH, 86, CHITTORGARH, 1230, DEORI, 36577, 1173326, Rural housing, 0, 0, 0, 0, 0, 0, 118000, 118000
2015, RAJASTHAN, 8, CHITTORGARH, 86, CHITTORGARH, 1230, DEORI, 36577, 1173326, Total, 0, 0, 0, 0, 0, 0, 830000, 830000
2015, RAJASTHAN, 8, CHITTORGARH, 86, CHITTORGARH, 1230, DHANET KALAN, 36578, 1173672, Drinking water, 0, 0, 0, 0, 0, 0, 875000, 875000
2015, RAJASTHAN, 8, CHITTORGARH, 86, CHITTORGARH, 1230, DHANET KALAN, 36578, 1173672, Roads, 0, 0, 0, 0, 0, 0, 600000, 600000
2015, RAJASTHAN, 8, CHITTORGARH, 86, CHITTORGARH, 1230, DHANET KALAN, 36578, 1173672, Rural housing, 0, 0, 0, 0, 0, 0, 670000, 670000
2015, RAJASTHAN, 8, CHITTORGARH, 86, CHITTORGARH, 1230, DHANET KALAN, 36578, 1173672, Total, 0, 0, 0, 0, 0, 0, 2145000, 2145000
2015, RAJASTHAN, 8, CHITTORGARH, 86, CHITTORGARH, 1230, ERAL, 36579, 1173433, Drinking water, 0, 0, 0, 0, 0, 0, 1936000, 1936000
2015, RAJASTHAN, 8, CHITTORGARH, 86, CHITTORGARH, 1230, ERAL, 36579, 1173433, Roads, 0, 0, 0, 0, 0, 0, 410000, 410000
2015, RAJASTHAN, 8, CHITTORGARH, 86, CHITTORGARH, 1230, ERAL, 36579, 1173433, Rural housing, 0, 0, 0, 0, 0, 0, 663000, 663000
2015, RAJASTHAN, 8, CHITTORGARH, 86, CHITTORGARH, 1230, ERAL, 36579, 1173433, Total, 0, 0, 0, 0, 0, 0, 3009000, 3009000
2015, RAJASTHAN, 8, CHITTORGARH, 86, CHITTORGARH, 1230, GHATIYAWALI, 36580, 1159946, Roads, 0, 0, 0, 0, 0, 0, 872000, 872000
2015, RAJASTHAN, 8, CHITTORGARH, 86, CHITTORGARH, 1230, GHATIYAWALI, 36580, 1159946, Rural electrification, 0, 0, 0, 0, 0, 0, 300000, 300000
2015, RAJASTHAN, 8, CHITTORGARH, 86, CHITTORGARH, 1230, GHATIYAWALI, 36580, 1159946, Rural housing, 0, 0, 0, 0, 0, 0, 100000, 100000
2015, RAJASTHAN, 8, CHITTORGARH, 86, CHITTORGARH, 1230, GHATIYAWALI, 36580, 1159946, Total, 0, 0, 0, 0, 0, 0, 1272000, 1272000
2015, RAJASTHAN, 8, CHITTORGARH, 86, CHITTORGARH, 1230, GHOSONDI, 36583, 1173814, Drinking water, 0, 0, 0, 0, 0, 0, 435000, 435000
2015, RAJASTHAN, 8, CHITTORGARH, 86, CHITTORGARH, 1230, GHOSONDI, 36583, 1173814, Total, 0, 0, 0, 0, 0, 0, 435000, 435000
2015, RAJASTHAN, 8, CHITTORGARH, 86, CHITTORGARH, 1230, GHOSUNDA, 36581, 1167035, Drinking water, 0, 0, 0, 0, 0, 0, 15000, 15000
2015, RAJASTHAN, 8, CHITTORGARH, 86, CHITTORGARH, 1230, GHOSUNDA, 36581, 1167035, Non-conventional energy sources, 0, 0, 0, 0, 0, 0, 235900, 235900
2015, RAJASTHAN, 8, CHITTORGARH, 86, CHITTORGARH, 1230, GHOSUNDA, 36581, 1167035, Public distribution system, 0, 0, 0, 0, 0, 0, 80000, 80000
2015, RAJASTHAN, 8, CHITTORGARH, 86, CHITTORGARH, 1230, GHOSUNDA, 36581, 1167035, Roads, 0, 0, 0, 0, 0, 0, 2478000, 2478000
2015, RAJASTHAN, 8, CHITTORGARH, 86, CHITTORGARH, 1230, GHOSUNDA, 36581, 1167035, Total, 0, 0, 0, 0, 0, 0, 2808900, 2808900
2015, RAJASTHAN, 8, CHITTORGARH, 86, CHITTORGARH, 1230, GILUND, 36582, 1173294, Drinking water, 0, 0, 0, 0, 0, 0, 105000, 105000
2015, RAJASTHAN, 8, CHITTORGARH, 86, CHITTORGARH, 1230, GILUND, 36582, 1173294, Rural housing, 0, 0, 0, 0, 0, 0, 1350000, 1350000
2015, RAJASTHAN, 8, CHITTORGARH, 86, CHITTORGARH, 1230, GILUND, 36582, 1173294, Total, 0, 0, 0, 0, 0, 0, 1455000, 1455000
2015, RAJASTHAN, 8, CHITTORGARH, 86, CHITTORGARH, 1230, JALAM PURA, 36584, 1173694, Drinking water, 0, 0, 0, 0, 0, 0, 375000, 375000
2015, RAJASTHAN, 8, CHITTORGARH, 86, CHITTORGARH, 1230, JALAM PURA, 36584, 1173694, Family welfare, 0, 0, 0, 0, 0, 0, 35000, 35000
2015, RAJASTHAN, 8, CHITTORGARH, 86, CHITTORGARH, 1230, JALAM PURA, 36584, 1173694, Public distribution system, 0, 0, 0, 0, 0, 0, 165300, 165300
2015, RAJASTHAN, 8, CHITTORGARH, 86, CHITTORGARH, 1230, JALAM PURA, 36584, 1173694, Roads, 0, 0, 0, 0, 0, 0, 250000, 250000
2015, RAJASTHAN, 8, CHITTORGARH, 86, CHITTORGARH, 1230, JALAM PURA, 36584, 1173694, Small-scale industries, 0, 0, 0, 0, 0, 0, 50000, 50000
2015, RAJASTHAN, 8, CHITTORGARH, 86, CHITTORGARH, 1230, JALAM PURA, 36584, 1173694, Total, 0, 0, 0, 0, 0, 0, 875300, 875300
2015, RAJASTHAN, 8, CHITTORGARH, 86, CHITTORGARH, 1230, KASHMOR, 36585, 1173891, Drinking water, 0, 0, 0, 0, 0, 0, 135660, 135660
2015, RAJASTHAN, 8, CHITTORGARH, 86, CHITTORGARH, 1230, KASHMOR, 36585, 1173891, Total, 0, 0, 0, 0, 0, 0, 135660, 135660
2015, RAJASTHAN, 8, CHITTORGARH, 86, CHITTORGARH, 1230, KELJER, 36586, 1173702, Drinking water, 0, 0, 0, 0, 0, 0, 410000, 410000
2015, RAJASTHAN, 8, CHITTORGARH, 86, CHITTORGARH, 1230, KELJER, 36586, 1173702, Total, 0, 0, 0, 0, 0, 0, 410000, 410000
2015, RAJASTHAN, 8, CHITTORGARH, 86, CHITTORGARH, 1230, NAGARI, 36587, 1167088, Roads, 0, 0, 0, 0, 0, 0, 1506679, 1506679
2015, RAJASTHAN, 8, CHITTORGARH, 86, CHITTORGARH, 1230, NAGARI, 36587, 1167088, Total, 0, 0, 0, 0, 0, 0, 1506679, 1506679
2015, RAJASTHAN, 8, CHITTORGARH, 86, CHITTORGARH, 1230, NARELA, 36588, 1173720, Drinking water, 0, 0, 0, 0, 0, 0, 310270, 310270
2015, RAJASTHAN, 8, CHITTORGARH, 86, CHITTORGARH, 1230, NARELA, 36588, 1173720, Roads, 0, 0, 0, 0, 0, 0, 112546, 112546
2015, RAJASTHAN, 8, CHITTORGARH, 86, CHITTORGARH, 1230, NARELA, 36588, 1173720, Total, 0, 0, 0, 0, 0, 0, 422816, 422816
2015, RAJASTHAN, 8, CHITTORGARH, 86, CHITTORGARH, 1230, NETAWALGARHPACHHLI, 36589, 1173311, Drinking water, 0, 0, 0, 0, 0, 0, 200000, 200000
2015, RAJASTHAN, 8, CHITTORGARH, 86, CHITTORGARH, 1230, NETAWALGARHPACHHLI, 36589, 1173311, Roads, 0, 0, 0, 0, 0, 0, 950000, 950000
2015, RAJASTHAN, 8, CHITTORGARH, 86, CHITTORGARH, 1230, NETAWALGARHPACHHLI, 36589, 1173311, Rural housing, 0, 0, 0, 0, 0, 0, 500000, 500000
2015, RAJASTHAN, 8, CHITTORGARH, 86, CHITTORGARH, 1230, NETAWALGARHPACHHLI, 36589, 1173311, Total, 0, 0, 0, 0, 0, 0, 1650000, 1650000
2015, RAJASTHAN, 8, CHITTORGARH, 86, CHITTORGARH, 1230, NETAWALMAHARAJ, 36590, 1173738, Drinking water, 0, 0, 0, 0, 0, 0, 270000, 270000
2015, RAJASTHAN, 8, CHITTORGARH, 86, CHITTORGARH, 1230, NETAWALMAHARAJ, 36590, 1173738, Roads, 0, 0, 0, 0, 0, 0, 1260000, 1260000
2015, RAJASTHAN, 8, CHITTORGARH, 86, CHITTORGARH, 1230, NETAWALMAHARAJ, 36590, 1173738, Total, 0, 0, 0, 0, 0, 0, 1530000, 1530000
2015, RAJASTHAN, 8, CHITTORGARH, 86, CHITTORGARH, 1230, OCHHARI, 36591, 1161064, Drinking water, 0, 0, 0, 0, 0, 0, 200529, 200529
2015, RAJASTHAN, 8, CHITTORGARH, 86, CHITTORGARH, 1230, OCHHARI, 36591, 1161064, Roads, 0, 0, 0, 0, 0, 0, 645037, 645037
2015, RAJASTHAN, 8, CHITTORGARH, 86, CHITTORGARH, 1230, OCHHARI, 36591, 1161064, Total, 0, 0, 0, 0, 0, 0, 845566, 845566
2015, RAJASTHAN, 8, CHITTORGARH, 86, CHITTORGARH, 1230, ODOOND, 36592, 1161081, Drinking water, 0, 0, 0, 0, 0, 0, 350000, 350000
2015, RAJASTHAN, 8, CHITTORGARH, 86, CHITTORGARH, 1230, ODOOND, 36592, 1161081, Roads, 0, 0, 0, 0, 0, 0, 590000, 590000
2015, RAJASTHAN, 8, CHITTORGARH, 86, CHITTORGARH, 1230, ODOOND, 36592, 1161081, Total, 0, 0, 0, 0, 0, 0, 940000, 940000
2015, RAJASTHAN, 8, CHITTORGARH, 86, CHITTORGARH, 1230, PAL, 36593, 1173361, Drinking water, 0, 0, 0, 0, 0, 0, 776000, 776000
2015, RAJASTHAN, 8, CHITTORGARH, 86, CHITTORGARH, 1230, PAL, 36593, 1173361, Roads, 0, 0, 0, 0, 0, 0, 120000, 120000
2015, RAJASTHAN, 8, CHITTORGARH, 86, CHITTORGARH, 1230, PAL, 36593, 1173361, Total, 0, 0, 0, 0, 0, 0, 896000, 896000
2015, RAJASTHAN, 8, CHITTORGARH, 86, CHITTORGARH, 1230, PALKA, 36594, 1173300, Roads, 0, 0, 0, 0, 0, 0, 570000, 570000
2015, RAJASTHAN, 8, CHITTORGARH, 86, CHITTORGARH, 1230, PALKA, 36594, 1173300, Total, 0, 0, 0, 0, 0, 0, 570000, 570000
2015, RAJASTHAN, 8, CHITTORGARH, 86, CHITTORGARH, 1230, PANDOLI, 36595, 1173874, Drinking water, 0, 0, 0, 0, 0, 0, 367888, 367888
2015, RAJASTHAN, 8, CHITTORGARH, 86, CHITTORGARH, 1230, PANDOLI, 36595, 1173874, Roads, 0, 0, 0, 0, 0, 0, 100000, 100000
2015, RAJASTHAN, 8, CHITTORGARH, 86, CHITTORGARH, 1230, PANDOLI, 36595, 1173874, Total, 0, 0, 0, 0, 0, 0, 467888, 467888
2015, RAJASTHAN, 8, CHITTORGARH, 86, CHITTORGARH, 1230, ROLAHERA, 36596, 1173438, Roads, 0, 0, 0, 0, 0, 0, 1200000, 1200000
2015, RAJASTHAN, 8, CHITTORGARH, 86, CHITTORGARH, 1230, ROLAHERA, 36596, 1173438, Total, 0, 0, 0, 0, 0, 0, 1200000, 1200000
2015, RAJASTHAN, 8, CHITTORGARH, 86, CHITTORGARH, 1230, SADI, 36597, 1173414, Drinking water, 0, 0, 0, 0, 0, 0, 122000, 122000
2015, RAJASTHAN, 8, CHITTORGARH, 86, CHITTORGARH, 1230, SADI, 36597, 1173414, Maintenance of community system, 0, 0, 0, 0, 0, 0, 50000, 50000
2015, RAJASTHAN, 8, CHITTORGARH, 86, CHITTORGARH, 1230, SADI, 36597, 1173414, Total, 0, 0, 0, 0, 0, 0, 172000, 172000
2015, RAJASTHAN, 8, CHITTORGARH, 86, CHITTORGARH, 1230, SAHNAWA, 36601, 1160563, Administrative & Technical Support, 0, 0, 0, 0, 0, 0, 11000, 11000
2015, RAJASTHAN, 8, CHITTORGARH, 86, CHITTORGARH, 1230, SAHNAWA, 36601, 1160563, Total, 0, 0, 0, 0, 0, 0, 11000, 11000
2015, RAJASTHAN, 8, CHITTORGARH, 86, CHITTORGARH, 1230, SAMRI, 36598, 1173371, Drinking water, 0, 0, 0, 0, 0, 0, 1000000, 1000000
2015, RAJASTHAN, 8, CHITTORGARH, 86, CHITTORGARH, 1230, SAMRI, 36598, 1173371, Rural housing, 0, 0, 0, 0, 0, 0, 245000, 245000
2015, RAJASTHAN, 8, CHITTORGARH, 86, CHITTORGARH, 1230, SAMRI, 36598, 1173371, Total, 0, 0, 0, 0, 0, 0, 1245000, 1245000
2015, RAJASTHAN, 8, CHITTORGARH, 86, CHITTORGARH, 1230, SAMRI, 36598, 1173683, Drinking water, 0, 0, 0, 0, 0, 0, 600000, 600000
2015, RAJASTHAN, 8, CHITTORGARH, 86, CHITTORGARH, 1230, SAMRI, 36598, 1173683, Roads, 0, 0, 0, 0, 0, 0, 545000, 545000
2015, RAJASTHAN, 8, CHITTORGARH, 86, CHITTORGARH, 1230, SAMRI, 36598, 1173683, Rural housing, 0, 0, 0, 0, 0, 0, 350000, 350000
2015, RAJASTHAN, 8, CHITTORGARH, 86, CHITTORGARH, 1230, SAMRI, 36598, 1173683, Total, 0, 0, 0, 0, 0, 0, 1495000, 1495000
2015, RAJASTHAN, 8, CHITTORGARH, 86, CHITTORGARH, 1230, SATPURA, 36599, 1173429, Roads, 0, 0, 0, 0, 0, 0, 1336000, 1336000
2015, RAJASTHAN, 8, CHITTORGARH, 86, CHITTORGARH, 1230, SATPURA, 36599, 1173429, Total, 0, 0, 0, 0, 0, 0, 1336000, 1336000
2015, RAJASTHAN, 8, CHITTORGARH, 86, CHITTORGARH, 1230, SAWA, 36600, 1173768, Drinking water, 0, 0, 0, 0, 0, 0, 1270000, 1270000
2015, RAJASTHAN, 8, CHITTORGARH, 86, CHITTORGARH, 1230, SAWA, 36600, 1173768, Total, 0, 0, 0, 0, 0, 0, 1270000, 1270000
2015, RAJASTHAN, 8, CHITTORGARH, 86, CHITTORGARH, 1230, SEMALIYA, 36602, 1173404, Roads, 0, 0, 0, 0, 0, 0, 646000, 646000
2015, RAJASTHAN, 8, CHITTORGARH, 86, CHITTORGARH, 1230, SEMALIYA, 36602, 1173404, Total, 0, 0, 0, 0, 0, 0, 646000, 646000
2015, RAJASTHAN, 8, CHITTORGARH, 86, CHITTORGARH, 1230, SEMALPURA, 36604, 1173406, Drinking water, 0, 0, 0, 0, 0, 0, 269000, 269000
2015, RAJASTHAN, 8, CHITTORGARH, 86, CHITTORGARH, 1230, SEMALPURA, 36604, 1173406, Roads, 0, 0, 0, 0, 0, 0, 580000, 580000
2015, RAJASTHAN, 8, CHITTORGARH, 86, CHITTORGARH, 1230, SEMALPURA, 36604, 1173406, Total, 0, 0, 0, 0, 0, 0, 849000, 849000
2015, RAJASTHAN, 8, CHITTORGARH, 86, CHITTORGARH, 1230, SHAMBHOOPURA, 36603, 1160228, Roads, 0, 0, 0, 0, 0, 0, 1086000, 1086000
2015, RAJASTHAN, 8, CHITTORGARH, 86, CHITTORGARH, 1230, SHAMBHOOPURA, 36603, 1160228, Rural housing, 0, 0, 0, 0, 0, 0, 497000, 497000
2015, RAJASTHAN, 8, CHITTORGARH, 86, CHITTORGARH, 1230, SHAMBHOOPURA, 36603, 1160228, Total, 0, 0, 0, 0, 0, 0, 1583000, 1583000
2015, RAJASTHAN, 8, CHITTORGARH, 86, CHITTORGARH, 1230, SONGAR, 36605, 1173341, Animal husbandry, 0, 0, 0, 0, 0, 0, 25000, 25000
2015, RAJASTHAN, 8, CHITTORGARH, 86, CHITTORGARH, 1230, SONGAR, 36605, 1173341, Roads, 0, 0, 0, 0, 0, 0, 753000, 753000
2015, RAJASTHAN, 8, CHITTORGARH, 86, CHITTORGARH, 1230, SONGAR, 36605, 1173341, Total, 0, 0, 0, 0, 0, 0, 778000, 778000
2015, RAJASTHAN, 8, CHITTORGARH, 86, CHITTORGARH, 1230, TUMBARIYA, 36606, 1160513, Roads, 0, 0, 0, 0, 0, 0, 600000, 600000
2015, RAJASTHAN, 8, CHITTORGARH, 86, CHITTORGARH, 1230, TUMBARIYA, 36606, 1160513, Total, 0, 0, 0, 0, 0, 0, 600000, 600000
2015, RAJASTHAN, 8, CHITTORGARH, 86, CHITTORGARH, 1230, UDPURA, 36607, 1173394, Drinking water, 0, 0, 0, 0, 0, 0, 370000, 370000
2015, RAJASTHAN, 8, CHITTORGARH, 86, CHITTORGARH, 1230, UDPURA, 36607, 1173394, Roads, 0, 0, 0, 0, 0, 0, 100000, 100000
2015, RAJASTHAN, 8, CHITTORGARH, 86, CHITTORGARH, 1230, UDPURA, 36607, 1173394, Total, 0, 0, 0, 0, 0, 0, 470000, 470000
2015, RAJASTHAN, 8, CHITTORGARH, 86, DUNGLA, 1231, ALOD, 36608, 1171898, Land improvement, 0, 0, 0, 0, 0, 0, 50000, 50000
2015, RAJASTHAN, 8, CHITTORGARH, 86, DUNGLA, 1231, ALOD, 36608, 1171898, Roads, 0, 0, 0, 0, 0, 0, 300000, 300000
2015, RAJASTHAN, 8, CHITTORGARH, 86, DUNGLA, 1231, ALOD, 36608, 1171898, Sanitation, 0, 0, 0, 0, 0, 0, 250000, 250000
2015, RAJASTHAN, 8, CHITTORGARH, 86, DUNGLA, 1231, ALOD, 36608, 1171898, Total, 0, 0, 0, 0, 0, 0, 600000, 600000
2015, RAJASTHAN, 8, CHITTORGARH, 86, DUNGLA, 1231, ARNED, 36609, 1133790, Drinking water, 0, 0, 0, 0, 0, 0, 160000, 160000
2015, RAJASTHAN, 8, CHITTORGARH, 86, DUNGLA, 1231, ARNED, 36609, 1133790, Education, 0, 0, 0, 0, 0, 0, 75000, 75000
2015, RAJASTHAN, 8, CHITTORGARH, 86, DUNGLA, 1231, ARNED, 36609, 1133790, Total, 0, 0, 0, 0, 0, 0, 235000, 235000
2015, RAJASTHAN, 8, CHITTORGARH, 86, DUNGLA, 1231, BADWAI, 36610, 1139572, Social welfare, 0, 0, 0, 0, 0, 0, 650000, 650000
2015, RAJASTHAN, 8, CHITTORGARH, 86, DUNGLA, 1231, BADWAI, 36610, 1139572, Total, 0, 0, 0, 0, 0, 0, 650000, 650000
2015, RAJASTHAN, 8, CHITTORGARH, 86, DUNGLA, 1231, BHATOLI BAGRIYAN, 36612, 1173745, Drinking water, 0, 0, 0, 0, 0, 0, 500000, 500000
2015, RAJASTHAN, 8, CHITTORGARH, 86, DUNGLA, 1231, BHATOLI BAGRIYAN, 36612, 1173745, Total, 0, 0, 0, 0, 0, 0, 500000, 500000
2015, RAJASTHAN, 8, CHITTORGARH, 86, DUNGLA, 1231, BHATOLI, 36613, 1139604, Drinking water, 0, 0, 0, 0, 0, 0, 277090, 277090
2015, RAJASTHAN, 8, CHITTORGARH, 86, DUNGLA, 1231, BHATOLI, 36613, 1139604, Social welfare, 0, 0, 0, 0, 0, 0, 58075, 58075
2015, RAJASTHAN, 8, CHITTORGARH, 86, DUNGLA, 1231, BHATOLI, 36613, 1139604, Total, 0, 0, 0, 0, 0, 0, 335165, 335165
2015, RAJASTHAN, 8, CHITTORGARH, 86, DUNGLA, 1231, BILODA, 36614, 1159901, Drinking water, 0, 0, 0, 0, 0, 0, 187010, 187010
2015, RAJASTHAN, 8, CHITTORGARH, 86, DUNGLA, 1231, BILODA, 36614, 1159901, Maintenance of community system, 0, 0, 0, 0, 0, 0, 258596, 258596
2015, RAJASTHAN, 8, CHITTORGARH, 86, DUNGLA, 1231, BILODA, 36614, 1159901, Total, 0, 0, 0, 0, 0, 0, 445606, 445606
2015, RAJASTHAN, 8, CHITTORGARH, 86, DUNGLA, 1231, BILOT, 36611, 1157635, Drinking water, 0, 0, 0, 0, 0, 0, 594000, 594000
2015, RAJASTHAN, 8, CHITTORGARH, 86, DUNGLA, 1231, BILOT, 36611, 1157635, Maintenance of community system, 0, 0, 0, 0, 0, 0, 350000, 350000
2015, RAJASTHAN, 8, CHITTORGARH, 86, DUNGLA, 1231, BILOT, 36611, 1157635, Roads, 0, 0, 0, 0, 0, 0, 500000, 500000
2015, RAJASTHAN, 8, CHITTORGARH, 86, DUNGLA, 1231, BILOT, 36611, 1157635, Social welfare, 0, 0, 0, 0, 0, 0, 500000, 500000
2015, RAJASTHAN, 8, CHITTORGARH, 86, DUNGLA, 1231, BILOT, 36611, 1157635, Total, 0, 0, 0, 0, 0, 0, 1944000, 1944000
2015, RAJASTHAN, 8, CHITTORGARH, 86, DUNGLA, 1231, CHIKARDA, 36615, 1137281, Drinking water, 0, 0, 0, 0, 0, 0, 105000, 105000
2015, RAJASTHAN, 8, CHITTORGARH, 86, DUNGLA, 1231, CHIKARDA, 36615, 1137281, Sanitation, 0, 0, 0, 0, 0, 0, 250000, 250000
2015, RAJASTHAN, 8, CHITTORGARH, 86, DUNGLA, 1231, CHIKARDA, 36615, 1137281, Total, 0, 0, 0, 0, 0, 0, 355000, 355000
2015, RAJASTHAN, 8, CHITTORGARH, 86, DUNGLA, 1231, DELWAS, 36616, 1161302, Drinking water, 0, 0, 0, 0, 0, 0, 108000, 108000
2015, RAJASTHAN, 8, CHITTORGARH, 86, DUNGLA, 1231, DELWAS, 36616, 1161302, Social welfare, 0, 0, 0, 0, 0, 0, 1052000, 1052000
2015, RAJASTHAN, 8, CHITTORGARH, 86, DUNGLA, 1231, DELWAS, 36616, 1161302, Total, 0, 0, 0, 0, 0, 0, 1160000, 1160000
2015, RAJASTHAN, 8, CHITTORGARH, 86, DUNGLA, 1231, DOONGLA, 36617, 1159659, Drinking water, 0, 0, 0, 0, 0, 0, 301000, 301000
2015, RAJASTHAN, 8, CHITTORGARH, 86, DUNGLA, 1231, DOONGLA, 36617, 1159659, Maintenance of community system, 0, 0, 0, 0, 0, 0, 70000, 70000
2015, RAJASTHAN, 8, CHITTORGARH, 86, DUNGLA, 1231, DOONGLA, 36617, 1159659, Roads, 0, 0, 0, 0, 0, 0, 100000, 100000
2015, RAJASTHAN, 8, CHITTORGARH, 86, DUNGLA, 1231, DOONGLA, 36617, 1159659, Sanitation, 0, 0, 0, 0, 0, 0, 100000, 100000
2015, RAJASTHAN, 8, CHITTORGARH, 86, DUNGLA, 1231, DOONGLA, 36617, 1159659, Social welfare, 0, 0, 0, 0, 0, 0, 1695000, 1695000
2015, RAJASTHAN, 8, CHITTORGARH, 86, DUNGLA, 1231, DOONGLA, 36617, 1159659, Total, 0, 0, 0, 0, 0, 0, 2266000, 2266000
2015, RAJASTHAN, 8, CHITTORGARH, 86, DUNGLA, 1231, IDRA, 36619, 1137274, Drinking water, 0, 0, 0, 0, 0, 0, 250000, 250000
2015, RAJASTHAN, 8, CHITTORGARH, 86, DUNGLA, 1231, IDRA, 36619, 1137274, Roads, 0, 0, 0, 0, 0, 0, 499000, 499000
2015, RAJASTHAN, 8, CHITTORGARH, 86, DUNGLA, 1231, IDRA, 36619, 1137274, Total, 0, 0, 0, 0, 0, 0, 749000, 749000
2015, RAJASTHAN, 8, CHITTORGARH, 86, DUNGLA, 1231, KARSANA, 36620, 1175652, Drinking water, 0, 0, 0, 0, 0, 0, 975000, 975000
2015, RAJASTHAN, 8, CHITTORGARH, 86, DUNGLA, 1231, KARSANA, 36620, 1175652, Total, 0, 0, 0, 0, 0, 0, 975000, 975000
2015, RAJASTHAN, 8, CHITTORGARH, 86, DUNGLA, 1231, KISHAN KARERI, 36621, 1159844, Drinking water, 0, 0, 0, 0, 0, 0, 519630, 519630
2015, RAJASTHAN, 8, CHITTORGARH, 86, DUNGLA, 1231, KISHAN KARERI, 36621, 1159844, Roads, 0, 0, 0, 0, 0, 0, 730125, 730125
2015, RAJASTHAN, 8, CHITTORGARH, 86, DUNGLA, 1231, KISHAN KARERI, 36621, 1159844, Total, 0, 0, 0, 0, 0, 0, 1249755, 1249755
2015, RAJASTHAN, 8, CHITTORGARH, 86, DUNGLA, 1231, LOTHIYANA, 36622, 1175610, Roads, 0, 0, 0, 0, 0, 0, 1127000, 1127000
2015, RAJASTHAN, 8, CHITTORGARH, 86, DUNGLA, 1231, LOTHIYANA, 36622, 1175610, Total, 0, 0, 0, 0, 0, 0, 1127000, 1127000
2015, RAJASTHAN, 8, CHITTORGARH, 86, DUNGLA, 1231, MANGALWAR, 36623, 1159652, Drinking water, 0, 0, 0, 0, 0, 0, 802444, 802444
2015, RAJASTHAN, 8, CHITTORGARH, 86, DUNGLA, 1231, MANGALWAR, 36623, 1159652, Social welfare, 0, 0, 0, 0, 0, 0, 3419357, 3419357
2015, RAJASTHAN, 8, CHITTORGARH, 86, DUNGLA, 1231, MANGALWAR, 36623, 1159652, Total, 0, 0, 0, 0, 0, 0, 4221801, 4221801
2015, RAJASTHAN, 8, CHITTORGARH, 86, DUNGLA, 1231, MORWAN, 36624, 1173665, Drinking water, 0, 0, 0, 0, 0, 0, 810000, 810000
2015, RAJASTHAN, 8, CHITTORGARH, 86, DUNGLA, 1231, MORWAN, 36624, 1173665, Roads, 0, 0, 0, 0, 0, 0, 400000, 400000
2015, RAJASTHAN, 8, CHITTORGARH, 86, DUNGLA, 1231, MORWAN, 36624, 1173665, Total, 0, 0, 0, 0, 0, 0, 1210000, 1210000
2015, RAJASTHAN, 8, CHITTORGARH, 86, DUNGLA, 1231, NADA KHERA, 36625, 1175527, Drinking water, 0, 0, 0, 0, 0, 0, 664000, 664000
2015, RAJASTHAN, 8, CHITTORGARH, 86, DUNGLA, 1231, NADA KHERA, 36625, 1175527, Sanitation, 0, 0, 0, 0, 0, 0, 100000, 100000
2015, RAJASTHAN, 8, CHITTORGARH, 86, DUNGLA, 1231, NADA KHERA, 36625, 1175527, Technical training and vocational education, 0, 0, 0, 0, 0, 0, 200000, 200000
2015, RAJASTHAN, 8, CHITTORGARH, 86, DUNGLA, 1231, NADA KHERA, 36625, 1175527, Total, 0, 0, 0, 0, 0, 0, 964000, 964000
2015, RAJASTHAN, 8, CHITTORGARH, 86, DUNGLA, 1231, NANGAWALI, 36626, 1133778, Roads, 0, 0, 0, 0, 0, 0, 400000, 400000
2015, RAJASTHAN, 8, CHITTORGARH, 86, DUNGLA, 1231, NANGAWALI, 36626, 1133778, Total, 0, 0, 0, 0, 0, 0, 400000, 400000
2015, RAJASTHAN, 8, CHITTORGARH, 86, DUNGLA, 1231, NEGADIYA, 36627, 1175513, Drinking water, 0, 0, 0, 0, 0, 0, 11324, 11324
2015, RAJASTHAN, 8, CHITTORGARH, 86, DUNGLA, 1231, NEGADIYA, 36627, 1175513, Roads, 0, 0, 0, 0, 0, 0, 1200000, 1200000
2015, RAJASTHAN, 8, CHITTORGARH, 86, DUNGLA, 1231, NEGADIYA, 36627, 1175513, Total, 0, 0, 0, 0, 0, 0, 1211324, 1211324
2015, RAJASTHAN, 8, CHITTORGARH, 86, DUNGLA, 1231, NOGAWAN, 36628, 1174797, Drinking water, 0, 0, 0, 0, 0, 0, 15000, 15000
2015, RAJASTHAN, 8, CHITTORGARH, 86, DUNGLA, 1231, NOGAWAN, 36628, 1174797, Roads, 0, 0, 0, 0, 0, 0, 30000, 30000
2015, RAJASTHAN, 8, CHITTORGARH, 86, DUNGLA, 1231, NOGAWAN, 36628, 1174797, Total, 0, 0, 0, 0, 0, 0, 45000, 45000
2015, RAJASTHAN, 8, CHITTORGARH, 86, DUNGLA, 1231, PALOD, 36629, 1140610, Drinking water, 0, 0, 0, 0, 0, 0, 60000, 60000
2015, RAJASTHAN, 8, CHITTORGARH, 86, DUNGLA, 1231, PALOD, 36629, 1140610, Social welfare, 0, 0, 0, 0, 0, 0, 650000, 650000
2015, RAJASTHAN, 8, CHITTORGARH, 86, DUNGLA, 1231, PALOD, 36629, 1140610, Total, 0, 0, 0, 0, 0, 0, 710000, 710000
2015, RAJASTHAN, 8, CHITTORGARH, 86, DUNGLA, 1231, PHALODRA, 36618, 1157638, Drinking water, 0, 0, 0, 0, 0, 0, 495000, 495000
2015, RAJASTHAN, 8, CHITTORGARH, 86, DUNGLA, 1231, PHALODRA, 36618, 1157638, Social welfare, 0, 0, 0, 0, 0, 0, 80000, 80000
2015, RAJASTHAN, 8, CHITTORGARH, 86, DUNGLA, 1231, PHALODRA, 36618, 1157638, Total, 0, 0, 0, 0, 0, 0, 575000, 575000
2015, RAJASTHAN, 8, CHITTORGARH, 86, DUNGLA, 1231, PIRANA, 36630, 1136852, Drinking water, 0, 0, 0, 0, 0, 0, 60000, 60000
2015, RAJASTHAN, 8, CHITTORGARH, 86, DUNGLA, 1231, PIRANA, 36630, 1136852, Roads, 0, 0, 0, 0, 0, 0, 200000, 200000
2015, RAJASTHAN, 8, CHITTORGARH, 86, DUNGLA, 1231, PIRANA, 36630, 1136852, Total, 0, 0, 0, 0, 0, 0, 260000, 260000
2015, RAJASTHAN, 8, CHITTORGARH, 86, DUNGLA, 1231, RAWAT PURA, 36631, 1133715, Drinking water, 0, 0, 0, 0, 0, 0, 335000, 335000
2015, RAJASTHAN, 8, CHITTORGARH, 86, DUNGLA, 1231, RAWAT PURA, 36631, 1133715, Total, 0, 0, 0, 0, 0, 0, 335000, 335000
2015, RAJASTHAN, 8, CHITTORGARH, 86, DUNGLA, 1231, SANGESARA, 36632, 1153556, Drinking water, 0, 0, 0, 0, 0, 0, 710000, 710000
2015, RAJASTHAN, 8, CHITTORGARH, 86, DUNGLA, 1231, SANGESARA, 36632, 1153556, Total, 0, 0, 0, 0, 0, 0, 710000, 710000
2015, RAJASTHAN, 8, CHITTORGARH, 86, DUNGLA, 1231, SEMALIYA PEELAKHERA, 36633, 1133712, Drinking water, 0, 0, 0, 0, 0, 0, 665000, 665000
2015, RAJASTHAN, 8, CHITTORGARH, 86, DUNGLA, 1231, SEMALIYA PEELAKHERA, 36633, 1133712, Total, 0, 0, 0, 0, 0, 0, 665000, 665000
2015, RAJASTHAN, 8, CHITTORGARH, 86, GANGRAR, 1232, AJOLION KA KHERA, 36634, 1135175, Administrative & Technical Support, 0, 0, 0, 0, 0, 0, 767164, 767164
2015, RAJASTHAN, 8, CHITTORGARH, 86, GANGRAR, 1232, AJOLION KA KHERA, 36634, 1135175, Drinking water, 0, 0, 0, 0, 0, 0, 252542, 252542
2015, RAJASTHAN, 8, CHITTORGARH, 86, GANGRAR, 1232, AJOLION KA KHERA, 36634, 1135175, Roads, 0, 0, 0, 0, 0, 0, 240580, 240580
2015, RAJASTHAN, 8, CHITTORGARH, 86, GANGRAR, 1232, AJOLION KA KHERA, 36634, 1135175, Sanitation, 0, 0, 0, 0, 0, 0, 378670, 378670
2015, RAJASTHAN, 8, CHITTORGARH, 86, GANGRAR, 1232, AJOLION KA KHERA, 36634, 1135175, Total, 0, 0, 0, 0, 0, 0, 1638956, 1638956
2015, RAJASTHAN, 8, CHITTORGARH, 86, GANGRAR, 1232, BOLO KA SANWATA, 36635, 1131025, Administrative & Technical Support, 0, 0, 0, 0, 0, 0, 115288, 115288
2015, RAJASTHAN, 8, CHITTORGARH, 86, GANGRAR, 1232, BOLO KA SANWATA, 36635, 1131025, Drinking water, 0, 0, 0, 0, 0, 0, 707827, 707827
2015, RAJASTHAN, 8, CHITTORGARH, 86, GANGRAR, 1232, BOLO KA SANWATA, 36635, 1131025, Roads, 0, 0, 0, 0, 0, 0, 351784, 351784
2015, RAJASTHAN, 8, CHITTORGARH, 86, GANGRAR, 1232, BOLO KA SANWATA, 36635, 1131025, Rural electrification, 0, 0, 0, 0, 0, 0, 400000, 400000
2015, RAJASTHAN, 8, CHITTORGARH, 86, GANGRAR, 1232, BOLO KA SANWATA, 36635, 1131025, Sanitation, 0, 0, 0, 0, 0, 0, 98334, 98334
2015, RAJASTHAN, 8, CHITTORGARH, 86, GANGRAR, 1232, BOLO KA SANWATA, 36635, 1131025, Total, 0, 0, 0, 0, 0, 0, 1673233, 1673233
2015, RAJASTHAN, 8, CHITTORGARH, 86, GANGRAR, 1232, BOODH, 36636, 1138043, Administrative & Technical Support, 0, 0, 0, 0, 0, 0, 28550, 28550
2015, RAJASTHAN, 8, CHITTORGARH, 86, GANGRAR, 1232, BOODH, 36636, 1138043, Drinking water, 0, 0, 0, 0, 0, 0, 324730, 324730
2015, RAJASTHAN, 8, CHITTORGARH, 86, GANGRAR, 1232, BOODH, 36636, 1138043, Total, 0, 0, 0, 0, 0, 0, 353280, 353280
2015, RAJASTHAN, 8, CHITTORGARH, 86, GANGRAR, 1232, BORDA, 36637, 1163496, Drinking water, 0, 0, 0, 0, 0, 0, 31300, 31300
2015, RAJASTHAN, 8, CHITTORGARH, 86, GANGRAR, 1232, BORDA, 36637, 1163496, Roads, 0, 0, 0, 0, 0, 0, 425000, 425000
2015, RAJASTHAN, 8, CHITTORGARH, 86, GANGRAR, 1232, BORDA, 36637, 1163496, Rural electrification, 0, 0, 0, 0, 0, 0, 250000, 250000
2015, RAJASTHAN, 8, CHITTORGARH, 86, GANGRAR, 1232, BORDA, 36637, 1163496, Sanitation, 0, 0, 0, 0, 0, 0, 90000, 90000
2015, RAJASTHAN, 8, CHITTORGARH, 86, GANGRAR, 1232, BORDA, 36637, 1163496, Social welfare, 0, 0, 0, 0, 0, 0, 210000, 210000
2015, RAJASTHAN, 8, CHITTORGARH, 86, GANGRAR, 1232, BORDA, 36637, 1163496, Total, 0, 0, 0, 0, 0, 0, 1006300, 1006300
2015, RAJASTHAN, 8, CHITTORGARH, 86, GANGRAR, 1232, CHOGAWARI, 36638, 1136945, Administrative & Technical Support, 0, 0, 0, 0, 0, 0, 17000, 17000
2015, RAJASTHAN, 8, CHITTORGARH, 86, GANGRAR, 1232, CHOGAWARI, 36638, 1136945, Drinking water, 0, 0, 0, 0, 0, 0, 302497, 302497
2015, RAJASTHAN, 8, CHITTORGARH, 86, GANGRAR, 1232, CHOGAWARI, 36638, 1136945, Roads, 0, 0, 0, 0, 0, 0, 606933, 606933
2015, RAJASTHAN, 8, CHITTORGARH, 86, GANGRAR, 1232, CHOGAWARI, 36638, 1136945, Sanitation, 0, 0, 0, 0, 0, 0, 337085, 337085
2015, RAJASTHAN, 8, CHITTORGARH, 86, GANGRAR, 1232, CHOGAWARI, 36638, 1136945, Total, 0, 0, 0, 0, 0, 0, 1263515, 1263515
2015, RAJASTHAN, 8, CHITTORGARH, 86, GANGRAR, 1232, GANGRAR, 36639, 1140743, Drinking water, 0, 0, 0, 0, 0, 0, 683772, 683772
2015, RAJASTHAN, 8, CHITTORGARH, 86, GANGRAR, 1232, GANGRAR, 36639, 1140743, Roads, 0, 0, 0, 0, 0, 0, 143690, 143690
2015, RAJASTHAN, 8, CHITTORGARH, 86, GANGRAR, 1232, GANGRAR, 36639, 1140743, Sanitation, 0, 0, 0, 0, 0, 0, 84600, 84600
2015, RAJASTHAN, 8, CHITTORGARH, 86, GANGRAR, 1232, GANGRAR, 36639, 1140743, Total, 0, 0, 0, 0, 0, 0, 912062, 912062
2015, RAJASTHAN, 8, CHITTORGARH, 86, GANGRAR, 1232, JOJRONKAKHERA, 36640, 1134350, Administrative & Technical Support, 0, 0, 0, 0, 0, 0, 100000, 100000
2015, RAJASTHAN, 8, CHITTORGARH, 86, GANGRAR, 1232, JOJRONKAKHERA, 36640, 1134350, Rural electrification, 0, 0, 0, 0, 0, 0, 154500, 154500
2015, RAJASTHAN, 8, CHITTORGARH, 86, GANGRAR, 1232, JOJRONKAKHERA, 36640, 1134350, Total, 0, 0, 0, 0, 0, 0, 254500, 254500
2015, RAJASTHAN, 8, CHITTORGARH, 86, GANGRAR, 1232, KATI, 36641, 1154374, Drinking water, 0, 0, 0, 0, 0, 0, 109371, 109371
2015, RAJASTHAN, 8, CHITTORGARH, 86, GANGRAR, 1232, KATI, 36641, 1154374, Roads, 0, 0, 0, 0, 0, 0, 395562, 395562
2015, RAJASTHAN, 8, CHITTORGARH, 86, GANGRAR, 1232, KATI, 36641, 1154374, Total, 0, 0, 0, 0, 0, 0, 504933, 504933
2015, RAJASTHAN, 8, CHITTORGARH, 86, GANGRAR, 1232, KHARKHANDA, 36642, 1133177, Administrative & Technical Support, 0, 0, 0, 0, 0, 0, 230183, 230183
2015, RAJASTHAN, 8, CHITTORGARH, 86, GANGRAR, 1232, KHARKHANDA, 36642, 1133177, Drinking water, 0, 0, 0, 0, 0, 0, 404207, 404207
2015, RAJASTHAN, 8, CHITTORGARH, 86, GANGRAR, 1232, KHARKHANDA, 36642, 1133177, Roads, 0, 0, 0, 0, 0, 0, 161600, 161600
2015, RAJASTHAN, 8, CHITTORGARH, 86, GANGRAR, 1232, KHARKHANDA, 36642, 1133177, Total, 0, 0, 0, 0, 0, 0, 795990, 795990
2015, RAJASTHAN, 8, CHITTORGARH, 86, GANGRAR, 1232, KUNWALIYA, 36643, 1131570, Drinking water, 0, 0, 0, 0, 0, 0, 363925, 363925
2015, RAJASTHAN, 8, CHITTORGARH, 86, GANGRAR, 1232, KUNWALIYA, 36643, 1131570, Roads, 0, 0, 0, 0, 0, 0, 22693, 22693
2015, RAJASTHAN, 8, CHITTORGARH, 86, GANGRAR, 1232, KUNWALIYA, 36643, 1131570, Total, 0, 0, 0, 0, 0, 0, 386618, 386618
2015, RAJASTHAN, 8, CHITTORGARH, 86, GANGRAR, 1232, LALAS, 36644, 1131473, Drinking water, 0, 0, 0, 0, 0, 0, 148929, 148929
2015, RAJASTHAN, 8, CHITTORGARH, 86, GANGRAR, 1232, LALAS, 36644, 1131473, Sanitation, 0, 0, 0, 0, 0, 0, 92300, 92300
2015, RAJASTHAN, 8, CHITTORGARH, 86, GANGRAR, 1232, LALAS, 36644, 1131473, Total, 0, 0, 0, 0, 0, 0, 241229, 241229
2015, RAJASTHAN, 8, CHITTORGARH, 86, GANGRAR, 1232, MANDPIYA, 36645, 1132198, Administrative & Technical Support, 0, 0, 0, 0, 0, 0, 3000, 3000
2015, RAJASTHAN, 8, CHITTORGARH, 86, GANGRAR, 1232, MANDPIYA, 36645, 1132198, Cultural activities, 0, 0, 0, 0, 0, 0, 255000, 255000
2015, RAJASTHAN, 8, CHITTORGARH, 86, GANGRAR, 1232, MANDPIYA, 36645, 1132198, Drinking water, 0, 0, 0, 0, 0, 0, 940000, 940000
2015, RAJASTHAN, 8, CHITTORGARH, 86, GANGRAR, 1232, MANDPIYA, 36645, 1132198, Rural electrification, 0, 0, 0, 0, 0, 0, 40000, 40000
2015, RAJASTHAN, 8, CHITTORGARH, 86, GANGRAR, 1232, MANDPIYA, 36645, 1132198, Sanitation, 0, 0, 0, 0, 0, 0, 500000, 500000
2015, RAJASTHAN, 8, CHITTORGARH, 86, GANGRAR, 1232, MANDPIYA, 36645, 1132198, Total, 0, 0, 0, 0, 0, 0, 1738000, 1738000
2015, RAJASTHAN, 8, CHITTORGARH, 86, GANGRAR, 1232, POOTHOLI, 36646, 1135139, Roads, 0, 0, 0, 0, 0, 0, 116887, 116887
2015, RAJASTHAN, 8, CHITTORGARH, 86, GANGRAR, 1232, POOTHOLI, 36646, 1135139, Sanitation, 0, 0, 0, 0, 0, 0, 57398, 57398
2015, RAJASTHAN, 8, CHITTORGARH, 86, GANGRAR, 1232, POOTHOLI, 36646, 1135139, Total, 0, 0, 0, 0, 0, 0, 174285, 174285
2015, RAJASTHAN, 8, CHITTORGARH, 86, GANGRAR, 1232, RUGHNATHPURA, 36647, 1136791, Administrative & Technical Support, 0, 0, 0, 0, 0, 0, 207210, 207210
2015, RAJASTHAN, 8, CHITTORGARH, 86, GANGRAR, 1232, RUGHNATHPURA, 36647, 1136791, Drinking water, 0, 0, 0, 0, 0, 0, 943469, 943469
2015, RAJASTHAN, 8, CHITTORGARH, 86, GANGRAR, 1232, RUGHNATHPURA, 36647, 1136791, Roads, 0, 0, 0, 0, 0, 0, 426684, 426684
2015, RAJASTHAN, 8, CHITTORGARH, 86, GANGRAR, 1232, RUGHNATHPURA, 36647, 1136791, Total, 0, 0, 0, 0, 0, 0, 1577363, 1577363
2015, RAJASTHAN, 8, CHITTORGARH, 86, GANGRAR, 1232, SADAS, 36648, 1132443, Drinking water, 0, 0, 0, 0, 0, 0, 201000, 201000
2015, RAJASTHAN, 8, CHITTORGARH, 86, GANGRAR, 1232, SADAS, 36648, 1132443, Roads, 0, 0, 0, 0, 0, 0, 295000, 295000
2015, RAJASTHAN, 8, CHITTORGARH, 86, GANGRAR, 1232, SADAS, 36648, 1132443, Rural electrification, 0, 0, 0, 0, 0, 0, 651680, 651680
2015, RAJASTHAN, 8, CHITTORGARH, 86, GANGRAR, 1232, SADAS, 36648, 1132443, Total, 0, 0, 0, 0, 0, 0, 1147680, 1147680
2015, RAJASTHAN, 8, CHITTORGARH, 86, GANGRAR, 1232, SHADI, 36649, 1132581, Drinking water, 0, 0, 0, 0, 0, 0, 721000, 721000
2015, RAJASTHAN, 8, CHITTORGARH, 86, GANGRAR, 1232, SHADI, 36649, 1132581, Roads, 0, 0, 0, 0, 0, 0, 213900, 213900
2015, RAJASTHAN, 8, CHITTORGARH, 86, GANGRAR, 1232, SHADI, 36649, 1132581, Total, 0, 0, 0, 0, 0, 0, 934900, 934900
2015, RAJASTHAN, 8, CHITTORGARH, 86, GANGRAR, 1232, SONIYANA, 36650, 1132247, Drinking water, 0, 0, 0, 0, 0, 0, 1070000, 1070000
2015, RAJASTHAN, 8, CHITTORGARH, 86, GANGRAR, 1232, SONIYANA, 36650, 1132247, Roads, 0, 0, 0, 0, 0, 0, 30000, 30000
2015, RAJASTHAN, 8, CHITTORGARH, 86, GANGRAR, 1232, SONIYANA, 36650, 1132247, Total, 0, 0, 0, 0, 0, 0, 1100000, 1100000
2015, RAJASTHAN, 8, CHITTORGARH, 86, GANGRAR, 1232, SUDRI, 36651, 1131047, Administrative & Technical Support, 0, 0, 0, 0, 0, 0, 72600, 72600
2015, RAJASTHAN, 8, CHITTORGARH, 86, GANGRAR, 1232, SUDRI, 36651, 1131047, Drinking water, 0, 0, 0, 0, 0, 0, 8115, 8115
2015, RAJASTHAN, 8, CHITTORGARH, 86, GANGRAR, 1232, SUDRI, 36651, 1131047, Roads, 0, 0, 0, 0, 0, 0, 40000, 40000
2015, RAJASTHAN, 8, CHITTORGARH, 86, GANGRAR, 1232, SUDRI, 36651, 1131047, Rural electrification, 0, 0, 0, 0, 0, 0, 200000, 200000
2015, RAJASTHAN, 8, CHITTORGARH, 86, GANGRAR, 1232, SUDRI, 36651, 1131047, Total, 0, 0, 0, 0, 0, 0, 320715, 320715
2015, RAJASTHAN, 8, CHITTORGARH, 86, GANGRAR, 1232, SUWANIYA, 36652, 1134387, Administrative & Technical Support, 0, 0, 0, 0, 0, 0, 899604, 899604
2015, RAJASTHAN, 8, CHITTORGARH, 86, GANGRAR, 1232, SUWANIYA, 36652, 1134387, Drinking water, 0, 0, 0, 0, 0, 0, 162471, 162471
2015, RAJASTHAN, 8, CHITTORGARH, 86, GANGRAR, 1232, SUWANIYA, 36652, 1134387, Rural electrification, 0, 0, 0, 0, 0, 0, 50000, 50000
2015, RAJASTHAN, 8, CHITTORGARH, 86, GANGRAR, 1232, SUWANIYA, 36652, 1134387, Total, 0, 0, 0, 0, 0, 0, 1112075, 1112075
2015, RAJASTHAN, 8, CHITTORGARH, 86, GANGRAR, 1232, TUMBADIYA, 36653, 1140073, Drinking water, 0, 0, 0, 0, 0, 0, 1887826, 1887826
2015, RAJASTHAN, 8, CHITTORGARH, 86, GANGRAR, 1232, TUMBADIYA, 36653, 1140073, Roads, 0, 0, 0, 0, 0, 0, 140000, 140000
2015, RAJASTHAN, 8, CHITTORGARH, 86, GANGRAR, 1232, TUMBADIYA, 36653, 1140073, Total, 0, 0, 0, 0, 0, 0, 2027826, 2027826
2015, RAJASTHAN, 8, CHITTORGARH, 86, GANGRAR, 1232, UNDWA, 36654, 1134489, Administrative & Technical Support, 0, 0, 0, 0, 0, 0, 52108, 52108
2015, RAJASTHAN, 8, CHITTORGARH, 86, GANGRAR, 1232, UNDWA, 36654, 1134489, Drinking water, 0, 0, 0, 0, 0, 0, 400100, 400100
2015, RAJASTHAN, 8, CHITTORGARH, 86, GANGRAR, 1232, UNDWA, 36654, 1134489, Health, 0, 0, 0, 0, 0, 0, 241770, 241770
2015, RAJASTHAN, 8, CHITTORGARH, 86, GANGRAR, 1232, UNDWA, 36654, 1134489, Roads, 0, 0, 0, 0, 0, 0, 1577429, 1577429
2015, RAJASTHAN, 8, CHITTORGARH, 86, GANGRAR, 1232, UNDWA, 36654, 1134489, Total, 0, 0, 0, 0, 0, 0, 2271407, 2271407
2015, RAJASTHAN, 8, CHITTORGARH, 86, KAPASAN, 1233, BALARDA, 36655, 1129609, Administrative & Technical Support, 0, 0, 0, 0, 0, 0, 50000, 50000
2015, RAJASTHAN, 8, CHITTORGARH, 86, KAPASAN, 1233, BALARDA, 36655, 1129609, Drinking water, 0, 0, 0, 0, 0, 0, 491231, 491231
2015, RAJASTHAN, 8, CHITTORGARH, 86, KAPASAN, 1233, BALARDA, 36655, 1129609, Roads, 0, 0, 0, 0, 0, 0, 135036, 135036
2015, RAJASTHAN, 8, CHITTORGARH, 86, KAPASAN, 1233, BALARDA, 36655, 1129609, Rural electrification, 0, 0, 0, 0, 0, 0, 432300, 432300
2015, RAJASTHAN, 8, CHITTORGARH, 86, KAPASAN, 1233, BALARDA, 36655, 1129609, Sanitation, 0, 0, 0, 0, 0, 0, 46600, 46600
2015, RAJASTHAN, 8, CHITTORGARH, 86, KAPASAN, 1233, BALARDA, 36655, 1129609, Total, 0, 0, 0, 0, 0, 0, 1155167, 1155167
2015, RAJASTHAN, 8, CHITTORGARH, 86, KAPASAN, 1233, BANAKIYA KALAN, 36657, 1129619, Drinking water, 0, 0, 0, 0, 0, 0, 500000, 500000
2015, RAJASTHAN, 8, CHITTORGARH, 86, KAPASAN, 1233, BANAKIYA KALAN, 36657, 1129619, Roads, 0, 0, 0, 0, 0, 0, 1200000, 1200000
2015, RAJASTHAN, 8, CHITTORGARH, 86, KAPASAN, 1233, BANAKIYA KALAN, 36657, 1129619, Sanitation, 0, 0, 0, 0, 0, 0, 45000, 45000
2015, RAJASTHAN, 8, CHITTORGARH, 86, KAPASAN, 1233, BANAKIYA KALAN, 36657, 1129619, Total, 0, 0, 0, 0, 0, 0, 1745000, 1745000
2015, RAJASTHAN, 8, CHITTORGARH, 86, KAPASAN, 1233, BHATTON KA BAMNIYA, 36656, 1158363, Administrative & Technical Support, 0, 0, 0, 0, 0, 0, 65000, 65000
2015, RAJASTHAN, 8, CHITTORGARH, 86, KAPASAN, 1233, BHATTON KA BAMNIYA, 36656, 1158363, Drinking water, 0, 0, 0, 0, 0, 0, 160000, 160000
2015, RAJASTHAN, 8, CHITTORGARH, 86, KAPASAN, 1233, BHATTON KA BAMNIYA, 36656, 1158363, Roads, 0, 0, 0, 0, 0, 0, 800000, 800000
2015, RAJASTHAN, 8, CHITTORGARH, 86, KAPASAN, 1233, BHATTON KA BAMNIYA, 36656, 1158363, Total, 0, 0, 0, 0, 0, 0, 1025000, 1025000
2015, RAJASTHAN, 8, CHITTORGARH, 86, KAPASAN, 1233, CHAKURD, 36658, 1130392, Administrative & Technical Support, 0, 0, 0, 0, 0, 0, 63045, 63045
2015, RAJASTHAN, 8, CHITTORGARH, 86, KAPASAN, 1233, CHAKURD, 36658, 1130392, Drinking water, 0, 0, 0, 0, 0, 0, 261046, 261046
2015, RAJASTHAN, 8, CHITTORGARH, 86, KAPASAN, 1233, CHAKURD, 36658, 1130392, Roads, 0, 0, 0, 0, 0, 0, 575323, 575323
2015, RAJASTHAN, 8, CHITTORGARH, 86, KAPASAN, 1233, CHAKURD, 36658, 1130392, Total, 0, 0, 0, 0, 0, 0, 899414, 899414
2015, RAJASTHAN, 8, CHITTORGARH, 86, KAPASAN, 1233, CHHAPARI, 36659, 1146150, Drinking water, 0, 0, 0, 0, 0, 0, 1224000, 1224000
2015, RAJASTHAN, 8, CHITTORGARH, 86, KAPASAN, 1233, CHHAPARI, 36659, 1146150, Total, 0, 0, 0, 0, 0, 0, 1224000, 1224000
2015, RAJASTHAN, 8, CHITTORGARH, 86, KAPASAN, 1233, DAMA KHERA, 36660, 1130927, Administrative & Technical Support, 0, 0, 0, 0, 0, 0, 245031, 245031
2015, RAJASTHAN, 8, CHITTORGARH, 86, KAPASAN, 1233, DAMA KHERA, 36660, 1130927, Drinking water, 0, 0, 0, 0, 0, 0, 348767, 348767
2015, RAJASTHAN, 8, CHITTORGARH, 86, KAPASAN, 1233, DAMA KHERA, 36660, 1130927, Roads, 0, 0, 0, 0, 0, 0, 160000, 160000
2015, RAJASTHAN, 8, CHITTORGARH, 86, KAPASAN, 1233, DAMA KHERA, 36660, 1130927, Sanitation, 0, 0, 0, 0, 0, 0, 393000, 393000
2015, RAJASTHAN, 8, CHITTORGARH, 86, KAPASAN, 1233, DAMA KHERA, 36660, 1130927, Total, 0, 0, 0, 0, 0, 0, 1146798, 1146798
2015, RAJASTHAN, 8, CHITTORGARH, 86, KAPASAN, 1233, DHAMANA, 36661, 1143190, Administrative & Technical Support, 0, 0, 0, 0, 0, 0, 50000, 50000
2015, RAJASTHAN, 8, CHITTORGARH, 86, KAPASAN, 1233, DHAMANA, 36661, 1143190, Drinking water, 0, 0, 0, 0, 0, 0, 490000, 490000
2015, RAJASTHAN, 8, CHITTORGARH, 86, KAPASAN, 1233, DHAMANA, 36661, 1143190, Maintenance of community system, 0, 0, 0, 0, 0, 0, 80000, 80000
2015, RAJASTHAN, 8, CHITTORGARH, 86, KAPASAN, 1233, DHAMANA, 36661, 1143190, Roads, 0, 0, 0, 0, 0, 0, 330000, 330000
2015, RAJASTHAN, 8, CHITTORGARH, 86, KAPASAN, 1233, DHAMANA, 36661, 1143190, Total, 0, 0, 0, 0, 0, 0, 950000, 950000
2015, RAJASTHAN, 8, CHITTORGARH, 86, KAPASAN, 1233, DOWANI, 36662, 1135125, Drinking water, 0, 0, 0, 0, 0, 0, 990000, 990000
2015, RAJASTHAN, 8, CHITTORGARH, 86, KAPASAN, 1233, DOWANI, 36662, 1135125, Roads, 0, 0, 0, 0, 0, 0, 200000, 200000
2015, RAJASTHAN, 8, CHITTORGARH, 86, KAPASAN, 1233, DOWANI, 36662, 1135125, Total, 0, 0, 0, 0, 0, 0, 1190000, 1190000
2015, RAJASTHAN, 8, CHITTORGARH, 86, KAPASAN, 1233, HATHIYANA, 36663, 1151711, Drinking water, 0, 0, 0, 0, 0, 0, 350000, 350000
2015, RAJASTHAN, 8, CHITTORGARH, 86, KAPASAN, 1233, HATHIYANA, 36663, 1151711, Maintenance of community system, 0, 0, 0, 0, 0, 0, 100000, 100000
2015, RAJASTHAN, 8, CHITTORGARH, 86, KAPASAN, 1233, HATHIYANA, 36663, 1151711, Roads, 0, 0, 0, 0, 0, 0, 1200000, 1200000
2015, RAJASTHAN, 8, CHITTORGARH, 86, KAPASAN, 1233, HATHIYANA, 36663, 1151711, Sanitation, 0, 0, 0, 0, 0, 0, 50000, 50000
2015, RAJASTHAN, 8, CHITTORGARH, 86, KAPASAN, 1233, HATHIYANA, 36663, 1151711, Total, 0, 0, 0, 0, 0, 0, 1700000, 1700000
2015, RAJASTHAN, 8, CHITTORGARH, 86, KAPASAN, 1233, HINGORIYA, 36664, 1132250, Administrative & Technical Support, 0, 0, 0, 0, 0, 0, 150000, 150000
2015, RAJASTHAN, 8, CHITTORGARH, 86, KAPASAN, 1233, HINGORIYA, 36664, 1132250, Drinking water, 0, 0, 0, 0, 0, 0, 900000, 900000
2015, RAJASTHAN, 8, CHITTORGARH, 86, KAPASAN, 1233, HINGORIYA, 36664, 1132250, Total, 0, 0, 0, 0, 0, 0, 1050000, 1050000
2015, RAJASTHAN, 8, CHITTORGARH, 86, KAPASAN, 1233, KANROOKARA, 36666, 1154660, Drinking water, 0, 0, 0, 0, 0, 0, 485000, 485000
2015, RAJASTHAN, 8, CHITTORGARH, 86, KAPASAN, 1233, KANROOKARA, 36666, 1154660, Roads, 0, 0, 0, 0, 0, 0, 500000, 500000
2015, RAJASTHAN, 8, CHITTORGARH, 86, KAPASAN, 1233, KANROOKARA, 36666, 1154660, Total, 0, 0, 0, 0, 0, 0, 985000, 985000
2015, RAJASTHAN, 8, CHITTORGARH, 86, KAPASAN, 1233, KARJALI, 36665, 1143638, Drinking water, 0, 0, 0, 0, 0, 0, 890000, 890000
2015, RAJASTHAN, 8, CHITTORGARH, 86, KAPASAN, 1233, KARJALI, 36665, 1143638, Rural electrification, 0, 0, 0, 0, 0, 0, 100000, 100000
2015, RAJASTHAN, 8, CHITTORGARH, 86, KAPASAN, 1233, KARJALI, 36665, 1143638, Total, 0, 0, 0, 0, 0, 0, 990000, 990000
2015, RAJASTHAN, 8, CHITTORGARH, 86, KAPASAN, 1233, LANGACH, 36667, 1137135, Administrative & Technical Support, 0, 0, 0, 0, 0, 0, 111000, 111000
2015, RAJASTHAN, 8, CHITTORGARH, 86, KAPASAN, 1233, LANGACH, 36667, 1137135, Drinking water, 0, 0, 0, 0, 0, 0, 1028000, 1028000
2015, RAJASTHAN, 8, CHITTORGARH, 86, KAPASAN, 1233, LANGACH, 36667, 1137135, Total, 0, 0, 0, 0, 0, 0, 1139000, 1139000
2015, RAJASTHAN, 8, CHITTORGARH, 86, KAPASAN, 1233, MUGANA, 36668, 1143078, Administrative & Technical Support, 0, 0, 0, 0, 0, 0, 100000, 100000
2015, RAJASTHAN, 8, CHITTORGARH, 86, KAPASAN, 1233, MUGANA, 36668, 1143078, Drinking water, 0, 0, 0, 0, 0, 0, 621830, 621830
2015, RAJASTHAN, 8, CHITTORGARH, 86, KAPASAN, 1233, MUGANA, 36668, 1143078, Roads, 0, 0, 0, 0, 0, 0, 700000, 700000
2015, RAJASTHAN, 8, CHITTORGARH, 86, KAPASAN, 1233, MUGANA, 36668, 1143078, Rural electrification, 0, 0, 0, 0, 0, 0, 15000, 15000
2015, RAJASTHAN, 8, CHITTORGARH, 86, KAPASAN, 1233, MUGANA, 36668, 1143078, Sanitation, 0, 0, 0, 0, 0, 0, 150000, 150000
2015, RAJASTHAN, 8, CHITTORGARH, 86, KAPASAN, 1233, MUGANA, 36668, 1143078, Total, 0, 0, 0, 0, 0, 0, 1586830, 1586830
2015, RAJASTHAN, 8, CHITTORGARH, 86, KAPASAN, 1233, NIMBAHERA, 36669, 1132177, Administrative & Technical Support, 0, 0, 0, 0, 0, 0, 300000, 300000
2015, RAJASTHAN, 8, CHITTORGARH, 86, KAPASAN, 1233, NIMBAHERA, 36669, 1132177, Drinking water, 0, 0, 0, 0, 0, 0, 945000, 945000
2015, RAJASTHAN, 8, CHITTORGARH, 86, KAPASAN, 1233, NIMBAHERA, 36669, 1132177, Social welfare, 0, 0, 0, 0, 0, 0, 100000, 100000
2015, RAJASTHAN, 8, CHITTORGARH, 86, KAPASAN, 1233, NIMBAHERA, 36669, 1132177, Total, 0, 0, 0, 0, 0, 0, 1345000, 1345000
2015, RAJASTHAN, 8, CHITTORGARH, 86, KAPASAN, 1233, PANDOLI, 36670, 1132672, Drinking water, 0, 0, 0, 0, 0, 0, 340000, 340000
2015, RAJASTHAN, 8, CHITTORGARH, 86, KAPASAN, 1233, PANDOLI, 36670, 1132672, Roads, 0, 0, 0, 0, 0, 0, 1072000, 1072000
2015, RAJASTHAN, 8, CHITTORGARH, 86, KAPASAN, 1233, PANDOLI, 36670, 1132672, Sanitation, 0, 0, 0, 0, 0, 0, 500000, 500000
2015, RAJASTHAN, 8, CHITTORGARH, 86, KAPASAN, 1233, PANDOLI, 36670, 1132672, Total, 0, 0, 0, 0, 0, 0, 1912000, 1912000
2015, RAJASTHAN, 8, CHITTORGARH, 86, KAPASAN, 1233, ROLIYA, 36671, 1129671, Administrative & Technical Support, 0, 0, 0, 0, 0, 0, 93890, 93890
2015, RAJASTHAN, 8, CHITTORGARH, 86, KAPASAN, 1233, ROLIYA, 36671, 1129671, Drinking water, 0, 0, 0, 0, 0, 0, 100000, 100000
2015, RAJASTHAN, 8, CHITTORGARH, 86, KAPASAN, 1233, ROLIYA, 36671, 1129671, Roads, 0, 0, 0, 0, 0, 0, 750000, 750000
2015, RAJASTHAN, 8, CHITTORGARH, 86, KAPASAN, 1233, ROLIYA, 36671, 1129671, Total, 0, 0, 0, 0, 0, 0, 943890, 943890
2015, RAJASTHAN, 8, CHITTORGARH, 86, KAPASAN, 1233, ROOPA HERI, 36672, 1129623, Administrative & Technical Support, 0, 0, 0, 0, 0, 0, 81424, 81424
2015, RAJASTHAN, 8, CHITTORGARH, 86, KAPASAN, 1233, ROOPA HERI, 36672, 1129623, Drinking water, 0, 0, 0, 0, 0, 0, 478795, 478795
2015, RAJASTHAN, 8, CHITTORGARH, 86, KAPASAN, 1233, ROOPA HERI, 36672, 1129623, Maintenance of community system, 0, 0, 0, 0, 0, 0, 24930, 24930
2015, RAJASTHAN, 8, CHITTORGARH, 86, KAPASAN, 1233, ROOPA HERI, 36672, 1129623, Sanitation, 0, 0, 0, 0, 0, 0, 113000, 113000
2015, RAJASTHAN, 8, CHITTORGARH, 86, KAPASAN, 1233, ROOPA HERI, 36672, 1129623, Total, 0, 0, 0, 0, 0, 0, 698149, 698149
2015, RAJASTHAN, 8, CHITTORGARH, 86, KAPASAN, 1233, SINGH PUR, 36673, 1132603, Cultural activities, 0, 0, 0, 0, 0, 0, 150000, 150000
2015, RAJASTHAN, 8, CHITTORGARH, 86, KAPASAN, 1233, SINGH PUR, 36673, 1132603, Drinking water, 0, 0, 0, 0, 0, 0, 1700000, 1700000
2015, RAJASTHAN, 8, CHITTORGARH, 86, KAPASAN, 1233, SINGH PUR, 36673, 1132603, Roads, 0, 0, 0, 0, 0, 0, 200000, 200000
2015, RAJASTHAN, 8, CHITTORGARH, 86, KAPASAN, 1233, SINGH PUR, 36673, 1132603, Sanitation, 0, 0, 0, 0, 0, 0, 250000, 250000
2015, RAJASTHAN, 8, CHITTORGARH, 86, KAPASAN, 1233, SINGH PUR, 36673, 1132603, Total, 0, 0, 0, 0, 0, 0, 2300000, 2300000
2015, RAJASTHAN, 8, CHITTORGARH, 86, KAPASAN, 1233, SURPUR, 36674, 1134155, Administrative & Technical Support, 0, 0, 0, 0, 0, 0, 388637, 388637
2015, RAJASTHAN, 8, CHITTORGARH, 86, KAPASAN, 1233, SURPUR, 36674, 1134155, Drinking water, 0, 0, 0, 0, 0, 0, 643553, 643553
2015, RAJASTHAN, 8, CHITTORGARH, 86, KAPASAN, 1233, SURPUR, 36674, 1134155, Roads, 0, 0, 0, 0, 0, 0, 245338, 245338
2015, RAJASTHAN, 8, CHITTORGARH, 86, KAPASAN, 1233, SURPUR, 36674, 1134155, Rural electrification, 0, 0, 0, 0, 0, 0, 135927, 135927
2015, RAJASTHAN, 8, CHITTORGARH, 86, KAPASAN, 1233, SURPUR, 36674, 1134155, Sanitation, 0, 0, 0, 0, 0, 0, 48928, 48928
2015, RAJASTHAN, 8, CHITTORGARH, 86, KAPASAN, 1233, SURPUR, 36674, 1134155, Total, 0, 0, 0, 0, 0, 0, 1538180, 1538180
2015, RAJASTHAN, 8, CHITTORGARH, 86, KAPASAN, 1233, SURPUR, 36674, 1134155, Water Conservation, 0, 0, 0, 0, 0, 0, 75797, 75797
2015, RAJASTHAN, 8, CHITTORGARH, 86, KAPASAN, 1233, TURKIYA KHURD, 36675, 1132019, Administrative & Technical Support, 0, 0, 0, 0, 0, 0, 102557, 102557
2015, RAJASTHAN, 8, CHITTORGARH, 86, KAPASAN, 1233, TURKIYA KHURD, 36675, 1132019, Drinking water, 0, 0, 0, 0, 0, 0, 879000, 879000
2015, RAJASTHAN, 8, CHITTORGARH, 86, KAPASAN, 1233, TURKIYA KHURD, 36675, 1132019, Total, 0, 0, 0, 0, 0, 0, 981557, 981557
2015, RAJASTHAN, 8, CHITTORGARH, 86, KAPASAN, 1233, UCHNAR KHURD, 36676, 1149498, Administrative & Technical Support, 0, 0, 0, 0, 0, 0, 150000, 150000
2015, RAJASTHAN, 8, CHITTORGARH, 86, KAPASAN, 1233, UCHNAR KHURD, 36676, 1149498, Drinking water, 0, 0, 0, 0, 0, 0, 800300, 800300
2015, RAJASTHAN, 8, CHITTORGARH, 86, KAPASAN, 1233, UCHNAR KHURD, 36676, 1149498, Roads, 0, 0, 0, 0, 0, 0, 679662, 679662
2015, RAJASTHAN, 8, CHITTORGARH, 86, KAPASAN, 1233, UCHNAR KHURD, 36676, 1149498, Sanitation, 0, 0, 0, 0, 0, 0, 240000, 240000
2015, RAJASTHAN, 8, CHITTORGARH, 86, KAPASAN, 1233, UCHNAR KHURD, 36676, 1149498, Total, 0, 0, 0, 0, 0, 0, 1869962, 1869962
2015, RAJASTHAN, 8, CHITTORGARH, 86, KAPASAN, 1233, UMAND, 36677, 1131065, Drinking water, 0, 0, 0, 0, 0, 0, 780000, 780000
2015, RAJASTHAN, 8, CHITTORGARH, 86, KAPASAN, 1233, UMAND, 36677, 1131065, Roads, 0, 0, 0, 0, 0, 0, 500000, 500000
2015, RAJASTHAN, 8, CHITTORGARH, 86, KAPASAN, 1233, UMAND, 36677, 1131065, Total, 0, 0, 0, 0, 0, 0, 1280000, 1280000
2015, RAJASTHAN, 8, CHITTORGARH, 86, NIMBAHERA, 1234, ARNIYA JOSHI, 36678, 1626708, Drinking water, 0, 0, 0, 0, 0, 0, 606000, 606000
2015, RAJASTHAN, 8, CHITTORGARH, 86, NIMBAHERA, 1234, ARNIYA JOSHI, 36678, 1626708, Roads, 0, 0, 0, 0, 0, 0, 575000, 575000
2015, RAJASTHAN, 8, CHITTORGARH, 86, NIMBAHERA, 1234, ARNIYA JOSHI, 36678, 1626708, Total, 0, 0, 0, 0, 0, 0, 1181000, 1181000
2015, RAJASTHAN, 8, CHITTORGARH, 86, NIMBAHERA, 1234, ARNODA, 36679, 1134477, Roads, 0, 0, 0, 0, 0, 0, 1500000, 1500000
2015, RAJASTHAN, 8, CHITTORGARH, 86, NIMBAHERA, 1234, ARNODA, 36679, 1134477, Total, 0, 0, 0, 0, 0, 0, 1500000, 1500000
2015, RAJASTHAN, 8, CHITTORGARH, 86, NIMBAHERA, 1234, BADOLI MADHOSINGH, 36680, 1135063, Sanitation, 0, 0, 0, 0, 0, 0, 1300000, 1300000
2015, RAJASTHAN, 8, CHITTORGARH, 86, NIMBAHERA, 1234, BADOLI MADHOSINGH, 36680, 1135063, Total, 0, 0, 0, 0, 0, 0, 1300000, 1300000
2015, RAJASTHAN, 8, CHITTORGARH, 86, NIMBAHERA, 1234, BANGERA GHATA, 36681, 1134099, Drinking water, 0, 0, 0, 0, 0, 0, 330000, 330000
2015, RAJASTHAN, 8, CHITTORGARH, 86, NIMBAHERA, 1234, BANGERA GHATA, 36681, 1134099, Roads, 0, 0, 0, 0, 0, 0, 340000, 340000
2015, RAJASTHAN, 8, CHITTORGARH, 86, NIMBAHERA, 1234, BANGERA GHATA, 36681, 1134099, Total, 0, 0, 0, 0, 0, 0, 670000, 670000
2015, RAJASTHAN, 8, CHITTORGARH, 86, NIMBAHERA, 1234, BANGRERA, 36682, 1134543, Drinking water, 0, 0, 0, 0, 0, 0, 100000, 100000
2015, RAJASTHAN, 8, CHITTORGARH, 86, NIMBAHERA, 1234, BANGRERA, 36682, 1134543, Roads, 0, 0, 0, 0, 0, 0, 1020000, 1020000
2015, RAJASTHAN, 8, CHITTORGARH, 86, NIMBAHERA, 1234, BANGRERA, 36682, 1134543, Total, 0, 0, 0, 0, 0, 0, 1120000, 1120000
2015, RAJASTHAN, 8, CHITTORGARH, 86, NIMBAHERA, 1234, BARAWALI, 36683, 1135590, Drinking water, 0, 0, 0, 0, 0, 0, 150000, 150000
2015, RAJASTHAN, 8, CHITTORGARH, 86, NIMBAHERA, 1234, BARAWALI, 36683, 1135590, Roads, 0, 0, 0, 0, 0, 0, 950000, 950000
2015, RAJASTHAN, 8, CHITTORGARH, 86, NIMBAHERA, 1234, BARAWALI, 36683, 1135590, Total, 0, 0, 0, 0, 0, 0, 1100000, 1100000
2015, RAJASTHAN, 8, CHITTORGARH, 86, NIMBAHERA, 1234, BARI, 36684, 1114663, Drinking water, 0, 0, 0, 0, 0, 0, 621059, 621059
2015, RAJASTHAN, 8, CHITTORGARH, 86, NIMBAHERA, 1234, BARI, 36684, 1114663, Roads, 0, 0, 0, 0, 0, 0, 366146, 366146
2015, RAJASTHAN, 8, CHITTORGARH, 86, NIMBAHERA, 1234, BARI, 36684, 1114663, Rural electrification, 0, 0, 0, 0, 0, 0, 88520, 88520
2015, RAJASTHAN, 8, CHITTORGARH, 86, NIMBAHERA, 1234, BARI, 36684, 1114663, Rural housing, 0, 0, 0, 0, 0, 0, 315979, 315979
2015, RAJASTHAN, 8, CHITTORGARH, 86, NIMBAHERA, 1234, BARI, 36684, 1114663, Social forestry and farm forestry, 0, 0, 0, 0, 0, 0, 17955, 17955
2015, RAJASTHAN, 8, CHITTORGARH, 86, NIMBAHERA, 1234, BARI, 36684, 1114663, Total, 0, 0, 0, 0, 0, 0, 1409659, 1409659
2015, RAJASTHAN, 8, CHITTORGARH, 86, NIMBAHERA, 1234, BAROLI GHATA, 36685, 1134563, Drinking water, 0, 0, 0, 0, 0, 0, 305000, 305000
2015, RAJASTHAN, 8, CHITTORGARH, 86, NIMBAHERA, 1234, BAROLI GHATA, 36685, 1134563, Roads, 0, 0, 0, 0, 0, 0, 1000000, 1000000
2015, RAJASTHAN, 8, CHITTORGARH, 86, NIMBAHERA, 1234, BAROLI GHATA, 36685, 1134563, Total, 0, 0, 0, 0, 0, 0, 1305000, 1305000
2015, RAJASTHAN, 8, CHITTORGARH, 86, NIMBAHERA, 1234, BHAGWAN PURA, 36686, 1134597, Drinking water, 0, 0, 0, 0, 0, 0, 660000, 660000
2015, RAJASTHAN, 8, CHITTORGARH, 86, NIMBAHERA, 1234, BHAGWAN PURA, 36686, 1134597, Roads, 0, 0, 0, 0, 0, 0, 375000, 375000
2015, RAJASTHAN, 8, CHITTORGARH, 86, NIMBAHERA, 1234, BHAGWAN PURA, 36686, 1134597, Sanitation, 0, 0, 0, 0, 0, 0, 50000, 50000
2015, RAJASTHAN, 8, CHITTORGARH, 86, NIMBAHERA, 1234, BHAGWAN PURA, 36686, 1134597, Total, 0, 0, 0, 0, 0, 0, 1085000, 1085000
2015, RAJASTHAN, 8, CHITTORGARH, 86, NIMBAHERA, 1234, BHAWALIYA, 36687, 1133935, Administrative & Technical Support, 0, 0, 0, 0, 0, 0, 410000, 410000
2015, RAJASTHAN, 8, CHITTORGARH, 86, NIMBAHERA, 1234, BHAWALIYA, 36687, 1133935, Drinking water, 0, 0, 0, 0, 0, 0, 35000, 35000
2015, RAJASTHAN, 8, CHITTORGARH, 86, NIMBAHERA, 1234, BHAWALIYA, 36687, 1133935, Total, 0, 0, 0, 0, 0, 0, 445000, 445000
2015, RAJASTHAN, 8, CHITTORGARH, 86, NIMBAHERA, 1234, BINOTA, 36688, 1136685, Drinking water, 0, 0, 0, 0, 0, 0, 130000, 130000
2015, RAJASTHAN, 8, CHITTORGARH, 86, NIMBAHERA, 1234, BINOTA, 36688, 1136685, Roads, 0, 0, 0, 0, 0, 0, 1285000, 1285000
2015, RAJASTHAN, 8, CHITTORGARH, 86, NIMBAHERA, 1234, BINOTA, 36688, 1136685, Rural electrification, 0, 0, 0, 0, 0, 0, 150000, 150000
2015, RAJASTHAN, 8, CHITTORGARH, 86, NIMBAHERA, 1234, BINOTA, 36688, 1136685, Sanitation, 0, 0, 0, 0, 0, 0, 100000, 100000
2015, RAJASTHAN, 8, CHITTORGARH, 86, NIMBAHERA, 1234, BINOTA, 36688, 1136685, Total, 0, 0, 0, 0, 0, 0, 1865000, 1865000
2015, RAJASTHAN, 8, CHITTORGARH, 86, NIMBAHERA, 1234, BINOTA, 36688, 1136685, Women and child development, 0, 0, 0, 0, 0, 0, 200000, 200000
2015, RAJASTHAN, 8, CHITTORGARH, 86, NIMBAHERA, 1234, DALA KISHANPURA, 36689, 1135486, Drinking water, 0, 0, 0, 0, 0, 0, 300000, 300000
2015, RAJASTHAN, 8, CHITTORGARH, 86, NIMBAHERA, 1234, DALA KISHANPURA, 36689, 1135486, Roads, 0, 0, 0, 0, 0, 0, 1405000, 1405000
2015, RAJASTHAN, 8, CHITTORGARH, 86, NIMBAHERA, 1234, DALA KISHANPURA, 36689, 1135486, Total, 0, 0, 0, 0, 0, 0, 1705000, 1705000
2015, RAJASTHAN, 8, CHITTORGARH, 86, NIMBAHERA, 1234, DHORIYA, 36690, 1134531, Drinking water, 0, 0, 0, 0, 0, 0, 770000, 770000
2015, RAJASTHAN, 8, CHITTORGARH, 86, NIMBAHERA, 1234, DHORIYA, 36690, 1134531, Roads, 0, 0, 0, 0, 0, 0, 315000, 315000
2015, RAJASTHAN, 8, CHITTORGARH, 86, NIMBAHERA, 1234, DHORIYA, 36690, 1134531, Sanitation, 0, 0, 0, 0, 0, 0, 50000, 50000
2015, RAJASTHAN, 8, CHITTORGARH, 86, NIMBAHERA, 1234, DHORIYA, 36690, 1134531, Total, 0, 0, 0, 0, 0, 0, 1135000, 1135000
2015, RAJASTHAN, 8, CHITTORGARH, 86, NIMBAHERA, 1234, GADOLA, 36691, 1136179, Roads, 0, 0, 0, 0, 0, 0, 2585000, 2585000
2015, RAJASTHAN, 8, CHITTORGARH, 86, NIMBAHERA, 1234, GADOLA, 36691, 1136179, Total, 0, 0, 0, 0, 0, 0, 2585000, 2585000
2015, RAJASTHAN, 8, CHITTORGARH, 86, NIMBAHERA, 1234, GUDA KHERA, 36692, 1135472, Administrative & Technical Support, 0, 0, 0, 0, 0, 0, 80000, 80000
2015, RAJASTHAN, 8, CHITTORGARH, 86, NIMBAHERA, 1234, GUDA KHERA, 36692, 1135472, Drinking water, 0, 0, 0, 0, 0, 0, 689000, 689000
2015, RAJASTHAN, 8, CHITTORGARH, 86, NIMBAHERA, 1234, GUDA KHERA, 36692, 1135472, Education, 0, 0, 0, 0, 0, 0, 121300, 121300
2015, RAJASTHAN, 8, CHITTORGARH, 86, NIMBAHERA, 1234, GUDA KHERA, 36692, 1135472, Public distribution system, 0, 0, 0, 0, 0, 0, 189378, 189378
2015, RAJASTHAN, 8, CHITTORGARH, 86, NIMBAHERA, 1234, GUDA KHERA, 36692, 1135472, Roads, 0, 0, 0, 0, 0, 0, 570000, 570000
2015, RAJASTHAN, 8, CHITTORGARH, 86, NIMBAHERA, 1234, GUDA KHERA, 36692, 1135472, Rural housing, 0, 0, 0, 0, 0, 0, 30800, 30800
2015, RAJASTHAN, 8, CHITTORGARH, 86, NIMBAHERA, 1234, GUDA KHERA, 36692, 1135472, Sanitation, 0, 0, 0, 0, 0, 0, 55000, 55000
2015, RAJASTHAN, 8, CHITTORGARH, 86, NIMBAHERA, 1234, GUDA KHERA, 36692, 1135472, Total, 0, 0, 0, 0, 0, 0, 1735478, 1735478
2015, RAJASTHAN, 8, CHITTORGARH, 86, NIMBAHERA, 1234, JALIYA, 36693, 1133944, Drinking water, 0, 0, 0, 0, 0, 0, 70000, 70000
2015, RAJASTHAN, 8, CHITTORGARH, 86, NIMBAHERA, 1234, JALIYA, 36693, 1133944, Education, 0, 0, 0, 0, 0, 0, 650000, 650000
2015, RAJASTHAN, 8, CHITTORGARH, 86, NIMBAHERA, 1234, JALIYA, 36693, 1133944, Total, 0, 0, 0, 0, 0, 0, 720000, 720000
2015, RAJASTHAN, 8, CHITTORGARH, 86, NIMBAHERA, 1234, JAWADA, 36694, 1134037, Drinking water, 0, 0, 0, 0, 0, 0, 1171000, 1171000
2015, RAJASTHAN, 8, CHITTORGARH, 86, NIMBAHERA, 1234, JAWADA, 36694, 1134037, Sanitation, 0, 0, 0, 0, 0, 0, 50000, 50000
2015, RAJASTHAN, 8, CHITTORGARH, 86, NIMBAHERA, 1234, JAWADA, 36694, 1134037, Total, 0, 0, 0, 0, 0, 0, 1221000, 1221000
2015, RAJASTHAN, 8, CHITTORGARH, 86, NIMBAHERA, 1234, KANERA, 36695, 1136506, Drinking water, 0, 0, 0, 0, 0, 0, 450000, 450000
2015, RAJASTHAN, 8, CHITTORGARH, 86, NIMBAHERA, 1234, KANERA, 36695, 1136506, Roads, 0, 0, 0, 0, 0, 0, 2300000, 2300000
2015, RAJASTHAN, 8, CHITTORGARH, 86, NIMBAHERA, 1234, KANERA, 36695, 1136506, Sanitation, 0, 0, 0, 0, 0, 0, 250000, 250000
2015, RAJASTHAN, 8, CHITTORGARH, 86, NIMBAHERA, 1234, KANERA, 36695, 1136506, Total, 0, 0, 0, 0, 0, 0, 3000000, 3000000
2015, RAJASTHAN, 8, CHITTORGARH, 86, NIMBAHERA, 1234, KAROONDA, 36696, 1135579, Drinking water, 0, 0, 0, 0, 0, 0, 500000, 500000
2015, RAJASTHAN, 8, CHITTORGARH, 86, NIMBAHERA, 1234, KAROONDA, 36696, 1135579, Roads, 0, 0, 0, 0, 0, 0, 511000, 511000
2015, RAJASTHAN, 8, CHITTORGARH, 86, NIMBAHERA, 1234, KAROONDA, 36696, 1135579, Total, 0, 0, 0, 0, 0, 0, 1011000, 1011000
2015, RAJASTHAN, 8, CHITTORGARH, 86, NIMBAHERA, 1234, KELI, 36697, 1133961, Drinking water, 0, 0, 0, 0, 0, 0, 1125000, 1125000
2015, RAJASTHAN, 8, CHITTORGARH, 86, NIMBAHERA, 1234, KELI, 36697, 1133961, Roads, 0, 0, 0, 0, 0, 0, 774000, 774000
2015, RAJASTHAN, 8, CHITTORGARH, 86, NIMBAHERA, 1234, KELI, 36697, 1133961, Sanitation, 0, 0, 0, 0, 0, 0, 488000, 488000
2015, RAJASTHAN, 8, CHITTORGARH, 86, NIMBAHERA, 1234, KELI, 36697, 1133961, Total, 0, 0, 0, 0, 0, 0, 2387000, 2387000
2015, RAJASTHAN, 8, CHITTORGARH, 86, NIMBAHERA, 1234, KOTRI KALAN, 36698, 1135978, Drinking water, 0, 0, 0, 0, 0, 0, 1069000, 1069000
2015, RAJASTHAN, 8, CHITTORGARH, 86, NIMBAHERA, 1234, KOTRI KALAN, 36698, 1135978, Rural housing, 0, 0, 0, 0, 0, 0, 60000, 60000
2015, RAJASTHAN, 8, CHITTORGARH, 86, NIMBAHERA, 1234, KOTRI KALAN, 36698, 1135978, Sanitation, 0, 0, 0, 0, 0, 0, 60000, 60000
2015, RAJASTHAN, 8, CHITTORGARH, 86, NIMBAHERA, 1234, KOTRI KALAN, 36698, 1135978, Total, 0, 0, 0, 0, 0, 0, 1189000, 1189000
2015, RAJASTHAN, 8, CHITTORGARH, 86, NIMBAHERA, 1234, LASRAWAN, 36699, 1136141, Roads, 0, 0, 0, 0, 0, 0, 1133000, 1133000
2015, RAJASTHAN, 8, CHITTORGARH, 86, NIMBAHERA, 1234, LASRAWAN, 36699, 1136141, Sanitation, 0, 0, 0, 0, 0, 0, 100000, 100000
2015, RAJASTHAN, 8, CHITTORGARH, 86, NIMBAHERA, 1234, LASRAWAN, 36699, 1136141, Total, 0, 0, 0, 0, 0, 0, 1233000, 1233000
2015, RAJASTHAN, 8, CHITTORGARH, 86, NIMBAHERA, 1234, MAILANA, 36700, 1134104, Drinking water, 0, 0, 0, 0, 0, 0, 300000, 300000
2015, RAJASTHAN, 8, CHITTORGARH, 86, NIMBAHERA, 1234, MAILANA, 36700, 1134104, Rural electrification, 0, 0, 0, 0, 0, 0, 330000, 330000
2015, RAJASTHAN, 8, CHITTORGARH, 86, NIMBAHERA, 1234, MAILANA, 36700, 1134104, Rural housing, 0, 0, 0, 0, 0, 0, 525000, 525000
2015, RAJASTHAN, 8, CHITTORGARH, 86, NIMBAHERA, 1234, MAILANA, 36700, 1134104, Total, 0, 0, 0, 0, 0, 0, 1155000, 1155000
2015, RAJASTHAN, 8, CHITTORGARH, 86, NIMBAHERA, 1234, MANDLA CHARAN, 36701, 1134599, Drinking water, 0, 0, 0, 0, 0, 0, 200000, 200000
2015, RAJASTHAN, 8, CHITTORGARH, 86, NIMBAHERA, 1234, MANDLA CHARAN, 36701, 1134599, Total, 0, 0, 0, 0, 0, 0, 200000, 200000
2015, RAJASTHAN, 8, CHITTORGARH, 86, NIMBAHERA, 1234, MANGROL, 36702, 1135843, Roads, 0, 0, 0, 0, 0, 0, 760000, 760000
2015, RAJASTHAN, 8, CHITTORGARH, 86, NIMBAHERA, 1234, MANGROL, 36702, 1135843, Total, 0, 0, 0, 0, 0, 0, 760000, 760000
2015, RAJASTHAN, 8, CHITTORGARH, 86, NIMBAHERA, 1234, MARJEEVI, 36703, 1136197, Drinking water, 0, 0, 0, 0, 0, 0, 790000, 790000
2015, RAJASTHAN, 8, CHITTORGARH, 86, NIMBAHERA, 1234, MARJEEVI, 36703, 1136197, Roads, 0, 0, 0, 0, 0, 0, 475000, 475000
2015, RAJASTHAN, 8, CHITTORGARH, 86, NIMBAHERA, 1234, MARJEEVI, 36703, 1136197, Sanitation, 0, 0, 0, 0, 0, 0, 60000, 60000
2015, RAJASTHAN, 8, CHITTORGARH, 86, NIMBAHERA, 1234, MARJEEVI, 36703, 1136197, Total, 0, 0, 0, 0, 0, 0, 1325000, 1325000
2015, RAJASTHAN, 8, CHITTORGARH, 86, NIMBAHERA, 1234, MINDANA, 36704, 1136641, Drinking water, 0, 0, 0, 0, 0, 0, 710000, 710000
2015, RAJASTHAN, 8, CHITTORGARH, 86, NIMBAHERA, 1234, MINDANA, 36704, 1136641, Roads, 0, 0, 0, 0, 0, 0, 250000, 250000
2015, RAJASTHAN, 8, CHITTORGARH, 86, NIMBAHERA, 1234, MINDANA, 36704, 1136641, Rural electrification, 0, 0, 0, 0, 0, 0, 35000, 35000
2015, RAJASTHAN, 8, CHITTORGARH, 86, NIMBAHERA, 1234, MINDANA, 36704, 1136641, Sanitation, 0, 0, 0, 0, 0, 0, 150000, 150000
2015, RAJASTHAN, 8, CHITTORGARH, 86, NIMBAHERA, 1234, MINDANA, 36704, 1136641, Total, 0, 0, 0, 0, 0, 0, 1145000, 1145000
2015, RAJASTHAN, 8, CHITTORGARH, 86, NIMBAHERA, 1234, NIMBODA, 36705, 1135813, Drinking water, 0, 0, 0, 0, 0, 0, 380000, 380000
2015, RAJASTHAN, 8, CHITTORGARH, 86, NIMBAHERA, 1234, NIMBODA, 36705, 1135813, Roads, 0, 0, 0, 0, 0, 0, 850000, 850000
2015, RAJASTHAN, 8, CHITTORGARH, 86, NIMBAHERA, 1234, NIMBODA, 36705, 1135813, Total, 0, 0, 0, 0, 0, 0, 1230000, 1230000
2015, RAJASTHAN, 8, CHITTORGARH, 86, NIMBAHERA, 1234, PHACHAR AHEERAN, 36706, 1134256, Roads, 0, 0, 0, 0, 0, 0, 840000, 840000
2015, RAJASTHAN, 8, CHITTORGARH, 86, NIMBAHERA, 1234, PHACHAR AHEERAN, 36706, 1134256, Total, 0, 0, 0, 0, 0, 0, 840000, 840000
2015, RAJASTHAN, 8, CHITTORGARH, 86, NIMBAHERA, 1234, PHALWA, 36707, 1133446, Drinking water, 0, 0, 0, 0, 0, 0, 725000, 725000
2015, RAJASTHAN, 8, CHITTORGARH, 86, NIMBAHERA, 1234, PHALWA, 36707, 1133446, Roads, 0, 0, 0, 0, 0, 0, 1650000, 1650000
2015, RAJASTHAN, 8, CHITTORGARH, 86, NIMBAHERA, 1234, PHALWA, 36707, 1133446, Total, 0, 0, 0, 0, 0, 0, 2375000, 2375000
2015, RAJASTHAN, 8, CHITTORGARH, 86, NIMBAHERA, 1234, RANI KHERA, 36708, 1136092, Drinking water, 0, 0, 0, 0, 0, 0, 1150000, 1150000
2015, RAJASTHAN, 8, CHITTORGARH, 86, NIMBAHERA, 1234, RANI KHERA, 36708, 1136092, Roads, 0, 0, 0, 0, 0, 0, 1500000, 1500000
2015, RAJASTHAN, 8, CHITTORGARH, 86, NIMBAHERA, 1234, RANI KHERA, 36708, 1136092, Total, 0, 0, 0, 0, 0, 0, 2650000, 2650000
2015, RAJASTHAN, 8, CHITTORGARH, 86, NIMBAHERA, 1234, SARSI, 36709, 1137112, Drinking water, 0, 0, 0, 0, 0, 0, 765000, 765000
2015, RAJASTHAN, 8, CHITTORGARH, 86, NIMBAHERA, 1234, SARSI, 36709, 1137112, Sanitation, 0, 0, 0, 0, 0, 0, 100000, 100000
2015, RAJASTHAN, 8, CHITTORGARH, 86, NIMBAHERA, 1234, SARSI, 36709, 1137112, Total, 0, 0, 0, 0, 0, 0, 865000, 865000
2015, RAJASTHAN, 8, CHITTORGARH, 86, NIMBAHERA, 1234, SATKHANDA, 36710, 1135840, Drinking water, 0, 0, 0, 0, 0, 0, 685000, 685000
2015, RAJASTHAN, 8, CHITTORGARH, 86, NIMBAHERA, 1234, SATKHANDA, 36710, 1135840, Total, 0, 0, 0, 0, 0, 0, 685000, 685000
2015, RAJASTHAN, 8, CHITTORGARH, 86, NIMBAHERA, 1234, TAI, 36711, 1135504, Drinking water, 0, 0, 0, 0, 0, 0, 370000, 370000
2015, RAJASTHAN, 8, CHITTORGARH, 86, NIMBAHERA, 1234, TAI, 36711, 1135504, Roads, 0, 0, 0, 0, 0, 0, 100000, 100000
2015, RAJASTHAN, 8, CHITTORGARH, 86, NIMBAHERA, 1234, TAI, 36711, 1135504, Total, 0, 0, 0, 0, 0, 0, 470000, 470000
2015, RAJASTHAN, 8, CHITTORGARH, 86, NIMBAHERA, 1234, UKHALIYA, 36712, 1134025, Drinking water, 0, 0, 0, 0, 0, 0, 1266000, 1266000
2015, RAJASTHAN, 8, CHITTORGARH, 86, NIMBAHERA, 1234, UKHALIYA, 36712, 1134025, Sanitation, 0, 0, 0, 0, 0, 0, 100000, 100000
2015, RAJASTHAN, 8, CHITTORGARH, 86, NIMBAHERA, 1234, UKHALIYA, 36712, 1134025, Total, 0, 0, 0, 0, 0, 0, 1366000, 1366000
2015, RAJASTHAN, 8, CHITTORGARH, 86, RASHMI, 1236, ADANA, 36762, 1140465, Drinking water, 0, 0, 0, 0, 0, 0, 380000, 380000
2015, RAJASTHAN, 8, CHITTORGARH, 86, RASHMI, 1236, ADANA, 36762, 1140465, Total, 0, 0, 0, 0, 0, 0, 380000, 380000
2015, RAJASTHAN, 8, CHITTORGARH, 86, RASHMI, 1236, ARNI, 36763, 1140023, Drinking water, 0, 0, 0, 0, 0, 0, 365000, 365000
2015, RAJASTHAN, 8, CHITTORGARH, 86, RASHMI, 1236, ARNI, 36763, 1140023, Rural electrification, 0, 0, 0, 0, 0, 0, 100000, 100000
2015, RAJASTHAN, 8, CHITTORGARH, 86, RASHMI, 1236, ARNI, 36763, 1140023, Rural housing, 0, 0, 0, 0, 0, 0, 60000, 60000
2015, RAJASTHAN, 8, CHITTORGARH, 86, RASHMI, 1236, ARNI, 36763, 1140023, Total, 0, 0, 0, 0, 0, 0, 525000, 525000
2015, RAJASTHAN, 8, CHITTORGARH, 86, RASHMI, 1236, BAROO, 36764, 1140467, Drinking water, 0, 0, 0, 0, 0, 0, 1065000, 1065000
2015, RAJASTHAN, 8, CHITTORGARH, 86, RASHMI, 1236, BAROO, 36764, 1140467, Total, 0, 0, 0, 0, 0, 0, 1065000, 1065000
2015, RAJASTHAN, 8, CHITTORGARH, 86, RASHMI, 1236, BAWLAS, 36765, 1140005, Drinking water, 0, 0, 0, 0, 0, 0, 895000, 895000
2015, RAJASTHAN, 8, CHITTORGARH, 86, RASHMI, 1236, BAWLAS, 36765, 1140005, Total, 0, 0, 0, 0, 0, 0, 895000, 895000
2015, RAJASTHAN, 8, CHITTORGARH, 86, RASHMI, 1236, BHALOTAN KI KHERI, 36766, 1130653, Drinking water, 0, 0, 0, 0, 0, 0, 555000, 555000
2015, RAJASTHAN, 8, CHITTORGARH, 86, RASHMI, 1236, BHALOTAN KI KHERI, 36766, 1130653, Total, 0, 0, 0, 0, 0, 0, 555000, 555000
2015, RAJASTHAN, 8, CHITTORGARH, 86, RASHMI, 1236, BHEEMGARH, 36767, 1137039, Drinking water, 0, 0, 0, 0, 0, 0, 650000, 650000
2015, RAJASTHAN, 8, CHITTORGARH, 86, RASHMI, 1236, BHEEMGARH, 36767, 1137039, Total, 0, 0, 0, 0, 0, 0, 650000, 650000
2015, RAJASTHAN, 8, CHITTORGARH, 86, RASHMI, 1236, DINDOLI, 36768, 1133465, Roads, 0, 0, 0, 0, 0, 0, 120000, 120000
2015, RAJASTHAN, 8, CHITTORGARH, 86, RASHMI, 1236, DINDOLI, 36768, 1133465, Sanitation, 0, 0, 0, 0, 0, 0, 155000, 155000
2015, RAJASTHAN, 8, CHITTORGARH, 86, RASHMI, 1236, DINDOLI, 36768, 1133465, Total, 0, 0, 0, 0, 0, 0, 275000, 275000
2015, RAJASTHAN, 8, CHITTORGARH, 86, RASHMI, 1236, HARNATHPURA, 36769, 1139794, Drinking water, 0, 0, 0, 0, 0, 0, 90000, 90000
2015, RAJASTHAN, 8, CHITTORGARH, 86, RASHMI, 1236, HARNATHPURA, 36769, 1139794, Public distribution system, 0, 0, 0, 0, 0, 0, 55000, 55000
2015, RAJASTHAN, 8, CHITTORGARH, 86, RASHMI, 1236, HARNATHPURA, 36769, 1139794, Roads, 0, 0, 0, 0, 0, 0, 50000, 50000
2015, RAJASTHAN, 8, CHITTORGARH, 86, RASHMI, 1236, HARNATHPURA, 36769, 1139794, Social forestry and farm forestry, 0, 0, 0, 0, 0, 0, 95000, 95000
2015, RAJASTHAN, 8, CHITTORGARH, 86, RASHMI, 1236, HARNATHPURA, 36769, 1139794, Total, 0, 0, 0, 0, 0, 0, 290000, 290000
2015, RAJASTHAN, 8, CHITTORGARH, 86, RASHMI, 1236, JADANA, 36770, 1140470, Drinking water, 0, 0, 0, 0, 0, 0, 1640000, 1640000
2015, RAJASTHAN, 8, CHITTORGARH, 86, RASHMI, 1236, JADANA, 36770, 1140470, Total, 0, 0, 0, 0, 0, 0, 1640000, 1640000
2015, RAJASTHAN, 8, CHITTORGARH, 86, RASHMI, 1236, LASADIYA KALAN, 36771, 1137103, Drinking water, 0, 0, 0, 0, 0, 0, 590000, 590000
2015, RAJASTHAN, 8, CHITTORGARH, 86, RASHMI, 1236, LASADIYA KALAN, 36771, 1137103, Total, 0, 0, 0, 0, 0, 0, 590000, 590000
2015, RAJASTHAN, 8, CHITTORGARH, 86, RASHMI, 1236, MARMI, 36772, 1139142, Roads, 0, 0, 0, 0, 0, 0, 575000, 575000
2015, RAJASTHAN, 8, CHITTORGARH, 86, RASHMI, 1236, MARMI, 36772, 1139142, Social welfare, 0, 0, 0, 0, 0, 0, 130000, 130000
2015, RAJASTHAN, 8, CHITTORGARH, 86, RASHMI, 1236, MARMI, 36772, 1139142, Total, 0, 0, 0, 0, 0, 0, 705000, 705000
2015, RAJASTHAN, 8, CHITTORGARH, 86, RASHMI, 1236, NEWARIYA, 36773, 1139751, Drinking water, 0, 0, 0, 0, 0, 0, 320000, 320000
2015, RAJASTHAN, 8, CHITTORGARH, 86, RASHMI, 1236, NEWARIYA, 36773, 1139751, Total, 0, 0, 0, 0, 0, 0, 320000, 320000
2015, RAJASTHAN, 8, CHITTORGARH, 86, RASHMI, 1236, PAHOONA, 36774, 1139782, Drinking water, 0, 0, 0, 0, 0, 0, 1855000, 1855000
2015, RAJASTHAN, 8, CHITTORGARH, 86, RASHMI, 1236, PAHOONA, 36774, 1139782, Total, 0, 0, 0, 0, 0, 0, 1855000, 1855000
2015, RAJASTHAN, 8, CHITTORGARH, 86, RASHMI, 1236, PAVLI, 36775, 1140136, Drinking water, 0, 0, 0, 0, 0, 0, 600000, 600000
2015, RAJASTHAN, 8, CHITTORGARH, 86, RASHMI, 1236, PAVLI, 36775, 1140136, Total, 0, 0, 0, 0, 0, 0, 600000, 600000
2015, RAJASTHAN, 8, CHITTORGARH, 86, RASHMI, 1236, RASHMI, 36776, 1140459, Drinking water, 0, 0, 0, 0, 0, 0, 1370000, 1370000
2015, RAJASTHAN, 8, CHITTORGARH, 86, RASHMI, 1236, RASHMI, 36776, 1140459, Total, 0, 0, 0, 0, 0, 0, 1370000, 1370000
2015, RAJASTHAN, 8, CHITTORGARH, 86, RASHMI, 1236, REWARA, 36777, 1140131, Drinking water, 0, 0, 0, 0, 0, 0, 735000, 735000
2015, RAJASTHAN, 8, CHITTORGARH, 86, RASHMI, 1236, REWARA, 36777, 1140131, Total, 0, 0, 0, 0, 0, 0, 735000, 735000
2015, RAJASTHAN, 8, CHITTORGARH, 86, RASHMI, 1236, ROOD, 36778, 1137019, Drinking water, 0, 0, 0, 0, 0, 0, 31000, 31000
2015, RAJASTHAN, 8, CHITTORGARH, 86, RASHMI, 1236, ROOD, 36778, 1137019, Total, 0, 0, 0, 0, 0, 0, 31000, 31000
2015, RAJASTHAN, 8, CHITTORGARH, 86, RASHMI, 1236, SANKHLI, 36779, 1133473, Drinking water, 0, 0, 0, 0, 0, 0, 307000, 307000
2015, RAJASTHAN, 8, CHITTORGARH, 86, RASHMI, 1236, SANKHLI, 36779, 1133473, Land improvement, 0, 0, 0, 0, 0, 0, 375000, 375000
2015, RAJASTHAN, 8, CHITTORGARH, 86, RASHMI, 1236, SANKHLI, 36779, 1133473, Total, 0, 0, 0, 0, 0, 0, 682000, 682000
2015, RAJASTHAN, 8, CHITTORGARH, 86, RASHMI, 1236, SIHANA, 36780, 1140291, Drinking water, 0, 0, 0, 0, 0, 0, 1035000, 1035000
2015, RAJASTHAN, 8, CHITTORGARH, 86, RASHMI, 1236, SIHANA, 36780, 1140291, Total, 0, 0, 0, 0, 0, 0, 1035000, 1035000
2015, RAJASTHAN, 8, CHITTORGARH, 86, RASHMI, 1236, SOMARWALON KA KHERA, 36781, 1137066, Drinking water, 0, 0, 0, 0, 0, 0, 430000, 430000
2015, RAJASTHAN, 8, CHITTORGARH, 86, RASHMI, 1236, SOMARWALON KA KHERA, 36781, 1137066, Total, 0, 0, 0, 0, 0, 0, 430000, 430000
2015, RAJASTHAN, 8, CHITTORGARH, 86, RASHMI, 1236, SOMI, 36782, 1137034, Drinking water, 0, 0, 0, 0, 0, 0, 1160000, 1160000
2015, RAJASTHAN, 8, CHITTORGARH, 86, RASHMI, 1236, SOMI, 36782, 1137034, Total, 0, 0, 0, 0, 0, 0, 1160000, 1160000
2015, RAJASTHAN, 8, CHITTORGARH, 86, RASHMI, 1236, UNCHA, 36783, 1140204, Drinking water, 0, 0, 0, 0, 0, 0, 100000, 100000
2015, RAJASTHAN, 8, CHITTORGARH, 86, RASHMI, 1236, UNCHA, 36783, 1140204, Total, 0, 0, 0, 0, 0, 0, 100000, 100000
2015, RAJASTHAN, 8, CHITTORGARH, 86, RASHMI, 1236, UPREDA, 36784, 1140027, Drinking water, 0, 0, 0, 0, 0, 0, 800000, 800000
2015, RAJASTHAN, 8, CHITTORGARH, 86, RASHMI, 1236, UPREDA, 36784, 1140027, Total, 0, 0, 0, 0, 0, 0, 800000, 800000
2015, RAJASTHAN, 8, CHURU, 87, Bidasar, 262145, AMARSAR, 36956, 1150151, Roads, 0, 0, 0, 0, 0, 0, 3220185, 3220185
2015, RAJASTHAN, 8, CHURU, 87, Bidasar, 262145, AMARSAR, 36956, 1150151, Total, 0, 0, 0, 0, 0, 0, 3220185, 3220185
2015, RAJASTHAN, 8, CHURU, 87, Bidasar, 262145, BADHSAR, 36958, 1149844, Drinking water, 0, 0, 0, 0, 0, 0, 1725617, 1725617
2015, RAJASTHAN, 8, CHURU, 87, Bidasar, 262145, BADHSAR, 36958, 1149844, Roads, 0, 0, 0, 0, 0, 0, 1439008, 1439008
2015, RAJASTHAN, 8, CHURU, 87, Bidasar, 262145, BADHSAR, 36958, 1149844, Sanitation, 0, 0, 0, 0, 0, 0, 82641, 82641
2015, RAJASTHAN, 8, CHURU, 87, Bidasar, 262145, BADHSAR, 36958, 1149844, Total, 0, 0, 0, 0, 0, 0, 3247266, 3247266
2015, RAJASTHAN, 8, CHURU, 87, Bidasar, 262145, BALERA, 36960, 1161802, Drinking water, 0, 0, 0, 0, 0, 0, 100000, 100000
2015, RAJASTHAN, 8, CHURU, 87, Bidasar, 262145, BALERA, 36960, 1161802, Maintenance of community system, 0, 0, 0, 0, 0, 0, 650000, 650000
2015, RAJASTHAN, 8, CHURU, 87, Bidasar, 262145, BALERA, 36960, 1161802, Roads, 0, 0, 0, 0, 0, 0, 2963652, 2963652
2015, RAJASTHAN, 8, CHURU, 87, Bidasar, 262145, BALERA, 36960, 1161802, Total, 0, 0, 0, 0, 0, 0, 3713652, 3713652
2015, RAJASTHAN, 8, CHURU, 87, Bidasar, 262145, BAMBOO, 36961, 1152688, Drinking water, 0, 0, 0, 0, 0, 0, 2773350, 2773350
2015, RAJASTHAN, 8, CHURU, 87, Bidasar, 262145, BAMBOO, 36961, 1152688, Roads, 0, 0, 0, 0, 0, 0, 2719198, 2719198
2015, RAJASTHAN, 8, CHURU, 87, Bidasar, 262145, BAMBOO, 36961, 1152688, Total, 0, 0, 0, 0, 0, 0, 5492548, 5492548
2015, RAJASTHAN, 8, CHURU, 87, Bidasar, 262145, CHADWAS, 36966, 1161914, Drinking water, 0, 0, 0, 0, 0, 0, 312314, 312314
2015, RAJASTHAN, 8, CHURU, 87, Bidasar, 262145, CHADWAS, 36966, 1161914, Roads, 0, 0, 0, 0, 0, 0, 3867127, 3867127
2015, RAJASTHAN, 8, CHURU, 87, Bidasar, 262145, CHADWAS, 36966, 1161914, Total, 0, 0, 0, 0, 0, 0, 4179441, 4179441
2015, RAJASTHAN, 8, CHURU, 87, Bidasar, 262145, DHADHERU BHAGWAN, 36968, 1159069, Roads, 0, 0, 0, 0, 0, 0, 4760771, 4760771
2015, RAJASTHAN, 8, CHURU, 87, Bidasar, 262145, DHADHERU BHAGWAN, 36968, 1159069, Total, 0, 0, 0, 0, 0, 0, 4760771, 4760771
2015, RAJASTHAN, 8, CHURU, 87, Bidasar, 262145, DHANI KALERA, 36969, 1159232, Drinking water, 0, 0, 0, 0, 0, 0, 162585, 162585
2015, RAJASTHAN, 8, CHURU, 87, Bidasar, 262145, DHANI KALERA, 36969, 1159232, Health, 0, 0, 0, 0, 0, 0, 2025545, 2025545
2015, RAJASTHAN, 8, CHURU, 87, Bidasar, 262145, DHANI KALERA, 36969, 1159232, Roads, 0, 0, 0, 0, 0, 0, 1989000, 1989000
2015, RAJASTHAN, 8, CHURU, 87, Bidasar, 262145, DHANI KALERA, 36969, 1159232, Sanitation, 0, 0, 0, 0, 0, 0, 234000, 234000
2015, RAJASTHAN, 8, CHURU, 87, Bidasar, 262145, DHANI KALERA, 36969, 1159232, Total, 0, 0, 0, 0, 0, 0, 4411130, 4411130
2015, RAJASTHAN, 8, CHURU, 87, Bidasar, 262145, DUNKAR, 36970, 1131683, Public distribution system, 0, 0, 0, 0, 0, 0, 1850000, 1850000
2015, RAJASTHAN, 8, CHURU, 87, Bidasar, 262145, DUNKAR, 36970, 1131683, Roads, 0, 0, 0, 0, 0, 0, 2718544, 2718544
2015, RAJASTHAN, 8, CHURU, 87, Bidasar, 262145, DUNKAR, 36970, 1131683, Sanitation, 0, 0, 0, 0, 0, 0, 738653, 738653
2015, RAJASTHAN, 8, CHURU, 87, Bidasar, 262145, DUNKAR, 36970, 1131683, Total, 0, 0, 0, 0, 0, 0, 5307197, 5307197
2015, RAJASTHAN, 8, CHURU, 87, Bidasar, 262145, GEWARSAR, 36972, 1156222, Drinking water, 0, 0, 0, 0, 0, 0, 1362401, 1362401
2015, RAJASTHAN, 8, CHURU, 87, Bidasar, 262145, GEWARSAR, 36972, 1156222, Health, 0, 0, 0, 0, 0, 0, 300000, 300000
2015, RAJASTHAN, 8, CHURU, 87, Bidasar, 262145, GEWARSAR, 36972, 1156222, Maintenance of community system, 0, 0, 0, 0, 0, 0, 906140, 906140
2015, RAJASTHAN, 8, CHURU, 87, Bidasar, 262145, GEWARSAR, 36972, 1156222, Roads, 0, 0, 0, 0, 0, 0, 1383491, 1383491
2015, RAJASTHAN, 8, CHURU, 87, Bidasar, 262145, GEWARSAR, 36972, 1156222, Sanitation, 0, 0, 0, 0, 0, 0, 150000, 150000
2015, RAJASTHAN, 8, CHURU, 87, Bidasar, 262145, GEWARSAR, 36972, 1156222, Total, 0, 0, 0, 0, 0, 0, 4177032, 4177032
2015, RAJASTHAN, 8, CHURU, 87, Bidasar, 262145, GEWARSAR, 36972, 1156222, Welfare of the weaker sections, 0, 0, 0, 0, 0, 0, 75000, 75000
2015, RAJASTHAN, 8, CHURU, 87, Bidasar, 262145, GHANTIYAL BARI, 36971, 1156880, Drinking water, 0, 0, 0, 0, 0, 0, 2055926, 2055926
2015, RAJASTHAN, 8, CHURU, 87, Bidasar, 262145, GHANTIYAL BARI, 36971, 1156880, Roads, 0, 0, 0, 0, 0, 0, 1841792, 1841792
2015, RAJASTHAN, 8, CHURU, 87, Bidasar, 262145, GHANTIYAL BARI, 36971, 1156880, Sanitation, 0, 0, 0, 0, 0, 0, 136691, 136691
2015, RAJASTHAN, 8, CHURU, 87, Bidasar, 262145, GHANTIYAL BARI, 36971, 1156880, Total, 0, 0, 0, 0, 0, 0, 4034409, 4034409
2015, RAJASTHAN, 8, CHURU, 87, Bidasar, 262145, IYARA, 36977, 1160524, Drinking water, 0, 0, 0, 0, 0, 0, 1698046, 1698046
2015, RAJASTHAN, 8, CHURU, 87, Bidasar, 262145, IYARA, 36977, 1160524, Maintenance of community system, 0, 0, 0, 0, 0, 0, 215606, 215606
2015, RAJASTHAN, 8, CHURU, 87, Bidasar, 262145, IYARA, 36977, 1160524, Roads, 0, 0, 0, 0, 0, 0, 1800000, 1800000
2015, RAJASTHAN, 8, CHURU, 87, Bidasar, 262145, IYARA, 36977, 1160524, Total, 0, 0, 0, 0, 0, 0, 3713652, 3713652
2015, RAJASTHAN, 8, CHURU, 87, Bidasar, 262145, JOGALSAR, 36980, 1161921, Drinking water, 0, 0, 0, 0, 0, 0, 1320864, 1320864
2015, RAJASTHAN, 8, CHURU, 87, Bidasar, 262145, JOGALSAR, 36980, 1161921, Roads, 0, 0, 0, 0, 0, 0, 1939726, 1939726
2015, RAJASTHAN, 8, CHURU, 87, Bidasar, 262145, JOGALSAR, 36980, 1161921, Sanitation, 0, 0, 0, 0, 0, 0, 64307, 64307
2015, RAJASTHAN, 8, CHURU, 87, Bidasar, 262145, JOGALSAR, 36980, 1161921, Total, 0, 0, 0, 0, 0, 0, 3324897, 3324897
2015, RAJASTHAN, 8, CHURU, 87, Bidasar, 262145, KALYANSAR, 36982, 1164326, Roads, 0, 0, 0, 0, 0, 0, 4286559, 4286559
2015, RAJASTHAN, 8, CHURU, 87, Bidasar, 262145, KALYANSAR, 36982, 1164326, Total, 0, 0, 0, 0, 0, 0, 4286559, 4286559
2015, RAJASTHAN, 8, CHURU, 87, Bidasar, 262145, KATAR CHHOTI, 36984, 1159087, Health, 0, 0, 0, 0, 0, 0, 651287, 651287
2015, RAJASTHAN, 8, CHURU, 87, Bidasar, 262145, KATAR CHHOTI, 36984, 1159087, Roads, 0, 0, 0, 0, 0, 0, 3063570, 3063570
2015, RAJASTHAN, 8, CHURU, 87, Bidasar, 262145, KATAR CHHOTI, 36984, 1159087, Total, 0, 0, 0, 0, 0, 0, 3714857, 3714857
2015, RAJASTHAN, 8, CHURU, 87, Bidasar, 262145, LALGARH, 36987, 1131712, Public distribution system, 0, 0, 0, 0, 0, 0, 1605323, 1605323
2015, RAJASTHAN, 8, CHURU, 87, Bidasar, 262145, LALGARH, 36987, 1131712, Roads, 0, 0, 0, 0, 0, 0, 1685873, 1685873
2015, RAJASTHAN, 8, CHURU, 87, Bidasar, 262145, LALGARH, 36987, 1131712, Total, 0, 0, 0, 0, 0, 0, 3291196, 3291196
2015, RAJASTHAN, 8, CHURU, 87, Bidasar, 262145, LUHARA, 36989, 1164602, Drinking water, 0, 0, 0, 0, 0, 0, 1903504, 1903504
2015, RAJASTHAN, 8, CHURU, 87, Bidasar, 262145, LUHARA, 36989, 1164602, Roads, 0, 0, 0, 0, 0, 0, 1812557, 1812557
2015, RAJASTHAN, 8, CHURU, 87, Bidasar, 262145, LUHARA, 36989, 1164602, Total, 0, 0, 0, 0, 0, 0, 3716061, 3716061
2015, RAJASTHAN, 8, CHURU, 87, Bidasar, 262145, PAREWARA, 36995, 1161905, Drinking water, 0, 0, 0, 0, 0, 0, 704000, 704000
2015, RAJASTHAN, 8, CHURU, 87, Bidasar, 262145, PAREWARA, 36995, 1161905, Roads, 0, 0, 0, 0, 0, 0, 3325827, 3325827
2015, RAJASTHAN, 8, CHURU, 87, Bidasar, 262145, PAREWARA, 36995, 1161905, Sanitation, 0, 0, 0, 0, 0, 0, 78000, 78000
2015, RAJASTHAN, 8, CHURU, 87, Bidasar, 262145, PAREWARA, 36995, 1161905, Total, 0, 0, 0, 0, 0, 0, 4107827, 4107827
2015, RAJASTHAN, 8, CHURU, 87, Bidasar, 262145, SADOO CHHOTI, 36998, 1152733, Drinking water, 0, 0, 0, 0, 0, 0, 821559, 821559
2015, RAJASTHAN, 8, CHURU, 87, Bidasar, 262145, SADOO CHHOTI, 36998, 1152733, Roads, 0, 0, 0, 0, 0, 0, 2512364, 2512364
2015, RAJASTHAN, 8, CHURU, 87, Bidasar, 262145, SADOO CHHOTI, 36998, 1152733, Total, 0, 0, 0, 0, 0, 0, 3333923, 3333923
2015, RAJASTHAN, 8, CHURU, 87, Bidasar, 262145, SANDWA, 37000, 1160264, Drinking water, 0, 0, 0, 0, 0, 0, 1819734, 1819734
2015, RAJASTHAN, 8, CHURU, 87, Bidasar, 262145, SANDWA, 37000, 1160264, Maintenance of community system, 0, 0, 0, 0, 0, 0, 74330, 74330
2015, RAJASTHAN, 8, CHURU, 87, Bidasar, 262145, SANDWA, 37000, 1160264, Roads, 0, 0, 0, 0, 0, 0, 5000171, 5000171
2015, RAJASTHAN, 8, CHURU, 87, Bidasar, 262145, SANDWA, 37000, 1160264, Sanitation, 0, 0, 0, 0, 0, 0, 12522, 12522
2015, RAJASTHAN, 8, CHURU, 87, Bidasar, 262145, SANDWA, 37000, 1160264, Total, 0, 0, 0, 0, 0, 0, 6906757, 6906757
2015, RAJASTHAN, 8, CHURU, 87, Bidasar, 262145, TEN DESAR, 37003, 1131710, Drinking water, 0, 0, 0, 0, 0, 0, 2382668, 2382668
2015, RAJASTHAN, 8, CHURU, 87, Bidasar, 262145, TEN DESAR, 37003, 1131710, Roads, 0, 0, 0, 0, 0, 0, 1000000, 1000000
2015, RAJASTHAN, 8, CHURU, 87, Bidasar, 262145, TEN DESAR, 37003, 1131710, Total, 0, 0, 0, 0, 0, 0, 3382668, 3382668
2015, RAJASTHAN, 8, CHURU, 87, Bidasar, 262145, UDWALA, 37004, 1164407, Roads, 0, 0, 0, 0, 0, 0, 3981450, 3981450
2015, RAJASTHAN, 8, CHURU, 87, Bidasar, 262145, UDWALA, 37004, 1164407, Total, 0, 0, 0, 0, 0, 0, 3981450, 3981450
2015, RAJASTHAN, 8, CHURU, 87, Bidasar, 262145, UNTALAD, 37005, 1161927, Drinking water, 0, 0, 0, 0, 0, 0, 927000, 927000
2015, RAJASTHAN, 8, CHURU, 87, Bidasar, 262145, UNTALAD, 37005, 1161927, Roads, 0, 0, 0, 0, 0, 0, 3531069, 3531069
2015, RAJASTHAN, 8, CHURU, 87, Bidasar, 262145, UNTALAD, 37005, 1161927, Total, 0, 0, 0, 0, 0, 0, 4458069, 4458069
2015, RAJASTHAN, 8, CHURU, 87, CHURU, 1237, ASAL KHERI, 36785, 1142178, Roads, 0, 0, 0, 0, 0, 0, 1959626, 1959626
2015, RAJASTHAN, 8, CHURU, 87, CHURU, 1237, ASAL KHERI, 36785, 1142178, Social welfare, 0, 0, 0, 0, 0, 0, 707913, 707913
2015, RAJASTHAN, 8, CHURU, 87, CHURU, 1237, ASAL KHERI, 36785, 1142178, Total, 0, 0, 0, 0, 0, 0, 2667539, 2667539
2015, RAJASTHAN, 8, CHURU, 87, CHURU, 1237, BALRASAR ATHOONA, 36786, 1140878, Roads, 0, 0, 0, 0, 0, 0, 1956070, 1956070
2015, RAJASTHAN, 8, CHURU, 87, CHURU, 1237, BALRASAR ATHOONA, 36786, 1140878, Total, 0, 0, 0, 0, 0, 0, 1956070, 1956070
2015, RAJASTHAN, 8, CHURU, 87, CHURU, 1237, BEENASAR, 36788, 1142267, Drinking water, 0, 0, 0, 0, 0, 0, 847985, 847985
2015, RAJASTHAN, 8, CHURU, 87, CHURU, 1237, BEENASAR, 36788, 1142267, Roads, 0, 0, 0, 0, 0, 0, 1720477, 1720477
2015, RAJASTHAN, 8, CHURU, 87, CHURU, 1237, BEENASAR, 36788, 1142267, Total, 0, 0, 0, 0, 0, 0, 2568462, 2568462
2015, RAJASTHAN, 8, CHURU, 87, CHURU, 1237, BHAMASI, 36787, 1142388, Roads, 0, 0, 0, 0, 0, 0, 1882983, 1882983
2015, RAJASTHAN, 8, CHURU, 87, CHURU, 1237, BHAMASI, 36787, 1142388, Sanitation, 0, 0, 0, 0, 0, 0, 200000, 200000
2015, RAJASTHAN, 8, CHURU, 87, CHURU, 1237, BHAMASI, 36787, 1142388, Total, 0, 0, 0, 0, 0, 0, 2082983, 2082983
2015, RAJASTHAN, 8, CHURU, 87, CHURU, 1237, BOONTIYA, 36789, 1140900, Education, 0, 0, 0, 0, 0, 0, 764186, 764186
2015, RAJASTHAN, 8, CHURU, 87, CHURU, 1237, BOONTIYA, 36789, 1140900, Roads, 0, 0, 0, 0, 0, 0, 821447, 821447
2015, RAJASTHAN, 8, CHURU, 87, CHURU, 1237, BOONTIYA, 36789, 1140900, Rural electrification, 0, 0, 0, 0, 0, 0, 500000, 500000
2015, RAJASTHAN, 8, CHURU, 87, CHURU, 1237, BOONTIYA, 36789, 1140900, Sanitation, 0, 0, 0, 0, 0, 0, 100000, 100000
2015, RAJASTHAN, 8, CHURU, 87, CHURU, 1237, BOONTIYA, 36789, 1140900, Total, 0, 0, 0, 0, 0, 0, 2185633, 2185633
2015, RAJASTHAN, 8, CHURU, 87, CHURU, 1237, CHALKOI BANEEROTAN, 36790, 1142408, Drinking water, 0, 0, 0, 0, 0, 0, 660000, 660000
2015, RAJASTHAN, 8, CHURU, 87, CHURU, 1237, CHALKOI BANEEROTAN, 36790, 1142408, Roads, 0, 0, 0, 0, 0, 0, 1357701, 1357701
2015, RAJASTHAN, 8, CHURU, 87, CHURU, 1237, CHALKOI BANEEROTAN, 36790, 1142408, Sanitation, 0, 0, 0, 0, 0, 0, 70000, 70000
2015, RAJASTHAN, 8, CHURU, 87, CHURU, 1237, CHALKOI BANEEROTAN, 36790, 1142408, Total, 0, 0, 0, 0, 0, 0, 2087701, 2087701
2015, RAJASTHAN, 8, CHURU, 87, CHURU, 1237, DEPALSAR, 36791, 1142402, Roads, 0, 0, 0, 0, 0, 0, 1317463, 1317463
2015, RAJASTHAN, 8, CHURU, 87, CHURU, 1237, DEPALSAR, 36791, 1142402, Sanitation, 0, 0, 0, 0, 0, 0, 960844, 960844
2015, RAJASTHAN, 8, CHURU, 87, CHURU, 1237, DEPALSAR, 36791, 1142402, Total, 0, 0, 0, 0, 0, 0, 2278307, 2278307
2015, RAJASTHAN, 8, CHURU, 87, CHURU, 1237, DHADHAR, 36792, 1142262, Drinking water, 0, 0, 0, 0, 0, 0, 650798, 650798
2015, RAJASTHAN, 8, CHURU, 87, CHURU, 1237, DHADHAR, 36792, 1142262, Roads, 0, 0, 0, 0, 0, 0, 2166939, 2166939
2015, RAJASTHAN, 8, CHURU, 87, CHURU, 1237, DHADHAR, 36792, 1142262, Sanitation, 0, 0, 0, 0, 0, 0, 800000, 800000
2015, RAJASTHAN, 8, CHURU, 87, CHURU, 1237, DHADHAR, 36792, 1142262, Total, 0, 0, 0, 0, 0, 0, 3617737, 3617737
2015, RAJASTHAN, 8, CHURU, 87, CHURU, 1237, DHADHARIYA BANEEROTAN, 36793, 1142250, Roads, 0, 0, 0, 0, 0, 0, 1980142, 1980142
2015, RAJASTHAN, 8, CHURU, 87, CHURU, 1237, DHADHARIYA BANEEROTAN, 36793, 1142250, Sanitation, 0, 0, 0, 0, 0, 0, 50000, 50000
2015, RAJASTHAN, 8, CHURU, 87, CHURU, 1237, DHADHARIYA BANEEROTAN, 36793, 1142250, Total, 0, 0, 0, 0, 0, 0, 2030142, 2030142
2015, RAJASTHAN, 8, CHURU, 87, CHURU, 1237, DUDHWA KHARA, 36794, 1142406, Drinking water, 0, 0, 0, 0, 0, 0, 400000, 400000
2015, RAJASTHAN, 8, CHURU, 87, CHURU, 1237, DUDHWA KHARA, 36794, 1142406, Education, 0, 0, 0, 0, 0, 0, 931636, 931636
2015, RAJASTHAN, 8, CHURU, 87, CHURU, 1237, DUDHWA KHARA, 36794, 1142406, Roads, 0, 0, 0, 0, 0, 0, 800000, 800000
2015, RAJASTHAN, 8, CHURU, 87, CHURU, 1237, DUDHWA KHARA, 36794, 1142406, Sanitation, 0, 0, 0, 0, 0, 0, 500000, 500000
2015, RAJASTHAN, 8, CHURU, 87, CHURU, 1237, DUDHWA KHARA, 36794, 1142406, Total, 0, 0, 0, 0, 0, 0, 2944012, 2944012
2015, RAJASTHAN, 8, CHURU, 87, CHURU, 1237, DUDHWA KHARA, 36794, 1142406, Women and child development, 0, 0, 0, 0, 0, 0, 312376, 312376
2015, RAJASTHAN, 8, CHURU, 87, CHURU, 1237, GHANGHOO, 36796, 1142190, Roads, 0, 0, 0, 0, 0, 0, 609910, 609910
2015, RAJASTHAN, 8, CHURU, 87, CHURU, 1237, GHANGHOO, 36796, 1142190, Sanitation, 0, 0, 0, 0, 0, 0, 2613406, 2613406
2015, RAJASTHAN, 8, CHURU, 87, CHURU, 1237, GHANGHOO, 36796, 1142190, Total, 0, 0, 0, 0, 0, 0, 3223316, 3223316
2015, RAJASTHAN, 8, CHURU, 87, CHURU, 1237, GHANTEL, 36797, 1142186, Drinking water, 0, 0, 0, 0, 0, 0, 1000000, 1000000
2015, RAJASTHAN, 8, CHURU, 87, CHURU, 1237, GHANTEL, 36797, 1142186, Roads, 0, 0, 0, 0, 0, 0, 1488256, 1488256
2015, RAJASTHAN, 8, CHURU, 87, CHURU, 1237, GHANTEL, 36797, 1142186, Total, 0, 0, 0, 0, 0, 0, 2488256, 2488256
2015, RAJASTHAN, 8, CHURU, 87, CHURU, 1237, INDRAPURA, 36798, 1142264, Roads, 0, 0, 0, 0, 0, 0, 1807925, 1807925
2015, RAJASTHAN, 8, CHURU, 87, CHURU, 1237, INDRAPURA, 36798, 1142264, Total, 0, 0, 0, 0, 0, 0, 1807925, 1807925
2015, RAJASTHAN, 8, CHURU, 87, CHURU, 1237, JASASAR, 36799, 1140915, Drinking water, 0, 0, 0, 0, 0, 0, 420000, 420000
2015, RAJASTHAN, 8, CHURU, 87, CHURU, 1237, JASASAR, 36799, 1140915, Education, 0, 0, 0, 0, 0, 0, 400000, 400000
2015, RAJASTHAN, 8, CHURU, 87, CHURU, 1237, JASASAR, 36799, 1140915, Roads, 0, 0, 0, 0, 0, 0, 328064, 328064
2015, RAJASTHAN, 8, CHURU, 87, CHURU, 1237, JASASAR, 36799, 1140915, Sanitation, 0, 0, 0, 0, 0, 0, 1437466, 1437466
2015, RAJASTHAN, 8, CHURU, 87, CHURU, 1237, JASASAR, 36799, 1140915, Social welfare, 0, 0, 0, 0, 0, 0, 400000, 400000
2015, RAJASTHAN, 8, CHURU, 87, CHURU, 1237, JASASAR, 36799, 1140915, Total, 0, 0, 0, 0, 0, 0, 2985530, 2985530
2015, RAJASTHAN, 8, CHURU, 87, CHURU, 1237, JASRASAR, 36795, 1142410, Drinking water, 0, 0, 0, 0, 0, 0, 250000, 250000
2015, RAJASTHAN, 8, CHURU, 87, CHURU, 1237, JASRASAR, 36795, 1142410, Roads, 0, 0, 0, 0, 0, 0, 691313, 691313
2015, RAJASTHAN, 8, CHURU, 87, CHURU, 1237, JASRASAR, 36795, 1142410, Sanitation, 0, 0, 0, 0, 0, 0, 888315, 888315
2015, RAJASTHAN, 8, CHURU, 87, CHURU, 1237, JASRASAR, 36795, 1142410, Total, 0, 0, 0, 0, 0, 0, 1829628, 1829628
2015, RAJASTHAN, 8, CHURU, 87, CHURU, 1237, JHARIYA, 36800, 1142179, Drinking water, 0, 0, 0, 0, 0, 0, 1878014, 1878014
2015, RAJASTHAN, 8, CHURU, 87, CHURU, 1237, JHARIYA, 36800, 1142179, Roads, 0, 0, 0, 0, 0, 0, 1140542, 1140542
2015, RAJASTHAN, 8, CHURU, 87, CHURU, 1237, JHARIYA, 36800, 1142179, Total, 0, 0, 0, 0, 0, 0, 3018556, 3018556
2015, RAJASTHAN, 8, CHURU, 87, CHURU, 1237, JORI, 36801, 1140941, Drinking water, 0, 0, 0, 0, 0, 0, 750000, 750000
2015, RAJASTHAN, 8, CHURU, 87, CHURU, 1237, JORI, 36801, 1140941, Roads, 0, 0, 0, 0, 0, 0, 1165967, 1165967
2015, RAJASTHAN, 8, CHURU, 87, CHURU, 1237, JORI, 36801, 1140941, Total, 0, 0, 0, 0, 0, 0, 1915967, 1915967
2015, RAJASTHAN, 8, CHURU, 87, CHURU, 1237, KARWASAR, 36802, 1142271, Roads, 0, 0, 0, 0, 0, 0, 1703333, 1703333
2015, RAJASTHAN, 8, CHURU, 87, CHURU, 1237, KARWASAR, 36802, 1142271, Sanitation, 0, 0, 0, 0, 0, 0, 700000, 700000
2015, RAJASTHAN, 8, CHURU, 87, CHURU, 1237, KARWASAR, 36802, 1142271, Total, 0, 0, 0, 0, 0, 0, 2403333, 2403333
2015, RAJASTHAN, 8, CHURU, 87, CHURU, 1237, KHANDWA PATTA CHURU, 36803, 1142244, Drinking water, 0, 0, 0, 0, 0, 0, 744000, 744000
2015, RAJASTHAN, 8, CHURU, 87, CHURU, 1237, KHANDWA PATTA CHURU, 36803, 1142244, Roads, 0, 0, 0, 0, 0, 0, 1649916, 1649916
2015, RAJASTHAN, 8, CHURU, 87, CHURU, 1237, KHANDWA PATTA CHURU, 36803, 1142244, Total, 0, 0, 0, 0, 0, 0, 2393916, 2393916
2015, RAJASTHAN, 8, CHURU, 87, CHURU, 1237, KHANSOLI, 36804, 1142248, Roads, 0, 0, 0, 0, 0, 0, 600000, 600000
2015, RAJASTHAN, 8, CHURU, 87, CHURU, 1237, KHANSOLI, 36804, 1142248, Sanitation, 0, 0, 0, 0, 0, 0, 1841702, 1841702
2015, RAJASTHAN, 8, CHURU, 87, CHURU, 1237, KHANSOLI, 36804, 1142248, Total, 0, 0, 0, 0, 0, 0, 2441702, 2441702
2015, RAJASTHAN, 8, CHURU, 87, CHURU, 1237, KHEENWASAR, 36805, 1142245, Roads, 0, 0, 0, 0, 0, 0, 1633014, 1633014
2015, RAJASTHAN, 8, CHURU, 87, CHURU, 1237, KHEENWASAR, 36805, 1142245, Sanitation, 0, 0, 0, 0, 0, 0, 600000, 600000
2015, RAJASTHAN, 8, CHURU, 87, CHURU, 1237, KHEENWASAR, 36805, 1142245, Total, 0, 0, 0, 0, 0, 0, 2233014, 2233014
2015, RAJASTHAN, 8, CHURU, 87, CHURU, 1237, KOTWAD TAL, 36806, 1142268, Drinking water, 0, 0, 0, 0, 0, 0, 346052, 346052
2015, RAJASTHAN, 8, CHURU, 87, CHURU, 1237, KOTWAD TAL, 36806, 1142268, Roads, 0, 0, 0, 0, 0, 0, 1174550, 1174550
2015, RAJASTHAN, 8, CHURU, 87, CHURU, 1237, KOTWAD TAL, 36806, 1142268, Total, 0, 0, 0, 0, 0, 0, 1520602, 1520602
2015, RAJASTHAN, 8, CHURU, 87, CHURU, 1237, LAKHAU, 36807, 1140732, Drinking water, 0, 0, 0, 0, 0, 0, 1116383, 1116383
2015, RAJASTHAN, 8, CHURU, 87, CHURU, 1237, LAKHAU, 36807, 1140732, Roads, 0, 0, 0, 0, 0, 0, 920919, 920919
2015, RAJASTHAN, 8, CHURU, 87, CHURU, 1237, LAKHAU, 36807, 1140732, Sanitation, 0, 0, 0, 0, 0, 0, 400000, 400000
2015, RAJASTHAN, 8, CHURU, 87, CHURU, 1237, LAKHAU, 36807, 1140732, Total, 0, 0, 0, 0, 0, 0, 2437302, 2437302
2015, RAJASTHAN, 8, CHURU, 87, CHURU, 1237, LALASAR BANIROTAN, 36808, 1140812, Roads, 0, 0, 0, 0, 0, 0, 1093772, 1093772
2015, RAJASTHAN, 8, CHURU, 87, CHURU, 1237, LALASAR BANIROTAN, 36808, 1140812, Sanitation, 0, 0, 0, 0, 0, 0, 100000, 100000
2015, RAJASTHAN, 8, CHURU, 87, CHURU, 1237, LALASAR BANIROTAN, 36808, 1140812, Social welfare, 0, 0, 0, 0, 0, 0, 600000, 600000
2015, RAJASTHAN, 8, CHURU, 87, CHURU, 1237, LALASAR BANIROTAN, 36808, 1140812, Total, 0, 0, 0, 0, 0, 0, 1793772, 1793772
2015, RAJASTHAN, 8, CHURU, 87, CHURU, 1237, LOHSANA BARA, 36809, 1140786, Drinking water, 0, 0, 0, 0, 0, 0, 400000, 400000
2015, RAJASTHAN, 8, CHURU, 87, CHURU, 1237, LOHSANA BARA, 36809, 1140786, Roads, 0, 0, 0, 0, 0, 0, 1040179, 1040179
2015, RAJASTHAN, 8, CHURU, 87, CHURU, 1237, LOHSANA BARA, 36809, 1140786, Sanitation, 0, 0, 0, 0, 0, 0, 1312756, 1312756
2015, RAJASTHAN, 8, CHURU, 87, CHURU, 1237, LOHSANA BARA, 36809, 1140786, Total, 0, 0, 0, 0, 0, 0, 2752935, 2752935
2015, RAJASTHAN, 8, CHURU, 87, CHURU, 1237, MOLEESAR BARA, 36810, 1142273, Drinking water, 0, 0, 0, 0, 0, 0, 600000, 600000
2015, RAJASTHAN, 8, CHURU, 87, CHURU, 1237, MOLEESAR BARA, 36810, 1142273, Roads, 0, 0, 0, 0, 0, 0, 1294314, 1294314
2015, RAJASTHAN, 8, CHURU, 87, CHURU, 1237, MOLEESAR BARA, 36810, 1142273, Total, 0, 0, 0, 0, 0, 0, 1894314, 1894314
2015, RAJASTHAN, 8, CHURU, 87, CHURU, 1237, NAKRASAR, 36811, 1140972, Drinking water, 0, 0, 0, 0, 0, 0, 1573107, 1573107
2015, RAJASTHAN, 8, CHURU, 87, CHURU, 1237, NAKRASAR, 36811, 1140972, Roads, 0, 0, 0, 0, 0, 0, 1380488, 1380488
2015, RAJASTHAN, 8, CHURU, 87, CHURU, 1237, NAKRASAR, 36811, 1140972, Sanitation, 0, 0, 0, 0, 0, 0, 700000, 700000
2015, RAJASTHAN, 8, CHURU, 87, CHURU, 1237, NAKRASAR, 36811, 1140972, Total, 0, 0, 0, 0, 0, 0, 3653595, 3653595
2015, RAJASTHAN, 8, CHURU, 87, CHURU, 1237, PEETHEESAR, 36812, 1142390, Drinking water, 0, 0, 0, 0, 0, 0, 384975, 384975
2015, RAJASTHAN, 8, CHURU, 87, CHURU, 1237, PEETHEESAR, 36812, 1142390, Roads, 0, 0, 0, 0, 0, 0, 2001845, 2001845
2015, RAJASTHAN, 8, CHURU, 87, CHURU, 1237, PEETHEESAR, 36812, 1142390, Total, 0, 0, 0, 0, 0, 0, 2386820, 2386820
2015, RAJASTHAN, 8, CHURU, 87, CHURU, 1237, RIBIYA, 36813, 1142278, Drinking water, 0, 0, 0, 0, 0, 0, 682552, 682552
2015, RAJASTHAN, 8, CHURU, 87, CHURU, 1237, RIBIYA, 36813, 1142278, Roads, 0, 0, 0, 0, 0, 0, 1473569, 1473569
2015, RAJASTHAN, 8, CHURU, 87, CHURU, 1237, RIBIYA, 36813, 1142278, Sanitation, 0, 0, 0, 0, 0, 0, 50000, 50000
2015, RAJASTHAN, 8, CHURU, 87, CHURU, 1237, RIBIYA, 36813, 1142278, Total, 0, 0, 0, 0, 0, 0, 2206121, 2206121
2015, RAJASTHAN, 8, CHURU, 87, CHURU, 1237, SAHJOOSAR, 36814, 1140988, Drinking water, 0, 0, 0, 0, 0, 0, 865573, 865573
2015, RAJASTHAN, 8, CHURU, 87, CHURU, 1237, SAHJOOSAR, 36814, 1140988, Roads, 0, 0, 0, 0, 0, 0, 720014, 720014
2015, RAJASTHAN, 8, CHURU, 87, CHURU, 1237, SAHJOOSAR, 36814, 1140988, Sanitation, 0, 0, 0, 0, 0, 0, 20000, 20000
2015, RAJASTHAN, 8, CHURU, 87, CHURU, 1237, SAHJOOSAR, 36814, 1140988, Social welfare, 0, 0, 0, 0, 0, 0, 300000, 300000
2015, RAJASTHAN, 8, CHURU, 87, CHURU, 1237, SAHJOOSAR, 36814, 1140988, Total, 0, 0, 0, 0, 0, 0, 1905587, 1905587
2015, RAJASTHAN, 8, CHURU, 87, CHURU, 1237, SAHNALI CHHOTI, 36815, 1142181, Drinking water, 0, 0, 0, 0, 0, 0, 707613, 707613
2015, RAJASTHAN, 8, CHURU, 87, CHURU, 1237, SAHNALI CHHOTI, 36815, 1142181, Roads, 0, 0, 0, 0, 0, 0, 743723, 743723
2015, RAJASTHAN, 8, CHURU, 87, CHURU, 1237, SAHNALI CHHOTI, 36815, 1142181, Sanitation, 0, 0, 0, 0, 0, 0, 517000, 517000
2015, RAJASTHAN, 8, CHURU, 87, CHURU, 1237, SAHNALI CHHOTI, 36815, 1142181, Total, 0, 0, 0, 0, 0, 0, 1968336, 1968336
2015, RAJASTHAN, 8, CHURU, 87, CHURU, 1237, SATRA, 36816, 1142399, Drinking water, 0, 0, 0, 0, 0, 0, 655412, 655412
2015, RAJASTHAN, 8, CHURU, 87, CHURU, 1237, SATRA, 36816, 1142399, Roads, 0, 0, 0, 0, 0, 0, 1126816, 1126816
2015, RAJASTHAN, 8, CHURU, 87, CHURU, 1237, SATRA, 36816, 1142399, Sanitation, 0, 0, 0, 0, 0, 0, 1200000, 1200000
2015, RAJASTHAN, 8, CHURU, 87, CHURU, 1237, SATRA, 36816, 1142399, Total, 0, 0, 0, 0, 0, 0, 2982228, 2982228
2015, RAJASTHAN, 8, CHURU, 87, CHURU, 1237, SHYOPURA, 36817, 1142184, Drinking water, 0, 0, 0, 0, 0, 0, 194000, 194000
2015, RAJASTHAN, 8, CHURU, 87, CHURU, 1237, SHYOPURA, 36817, 1142184, Roads, 0, 0, 0, 0, 0, 0, 1109785, 1109785
2015, RAJASTHAN, 8, CHURU, 87, CHURU, 1237, SHYOPURA, 36817, 1142184, Sanitation, 0, 0, 0, 0, 0, 0, 197000, 197000
2015, RAJASTHAN, 8, CHURU, 87, CHURU, 1237, SHYOPURA, 36817, 1142184, Total, 0, 0, 0, 0, 0, 0, 1500785, 1500785
2015, RAJASTHAN, 8, CHURU, 87, CHURU, 1237, SIRSALA, 36818, 1142284, Drinking water, 0, 0, 0, 0, 0, 0, 930750, 930750
2015, RAJASTHAN, 8, CHURU, 87, CHURU, 1237, SIRSALA, 36818, 1142284, Roads, 0, 0, 0, 0, 0, 0, 1202935, 1202935
2015, RAJASTHAN, 8, CHURU, 87, CHURU, 1237, SIRSALA, 36818, 1142284, Sanitation, 0, 0, 0, 0, 0, 0, 1050000, 1050000
2015, RAJASTHAN, 8, CHURU, 87, CHURU, 1237, SIRSALA, 36818, 1142284, Total, 0, 0, 0, 0, 0, 0, 3183685, 3183685
2015, RAJASTHAN, 8, CHURU, 87, CHURU, 1237, THELASAR, 36819, 1142281, Drinking water, 0, 0, 0, 0, 0, 0, 1793781, 1793781
2015, RAJASTHAN, 8, CHURU, 87, CHURU, 1237, THELASAR, 36819, 1142281, Roads, 0, 0, 0, 0, 0, 0, 907193, 907193
2015, RAJASTHAN, 8, CHURU, 87, CHURU, 1237, THELASAR, 36819, 1142281, Total, 0, 0, 0, 0, 0, 0, 2700974, 2700974
2015, RAJASTHAN, 8, CHURU, 87, RAJGARH, 1238, BAIRASAR CHHOTA, 36820, 1174408, Drinking water, 0, 0, 0, 0, 0, 0, 355000, 355000
2015, RAJASTHAN, 8, CHURU, 87, RAJGARH, 1238, BAIRASAR CHHOTA, 36820, 1174408, Roads, 0, 0, 0, 0, 0, 0, 1107835, 1107835
2015, RAJASTHAN, 8, CHURU, 87, RAJGARH, 1238, BAIRASAR CHHOTA, 36820, 1174408, Sanitation, 0, 0, 0, 0, 0, 0, 1869283, 1869283
2015, RAJASTHAN, 8, CHURU, 87, RAJGARH, 1238, BAIRASAR CHHOTA, 36820, 1174408, Total, 0, 0, 0, 0, 0, 0, 3332118, 3332118
2015, RAJASTHAN, 8, CHURU, 87, RAJGARH, 1238, BEENJAWAS, 36826, 1123053, Roads, 0, 0, 0, 0, 0, 0, 1469868, 1469868
2015, RAJASTHAN, 8, CHURU, 87, RAJGARH, 1238, BEENJAWAS, 36826, 1123053, Sanitation, 0, 0, 0, 0, 0, 0, 1979600, 1979600
2015, RAJASTHAN, 8, CHURU, 87, RAJGARH, 1238, BEENJAWAS, 36826, 1123053, Total, 0, 0, 0, 0, 0, 0, 3449468, 3449468
2015, RAJASTHAN, 8, CHURU, 87, RAJGARH, 1238, BEWAD, 36821, 1123057, Health, 0, 0, 0, 0, 0, 0, 206567, 206567
2015, RAJASTHAN, 8, CHURU, 87, RAJGARH, 1238, BEWAD, 36821, 1123057, Roads, 0, 0, 0, 0, 0, 0, 1803423, 1803423
2015, RAJASTHAN, 8, CHURU, 87, RAJGARH, 1238, BEWAD, 36821, 1123057, Sanitation, 0, 0, 0, 0, 0, 0, 1212000, 1212000
2015, RAJASTHAN, 8, CHURU, 87, RAJGARH, 1238, BEWAD, 36821, 1123057, Total, 0, 0, 0, 0, 0, 0, 3221990, 3221990
2015, RAJASTHAN, 8, CHURU, 87, RAJGARH, 1238, BHAGELA, 36822, 1123058, Education, 0, 0, 0, 0, 0, 0, 1000000, 1000000
2015, RAJASTHAN, 8, CHURU, 87, RAJGARH, 1238, BHAGELA, 36822, 1123058, Roads, 0, 0, 0, 0, 0, 0, 1965626, 1965626
2015, RAJASTHAN, 8, CHURU, 87, RAJGARH, 1238, BHAGELA, 36822, 1123058, Total, 0, 0, 0, 0, 0, 0, 2965626, 2965626
2015, RAJASTHAN, 8, CHURU, 87, RAJGARH, 1238, BHAINSALI, 36823, 1120212, Roads, 0, 0, 0, 0, 0, 0, 1614665, 1614665
2015, RAJASTHAN, 8, CHURU, 87, RAJGARH, 1238, BHAINSALI, 36823, 1120212, Sanitation, 0, 0, 0, 0, 0, 0, 1537517, 1537517
2015, RAJASTHAN, 8, CHURU, 87, RAJGARH, 1238, BHAINSALI, 36823, 1120212, Total, 0, 0, 0, 0, 0, 0, 3152182, 3152182
2015, RAJASTHAN, 8, CHURU, 87, RAJGARH, 1238, BHEEMSANA, 36824, 1123061, Drinking water, 0, 0, 0, 0, 0, 0, 58000, 58000
2015, RAJASTHAN, 8, CHURU, 87, RAJGARH, 1238, BHEEMSANA, 36824, 1123061, Roads, 0, 0, 0, 0, 0, 0, 922309, 922309
2015, RAJASTHAN, 8, CHURU, 87, RAJGARH, 1238, BHEEMSANA, 36824, 1123061, Sanitation, 0, 0, 0, 0, 0, 0, 652351, 652351
2015, RAJASTHAN, 8, CHURU, 87, RAJGARH, 1238, BHEEMSANA, 36824, 1123061, Total, 0, 0, 0, 0, 0, 0, 1632660, 1632660
2015, RAJASTHAN, 8, CHURU, 87, RAJGARH, 1238, BHUWARI, 36825, 1160714, Drinking water, 0, 0, 0, 0, 0, 0, 395000, 395000
2015, RAJASTHAN, 8, CHURU, 87, RAJGARH, 1238, BHUWARI, 36825, 1160714, Roads, 0, 0, 0, 0, 0, 0, 1837537, 1837537
2015, RAJASTHAN, 8, CHURU, 87, RAJGARH, 1238, BHUWARI, 36825, 1160714, Sanitation, 0, 0, 0, 0, 0, 0, 1354740, 1354740
2015, RAJASTHAN, 8, CHURU, 87, RAJGARH, 1238, BHUWARI, 36825, 1160714, Total, 0, 0, 0, 0, 0, 0, 3587277, 3587277
2015, RAJASTHAN, 8, CHURU, 87, RAJGARH, 1238, BIRMI KHALSA, 36827, 1112180, Health, 0, 0, 0, 0, 0, 0, 310030, 310030
2015, RAJASTHAN, 8, CHURU, 87, RAJGARH, 1238, BIRMI KHALSA, 36827, 1112180, Roads, 0, 0, 0, 0, 0, 0, 1000764, 1000764
2015, RAJASTHAN, 8, CHURU, 87, RAJGARH, 1238, BIRMI KHALSA, 36827, 1112180, Sanitation, 0, 0, 0, 0, 0, 0, 1375000, 1375000
2015, RAJASTHAN, 8, CHURU, 87, RAJGARH, 1238, BIRMI KHALSA, 36827, 1112180, Total, 0, 0, 0, 0, 0, 0, 2685794, 2685794
2015, RAJASTHAN, 8, CHURU, 87, RAJGARH, 1238, CHAINPURA BARA, 36828, 1113737, Drinking water, 0, 0, 0, 0, 0, 0, 182000, 182000
2015, RAJASTHAN, 8, CHURU, 87, RAJGARH, 1238, CHAINPURA BARA, 36828, 1113737, Health, 0, 0, 0, 0, 0, 0, 812000, 812000
2015, RAJASTHAN, 8, CHURU, 87, RAJGARH, 1238, CHAINPURA BARA, 36828, 1113737, Roads, 0, 0, 0, 0, 0, 0, 1372064, 1372064
2015, RAJASTHAN, 8, CHURU, 87, RAJGARH, 1238, CHAINPURA BARA, 36828, 1113737, Sanitation, 0, 0, 0, 0, 0, 0, 312508, 312508
2015, RAJASTHAN, 8, CHURU, 87, RAJGARH, 1238, CHAINPURA BARA, 36828, 1113737, Total, 0, 0, 0, 0, 0, 0, 2678572, 2678572
2015, RAJASTHAN, 8, CHURU, 87, RAJGARH, 1238, CHAINPURA CHHOTA, 36829, 1162352, Health, 0, 0, 0, 0, 0, 0, 124000, 124000
2015, RAJASTHAN, 8, CHURU, 87, RAJGARH, 1238, CHAINPURA CHHOTA, 36829, 1162352, Roads, 0, 0, 0, 0, 0, 0, 1830564, 1830564
2015, RAJASTHAN, 8, CHURU, 87, RAJGARH, 1238, CHAINPURA CHHOTA, 36829, 1162352, Rural electrification, 0, 0, 0, 0, 0, 0, 200000, 200000
2015, RAJASTHAN, 8, CHURU, 87, RAJGARH, 1238, CHAINPURA CHHOTA, 36829, 1162352, Sanitation, 0, 0, 0, 0, 0, 0, 728015, 728015
2015, RAJASTHAN, 8, CHURU, 87, RAJGARH, 1238, CHAINPURA CHHOTA, 36829, 1162352, Total, 0, 0, 0, 0, 0, 0, 2882579, 2882579
2015, RAJASTHAN, 8, CHURU, 87, RAJGARH, 1238, CHAND GOTHI, 36830, 1162292, Drinking water, 0, 0, 0, 0, 0, 0, 353393, 353393
2015, RAJASTHAN, 8, CHURU, 87, RAJGARH, 1238, CHAND GOTHI, 36830, 1162292, Roads, 0, 0, 0, 0, 0, 0, 1529000, 1529000
2015, RAJASTHAN, 8, CHURU, 87, RAJGARH, 1238, CHAND GOTHI, 36830, 1162292, Sanitation, 0, 0, 0, 0, 0, 0, 1458150, 1458150
2015, RAJASTHAN, 8, CHURU, 87, RAJGARH, 1238, CHAND GOTHI, 36830, 1162292, Total, 0, 0, 0, 0, 0, 0, 3340543, 3340543
2015, RAJASTHAN, 8, CHURU, 87, RAJGARH, 1238, DADREWA, 36831, 1168732, Education, 0, 0, 0, 0, 0, 0, 387000, 387000
2015, RAJASTHAN, 8, CHURU, 87, RAJGARH, 1238, DADREWA, 36831, 1168732, Roads, 0, 0, 0, 0, 0, 0, 1831546, 1831546
2015, RAJASTHAN, 8, CHURU, 87, RAJGARH, 1238, DADREWA, 36831, 1168732, Sanitation, 0, 0, 0, 0, 0, 0, 2112545, 2112545
2015, RAJASTHAN, 8, CHURU, 87, RAJGARH, 1238, DADREWA, 36831, 1168732, Total, 0, 0, 0, 0, 0, 0, 4331091, 4331091
2015, RAJASTHAN, 8, CHURU, 87, RAJGARH, 1238, DHANDHAL LEKHOO, 36833, 1113400, Roads, 0, 0, 0, 0, 0, 0, 1203755, 1203755
2015, RAJASTHAN, 8, CHURU, 87, RAJGARH, 1238, DHANDHAL LEKHOO, 36833, 1113400, Sanitation, 0, 0, 0, 0, 0, 0, 1146240, 1146240
2015, RAJASTHAN, 8, CHURU, 87, RAJGARH, 1238, DHANDHAL LEKHOO, 36833, 1113400, Total, 0, 0, 0, 0, 0, 0, 2349995, 2349995
2015, RAJASTHAN, 8, CHURU, 87, RAJGARH, 1238, DHANI BARI, 36834, 1123064, Roads, 0, 0, 0, 0, 0, 0, 1831550, 1831550
2015, RAJASTHAN, 8, CHURU, 87, RAJGARH, 1238, DHANI BARI, 36834, 1123064, Sanitation, 0, 0, 0, 0, 0, 0, 219355, 219355
2015, RAJASTHAN, 8, CHURU, 87, RAJGARH, 1238, DHANI BARI, 36834, 1123064, Total, 0, 0, 0, 0, 0, 0, 2050905, 2050905
2015, RAJASTHAN, 8, CHURU, 87, RAJGARH, 1238, DHANI MAUJI, 36835, 1158164, Roads, 0, 0, 0, 0, 0, 0, 2194502, 2194502
2015, RAJASTHAN, 8, CHURU, 87, RAJGARH, 1238, DHANI MAUJI, 36835, 1158164, Sanitation, 0, 0, 0, 0, 0, 0, 2089650, 2089650
2015, RAJASTHAN, 8, CHURU, 87, RAJGARH, 1238, DHANI MAUJI, 36835, 1158164, Total, 0, 0, 0, 0, 0, 0, 4284152, 4284152
2015, RAJASTHAN, 8, CHURU, 87, RAJGARH, 1238, DHANOHTI BARI, 36836, 1121023, Health, 0, 0, 0, 0, 0, 0, 1000000, 1000000
2015, RAJASTHAN, 8, CHURU, 87, RAJGARH, 1238, DHANOHTI BARI, 36836, 1121023, Roads, 0, 0, 0, 0, 0, 0, 941555, 941555
2015, RAJASTHAN, 8, CHURU, 87, RAJGARH, 1238, DHANOHTI BARI, 36836, 1121023, Sanitation, 0, 0, 0, 0, 0, 0, 1093278, 1093278
2015, RAJASTHAN, 8, CHURU, 87, RAJGARH, 1238, DHANOHTI BARI, 36836, 1121023, Total, 0, 0, 0, 0, 0, 0, 3034833, 3034833
2015, RAJASTHAN, 8, CHURU, 87, RAJGARH, 1238, DHIGARLA, 36837, 1162473, Drinking water, 0, 0, 0, 0, 0, 0, 150000, 150000
2015, RAJASTHAN, 8, CHURU, 87, RAJGARH, 1238, DHIGARLA, 36837, 1162473, Education, 0, 0, 0, 0, 0, 0, 500000, 500000
2015, RAJASTHAN, 8, CHURU, 87, RAJGARH, 1238, DHIGARLA, 36837, 1162473, Roads, 0, 0, 0, 0, 0, 0, 2348438, 2348438
2015, RAJASTHAN, 8, CHURU, 87, RAJGARH, 1238, DHIGARLA, 36837, 1162473, Sanitation, 0, 0, 0, 0, 0, 0, 647213, 647213
2015, RAJASTHAN, 8, CHURU, 87, RAJGARH, 1238, DHIGARLA, 36837, 1162473, Total, 0, 0, 0, 0, 0, 0, 3645651, 3645651
2015, RAJASTHAN, 8, CHURU, 87, RAJGARH, 1238, DOKWA, 36838, 1163208, Roads, 0, 0, 0, 0, 0, 0, 909209, 909209
2015, RAJASTHAN, 8, CHURU, 87, RAJGARH, 1238, DOKWA, 36838, 1163208, Sanitation, 0, 0, 0, 0, 0, 0, 2085905, 2085905
2015, RAJASTHAN, 8, CHURU, 87, RAJGARH, 1238, DOKWA, 36838, 1163208, Total, 0, 0, 0, 0, 0, 0, 2995114, 2995114
2015, RAJASTHAN, 8, CHURU, 87, RAJGARH, 1238, GALAR, 36839, 1123644, Drinking water, 0, 0, 0, 0, 0, 0, 1165996, 1165996
2015, RAJASTHAN, 8, CHURU, 87, RAJGARH, 1238, GALAR, 36839, 1123644, Minor forest produce, 0, 0, 0, 0, 0, 0, 73000, 73000
2015, RAJASTHAN, 8, CHURU, 87, RAJGARH, 1238, GALAR, 36839, 1123644, Roads, 0, 0, 0, 0, 0, 0, 1301164, 1301164
2015, RAJASTHAN, 8, CHURU, 87, RAJGARH, 1238, GALAR, 36839, 1123644, Total, 0, 0, 0, 0, 0, 0, 2540160, 2540160
2015, RAJASTHAN, 8, CHURU, 87, RAJGARH, 1238, GHANAU, 36832, 1123660, Health, 0, 0, 0, 0, 0, 0, 590000, 590000
2015, RAJASTHAN, 8, CHURU, 87, RAJGARH, 1238, GHANAU, 36832, 1123660, Roads, 0, 0, 0, 0, 0, 0, 740018, 740018
2015, RAJASTHAN, 8, CHURU, 87, RAJGARH, 1238, GHANAU, 36832, 1123660, Sanitation, 0, 0, 0, 0, 0, 0, 2481728, 2481728
2015, RAJASTHAN, 8, CHURU, 87, RAJGARH, 1238, GHANAU, 36832, 1123660, Total, 0, 0, 0, 0, 0, 0, 3811746, 3811746
2015, RAJASTHAN, 8, CHURU, 87, RAJGARH, 1238, GOTHYAN BARI, 36840, 1123139, Land improvement, 0, 0, 0, 0, 0, 0, 576782, 576782
2015, RAJASTHAN, 8, CHURU, 87, RAJGARH, 1238, GOTHYAN BARI, 36840, 1123139, Roads, 0, 0, 0, 0, 0, 0, 3596640, 3596640
2015, RAJASTHAN, 8, CHURU, 87, RAJGARH, 1238, GOTHYAN BARI, 36840, 1123139, Total, 0, 0, 0, 0, 0, 0, 4173422, 4173422
2015, RAJASTHAN, 8, CHURU, 87, RAJGARH, 1238, GUGALWA, 262098, 1124230, Education, 0, 0, 0, 0, 0, 0, 81710, 81710
2015, RAJASTHAN, 8, CHURU, 87, RAJGARH, 1238, GUGALWA, 262098, 1124230, Roads, 0, 0, 0, 0, 0, 0, 2661258, 2661258
2015, RAJASTHAN, 8, CHURU, 87, RAJGARH, 1238, GUGALWA, 262098, 1124230, Sanitation, 0, 0, 0, 0, 0, 0, 875000, 875000
2015, RAJASTHAN, 8, CHURU, 87, RAJGARH, 1238, GUGALWA, 262098, 1124230, Total, 0, 0, 0, 0, 0, 0, 3617968, 3617968
2015, RAJASTHAN, 8, CHURU, 87, RAJGARH, 1238, GULPURA, 36841, 1174471, Drinking water, 0, 0, 0, 0, 0, 0, 205000, 205000
2015, RAJASTHAN, 8, CHURU, 87, RAJGARH, 1238, GULPURA, 36841, 1174471, Maintenance of community system, 0, 0, 0, 0, 0, 0, 435075, 435075
2015, RAJASTHAN, 8, CHURU, 87, RAJGARH, 1238, GULPURA, 36841, 1174471, Roads, 0, 0, 0, 0, 0, 0, 1197281, 1197281
2015, RAJASTHAN, 8, CHURU, 87, RAJGARH, 1238, GULPURA, 36841, 1174471, Sanitation, 0, 0, 0, 0, 0, 0, 500000, 500000
2015, RAJASTHAN, 8, CHURU, 87, RAJGARH, 1238, GULPURA, 36841, 1174471, Total, 0, 0, 0, 0, 0, 0, 2337356, 2337356
2015, RAJASTHAN, 8, CHURU, 87, RAJGARH, 1238, HAMEERWAS BARA, 36842, 1125693, Health, 0, 0, 0, 0, 0, 0, 781964, 781964
2015, RAJASTHAN, 8, CHURU, 87, RAJGARH, 1238, HAMEERWAS BARA, 36842, 1125693, Roads, 0, 0, 0, 0, 0, 0, 1278568, 1278568
2015, RAJASTHAN, 8, CHURU, 87, RAJGARH, 1238, HAMEERWAS BARA, 36842, 1125693, Sanitation, 0, 0, 0, 0, 0, 0, 1478000, 1478000
2015, RAJASTHAN, 8, CHURU, 87, RAJGARH, 1238, HAMEERWAS BARA, 36842, 1125693, Total, 0, 0, 0, 0, 0, 0, 3538532, 3538532
2015, RAJASTHAN, 8, CHURU, 87, RAJGARH, 1238, JASWANTPURA, 36843, 1163218, Drinking water, 0, 0, 0, 0, 0, 0, 258662, 258662
2015, RAJASTHAN, 8, CHURU, 87, RAJGARH, 1238, JASWANTPURA, 36843, 1163218, Education, 0, 0, 0, 0, 0, 0, 1000000, 1000000
2015, RAJASTHAN, 8, CHURU, 87, RAJGARH, 1238, JASWANTPURA, 36843, 1163218, Roads, 0, 0, 0, 0, 0, 0, 321818, 321818
2015, RAJASTHAN, 8, CHURU, 87, RAJGARH, 1238, JASWANTPURA, 36843, 1163218, Sanitation, 0, 0, 0, 0, 0, 0, 1000000, 1000000
2015, RAJASTHAN, 8, CHURU, 87, RAJGARH, 1238, JASWANTPURA, 36843, 1163218, Total, 0, 0, 0, 0, 0, 0, 2580480, 2580480
2015, RAJASTHAN, 8, CHURU, 87, RAJGARH, 1238, KALANA, 36844, 1160056, Drinking water, 0, 0, 0, 0, 0, 0, 166900, 166900
2015, RAJASTHAN, 8, CHURU, 87, RAJGARH, 1238, KALANA, 36844, 1160056, Roads, 0, 0, 0, 0, 0, 0, 2114769, 2114769
2015, RAJASTHAN, 8, CHURU, 87, RAJGARH, 1238, KALANA, 36844, 1160056, Sanitation, 0, 0, 0, 0, 0, 0, 900000, 900000
2015, RAJASTHAN, 8, CHURU, 87, RAJGARH, 1238, KALANA, 36844, 1160056, Total, 0, 0, 0, 0, 0, 0, 3181669, 3181669
2015, RAJASTHAN, 8, CHURU, 87, RAJGARH, 1238, KALRI, 36845, 1173354, Roads, 0, 0, 0, 0, 0, 0, 2188336, 2188336
2015, RAJASTHAN, 8, CHURU, 87, RAJGARH, 1238, KALRI, 36845, 1173354, Sanitation, 0, 0, 0, 0, 0, 0, 2083779, 2083779
2015, RAJASTHAN, 8, CHURU, 87, RAJGARH, 1238, KALRI, 36845, 1173354, Total, 0, 0, 0, 0, 0, 0, 4272115, 4272115
2015, RAJASTHAN, 8, CHURU, 87, RAJGARH, 1238, KANJAN, 36846, 1160734, Education, 0, 0, 0, 0, 0, 0, 228367, 228367
2015, RAJASTHAN, 8, CHURU, 87, RAJGARH, 1238, KANJAN, 36846, 1160734, Roads, 0, 0, 0, 0, 0, 0, 2099000, 2099000
2015, RAJASTHAN, 8, CHURU, 87, RAJGARH, 1238, KANJAN, 36846, 1160734, Sanitation, 0, 0, 0, 0, 0, 0, 263946, 263946
2015, RAJASTHAN, 8, CHURU, 87, RAJGARH, 1238, KANJAN, 36846, 1160734, Total, 0, 0, 0, 0, 0, 0, 2591313, 2591313
2015, RAJASTHAN, 8, CHURU, 87, RAJGARH, 1238, KHAIROO BARI, 36848, 1174480, Drinking water, 0, 0, 0, 0, 0, 0, 171000, 171000
2015, RAJASTHAN, 8, CHURU, 87, RAJGARH, 1238, KHAIROO BARI, 36848, 1174480, Roads, 0, 0, 0, 0, 0, 0, 809000, 809000
2015, RAJASTHAN, 8, CHURU, 87, RAJGARH, 1238, KHAIROO BARI, 36848, 1174480, Sanitation, 0, 0, 0, 0, 0, 0, 2641579, 2641579
2015, RAJASTHAN, 8, CHURU, 87, RAJGARH, 1238, KHAIROO BARI, 36848, 1174480, Total, 0, 0, 0, 0, 0, 0, 3621579, 3621579
2015, RAJASTHAN, 8, CHURU, 87, RAJGARH, 1238, KHUDDI, 36849, 1123674, Drinking water, 0, 0, 0, 0, 0, 0, 519000, 519000
2015, RAJASTHAN, 8, CHURU, 87, RAJGARH, 1238, KHUDDI, 36849, 1123674, Health, 0, 0, 0, 0, 0, 0, 51000, 51000
2015, RAJASTHAN, 8, CHURU, 87, RAJGARH, 1238, KHUDDI, 36849, 1123674, Maintenance of community system, 0, 0, 0, 0, 0, 0, 110000, 110000
2015, RAJASTHAN, 8, CHURU, 87, RAJGARH, 1238, KHUDDI, 36849, 1123674, Roads, 0, 0, 0, 0, 0, 0, 1354493, 1354493
2015, RAJASTHAN, 8, CHURU, 87, RAJGARH, 1238, KHUDDI, 36849, 1123674, Sanitation, 0, 0, 0, 0, 0, 0, 197776, 197776
2015, RAJASTHAN, 8, CHURU, 87, RAJGARH, 1238, KHUDDI, 36849, 1123674, Total, 0, 0, 0, 0, 0, 0, 2644269, 2644269
2015, RAJASTHAN, 8, CHURU, 87, RAJGARH, 1238, KHUDDI, 36849, 1123674, Welfare of the weaker sections, 0, 0, 0, 0, 0, 0, 412000, 412000
2015, RAJASTHAN, 8, CHURU, 87, RAJGARH, 1238, KHYALI, 36847, 1123071, Health, 0, 0, 0, 0, 0, 0, 518464, 518464
2015, RAJASTHAN, 8, CHURU, 87, RAJGARH, 1238, KHYALI, 36847, 1123071, Roads, 0, 0, 0, 0, 0, 0, 1419905, 1419905
2015, RAJASTHAN, 8, CHURU, 87, RAJGARH, 1238, KHYALI, 36847, 1123071, Total, 0, 0, 0, 0, 0, 0, 1938369, 1938369
2015, RAJASTHAN, 8, CHURU, 87, RAJGARH, 1238, LAKHLAN, 36850, 1174513, Drinking water, 0, 0, 0, 0, 0, 0, 153000, 153000
2015, RAJASTHAN, 8, CHURU, 87, RAJGARH, 1238, LAKHLAN, 36850, 1174513, Health, 0, 0, 0, 0, 0, 0, 51000, 51000
2015, RAJASTHAN, 8, CHURU, 87, RAJGARH, 1238, LAKHLAN, 36850, 1174513, Roads, 0, 0, 0, 0, 0, 0, 2897255, 2897255
2015, RAJASTHAN, 8, CHURU, 87, RAJGARH, 1238, LAKHLAN, 36850, 1174513, Sanitation, 0, 0, 0, 0, 0, 0, 1084804, 1084804
2015, RAJASTHAN, 8, CHURU, 87, RAJGARH, 1238, LAKHLAN, 36850, 1174513, Total, 0, 0, 0, 0, 0, 0, 4186059, 4186059
2015, RAJASTHAN, 8, CHURU, 87, RAJGARH, 1238, LAMBOR BARI, 36851, 1123130, Drinking water, 0, 0, 0, 0, 0, 0, 1000000, 1000000
2015, RAJASTHAN, 8, CHURU, 87, RAJGARH, 1238, LAMBOR BARI, 36851, 1123130, Roads, 0, 0, 0, 0, 0, 0, 1701479, 1701479
2015, RAJASTHAN, 8, CHURU, 87, RAJGARH, 1238, LAMBOR BARI, 36851, 1123130, Sanitation, 0, 0, 0, 0, 0, 0, 2047256, 2047256
2015, RAJASTHAN, 8, CHURU, 87, RAJGARH, 1238, LAMBOR BARI, 36851, 1123130, Total, 0, 0, 0, 0, 0, 0, 4748735, 4748735
2015, RAJASTHAN, 8, CHURU, 87, RAJGARH, 1238, MAHLANA UTRADA, 36852, 1169952, Health, 0, 0, 0, 0, 0, 0, 1414277, 1414277
2015, RAJASTHAN, 8, CHURU, 87, RAJGARH, 1238, MAHLANA UTRADA, 36852, 1169952, Land improvement, 0, 0, 0, 0, 0, 0, 21000, 21000
2015, RAJASTHAN, 8, CHURU, 87, RAJGARH, 1238, MAHLANA UTRADA, 36852, 1169952, Roads, 0, 0, 0, 0, 0, 0, 1328077, 1328077
2015, RAJASTHAN, 8, CHURU, 87, RAJGARH, 1238, MAHLANA UTRADA, 36852, 1169952, Sanitation, 0, 0, 0, 0, 0, 0, 1723000, 1723000
2015, RAJASTHAN, 8, CHURU, 87, RAJGARH, 1238, MAHLANA UTRADA, 36852, 1169952, Total, 0, 0, 0, 0, 0, 0, 4486354, 4486354
2015, RAJASTHAN, 8, CHURU, 87, RAJGARH, 1238, MUNDI TAL, 36853, 1123662, Health, 0, 0, 0, 0, 0, 0, 110000, 110000
2015, RAJASTHAN, 8, CHURU, 87, RAJGARH, 1238, MUNDI TAL, 36853, 1123662, Land improvement, 0, 0, 0, 0, 0, 0, 500000, 500000
2015, RAJASTHAN, 8, CHURU, 87, RAJGARH, 1238, MUNDI TAL, 36853, 1123662, Roads, 0, 0, 0, 0, 0, 0, 2194347, 2194347
2015, RAJASTHAN, 8, CHURU, 87, RAJGARH, 1238, MUNDI TAL, 36853, 1123662, Total, 0, 0, 0, 0, 0, 0, 2804347, 2804347
2015, RAJASTHAN, 8, CHURU, 87, RAJGARH, 1238, NAURANGPURA, 36858, 1174818, Drinking water, 0, 0, 0, 0, 0, 0, 505000, 505000
2015, RAJASTHAN, 8, CHURU, 87, RAJGARH, 1238, NAURANGPURA, 36858, 1174818, Maintenance of community system, 0, 0, 0, 0, 0, 0, 52000, 52000
2015, RAJASTHAN, 8, CHURU, 87, RAJGARH, 1238, NAURANGPURA, 36858, 1174818, Roads, 0, 0, 0, 0, 0, 0, 3676300, 3676300
2015, RAJASTHAN, 8, CHURU, 87, RAJGARH, 1238, NAURANGPURA, 36858, 1174818, Sanitation, 0, 0, 0, 0, 0, 0, 622000, 622000
2015, RAJASTHAN, 8, CHURU, 87, RAJGARH, 1238, NAURANGPURA, 36858, 1174818, Social welfare, 0, 0, 0, 0, 0, 0, 193728, 193728
2015, RAJASTHAN, 8, CHURU, 87, RAJGARH, 1238, NAURANGPURA, 36858, 1174818, Total, 0, 0, 0, 0, 0, 0, 5049028, 5049028
2015, RAJASTHAN, 8, CHURU, 87, RAJGARH, 1238, NAWAN, 36855, 1124157, Drinking water, 0, 0, 0, 0, 0, 0, 761177, 761177
2015, RAJASTHAN, 8, CHURU, 87, RAJGARH, 1238, NAWAN, 36855, 1124157, Roads, 0, 0, 0, 0, 0, 0, 2102641, 2102641
2015, RAJASTHAN, 8, CHURU, 87, RAJGARH, 1238, NAWAN, 36855, 1124157, Sanitation, 0, 0, 0, 0, 0, 0, 1241000, 1241000
2015, RAJASTHAN, 8, CHURU, 87, RAJGARH, 1238, NAWAN, 36855, 1124157, Total, 0, 0, 0, 0, 0, 0, 4104818, 4104818
2015, RAJASTHAN, 8, CHURU, 87, RAJGARH, 1238, NEEMA, 36857, 1121009, Drinking water, 0, 0, 0, 0, 0, 0, 528638, 528638
2015, RAJASTHAN, 8, CHURU, 87, RAJGARH, 1238, NEEMA, 36857, 1121009, Maintenance of community system, 0, 0, 0, 0, 0, 0, 304000, 304000
2015, RAJASTHAN, 8, CHURU, 87, RAJGARH, 1238, NEEMA, 36857, 1121009, Roads, 0, 0, 0, 0, 0, 0, 1241978, 1241978
2015, RAJASTHAN, 8, CHURU, 87, RAJGARH, 1238, NEEMA, 36857, 1121009, Sanitation, 0, 0, 0, 0, 0, 0, 350000, 350000
2015, RAJASTHAN, 8, CHURU, 87, RAJGARH, 1238, NEEMA, 36857, 1121009, Total, 0, 0, 0, 0, 0, 0, 2424616, 2424616
2015, RAJASTHAN, 8, CHURU, 87, RAJGARH, 1238, NESHAL, 36854, 1174530, Health, 0, 0, 0, 0, 0, 0, 327349, 327349
2015, RAJASTHAN, 8, CHURU, 87, RAJGARH, 1238, NESHAL, 36854, 1174530, Roads, 0, 0, 0, 0, 0, 0, 1393951, 1393951
2015, RAJASTHAN, 8, CHURU, 87, RAJGARH, 1238, NESHAL, 36854, 1174530, Sanitation, 0, 0, 0, 0, 0, 0, 1000000, 1000000
2015, RAJASTHAN, 8, CHURU, 87, RAJGARH, 1238, NESHAL, 36854, 1174530, Total, 0, 0, 0, 0, 0, 0, 2721300, 2721300
2015, RAJASTHAN, 8, CHURU, 87, RAJGARH, 1238, NOOHAND, 36859, 1163086, Health, 0, 0, 0, 0, 0, 0, 1253085, 1253085
2015, RAJASTHAN, 8, CHURU, 87, RAJGARH, 1238, NOOHAND, 36859, 1163086, Roads, 0, 0, 0, 0, 0, 0, 1315961, 1315961
2015, RAJASTHAN, 8, CHURU, 87, RAJGARH, 1238, NOOHAND, 36859, 1163086, Total, 0, 0, 0, 0, 0, 0, 2569046, 2569046
2015, RAJASTHAN, 8, CHURU, 87, RAJGARH, 1238, NYAGAL CHHOTI, 36856, 1173297, Roads, 0, 0, 0, 0, 0, 0, 1276196, 1276196
2015, RAJASTHAN, 8, CHURU, 87, RAJGARH, 1238, NYAGAL CHHOTI, 36856, 1173297, Sanitation, 0, 0, 0, 0, 0, 0, 1215220, 1215220
2015, RAJASTHAN, 8, CHURU, 87, RAJGARH, 1238, NYAGAL CHHOTI, 36856, 1173297, Total, 0, 0, 0, 0, 0, 0, 2491416, 2491416
2015, RAJASTHAN, 8, CHURU, 87, RAJGARH, 1238, PAHARSAR, 36860, 1123072, Drinking water, 0, 0, 0, 0, 0, 0, 495553, 495553
2015, RAJASTHAN, 8, CHURU, 87, RAJGARH, 1238, PAHARSAR, 36860, 1123072, Roads, 0, 0, 0, 0, 0, 0, 1255542, 1255542
2015, RAJASTHAN, 8, CHURU, 87, RAJGARH, 1238, PAHARSAR, 36860, 1123072, Sanitation, 0, 0, 0, 0, 0, 0, 700000, 700000
2015, RAJASTHAN, 8, CHURU, 87, RAJGARH, 1238, PAHARSAR, 36860, 1123072, Total, 0, 0, 0, 0, 0, 0, 2451095, 2451095
2015, RAJASTHAN, 8, CHURU, 87, RAJGARH, 1238, RADHA CHHOTI, 36862, 1123143, Drinking water, 0, 0, 0, 0, 0, 0, 991900, 991900
2015, RAJASTHAN, 8, CHURU, 87, RAJGARH, 1238, RADHA CHHOTI, 36862, 1123143, Maintenance of community system, 0, 0, 0, 0, 0, 0, 100000, 100000
2015, RAJASTHAN, 8, CHURU, 87, RAJGARH, 1238, RADHA CHHOTI, 36862, 1123143, Roads, 0, 0, 0, 0, 0, 0, 1252459, 1252459
2015, RAJASTHAN, 8, CHURU, 87, RAJGARH, 1238, RADHA CHHOTI, 36862, 1123143, Sanitation, 0, 0, 0, 0, 0, 0, 100717, 100717
2015, RAJASTHAN, 8, CHURU, 87, RAJGARH, 1238, RADHA CHHOTI, 36862, 1123143, Total, 0, 0, 0, 0, 0, 0, 2445076, 2445076
2015, RAJASTHAN, 8, CHURU, 87, RAJGARH, 1238, RAGHA BARI, 36861, 1174835, Roads, 0, 0, 0, 0, 0, 0, 2718635, 2718635
2015, RAJASTHAN, 8, CHURU, 87, RAJGARH, 1238, RAGHA BARI, 36861, 1174835, Sanitation, 0, 0, 0, 0, 0, 0, 250000, 250000
2015, RAJASTHAN, 8, CHURU, 87, RAJGARH, 1238, RAGHA BARI, 36861, 1174835, Total, 0, 0, 0, 0, 0, 0, 2968635, 2968635
2015, RAJASTHAN, 8, CHURU, 87, RAJGARH, 1238, RAMPURA, 36863, 1159136, Roads, 0, 0, 0, 0, 0, 0, 1247218, 1247218
2015, RAJASTHAN, 8, CHURU, 87, RAJGARH, 1238, RAMPURA, 36863, 1159136, Sanitation, 0, 0, 0, 0, 0, 0, 1675682, 1675682
2015, RAJASTHAN, 8, CHURU, 87, RAJGARH, 1238, RAMPURA, 36863, 1159136, Total, 0, 0, 0, 0, 0, 0, 2922900, 2922900
2015, RAJASTHAN, 8, CHURU, 87, RAJGARH, 1238, RAMSARA TAL, 36864, 1161003, Drinking water, 0, 0, 0, 0, 0, 0, 175000, 175000
2015, RAJASTHAN, 8, CHURU, 87, RAJGARH, 1238, RAMSARA TAL, 36864, 1161003, Education, 0, 0, 0, 0, 0, 0, 62247, 62247
2015, RAJASTHAN, 8, CHURU, 87, RAJGARH, 1238, RAMSARA TAL, 36864, 1161003, Roads, 0, 0, 0, 0, 0, 0, 1900917, 1900917
2015, RAJASTHAN, 8, CHURU, 87, RAJGARH, 1238, RAMSARA TAL, 36864, 1161003, Total, 0, 0, 0, 0, 0, 0, 2138164, 2138164
2015, RAJASTHAN, 8, CHURU, 87, RAJGARH, 1238, RATANPURA, 36865, 1163248, Roads, 0, 0, 0, 0, 0, 0, 1700932, 1700932
2015, RAJASTHAN, 8, CHURU, 87, RAJGARH, 1238, RATANPURA, 36865, 1163248, Sanitation, 0, 0, 0, 0, 0, 0, 2607291, 2607291
2015, RAJASTHAN, 8, CHURU, 87, RAJGARH, 1238, RATANPURA, 36865, 1163248, Total, 0, 0, 0, 0, 0, 0, 4308223, 4308223
2015, RAJASTHAN, 8, CHURU, 87, RAJGARH, 1238, SANKHAN TAL, 36867, 1174850, Drinking water, 0, 0, 0, 0, 0, 0, 351599, 351599
2015, RAJASTHAN, 8, CHURU, 87, RAJGARH, 1238, SANKHAN TAL, 36867, 1174850, Roads, 0, 0, 0, 0, 0, 0, 3075000, 3075000
2015, RAJASTHAN, 8, CHURU, 87, RAJGARH, 1238, SANKHAN TAL, 36867, 1174850, Sanitation, 0, 0, 0, 0, 0, 0, 879217, 879217
2015, RAJASTHAN, 8, CHURU, 87, RAJGARH, 1238, SANKHAN TAL, 36867, 1174850, Total, 0, 0, 0, 0, 0, 0, 4305816, 4305816
2015, RAJASTHAN, 8, CHURU, 87, RAJGARH, 1238, SANKHOO, 36868, 1123076, Roads, 0, 0, 0, 0, 0, 0, 3819000, 3819000
2015, RAJASTHAN, 8, CHURU, 87, RAJGARH, 1238, SANKHOO, 36868, 1123076, Sanitation, 0, 0, 0, 0, 0, 0, 655919, 655919
2015, RAJASTHAN, 8, CHURU, 87, RAJGARH, 1238, SANKHOO, 36868, 1123076, Total, 0, 0, 0, 0, 0, 0, 4474919, 4474919
2015, RAJASTHAN, 8, CHURU, 87, RAJGARH, 1238, SEOWA, 36866, 1169961, Education, 0, 0, 0, 0, 0, 0, 360000, 360000
2015, RAJASTHAN, 8, CHURU, 87, RAJGARH, 1238, SEOWA, 36866, 1169961, Roads, 0, 0, 0, 0, 0, 0, 2391000, 2391000
2015, RAJASTHAN, 8, CHURU, 87, RAJGARH, 1238, SEOWA, 36866, 1169961, Sanitation, 0, 0, 0, 0, 0, 0, 1542029, 1542029
2015, RAJASTHAN, 8, CHURU, 87, RAJGARH, 1238, SEOWA, 36866, 1169961, Social welfare, 0, 0, 0, 0, 0, 0, 286000, 286000
2015, RAJASTHAN, 8, CHURU, 87, RAJGARH, 1238, SEOWA, 36866, 1169961, Total, 0, 0, 0, 0, 0, 0, 4579029, 4579029
2015, RAJASTHAN, 8, CHURU, 87, RAJGARH, 1238, SIDHMUKH, 36869, 1123084, Roads, 0, 0, 0, 0, 0, 0, 3199112, 3199112
2015, RAJASTHAN, 8, CHURU, 87, RAJGARH, 1238, SIDHMUKH, 36869, 1123084, Sanitation, 0, 0, 0, 0, 0, 0, 1758445, 1758445
2015, RAJASTHAN, 8, CHURU, 87, RAJGARH, 1238, SIDHMUKH, 36869, 1123084, Total, 0, 0, 0, 0, 0, 0, 4957557, 4957557
2015, RAJASTHAN, 8, CHURU, 87, RAJGARH, 1238, SULKHANIYA CHHOTA, 36870, 1163838, Drinking water, 0, 0, 0, 0, 0, 0, 854000, 854000
2015, RAJASTHAN, 8, CHURU, 87, RAJGARH, 1238, SULKHANIYA CHHOTA, 36870, 1163838, Roads, 0, 0, 0, 0, 0, 0, 1336765, 1336765
2015, RAJASTHAN, 8, CHURU, 87, RAJGARH, 1238, SULKHANIYA CHHOTA, 36870, 1163838, Sanitation, 0, 0, 0, 0, 0, 0, 1231019, 1231019
2015, RAJASTHAN, 8, CHURU, 87, RAJGARH, 1238, SULKHANIYA CHHOTA, 36870, 1163838, Total, 0, 0, 0, 0, 0, 0, 3421784, 3421784
2015, RAJASTHAN, 8, CHURU, 87, RAJGARH, 1238, SURATPURA, 36871, 1123088, Drinking water, 0, 0, 0, 0, 0, 0, 132000, 132000
2015, RAJASTHAN, 8, CHURU, 87, RAJGARH, 1238, SURATPURA, 36871, 1123088, Education, 0, 0, 0, 0, 0, 0, 255000, 255000
2015, RAJASTHAN, 8, CHURU, 87, RAJGARH, 1238, SURATPURA, 36871, 1123088, Roads, 0, 0, 0, 0, 0, 0, 1553987, 1553987
2015, RAJASTHAN, 8, CHURU, 87, RAJGARH, 1238, SURATPURA, 36871, 1123088, Sanitation, 0, 0, 0, 0, 0, 0, 899468, 899468
2015, RAJASTHAN, 8, CHURU, 87, RAJGARH, 1238, SURATPURA, 36871, 1123088, Total, 0, 0, 0, 0, 0, 0, 2840455, 2840455
2015, RAJASTHAN, 8, CHURU, 87, RAJGARH, 1238, TAMBA KHERI, 36872, 1169950, Health, 0, 0, 0, 0, 0, 0, 997000, 997000
2015, RAJASTHAN, 8, CHURU, 87, RAJGARH, 1238, TAMBA KHERI, 36872, 1169950, Roads, 0, 0, 0, 0, 0, 0, 1317503, 1317503
2015, RAJASTHAN, 8, CHURU, 87, RAJGARH, 1238, TAMBA KHERI, 36872, 1169950, Sanitation, 0, 0, 0, 0, 0, 0, 257553, 257553
2015, RAJASTHAN, 8, CHURU, 87, RAJGARH, 1238, TAMBA KHERI, 36872, 1169950, Total, 0, 0, 0, 0, 0, 0, 2572056, 2572056
2015, RAJASTHAN, 8, CHURU, 87, RAJGARH, 1238, THIRPALI BARI, 36873, 1169956, Roads, 0, 0, 0, 0, 0, 0, 3506637, 3506637
2015, RAJASTHAN, 8, CHURU, 87, RAJGARH, 1238, THIRPALI BARI, 36873, 1169956, Total, 0, 0, 0, 0, 0, 0, 3506637, 3506637
2015, RAJASTHAN, 8, CHURU, 87, RAJGARH, 1238, VIJAYPURA, 36874, 1174428, Education, 0, 0, 0, 0, 0, 0, 346260, 346260
2015, RAJASTHAN, 8, CHURU, 87, RAJGARH, 1238, VIJAYPURA, 36874, 1174428, Roads, 0, 0, 0, 0, 0, 0, 1433602, 1433602
2015, RAJASTHAN, 8, CHURU, 87, RAJGARH, 1238, VIJAYPURA, 36874, 1174428, Sanitation, 0, 0, 0, 0, 0, 0, 862000, 862000
2015, RAJASTHAN, 8, CHURU, 87, RAJGARH, 1238, VIJAYPURA, 36874, 1174428, Total, 0, 0, 0, 0, 0, 0, 2641862, 2641862
2015, RAJASTHAN, 8, CHURU, 87, RATANGARH, 1239, ALSAR, 36875, 1103405, Drinking water, 0, 0, 0, 0, 0, 0, 860545, 860545
2015, RAJASTHAN, 8, CHURU, 87, RATANGARH, 1239, ALSAR, 36875, 1103405, Maintenance of community system, 0, 0, 0, 0, 0, 0, 340000, 340000
2015, RAJASTHAN, 8, CHURU, 87, RATANGARH, 1239, ALSAR, 36875, 1103405, Roads, 0, 0, 0, 0, 0, 0, 2280507, 2280507
2015, RAJASTHAN, 8, CHURU, 87, RATANGARH, 1239, ALSAR, 36875, 1103405, Sanitation, 0, 0, 0, 0, 0, 0, 971000, 971000
2015, RAJASTHAN, 8, CHURU, 87, RATANGARH, 1239, ALSAR, 36875, 1103405, Total, 0, 0, 0, 0, 0, 0, 4452052, 4452052
2015, RAJASTHAN, 8, CHURU, 87, RATANGARH, 1239, BACHHARARA BARA, 36876, 1118742, Drinking water, 0, 0, 0, 0, 0, 0, 322264, 322264
2015, RAJASTHAN, 8, CHURU, 87, RATANGARH, 1239, BACHHARARA BARA, 36876, 1118742, Health, 0, 0, 0, 0, 0, 0, 28000, 28000
2015, RAJASTHAN, 8, CHURU, 87, RATANGARH, 1239, BACHHARARA BARA, 36876, 1118742, Roads, 0, 0, 0, 0, 0, 0, 772000, 772000
2015, RAJASTHAN, 8, CHURU, 87, RATANGARH, 1239, BACHHARARA BARA, 36876, 1118742, Sanitation, 0, 0, 0, 0, 0, 0, 968000, 968000
2015, RAJASTHAN, 8, CHURU, 87, RATANGARH, 1239, BACHHARARA BARA, 36876, 1118742, Social welfare, 0, 0, 0, 0, 0, 0, 657514, 657514
2015, RAJASTHAN, 8, CHURU, 87, RATANGARH, 1239, BACHHARARA BARA, 36876, 1118742, Total, 0, 0, 0, 0, 0, 0, 2747778, 2747778
2015, RAJASTHAN, 8, CHURU, 87, RATANGARH, 1239, BEERAMSAR, 36881, 1121131, Drinking water, 0, 0, 0, 0, 0, 0, 479000, 479000
2015, RAJASTHAN, 8, CHURU, 87, RATANGARH, 1239, BEERAMSAR, 36881, 1121131, Health, 0, 0, 0, 0, 0, 0, 100000, 100000
2015, RAJASTHAN, 8, CHURU, 87, RATANGARH, 1239, BEERAMSAR, 36881, 1121131, Maintenance of community system, 0, 0, 0, 0, 0, 0, 150000, 150000
2015, RAJASTHAN, 8, CHURU, 87, RATANGARH, 1239, BEERAMSAR, 36881, 1121131, Roads, 0, 0, 0, 0, 0, 0, 1240130, 1240130
2015, RAJASTHAN, 8, CHURU, 87, RATANGARH, 1239, BEERAMSAR, 36881, 1121131, Sanitation, 0, 0, 0, 0, 0, 0, 451876, 451876
2015, RAJASTHAN, 8, CHURU, 87, RATANGARH, 1239, BEERAMSAR, 36881, 1121131, Total, 0, 0, 0, 0, 0, 0, 2421006, 2421006
2015, RAJASTHAN, 8, CHURU, 87, RATANGARH, 1239, BHANUDA BIDAWATAN, 36877, 1120152, Drinking water, 0, 0, 0, 0, 0, 0, 724637, 724637
2015, RAJASTHAN, 8, CHURU, 87, RATANGARH, 1239, BHANUDA BIDAWATAN, 36877, 1120152, Health, 0, 0, 0, 0, 0, 0, 92458, 92458
2015, RAJASTHAN, 8, CHURU, 87, RATANGARH, 1239, BHANUDA BIDAWATAN, 36877, 1120152, Maintenance of community system, 0, 0, 0, 0, 0, 0, 199508, 199508
2015, RAJASTHAN, 8, CHURU, 87, RATANGARH, 1239, BHANUDA BIDAWATAN, 36877, 1120152, Roads, 0, 0, 0, 0, 0, 0, 1410562, 1410562
2015, RAJASTHAN, 8, CHURU, 87, RATANGARH, 1239, BHANUDA BIDAWATAN, 36877, 1120152, Sanitation, 0, 0, 0, 0, 0, 0, 548000, 548000
2015, RAJASTHAN, 8, CHURU, 87, RATANGARH, 1239, BHANUDA BIDAWATAN, 36877, 1120152, Total, 0, 0, 0, 0, 0, 0, 3042657, 3042657
2015, RAJASTHAN, 8, CHURU, 87, RATANGARH, 1239, BHANUDA BIDAWATAN, 36877, 1120152, Women and child development, 0, 0, 0, 0, 0, 0, 67492, 67492
2015, RAJASTHAN, 8, CHURU, 87, RATANGARH, 1239, BHARPALSAR LADKHANIYAN, 36878, 1120362, Drinking water, 0, 0, 0, 0, 0, 0, 211000, 211000
2015, RAJASTHAN, 8, CHURU, 87, RATANGARH, 1239, BHARPALSAR LADKHANIYAN, 36878, 1120362, Education, 0, 0, 0, 0, 0, 0, 200000, 200000
2015, RAJASTHAN, 8, CHURU, 87, RATANGARH, 1239, BHARPALSAR LADKHANIYAN, 36878, 1120362, Health, 0, 0, 0, 0, 0, 0, 692000, 692000
2015, RAJASTHAN, 8, CHURU, 87, RATANGARH, 1239, BHARPALSAR LADKHANIYAN, 36878, 1120362, Maintenance of community system, 0, 0, 0, 0, 0, 0, 99000, 99000
2015, RAJASTHAN, 8, CHURU, 87, RATANGARH, 1239, BHARPALSAR LADKHANIYAN, 36878, 1120362, Roads, 0, 0, 0, 0, 0, 0, 458000, 458000
2015, RAJASTHAN, 8, CHURU, 87, RATANGARH, 1239, BHARPALSAR LADKHANIYAN, 36878, 1120362, Sanitation, 0, 0, 0, 0, 0, 0, 2849823, 2849823
2015, RAJASTHAN, 8, CHURU, 87, RATANGARH, 1239, BHARPALSAR LADKHANIYAN, 36878, 1120362, Total, 0, 0, 0, 0, 0, 0, 4509823, 4509823
2015, RAJASTHAN, 8, CHURU, 87, RATANGARH, 1239, BHUKHREDI, 36879, 1120687, Drinking water, 0, 0, 0, 0, 0, 0, 131000, 131000
2015, RAJASTHAN, 8, CHURU, 87, RATANGARH, 1239, BHUKHREDI, 36879, 1120687, Health, 0, 0, 0, 0, 0, 0, 100000, 100000
2015, RAJASTHAN, 8, CHURU, 87, RATANGARH, 1239, BHUKHREDI, 36879, 1120687, Maintenance of community system, 0, 0, 0, 0, 0, 0, 119000, 119000
2015, RAJASTHAN, 8, CHURU, 87, RATANGARH, 1239, BHUKHREDI, 36879, 1120687, Roads, 0, 0, 0, 0, 0, 0, 1161091, 1161091
2015, RAJASTHAN, 8, CHURU, 87, RATANGARH, 1239, BHUKHREDI, 36879, 1120687, Sanitation, 0, 0, 0, 0, 0, 0, 950837, 950837
2015, RAJASTHAN, 8, CHURU, 87, RATANGARH, 1239, BHUKHREDI, 36879, 1120687, Total, 0, 0, 0, 0, 0, 0, 2461928, 2461928
2015, RAJASTHAN, 8, CHURU, 87, RATANGARH, 1239, BINADESAR BIDAWATAN, 36880, 1121130, Drinking water, 0, 0, 0, 0, 0, 0, 1171000, 1171000
2015, RAJASTHAN, 8, CHURU, 87, RATANGARH, 1239, BINADESAR BIDAWATAN, 36880, 1121130, Education, 0, 0, 0, 0, 0, 0, 100000, 100000
2015, RAJASTHAN, 8, CHURU, 87, RATANGARH, 1239, BINADESAR BIDAWATAN, 36880, 1121130, Health, 0, 0, 0, 0, 0, 0, 100000, 100000
2015, RAJASTHAN, 8, CHURU, 87, RATANGARH, 1239, BINADESAR BIDAWATAN, 36880, 1121130, Maintenance of community system, 0, 0, 0, 0, 0, 0, 188000, 188000
2015, RAJASTHAN, 8, CHURU, 87, RATANGARH, 1239, BINADESAR BIDAWATAN, 36880, 1121130, Roads, 0, 0, 0, 0, 0, 0, 1576415, 1576415
2015, RAJASTHAN, 8, CHURU, 87, RATANGARH, 1239, BINADESAR BIDAWATAN, 36880, 1121130, Sanitation, 0, 0, 0, 0, 0, 0, 566805, 566805
2015, RAJASTHAN, 8, CHURU, 87, RATANGARH, 1239, BINADESAR BIDAWATAN, 36880, 1121130, Total, 0, 0, 0, 0, 0, 0, 3702220, 3702220
2015, RAJASTHAN, 8, CHURU, 87, RATANGARH, 1239, DAUDSAR, 36882, 1123055, Drinking water, 0, 0, 0, 0, 0, 0, 1079000, 1079000
2015, RAJASTHAN, 8, CHURU, 87, RATANGARH, 1239, DAUDSAR, 36882, 1123055, Maintenance of community system, 0, 0, 0, 0, 0, 0, 200000, 200000
2015, RAJASTHAN, 8, CHURU, 87, RATANGARH, 1239, DAUDSAR, 36882, 1123055, Roads, 0, 0, 0, 0, 0, 0, 1828831, 1828831
2015, RAJASTHAN, 8, CHURU, 87, RATANGARH, 1239, DAUDSAR, 36882, 1123055, Sanitation, 0, 0, 0, 0, 0, 0, 872416, 872416
2015, RAJASTHAN, 8, CHURU, 87, RATANGARH, 1239, DAUDSAR, 36882, 1123055, Total, 0, 0, 0, 0, 0, 0, 3980247, 3980247
2015, RAJASTHAN, 8, CHURU, 87, RATANGARH, 1239, GOGASAR, 36883, 1123693, Health, 0, 0, 0, 0, 0, 0, 292125, 292125
2015, RAJASTHAN, 8, CHURU, 87, RATANGARH, 1239, GOGASAR, 36883, 1123693, Maintenance of community system, 0, 0, 0, 0, 0, 0, 100000, 100000
2015, RAJASTHAN, 8, CHURU, 87, RATANGARH, 1239, GOGASAR, 36883, 1123693, Roads, 0, 0, 0, 0, 0, 0, 1356959, 1356959
2015, RAJASTHAN, 8, CHURU, 87, RATANGARH, 1239, GOGASAR, 36883, 1123693, Sanitation, 0, 0, 0, 0, 0, 0, 900000, 900000
2015, RAJASTHAN, 8, CHURU, 87, RATANGARH, 1239, GOGASAR, 36883, 1123693, Total, 0, 0, 0, 0, 0, 0, 2649084, 2649084
2015, RAJASTHAN, 8, CHURU, 87, RATANGARH, 1239, GOLSAR, 36884, 1123758, Drinking water, 0, 0, 0, 0, 0, 0, 350000, 350000
2015, RAJASTHAN, 8, CHURU, 87, RATANGARH, 1239, GOLSAR, 36884, 1123758, Health, 0, 0, 0, 0, 0, 0, 462473, 462473
2015, RAJASTHAN, 8, CHURU, 87, RATANGARH, 1239, GOLSAR, 36884, 1123758, Roads, 0, 0, 0, 0, 0, 0, 1483346, 1483346
2015, RAJASTHAN, 8, CHURU, 87, RATANGARH, 1239, GOLSAR, 36884, 1123758, Sanitation, 0, 0, 0, 0, 0, 0, 600000, 600000
2015, RAJASTHAN, 8, CHURU, 87, RATANGARH, 1239, GOLSAR, 36884, 1123758, Total, 0, 0, 0, 0, 0, 0, 2895819, 2895819
2015, RAJASTHAN, 8, CHURU, 87, RATANGARH, 1239, GORISAR, 36885, 1123485, Drinking water, 0, 0, 0, 0, 0, 0, 535045, 535045
2015, RAJASTHAN, 8, CHURU, 87, RATANGARH, 1239, GORISAR, 36885, 1123485, Roads, 0, 0, 0, 0, 0, 0, 1708684, 1708684
2015, RAJASTHAN, 8, CHURU, 87, RATANGARH, 1239, GORISAR, 36885, 1123485, Sanitation, 0, 0, 0, 0, 0, 0, 1092000, 1092000
2015, RAJASTHAN, 8, CHURU, 87, RATANGARH, 1239, GORISAR, 36885, 1123485, Total, 0, 0, 0, 0, 0, 0, 3335729, 3335729
2015, RAJASTHAN, 8, CHURU, 87, RATANGARH, 1239, JANDWA, 36886, 1123635, Drinking water, 0, 0, 0, 0, 0, 0, 355492, 355492
2015, RAJASTHAN, 8, CHURU, 87, RATANGARH, 1239, JANDWA, 36886, 1123635, Health, 0, 0, 0, 0, 0, 0, 100000, 100000
2015, RAJASTHAN, 8, CHURU, 87, RATANGARH, 1239, JANDWA, 36886, 1123635, Maintenance of community system, 0, 0, 0, 0, 0, 0, 178000, 178000
2015, RAJASTHAN, 8, CHURU, 87, RATANGARH, 1239, JANDWA, 36886, 1123635, Roads, 0, 0, 0, 0, 0, 0, 1782667, 1782667
2015, RAJASTHAN, 8, CHURU, 87, RATANGARH, 1239, JANDWA, 36886, 1123635, Sanitation, 0, 0, 0, 0, 0, 0, 1064000, 1064000
2015, RAJASTHAN, 8, CHURU, 87, RATANGARH, 1239, JANDWA, 36886, 1123635, Total, 0, 0, 0, 0, 0, 0, 3480159, 3480159
2015, RAJASTHAN, 8, CHURU, 87, RATANGARH, 1239, KANGAR, 36887, 1124967, Drinking water, 0, 0, 0, 0, 0, 0, 600000, 600000
2015, RAJASTHAN, 8, CHURU, 87, RATANGARH, 1239, KANGAR, 36887, 1124967, Roads, 0, 0, 0, 0, 0, 0, 1497835, 1497835
2015, RAJASTHAN, 8, CHURU, 87, RATANGARH, 1239, KANGAR, 36887, 1124967, Sanitation, 0, 0, 0, 0, 0, 0, 826269, 826269
2015, RAJASTHAN, 8, CHURU, 87, RATANGARH, 1239, KANGAR, 36887, 1124967, Total, 0, 0, 0, 0, 0, 0, 2924104, 2924104
2015, RAJASTHAN, 8, CHURU, 87, RATANGARH, 1239, KANWARI, 36888, 1125004, Health, 0, 0, 0, 0, 0, 0, 83000, 83000
2015, RAJASTHAN, 8, CHURU, 87, RATANGARH, 1239, KANWARI, 36888, 1125004, Roads, 0, 0, 0, 0, 0, 0, 1264482, 1264482
2015, RAJASTHAN, 8, CHURU, 87, RATANGARH, 1239, KANWARI, 36888, 1125004, Sanitation, 0, 0, 0, 0, 0, 0, 1021066, 1021066
2015, RAJASTHAN, 8, CHURU, 87, RATANGARH, 1239, KANWARI, 36888, 1125004, Social welfare, 0, 0, 0, 0, 0, 0, 100000, 100000
2015, RAJASTHAN, 8, CHURU, 87, RATANGARH, 1239, KANWARI, 36888, 1125004, Total, 0, 0, 0, 0, 0, 0, 2468548, 2468548
2015, RAJASTHAN, 8, CHURU, 87, RATANGARH, 1239, KUSUM DESAR, 36889, 1125249, Drinking water, 0, 0, 0, 0, 0, 0, 800000, 800000
2015, RAJASTHAN, 8, CHURU, 87, RATANGARH, 1239, KUSUM DESAR, 36889, 1125249, Education, 0, 0, 0, 0, 0, 0, 194827, 194827
2015, RAJASTHAN, 8, CHURU, 87, RATANGARH, 1239, KUSUM DESAR, 36889, 1125249, Health, 0, 0, 0, 0, 0, 0, 232000, 232000
2015, RAJASTHAN, 8, CHURU, 87, RATANGARH, 1239, KUSUM DESAR, 36889, 1125249, Maintenance of community system, 0, 0, 0, 0, 0, 0, 200000, 200000
2015, RAJASTHAN, 8, CHURU, 87, RATANGARH, 1239, KUSUM DESAR, 36889, 1125249, Roads, 0, 0, 0, 0, 0, 0, 1052252, 1052252
2015, RAJASTHAN, 8, CHURU, 87, RATANGARH, 1239, KUSUM DESAR, 36889, 1125249, Sanitation, 0, 0, 0, 0, 0, 0, 235000, 235000
2015, RAJASTHAN, 8, CHURU, 87, RATANGARH, 1239, KUSUM DESAR, 36889, 1125249, Total, 0, 0, 0, 0, 0, 0, 2714079, 2714079
2015, RAJASTHAN, 8, CHURU, 87, RATANGARH, 1239, LACHHARSAR, 36890, 1125399, Drinking water, 0, 0, 0, 0, 0, 0, 656000, 656000
2015, RAJASTHAN, 8, CHURU, 87, RATANGARH, 1239, LACHHARSAR, 36890, 1125399, Health, 0, 0, 0, 0, 0, 0, 200000, 200000
2015, RAJASTHAN, 8, CHURU, 87, RATANGARH, 1239, LACHHARSAR, 36890, 1125399, Roads, 0, 0, 0, 0, 0, 0, 2510000, 2510000
2015, RAJASTHAN, 8, CHURU, 87, RATANGARH, 1239, LACHHARSAR, 36890, 1125399, Sanitation, 0, 0, 0, 0, 0, 0, 2326343, 2326343
2015, RAJASTHAN, 8, CHURU, 87, RATANGARH, 1239, LACHHARSAR, 36890, 1125399, Total, 0, 0, 0, 0, 0, 0, 5692343, 5692343
2015, RAJASTHAN, 8, CHURU, 87, RATANGARH, 1239, LADHASAR, 36891, 1125749, Drinking water, 0, 0, 0, 0, 0, 0, 621188, 621188
2015, RAJASTHAN, 8, CHURU, 87, RATANGARH, 1239, LADHASAR, 36891, 1125749, Education, 0, 0, 0, 0, 0, 0, 100000, 100000
2015, RAJASTHAN, 8, CHURU, 87, RATANGARH, 1239, LADHASAR, 36891, 1125749, Health, 0, 0, 0, 0, 0, 0, 100000, 100000
2015, RAJASTHAN, 8, CHURU, 87, RATANGARH, 1239, LADHASAR, 36891, 1125749, Maintenance of community system, 0, 0, 0, 0, 0, 0, 499000, 499000
2015, RAJASTHAN, 8, CHURU, 87, RATANGARH, 1239, LADHASAR, 36891, 1125749, Roads, 0, 0, 0, 0, 0, 0, 1911519, 1911519
2015, RAJASTHAN, 8, CHURU, 87, RATANGARH, 1239, LADHASAR, 36891, 1125749, Sanitation, 0, 0, 0, 0, 0, 0, 500000, 500000
2015, RAJASTHAN, 8, CHURU, 87, RATANGARH, 1239, LADHASAR, 36891, 1125749, Total, 0, 0, 0, 0, 0, 0, 3731707, 3731707
2015, RAJASTHAN, 8, CHURU, 87, RATANGARH, 1239, LOHA, 36892, 1125768, Drinking water, 0, 0, 0, 0, 0, 0, 99690, 99690
2015, RAJASTHAN, 8, CHURU, 87, RATANGARH, 1239, LOHA, 36892, 1125768, Education, 0, 0, 0, 0, 0, 0, 200000, 200000
2015, RAJASTHAN, 8, CHURU, 87, RATANGARH, 1239, LOHA, 36892, 1125768, Health, 0, 0, 0, 0, 0, 0, 200000, 200000
2015, RAJASTHAN, 8, CHURU, 87, RATANGARH, 1239, LOHA, 36892, 1125768, Maintenance of community system, 0, 0, 0, 0, 0, 0, 100000, 100000
2015, RAJASTHAN, 8, CHURU, 87, RATANGARH, 1239, LOHA, 36892, 1125768, Roads, 0, 0, 0, 0, 0, 0, 1863739, 1863739
2015, RAJASTHAN, 8, CHURU, 87, RATANGARH, 1239, LOHA, 36892, 1125768, Sanitation, 0, 0, 0, 0, 0, 0, 1175000, 1175000
2015, RAJASTHAN, 8, CHURU, 87, RATANGARH, 1239, LOHA, 36892, 1125768, Total, 0, 0, 0, 0, 0, 0, 3638429, 3638429
2015, RAJASTHAN, 8, CHURU, 87, RATANGARH, 1239, LOONCHH, 36893, 1126805, Drinking water, 0, 0, 0, 0, 0, 0, 782000, 782000
2015, RAJASTHAN, 8, CHURU, 87, RATANGARH, 1239, LOONCHH, 36893, 1126805, Education, 0, 0, 0, 0, 0, 0, 100000, 100000
2015, RAJASTHAN, 8, CHURU, 87, RATANGARH, 1239, LOONCHH, 36893, 1126805, Maintenance of community system, 0, 0, 0, 0, 0, 0, 386263, 386263
2015, RAJASTHAN, 8, CHURU, 87, RATANGARH, 1239, LOONCHH, 36893, 1126805, Roads, 0, 0, 0, 0, 0, 0, 1841236, 1841236
2015, RAJASTHAN, 8, CHURU, 87, RATANGARH, 1239, LOONCHH, 36893, 1126805, Sanitation, 0, 0, 0, 0, 0, 0, 485000, 485000
2015, RAJASTHAN, 8, CHURU, 87, RATANGARH, 1239, LOONCHH, 36893, 1126805, Total, 0, 0, 0, 0, 0, 0, 3594499, 3594499
2015, RAJASTHAN, 8, CHURU, 87, RATANGARH, 1239, MELOOSAR, 36894, 1126840, Drinking water, 0, 0, 0, 0, 0, 0, 300000, 300000
2015, RAJASTHAN, 8, CHURU, 87, RATANGARH, 1239, MELOOSAR, 36894, 1126840, Education, 0, 0, 0, 0, 0, 0, 200000, 200000
2015, RAJASTHAN, 8, CHURU, 87, RATANGARH, 1239, MELOOSAR, 36894, 1126840, Health, 0, 0, 0, 0, 0, 0, 100000, 100000
2015, RAJASTHAN, 8, CHURU, 87, RATANGARH, 1239, MELOOSAR, 36894, 1126840, Maintenance of community system, 0, 0, 0, 0, 0, 0, 488885, 488885
2015, RAJASTHAN, 8, CHURU, 87, RATANGARH, 1239, MELOOSAR, 36894, 1126840, Roads, 0, 0, 0, 0, 0, 0, 1546000, 1546000
2015, RAJASTHAN, 8, CHURU, 87, RATANGARH, 1239, MELOOSAR, 36894, 1126840, Sanitation, 0, 0, 0, 0, 0, 0, 622611, 622611
2015, RAJASTHAN, 8, CHURU, 87, RATANGARH, 1239, MELOOSAR, 36894, 1126840, Total, 0, 0, 0, 0, 0, 0, 3257496, 3257496
2015, RAJASTHAN, 8, CHURU, 87, RATANGARH, 1239, MENASAR, 36895, 1129050, Drinking water, 0, 0, 0, 0, 0, 0, 1449436, 1449436
2015, RAJASTHAN, 8, CHURU, 87, RATANGARH, 1239, MENASAR, 36895, 1129050, Roads, 0, 0, 0, 0, 0, 0, 1600000, 1600000
2015, RAJASTHAN, 8, CHURU, 87, RATANGARH, 1239, MENASAR, 36895, 1129050, Sanitation, 0, 0, 0, 0, 0, 0, 268238, 268238
2015, RAJASTHAN, 8, CHURU, 87, RATANGARH, 1239, MENASAR, 36895, 1129050, Total, 0, 0, 0, 0, 0, 0, 3317674, 3317674
2015, RAJASTHAN, 8, CHURU, 87, RATANGARH, 1239, NAUSARIYA, 36897, 1130171, Drinking water, 0, 0, 0, 0, 0, 0, 1080311, 1080311
2015, RAJASTHAN, 8, CHURU, 87, RATANGARH, 1239, NAUSARIYA, 36897, 1130171, Education, 0, 0, 0, 0, 0, 0, 297000, 297000
2015, RAJASTHAN, 8, CHURU, 87, RATANGARH, 1239, NAUSARIYA, 36897, 1130171, Roads, 0, 0, 0, 0, 0, 0, 1083000, 1083000
2015, RAJASTHAN, 8, CHURU, 87, RATANGARH, 1239, NAUSARIYA, 36897, 1130171, Sanitation, 0, 0, 0, 0, 0, 0, 2292636, 2292636
2015, RAJASTHAN, 8, CHURU, 87, RATANGARH, 1239, NAUSARIYA, 36897, 1130171, Total, 0, 0, 0, 0, 0, 0, 4752947, 4752947
2015, RAJASTHAN, 8, CHURU, 87, RATANGARH, 1239, NOONWA, 36896, 1129096, Drinking water, 0, 0, 0, 0, 0, 0, 390000, 390000
2015, RAJASTHAN, 8, CHURU, 87, RATANGARH, 1239, NOONWA, 36896, 1129096, Education, 0, 0, 0, 0, 0, 0, 200000, 200000
2015, RAJASTHAN, 8, CHURU, 87, RATANGARH, 1239, NOONWA, 36896, 1129096, Health, 0, 0, 0, 0, 0, 0, 300000, 300000
2015, RAJASTHAN, 8, CHURU, 87, RATANGARH, 1239, NOONWA, 36896, 1129096, Maintenance of community system, 0, 0, 0, 0, 0, 0, 172467, 172467
2015, RAJASTHAN, 8, CHURU, 87, RATANGARH, 1239, NOONWA, 36896, 1129096, Roads, 0, 0, 0, 0, 0, 0, 1640867, 1640867
2015, RAJASTHAN, 8, CHURU, 87, RATANGARH, 1239, NOONWA, 36896, 1129096, Sanitation, 0, 0, 0, 0, 0, 0, 500000, 500000
2015, RAJASTHAN, 8, CHURU, 87, RATANGARH, 1239, NOONWA, 36896, 1129096, Total, 0, 0, 0, 0, 0, 0, 3203334, 3203334
2015, RAJASTHAN, 8, CHURU, 87, RATANGARH, 1239, PABUSAR, 262091, 1130317, Drinking water, 0, 0, 0, 0, 0, 0, 596000, 596000
2015, RAJASTHAN, 8, CHURU, 87, RATANGARH, 1239, PABUSAR, 262091, 1130317, Maintenance of community system, 0, 0, 0, 0, 0, 0, 115208, 115208
2015, RAJASTHAN, 8, CHURU, 87, RATANGARH, 1239, PABUSAR, 262091, 1130317, Roads, 0, 0, 0, 0, 0, 0, 1306919, 1306919
2015, RAJASTHAN, 8, CHURU, 87, RATANGARH, 1239, PABUSAR, 262091, 1130317, Sanitation, 0, 0, 0, 0, 0, 0, 2056000, 2056000
2015, RAJASTHAN, 8, CHURU, 87, RATANGARH, 1239, PABUSAR, 262091, 1130317, Total, 0, 0, 0, 0, 0, 0, 4074127, 4074127
2015, RAJASTHAN, 8, CHURU, 87, RATANGARH, 1239, PARIHARA, 36898, 1136072, Drinking water, 0, 0, 0, 0, 0, 0, 1212000, 1212000
2015, RAJASTHAN, 8, CHURU, 87, RATANGARH, 1239, PARIHARA, 36898, 1136072, Education, 0, 0, 0, 0, 0, 0, 300000, 300000
2015, RAJASTHAN, 8, CHURU, 87, RATANGARH, 1239, PARIHARA, 36898, 1136072, Maintenance of community system, 0, 0, 0, 0, 0, 0, 150000, 150000
2015, RAJASTHAN, 8, CHURU, 87, RATANGARH, 1239, PARIHARA, 36898, 1136072, Roads, 0, 0, 0, 0, 0, 0, 3305469, 3305469
2015, RAJASTHAN, 8, CHURU, 87, RATANGARH, 1239, PARIHARA, 36898, 1136072, Sanitation, 0, 0, 0, 0, 0, 0, 1973590, 1973590
2015, RAJASTHAN, 8, CHURU, 87, RATANGARH, 1239, PARIHARA, 36898, 1136072, Total, 0, 0, 0, 0, 0, 0, 6941059, 6941059
2015, RAJASTHAN, 8, CHURU, 87, RATANGARH, 1239, PARSANEU, 36899, 1136413, Drinking water, 0, 0, 0, 0, 0, 0, 400000, 400000
2015, RAJASTHAN, 8, CHURU, 87, RATANGARH, 1239, PARSANEU, 36899, 1136413, Education, 0, 0, 0, 0, 0, 0, 300000, 300000
2015, RAJASTHAN, 8, CHURU, 87, RATANGARH, 1239, PARSANEU, 36899, 1136413, Health, 0, 0, 0, 0, 0, 0, 200000, 200000
2015, RAJASTHAN, 8, CHURU, 87, RATANGARH, 1239, PARSANEU, 36899, 1136413, Maintenance of community system, 0, 0, 0, 0, 0, 0, 100000, 100000
2015, RAJASTHAN, 8, CHURU, 87, RATANGARH, 1239, PARSANEU, 36899, 1136413, Roads, 0, 0, 0, 0, 0, 0, 1832729, 1832729
2015, RAJASTHAN, 8, CHURU, 87, RATANGARH, 1239, PARSANEU, 36899, 1136413, Sanitation, 0, 0, 0, 0, 0, 0, 549939, 549939
2015, RAJASTHAN, 8, CHURU, 87, RATANGARH, 1239, PARSANEU, 36899, 1136413, Total, 0, 0, 0, 0, 0, 0, 3382668, 3382668
2015, RAJASTHAN, 8, CHURU, 87, RATANGARH, 1239, RATANSARA, 36901, 1137156, Drinking water, 0, 0, 0, 0, 0, 0, 50000, 50000
2015, RAJASTHAN, 8, CHURU, 87, RATANGARH, 1239, RATANSARA, 36901, 1137156, Health, 0, 0, 0, 0, 0, 0, 125466, 125466
2015, RAJASTHAN, 8, CHURU, 87, RATANGARH, 1239, RATANSARA, 36901, 1137156, Roads, 0, 0, 0, 0, 0, 0, 1950669, 1950669
2015, RAJASTHAN, 8, CHURU, 87, RATANGARH, 1239, RATANSARA, 36901, 1137156, Sanitation, 0, 0, 0, 0, 0, 0, 1682000, 1682000
2015, RAJASTHAN, 8, CHURU, 87, RATANGARH, 1239, RATANSARA, 36901, 1137156, Total, 0, 0, 0, 0, 0, 0, 3808135, 3808135
2015, RAJASTHAN, 8, CHURU, 87, RATANGARH, 1239, RATNADESAR, 36900, 1136743, Drinking water, 0, 0, 0, 0, 0, 0, 600000, 600000
2015, RAJASTHAN, 8, CHURU, 87, RATANGARH, 1239, RATNADESAR, 36900, 1136743, Maintenance of community system, 0, 0, 0, 0, 0, 0, 200000, 200000
2015, RAJASTHAN, 8, CHURU, 87, RATANGARH, 1239, RATNADESAR, 36900, 1136743, Roads, 0, 0, 0, 0, 0, 0, 1368365, 1368365
2015, RAJASTHAN, 8, CHURU, 87, RATANGARH, 1239, RATNADESAR, 36900, 1136743, Sanitation, 0, 0, 0, 0, 0, 0, 500000, 500000
2015, RAJASTHAN, 8, CHURU, 87, RATANGARH, 1239, RATNADESAR, 36900, 1136743, Social welfare, 0, 0, 0, 0, 0, 0, 2985, 2985
2015, RAJASTHAN, 8, CHURU, 87, RATANGARH, 1239, RATNADESAR, 36900, 1136743, Total, 0, 0, 0, 0, 0, 0, 2671350, 2671350
2015, RAJASTHAN, 8, CHURU, 87, RATANGARH, 1239, SANGASAR, 36902, 1137195, Drinking water, 0, 0, 0, 0, 0, 0, 150000, 150000
2015, RAJASTHAN, 8, CHURU, 87, RATANGARH, 1239, SANGASAR, 36902, 1137195, Health, 0, 0, 0, 0, 0, 0, 600000, 600000
2015, RAJASTHAN, 8, CHURU, 87, RATANGARH, 1239, SANGASAR, 36902, 1137195, Roads, 0, 0, 0, 0, 0, 0, 1584640, 1584640
2015, RAJASTHAN, 8, CHURU, 87, RATANGARH, 1239, SANGASAR, 36902, 1137195, Sanitation, 0, 0, 0, 0, 0, 0, 954149, 954149
2015, RAJASTHAN, 8, CHURU, 87, RATANGARH, 1239, SANGASAR, 36902, 1137195, Total, 0, 0, 0, 0, 0, 0, 3288789, 3288789
2015, RAJASTHAN, 8, CHURU, 87, RATANGARH, 1239, SEETSAR, 36903, 1137181, Drinking water, 0, 0, 0, 0, 0, 0, 175000, 175000
2015, RAJASTHAN, 8, CHURU, 87, RATANGARH, 1239, SEETSAR, 36903, 1137181, Education, 0, 0, 0, 0, 0, 0, 17723, 17723
2015, RAJASTHAN, 8, CHURU, 87, RATANGARH, 1239, SEETSAR, 36903, 1137181, Health, 0, 0, 0, 0, 0, 0, 200000, 200000
2015, RAJASTHAN, 8, CHURU, 87, RATANGARH, 1239, SEETSAR, 36903, 1137181, Maintenance of community system, 0, 0, 0, 0, 0, 0, 100000, 100000
2015, RAJASTHAN, 8, CHURU, 87, RATANGARH, 1239, SEETSAR, 36903, 1137181, Roads, 0, 0, 0, 0, 0, 0, 1042535, 1042535
2015, RAJASTHAN, 8, CHURU, 87, RATANGARH, 1239, SEETSAR, 36903, 1137181, Sanitation, 0, 0, 0, 0, 0, 0, 400000, 400000
2015, RAJASTHAN, 8, CHURU, 87, RATANGARH, 1239, SEETSAR, 36903, 1137181, Social welfare, 0, 0, 0, 0, 0, 0, 100000, 100000
2015, RAJASTHAN, 8, CHURU, 87, RATANGARH, 1239, SEETSAR, 36903, 1137181, Total, 0, 0, 0, 0, 0, 0, 2035258, 2035258
2015, RAJASTHAN, 8, CHURU, 87, RATANGARH, 1239, SIKRALI, 36904, 1137960, Drinking water, 0, 0, 0, 0, 0, 0, 252000, 252000
2015, RAJASTHAN, 8, CHURU, 87, RATANGARH, 1239, SIKRALI, 36904, 1137960, Health, 0, 0, 0, 0, 0, 0, 400000, 400000
2015, RAJASTHAN, 8, CHURU, 87, RATANGARH, 1239, SIKRALI, 36904, 1137960, Maintenance of community system, 0, 0, 0, 0, 0, 0, 100000, 100000
2015, RAJASTHAN, 8, CHURU, 87, RATANGARH, 1239, SIKRALI, 36904, 1137960, Roads, 0, 0, 0, 0, 0, 0, 1477365, 1477365
2015, RAJASTHAN, 8, CHURU, 87, RATANGARH, 1239, SIKRALI, 36904, 1137960, Sanitation, 0, 0, 0, 0, 0, 0, 850000, 850000
2015, RAJASTHAN, 8, CHURU, 87, RATANGARH, 1239, SIKRALI, 36904, 1137960, Total, 0, 0, 0, 0, 0, 0, 3079365, 3079365
2015, RAJASTHAN, 8, CHURU, 87, RATANGARH, 1239, SIMSIYA BIDAWATAN, 36905, 1138480, Drinking water, 0, 0, 0, 0, 0, 0, 1332206, 1332206
2015, RAJASTHAN, 8, CHURU, 87, RATANGARH, 1239, SIMSIYA BIDAWATAN, 36905, 1138480, Maintenance of community system, 0, 0, 0, 0, 0, 0, 950000, 950000
2015, RAJASTHAN, 8, CHURU, 87, RATANGARH, 1239, SIMSIYA BIDAWATAN, 36905, 1138480, Roads, 0, 0, 0, 0, 0, 0, 2396721, 2396721
2015, RAJASTHAN, 8, CHURU, 87, RATANGARH, 1239, SIMSIYA BIDAWATAN, 36905, 1138480, Total, 0, 0, 0, 0, 0, 0, 4678927, 4678927
2015, RAJASTHAN, 8, CHURU, 87, RATANGARH, 1239, TIDIYASAR, 36906, 1138391, Drinking water, 0, 0, 0, 0, 0, 0, 500000, 500000
2015, RAJASTHAN, 8, CHURU, 87, RATANGARH, 1239, TIDIYASAR, 36906, 1138391, Maintenance of community system, 0, 0, 0, 0, 0, 0, 38791, 38791
2015, RAJASTHAN, 8, CHURU, 87, RATANGARH, 1239, TIDIYASAR, 36906, 1138391, Roads, 0, 0, 0, 0, 0, 0, 1463494, 1463494
2015, RAJASTHAN, 8, CHURU, 87, RATANGARH, 1239, TIDIYASAR, 36906, 1138391, Sanitation, 0, 0, 0, 0, 0, 0, 1050000, 1050000
2015, RAJASTHAN, 8, CHURU, 87, RATANGARH, 1239, TIDIYASAR, 36906, 1138391, Total, 0, 0, 0, 0, 0, 0, 3052285, 3052285
2015, RAJASTHAN, 8, CHURU, 87, SARDARSHAHAR, 1240, ADSISAR, 36907, 1091016, Drinking water, 0, 0, 0, 0, 0, 0, 582000, 582000
2015, RAJASTHAN, 8, CHURU, 87, SARDARSHAHAR, 1240, ADSISAR, 36907, 1091016, Roads, 0, 0, 0, 0, 0, 0, 972000, 972000
2015, RAJASTHAN, 8, CHURU, 87, SARDARSHAHAR, 1240, ADSISAR, 36907, 1091016, Total, 0, 0, 0, 0, 0, 0, 1554000, 1554000
2015, RAJASTHAN, 8, CHURU, 87, SARDARSHAHAR, 1240, AJEETSAR, 36908, 1129765, Drinking water, 0, 0, 0, 0, 0, 0, 60000, 60000
2015, RAJASTHAN, 8, CHURU, 87, SARDARSHAHAR, 1240, AJEETSAR, 36908, 1129765, Roads, 0, 0, 0, 0, 0, 0, 1473200, 1473200
2015, RAJASTHAN, 8, CHURU, 87, SARDARSHAHAR, 1240, AJEETSAR, 36908, 1129765, Total, 0, 0, 0, 0, 0, 0, 1533200, 1533200
2015, RAJASTHAN, 8, CHURU, 87, SARDARSHAHAR, 1240, ASPALSAR BARA, 36909, 1123192, Drinking water, 0, 0, 0, 0, 0, 0, 180500, 180500
2015, RAJASTHAN, 8, CHURU, 87, SARDARSHAHAR, 1240, ASPALSAR BARA, 36909, 1123192, Roads, 0, 0, 0, 0, 0, 0, 788600, 788600
2015, RAJASTHAN, 8, CHURU, 87, SARDARSHAHAR, 1240, ASPALSAR BARA, 36909, 1123192, Sanitation, 0, 0, 0, 0, 0, 0, 700000, 700000
2015, RAJASTHAN, 8, CHURU, 87, SARDARSHAHAR, 1240, ASPALSAR BARA, 36909, 1123192, Social welfare, 0, 0, 0, 0, 0, 0, 300000, 300000
2015, RAJASTHAN, 8, CHURU, 87, SARDARSHAHAR, 1240, ASPALSAR BARA, 36909, 1123192, Total, 0, 0, 0, 0, 0, 0, 1969100, 1969100
2015, RAJASTHAN, 8, CHURU, 87, SARDARSHAHAR, 1240, BANDHNAU UTRADA, 36911, 1123196, Drinking water, 0, 0, 0, 0, 0, 0, 736000, 736000
2015, RAJASTHAN, 8, CHURU, 87, SARDARSHAHAR, 1240, BANDHNAU UTRADA, 36911, 1123196, Roads, 0, 0, 0, 0, 0, 0, 1210000, 1210000
2015, RAJASTHAN, 8, CHURU, 87, SARDARSHAHAR, 1240, BANDHNAU UTRADA, 36911, 1123196, Total, 0, 0, 0, 0, 0, 0, 1946000, 1946000
2015, RAJASTHAN, 8, CHURU, 87, SARDARSHAHAR, 1240, BAYLA, 262092, 1123198, Drinking water, 0, 0, 0, 0, 0, 0, 1237600, 1237600
2015, RAJASTHAN, 8, CHURU, 87, SARDARSHAHAR, 1240, BAYLA, 262092, 1123198, Maintenance of community system, 0, 0, 0, 0, 0, 0, 43400, 43400
2015, RAJASTHAN, 8, CHURU, 87, SARDARSHAHAR, 1240, BAYLA, 262092, 1123198, Roads, 0, 0, 0, 0, 0, 0, 800000, 800000
2015, RAJASTHAN, 8, CHURU, 87, SARDARSHAHAR, 1240, BAYLA, 262092, 1123198, Sanitation, 0, 0, 0, 0, 0, 0, 1625000, 1625000
2015, RAJASTHAN, 8, CHURU, 87, SARDARSHAHAR, 1240, BAYLA, 262092, 1123198, Total, 0, 0, 0, 0, 0, 0, 3706000, 3706000
2015, RAJASTHAN, 8, CHURU, 87, SARDARSHAHAR, 1240, BEEKAMSARA, 36916, 1123199, Drinking water, 0, 0, 0, 0, 0, 0, 2813000, 2813000
2015, RAJASTHAN, 8, CHURU, 87, SARDARSHAHAR, 1240, BEEKAMSARA, 36916, 1123199, Education, 0, 0, 0, 0, 0, 0, 1330000, 1330000
2015, RAJASTHAN, 8, CHURU, 87, SARDARSHAHAR, 1240, BEEKAMSARA, 36916, 1123199, Roads, 0, 0, 0, 0, 0, 0, 1550000, 1550000
2015, RAJASTHAN, 8, CHURU, 87, SARDARSHAHAR, 1240, BEEKAMSARA, 36916, 1123199, Social welfare, 0, 0, 0, 0, 0, 0, 350000, 350000
2015, RAJASTHAN, 8, CHURU, 87, SARDARSHAHAR, 1240, BEEKAMSARA, 36916, 1123199, Total, 0, 0, 0, 0, 0, 0, 6043000, 6043000
2015, RAJASTHAN, 8, CHURU, 87, SARDARSHAHAR, 1240, BEJASAR, 36910, 1123201, Drinking water, 0, 0, 0, 0, 0, 0, 1867000, 1867000
2015, RAJASTHAN, 8, CHURU, 87, SARDARSHAHAR, 1240, BEJASAR, 36910, 1123201, Education, 0, 0, 0, 0, 0, 0, 350000, 350000
2015, RAJASTHAN, 8, CHURU, 87, SARDARSHAHAR, 1240, BEJASAR, 36910, 1123201, Roads, 0, 0, 0, 0, 0, 0, 1400000, 1400000
2015, RAJASTHAN, 8, CHURU, 87, SARDARSHAHAR, 1240, BEJASAR, 36910, 1123201, Social welfare, 0, 0, 0, 0, 0, 0, 350000, 350000
2015, RAJASTHAN, 8, CHURU, 87, SARDARSHAHAR, 1240, BEJASAR, 36910, 1123201, Total, 0, 0, 0, 0, 0, 0, 3967000, 3967000
2015, RAJASTHAN, 8, CHURU, 87, SARDARSHAHAR, 1240, BHADASAR, 36912, 1123205, Drinking water, 0, 0, 0, 0, 0, 0, 1670000, 1670000
2015, RAJASTHAN, 8, CHURU, 87, SARDARSHAHAR, 1240, BHADASAR, 36912, 1123205, Education, 0, 0, 0, 0, 0, 0, 2296000, 2296000
2015, RAJASTHAN, 8, CHURU, 87, SARDARSHAHAR, 1240, BHADASAR, 36912, 1123205, Roads, 0, 0, 0, 0, 0, 0, 760000, 760000
2015, RAJASTHAN, 8, CHURU, 87, SARDARSHAHAR, 1240, BHADASAR, 36912, 1123205, Total, 0, 0, 0, 0, 0, 0, 4726000, 4726000
2015, RAJASTHAN, 8, CHURU, 87, SARDARSHAHAR, 1240, BHANIPURA, 36913, 1143977, Health, 0, 0, 0, 0, 0, 0, 150000, 150000
2015, RAJASTHAN, 8, CHURU, 87, SARDARSHAHAR, 1240, BHANIPURA, 36913, 1143977, Roads, 0, 0, 0, 0, 0, 0, 4200000, 4200000
2015, RAJASTHAN, 8, CHURU, 87, SARDARSHAHAR, 1240, BHANIPURA, 36913, 1143977, Total, 0, 0, 0, 0, 0, 0, 4350000, 4350000
2015, RAJASTHAN, 8, CHURU, 87, SARDARSHAHAR, 1240, BHOJASAR CHHOTA, 36914, 1143989, Drinking water, 0, 0, 0, 0, 0, 0, 1935000, 1935000
2015, RAJASTHAN, 8, CHURU, 87, SARDARSHAHAR, 1240, BHOJASAR CHHOTA, 36914, 1143989, Education, 0, 0, 0, 0, 0, 0, 980000, 980000
2015, RAJASTHAN, 8, CHURU, 87, SARDARSHAHAR, 1240, BHOJASAR CHHOTA, 36914, 1143989, Roads, 0, 0, 0, 0, 0, 0, 1480000, 1480000
2015, RAJASTHAN, 8, CHURU, 87, SARDARSHAHAR, 1240, BHOJASAR CHHOTA, 36914, 1143989, Social welfare, 0, 0, 0, 0, 0, 0, 350000, 350000
2015, RAJASTHAN, 8, CHURU, 87, SARDARSHAHAR, 1240, BHOJASAR CHHOTA, 36914, 1143989, Total, 0, 0, 0, 0, 0, 0, 4745000, 4745000
2015, RAJASTHAN, 8, CHURU, 87, SARDARSHAHAR, 1240, BHOJSAR UPADHIIYAN, 36915, 1123210, Drinking water, 0, 0, 0, 0, 0, 0, 1023000, 1023000
2015, RAJASTHAN, 8, CHURU, 87, SARDARSHAHAR, 1240, BHOJSAR UPADHIIYAN, 36915, 1123210, Roads, 0, 0, 0, 0, 0, 0, 1628400, 1628400
2015, RAJASTHAN, 8, CHURU, 87, SARDARSHAHAR, 1240, BHOJSAR UPADHIIYAN, 36915, 1123210, Sanitation, 0, 0, 0, 0, 0, 0, 129000, 129000
2015, RAJASTHAN, 8, CHURU, 87, SARDARSHAHAR, 1240, BHOJSAR UPADHIIYAN, 36915, 1123210, Total, 0, 0, 0, 0, 0, 0, 2780400, 2780400
2015, RAJASTHAN, 8, CHURU, 87, SARDARSHAHAR, 1240, BHUKANSAR CHHOTA, 36920, 1144041, Drinking water, 0, 0, 0, 0, 0, 0, 1400000, 1400000
2015, RAJASTHAN, 8, CHURU, 87, SARDARSHAHAR, 1240, BHUKANSAR CHHOTA, 36920, 1144041, Education, 0, 0, 0, 0, 0, 0, 350000, 350000
2015, RAJASTHAN, 8, CHURU, 87, SARDARSHAHAR, 1240, BHUKANSAR CHHOTA, 36920, 1144041, Roads, 0, 0, 0, 0, 0, 0, 1236689, 1236689
2015, RAJASTHAN, 8, CHURU, 87, SARDARSHAHAR, 1240, BHUKANSAR CHHOTA, 36920, 1144041, Total, 0, 0, 0, 0, 0, 0, 2986689, 2986689
2015, RAJASTHAN, 8, CHURU, 87, SARDARSHAHAR, 1240, BILYOOBAS RAMPURA, 36917, 1144067, Drinking water, 0, 0, 0, 0, 0, 0, 200000, 200000
2015, RAJASTHAN, 8, CHURU, 87, SARDARSHAHAR, 1240, BILYOOBAS RAMPURA, 36917, 1144067, Education, 0, 0, 0, 0, 0, 0, 1800000, 1800000
2015, RAJASTHAN, 8, CHURU, 87, SARDARSHAHAR, 1240, BILYOOBAS RAMPURA, 36917, 1144067, Roads, 0, 0, 0, 0, 0, 0, 1900000, 1900000
2015, RAJASTHAN, 8, CHURU, 87, SARDARSHAHAR, 1240, BILYOOBAS RAMPURA, 36917, 1144067, Social welfare, 0, 0, 0, 0, 0, 0, 800000, 800000
2015, RAJASTHAN, 8, CHURU, 87, SARDARSHAHAR, 1240, BILYOOBAS RAMPURA, 36917, 1144067, Total, 0, 0, 0, 0, 0, 0, 4700000, 4700000
2015, RAJASTHAN, 8, CHURU, 87, SARDARSHAHAR, 1240, BOGHERA, 36918, 1146467, Drinking water, 0, 0, 0, 0, 0, 0, 50787, 50787
2015, RAJASTHAN, 8, CHURU, 87, SARDARSHAHAR, 1240, BOGHERA, 36918, 1146467, Education, 0, 0, 0, 0, 0, 0, 1400000, 1400000
2015, RAJASTHAN, 8, CHURU, 87, SARDARSHAHAR, 1240, BOGHERA, 36918, 1146467, Roads, 0, 0, 0, 0, 0, 0, 1100000, 1100000
2015, RAJASTHAN, 8, CHURU, 87, SARDARSHAHAR, 1240, BOGHERA, 36918, 1146467, Sanitation, 0, 0, 0, 0, 0, 0, 200000, 200000
2015, RAJASTHAN, 8, CHURU, 87, SARDARSHAHAR, 1240, BOGHERA, 36918, 1146467, Total, 0, 0, 0, 0, 0, 0, 2750787, 2750787
2015, RAJASTHAN, 8, CHURU, 87, SARDARSHAHAR, 1240, BUKANSAR BARA, 36919, 1123216, Drinking water, 0, 0, 0, 0, 0, 0, 849000, 849000
2015, RAJASTHAN, 8, CHURU, 87, SARDARSHAHAR, 1240, BUKANSAR BARA, 36919, 1123216, Roads, 0, 0, 0, 0, 0, 0, 2010000, 2010000
2015, RAJASTHAN, 8, CHURU, 87, SARDARSHAHAR, 1240, BUKANSAR BARA, 36919, 1123216, Sanitation, 0, 0, 0, 0, 0, 0, 24000, 24000
2015, RAJASTHAN, 8, CHURU, 87, SARDARSHAHAR, 1240, BUKANSAR BARA, 36919, 1123216, Total, 0, 0, 0, 0, 0, 0, 2883000, 2883000
2015, RAJASTHAN, 8, CHURU, 87, SARDARSHAHAR, 1240, DAALMAN, 36921, 1123217, Drinking water, 0, 0, 0, 0, 0, 0, 450000, 450000
2015, RAJASTHAN, 8, CHURU, 87, SARDARSHAHAR, 1240, DAALMAN, 36921, 1123217, Roads, 0, 0, 0, 0, 0, 0, 1513515, 1513515
2015, RAJASTHAN, 8, CHURU, 87, SARDARSHAHAR, 1240, DAALMAN, 36921, 1123217, Sanitation, 0, 0, 0, 0, 0, 0, 360000, 360000
2015, RAJASTHAN, 8, CHURU, 87, SARDARSHAHAR, 1240, DAALMAN, 36921, 1123217, Total, 0, 0, 0, 0, 0, 0, 2323515, 2323515
2015, RAJASTHAN, 8, CHURU, 87, SARDARSHAHAR, 1240, DERAJSAR, 36922, 1123218, Drinking water, 0, 0, 0, 0, 0, 0, 1500000, 1500000
2015, RAJASTHAN, 8, CHURU, 87, SARDARSHAHAR, 1240, DERAJSAR, 36922, 1123218, Roads, 0, 0, 0, 0, 0, 0, 3447568, 3447568
2015, RAJASTHAN, 8, CHURU, 87, SARDARSHAHAR, 1240, DERAJSAR, 36922, 1123218, Sanitation, 0, 0, 0, 0, 0, 0, 350000, 350000
2015, RAJASTHAN, 8, CHURU, 87, SARDARSHAHAR, 1240, DERAJSAR, 36922, 1123218, Total, 0, 0, 0, 0, 0, 0, 5297568, 5297568
2015, RAJASTHAN, 8, CHURU, 87, SARDARSHAHAR, 1240, DHANI PACHERA, 36923, 1148555, Drinking water, 0, 0, 0, 0, 0, 0, 1319769, 1319769
2015, RAJASTHAN, 8, CHURU, 87, SARDARSHAHAR, 1240, DHANI PACHERA, 36923, 1148555, Roads, 0, 0, 0, 0, 0, 0, 1425000, 1425000
2015, RAJASTHAN, 8, CHURU, 87, SARDARSHAHAR, 1240, DHANI PACHERA, 36923, 1148555, Total, 0, 0, 0, 0, 0, 0, 2744769, 2744769
2015, RAJASTHAN, 8, CHURU, 87, SARDARSHAHAR, 1240, DULRASAR, 36924, 1123221, Drinking water, 0, 0, 0, 0, 0, 0, 977157, 977157
2015, RAJASTHAN, 8, CHURU, 87, SARDARSHAHAR, 1240, DULRASAR, 36924, 1123221, Roads, 0, 0, 0, 0, 0, 0, 1696000, 1696000
2015, RAJASTHAN, 8, CHURU, 87, SARDARSHAHAR, 1240, DULRASAR, 36924, 1123221, Total, 0, 0, 0, 0, 0, 0, 2673157, 2673157
2015, RAJASTHAN, 8, CHURU, 87, SARDARSHAHAR, 1240, HARIVASAR DHARKHOTHAN, 36925, 1149392, Drinking water, 0, 0, 0, 0, 0, 0, 729000, 729000
2015, RAJASTHAN, 8, CHURU, 87, SARDARSHAHAR, 1240, HARIVASAR DHARKHOTHAN, 36925, 1149392, Roads, 0, 0, 0, 0, 0, 0, 1655446, 1655446
2015, RAJASTHAN, 8, CHURU, 87, SARDARSHAHAR, 1240, HARIVASAR DHARKHOTHAN, 36925, 1149392, Sanitation, 0, 0, 0, 0, 0, 0, 725000, 725000
2015, RAJASTHAN, 8, CHURU, 87, SARDARSHAHAR, 1240, HARIVASAR DHARKHOTHAN, 36925, 1149392, Total, 0, 0, 0, 0, 0, 0, 3109446, 3109446
2015, RAJASTHAN, 8, CHURU, 87, SARDARSHAHAR, 1240, JAISANGSAR, 36926, 1162258, Drinking water, 0, 0, 0, 0, 0, 0, 309264, 309264
2015, RAJASTHAN, 8, CHURU, 87, SARDARSHAHAR, 1240, JAISANGSAR, 36926, 1162258, Education, 0, 0, 0, 0, 0, 0, 950000, 950000
2015, RAJASTHAN, 8, CHURU, 87, SARDARSHAHAR, 1240, JAISANGSAR, 36926, 1162258, Roads, 0, 0, 0, 0, 0, 0, 1450000, 1450000
2015, RAJASTHAN, 8, CHURU, 87, SARDARSHAHAR, 1240, JAISANGSAR, 36926, 1162258, Total, 0, 0, 0, 0, 0, 0, 2709264, 2709264
2015, RAJASTHAN, 8, CHURU, 87, SARDARSHAHAR, 1240, JAITASAR, 36928, 1160687, Drinking water, 0, 0, 0, 0, 0, 0, 1237865, 1237865
2015, RAJASTHAN, 8, CHURU, 87, SARDARSHAHAR, 1240, JAITASAR, 36928, 1160687, Education, 0, 0, 0, 0, 0, 0, 1000000, 1000000
2015, RAJASTHAN, 8, CHURU, 87, SARDARSHAHAR, 1240, JAITASAR, 36928, 1160687, Roads, 0, 0, 0, 0, 0, 0, 3000000, 3000000
2015, RAJASTHAN, 8, CHURU, 87, SARDARSHAHAR, 1240, JAITASAR, 36928, 1160687, Sanitation, 0, 0, 0, 0, 0, 0, 350000, 350000
2015, RAJASTHAN, 8, CHURU, 87, SARDARSHAHAR, 1240, JAITASAR, 36928, 1160687, Total, 0, 0, 0, 0, 0, 0, 5587865, 5587865
2015, RAJASTHAN, 8, CHURU, 87, SARDARSHAHAR, 1240, JAITSISAR, 36927, 1162313, Education, 0, 0, 0, 0, 0, 0, 2390000, 2390000
2015, RAJASTHAN, 8, CHURU, 87, SARDARSHAHAR, 1240, JAITSISAR, 36927, 1162313, Roads, 0, 0, 0, 0, 0, 0, 786254, 786254
2015, RAJASTHAN, 8, CHURU, 87, SARDARSHAHAR, 1240, JAITSISAR, 36927, 1162313, Total, 0, 0, 0, 0, 0, 0, 3176254, 3176254
2015, RAJASTHAN, 8, CHURU, 87, SARDARSHAHAR, 1240, JEEWAN DESAR, 36929, 1123225, Drinking water, 0, 0, 0, 0, 0, 0, 57000, 57000
2015, RAJASTHAN, 8, CHURU, 87, SARDARSHAHAR, 1240, JEEWAN DESAR, 36929, 1123225, Education, 0, 0, 0, 0, 0, 0, 308091, 308091
2015, RAJASTHAN, 8, CHURU, 87, SARDARSHAHAR, 1240, JEEWAN DESAR, 36929, 1123225, Roads, 0, 0, 0, 0, 0, 0, 1821000, 1821000
2015, RAJASTHAN, 8, CHURU, 87, SARDARSHAHAR, 1240, JEEWAN DESAR, 36929, 1123225, Sanitation, 0, 0, 0, 0, 0, 0, 667000, 667000
2015, RAJASTHAN, 8, CHURU, 87, SARDARSHAHAR, 1240, JEEWAN DESAR, 36929, 1123225, Total, 0, 0, 0, 0, 0, 0, 2853091, 2853091
2015, RAJASTHAN, 8, CHURU, 87, SARDARSHAHAR, 1240, KAKLASAR, 36930, 1123230, Roads, 0, 0, 0, 0, 0, 0, 1925669, 1925669
2015, RAJASTHAN, 8, CHURU, 87, SARDARSHAHAR, 1240, KAKLASAR, 36930, 1123230, Sanitation, 0, 0, 0, 0, 0, 0, 718000, 718000
2015, RAJASTHAN, 8, CHURU, 87, SARDARSHAHAR, 1240, KAKLASAR, 36930, 1123230, Total, 0, 0, 0, 0, 0, 0, 2643669, 2643669
2015, RAJASTHAN, 8, CHURU, 87, SARDARSHAHAR, 1240, KALYANPURA PUROHITAN, 36931, 1123233, Drinking water, 0, 0, 0, 0, 0, 0, 1226000, 1226000
2015, RAJASTHAN, 8, CHURU, 87, SARDARSHAHAR, 1240, KALYANPURA PUROHITAN, 36931, 1123233, Education, 0, 0, 0, 0, 0, 0, 950000, 950000
2015, RAJASTHAN, 8, CHURU, 87, SARDARSHAHAR, 1240, KALYANPURA PUROHITAN, 36931, 1123233, Roads, 0, 0, 0, 0, 0, 0, 1485298, 1485298
2015, RAJASTHAN, 8, CHURU, 87, SARDARSHAHAR, 1240, KALYANPURA PUROHITAN, 36931, 1123233, Total, 0, 0, 0, 0, 0, 0, 3661298, 3661298
2015, RAJASTHAN, 8, CHURU, 87, SARDARSHAHAR, 1240, KEEKASAR, 36933, 1162422, Drinking water, 0, 0, 0, 0, 0, 0, 785000, 785000
2015, RAJASTHAN, 8, CHURU, 87, SARDARSHAHAR, 1240, KEEKASAR, 36933, 1162422, Education, 0, 0, 0, 0, 0, 0, 856000, 856000
2015, RAJASTHAN, 8, CHURU, 87, SARDARSHAHAR, 1240, KEEKASAR, 36933, 1162422, Roads, 0, 0, 0, 0, 0, 0, 1641169, 1641169
2015, RAJASTHAN, 8, CHURU, 87, SARDARSHAHAR, 1240, KEEKASAR, 36933, 1162422, Total, 0, 0, 0, 0, 0, 0, 3282169, 3282169
2015, RAJASTHAN, 8, CHURU, 87, SARDARSHAHAR, 1240, KHEENWANSAR, 36932, 1123237, Drinking water, 0, 0, 0, 0, 0, 0, 1463000, 1463000
2015, RAJASTHAN, 8, CHURU, 87, SARDARSHAHAR, 1240, KHEENWANSAR, 36932, 1123237, Roads, 0, 0, 0, 0, 0, 0, 665104, 665104
2015, RAJASTHAN, 8, CHURU, 87, SARDARSHAHAR, 1240, KHEENWANSAR, 36932, 1123237, Sanitation, 0, 0, 0, 0, 0, 0, 57000, 57000
2015, RAJASTHAN, 8, CHURU, 87, SARDARSHAHAR, 1240, KHEENWANSAR, 36932, 1123237, Total, 0, 0, 0, 0, 0, 0, 2185104, 2185104
2015, RAJASTHAN, 8, CHURU, 87, SARDARSHAHAR, 1240, MALAKSAR, 36934, 1162522, Drinking water, 0, 0, 0, 0, 0, 0, 1932000, 1932000
2015, RAJASTHAN, 8, CHURU, 87, SARDARSHAHAR, 1240, MALAKSAR, 36934, 1162522, Roads, 0, 0, 0, 0, 0, 0, 608074, 608074
2015, RAJASTHAN, 8, CHURU, 87, SARDARSHAHAR, 1240, MALAKSAR, 36934, 1162522, Sanitation, 0, 0, 0, 0, 0, 0, 576000, 576000
2015, RAJASTHAN, 8, CHURU, 87, SARDARSHAHAR, 1240, MALAKSAR, 36934, 1162522, Total, 0, 0, 0, 0, 0, 0, 3116074, 3116074
2015, RAJASTHAN, 8, CHURU, 87, SARDARSHAHAR, 1240, MALSAR, 36935, 1158190, Drinking water, 0, 0, 0, 0, 0, 0, 1620000, 1620000
2015, RAJASTHAN, 8, CHURU, 87, SARDARSHAHAR, 1240, MALSAR, 36935, 1158190, Roads, 0, 0, 0, 0, 0, 0, 1699420, 1699420
2015, RAJASTHAN, 8, CHURU, 87, SARDARSHAHAR, 1240, MALSAR, 36935, 1158190, Total, 0, 0, 0, 0, 0, 0, 3319420, 3319420
2015, RAJASTHAN, 8, CHURU, 87, SARDARSHAHAR, 1240, MEHRASAR CHACHERA, 36936, 1159691, Drinking water, 0, 0, 0, 0, 0, 0, 1436396, 1436396
2015, RAJASTHAN, 8, CHURU, 87, SARDARSHAHAR, 1240, MEHRASAR CHACHERA, 36936, 1159691, Roads, 0, 0, 0, 0, 0, 0, 1250000, 1250000
2015, RAJASTHAN, 8, CHURU, 87, SARDARSHAHAR, 1240, MEHRASAR CHACHERA, 36936, 1159691, Total, 0, 0, 0, 0, 0, 0, 2686396, 2686396
2015, RAJASTHAN, 8, CHURU, 87, SARDARSHAHAR, 1240, MEHRASAR UPADIYAN, 36937, 1159384, Drinking water, 0, 0, 0, 0, 0, 0, 1650000, 1650000
2015, RAJASTHAN, 8, CHURU, 87, SARDARSHAHAR, 1240, MEHRASAR UPADIYAN, 36937, 1159384, Roads, 0, 0, 0, 0, 0, 0, 1498572, 1498572
2015, RAJASTHAN, 8, CHURU, 87, SARDARSHAHAR, 1240, MEHRASAR UPADIYAN, 36937, 1159384, Total, 0, 0, 0, 0, 0, 0, 3148572, 3148572
2015, RAJASTHAN, 8, CHURU, 87, SARDARSHAHAR, 1240, MEHRI RAJVIYAN, 36938, 1149577, Drinking water, 0, 0, 0, 0, 0, 0, 668000, 668000
2015, RAJASTHAN, 8, CHURU, 87, SARDARSHAHAR, 1240, MEHRI RAJVIYAN, 36938, 1149577, Roads, 0, 0, 0, 0, 0, 0, 1233679, 1233679
2015, RAJASTHAN, 8, CHURU, 87, SARDARSHAHAR, 1240, MEHRI RAJVIYAN, 36938, 1149577, Sanitation, 0, 0, 0, 0, 0, 0, 171000, 171000
2015, RAJASTHAN, 8, CHURU, 87, SARDARSHAHAR, 1240, MEHRI RAJVIYAN, 36938, 1149577, Total, 0, 0, 0, 0, 0, 0, 2072679, 2072679
2015, RAJASTHAN, 8, CHURU, 87, SARDARSHAHAR, 1240, MELUSAR, 36939, 1130976, Drinking water, 0, 0, 0, 0, 0, 0, 306000, 306000
2015, RAJASTHAN, 8, CHURU, 87, SARDARSHAHAR, 1240, MELUSAR, 36939, 1130976, Education, 0, 0, 0, 0, 0, 0, 1017000, 1017000
2015, RAJASTHAN, 8, CHURU, 87, SARDARSHAHAR, 1240, MELUSAR, 36939, 1130976, Roads, 0, 0, 0, 0, 0, 0, 1167000, 1167000
2015, RAJASTHAN, 8, CHURU, 87, SARDARSHAHAR, 1240, MELUSAR, 36939, 1130976, Sanitation, 0, 0, 0, 0, 0, 0, 311000, 311000
2015, RAJASTHAN, 8, CHURU, 87, SARDARSHAHAR, 1240, MELUSAR, 36939, 1130976, Total, 0, 0, 0, 0, 0, 0, 2801000, 2801000
2015, RAJASTHAN, 8, CHURU, 87, SARDARSHAHAR, 1240, NAINASAR SUMERIYA, 36940, 1162534, Drinking water, 0, 0, 0, 0, 0, 0, 387426, 387426
2015, RAJASTHAN, 8, CHURU, 87, SARDARSHAHAR, 1240, NAINASAR SUMERIYA, 36940, 1162534, Education, 0, 0, 0, 0, 0, 0, 325000, 325000
2015, RAJASTHAN, 8, CHURU, 87, SARDARSHAHAR, 1240, NAINASAR SUMERIYA, 36940, 1162534, Roads, 0, 0, 0, 0, 0, 0, 2320000, 2320000
2015, RAJASTHAN, 8, CHURU, 87, SARDARSHAHAR, 1240, NAINASAR SUMERIYA, 36940, 1162534, Total, 0, 0, 0, 0, 0, 0, 3032426, 3032426
2015, RAJASTHAN, 8, CHURU, 87, SARDARSHAHAR, 1240, PHOGA BHARDHARI, 36941, 1160773, Drinking water, 0, 0, 0, 0, 0, 0, 1375000, 1375000
2015, RAJASTHAN, 8, CHURU, 87, SARDARSHAHAR, 1240, PHOGA BHARDHARI, 36941, 1160773, Roads, 0, 0, 0, 0, 0, 0, 2179179, 2179179
2015, RAJASTHAN, 8, CHURU, 87, SARDARSHAHAR, 1240, PHOGA BHARDHARI, 36941, 1160773, Total, 0, 0, 0, 0, 0, 0, 3554179, 3554179
2015, RAJASTHAN, 8, CHURU, 87, SARDARSHAHAR, 1240, PICHAKARAE TAL, 36942, 1123260, Drinking water, 0, 0, 0, 0, 0, 0, 1545000, 1545000
2015, RAJASTHAN, 8, CHURU, 87, SARDARSHAHAR, 1240, PICHAKARAE TAL, 36942, 1123260, Education, 0, 0, 0, 0, 0, 0, 1542478, 1542478
2015, RAJASTHAN, 8, CHURU, 87, SARDARSHAHAR, 1240, PICHAKARAE TAL, 36942, 1123260, Roads, 0, 0, 0, 0, 0, 0, 1441000, 1441000
2015, RAJASTHAN, 8, CHURU, 87, SARDARSHAHAR, 1240, PICHAKARAE TAL, 36942, 1123260, Total, 0, 0, 0, 0, 0, 0, 4528478, 4528478
2015, RAJASTHAN, 8, CHURU, 87, SARDARSHAHAR, 1240, PULASAR, 36943, 1159991, Drinking water, 0, 0, 0, 0, 0, 0, 310000, 310000
2015, RAJASTHAN, 8, CHURU, 87, SARDARSHAHAR, 1240, PULASAR, 36943, 1159991, Education, 0, 0, 0, 0, 0, 0, 310966, 310966
2015, RAJASTHAN, 8, CHURU, 87, SARDARSHAHAR, 1240, PULASAR, 36943, 1159991, Roads, 0, 0, 0, 0, 0, 0, 1450400, 1450400
2015, RAJASTHAN, 8, CHURU, 87, SARDARSHAHAR, 1240, PULASAR, 36943, 1159991, Total, 0, 0, 0, 0, 0, 0, 2071366, 2071366
2015, RAJASTHAN, 8, CHURU, 87, SARDARSHAHAR, 1240, RAIPURA, 262093, 1123262, Drinking water, 0, 0, 0, 0, 0, 0, 1840000, 1840000
2015, RAJASTHAN, 8, CHURU, 87, SARDARSHAHAR, 1240, RAIPURA, 262093, 1123262, Roads, 0, 0, 0, 0, 0, 0, 947394, 947394
2015, RAJASTHAN, 8, CHURU, 87, SARDARSHAHAR, 1240, RAIPURA, 262093, 1123262, Social welfare, 0, 0, 0, 0, 0, 0, 100000, 100000
2015, RAJASTHAN, 8, CHURU, 87, SARDARSHAHAR, 1240, RAIPURA, 262093, 1123262, Total, 0, 0, 0, 0, 0, 0, 2887394, 2887394
2015, RAJASTHAN, 8, CHURU, 87, SARDARSHAHAR, 1240, RAJASAR BEEKAN, 36944, 1123266, Drinking water, 0, 0, 0, 0, 0, 0, 1487000, 1487000
2015, RAJASTHAN, 8, CHURU, 87, SARDARSHAHAR, 1240, RAJASAR BEEKAN, 36944, 1123266, Roads, 0, 0, 0, 0, 0, 0, 1477424, 1477424
2015, RAJASTHAN, 8, CHURU, 87, SARDARSHAHAR, 1240, RAJASAR BEEKAN, 36944, 1123266, Total, 0, 0, 0, 0, 0, 0, 2964424, 2964424
2015, RAJASTHAN, 8, CHURU, 87, SARDARSHAHAR, 1240, RAMSISAR BHEDWALIYA, 36945, 1123268, Drinking water, 0, 0, 0, 0, 0, 0, 709000, 709000
2015, RAJASTHAN, 8, CHURU, 87, SARDARSHAHAR, 1240, RAMSISAR BHEDWALIYA, 36945, 1123268, Education, 0, 0, 0, 0, 0, 0, 1040556, 1040556
2015, RAJASTHAN, 8, CHURU, 87, SARDARSHAHAR, 1240, RAMSISAR BHEDWALIYA, 36945, 1123268, Roads, 0, 0, 0, 0, 0, 0, 2384800, 2384800
2015, RAJASTHAN, 8, CHURU, 87, SARDARSHAHAR, 1240, RAMSISAR BHEDWALIYA, 36945, 1123268, Total, 0, 0, 0, 0, 0, 0, 4134356, 4134356
2015, RAJASTHAN, 8, CHURU, 87, SARDARSHAHAR, 1240, RANGAISAR, 36946, 1123276, Drinking water, 0, 0, 0, 0, 0, 0, 1245000, 1245000
2015, RAJASTHAN, 8, CHURU, 87, SARDARSHAHAR, 1240, RANGAISAR, 36946, 1123276, Education, 0, 0, 0, 0, 0, 0, 756000, 756000
2015, RAJASTHAN, 8, CHURU, 87, SARDARSHAHAR, 1240, RANGAISAR, 36946, 1123276, Roads, 0, 0, 0, 0, 0, 0, 1710631, 1710631
2015, RAJASTHAN, 8, CHURU, 87, SARDARSHAHAR, 1240, RANGAISAR, 36946, 1123276, Sanitation, 0, 0, 0, 0, 0, 0, 129000, 129000
2015, RAJASTHAN, 8, CHURU, 87, SARDARSHAHAR, 1240, RANGAISAR, 36946, 1123276, Total, 0, 0, 0, 0, 0, 0, 3840631, 3840631
2015, RAJASTHAN, 8, CHURU, 87, SARDARSHAHAR, 1240, RANSISAR, 36947, 1163028, Drinking water, 0, 0, 0, 0, 0, 0, 1873000, 1873000
2015, RAJASTHAN, 8, CHURU, 87, SARDARSHAHAR, 1240, RANSISAR, 36947, 1163028, Roads, 0, 0, 0, 0, 0, 0, 1062238, 1062238
2015, RAJASTHAN, 8, CHURU, 87, SARDARSHAHAR, 1240, RANSISAR, 36947, 1163028, Total, 0, 0, 0, 0, 0, 0, 2935238, 2935238
2015, RAJASTHAN, 8, CHURU, 87, SARDARSHAHAR, 1240, RATOOSAR, 36948, 1163088, Drinking water, 0, 0, 0, 0, 0, 0, 1125000, 1125000
2015, RAJASTHAN, 8, CHURU, 87, SARDARSHAHAR, 1240, RATOOSAR, 36948, 1163088, Roads, 0, 0, 0, 0, 0, 0, 1811139, 1811139
2015, RAJASTHAN, 8, CHURU, 87, SARDARSHAHAR, 1240, RATOOSAR, 36948, 1163088, Total, 0, 0, 0, 0, 0, 0, 2936139, 2936139
2015, RAJASTHAN, 8, CHURU, 87, SARDARSHAHAR, 1240, ROOPLISAR, 36949, 1163697, Drinking water, 0, 0, 0, 0, 0, 0, 1917420, 1917420
2015, RAJASTHAN, 8, CHURU, 87, SARDARSHAHAR, 1240, ROOPLISAR, 36949, 1163697, Education, 0, 0, 0, 0, 0, 0, 445000, 445000
2015, RAJASTHAN, 8, CHURU, 87, SARDARSHAHAR, 1240, ROOPLISAR, 36949, 1163697, Roads, 0, 0, 0, 0, 0, 0, 2012000, 2012000
2015, RAJASTHAN, 8, CHURU, 87, SARDARSHAHAR, 1240, ROOPLISAR, 36949, 1163697, Total, 0, 0, 0, 0, 0, 0, 4374420, 4374420
2015, RAJASTHAN, 8, CHURU, 87, SARDARSHAHAR, 1240, SADASAR, 36950, 1163847, Drinking water, 0, 0, 0, 0, 0, 0, 2990000, 2990000
2015, RAJASTHAN, 8, CHURU, 87, SARDARSHAHAR, 1240, SADASAR, 36950, 1163847, Roads, 0, 0, 0, 0, 0, 0, 827764, 827764
2015, RAJASTHAN, 8, CHURU, 87, SARDARSHAHAR, 1240, SADASAR, 36950, 1163847, Total, 0, 0, 0, 0, 0, 0, 3817764, 3817764
2015, RAJASTHAN, 8, CHURU, 87, SARDARSHAHAR, 1240, SAWAI BARI, 36951, 1123281, Drinking water, 0, 0, 0, 0, 0, 0, 1442779, 1442779
2015, RAJASTHAN, 8, CHURU, 87, SARDARSHAHAR, 1240, SAWAI BARI, 36951, 1123281, Roads, 0, 0, 0, 0, 0, 0, 814000, 814000
2015, RAJASTHAN, 8, CHURU, 87, SARDARSHAHAR, 1240, SAWAI BARI, 36951, 1123281, Sanitation, 0, 0, 0, 0, 0, 0, 760000, 760000
2015, RAJASTHAN, 8, CHURU, 87, SARDARSHAHAR, 1240, SAWAI BARI, 36951, 1123281, Total, 0, 0, 0, 0, 0, 0, 3016779, 3016779
2015, RAJASTHAN, 8, CHURU, 87, SARDARSHAHAR, 1240, SHIMLA, 36952, 1123284, Roads, 0, 0, 0, 0, 0, 0, 2533541, 2533541
2015, RAJASTHAN, 8, CHURU, 87, SARDARSHAHAR, 1240, SHIMLA, 36952, 1123284, Total, 0, 0, 0, 0, 0, 0, 2533541, 2533541
2015, RAJASTHAN, 8, CHURU, 87, SARDARSHAHAR, 1240, TOLASAR, 36953, 1123285, Drinking water, 0, 0, 0, 0, 0, 0, 1510000, 1510000
2015, RAJASTHAN, 8, CHURU, 87, SARDARSHAHAR, 1240, TOLASAR, 36953, 1123285, Roads, 0, 0, 0, 0, 0, 0, 2053808, 2053808
2015, RAJASTHAN, 8, CHURU, 87, SARDARSHAHAR, 1240, TOLASAR, 36953, 1123285, Total, 0, 0, 0, 0, 0, 0, 3563808, 3563808
2015, RAJASTHAN, 8, CHURU, 87, SARDARSHAHAR, 1240, UDSAR LODERA, 36954, 1123286, Drinking water, 0, 0, 0, 0, 0, 0, 664000, 664000
2015, RAJASTHAN, 8, CHURU, 87, SARDARSHAHAR, 1240, UDSAR LODERA, 36954, 1123286, Roads, 0, 0, 0, 0, 0, 0, 1406000, 1406000
2015, RAJASTHAN, 8, CHURU, 87, SARDARSHAHAR, 1240, UDSAR LODERA, 36954, 1123286, Rural electrification, 0, 0, 0, 0, 0, 0, 200000, 200000
2015, RAJASTHAN, 8, CHURU, 87, SARDARSHAHAR, 1240, UDSAR LODERA, 36954, 1123286, Sanitation, 0, 0, 0, 0, 0, 0, 57000, 57000
2015, RAJASTHAN, 8, CHURU, 87, SARDARSHAHAR, 1240, UDSAR LODERA, 36954, 1123286, Social welfare, 0, 0, 0, 0, 0, 0, 1453000, 1453000
2015, RAJASTHAN, 8, CHURU, 87, SARDARSHAHAR, 1240, UDSAR LODERA, 36954, 1123286, Total, 0, 0, 0, 0, 0, 0, 3780000, 3780000
2015, RAJASTHAN, 8, CHURU, 87, SUJANGARH, 1241, ABASAR, 36955, 1110583, Drinking water, 0, 0, 0, 0, 0, 0, 65358, 65358
2015, RAJASTHAN, 8, CHURU, 87, SUJANGARH, 1241, ABASAR, 36955, 1110583, Roads, 0, 0, 0, 0, 0, 0, 900000, 900000
2015, RAJASTHAN, 8, CHURU, 87, SUJANGARH, 1241, ABASAR, 36955, 1110583, Social welfare, 0, 0, 0, 0, 0, 0, 475000, 475000
2015, RAJASTHAN, 8, CHURU, 87, SUJANGARH, 1241, ABASAR, 36955, 1110583, Total, 0, 0, 0, 0, 0, 0, 1440358, 1440358
2015, RAJASTHAN, 8, CHURU, 87, SUJANGARH, 1241, BAGHSARA ATHUNA, 36959, 1102379, Drinking water, 0, 0, 0, 0, 0, 0, 1500000, 1500000
2015, RAJASTHAN, 8, CHURU, 87, SUJANGARH, 1241, BAGHSARA ATHUNA, 36959, 1102379, Roads, 0, 0, 0, 0, 0, 0, 344845, 344845
2015, RAJASTHAN, 8, CHURU, 87, SUJANGARH, 1241, BAGHSARA ATHUNA, 36959, 1102379, Total, 0, 0, 0, 0, 0, 0, 1844845, 1844845
2015, RAJASTHAN, 8, CHURU, 87, SUJANGARH, 1241, BARABAR, 36957, 1110598, Roads, 0, 0, 0, 0, 0, 0, 1740142, 1740142
2015, RAJASTHAN, 8, CHURU, 87, SUJANGARH, 1241, BARABAR, 36957, 1110598, Social welfare, 0, 0, 0, 0, 0, 0, 250000, 250000
2015, RAJASTHAN, 8, CHURU, 87, SUJANGARH, 1241, BARABAR, 36957, 1110598, Total, 0, 0, 0, 0, 0, 0, 1990142, 1990142
2015, RAJASTHAN, 8, CHURU, 87, SUJANGARH, 1241, BHANISAR TEJSINGHOTAN, 36962, 1110617, Drinking water, 0, 0, 0, 0, 0, 0, 55539, 55539
2015, RAJASTHAN, 8, CHURU, 87, SUJANGARH, 1241, BHANISAR TEJSINGHOTAN, 36962, 1110617, Roads, 0, 0, 0, 0, 0, 0, 1000000, 1000000
2015, RAJASTHAN, 8, CHURU, 87, SUJANGARH, 1241, BHANISAR TEJSINGHOTAN, 36962, 1110617, Total, 0, 0, 0, 0, 0, 0, 1055539, 1055539
2015, RAJASTHAN, 8, CHURU, 87, SUJANGARH, 1241, BHASEENA, 36963, 1101517, Roads, 0, 0, 0, 0, 0, 0, 2292000, 2292000
2015, RAJASTHAN, 8, CHURU, 87, SUJANGARH, 1241, BHASEENA, 36963, 1101517, Social welfare, 0, 0, 0, 0, 0, 0, 228848, 228848
2015, RAJASTHAN, 8, CHURU, 87, SUJANGARH, 1241, BHASEENA, 36963, 1101517, Total, 0, 0, 0, 0, 0, 0, 2520848, 2520848
2015, RAJASTHAN, 8, CHURU, 87, SUJANGARH, 1241, BHEEMSAR, 36964, 1110632, Roads, 0, 0, 0, 0, 0, 0, 1800000, 1800000
2015, RAJASTHAN, 8, CHURU, 87, SUJANGARH, 1241, BHEEMSAR, 36964, 1110632, Social welfare, 0, 0, 0, 0, 0, 0, 160496, 160496
2015, RAJASTHAN, 8, CHURU, 87, SUJANGARH, 1241, BHEEMSAR, 36964, 1110632, Total, 0, 0, 0, 0, 0, 0, 1960496, 1960496
2015, RAJASTHAN, 8, CHURU, 87, SUJANGARH, 1241, BOBASAR BIDAWATAN, 36965, 1101448, Roads, 0, 0, 0, 0, 0, 0, 1227548, 1227548
2015, RAJASTHAN, 8, CHURU, 87, SUJANGARH, 1241, BOBASAR BIDAWATAN, 36965, 1101448, Total, 0, 0, 0, 0, 0, 0, 1227548, 1227548
2015, RAJASTHAN, 8, CHURU, 87, SUJANGARH, 1241, CHARLA, 36967, 1114223, Drinking water, 0, 0, 0, 0, 0, 0, 475000, 475000
2015, RAJASTHAN, 8, CHURU, 87, SUJANGARH, 1241, CHARLA, 36967, 1114223, Roads, 0, 0, 0, 0, 0, 0, 1752902, 1752902
2015, RAJASTHAN, 8, CHURU, 87, SUJANGARH, 1241, CHARLA, 36967, 1114223, Total, 0, 0, 0, 0, 0, 0, 2227902, 2227902
2015, RAJASTHAN, 8, CHURU, 87, SUJANGARH, 1241, GOPALPURA, 36973, 1114480, Drinking water, 0, 0, 0, 0, 0, 0, 390000, 390000
2015, RAJASTHAN, 8, CHURU, 87, SUJANGARH, 1241, GOPALPURA, 36973, 1114480, Roads, 0, 0, 0, 0, 0, 0, 1670297, 1670297
2015, RAJASTHAN, 8, CHURU, 87, SUJANGARH, 1241, GOPALPURA, 36973, 1114480, Total, 0, 0, 0, 0, 0, 0, 2060297, 2060297
2015, RAJASTHAN, 8, CHURU, 87, SUJANGARH, 1241, GUDABARI, 36974, 1114538, Roads, 0, 0, 0, 0, 0, 0, 985000, 985000
2015, RAJASTHAN, 8, CHURU, 87, SUJANGARH, 1241, GUDABARI, 36974, 1114538, Social welfare, 0, 0, 0, 0, 0, 0, 175916, 175916
2015, RAJASTHAN, 8, CHURU, 87, SUJANGARH, 1241, GUDABARI, 36974, 1114538, Total, 0, 0, 0, 0, 0, 0, 1160916, 1160916
2015, RAJASTHAN, 8, CHURU, 87, SUJANGARH, 1241, GULERIYA, 36975, 1114554, Cultural activities, 0, 0, 0, 0, 0, 0, 355000, 355000
2015, RAJASTHAN, 8, CHURU, 87, SUJANGARH, 1241, GULERIYA, 36975, 1114554, Roads, 0, 0, 0, 0, 0, 0, 1164715, 1164715
2015, RAJASTHAN, 8, CHURU, 87, SUJANGARH, 1241, GULERIYA, 36975, 1114554, Social welfare, 0, 0, 0, 0, 0, 0, 390000, 390000
2015, RAJASTHAN, 8, CHURU, 87, SUJANGARH, 1241, GULERIYA, 36975, 1114554, Total, 0, 0, 0, 0, 0, 0, 1909715, 1909715
2015, RAJASTHAN, 8, CHURU, 87, SUJANGARH, 1241, HARASAR, 36976, 1122352, Roads, 0, 0, 0, 0, 0, 0, 1670487, 1670487
2015, RAJASTHAN, 8, CHURU, 87, SUJANGARH, 1241, HARASAR, 36976, 1122352, Total, 0, 0, 0, 0, 0, 0, 1670487, 1670487
2015, RAJASTHAN, 8, CHURU, 87, SUJANGARH, 1241, JAITASAR, 36978, 1101540, Drinking water, 0, 0, 0, 0, 0, 0, 500000, 500000
2015, RAJASTHAN, 8, CHURU, 87, SUJANGARH, 1241, JAITASAR, 36978, 1101540, Roads, 0, 0, 0, 0, 0, 0, 1152875, 1152875
2015, RAJASTHAN, 8, CHURU, 87, SUJANGARH, 1241, JAITASAR, 36978, 1101540, Total, 0, 0, 0, 0, 0, 0, 1652875, 1652875
2015, RAJASTHAN, 8, CHURU, 87, SUJANGARH, 1241, JEELI, 36979, 1123370, Roads, 0, 0, 0, 0, 0, 0, 1529004, 1529004
2015, RAJASTHAN, 8, CHURU, 87, SUJANGARH, 1241, JEELI, 36979, 1123370, Total, 0, 0, 0, 0, 0, 0, 1529004, 1529004
2015, RAJASTHAN, 8, CHURU, 87, SUJANGARH, 1241, JOGLIYA, 36981, 1101560, Drinking water, 0, 0, 0, 0, 0, 0, 1360000, 1360000
2015, RAJASTHAN, 8, CHURU, 87, SUJANGARH, 1241, JOGLIYA, 36981, 1101560, Roads, 0, 0, 0, 0, 0, 0, 1097445, 1097445
2015, RAJASTHAN, 8, CHURU, 87, SUJANGARH, 1241, JOGLIYA, 36981, 1101560, Total, 0, 0, 0, 0, 0, 0, 2457445, 2457445
2015, RAJASTHAN, 8, CHURU, 87, SUJANGARH, 1241, KANOOTA, 36983, 1101475, Roads, 0, 0, 0, 0, 0, 0, 2479459, 2479459
2015, RAJASTHAN, 8, CHURU, 87, SUJANGARH, 1241, KANOOTA, 36983, 1101475, Total, 0, 0, 0, 0, 0, 0, 2479459, 2479459
2015, RAJASTHAN, 8, CHURU, 87, SUJANGARH, 1241, KHARIYA KANIRAM, 36985, 1131776, Roads, 0, 0, 0, 0, 0, 0, 1996000, 1996000
2015, RAJASTHAN, 8, CHURU, 87, SUJANGARH, 1241, KHARIYA KANIRAM, 36985, 1131776, Social welfare, 0, 0, 0, 0, 0, 0, 69286, 69286
2015, RAJASTHAN, 8, CHURU, 87, SUJANGARH, 1241, KHARIYA KANIRAM, 36985, 1131776, Total, 0, 0, 0, 0, 0, 0, 2065286, 2065286
2015, RAJASTHAN, 8, CHURU, 87, SUJANGARH, 1241, KHURI, 36986, 1131827, Drinking water, 0, 0, 0, 0, 0, 0, 31418, 31418
2015, RAJASTHAN, 8, CHURU, 87, SUJANGARH, 1241, KHURI, 36986, 1131827, Roads, 0, 0, 0, 0, 0, 0, 1497000, 1497000
2015, RAJASTHAN, 8, CHURU, 87, SUJANGARH, 1241, KHURI, 36986, 1131827, Total, 0, 0, 0, 0, 0, 0, 1528418, 1528418
2015, RAJASTHAN, 8, CHURU, 87, SUJANGARH, 1241, LODSAR, 36988, 1135099, Roads, 0, 0, 0, 0, 0, 0, 1448000, 1448000
2015, RAJASTHAN, 8, CHURU, 87, SUJANGARH, 1241, LODSAR, 36988, 1135099, Social welfare, 0, 0, 0, 0, 0, 0, 162900, 162900
2015, RAJASTHAN, 8, CHURU, 87, SUJANGARH, 1241, LODSAR, 36988, 1135099, Total, 0, 0, 0, 0, 0, 0, 1610900, 1610900
2015, RAJASTHAN, 8, CHURU, 87, SUJANGARH, 1241, MALASI, 36990, 1109482, Drinking water, 0, 0, 0, 0, 0, 0, 150000, 150000
2015, RAJASTHAN, 8, CHURU, 87, SUJANGARH, 1241, MALASI, 36990, 1109482, Roads, 0, 0, 0, 0, 0, 0, 595000, 595000
2015, RAJASTHAN, 8, CHURU, 87, SUJANGARH, 1241, MALASI, 36990, 1109482, Social welfare, 0, 0, 0, 0, 0, 0, 414742, 414742
2015, RAJASTHAN, 8, CHURU, 87, SUJANGARH, 1241, MALASI, 36990, 1109482, Total, 0, 0, 0, 0, 0, 0, 1159742, 1159742
2015, RAJASTHAN, 8, CHURU, 87, SUJANGARH, 1241, MALSISAR, 36991, 1143476, Roads, 0, 0, 0, 0, 0, 0, 2476230, 2476230
2015, RAJASTHAN, 8, CHURU, 87, SUJANGARH, 1241, MALSISAR, 36991, 1143476, Total, 0, 0, 0, 0, 0, 0, 2476230, 2476230
2015, RAJASTHAN, 8, CHURU, 87, SUJANGARH, 1241, MUNDRA, 36992, 1143495, Roads, 0, 0, 0, 0, 0, 0, 2314495, 2314495
2015, RAJASTHAN, 8, CHURU, 87, SUJANGARH, 1241, MUNDRA, 36992, 1143495, Total, 0, 0, 0, 0, 0, 0, 2314495, 2314495
2015, RAJASTHAN, 8, CHURU, 87, SUJANGARH, 1241, MURDAKIYA, 36993, 1143502, Roads, 0, 0, 0, 0, 0, 0, 1293593, 1293593
2015, RAJASTHAN, 8, CHURU, 87, SUJANGARH, 1241, MURDAKIYA, 36993, 1143502, Total, 0, 0, 0, 0, 0, 0, 1293593, 1293593
2015, RAJASTHAN, 8, CHURU, 87, SUJANGARH, 1241, NORANGSAR, 36994, 1101514, Roads, 0, 0, 0, 0, 0, 0, 1158568, 1158568
2015, RAJASTHAN, 8, CHURU, 87, SUJANGARH, 1241, NORANGSAR, 36994, 1101514, Total, 0, 0, 0, 0, 0, 0, 1158568, 1158568
2015, RAJASTHAN, 8, CHURU, 87, SUJANGARH, 1241, RAJIYASAR MEETHA, 36996, 1143517, Roads, 0, 0, 0, 0, 0, 0, 1208762, 1208762
2015, RAJASTHAN, 8, CHURU, 87, SUJANGARH, 1241, RAJIYASAR MEETHA, 36996, 1143517, Total, 0, 0, 0, 0, 0, 0, 1208762, 1208762
2015, RAJASTHAN, 8, CHURU, 87, SUJANGARH, 1241, RANDHISAR, 36997, 1143522, Roads, 0, 0, 0, 0, 0, 0, 1418930, 1418930
2015, RAJASTHAN, 8, CHURU, 87, SUJANGARH, 1241, RANDHISAR, 36997, 1143522, Total, 0, 0, 0, 0, 0, 0, 1418930, 1418930
2015, RAJASTHAN, 8, CHURU, 87, SUJANGARH, 1241, SALASAR, 36999, 1101594, Roads, 0, 0, 0, 0, 0, 0, 1735945, 1735945
2015, RAJASTHAN, 8, CHURU, 87, SUJANGARH, 1241, SALASAR, 36999, 1101594, Total, 0, 0, 0, 0, 0, 0, 1735945, 1735945
2015, RAJASTHAN, 8, CHURU, 87, SUJANGARH, 1241, SAROTHIYA, 37001, 1143536, Roads, 0, 0, 0, 0, 0, 0, 1379891, 1379891
2015, RAJASTHAN, 8, CHURU, 87, SUJANGARH, 1241, SAROTHIYA, 37001, 1143536, Total, 0, 0, 0, 0, 0, 0, 1379891, 1379891
2015, RAJASTHAN, 8, CHURU, 87, SUJANGARH, 1241, SHOBHASAR, 37002, 1103411, Cultural activities, 0, 0, 0, 0, 0, 0, 400000, 400000
2015, RAJASTHAN, 8, CHURU, 87, SUJANGARH, 1241, SHOBHASAR, 37002, 1103411, Markets and fairs, 0, 0, 0, 0, 0, 0, 190000, 190000
2015, RAJASTHAN, 8, CHURU, 87, SUJANGARH, 1241, SHOBHASAR, 37002, 1103411, Roads, 0, 0, 0, 0, 0, 0, 1651111, 1651111
2015, RAJASTHAN, 8, CHURU, 87, SUJANGARH, 1241, SHOBHASAR, 37002, 1103411, Total, 0, 0, 0, 0, 0, 0, 2241111, 2241111
2015, RAJASTHAN, 8, CHURU, 87, TARANAGAR, 1242, ALAYLA, 37006, 1117456, Drinking water, 0, 0, 0, 0, 0, 0, 1444000, 1444000
2015, RAJASTHAN, 8, CHURU, 87, TARANAGAR, 1242, ALAYLA, 37006, 1117456, Maintenance of community system, 0, 0, 0, 0, 0, 0, 118467, 118467
2015, RAJASTHAN, 8, CHURU, 87, TARANAGAR, 1242, ALAYLA, 37006, 1117456, Total, 0, 0, 0, 0, 0, 0, 1562467, 1562467
2015, RAJASTHAN, 8, CHURU, 87, TARANAGAR, 1242, ANANDSINGHPURA, 37007, 1128447, Drinking water, 0, 0, 0, 0, 0, 0, 1343581, 1343581
2015, RAJASTHAN, 8, CHURU, 87, TARANAGAR, 1242, ANANDSINGHPURA, 37007, 1128447, Maintenance of community system, 0, 0, 0, 0, 0, 0, 250000, 250000
2015, RAJASTHAN, 8, CHURU, 87, TARANAGAR, 1242, ANANDSINGHPURA, 37007, 1128447, Total, 0, 0, 0, 0, 0, 0, 1593581, 1593581
2015, RAJASTHAN, 8, CHURU, 87, TARANAGAR, 1242, BAIN, 37008, 1122230, Drinking water, 0, 0, 0, 0, 0, 0, 1711656, 1711656
2015, RAJASTHAN, 8, CHURU, 87, TARANAGAR, 1242, BAIN, 37008, 1122230, Roads, 0, 0, 0, 0, 0, 0, 51000, 51000
2015, RAJASTHAN, 8, CHURU, 87, TARANAGAR, 1242, BAIN, 37008, 1122230, Total, 0, 0, 0, 0, 0, 0, 1762656, 1762656
2015, RAJASTHAN, 8, CHURU, 87, TARANAGAR, 1242, BANIYALA, 262097, 1167676, Drinking water, 0, 0, 0, 0, 0, 0, 1000000, 1000000
2015, RAJASTHAN, 8, CHURU, 87, TARANAGAR, 1242, BANIYALA, 262097, 1167676, Rural electrification, 0, 0, 0, 0, 0, 0, 581840, 581840
2015, RAJASTHAN, 8, CHURU, 87, TARANAGAR, 1242, BANIYALA, 262097, 1167676, Total, 0, 0, 0, 0, 0, 0, 1581840, 1581840
2015, RAJASTHAN, 8, CHURU, 87, TARANAGAR, 1242, BHALERI, 37009, 1122373, Drinking water, 0, 0, 0, 0, 0, 0, 2735513, 2735513
2015, RAJASTHAN, 8, CHURU, 87, TARANAGAR, 1242, BHALERI, 37009, 1122373, Maintenance of community system, 0, 0, 0, 0, 0, 0, 100000, 100000
2015, RAJASTHAN, 8, CHURU, 87, TARANAGAR, 1242, BHALERI, 37009, 1122373, Total, 0, 0, 0, 0, 0, 0, 2835513, 2835513
2015, RAJASTHAN, 8, CHURU, 87, TARANAGAR, 1242, BHANIN, 37010, 1113986, Drinking water, 0, 0, 0, 0, 0, 0, 748913, 748913
2015, RAJASTHAN, 8, CHURU, 87, TARANAGAR, 1242, BHANIN, 37010, 1113986, Maintenance of community system, 0, 0, 0, 0, 0, 0, 545267, 545267
2015, RAJASTHAN, 8, CHURU, 87, TARANAGAR, 1242, BHANIN, 37010, 1113986, Total, 0, 0, 0, 0, 0, 0, 1294180, 1294180
2015, RAJASTHAN, 8, CHURU, 87, TARANAGAR, 1242, BUCHAWAS, 37011, 1163094, Drinking water, 0, 0, 0, 0, 0, 0, 2492081, 2492081
2015, RAJASTHAN, 8, CHURU, 87, TARANAGAR, 1242, BUCHAWAS, 37011, 1163094, Total, 0, 0, 0, 0, 0, 0, 2492081, 2492081
2015, RAJASTHAN, 8, CHURU, 87, TARANAGAR, 1242, DHANI KUMHARAN, 37012, 1099587, Drinking water, 0, 0, 0, 0, 0, 0, 220953, 220953
2015, RAJASTHAN, 8, CHURU, 87, TARANAGAR, 1242, DHANI KUMHARAN, 37012, 1099587, Maintenance of community system, 0, 0, 0, 0, 0, 0, 69954, 69954
2015, RAJASTHAN, 8, CHURU, 87, TARANAGAR, 1242, DHANI KUMHARAN, 37012, 1099587, Poverty allevation programme, 0, 0, 0, 0, 0, 0, 205953, 205953
2015, RAJASTHAN, 8, CHURU, 87, TARANAGAR, 1242, DHANI KUMHARAN, 37012, 1099587, Public distribution system, 0, 0, 0, 0, 0, 0, 223917, 223917
2015, RAJASTHAN, 8, CHURU, 87, TARANAGAR, 1242, DHANI KUMHARAN, 37012, 1099587, Total, 0, 0, 0, 0, 0, 0, 720777, 720777
2015, RAJASTHAN, 8, CHURU, 87, TARANAGAR, 1242, DHEERWAS BARA, 37013, 1126381, Drinking water, 0, 0, 0, 0, 0, 0, 2464489, 2464489
2015, RAJASTHAN, 8, CHURU, 87, TARANAGAR, 1242, DHEERWAS BARA, 37013, 1126381, Total, 0, 0, 0, 0, 0, 0, 2464489, 2464489
2015, RAJASTHAN, 8, CHURU, 87, TARANAGAR, 1242, GAJOOWAS, 37014, 1122379, Drinking water, 0, 0, 0, 0, 0, 0, 1477588, 1477588
2015, RAJASTHAN, 8, CHURU, 87, TARANAGAR, 1242, GAJOOWAS, 37014, 1122379, Maintenance of community system, 0, 0, 0, 0, 0, 0, 150000, 150000
2015, RAJASTHAN, 8, CHURU, 87, TARANAGAR, 1242, GAJOOWAS, 37014, 1122379, Social forestry and farm forestry, 0, 0, 0, 0, 0, 0, 200000, 200000
2015, RAJASTHAN, 8, CHURU, 87, TARANAGAR, 1242, GAJOOWAS, 37014, 1122379, Total, 0, 0, 0, 0, 0, 0, 1827588, 1827588
2015, RAJASTHAN, 8, CHURU, 87, TARANAGAR, 1242, HADIYAL, 37017, 1126662, Drinking water, 0, 0, 0, 0, 0, 0, 1791483, 1791483
2015, RAJASTHAN, 8, CHURU, 87, TARANAGAR, 1242, HADIYAL, 37017, 1126662, Maintenance of community system, 0, 0, 0, 0, 0, 0, 100000, 100000
2015, RAJASTHAN, 8, CHURU, 87, TARANAGAR, 1242, HADIYAL, 37017, 1126662, Total, 0, 0, 0, 0, 0, 0, 1891483, 1891483
2015, RAJASTHAN, 8, CHURU, 87, TARANAGAR, 1242, JHADSAR CHHOTA, 37015, 1122247, Drinking water, 0, 0, 0, 0, 0, 0, 1549552, 1549552
2015, RAJASTHAN, 8, CHURU, 87, TARANAGAR, 1242, JHADSAR CHHOTA, 37015, 1122247, Total, 0, 0, 0, 0, 0, 0, 1549552, 1549552
2015, RAJASTHAN, 8, CHURU, 87, TARANAGAR, 1242, JHADSAR KANDHLAN, 37016, 1126823, Drinking water, 0, 0, 0, 0, 0, 0, 863727, 863727
2015, RAJASTHAN, 8, CHURU, 87, TARANAGAR, 1242, JHADSAR KANDHLAN, 37016, 1126823, Maintenance of community system, 0, 0, 0, 0, 0, 0, 436910, 436910
2015, RAJASTHAN, 8, CHURU, 87, TARANAGAR, 1242, JHADSAR KANDHLAN, 37016, 1126823, Total, 0, 0, 0, 0, 0, 0, 1300637, 1300637
2015, RAJASTHAN, 8, CHURU, 87, TARANAGAR, 1242, KALWAS, 37018, 1128454, Drinking water, 0, 0, 0, 0, 0, 0, 1029991, 1029991
2015, RAJASTHAN, 8, CHURU, 87, TARANAGAR, 1242, KALWAS, 37018, 1128454, Maintenance of community system, 0, 0, 0, 0, 0, 0, 724740, 724740
2015, RAJASTHAN, 8, CHURU, 87, TARANAGAR, 1242, KALWAS, 37018, 1128454, Total, 0, 0, 0, 0, 0, 0, 1754731, 1754731
2015, RAJASTHAN, 8, CHURU, 87, TARANAGAR, 1242, KHARATHWASIYA, 37019, 1102402, Drinking water, 0, 0, 0, 0, 0, 0, 791000, 791000
2015, RAJASTHAN, 8, CHURU, 87, TARANAGAR, 1242, KHARATHWASIYA, 37019, 1102402, Maintenance of community system, 0, 0, 0, 0, 0, 0, 403085, 403085
2015, RAJASTHAN, 8, CHURU, 87, TARANAGAR, 1242, KHARATHWASIYA, 37019, 1102402, Total, 0, 0, 0, 0, 0, 0, 1194085, 1194085
2015, RAJASTHAN, 8, CHURU, 87, TARANAGAR, 1242, KOHINA, 37020, 1116101, Drinking water, 0, 0, 0, 0, 0, 0, 743387, 743387
2015, RAJASTHAN, 8, CHURU, 87, TARANAGAR, 1242, KOHINA, 37020, 1116101, Maintenance of community system, 0, 0, 0, 0, 0, 0, 320608, 320608
2015, RAJASTHAN, 8, CHURU, 87, TARANAGAR, 1242, KOHINA, 37020, 1116101, Roads, 0, 0, 0, 0, 0, 0, 226369, 226369
2015, RAJASTHAN, 8, CHURU, 87, TARANAGAR, 1242, KOHINA, 37020, 1116101, Total, 0, 0, 0, 0, 0, 0, 1290364, 1290364
2015, RAJASTHAN, 8, CHURU, 87, TARANAGAR, 1242, LOONAS, 37021, 1122357, Drinking water, 0, 0, 0, 0, 0, 0, 1669900, 1669900
2015, RAJASTHAN, 8, CHURU, 87, TARANAGAR, 1242, LOONAS, 37021, 1122357, Total, 0, 0, 0, 0, 0, 0, 1669900, 1669900
2015, RAJASTHAN, 8, CHURU, 87, TARANAGAR, 1242, MEGHSAR, 37022, 1116102, Drinking water, 0, 0, 0, 0, 0, 0, 1073685, 1073685
2015, RAJASTHAN, 8, CHURU, 87, TARANAGAR, 1242, MEGHSAR, 37022, 1116102, Total, 0, 0, 0, 0, 0, 0, 1443587, 1443587
2015, RAJASTHAN, 8, CHURU, 87, TARANAGAR, 1242, MEGHSAR, 37022, 1116102, Welfare of the weaker sections, 0, 0, 0, 0, 0, 0, 369902, 369902
2015, RAJASTHAN, 8, CHURU, 87, TARANAGAR, 1242, MIKHALA, 37023, 1161938, Drinking water, 0, 0, 0, 0, 0, 0, 969994, 969994
2015, RAJASTHAN, 8, CHURU, 87, TARANAGAR, 1242, MIKHALA, 37023, 1161938, Maintenance of community system, 0, 0, 0, 0, 0, 0, 700000, 700000
2015, RAJASTHAN, 8, CHURU, 87, TARANAGAR, 1242, MIKHALA, 37023, 1161938, Public distribution system, 0, 0, 0, 0, 0, 0, 100000, 100000
2015, RAJASTHAN, 8, CHURU, 87, TARANAGAR, 1242, MIKHALA, 37023, 1161938, Total, 0, 0, 0, 0, 0, 0, 1769994, 1769994
2015, RAJASTHAN, 8, CHURU, 87, TARANAGAR, 1242, NETHWA, 37024, 1164469, Drinking water, 0, 0, 0, 0, 0, 0, 1635357, 1635357
2015, RAJASTHAN, 8, CHURU, 87, TARANAGAR, 1242, NETHWA, 37024, 1164469, Maintenance of community system, 0, 0, 0, 0, 0, 0, 100000, 100000
2015, RAJASTHAN, 8, CHURU, 87, TARANAGAR, 1242, NETHWA, 37024, 1164469, Total, 0, 0, 0, 0, 0, 0, 1735357, 1735357
2015, RAJASTHAN, 8, CHURU, 87, TARANAGAR, 1242, PANDREU TAL, 37025, 1167161, Drinking water, 0, 0, 0, 0, 0, 0, 2142779, 2142779
2015, RAJASTHAN, 8, CHURU, 87, TARANAGAR, 1242, PANDREU TAL, 37025, 1167161, Total, 0, 0, 0, 0, 0, 0, 2142779, 2142779
2015, RAJASTHAN, 8, CHURU, 87, TARANAGAR, 1242, POONRAS, 37026, 1126746, Drinking water, 0, 0, 0, 0, 0, 0, 1325601, 1325601
2015, RAJASTHAN, 8, CHURU, 87, TARANAGAR, 1242, POONRAS, 37026, 1126746, Maintenance of community system, 0, 0, 0, 0, 0, 0, 75131, 75131
2015, RAJASTHAN, 8, CHURU, 87, TARANAGAR, 1242, POONRAS, 37026, 1126746, Total, 0, 0, 0, 0, 0, 0, 1400732, 1400732
2015, RAJASTHAN, 8, CHURU, 87, TARANAGAR, 1242, RAIYA TUNDA, 37027, 1116106, Drinking water, 0, 0, 0, 0, 0, 0, 839050, 839050
2015, RAJASTHAN, 8, CHURU, 87, TARANAGAR, 1242, RAIYA TUNDA, 37027, 1116106, Social welfare, 0, 0, 0, 0, 0, 0, 46000, 46000
2015, RAJASTHAN, 8, CHURU, 87, TARANAGAR, 1242, RAIYA TUNDA, 37027, 1116106, Total, 0, 0, 0, 0, 0, 0, 1110429, 1110429
2015, RAJASTHAN, 8, CHURU, 87, TARANAGAR, 1242, RAIYA TUNDA, 37027, 1116106, Welfare of the weaker sections, 0, 0, 0, 0, 0, 0, 225379, 225379
2015, RAJASTHAN, 8, CHURU, 87, TARANAGAR, 1242, RAJPURA, 37028, 1126795, Drinking water, 0, 0, 0, 0, 0, 0, 2257256, 2257256
2015, RAJASTHAN, 8, CHURU, 87, TARANAGAR, 1242, RAJPURA, 37028, 1126795, Total, 0, 0, 0, 0, 0, 0, 2257256, 2257256
2015, RAJASTHAN, 8, CHURU, 87, TARANAGAR, 1242, REDI, 37029, 1124729, Drinking water, 0, 0, 0, 0, 0, 0, 1346722, 1346722
2015, RAJASTHAN, 8, CHURU, 87, TARANAGAR, 1242, REDI, 37029, 1124729, Total, 0, 0, 0, 0, 0, 0, 1346722, 1346722
2015, RAJASTHAN, 8, CHURU, 87, TARANAGAR, 1242, SAHWA, 37030, 1161919, Drinking water, 0, 0, 0, 0, 0, 0, 4161875, 4161875
2015, RAJASTHAN, 8, CHURU, 87, TARANAGAR, 1242, SAHWA, 37030, 1161919, Maintenance of community system, 0, 0, 0, 0, 0, 0, 200000, 200000
2015, RAJASTHAN, 8, CHURU, 87, TARANAGAR, 1242, SAHWA, 37030, 1161919, Total, 0, 0, 0, 0, 0, 0, 4361875, 4361875
2015, RAJASTHAN, 8, CHURU, 87, TARANAGAR, 1242, SARAYAN, 37031, 1159272, Drinking water, 0, 0, 0, 0, 0, 0, 2224938, 2224938
2015, RAJASTHAN, 8, CHURU, 87, TARANAGAR, 1242, SARAYAN, 37031, 1159272, Maintenance of community system, 0, 0, 0, 0, 0, 0, 275146, 275146
2015, RAJASTHAN, 8, CHURU, 87, TARANAGAR, 1242, SARAYAN, 37031, 1159272, Total, 0, 0, 0, 0, 0, 0, 2500084, 2500084
2015, RAJASTHAN, 8, CHURU, 87, TARANAGAR, 1242, SATYOO, 37032, 1161910, Drinking water, 0, 0, 0, 0, 0, 0, 2009294, 2009294
2015, RAJASTHAN, 8, CHURU, 87, TARANAGAR, 1242, SATYOO, 37032, 1161910, Maintenance of community system, 0, 0, 0, 0, 0, 0, 700000, 700000
2015, RAJASTHAN, 8, CHURU, 87, TARANAGAR, 1242, SATYOO, 37032, 1161910, Total, 0, 0, 0, 0, 0, 0, 2709294, 2709294
2015, RAJASTHAN, 8, CHURU, 87, TARANAGAR, 1242, SOMSISAR, 37033, 1101535, Drinking water, 0, 0, 0, 0, 0, 0, 340153, 340153
2015, RAJASTHAN, 8, CHURU, 87, TARANAGAR, 1242, SOMSISAR, 37033, 1101535, Education, 0, 0, 0, 0, 0, 0, 1000000, 1000000
2015, RAJASTHAN, 8, CHURU, 87, TARANAGAR, 1242, SOMSISAR, 37033, 1101535, Maintenance of community system, 0, 0, 0, 0, 0, 0, 530821, 530821
2015, RAJASTHAN, 8, CHURU, 87, TARANAGAR, 1242, SOMSISAR, 37033, 1101535, Total, 0, 0, 0, 0, 0, 0, 1870974, 1870974
2015, RAJASTHAN, 8, DAUSA, 88, BANDIKUI, 1243, ABHANERI, 37034, 1194152, Administrative & Technical Support, 0, 0, 0, 0, 0, 0, 250242, 250242
2015, RAJASTHAN, 8, DAUSA, 88, BANDIKUI, 1243, ABHANERI, 37034, 1194152, Drinking water, 0, 0, 0, 0, 0, 0, 1165000, 1165000
2015, RAJASTHAN, 8, DAUSA, 88, BANDIKUI, 1243, ABHANERI, 37034, 1194152, Maintenance of community system, 0, 0, 0, 0, 0, 0, 109900, 109900
2015, RAJASTHAN, 8, DAUSA, 88, BANDIKUI, 1243, ABHANERI, 37034, 1194152, Roads, 0, 0, 0, 0, 0, 0, 2282295, 2282295
2015, RAJASTHAN, 8, DAUSA, 88, BANDIKUI, 1243, ABHANERI, 37034, 1194152, Sanitation, 0, 0, 0, 0, 0, 0, 9751, 9751
2015, RAJASTHAN, 8, DAUSA, 88, BANDIKUI, 1243, ABHANERI, 37034, 1194152, Total, 0, 0, 0, 0, 0, 0, 3817188, 3817188
2015, RAJASTHAN, 8, DAUSA, 88, BANDIKUI, 1243, ANANTWARA, 37035, 1148722, Administrative & Technical Support, 0, 0, 0, 0, 0, 0, 1090364, 1090364
2015, RAJASTHAN, 8, DAUSA, 88, BANDIKUI, 1243, ANANTWARA, 37035, 1148722, Drinking water, 0, 0, 0, 0, 0, 0, 48725, 48725
2015, RAJASTHAN, 8, DAUSA, 88, BANDIKUI, 1243, ANANTWARA, 37035, 1148722, Maintenance of community system, 0, 0, 0, 0, 0, 0, 57273, 57273
2015, RAJASTHAN, 8, DAUSA, 88, BANDIKUI, 1243, ANANTWARA, 37035, 1148722, Roads, 0, 0, 0, 0, 0, 0, 1120184, 1120184
2015, RAJASTHAN, 8, DAUSA, 88, BANDIKUI, 1243, ANANTWARA, 37035, 1148722, Rural electrification, 0, 0, 0, 0, 0, 0, 90550, 90550
2015, RAJASTHAN, 8, DAUSA, 88, BANDIKUI, 1243, ANANTWARA, 37035, 1148722, Sanitation, 0, 0, 0, 0, 0, 0, 100000, 100000
2015, RAJASTHAN, 8, DAUSA, 88, BANDIKUI, 1243, ANANTWARA, 37035, 1148722, Total, 0, 0, 0, 0, 0, 0, 2507096, 2507096
2015, RAJASTHAN, 8, DAUSA, 88, BANDIKUI, 1243, ARNIYA, 37036, 1171683, Administrative & Technical Support, 0, 0, 0, 0, 0, 0, 152972, 152972
2015, RAJASTHAN, 8, DAUSA, 88, BANDIKUI, 1243, ARNIYA, 37036, 1171683, Drinking water, 0, 0, 0, 0, 0, 0, 1254985, 1254985
2015, RAJASTHAN, 8, DAUSA, 88, BANDIKUI, 1243, ARNIYA, 37036, 1171683, Maintenance of community system, 0, 0, 0, 0, 0, 0, 800010, 800010
2015, RAJASTHAN, 8, DAUSA, 88, BANDIKUI, 1243, ARNIYA, 37036, 1171683, Roads, 0, 0, 0, 0, 0, 0, 2287165, 2287165
2015, RAJASTHAN, 8, DAUSA, 88, BANDIKUI, 1243, ARNIYA, 37036, 1171683, Sanitation, 0, 0, 0, 0, 0, 0, 64515, 64515
2015, RAJASTHAN, 8, DAUSA, 88, BANDIKUI, 1243, ARNIYA, 37036, 1171683, Total, 0, 0, 0, 0, 0, 0, 4559647, 4559647
2015, RAJASTHAN, 8, DAUSA, 88, BANDIKUI, 1243, BADIYAL  KALAN, 37037, 1173733, Administrative & Technical Support, 0, 0, 0, 0, 0, 0, 638397, 638397
2015, RAJASTHAN, 8, DAUSA, 88, BANDIKUI, 1243, BADIYAL  KALAN, 37037, 1173733, Drinking water, 0, 0, 0, 0, 0, 0, 235252, 235252
2015, RAJASTHAN, 8, DAUSA, 88, BANDIKUI, 1243, BADIYAL  KALAN, 37037, 1173733, Roads, 0, 0, 0, 0, 0, 0, 2310415, 2310415
2015, RAJASTHAN, 8, DAUSA, 88, BANDIKUI, 1243, BADIYAL  KALAN, 37037, 1173733, Sanitation, 0, 0, 0, 0, 0, 0, 388370, 388370
2015, RAJASTHAN, 8, DAUSA, 88, BANDIKUI, 1243, BADIYAL  KALAN, 37037, 1173733, Total, 0, 0, 0, 0, 0, 0, 3572434, 3572434
2015, RAJASTHAN, 8, DAUSA, 88, BANDIKUI, 1243, BADIYAL KHURD, 37038, 1250475, Administrative & Technical Support, 0, 0, 0, 0, 0, 0, 222082, 222082
2015, RAJASTHAN, 8, DAUSA, 88, BANDIKUI, 1243, BADIYAL KHURD, 37038, 1250475, Drinking water, 0, 0, 0, 0, 0, 0, 274837, 274837
2015, RAJASTHAN, 8, DAUSA, 88, BANDIKUI, 1243, BADIYAL KHURD, 37038, 1250475, Roads, 0, 0, 0, 0, 0, 0, 3047250, 3047250
2015, RAJASTHAN, 8, DAUSA, 88, BANDIKUI, 1243, BADIYAL KHURD, 37038, 1250475, Rural electrification, 0, 0, 0, 0, 0, 0, 90000, 90000
2015, RAJASTHAN, 8, DAUSA, 88, BANDIKUI, 1243, BADIYAL KHURD, 37038, 1250475, Total, 0, 0, 0, 0, 0, 0, 3634169, 3634169
2015, RAJASTHAN, 8, DAUSA, 88, BANDIKUI, 1243, BAIJUPARA, 37039, 1190917, Administrative & Technical Support, 0, 0, 0, 0, 0, 0, 360959, 360959
2015, RAJASTHAN, 8, DAUSA, 88, BANDIKUI, 1243, BAIJUPARA, 37039, 1190917, Drinking water, 0, 0, 0, 0, 0, 0, 66800, 66800
2015, RAJASTHAN, 8, DAUSA, 88, BANDIKUI, 1243, BAIJUPARA, 37039, 1190917, Roads, 0, 0, 0, 0, 0, 0, 2882781, 2882781
2015, RAJASTHAN, 8, DAUSA, 88, BANDIKUI, 1243, BAIJUPARA, 37039, 1190917, Sanitation, 0, 0, 0, 0, 0, 0, 127498, 127498
2015, RAJASTHAN, 8, DAUSA, 88, BANDIKUI, 1243, BAIJUPARA, 37039, 1190917, Total, 0, 0, 0, 0, 0, 0, 3438038, 3438038
2015, RAJASTHAN, 8, DAUSA, 88, BANDIKUI, 1243, BALAHERA, 37040, 1142963, Administrative & Technical Support, 0, 0, 0, 0, 0, 0, 798937, 798937
2015, RAJASTHAN, 8, DAUSA, 88, BANDIKUI, 1243, BALAHERA, 37040, 1142963, Drinking water, 0, 0, 0, 0, 0, 0, 1538786, 1538786
2015, RAJASTHAN, 8, DAUSA, 88, BANDIKUI, 1243, BALAHERA, 37040, 1142963, Maintenance of community system, 0, 0, 0, 0, 0, 0, 408000, 408000
2015, RAJASTHAN, 8, DAUSA, 88, BANDIKUI, 1243, BALAHERA, 37040, 1142963, Roads, 0, 0, 0, 0, 0, 0, 889539, 889539
2015, RAJASTHAN, 8, DAUSA, 88, BANDIKUI, 1243, BALAHERA, 37040, 1142963, Total, 0, 0, 0, 0, 0, 0, 3635262, 3635262
2015, RAJASTHAN, 8, DAUSA, 88, BANDIKUI, 1243, BASWA, 37041, 1230386, Administrative & Technical Support, 0, 0, 0, 0, 0, 0, 286800, 286800
2015, RAJASTHAN, 8, DAUSA, 88, BANDIKUI, 1243, BASWA, 37041, 1230386, Drinking water, 0, 0, 0, 0, 0, 0, 5172429, 5172429
2015, RAJASTHAN, 8, DAUSA, 88, BANDIKUI, 1243, BASWA, 37041, 1230386, Roads, 0, 0, 0, 0, 0, 0, 4021316, 4021316
2015, RAJASTHAN, 8, DAUSA, 88, BANDIKUI, 1243, BASWA, 37041, 1230386, Rural electrification, 0, 0, 0, 0, 0, 0, 1100000, 1100000
2015, RAJASTHAN, 8, DAUSA, 88, BANDIKUI, 1243, BASWA, 37041, 1230386, Sanitation, 0, 0, 0, 0, 0, 0, 800000, 800000
2015, RAJASTHAN, 8, DAUSA, 88, BANDIKUI, 1243, BASWA, 37041, 1230386, Total, 0, 0, 0, 0, 0, 0, 11380545, 11380545
2015, RAJASTHAN, 8, DAUSA, 88, BANDIKUI, 1243, BHANDEDA, 37042, 1175307, Administrative & Technical Support, 0, 0, 0, 0, 0, 0, 1257229, 1257229
2015, RAJASTHAN, 8, DAUSA, 88, BANDIKUI, 1243, BHANDEDA, 37042, 1175307, Drinking water, 0, 0, 0, 0, 0, 0, 40000, 40000
2015, RAJASTHAN, 8, DAUSA, 88, BANDIKUI, 1243, BHANDEDA, 37042, 1175307, Roads, 0, 0, 0, 0, 0, 0, 1749837, 1749837
2015, RAJASTHAN, 8, DAUSA, 88, BANDIKUI, 1243, BHANDEDA, 37042, 1175307, Rural electrification, 0, 0, 0, 0, 0, 0, 239500, 239500
2015, RAJASTHAN, 8, DAUSA, 88, BANDIKUI, 1243, BHANDEDA, 37042, 1175307, Sanitation, 0, 0, 0, 0, 0, 0, 41660, 41660
2015, RAJASTHAN, 8, DAUSA, 88, BANDIKUI, 1243, BHANDEDA, 37042, 1175307, Total, 0, 0, 0, 0, 0, 0, 3328226, 3328226
2015, RAJASTHAN, 8, DAUSA, 88, BANDIKUI, 1243, BHANWATA, 37043, 1245001, Administrative & Technical Support, 0, 0, 0, 0, 0, 0, 783129, 783129
2015, RAJASTHAN, 8, DAUSA, 88, BANDIKUI, 1243, BHANWATA, 37043, 1245001, Drinking water, 0, 0, 0, 0, 0, 0, 1388577, 1388577
2015, RAJASTHAN, 8, DAUSA, 88, BANDIKUI, 1243, BHANWATA, 37043, 1245001, Roads, 0, 0, 0, 0, 0, 0, 524000, 524000
2015, RAJASTHAN, 8, DAUSA, 88, BANDIKUI, 1243, BHANWATA, 37043, 1245001, Sanitation, 0, 0, 0, 0, 0, 0, 278500, 278500
2015, RAJASTHAN, 8, DAUSA, 88, BANDIKUI, 1243, BHANWATA, 37043, 1245001, Total, 0, 0, 0, 0, 0, 0, 2974206, 2974206
2015, RAJASTHAN, 8, DAUSA, 88, BANDIKUI, 1243, BIWAI, 37044, 1176408, Administrative & Technical Support, 0, 0, 0, 0, 0, 0, 371297, 371297
2015, RAJASTHAN, 8, DAUSA, 88, BANDIKUI, 1243, BIWAI, 37044, 1176408, Drinking water, 0, 0, 0, 0, 0, 0, 100000, 100000
2015, RAJASTHAN, 8, DAUSA, 88, BANDIKUI, 1243, BIWAI, 37044, 1176408, Maintenance of community system, 0, 0, 0, 0, 0, 0, 200000, 200000
2015, RAJASTHAN, 8, DAUSA, 88, BANDIKUI, 1243, BIWAI, 37044, 1176408, Roads, 0, 0, 0, 0, 0, 0, 977066, 977066
2015, RAJASTHAN, 8, DAUSA, 88, BANDIKUI, 1243, BIWAI, 37044, 1176408, Sanitation, 0, 0, 0, 0, 0, 0, 915550, 915550
2015, RAJASTHAN, 8, DAUSA, 88, BANDIKUI, 1243, BIWAI, 37044, 1176408, Total, 0, 0, 0, 0, 0, 0, 2563913, 2563913
2015, RAJASTHAN, 8, DAUSA, 88, BANDIKUI, 1243, CHANDERA, 37045, 1276704, Administrative & Technical Support, 0, 0, 0, 0, 0, 0, 402782, 402782
2015, RAJASTHAN, 8, DAUSA, 88, BANDIKUI, 1243, CHANDERA, 37045, 1276704, Drinking water, 0, 0, 0, 0, 0, 0, 1237074, 1237074
2015, RAJASTHAN, 8, DAUSA, 88, BANDIKUI, 1243, CHANDERA, 37045, 1276704, Maintenance of community system, 0, 0, 0, 0, 0, 0, 210676, 210676
2015, RAJASTHAN, 8, DAUSA, 88, BANDIKUI, 1243, CHANDERA, 37045, 1276704, Roads, 0, 0, 0, 0, 0, 0, 2162242, 2162242
2015, RAJASTHAN, 8, DAUSA, 88, BANDIKUI, 1243, CHANDERA, 37045, 1276704, Total, 0, 0, 0, 0, 0, 0, 4012774, 4012774
2015, RAJASTHAN, 8, DAUSA, 88, BANDIKUI, 1243, DELARI, 37046, 1165305, Drinking water, 0, 0, 0, 0, 0, 0, 1449687, 1449687
2015, RAJASTHAN, 8, DAUSA, 88, BANDIKUI, 1243, DELARI, 37046, 1165305, Roads, 0, 0, 0, 0, 0, 0, 1621219, 1621219
2015, RAJASTHAN, 8, DAUSA, 88, BANDIKUI, 1243, DELARI, 37046, 1165305, Total, 0, 0, 0, 0, 0, 0, 3070906, 3070906
2015, RAJASTHAN, 8, DAUSA, 88, BANDIKUI, 1243, DHANAWAR, 37047, 1285002, Administrative & Technical Support, 0, 0, 0, 0, 0, 0, 243452, 243452
2015, RAJASTHAN, 8, DAUSA, 88, BANDIKUI, 1243, DHANAWAR, 37047, 1285002, Drinking water, 0, 0, 0, 0, 0, 0, 868581, 868581
2015, RAJASTHAN, 8, DAUSA, 88, BANDIKUI, 1243, DHANAWAR, 37047, 1285002, Roads, 0, 0, 0, 0, 0, 0, 1521428, 1521428
2015, RAJASTHAN, 8, DAUSA, 88, BANDIKUI, 1243, DHANAWAR, 37047, 1285002, Sanitation, 0, 0, 0, 0, 0, 0, 254973, 254973
2015, RAJASTHAN, 8, DAUSA, 88, BANDIKUI, 1243, DHANAWAR, 37047, 1285002, Total, 0, 0, 0, 0, 0, 0, 2888434, 2888434
2015, RAJASTHAN, 8, DAUSA, 88, BANDIKUI, 1243, DHIGARIYABHIM, 37048, 1191558, Administrative & Technical Support, 0, 0, 0, 0, 0, 0, 227832, 227832
2015, RAJASTHAN, 8, DAUSA, 88, BANDIKUI, 1243, DHIGARIYABHIM, 37048, 1191558, Drinking water, 0, 0, 0, 0, 0, 0, 323809, 323809
2015, RAJASTHAN, 8, DAUSA, 88, BANDIKUI, 1243, DHIGARIYABHIM, 37048, 1191558, Roads, 0, 0, 0, 0, 0, 0, 2251747, 2251747
2015, RAJASTHAN, 8, DAUSA, 88, BANDIKUI, 1243, DHIGARIYABHIM, 37048, 1191558, Sanitation, 0, 0, 0, 0, 0, 0, 407924, 407924
2015, RAJASTHAN, 8, DAUSA, 88, BANDIKUI, 1243, DHIGARIYABHIM, 37048, 1191558, Total, 0, 0, 0, 0, 0, 0, 3211312, 3211312
2015, RAJASTHAN, 8, DAUSA, 88, BANDIKUI, 1243, DWARAPURA, 262436, 1195320, Administrative & Technical Support, 0, 0, 0, 0, 0, 0, 272527, 272527
2015, RAJASTHAN, 8, DAUSA, 88, BANDIKUI, 1243, DWARAPURA, 262436, 1195320, Drinking water, 0, 0, 0, 0, 0, 0, 1069000, 1069000
2015, RAJASTHAN, 8, DAUSA, 88, BANDIKUI, 1243, DWARAPURA, 262436, 1195320, Maintenance of community system, 0, 0, 0, 0, 0, 0, 50000, 50000
2015, RAJASTHAN, 8, DAUSA, 88, BANDIKUI, 1243, DWARAPURA, 262436, 1195320, Roads, 0, 0, 0, 0, 0, 0, 1530000, 1530000
2015, RAJASTHAN, 8, DAUSA, 88, BANDIKUI, 1243, DWARAPURA, 262436, 1195320, Rural electrification, 0, 0, 0, 0, 0, 0, 197455, 197455
2015, RAJASTHAN, 8, DAUSA, 88, BANDIKUI, 1243, DWARAPURA, 262436, 1195320, Total, 0, 0, 0, 0, 0, 0, 3118982, 3118982
2015, RAJASTHAN, 8, DAUSA, 88, BANDIKUI, 1243, ECHERI, 37049, 1229873, Administrative & Technical Support, 0, 0, 0, 0, 0, 0, 157173, 157173
2015, RAJASTHAN, 8, DAUSA, 88, BANDIKUI, 1243, ECHERI, 37049, 1229873, Drinking water, 0, 0, 0, 0, 0, 0, 986557, 986557
2015, RAJASTHAN, 8, DAUSA, 88, BANDIKUI, 1243, ECHERI, 37049, 1229873, Roads, 0, 0, 0, 0, 0, 0, 872343, 872343
2015, RAJASTHAN, 8, DAUSA, 88, BANDIKUI, 1243, ECHERI, 37049, 1229873, Rural electrification, 0, 0, 0, 0, 0, 0, 43034, 43034
2015, RAJASTHAN, 8, DAUSA, 88, BANDIKUI, 1243, ECHERI, 37049, 1229873, Sanitation, 0, 0, 0, 0, 0, 0, 18030, 18030
2015, RAJASTHAN, 8, DAUSA, 88, BANDIKUI, 1243, ECHERI, 37049, 1229873, Total, 0, 0, 0, 0, 0, 0, 2077137, 2077137
2015, RAJASTHAN, 8, DAUSA, 88, BANDIKUI, 1243, GADARWARAGOOJARAN, 37050, 1183796, Administrative & Technical Support, 0, 0, 0, 0, 0, 0, 119846, 119846
2015, RAJASTHAN, 8, DAUSA, 88, BANDIKUI, 1243, GADARWARAGOOJARAN, 37050, 1183796, Drinking water, 0, 0, 0, 0, 0, 0, 170000, 170000
2015, RAJASTHAN, 8, DAUSA, 88, BANDIKUI, 1243, GADARWARAGOOJARAN, 37050, 1183796, Maintenance of community system, 0, 0, 0, 0, 0, 0, 20000, 20000
2015, RAJASTHAN, 8, DAUSA, 88, BANDIKUI, 1243, GADARWARAGOOJARAN, 37050, 1183796, Roads, 0, 0, 0, 0, 0, 0, 1900329, 1900329
2015, RAJASTHAN, 8, DAUSA, 88, BANDIKUI, 1243, GADARWARAGOOJARAN, 37050, 1183796, Sanitation, 0, 0, 0, 0, 0, 0, 1200000, 1200000
2015, RAJASTHAN, 8, DAUSA, 88, BANDIKUI, 1243, GADARWARAGOOJARAN, 37050, 1183796, Total, 0, 0, 0, 0, 0, 0, 3410175, 3410175
2015, RAJASTHAN, 8, DAUSA, 88, BANDIKUI, 1243, GOLARA, 37051, 1190396, Administrative & Technical Support, 0, 0, 0, 0, 0, 0, 378310, 378310
2015, RAJASTHAN, 8, DAUSA, 88, BANDIKUI, 1243, GOLARA, 37051, 1190396, Drinking water, 0, 0, 0, 0, 0, 0, 528000, 528000
2015, RAJASTHAN, 8, DAUSA, 88, BANDIKUI, 1243, GOLARA, 37051, 1190396, Roads, 0, 0, 0, 0, 0, 0, 1754000, 1754000
2015, RAJASTHAN, 8, DAUSA, 88, BANDIKUI, 1243, GOLARA, 37051, 1190396, Sanitation, 0, 0, 0, 0, 0, 0, 486535, 486535
2015, RAJASTHAN, 8, DAUSA, 88, BANDIKUI, 1243, GOLARA, 37051, 1190396, Total, 0, 0, 0, 0, 0, 0, 3146845, 3146845
2015, RAJASTHAN, 8, DAUSA, 88, BANDIKUI, 1243, GULLANA, 37055, 1164091, Drinking water, 0, 0, 0, 0, 0, 0, 1956625, 1956625
2015, RAJASTHAN, 8, DAUSA, 88, BANDIKUI, 1243, GULLANA, 37055, 1164091, Health, 0, 0, 0, 0, 0, 0, 385002, 385002
2015, RAJASTHAN, 8, DAUSA, 88, BANDIKUI, 1243, GULLANA, 37055, 1164091, Roads, 0, 0, 0, 0, 0, 0, 1970534, 1970534
2015, RAJASTHAN, 8, DAUSA, 88, BANDIKUI, 1243, GULLANA, 37055, 1164091, Total, 0, 0, 0, 0, 0, 0, 4312161, 4312161
2015, RAJASTHAN, 8, DAUSA, 88, BANDIKUI, 1243, GURHAASHIKPURA, 37052, 1185894, Administrative & Technical Support, 0, 0, 0, 0, 0, 0, 151456, 151456
2015, RAJASTHAN, 8, DAUSA, 88, BANDIKUI, 1243, GURHAASHIKPURA, 37052, 1185894, Drinking water, 0, 0, 0, 0, 0, 0, 962503, 962503
2015, RAJASTHAN, 8, DAUSA, 88, BANDIKUI, 1243, GURHAASHIKPURA, 37052, 1185894, Roads, 0, 0, 0, 0, 0, 0, 1505681, 1505681
2015, RAJASTHAN, 8, DAUSA, 88, BANDIKUI, 1243, GURHAASHIKPURA, 37052, 1185894, Total, 0, 0, 0, 0, 0, 0, 2619640, 2619640
2015, RAJASTHAN, 8, DAUSA, 88, BANDIKUI, 1243, GURHAKATLA, 37053, 1181228, Administrative & Technical Support, 0, 0, 0, 0, 0, 0, 99020, 99020
2015, RAJASTHAN, 8, DAUSA, 88, BANDIKUI, 1243, GURHAKATLA, 37053, 1181228, Drinking water, 0, 0, 0, 0, 0, 0, 403433, 403433
2015, RAJASTHAN, 8, DAUSA, 88, BANDIKUI, 1243, GURHAKATLA, 37053, 1181228, Maintenance of community system, 0, 0, 0, 0, 0, 0, 845000, 845000
2015, RAJASTHAN, 8, DAUSA, 88, BANDIKUI, 1243, GURHAKATLA, 37053, 1181228, Roads, 0, 0, 0, 0, 0, 0, 1500000, 1500000
2015, RAJASTHAN, 8, DAUSA, 88, BANDIKUI, 1243, GURHAKATLA, 37053, 1181228, Sanitation, 0, 0, 0, 0, 0, 0, 224000, 224000
2015, RAJASTHAN, 8, DAUSA, 88, BANDIKUI, 1243, GURHAKATLA, 37053, 1181228, Total, 0, 0, 0, 0, 0, 0, 3071453, 3071453
2015, RAJASTHAN, 8, DAUSA, 88, BANDIKUI, 1243, GURHALIYA, 37054, 1153548, Drinking water, 0, 0, 0, 0, 0, 0, 1180793, 1180793
2015, RAJASTHAN, 8, DAUSA, 88, BANDIKUI, 1243, GURHALIYA, 37054, 1153548, Maintenance of community system, 0, 0, 0, 0, 0, 0, 136000, 136000
2015, RAJASTHAN, 8, DAUSA, 88, BANDIKUI, 1243, GURHALIYA, 37054, 1153548, Roads, 0, 0, 0, 0, 0, 0, 1780139, 1780139
2015, RAJASTHAN, 8, DAUSA, 88, BANDIKUI, 1243, GURHALIYA, 37054, 1153548, Sanitation, 0, 0, 0, 0, 0, 0, 275000, 275000
2015, RAJASTHAN, 8, DAUSA, 88, BANDIKUI, 1243, GURHALIYA, 37054, 1153548, Total, 0, 0, 0, 0, 0, 0, 3371932, 3371932
2015, RAJASTHAN, 8, DAUSA, 88, BANDIKUI, 1243, HINGOTA, 37056, 1172231, Administrative & Technical Support, 0, 0, 0, 0, 0, 0, 456200, 456200
2015, RAJASTHAN, 8, DAUSA, 88, BANDIKUI, 1243, HINGOTA, 37056, 1172231, Drinking water, 0, 0, 0, 0, 0, 0, 40000, 40000
2015, RAJASTHAN, 8, DAUSA, 88, BANDIKUI, 1243, HINGOTA, 37056, 1172231, Maintenance of community system, 0, 0, 0, 0, 0, 0, 1021000, 1021000
2015, RAJASTHAN, 8, DAUSA, 88, BANDIKUI, 1243, HINGOTA, 37056, 1172231, Roads, 0, 0, 0, 0, 0, 0, 3000000, 3000000
2015, RAJASTHAN, 8, DAUSA, 88, BANDIKUI, 1243, HINGOTA, 37056, 1172231, Sanitation, 0, 0, 0, 0, 0, 0, 135323, 135323
2015, RAJASTHAN, 8, DAUSA, 88, BANDIKUI, 1243, HINGOTA, 37056, 1172231, Total, 0, 0, 0, 0, 0, 0, 4652523, 4652523
2015, RAJASTHAN, 8, DAUSA, 88, BANDIKUI, 1243, JHAJHIRAMPURA, 37057, 1162523, Administrative & Technical Support, 0, 0, 0, 0, 0, 0, 30800, 30800
2015, RAJASTHAN, 8, DAUSA, 88, BANDIKUI, 1243, JHAJHIRAMPURA, 37057, 1162523, Drinking water, 0, 0, 0, 0, 0, 0, 704715, 704715
2015, RAJASTHAN, 8, DAUSA, 88, BANDIKUI, 1243, JHAJHIRAMPURA, 37057, 1162523, Land improvement, 0, 0, 0, 0, 0, 0, 156771, 156771
2015, RAJASTHAN, 8, DAUSA, 88, BANDIKUI, 1243, JHAJHIRAMPURA, 37057, 1162523, Maintenance of community system, 0, 0, 0, 0, 0, 0, 27771, 27771
2015, RAJASTHAN, 8, DAUSA, 88, BANDIKUI, 1243, JHAJHIRAMPURA, 37057, 1162523, Roads, 0, 0, 0, 0, 0, 0, 1379085, 1379085
2015, RAJASTHAN, 8, DAUSA, 88, BANDIKUI, 1243, JHAJHIRAMPURA, 37057, 1162523, Rural electrification, 0, 0, 0, 0, 0, 0, 33419, 33419
2015, RAJASTHAN, 8, DAUSA, 88, BANDIKUI, 1243, JHAJHIRAMPURA, 37057, 1162523, Sanitation, 0, 0, 0, 0, 0, 0, 864000, 864000
2015, RAJASTHAN, 8, DAUSA, 88, BANDIKUI, 1243, JHAJHIRAMPURA, 37057, 1162523, Total, 0, 0, 0, 0, 0, 0, 3196561, 3196561
2015, RAJASTHAN, 8, DAUSA, 88, BANDIKUI, 1243, KARNAWAR, 37058, 1191721, Administrative & Technical Support, 0, 0, 0, 0, 0, 0, 371451, 371451
2015, RAJASTHAN, 8, DAUSA, 88, BANDIKUI, 1243, KARNAWAR, 37058, 1191721, Drinking water, 0, 0, 0, 0, 0, 0, 532000, 532000
2015, RAJASTHAN, 8, DAUSA, 88, BANDIKUI, 1243, KARNAWAR, 37058, 1191721, Maintenance of community system, 0, 0, 0, 0, 0, 0, 510298, 510298
2015, RAJASTHAN, 8, DAUSA, 88, BANDIKUI, 1243, KARNAWAR, 37058, 1191721, Roads, 0, 0, 0, 0, 0, 0, 2399617, 2399617
2015, RAJASTHAN, 8, DAUSA, 88, BANDIKUI, 1243, KARNAWAR, 37058, 1191721, Total, 0, 0, 0, 0, 0, 0, 3813366, 3813366
2015, RAJASTHAN, 8, DAUSA, 88, BANDIKUI, 1243, KESRI SINGHPURA, 262261, 1165948, Administrative & Technical Support, 0, 0, 0, 0, 0, 0, 134842, 134842
2015, RAJASTHAN, 8, DAUSA, 88, BANDIKUI, 1243, KESRI SINGHPURA, 262261, 1165948, Drinking water, 0, 0, 0, 0, 0, 0, 1102086, 1102086
2015, RAJASTHAN, 8, DAUSA, 88, BANDIKUI, 1243, KESRI SINGHPURA, 262261, 1165948, Education, 0, 0, 0, 0, 0, 0, 80000, 80000
2015, RAJASTHAN, 8, DAUSA, 88, BANDIKUI, 1243, KESRI SINGHPURA, 262261, 1165948, Maintenance of community system, 0, 0, 0, 0, 0, 0, 94940, 94940
2015, RAJASTHAN, 8, DAUSA, 88, BANDIKUI, 1243, KESRI SINGHPURA, 262261, 1165948, Roads, 0, 0, 0, 0, 0, 0, 1347935, 1347935
2015, RAJASTHAN, 8, DAUSA, 88, BANDIKUI, 1243, KESRI SINGHPURA, 262261, 1165948, Sanitation, 0, 0, 0, 0, 0, 0, 48866, 48866
2015, RAJASTHAN, 8, DAUSA, 88, BANDIKUI, 1243, KESRI SINGHPURA, 262261, 1165948, Total, 0, 0, 0, 0, 0, 0, 2808669, 2808669
2015, RAJASTHAN, 8, DAUSA, 88, BANDIKUI, 1243, KHERI, 262258, 1233291, Administrative & Technical Support, 0, 0, 0, 0, 0, 0, 15121, 15121
2015, RAJASTHAN, 8, DAUSA, 88, BANDIKUI, 1243, KHERI, 262258, 1233291, Maintenance of community system, 0, 0, 0, 0, 0, 0, 1086556, 1086556
2015, RAJASTHAN, 8, DAUSA, 88, BANDIKUI, 1243, KHERI, 262258, 1233291, Roads, 0, 0, 0, 0, 0, 0, 1200000, 1200000
2015, RAJASTHAN, 8, DAUSA, 88, BANDIKUI, 1243, KHERI, 262258, 1233291, Total, 0, 0, 0, 0, 0, 0, 2301677, 2301677
2015, RAJASTHAN, 8, DAUSA, 88, BANDIKUI, 1243, KOLANA, 37059, 1342724, Administrative & Technical Support, 0, 0, 0, 0, 0, 0, 541094, 541094
2015, RAJASTHAN, 8, DAUSA, 88, BANDIKUI, 1243, KOLANA, 37059, 1342724, Drinking water, 0, 0, 0, 0, 0, 0, 1247640, 1247640
2015, RAJASTHAN, 8, DAUSA, 88, BANDIKUI, 1243, KOLANA, 37059, 1342724, Health, 0, 0, 0, 0, 0, 0, 276950, 276950
2015, RAJASTHAN, 8, DAUSA, 88, BANDIKUI, 1243, KOLANA, 37059, 1342724, Land improvement, 0, 0, 0, 0, 0, 0, 8060, 8060
2015, RAJASTHAN, 8, DAUSA, 88, BANDIKUI, 1243, KOLANA, 37059, 1342724, Roads, 0, 0, 0, 0, 0, 0, 1974417, 1974417
2015, RAJASTHAN, 8, DAUSA, 88, BANDIKUI, 1243, KOLANA, 37059, 1342724, Sanitation, 0, 0, 0, 0, 0, 0, 115400, 115400
2015, RAJASTHAN, 8, DAUSA, 88, BANDIKUI, 1243, KOLANA, 37059, 1342724, Total, 0, 0, 0, 0, 0, 0, 4163561, 4163561
2015, RAJASTHAN, 8, DAUSA, 88, BANDIKUI, 1243, KOLWA, 37060, 1176083, Administrative & Technical Support, 0, 0, 0, 0, 0, 0, 18988, 18988
2015, RAJASTHAN, 8, DAUSA, 88, BANDIKUI, 1243, KOLWA, 37060, 1176083, Drinking water, 0, 0, 0, 0, 0, 0, 142060, 142060
2015, RAJASTHAN, 8, DAUSA, 88, BANDIKUI, 1243, KOLWA, 37060, 1176083, Maintenance of community system, 0, 0, 0, 0, 0, 0, 448802, 448802
2015, RAJASTHAN, 8, DAUSA, 88, BANDIKUI, 1243, KOLWA, 37060, 1176083, Roads, 0, 0, 0, 0, 0, 0, 2009983, 2009983
2015, RAJASTHAN, 8, DAUSA, 88, BANDIKUI, 1243, KOLWA, 37060, 1176083, Sanitation, 0, 0, 0, 0, 0, 0, 363114, 363114
2015, RAJASTHAN, 8, DAUSA, 88, BANDIKUI, 1243, KOLWA, 37060, 1176083, Total, 0, 0, 0, 0, 0, 0, 2982947, 2982947
2015, RAJASTHAN, 8, DAUSA, 88, BANDIKUI, 1243, LOTWARA, 37061, 1174430, Administrative & Technical Support, 0, 0, 0, 0, 0, 0, 187633, 187633
2015, RAJASTHAN, 8, DAUSA, 88, BANDIKUI, 1243, LOTWARA, 37061, 1174430, Drinking water, 0, 0, 0, 0, 0, 0, 670000, 670000
2015, RAJASTHAN, 8, DAUSA, 88, BANDIKUI, 1243, LOTWARA, 37061, 1174430, Maintenance of community system, 0, 0, 0, 0, 0, 0, 61237, 61237
2015, RAJASTHAN, 8, DAUSA, 88, BANDIKUI, 1243, LOTWARA, 37061, 1174430, Roads, 0, 0, 0, 0, 0, 0, 1612000, 1612000
2015, RAJASTHAN, 8, DAUSA, 88, BANDIKUI, 1243, LOTWARA, 37061, 1174430, Rural electrification, 0, 0, 0, 0, 0, 0, 200000, 200000
2015, RAJASTHAN, 8, DAUSA, 88, BANDIKUI, 1243, LOTWARA, 37061, 1174430, Sanitation, 0, 0, 0, 0, 0, 0, 1000000, 1000000
2015, RAJASTHAN, 8, DAUSA, 88, BANDIKUI, 1243, LOTWARA, 37061, 1174430, Total, 0, 0, 0, 0, 0, 0, 3730870, 3730870
2015, RAJASTHAN, 8, DAUSA, 88, BANDIKUI, 1243, MAUKHURD, 37062, 1190021, Administrative & Technical Support, 0, 0, 0, 0, 0, 0, 258369, 258369
2015, RAJASTHAN, 8, DAUSA, 88, BANDIKUI, 1243, MAUKHURD, 37062, 1190021, Drinking water, 0, 0, 0, 0, 0, 0, 1200000, 1200000
2015, RAJASTHAN, 8, DAUSA, 88, BANDIKUI, 1243, MAUKHURD, 37062, 1190021, Roads, 0, 0, 0, 0, 0, 0, 2016819, 2016819
2015, RAJASTHAN, 8, DAUSA, 88, BANDIKUI, 1243, MAUKHURD, 37062, 1190021, Total, 0, 0, 0, 0, 0, 0, 3475188, 3475188
2015, RAJASTHAN, 8, DAUSA, 88, BANDIKUI, 1243, MUHI, 37064, 1159861, Administrative & Technical Support, 0, 0, 0, 0, 0, 0, 78632, 78632
2015, RAJASTHAN, 8, DAUSA, 88, BANDIKUI, 1243, MUHI, 37064, 1159861, Drinking water, 0, 0, 0, 0, 0, 0, 1683227, 1683227
2015, RAJASTHAN, 8, DAUSA, 88, BANDIKUI, 1243, MUHI, 37064, 1159861, Roads, 0, 0, 0, 0, 0, 0, 1450000, 1450000
2015, RAJASTHAN, 8, DAUSA, 88, BANDIKUI, 1243, MUHI, 37064, 1159861, Total, 0, 0, 0, 0, 0, 0, 3211859, 3211859
2015, RAJASTHAN, 8, DAUSA, 88, BANDIKUI, 1243, MUNDGHISYA, 37063, 1197177, Administrative & Technical Support, 0, 0, 0, 0, 0, 0, 527109, 527109
2015, RAJASTHAN, 8, DAUSA, 88, BANDIKUI, 1243, MUNDGHISYA, 37063, 1197177, Drinking water, 0, 0, 0, 0, 0, 0, 851842, 851842
2015, RAJASTHAN, 8, DAUSA, 88, BANDIKUI, 1243, MUNDGHISYA, 37063, 1197177, Roads, 0, 0, 0, 0, 0, 0, 2157016, 2157016
2015, RAJASTHAN, 8, DAUSA, 88, BANDIKUI, 1243, MUNDGHISYA, 37063, 1197177, Rural electrification, 0, 0, 0, 0, 0, 0, 358800, 358800
2015, RAJASTHAN, 8, DAUSA, 88, BANDIKUI, 1243, MUNDGHISYA, 37063, 1197177, Total, 0, 0, 0, 0, 0, 0, 3894767, 3894767
2015, RAJASTHAN, 8, DAUSA, 88, BANDIKUI, 1243, NANDERA, 37065, 1181208, Administrative & Technical Support, 0, 0, 0, 0, 0, 0, 23900, 23900
2015, RAJASTHAN, 8, DAUSA, 88, BANDIKUI, 1243, NANDERA, 37065, 1181208, Drinking water, 0, 0, 0, 0, 0, 0, 3286707, 3286707
2015, RAJASTHAN, 8, DAUSA, 88, BANDIKUI, 1243, NANDERA, 37065, 1181208, Maintenance of community system, 0, 0, 0, 0, 0, 0, 303000, 303000
2015, RAJASTHAN, 8, DAUSA, 88, BANDIKUI, 1243, NANDERA, 37065, 1181208, Roads, 0, 0, 0, 0, 0, 0, 1323007, 1323007
2015, RAJASTHAN, 8, DAUSA, 88, BANDIKUI, 1243, NANDERA, 37065, 1181208, Total, 0, 0, 0, 0, 0, 0, 4936614, 4936614
2015, RAJASTHAN, 8, DAUSA, 88, BANDIKUI, 1243, NANGAL JHAMARWARA, 37066, 1170023, Administrative & Technical Support, 0, 0, 0, 0, 0, 0, 91710, 91710
2015, RAJASTHAN, 8, DAUSA, 88, BANDIKUI, 1243, NANGAL JHAMARWARA, 37066, 1170023, Drinking water, 0, 0, 0, 0, 0, 0, 525000, 525000
2015, RAJASTHAN, 8, DAUSA, 88, BANDIKUI, 1243, NANGAL JHAMARWARA, 37066, 1170023, Maintenance of community system, 0, 0, 0, 0, 0, 0, 799000, 799000
2015, RAJASTHAN, 8, DAUSA, 88, BANDIKUI, 1243, NANGAL JHAMARWARA, 37066, 1170023, Roads, 0, 0, 0, 0, 0, 0, 552000, 552000
2015, RAJASTHAN, 8, DAUSA, 88, BANDIKUI, 1243, NANGAL JHAMARWARA, 37066, 1170023, Sanitation, 0, 0, 0, 0, 0, 0, 164605, 164605
2015, RAJASTHAN, 8, DAUSA, 88, BANDIKUI, 1243, NANGAL JHAMARWARA, 37066, 1170023, Total, 0, 0, 0, 0, 0, 0, 2132315, 2132315
2015, RAJASTHAN, 8, DAUSA, 88, BANDIKUI, 1243, NIHALPURA, 37067, 1169442, Administrative & Technical Support, 0, 0, 0, 0, 0, 0, 258373, 258373
2015, RAJASTHAN, 8, DAUSA, 88, BANDIKUI, 1243, NIHALPURA, 37067, 1169442, Drinking water, 0, 0, 0, 0, 0, 0, 647781, 647781
2015, RAJASTHAN, 8, DAUSA, 88, BANDIKUI, 1243, NIHALPURA, 37067, 1169442, Land improvement, 0, 0, 0, 0, 0, 0, 100000, 100000
2015, RAJASTHAN, 8, DAUSA, 88, BANDIKUI, 1243, NIHALPURA, 37067, 1169442, Maintenance of community system, 0, 0, 0, 0, 0, 0, 100000, 100000
2015, RAJASTHAN, 8, DAUSA, 88, BANDIKUI, 1243, NIHALPURA, 37067, 1169442, Roads, 0, 0, 0, 0, 0, 0, 1592611, 1592611
2015, RAJASTHAN, 8, DAUSA, 88, BANDIKUI, 1243, NIHALPURA, 37067, 1169442, Sanitation, 0, 0, 0, 0, 0, 0, 50355, 50355
2015, RAJASTHAN, 8, DAUSA, 88, BANDIKUI, 1243, NIHALPURA, 37067, 1169442, Total, 0, 0, 0, 0, 0, 0, 2749120, 2749120
2015, RAJASTHAN, 8, DAUSA, 88, BANDIKUI, 1243, PANDITPURA, 37068, 1174826, Administrative & Technical Support, 0, 0, 0, 0, 0, 0, 125960, 125960
2015, RAJASTHAN, 8, DAUSA, 88, BANDIKUI, 1243, PANDITPURA, 37068, 1174826, Drinking water, 0, 0, 0, 0, 0, 0, 327505, 327505
2015, RAJASTHAN, 8, DAUSA, 88, BANDIKUI, 1243, PANDITPURA, 37068, 1174826, Roads, 0, 0, 0, 0, 0, 0, 2290191, 2290191
2015, RAJASTHAN, 8, DAUSA, 88, BANDIKUI, 1243, PANDITPURA, 37068, 1174826, Total, 0, 0, 0, 0, 0, 0, 2743656, 2743656
2015, RAJASTHAN, 8, DAUSA, 88, BANDIKUI, 1243, PEECHUPARA KALAN, 37069, 1167533, Administrative & Technical Support, 0, 0, 0, 0, 0, 0, 68400, 68400
2015, RAJASTHAN, 8, DAUSA, 88, BANDIKUI, 1243, PEECHUPARA KALAN, 37069, 1167533, Drinking water, 0, 0, 0, 0, 0, 0, 2171041, 2171041
2015, RAJASTHAN, 8, DAUSA, 88, BANDIKUI, 1243, PEECHUPARA KALAN, 37069, 1167533, Roads, 0, 0, 0, 0, 0, 0, 1358670, 1358670
2015, RAJASTHAN, 8, DAUSA, 88, BANDIKUI, 1243, PEECHUPARA KALAN, 37069, 1167533, Total, 0, 0, 0, 0, 0, 0, 3598111, 3598111
2015, RAJASTHAN, 8, DAUSA, 88, BANDIKUI, 1243, PEECHUPARA KHURD, 37070, 1117105, Administrative & Technical Support, 0, 0, 0, 0, 0, 0, 120500, 120500
2015, RAJASTHAN, 8, DAUSA, 88, BANDIKUI, 1243, PEECHUPARA KHURD, 37070, 1117105, Drinking water, 0, 0, 0, 0, 0, 0, 724304, 724304
2015, RAJASTHAN, 8, DAUSA, 88, BANDIKUI, 1243, PEECHUPARA KHURD, 37070, 1117105, Education, 0, 0, 0, 0, 0, 0, 83116, 83116
2015, RAJASTHAN, 8, DAUSA, 88, BANDIKUI, 1243, PEECHUPARA KHURD, 37070, 1117105, Roads, 0, 0, 0, 0, 0, 0, 2044000, 2044000
2015, RAJASTHAN, 8, DAUSA, 88, BANDIKUI, 1243, PEECHUPARA KHURD, 37070, 1117105, Rural electrification, 0, 0, 0, 0, 0, 0, 184000, 184000
2015, RAJASTHAN, 8, DAUSA, 88, BANDIKUI, 1243, PEECHUPARA KHURD, 37070, 1117105, Sanitation, 0, 0, 0, 0, 0, 0, 9500, 9500
2015, RAJASTHAN, 8, DAUSA, 88, BANDIKUI, 1243, PEECHUPARA KHURD, 37070, 1117105, Total, 0, 0, 0, 0, 0, 0, 3165420, 3165420
2015, RAJASTHAN, 8, DAUSA, 88, BANDIKUI, 1243, PRATAPPURA, 37071, 1181255, Administrative & Technical Support, 0, 0, 0, 0, 0, 0, 248359, 248359
2015, RAJASTHAN, 8, DAUSA, 88, BANDIKUI, 1243, PRATAPPURA, 37071, 1181255, Maintenance of community system, 0, 0, 0, 0, 0, 0, 257031, 257031
2015, RAJASTHAN, 8, DAUSA, 88, BANDIKUI, 1243, PRATAPPURA, 37071, 1181255, Roads, 0, 0, 0, 0, 0, 0, 1647699, 1647699
2015, RAJASTHAN, 8, DAUSA, 88, BANDIKUI, 1243, PRATAPPURA, 37071, 1181255, Rural electrification, 0, 0, 0, 0, 0, 0, 6500, 6500
2015, RAJASTHAN, 8, DAUSA, 88, BANDIKUI, 1243, PRATAPPURA, 37071, 1181255, Sanitation, 0, 0, 0, 0, 0, 0, 503210, 503210
2015, RAJASTHAN, 8, DAUSA, 88, BANDIKUI, 1243, PRATAPPURA, 37071, 1181255, Total, 0, 0, 0, 0, 0, 0, 2662799, 2662799
2015, RAJASTHAN, 8, DAUSA, 88, BANDIKUI, 1243, PUNDARPARA, 37072, 1181243, Administrative & Technical Support, 0, 0, 0, 0, 0, 0, 415221, 415221
2015, RAJASTHAN, 8, DAUSA, 88, BANDIKUI, 1243, PUNDARPARA, 37072, 1181243, Drinking water, 0, 0, 0, 0, 0, 0, 2452374, 2452374
2015, RAJASTHAN, 8, DAUSA, 88, BANDIKUI, 1243, PUNDARPARA, 37072, 1181243, Maintenance of community system, 0, 0, 0, 0, 0, 0, 25322, 25322
2015, RAJASTHAN, 8, DAUSA, 88, BANDIKUI, 1243, PUNDARPARA, 37072, 1181243, Roads, 0, 0, 0, 0, 0, 0, 1435636, 1435636
2015, RAJASTHAN, 8, DAUSA, 88, BANDIKUI, 1243, PUNDARPARA, 37072, 1181243, Total, 0, 0, 0, 0, 0, 0, 4328553, 4328553
2015, RAJASTHAN, 8, DAUSA, 88, BANDIKUI, 1243, RALAWATA, 37073, 1171098, Administrative & Technical Support, 0, 0, 0, 0, 0, 0, 310202, 310202
2015, RAJASTHAN, 8, DAUSA, 88, BANDIKUI, 1243, RALAWATA, 37073, 1171098, Drinking water, 0, 0, 0, 0, 0, 0, 383926, 383926
2015, RAJASTHAN, 8, DAUSA, 88, BANDIKUI, 1243, RALAWATA, 37073, 1171098, Health, 0, 0, 0, 0, 0, 0, 29400, 29400
2015, RAJASTHAN, 8, DAUSA, 88, BANDIKUI, 1243, RALAWATA, 37073, 1171098, Land improvement, 0, 0, 0, 0, 0, 0, 298813, 298813
2015, RAJASTHAN, 8, DAUSA, 88, BANDIKUI, 1243, RALAWATA, 37073, 1171098, Maintenance of community system, 0, 0, 0, 0, 0, 0, 748006, 748006
2015, RAJASTHAN, 8, DAUSA, 88, BANDIKUI, 1243, RALAWATA, 37073, 1171098, Roads, 0, 0, 0, 0, 0, 0, 1619613, 1619613
2015, RAJASTHAN, 8, DAUSA, 88, BANDIKUI, 1243, RALAWATA, 37073, 1171098, Total, 0, 0, 0, 0, 0, 0, 3389960, 3389960
2015, RAJASTHAN, 8, DAUSA, 88, BANDIKUI, 1243, SODALA, 262446, 1195430, Administrative & Technical Support, 0, 0, 0, 0, 0, 0, 119901, 119901
2015, RAJASTHAN, 8, DAUSA, 88, BANDIKUI, 1243, SODALA, 262446, 1195430, Health, 0, 0, 0, 0, 0, 0, 100000, 100000
2015, RAJASTHAN, 8, DAUSA, 88, BANDIKUI, 1243, SODALA, 262446, 1195430, Maintenance of community system, 0, 0, 0, 0, 0, 0, 1269668, 1269668
2015, RAJASTHAN, 8, DAUSA, 88, BANDIKUI, 1243, SODALA, 262446, 1195430, Roads, 0, 0, 0, 0, 0, 0, 1200000, 1200000
2015, RAJASTHAN, 8, DAUSA, 88, BANDIKUI, 1243, SODALA, 262446, 1195430, Total, 0, 0, 0, 0, 0, 0, 2689569, 2689569
2015, RAJASTHAN, 8, DAUSA, 88, BANDIKUI, 1243, SYALAWASKALAN, 37074, 1160615, Administrative & Technical Support, 0, 0, 0, 0, 0, 0, 116522, 116522
2015, RAJASTHAN, 8, DAUSA, 88, BANDIKUI, 1243, SYALAWASKALAN, 37074, 1160615, Drinking water, 0, 0, 0, 0, 0, 0, 506067, 506067
2015, RAJASTHAN, 8, DAUSA, 88, BANDIKUI, 1243, SYALAWASKALAN, 37074, 1160615, Land improvement, 0, 0, 0, 0, 0, 0, 100000, 100000
2015, RAJASTHAN, 8, DAUSA, 88, BANDIKUI, 1243, SYALAWASKALAN, 37074, 1160615, Maintenance of community system, 0, 0, 0, 0, 0, 0, 400000, 400000
2015, RAJASTHAN, 8, DAUSA, 88, BANDIKUI, 1243, SYALAWASKALAN, 37074, 1160615, Roads, 0, 0, 0, 0, 0, 0, 850000, 850000
2015, RAJASTHAN, 8, DAUSA, 88, BANDIKUI, 1243, SYALAWASKALAN, 37074, 1160615, Rural electrification, 0, 0, 0, 0, 0, 0, 400000, 400000
2015, RAJASTHAN, 8, DAUSA, 88, BANDIKUI, 1243, SYALAWASKALAN, 37074, 1160615, Sanitation, 0, 0, 0, 0, 0, 0, 500000, 500000
2015, RAJASTHAN, 8, DAUSA, 88, BANDIKUI, 1243, SYALAWASKALAN, 37074, 1160615, Total, 0, 0, 0, 0, 0, 0, 2872589, 2872589
2015, RAJASTHAN, 8, DAUSA, 88, BANDIKUI, 1243, UN BARAGAON, 37075, 1194550, Administrative & Technical Support, 0, 0, 0, 0, 0, 0, 195618, 195618
2015, RAJASTHAN, 8, DAUSA, 88, BANDIKUI, 1243, UN BARAGAON, 37075, 1194550, Drinking water, 0, 0, 0, 0, 0, 0, 1650000, 1650000
2015, RAJASTHAN, 8, DAUSA, 88, BANDIKUI, 1243, UN BARAGAON, 37075, 1194550, Roads, 0, 0, 0, 0, 0, 0, 2525000, 2525000
2015, RAJASTHAN, 8, DAUSA, 88, BANDIKUI, 1243, UN BARAGAON, 37075, 1194550, Total, 0, 0, 0, 0, 0, 0, 4370618, 4370618
2015, RAJASTHAN, 8, DAUSA, 88, DAUSA, 1244, BANE KA BARKHERA, 37078, 1118514, Administrative & Technical Support, 0, 0, 0, 0, 0, 0, 200008, 200008
2015, RAJASTHAN, 8, DAUSA, 88, DAUSA, 1244, BANE KA BARKHERA, 37078, 1118514, Drinking water, 0, 0, 0, 0, 0, 0, 79491, 79491
2015, RAJASTHAN, 8, DAUSA, 88, DAUSA, 1244, BANE KA BARKHERA, 37078, 1118514, Maintenance of community system, 0, 0, 0, 0, 0, 0, 38410, 38410
2015, RAJASTHAN, 8, DAUSA, 88, DAUSA, 1244, BANE KA BARKHERA, 37078, 1118514, Roads, 0, 0, 0, 0, 0, 0, 1238941, 1238941
2015, RAJASTHAN, 8, DAUSA, 88, DAUSA, 1244, BANE KA BARKHERA, 37078, 1118514, Sanitation, 0, 0, 0, 0, 0, 0, 1316832, 1316832
2015, RAJASTHAN, 8, DAUSA, 88, DAUSA, 1244, BANE KA BARKHERA, 37078, 1118514, Total, 0, 0, 0, 0, 0, 0, 2873682, 2873682
2015, RAJASTHAN, 8, DAUSA, 88, DAUSA, 1244, BAPI, 37080, 1134063, Administrative & Technical Support, 0, 0, 0, 0, 0, 0, 141750, 141750
2015, RAJASTHAN, 8, DAUSA, 88, DAUSA, 1244, BAPI, 37080, 1134063, Drinking water, 0, 0, 0, 0, 0, 0, 162878, 162878
2015, RAJASTHAN, 8, DAUSA, 88, DAUSA, 1244, BAPI, 37080, 1134063, Maintenance of community system, 0, 0, 0, 0, 0, 0, 260000, 260000
2015, RAJASTHAN, 8, DAUSA, 88, DAUSA, 1244, BAPI, 37080, 1134063, Roads, 0, 0, 0, 0, 0, 0, 989309, 989309
2015, RAJASTHAN, 8, DAUSA, 88, DAUSA, 1244, BAPI, 37080, 1134063, Sanitation, 0, 0, 0, 0, 0, 0, 1081000, 1081000
2015, RAJASTHAN, 8, DAUSA, 88, DAUSA, 1244, BAPI, 37080, 1134063, Total, 0, 0, 0, 0, 0, 0, 2634937, 2634937
2015, RAJASTHAN, 8, DAUSA, 88, DAUSA, 1244, BHANDAREJ, 37081, 1130990, Administrative & Technical Support, 0, 0, 0, 0, 0, 0, 400000, 400000
2015, RAJASTHAN, 8, DAUSA, 88, DAUSA, 1244, BHANDAREJ, 37081, 1130990, Drinking water, 0, 0, 0, 0, 0, 0, 64200, 64200
2015, RAJASTHAN, 8, DAUSA, 88, DAUSA, 1244, BHANDAREJ, 37081, 1130990, Health, 0, 0, 0, 0, 0, 0, 670292, 670292
2015, RAJASTHAN, 8, DAUSA, 88, DAUSA, 1244, BHANDAREJ, 37081, 1130990, Maintenance of community system, 0, 0, 0, 0, 0, 0, 174742, 174742
2015, RAJASTHAN, 8, DAUSA, 88, DAUSA, 1244, BHANDAREJ, 37081, 1130990, Roads, 0, 0, 0, 0, 0, 0, 4159898, 4159898
2015, RAJASTHAN, 8, DAUSA, 88, DAUSA, 1244, BHANDAREJ, 37081, 1130990, Rural electrification, 0, 0, 0, 0, 0, 0, 400000, 400000
2015, RAJASTHAN, 8, DAUSA, 88, DAUSA, 1244, BHANDAREJ, 37081, 1130990, Sanitation, 0, 0, 0, 0, 0, 0, 3964213, 3964213
2015, RAJASTHAN, 8, DAUSA, 88, DAUSA, 1244, BHANDAREJ, 37081, 1130990, Total, 0, 0, 0, 0, 0, 0, 9833345, 9833345
2015, RAJASTHAN, 8, DAUSA, 88, DAUSA, 1244, BHANKRI, 37082, 1122565, Drinking water, 0, 0, 0, 0, 0, 0, 404000, 404000
2015, RAJASTHAN, 8, DAUSA, 88, DAUSA, 1244, BHANKRI, 37082, 1122565, Maintenance of community system, 0, 0, 0, 0, 0, 0, 99869, 99869
2015, RAJASTHAN, 8, DAUSA, 88, DAUSA, 1244, BHANKRI, 37082, 1122565, Roads, 0, 0, 0, 0, 0, 0, 1100590, 1100590
2015, RAJASTHAN, 8, DAUSA, 88, DAUSA, 1244, BHANKRI, 37082, 1122565, Sanitation, 0, 0, 0, 0, 0, 0, 1129416, 1129416
2015, RAJASTHAN, 8, DAUSA, 88, DAUSA, 1244, BHANKRI, 37082, 1122565, Total, 0, 0, 0, 0, 0, 0, 2733875, 2733875
2015, RAJASTHAN, 8, DAUSA, 88, DAUSA, 1244, BISHANPURA, 37083, 1129262, Administrative & Technical Support, 0, 0, 0, 0, 0, 0, 701656, 701656
2015, RAJASTHAN, 8, DAUSA, 88, DAUSA, 1244, BISHANPURA, 37083, 1129262, Drinking water, 0, 0, 0, 0, 0, 0, 276225, 276225
2015, RAJASTHAN, 8, DAUSA, 88, DAUSA, 1244, BISHANPURA, 37083, 1129262, Roads, 0, 0, 0, 0, 0, 0, 1211446, 1211446
2015, RAJASTHAN, 8, DAUSA, 88, DAUSA, 1244, BISHANPURA, 37083, 1129262, Sanitation, 0, 0, 0, 0, 0, 0, 1434462, 1434462
2015, RAJASTHAN, 8, DAUSA, 88, DAUSA, 1244, BISHANPURA, 37083, 1129262, Total, 0, 0, 0, 0, 0, 0, 3623789, 3623789
2015, RAJASTHAN, 8, DAUSA, 88, DAUSA, 1244, BORODA, 37084, 1125711, Administrative & Technical Support, 0, 0, 0, 0, 0, 0, 411954, 411954
2015, RAJASTHAN, 8, DAUSA, 88, DAUSA, 1244, BORODA, 37084, 1125711, Drinking water, 0, 0, 0, 0, 0, 0, 32729, 32729
2015, RAJASTHAN, 8, DAUSA, 88, DAUSA, 1244, BORODA, 37084, 1125711, Roads, 0, 0, 0, 0, 0, 0, 1459903, 1459903
2015, RAJASTHAN, 8, DAUSA, 88, DAUSA, 1244, BORODA, 37084, 1125711, Sanitation, 0, 0, 0, 0, 0, 0, 1640918, 1640918
2015, RAJASTHAN, 8, DAUSA, 88, DAUSA, 1244, BORODA, 37084, 1125711, Total, 0, 0, 0, 0, 0, 0, 3545504, 3545504
2015, RAJASTHAN, 8, DAUSA, 88, DAUSA, 1244, CHANDARANA, 37085, 1126477, Administrative & Technical Support, 0, 0, 0, 0, 0, 0, 297449, 297449
2015, RAJASTHAN, 8, DAUSA, 88, DAUSA, 1244, CHANDARANA, 37085, 1126477, Drinking water, 0, 0, 0, 0, 0, 0, 100000, 100000
2015, RAJASTHAN, 8, DAUSA, 88, DAUSA, 1244, CHANDARANA, 37085, 1126477, Roads, 0, 0, 0, 0, 0, 0, 1187635, 1187635
2015, RAJASTHAN, 8, DAUSA, 88, DAUSA, 1244, CHANDARANA, 37085, 1126477, Sanitation, 0, 0, 0, 0, 0, 0, 1227955, 1227955
2015, RAJASTHAN, 8, DAUSA, 88, DAUSA, 1244, CHANDARANA, 37085, 1126477, Total, 0, 0, 0, 0, 0, 0, 2813039, 2813039
2015, RAJASTHAN, 8, DAUSA, 88, DAUSA, 1244, CHAWANDHERA, 37086, 1112046, Administrative & Technical Support, 0, 0, 0, 0, 0, 0, 182298, 182298
2015, RAJASTHAN, 8, DAUSA, 88, DAUSA, 1244, CHAWANDHERA, 37086, 1112046, Roads, 0, 0, 0, 0, 0, 0, 775480, 775480
2015, RAJASTHAN, 8, DAUSA, 88, DAUSA, 1244, CHAWANDHERA, 37086, 1112046, Sanitation, 0, 0, 0, 0, 0, 0, 830897, 830897
2015, RAJASTHAN, 8, DAUSA, 88, DAUSA, 1244, CHAWANDHERA, 37086, 1112046, Total, 0, 0, 0, 0, 0, 0, 1788675, 1788675
2015, RAJASTHAN, 8, DAUSA, 88, DAUSA, 1244, GANESHPURA, 262562, 1127419, Administrative & Technical Support, 0, 0, 0, 0, 0, 0, 140400, 140400
2015, RAJASTHAN, 8, DAUSA, 88, DAUSA, 1244, GANESHPURA, 262562, 1127419, Maintenance of community system, 0, 0, 0, 0, 0, 0, 266068, 266068
2015, RAJASTHAN, 8, DAUSA, 88, DAUSA, 1244, GANESHPURA, 262562, 1127419, Roads, 0, 0, 0, 0, 0, 0, 1510330, 1510330
2015, RAJASTHAN, 8, DAUSA, 88, DAUSA, 1244, GANESHPURA, 262562, 1127419, Sanitation, 0, 0, 0, 0, 0, 0, 1250808, 1250808
2015, RAJASTHAN, 8, DAUSA, 88, DAUSA, 1244, GANESHPURA, 262562, 1127419, Total, 0, 0, 0, 0, 0, 0, 3167606, 3167606
2015, RAJASTHAN, 8, DAUSA, 88, DAUSA, 1244, GOTHRA, 37092, 1116396, Administrative & Technical Support, 0, 0, 0, 0, 0, 0, 266536, 266536
2015, RAJASTHAN, 8, DAUSA, 88, DAUSA, 1244, GOTHRA, 37092, 1116396, Maintenance of community system, 0, 0, 0, 0, 0, 0, 200000, 200000
2015, RAJASTHAN, 8, DAUSA, 88, DAUSA, 1244, GOTHRA, 37092, 1116396, Roads, 0, 0, 0, 0, 0, 0, 1654992, 1654992
2015, RAJASTHAN, 8, DAUSA, 88, DAUSA, 1244, GOTHRA, 37092, 1116396, Sanitation, 0, 0, 0, 0, 0, 0, 1991000, 1991000
2015, RAJASTHAN, 8, DAUSA, 88, DAUSA, 1244, GOTHRA, 37092, 1116396, Total, 0, 0, 0, 0, 0, 0, 4112528, 4112528
2015, RAJASTHAN, 8, DAUSA, 88, DAUSA, 1244, JASOTA, 37095, 1117163, Administrative & Technical Support, 0, 0, 0, 0, 0, 0, 207120, 207120
2015, RAJASTHAN, 8, DAUSA, 88, DAUSA, 1244, JASOTA, 37095, 1117163, Drinking water, 0, 0, 0, 0, 0, 0, 78290, 78290
2015, RAJASTHAN, 8, DAUSA, 88, DAUSA, 1244, JASOTA, 37095, 1117163, Health, 0, 0, 0, 0, 0, 0, 43656, 43656
2015, RAJASTHAN, 8, DAUSA, 88, DAUSA, 1244, JASOTA, 37095, 1117163, Maintenance of community system, 0, 0, 0, 0, 0, 0, 41200, 41200
2015, RAJASTHAN, 8, DAUSA, 88, DAUSA, 1244, JASOTA, 37095, 1117163, Roads, 0, 0, 0, 0, 0, 0, 923379, 923379
2015, RAJASTHAN, 8, DAUSA, 88, DAUSA, 1244, JASOTA, 37095, 1117163, Sanitation, 0, 0, 0, 0, 0, 0, 909693, 909693
2015, RAJASTHAN, 8, DAUSA, 88, DAUSA, 1244, JASOTA, 37095, 1117163, Total, 0, 0, 0, 0, 0, 0, 2203338, 2203338
2015, RAJASTHAN, 8, DAUSA, 88, DAUSA, 1244, JIROTA KHURD, 37096, 1128997, Administrative & Technical Support, 0, 0, 0, 0, 0, 0, 127806, 127806
2015, RAJASTHAN, 8, DAUSA, 88, DAUSA, 1244, JIROTA KHURD, 37096, 1128997, Drinking water, 0, 0, 0, 0, 0, 0, 240000, 240000
2015, RAJASTHAN, 8, DAUSA, 88, DAUSA, 1244, JIROTA KHURD, 37096, 1128997, Roads, 0, 0, 0, 0, 0, 0, 1683311, 1683311
2015, RAJASTHAN, 8, DAUSA, 88, DAUSA, 1244, JIROTA KHURD, 37096, 1128997, Sanitation, 0, 0, 0, 0, 0, 0, 1500556, 1500556
2015, RAJASTHAN, 8, DAUSA, 88, DAUSA, 1244, JIROTA KHURD, 37096, 1128997, Total, 0, 0, 0, 0, 0, 0, 3551673, 3551673
2015, RAJASTHAN, 8, DAUSA, 88, DAUSA, 1244, JOPARA, 37097, 1118708, Administrative & Technical Support, 0, 0, 0, 0, 0, 0, 110139, 110139
2015, RAJASTHAN, 8, DAUSA, 88, DAUSA, 1244, JOPARA, 37097, 1118708, Drinking water, 0, 0, 0, 0, 0, 0, 60591, 60591
2015, RAJASTHAN, 8, DAUSA, 88, DAUSA, 1244, JOPARA, 37097, 1118708, Health, 0, 0, 0, 0, 0, 0, 593311, 593311
2015, RAJASTHAN, 8, DAUSA, 88, DAUSA, 1244, JOPARA, 37097, 1118708, Roads, 0, 0, 0, 0, 0, 0, 1194078, 1194078
2015, RAJASTHAN, 8, DAUSA, 88, DAUSA, 1244, JOPARA, 37097, 1118708, Sanitation, 0, 0, 0, 0, 0, 0, 1636169, 1636169
2015, RAJASTHAN, 8, DAUSA, 88, DAUSA, 1244, JOPARA, 37097, 1118708, Total, 0, 0, 0, 0, 0, 0, 3594288, 3594288
2015, RAJASTHAN, 8, DAUSA, 88, DAUSA, 1244, KABLESHWAR, 37098, 1127377, Administrative & Technical Support, 0, 0, 0, 0, 0, 0, 328501, 328501
2015, RAJASTHAN, 8, DAUSA, 88, DAUSA, 1244, KABLESHWAR, 37098, 1127377, Drinking water, 0, 0, 0, 0, 0, 0, 38700, 38700
2015, RAJASTHAN, 8, DAUSA, 88, DAUSA, 1244, KABLESHWAR, 37098, 1127377, Health, 0, 0, 0, 0, 0, 0, 54984, 54984
2015, RAJASTHAN, 8, DAUSA, 88, DAUSA, 1244, KABLESHWAR, 37098, 1127377, Roads, 0, 0, 0, 0, 0, 0, 887384, 887384
2015, RAJASTHAN, 8, DAUSA, 88, DAUSA, 1244, KABLESHWAR, 37098, 1127377, Sanitation, 0, 0, 0, 0, 0, 0, 969708, 969708
2015, RAJASTHAN, 8, DAUSA, 88, DAUSA, 1244, KABLESHWAR, 37098, 1127377, Total, 0, 0, 0, 0, 0, 0, 2279277, 2279277
2015, RAJASTHAN, 8, DAUSA, 88, DAUSA, 1244, KALA KHO, 37099, 1123625, Administrative & Technical Support, 0, 0, 0, 0, 0, 0, 444002, 444002
2015, RAJASTHAN, 8, DAUSA, 88, DAUSA, 1244, KALA KHO, 37099, 1123625, Drinking water, 0, 0, 0, 0, 0, 0, 500000, 500000
2015, RAJASTHAN, 8, DAUSA, 88, DAUSA, 1244, KALA KHO, 37099, 1123625, Roads, 0, 0, 0, 0, 0, 0, 991600, 991600
2015, RAJASTHAN, 8, DAUSA, 88, DAUSA, 1244, KALA KHO, 37099, 1123625, Sanitation, 0, 0, 0, 0, 0, 0, 1630823, 1630823
2015, RAJASTHAN, 8, DAUSA, 88, DAUSA, 1244, KALA KHO, 37099, 1123625, Total, 0, 0, 0, 0, 0, 0, 3566425, 3566425
2015, RAJASTHAN, 8, DAUSA, 88, DAUSA, 1244, KALIPAHARI, 37100, 1108998, Administrative & Technical Support, 0, 0, 0, 0, 0, 0, 128278, 128278
2015, RAJASTHAN, 8, DAUSA, 88, DAUSA, 1244, KALIPAHARI, 37100, 1108998, Drinking water, 0, 0, 0, 0, 0, 0, 850549, 850549
2015, RAJASTHAN, 8, DAUSA, 88, DAUSA, 1244, KALIPAHARI, 37100, 1108998, Health, 0, 0, 0, 0, 0, 0, 862633, 862633
2015, RAJASTHAN, 8, DAUSA, 88, DAUSA, 1244, KALIPAHARI, 37100, 1108998, Maintenance of community system, 0, 0, 0, 0, 0, 0, 717206, 717206
2015, RAJASTHAN, 8, DAUSA, 88, DAUSA, 1244, KALIPAHARI, 37100, 1108998, Roads, 0, 0, 0, 0, 0, 0, 440000, 440000
2015, RAJASTHAN, 8, DAUSA, 88, DAUSA, 1244, KALIPAHARI, 37100, 1108998, Rural electrification, 0, 0, 0, 0, 0, 0, 180000, 180000
2015, RAJASTHAN, 8, DAUSA, 88, DAUSA, 1244, KALIPAHARI, 37100, 1108998, Sanitation, 0, 0, 0, 0, 0, 0, 765271, 765271
2015, RAJASTHAN, 8, DAUSA, 88, DAUSA, 1244, KALIPAHARI, 37100, 1108998, Total, 0, 0, 0, 0, 0, 0, 3943937, 3943937
2015, RAJASTHAN, 8, DAUSA, 88, DAUSA, 1244, KALOTA, 37101, 1130170, Administrative & Technical Support, 0, 0, 0, 0, 0, 0, 129738, 129738
2015, RAJASTHAN, 8, DAUSA, 88, DAUSA, 1244, KALOTA, 37101, 1130170, Roads, 0, 0, 0, 0, 0, 0, 1754262, 1754262
2015, RAJASTHAN, 8, DAUSA, 88, DAUSA, 1244, KALOTA, 37101, 1130170, Sanitation, 0, 0, 0, 0, 0, 0, 2106921, 2106921
2015, RAJASTHAN, 8, DAUSA, 88, DAUSA, 1244, KALOTA, 37101, 1130170, Total, 0, 0, 0, 0, 0, 0, 3990921, 3990921
2015, RAJASTHAN, 8, DAUSA, 88, DAUSA, 1244, KHAIRWAL, 37105, 1125694, Administrative & Technical Support, 0, 0, 0, 0, 0, 0, 103903, 103903
2015, RAJASTHAN, 8, DAUSA, 88, DAUSA, 1244, KHAIRWAL, 37105, 1125694, Roads, 0, 0, 0, 0, 0, 0, 979987, 979987
2015, RAJASTHAN, 8, DAUSA, 88, DAUSA, 1244, KHAIRWAL, 37105, 1125694, Sanitation, 0, 0, 0, 0, 0, 0, 969209, 969209
2015, RAJASTHAN, 8, DAUSA, 88, DAUSA, 1244, KHAIRWAL, 37105, 1125694, Total, 0, 0, 0, 0, 0, 0, 2053099, 2053099
2015, RAJASTHAN, 8, DAUSA, 88, DAUSA, 1244, KHURI KALAN, 37106, 1121120, Administrative & Technical Support, 0, 0, 0, 0, 0, 0, 238260, 238260
2015, RAJASTHAN, 8, DAUSA, 88, DAUSA, 1244, KHURI KALAN, 37106, 1121120, Drinking water, 0, 0, 0, 0, 0, 0, 290440, 290440
2015, RAJASTHAN, 8, DAUSA, 88, DAUSA, 1244, KHURI KALAN, 37106, 1121120, Roads, 0, 0, 0, 0, 0, 0, 1376553, 1376553
2015, RAJASTHAN, 8, DAUSA, 88, DAUSA, 1244, KHURI KALAN, 37106, 1121120, Sanitation, 0, 0, 0, 0, 0, 0, 1230119, 1230119
2015, RAJASTHAN, 8, DAUSA, 88, DAUSA, 1244, KHURI KALAN, 37106, 1121120, Total, 0, 0, 0, 0, 0, 0, 3135372, 3135372
2015, RAJASTHAN, 8, DAUSA, 88, DAUSA, 1244, KUNDAL, 37107, 1125676, Administrative & Technical Support, 0, 0, 0, 0, 0, 0, 80436, 80436
2015, RAJASTHAN, 8, DAUSA, 88, DAUSA, 1244, KUNDAL, 37107, 1125676, Drinking water, 0, 0, 0, 0, 0, 0, 583217, 583217
2015, RAJASTHAN, 8, DAUSA, 88, DAUSA, 1244, KUNDAL, 37107, 1125676, Roads, 0, 0, 0, 0, 0, 0, 1454833, 1454833
2015, RAJASTHAN, 8, DAUSA, 88, DAUSA, 1244, KUNDAL, 37107, 1125676, Rural electrification, 0, 0, 0, 0, 0, 0, 182000, 182000
2015, RAJASTHAN, 8, DAUSA, 88, DAUSA, 1244, KUNDAL, 37107, 1125676, Sanitation, 0, 0, 0, 0, 0, 0, 637585, 637585
2015, RAJASTHAN, 8, DAUSA, 88, DAUSA, 1244, KUNDAL, 37107, 1125676, Total, 0, 0, 0, 0, 0, 0, 2938071, 2938071
2015, RAJASTHAN, 8, DAUSA, 88, DAUSA, 1244, MAHANSARA KHURD, 37111, 1123614, Administrative & Technical Support, 0, 0, 0, 0, 0, 0, 409071, 409071
2015, RAJASTHAN, 8, DAUSA, 88, DAUSA, 1244, MAHANSARA KHURD, 37111, 1123614, Drinking water, 0, 0, 0, 0, 0, 0, 700000, 700000
2015, RAJASTHAN, 8, DAUSA, 88, DAUSA, 1244, MAHANSARA KHURD, 37111, 1123614, Roads, 0, 0, 0, 0, 0, 0, 600000, 600000
2015, RAJASTHAN, 8, DAUSA, 88, DAUSA, 1244, MAHANSARA KHURD, 37111, 1123614, Sanitation, 0, 0, 0, 0, 0, 0, 1219734, 1219734
2015, RAJASTHAN, 8, DAUSA, 88, DAUSA, 1244, MAHANSARA KHURD, 37111, 1123614, Total, 0, 0, 0, 0, 0, 0, 2928805, 2928805
2015, RAJASTHAN, 8, DAUSA, 88, DAUSA, 1244, MAHSARA KALAN, 37110, 1128634, Administrative & Technical Support, 0, 0, 0, 0, 0, 0, 80816, 80816
2015, RAJASTHAN, 8, DAUSA, 88, DAUSA, 1244, MAHSARA KALAN, 37110, 1128634, Drinking water, 0, 0, 0, 0, 0, 0, 40000, 40000
2015, RAJASTHAN, 8, DAUSA, 88, DAUSA, 1244, MAHSARA KALAN, 37110, 1128634, Health, 0, 0, 0, 0, 0, 0, 44706, 44706
2015, RAJASTHAN, 8, DAUSA, 88, DAUSA, 1244, MAHSARA KALAN, 37110, 1128634, Roads, 0, 0, 0, 0, 0, 0, 1012880, 1012880
2015, RAJASTHAN, 8, DAUSA, 88, DAUSA, 1244, MAHSARA KALAN, 37110, 1128634, Sanitation, 0, 0, 0, 0, 0, 0, 893271, 893271
2015, RAJASTHAN, 8, DAUSA, 88, DAUSA, 1244, MAHSARA KALAN, 37110, 1128634, Total, 0, 0, 0, 0, 0, 0, 2071673, 2071673
2015, RAJASTHAN, 8, DAUSA, 88, DAUSA, 1244, NANGAL BERSI, 37116, 1117889, Administrative & Technical Support, 0, 0, 0, 0, 0, 0, 384020, 384020
2015, RAJASTHAN, 8, DAUSA, 88, DAUSA, 1244, NANGAL BERSI, 37116, 1117889, Drinking water, 0, 0, 0, 0, 0, 0, 165150, 165150
2015, RAJASTHAN, 8, DAUSA, 88, DAUSA, 1244, NANGAL BERSI, 37116, 1117889, Maintenance of community system, 0, 0, 0, 0, 0, 0, 56612, 56612
2015, RAJASTHAN, 8, DAUSA, 88, DAUSA, 1244, NANGAL BERSI, 37116, 1117889, Roads, 0, 0, 0, 0, 0, 0, 574117, 574117
2015, RAJASTHAN, 8, DAUSA, 88, DAUSA, 1244, NANGAL BERSI, 37116, 1117889, Sanitation, 0, 0, 0, 0, 0, 0, 635000, 635000
2015, RAJASTHAN, 8, DAUSA, 88, DAUSA, 1244, NANGAL BERSI, 37116, 1117889, Total, 0, 0, 0, 0, 0, 0, 1814899, 1814899
2015, RAJASTHAN, 8, DAUSA, 88, DAUSA, 1244, NANGAL CHAPA, 37113, 1355767, Drinking water, 0, 0, 0, 0, 0, 0, 453423, 453423
2015, RAJASTHAN, 8, DAUSA, 88, DAUSA, 1244, NANGAL CHAPA, 37113, 1355767, Roads, 0, 0, 0, 0, 0, 0, 2200000, 2200000
2015, RAJASTHAN, 8, DAUSA, 88, DAUSA, 1244, NANGAL CHAPA, 37113, 1355767, Rural housing, 0, 0, 0, 0, 0, 0, 400000, 400000
2015, RAJASTHAN, 8, DAUSA, 88, DAUSA, 1244, NANGAL CHAPA, 37113, 1355767, Total, 0, 0, 0, 0, 0, 0, 3053423, 3053423
2015, RAJASTHAN, 8, DAUSA, 88, DAUSA, 1244, RALAWATA, 37120, 1125236, Administrative & Technical Support, 0, 0, 0, 0, 0, 0, 299510, 299510
2015, RAJASTHAN, 8, DAUSA, 88, DAUSA, 1244, RALAWATA, 37120, 1125236, Drinking water, 0, 0, 0, 0, 0, 0, 306601, 306601
2015, RAJASTHAN, 8, DAUSA, 88, DAUSA, 1244, RALAWATA, 37120, 1125236, Health, 0, 0, 0, 0, 0, 0, 65010, 65010
2015, RAJASTHAN, 8, DAUSA, 88, DAUSA, 1244, RALAWATA, 37120, 1125236, Roads, 0, 0, 0, 0, 0, 0, 1402966, 1402966
2015, RAJASTHAN, 8, DAUSA, 88, DAUSA, 1244, RALAWATA, 37120, 1125236, Sanitation, 0, 0, 0, 0, 0, 0, 1189127, 1189127
2015, RAJASTHAN, 8, DAUSA, 88, DAUSA, 1244, RALAWATA, 37120, 1125236, Total, 0, 0, 0, 0, 0, 0, 3263214, 3263214
2015, RAJASTHAN, 8, DAUSA, 88, DAUSA, 1244, SAINTHAL, 37121, 1104497, Drinking water, 0, 0, 0, 0, 0, 0, 675324, 675324
2015, RAJASTHAN, 8, DAUSA, 88, DAUSA, 1244, SAINTHAL, 37121, 1104497, Roads, 0, 0, 0, 0, 0, 0, 3579782, 3579782
2015, RAJASTHAN, 8, DAUSA, 88, DAUSA, 1244, SAINTHAL, 37121, 1104497, Rural electrification, 0, 0, 0, 0, 0, 0, 103937, 103937
2015, RAJASTHAN, 8, DAUSA, 88, DAUSA, 1244, SAINTHAL, 37121, 1104497, Sanitation, 0, 0, 0, 0, 0, 0, 480088, 480088
2015, RAJASTHAN, 8, DAUSA, 88, DAUSA, 1244, SAINTHAL, 37121, 1104497, Social welfare, 0, 0, 0, 0, 0, 0, 494617, 494617
2015, RAJASTHAN, 8, DAUSA, 88, DAUSA, 1244, SAINTHAL, 37121, 1104497, Total, 0, 0, 0, 0, 0, 0, 5333748, 5333748
2015, RAJASTHAN, 8, DAUSA, 88, DAUSA, 1244, SINDOLI, 37123, 1129128, Administrative & Technical Support, 0, 0, 0, 0, 0, 0, 274621, 274621
2015, RAJASTHAN, 8, DAUSA, 88, DAUSA, 1244, SINDOLI, 37123, 1129128, Drinking water, 0, 0, 0, 0, 0, 0, 190000, 190000
2015, RAJASTHAN, 8, DAUSA, 88, DAUSA, 1244, SINDOLI, 37123, 1129128, Maintenance of community system, 0, 0, 0, 0, 0, 0, 247299, 247299
2015, RAJASTHAN, 8, DAUSA, 88, DAUSA, 1244, SINDOLI, 37123, 1129128, Roads, 0, 0, 0, 0, 0, 0, 1085380, 1085380
2015, RAJASTHAN, 8, DAUSA, 88, DAUSA, 1244, SINDOLI, 37123, 1129128, Sanitation, 0, 0, 0, 0, 0, 0, 1691100, 1691100
2015, RAJASTHAN, 8, DAUSA, 88, DAUSA, 1244, SINDOLI, 37123, 1129128, Total, 0, 0, 0, 0, 0, 0, 3488400, 3488400
2015, RAJASTHAN, 8, DAUSA, 88, DAUSA, 1244, SURAJPURA, 37125, 1129639, Administrative & Technical Support, 0, 0, 0, 0, 0, 0, 397079, 397079
2015, RAJASTHAN, 8, DAUSA, 88, DAUSA, 1244, SURAJPURA, 37125, 1129639, Drinking water, 0, 0, 0, 0, 0, 0, 186376, 186376
2015, RAJASTHAN, 8, DAUSA, 88, DAUSA, 1244, SURAJPURA, 37125, 1129639, Health, 0, 0, 0, 0, 0, 0, 488128, 488128
2015, RAJASTHAN, 8, DAUSA, 88, DAUSA, 1244, SURAJPURA, 37125, 1129639, Maintenance of community system, 0, 0, 0, 0, 0, 0, 13000, 13000
2015, RAJASTHAN, 8, DAUSA, 88, DAUSA, 1244, SURAJPURA, 37125, 1129639, Roads, 0, 0, 0, 0, 0, 0, 1092467, 1092467
2015, RAJASTHAN, 8, DAUSA, 88, DAUSA, 1244, SURAJPURA, 37125, 1129639, Sanitation, 0, 0, 0, 0, 0, 0, 478647, 478647
2015, RAJASTHAN, 8, DAUSA, 88, DAUSA, 1244, SURAJPURA, 37125, 1129639, Total, 0, 0, 0, 0, 0, 0, 2655697, 2655697
2015, RAJASTHAN, 8, DAUSA, 88, DAUSA, 1244, TITARWARA KALAN, 37127, 1121496, Administrative & Technical Support, 0, 0, 0, 0, 0, 0, 182620, 182620
2015, RAJASTHAN, 8, DAUSA, 88, DAUSA, 1244, TITARWARA KALAN, 37127, 1121496, Drinking water, 0, 0, 0, 0, 0, 0, 1388000, 1388000
2015, RAJASTHAN, 8, DAUSA, 88, DAUSA, 1244, TITARWARA KALAN, 37127, 1121496, Roads, 0, 0, 0, 0, 0, 0, 1763162, 1763162
2015, RAJASTHAN, 8, DAUSA, 88, DAUSA, 1244, TITARWARA KALAN, 37127, 1121496, Sanitation, 0, 0, 0, 0, 0, 0, 351746, 351746
2015, RAJASTHAN, 8, DAUSA, 88, DAUSA, 1244, TITARWARA KALAN, 37127, 1121496, Total, 0, 0, 0, 0, 0, 0, 3685528, 3685528
2015, RAJASTHAN, 8, DAUSA, 88, LALSOT, 1245, AMRABAD, 37128, 1113169, Drinking water, 0, 0, 0, 0, 0, 0, 2178495, 2178495
2015, RAJASTHAN, 8, DAUSA, 88, LALSOT, 1245, AMRABAD, 37128, 1113169, Roads, 0, 0, 0, 0, 0, 0, 2000000, 2000000
2015, RAJASTHAN, 8, DAUSA, 88, LALSOT, 1245, AMRABAD, 37128, 1113169, Total, 0, 0, 0, 0, 0, 0, 4178495, 4178495
2015, RAJASTHAN, 8, DAUSA, 88, LALSOT, 1245, BAGRI, 37129, 1141677, Administrative & Technical Support, 0, 0, 0, 0, 0, 0, 160405, 160405
2015, RAJASTHAN, 8, DAUSA, 88, LALSOT, 1245, BAGRI, 37129, 1141677, Drinking water, 0, 0, 0, 0, 0, 0, 844000, 844000
2015, RAJASTHAN, 8, DAUSA, 88, LALSOT, 1245, BAGRI, 37129, 1141677, Roads, 0, 0, 0, 0, 0, 0, 1500000, 1500000
2015, RAJASTHAN, 8, DAUSA, 88, LALSOT, 1245, BAGRI, 37129, 1141677, Sanitation, 0, 0, 0, 0, 0, 0, 500000, 500000
2015, RAJASTHAN, 8, DAUSA, 88, LALSOT, 1245, BAGRI, 37129, 1141677, Total, 0, 0, 0, 0, 0, 0, 3004405, 3004405
2015, RAJASTHAN, 8, DAUSA, 88, LALSOT, 1245, BEECHHA, 37130, 1116988, Administrative & Technical Support, 0, 0, 0, 0, 0, 0, 234879, 234879
2015, RAJASTHAN, 8, DAUSA, 88, LALSOT, 1245, BEECHHA, 37130, 1116988, Drinking water, 0, 0, 0, 0, 0, 0, 1645386, 1645386
2015, RAJASTHAN, 8, DAUSA, 88, LALSOT, 1245, BEECHHA, 37130, 1116988, Maintenance of community system, 0, 0, 0, 0, 0, 0, 77000, 77000
2015, RAJASTHAN, 8, DAUSA, 88, LALSOT, 1245, BEECHHA, 37130, 1116988, Roads, 0, 0, 0, 0, 0, 0, 1150000, 1150000
2015, RAJASTHAN, 8, DAUSA, 88, LALSOT, 1245, BEECHHA, 37130, 1116988, Sanitation, 0, 0, 0, 0, 0, 0, 400000, 400000
2015, RAJASTHAN, 8, DAUSA, 88, LALSOT, 1245, BEECHHA, 37130, 1116988, Total, 0, 0, 0, 0, 0, 0, 3507265, 3507265
2015, RAJASTHAN, 8, DAUSA, 88, LALSOT, 1245, BIDARKHA, 37131, 1141067, Administrative & Technical Support, 0, 0, 0, 0, 0, 0, 58760, 58760
2015, RAJASTHAN, 8, DAUSA, 88, LALSOT, 1245, BIDARKHA, 37131, 1141067, Drinking water, 0, 0, 0, 0, 0, 0, 2219274, 2219274
2015, RAJASTHAN, 8, DAUSA, 88, LALSOT, 1245, BIDARKHA, 37131, 1141067, Health, 0, 0, 0, 0, 0, 0, 41675, 41675
2015, RAJASTHAN, 8, DAUSA, 88, LALSOT, 1245, BIDARKHA, 37131, 1141067, Roads, 0, 0, 0, 0, 0, 0, 1961107, 1961107
2015, RAJASTHAN, 8, DAUSA, 88, LALSOT, 1245, BIDARKHA, 37131, 1141067, Total, 0, 0, 0, 0, 0, 0, 4280816, 4280816
2015, RAJASTHAN, 8, DAUSA, 88, LALSOT, 1245, BILONA KALAN, 37132, 1166069, Administrative & Technical Support, 0, 0, 0, 0, 0, 0, 100959, 100959
2015, RAJASTHAN, 8, DAUSA, 88, LALSOT, 1245, BILONA KALAN, 37132, 1166069, Drinking water, 0, 0, 0, 0, 0, 0, 1935000, 1935000
2015, RAJASTHAN, 8, DAUSA, 88, LALSOT, 1245, BILONA KALAN, 37132, 1166069, Roads, 0, 0, 0, 0, 0, 0, 1300000, 1300000
2015, RAJASTHAN, 8, DAUSA, 88, LALSOT, 1245, BILONA KALAN, 37132, 1166069, Sanitation, 0, 0, 0, 0, 0, 0, 473247, 473247
2015, RAJASTHAN, 8, DAUSA, 88, LALSOT, 1245, BILONA KALAN, 37132, 1166069, Total, 0, 0, 0, 0, 0, 0, 3809206, 3809206
2015, RAJASTHAN, 8, DAUSA, 88, LALSOT, 1245, BILONA KHURD, 37133, 1141036, Administrative & Technical Support, 0, 0, 0, 0, 0, 0, 140000, 140000
2015, RAJASTHAN, 8, DAUSA, 88, LALSOT, 1245, BILONA KHURD, 37133, 1141036, Drinking water, 0, 0, 0, 0, 0, 0, 1101309, 1101309
2015, RAJASTHAN, 8, DAUSA, 88, LALSOT, 1245, BILONA KHURD, 37133, 1141036, Roads, 0, 0, 0, 0, 0, 0, 816339, 816339
2015, RAJASTHAN, 8, DAUSA, 88, LALSOT, 1245, BILONA KHURD, 37133, 1141036, Sanitation, 0, 0, 0, 0, 0, 0, 50000, 50000
2015, RAJASTHAN, 8, DAUSA, 88, LALSOT, 1245, BILONA KHURD, 37133, 1141036, Total, 0, 0, 0, 0, 0, 0, 2107648, 2107648
2015, RAJASTHAN, 8, DAUSA, 88, LALSOT, 1245, CHANDSEN, 37134, 1141261, Administrative & Technical Support, 0, 0, 0, 0, 0, 0, 172130, 172130
2015, RAJASTHAN, 8, DAUSA, 88, LALSOT, 1245, CHANDSEN, 37134, 1141261, Drinking water, 0, 0, 0, 0, 0, 0, 214407, 214407
2015, RAJASTHAN, 8, DAUSA, 88, LALSOT, 1245, CHANDSEN, 37134, 1141261, Health, 0, 0, 0, 0, 0, 0, 284000, 284000
2015, RAJASTHAN, 8, DAUSA, 88, LALSOT, 1245, CHANDSEN, 37134, 1141261, Roads, 0, 0, 0, 0, 0, 0, 2134721, 2134721
2015, RAJASTHAN, 8, DAUSA, 88, LALSOT, 1245, CHANDSEN, 37134, 1141261, Sanitation, 0, 0, 0, 0, 0, 0, 1747000, 1747000
2015, RAJASTHAN, 8, DAUSA, 88, LALSOT, 1245, CHANDSEN, 37134, 1141261, Total, 0, 0, 0, 0, 0, 0, 4552258, 4552258
2015, RAJASTHAN, 8, DAUSA, 88, LALSOT, 1245, CHONRIYAWAS, 37135, 1144794, Drinking water, 0, 0, 0, 0, 0, 0, 1884198, 1884198
2015, RAJASTHAN, 8, DAUSA, 88, LALSOT, 1245, CHONRIYAWAS, 37135, 1144794, Roads, 0, 0, 0, 0, 0, 0, 2115230, 2115230
2015, RAJASTHAN, 8, DAUSA, 88, LALSOT, 1245, CHONRIYAWAS, 37135, 1144794, Total, 0, 0, 0, 0, 0, 0, 3999428, 3999428
2015, RAJASTHAN, 8, DAUSA, 88, LALSOT, 1245, DAULAT PURA, 37136, 1141347, Administrative & Technical Support, 0, 0, 0, 0, 0, 0, 117756, 117756
2015, RAJASTHAN, 8, DAUSA, 88, LALSOT, 1245, DAULAT PURA, 37136, 1141347, Drinking water, 0, 0, 0, 0, 0, 0, 740000, 740000
2015, RAJASTHAN, 8, DAUSA, 88, LALSOT, 1245, DAULAT PURA, 37136, 1141347, Roads, 0, 0, 0, 0, 0, 0, 1597902, 1597902
2015, RAJASTHAN, 8, DAUSA, 88, LALSOT, 1245, DAULAT PURA, 37136, 1141347, Sanitation, 0, 0, 0, 0, 0, 0, 570000, 570000
2015, RAJASTHAN, 8, DAUSA, 88, LALSOT, 1245, DAULAT PURA, 37136, 1141347, Total, 0, 0, 0, 0, 0, 0, 3025658, 3025658
2015, RAJASTHAN, 8, DAUSA, 88, LALSOT, 1245, DEOLI, 37137, 1171910, Drinking water, 0, 0, 0, 0, 0, 0, 2343890, 2343890
2015, RAJASTHAN, 8, DAUSA, 88, LALSOT, 1245, DEOLI, 37137, 1171910, Roads, 0, 0, 0, 0, 0, 0, 1138318, 1138318
2015, RAJASTHAN, 8, DAUSA, 88, LALSOT, 1245, DEOLI, 37137, 1171910, Total, 0, 0, 0, 0, 0, 0, 3482208, 3482208
2015, RAJASTHAN, 8, DAUSA, 88, LALSOT, 1245, DIDWANA, 37138, 1116128, Drinking water, 0, 0, 0, 0, 0, 0, 422996, 422996
2015, RAJASTHAN, 8, DAUSA, 88, LALSOT, 1245, DIDWANA, 37138, 1116128, Roads, 0, 0, 0, 0, 0, 0, 3773505, 3773505
2015, RAJASTHAN, 8, DAUSA, 88, LALSOT, 1245, DIDWANA, 37138, 1116128, Sanitation, 0, 0, 0, 0, 0, 0, 2940000, 2940000
2015, RAJASTHAN, 8, DAUSA, 88, LALSOT, 1245, DIDWANA, 37138, 1116128, Total, 0, 0, 0, 0, 0, 0, 7136501, 7136501
2015, RAJASTHAN, 8, DAUSA, 88, LALSOT, 1245, DIGO, 37139, 1166987, Drinking water, 0, 0, 0, 0, 0, 0, 2141520, 2141520
2015, RAJASTHAN, 8, DAUSA, 88, LALSOT, 1245, DIGO, 37139, 1166987, Roads, 0, 0, 0, 0, 0, 0, 756020, 756020
2015, RAJASTHAN, 8, DAUSA, 88, LALSOT, 1245, DIGO, 37139, 1166987, Sanitation, 0, 0, 0, 0, 0, 0, 24388, 24388
2015, RAJASTHAN, 8, DAUSA, 88, LALSOT, 1245, DIGO, 37139, 1166987, Total, 0, 0, 0, 0, 0, 0, 2921928, 2921928
2015, RAJASTHAN, 8, DAUSA, 88, LALSOT, 1245, DOB, 37140, 1118567, Drinking water, 0, 0, 0, 0, 0, 0, 1244942, 1244942
2015, RAJASTHAN, 8, DAUSA, 88, LALSOT, 1245, DOB, 37140, 1118567, Maintenance of community system, 0, 0, 0, 0, 0, 0, 150000, 150000
2015, RAJASTHAN, 8, DAUSA, 88, LALSOT, 1245, DOB, 37140, 1118567, Roads, 0, 0, 0, 0, 0, 0, 1377000, 1377000
2015, RAJASTHAN, 8, DAUSA, 88, LALSOT, 1245, DOB, 37140, 1118567, Total, 0, 0, 0, 0, 0, 0, 2771942, 2771942
2015, RAJASTHAN, 8, DAUSA, 88, LALSOT, 1245, DUNGARPUR, 37141, 1193230, Drinking water, 0, 0, 0, 0, 0, 0, 1775000, 1775000
2015, RAJASTHAN, 8, DAUSA, 88, LALSOT, 1245, DUNGARPUR, 37141, 1193230, Maintenance of community system, 0, 0, 0, 0, 0, 0, 264422, 264422
2015, RAJASTHAN, 8, DAUSA, 88, LALSOT, 1245, DUNGARPUR, 37141, 1193230, Roads, 0, 0, 0, 0, 0, 0, 1623163, 1623163
2015, RAJASTHAN, 8, DAUSA, 88, LALSOT, 1245, DUNGARPUR, 37141, 1193230, Sanitation, 0, 0, 0, 0, 0, 0, 435000, 435000
2015, RAJASTHAN, 8, DAUSA, 88, LALSOT, 1245, DUNGARPUR, 37141, 1193230, Total, 0, 0, 0, 0, 0, 0, 4097585, 4097585
2015, RAJASTHAN, 8, DAUSA, 88, LALSOT, 1245, GANGALYAWAS, 37142, 1170265, Administrative & Technical Support, 0, 0, 0, 0, 0, 0, 75789, 75789
2015, RAJASTHAN, 8, DAUSA, 88, LALSOT, 1245, GANGALYAWAS, 37142, 1170265, Drinking water, 0, 0, 0, 0, 0, 0, 1125000, 1125000
2015, RAJASTHAN, 8, DAUSA, 88, LALSOT, 1245, GANGALYAWAS, 37142, 1170265, Roads, 0, 0, 0, 0, 0, 0, 1765000, 1765000
2015, RAJASTHAN, 8, DAUSA, 88, LALSOT, 1245, GANGALYAWAS, 37142, 1170265, Sanitation, 0, 0, 0, 0, 0, 0, 521343, 521343
2015, RAJASTHAN, 8, DAUSA, 88, LALSOT, 1245, GANGALYAWAS, 37142, 1170265, Total, 0, 0, 0, 0, 0, 0, 3487132, 3487132
2015, RAJASTHAN, 8, DAUSA, 88, LALSOT, 1245, HAMLYAWALA, 37143, 1183689, Drinking water, 0, 0, 0, 0, 0, 0, 1560000, 1560000
2015, RAJASTHAN, 8, DAUSA, 88, LALSOT, 1245, HAMLYAWALA, 37143, 1183689, Maintenance of community system, 0, 0, 0, 0, 0, 0, 114299, 114299
2015, RAJASTHAN, 8, DAUSA, 88, LALSOT, 1245, HAMLYAWALA, 37143, 1183689, Roads, 0, 0, 0, 0, 0, 0, 1130138, 1130138
2015, RAJASTHAN, 8, DAUSA, 88, LALSOT, 1245, HAMLYAWALA, 37143, 1183689, Sanitation, 0, 0, 0, 0, 0, 0, 100000, 100000
2015, RAJASTHAN, 8, DAUSA, 88, LALSOT, 1245, HAMLYAWALA, 37143, 1183689, Total, 0, 0, 0, 0, 0, 0, 2904437, 2904437
2015, RAJASTHAN, 8, DAUSA, 88, LALSOT, 1245, HODAYLI, 37144, 1117746, Drinking water, 0, 0, 0, 0, 0, 0, 1100000, 1100000
2015, RAJASTHAN, 8, DAUSA, 88, LALSOT, 1245, HODAYLI, 37144, 1117746, Maintenance of community system, 0, 0, 0, 0, 0, 0, 1318000, 1318000
2015, RAJASTHAN, 8, DAUSA, 88, LALSOT, 1245, HODAYLI, 37144, 1117746, Roads, 0, 0, 0, 0, 0, 0, 456347, 456347
2015, RAJASTHAN, 8, DAUSA, 88, LALSOT, 1245, HODAYLI, 37144, 1117746, Sanitation, 0, 0, 0, 0, 0, 0, 75484, 75484
2015, RAJASTHAN, 8, DAUSA, 88, LALSOT, 1245, HODAYLI, 37144, 1117746, Total, 0, 0, 0, 0, 0, 0, 2949831, 2949831
2015, RAJASTHAN, 8, DAUSA, 88, LALSOT, 1245, INDAWA, 262532, 1141368, Administrative & Technical Support, 0, 0, 0, 0, 0, 0, 963441, 963441
2015, RAJASTHAN, 8, DAUSA, 88, LALSOT, 1245, INDAWA, 262532, 1141368, Drinking water, 0, 0, 0, 0, 0, 0, 826104, 826104
2015, RAJASTHAN, 8, DAUSA, 88, LALSOT, 1245, INDAWA, 262532, 1141368, Roads, 0, 0, 0, 0, 0, 0, 1088783, 1088783
2015, RAJASTHAN, 8, DAUSA, 88, LALSOT, 1245, INDAWA, 262532, 1141368, Sanitation, 0, 0, 0, 0, 0, 0, 115000, 115000
2015, RAJASTHAN, 8, DAUSA, 88, LALSOT, 1245, INDAWA, 262532, 1141368, Total, 0, 0, 0, 0, 0, 0, 2993328, 2993328
2015, RAJASTHAN, 8, DAUSA, 88, LALSOT, 1245, JHANPDA, 37174, 1170275, Drinking water, 0, 0, 0, 0, 0, 0, 983488, 983488
2015, RAJASTHAN, 8, DAUSA, 88, LALSOT, 1245, JHANPDA, 37174, 1170275, Roads, 0, 0, 0, 0, 0, 0, 1806014, 1806014
2015, RAJASTHAN, 8, DAUSA, 88, LALSOT, 1245, JHANPDA, 37174, 1170275, Sanitation, 0, 0, 0, 0, 0, 0, 800000, 800000
2015, RAJASTHAN, 8, DAUSA, 88, LALSOT, 1245, JHANPDA, 37174, 1170275, Total, 0, 0, 0, 0, 0, 0, 3589502, 3589502
2015, RAJASTHAN, 8, DAUSA, 88, LALSOT, 1245, KALLAWASKHALSA, 37145, 1212082, Drinking water, 0, 0, 0, 0, 0, 0, 1431096, 1431096
2015, RAJASTHAN, 8, DAUSA, 88, LALSOT, 1245, KALLAWASKHALSA, 37145, 1212082, Roads, 0, 0, 0, 0, 0, 0, 2341717, 2341717
2015, RAJASTHAN, 8, DAUSA, 88, LALSOT, 1245, KALLAWASKHALSA, 37145, 1212082, Total, 0, 0, 0, 0, 0, 0, 3772813, 3772813
2015, RAJASTHAN, 8, DAUSA, 88, LALSOT, 1245, KALOOWAS, 37146, 1117060, Administrative & Technical Support, 0, 0, 0, 0, 0, 0, 458000, 458000
2015, RAJASTHAN, 8, DAUSA, 88, LALSOT, 1245, KALOOWAS, 37146, 1117060, Drinking water, 0, 0, 0, 0, 0, 0, 2459965, 2459965
2015, RAJASTHAN, 8, DAUSA, 88, LALSOT, 1245, KALOOWAS, 37146, 1117060, Maintenance of community system, 0, 0, 0, 0, 0, 0, 131018, 131018
2015, RAJASTHAN, 8, DAUSA, 88, LALSOT, 1245, KALOOWAS, 37146, 1117060, Roads, 0, 0, 0, 0, 0, 0, 1500000, 1500000
2015, RAJASTHAN, 8, DAUSA, 88, LALSOT, 1245, KALOOWAS, 37146, 1117060, Sanitation, 0, 0, 0, 0, 0, 0, 450000, 450000
2015, RAJASTHAN, 8, DAUSA, 88, LALSOT, 1245, KALOOWAS, 37146, 1117060, Total, 0, 0, 0, 0, 0, 0, 4998983, 4998983
2015, RAJASTHAN, 8, DAUSA, 88, LALSOT, 1245, KANKARIYA, 37147, 1141328, Administrative & Technical Support, 0, 0, 0, 0, 0, 0, 129000, 129000
2015, RAJASTHAN, 8, DAUSA, 88, LALSOT, 1245, KANKARIYA, 37147, 1141328, Drinking water, 0, 0, 0, 0, 0, 0, 996028, 996028
2015, RAJASTHAN, 8, DAUSA, 88, LALSOT, 1245, KANKARIYA, 37147, 1141328, Roads, 0, 0, 0, 0, 0, 0, 1234450, 1234450
2015, RAJASTHAN, 8, DAUSA, 88, LALSOT, 1245, KANKARIYA, 37147, 1141328, Total, 0, 0, 0, 0, 0, 0, 2359478, 2359478
2015, RAJASTHAN, 8, DAUSA, 88, LALSOT, 1245, KHATOOMBAR, 37148, 1170931, Drinking water, 0, 0, 0, 0, 0, 0, 1922857, 1922857
2015, RAJASTHAN, 8, DAUSA, 88, LALSOT, 1245, KHATOOMBAR, 37148, 1170931, Roads, 0, 0, 0, 0, 0, 0, 1893955, 1893955
2015, RAJASTHAN, 8, DAUSA, 88, LALSOT, 1245, KHATOOMBAR, 37148, 1170931, Total, 0, 0, 0, 0, 0, 0, 3816812, 3816812
2015, RAJASTHAN, 8, DAUSA, 88, LALSOT, 1245, KHATWA, 37149, 1118113, Administrative & Technical Support, 0, 0, 0, 0, 0, 0, 200000, 200000
2015, RAJASTHAN, 8, DAUSA, 88, LALSOT, 1245, KHATWA, 37149, 1118113, Drinking water, 0, 0, 0, 0, 0, 0, 948115, 948115
2015, RAJASTHAN, 8, DAUSA, 88, LALSOT, 1245, KHATWA, 37149, 1118113, Roads, 0, 0, 0, 0, 0, 0, 1684831, 1684831
2015, RAJASTHAN, 8, DAUSA, 88, LALSOT, 1245, KHATWA, 37149, 1118113, Sanitation, 0, 0, 0, 0, 0, 0, 360000, 360000
2015, RAJASTHAN, 8, DAUSA, 88, LALSOT, 1245, KHATWA, 37149, 1118113, Total, 0, 0, 0, 0, 0, 0, 3192946, 3192946
2015, RAJASTHAN, 8, DAUSA, 88, LALSOT, 1245, KHEMAWAS, 262516, 1132128, Drinking water, 0, 0, 0, 0, 0, 0, 1284369, 1284369
2015, RAJASTHAN, 8, DAUSA, 88, LALSOT, 1245, KHEMAWAS, 262516, 1132128, Maintenance of community system, 0, 0, 0, 0, 0, 0, 50000, 50000
2015, RAJASTHAN, 8, DAUSA, 88, LALSOT, 1245, KHEMAWAS, 262516, 1132128, Roads, 0, 0, 0, 0, 0, 0, 1386341, 1386341
2015, RAJASTHAN, 8, DAUSA, 88, LALSOT, 1245, KHEMAWAS, 262516, 1132128, Total, 0, 0, 0, 0, 0, 0, 2720710, 2720710
2015, RAJASTHAN, 8, DAUSA, 88, LALSOT, 1245, KHERLAKHURD, 37150, 1117913, Administrative & Technical Support, 0, 0, 0, 0, 0, 0, 76556, 76556
2015, RAJASTHAN, 8, DAUSA, 88, LALSOT, 1245, KHERLAKHURD, 37150, 1117913, Drinking water, 0, 0, 0, 0, 0, 0, 2674829, 2674829
2015, RAJASTHAN, 8, DAUSA, 88, LALSOT, 1245, KHERLAKHURD, 37150, 1117913, Roads, 0, 0, 0, 0, 0, 0, 3414400, 3414400
2015, RAJASTHAN, 8, DAUSA, 88, LALSOT, 1245, KHERLAKHURD, 37150, 1117913, Sanitation, 0, 0, 0, 0, 0, 0, 275000, 275000
2015, RAJASTHAN, 8, DAUSA, 88, LALSOT, 1245, KHERLAKHURD, 37150, 1117913, Total, 0, 0, 0, 0, 0, 0, 6440785, 6440785
2015, RAJASTHAN, 8, DAUSA, 88, LALSOT, 1245, KISHORPURA, 37151, 1170924, Drinking water, 0, 0, 0, 0, 0, 0, 1164633, 1164633
2015, RAJASTHAN, 8, DAUSA, 88, LALSOT, 1245, KISHORPURA, 37151, 1170924, Roads, 0, 0, 0, 0, 0, 0, 426980, 426980
2015, RAJASTHAN, 8, DAUSA, 88, LALSOT, 1245, KISHORPURA, 37151, 1170924, Sanitation, 0, 0, 0, 0, 0, 0, 709746, 709746
2015, RAJASTHAN, 8, DAUSA, 88, LALSOT, 1245, KISHORPURA, 37151, 1170924, Total, 0, 0, 0, 0, 0, 0, 2301359, 2301359
2015, RAJASTHAN, 8, DAUSA, 88, LALSOT, 1245, KOLIWARA, 37152, 1118332, Administrative & Technical Support, 0, 0, 0, 0, 0, 0, 80628, 80628
2015, RAJASTHAN, 8, DAUSA, 88, LALSOT, 1245, KOLIWARA, 37152, 1118332, Drinking water, 0, 0, 0, 0, 0, 0, 1219296, 1219296
2015, RAJASTHAN, 8, DAUSA, 88, LALSOT, 1245, KOLIWARA, 37152, 1118332, Maintenance of community system, 0, 0, 0, 0, 0, 0, 37000, 37000
2015, RAJASTHAN, 8, DAUSA, 88, LALSOT, 1245, KOLIWARA, 37152, 1118332, Roads, 0, 0, 0, 0, 0, 0, 1350000, 1350000
2015, RAJASTHAN, 8, DAUSA, 88, LALSOT, 1245, KOLIWARA, 37152, 1118332, Total, 0, 0, 0, 0, 0, 0, 2686924, 2686924
2015, RAJASTHAN, 8, DAUSA, 88, LALSOT, 1245, LALPURA, 37153, 1116501, Drinking water, 0, 0, 0, 0, 0, 0, 1968450, 1968450
2015, RAJASTHAN, 8, DAUSA, 88, LALSOT, 1245, LALPURA, 37153, 1116501, Maintenance of community system, 0, 0, 0, 0, 0, 0, 142000, 142000
2015, RAJASTHAN, 8, DAUSA, 88, LALSOT, 1245, LALPURA, 37153, 1116501, Roads, 0, 0, 0, 0, 0, 0, 398000, 398000
2015, RAJASTHAN, 8, DAUSA, 88, LALSOT, 1245, LALPURA, 37153, 1116501, Sanitation, 0, 0, 0, 0, 0, 0, 50000, 50000
2015, RAJASTHAN, 8, DAUSA, 88, LALSOT, 1245, LALPURA, 37153, 1116501, Total, 0, 0, 0, 0, 0, 0, 2558450, 2558450
2015, RAJASTHAN, 8, DAUSA, 88, LALSOT, 1245, MAHARIYA, 37154, 1116174, Drinking water, 0, 0, 0, 0, 0, 0, 609766, 609766
2015, RAJASTHAN, 8, DAUSA, 88, LALSOT, 1245, MAHARIYA, 37154, 1116174, Public distribution system, 0, 0, 0, 0, 0, 0, 225000, 225000
2015, RAJASTHAN, 8, DAUSA, 88, LALSOT, 1245, MAHARIYA, 37154, 1116174, Roads, 0, 0, 0, 0, 0, 0, 1064029, 1064029
2015, RAJASTHAN, 8, DAUSA, 88, LALSOT, 1245, MAHARIYA, 37154, 1116174, Sanitation, 0, 0, 0, 0, 0, 0, 236000, 236000
2015, RAJASTHAN, 8, DAUSA, 88, LALSOT, 1245, MAHARIYA, 37154, 1116174, Total, 0, 0, 0, 0, 0, 0, 2134795, 2134795
2015, RAJASTHAN, 8, DAUSA, 88, LALSOT, 1245, MANDAWARI, 37155, 1115998, Drinking water, 0, 0, 0, 0, 0, 0, 2236748, 2236748
2015, RAJASTHAN, 8, DAUSA, 88, LALSOT, 1245, MANDAWARI, 37155, 1115998, Maintenance of community system, 0, 0, 0, 0, 0, 0, 50000, 50000
2015, RAJASTHAN, 8, DAUSA, 88, LALSOT, 1245, MANDAWARI, 37155, 1115998, Public distribution system, 0, 0, 0, 0, 0, 0, 125000, 125000
2015, RAJASTHAN, 8, DAUSA, 88, LALSOT, 1245, MANDAWARI, 37155, 1115998, Roads, 0, 0, 0, 0, 0, 0, 2688000, 2688000
2015, RAJASTHAN, 8, DAUSA, 88, LALSOT, 1245, MANDAWARI, 37155, 1115998, Sanitation, 0, 0, 0, 0, 0, 0, 800000, 800000
2015, RAJASTHAN, 8, DAUSA, 88, LALSOT, 1245, MANDAWARI, 37155, 1115998, Total, 0, 0, 0, 0, 0, 0, 5899748, 5899748
2015, RAJASTHAN, 8, DAUSA, 88, LALSOT, 1245, MIRZAPURA, 37156, 1141380, Drinking water, 0, 0, 0, 0, 0, 0, 1268155, 1268155
2015, RAJASTHAN, 8, DAUSA, 88, LALSOT, 1245, MIRZAPURA, 37156, 1141380, Roads, 0, 0, 0, 0, 0, 0, 1686602, 1686602
2015, RAJASTHAN, 8, DAUSA, 88, LALSOT, 1245, MIRZAPURA, 37156, 1141380, Sanitation, 0, 0, 0, 0, 0, 0, 264000, 264000
2015, RAJASTHAN, 8, DAUSA, 88, LALSOT, 1245, MIRZAPURA, 37156, 1141380, Total, 0, 0, 0, 0, 0, 0, 3218757, 3218757
2015, RAJASTHAN, 8, DAUSA, 88, LALSOT, 1245, NAYABAS, 37157, 1144726, Drinking water, 0, 0, 0, 0, 0, 0, 1216475, 1216475
2015, RAJASTHAN, 8, DAUSA, 88, LALSOT, 1245, NAYABAS, 37157, 1144726, Roads, 0, 0, 0, 0, 0, 0, 1472725, 1472725
2015, RAJASTHAN, 8, DAUSA, 88, LALSOT, 1245, NAYABAS, 37157, 1144726, Sanitation, 0, 0, 0, 0, 0, 0, 100000, 100000
2015, RAJASTHAN, 8, DAUSA, 88, LALSOT, 1245, NAYABAS, 37157, 1144726, Total, 0, 0, 0, 0, 0, 0, 2789200, 2789200
2015, RAJASTHAN, 8, DAUSA, 88, LALSOT, 1245, NIRJHARNA, 37158, 1142334, Administrative & Technical Support, 0, 0, 0, 0, 0, 0, 120000, 120000
2015, RAJASTHAN, 8, DAUSA, 88, LALSOT, 1245, NIRJHARNA, 37158, 1142334, Drinking water, 0, 0, 0, 0, 0, 0, 928725, 928725
2015, RAJASTHAN, 8, DAUSA, 88, LALSOT, 1245, NIRJHARNA, 37158, 1142334, Maintenance of community system, 0, 0, 0, 0, 0, 0, 100000, 100000
2015, RAJASTHAN, 8, DAUSA, 88, LALSOT, 1245, NIRJHARNA, 37158, 1142334, Roads, 0, 0, 0, 0, 0, 0, 1000275, 1000275
2015, RAJASTHAN, 8, DAUSA, 88, LALSOT, 1245, NIRJHARNA, 37158, 1142334, Sanitation, 0, 0, 0, 0, 0, 0, 50000, 50000
2015, RAJASTHAN, 8, DAUSA, 88, LALSOT, 1245, NIRJHARNA, 37158, 1142334, Total, 0, 0, 0, 0, 0, 0, 2199000, 2199000
2015, RAJASTHAN, 8, DAUSA, 88, LALSOT, 1245, NIZAMPURA, 37159, 1118681, Administrative & Technical Support, 0, 0, 0, 0, 0, 0, 163271, 163271
2015, RAJASTHAN, 8, DAUSA, 88, LALSOT, 1245, NIZAMPURA, 37159, 1118681, Drinking water, 0, 0, 0, 0, 0, 0, 1826988, 1826988
2015, RAJASTHAN, 8, DAUSA, 88, LALSOT, 1245, NIZAMPURA, 37159, 1118681, Maintenance of community system, 0, 0, 0, 0, 0, 0, 44700, 44700
2015, RAJASTHAN, 8, DAUSA, 88, LALSOT, 1245, NIZAMPURA, 37159, 1118681, Roads, 0, 0, 0, 0, 0, 0, 2450000, 2450000
2015, RAJASTHAN, 8, DAUSA, 88, LALSOT, 1245, NIZAMPURA, 37159, 1118681, Sanitation, 0, 0, 0, 0, 0, 0, 550000, 550000
2015, RAJASTHAN, 8, DAUSA, 88, LALSOT, 1245, NIZAMPURA, 37159, 1118681, Total, 0, 0, 0, 0, 0, 0, 5034959, 5034959
2015, RAJASTHAN, 8, DAUSA, 88, LALSOT, 1245, PALUNDA, 37160, 1157235, Administrative & Technical Support, 0, 0, 0, 0, 0, 0, 41513, 41513
2015, RAJASTHAN, 8, DAUSA, 88, LALSOT, 1245, PALUNDA, 37160, 1157235, Drinking water, 0, 0, 0, 0, 0, 0, 1690000, 1690000
2015, RAJASTHAN, 8, DAUSA, 88, LALSOT, 1245, PALUNDA, 37160, 1157235, Roads, 0, 0, 0, 0, 0, 0, 1927577, 1927577
2015, RAJASTHAN, 8, DAUSA, 88, LALSOT, 1245, PALUNDA, 37160, 1157235, Total, 0, 0, 0, 0, 0, 0, 3659090, 3659090
2015, RAJASTHAN, 8, DAUSA, 88, LALSOT, 1245, PATTI  KISHORPURA, 37161, 1140693, Administrative & Technical Support, 0, 0, 0, 0, 0, 0, 35879, 35879
2015, RAJASTHAN, 8, DAUSA, 88, LALSOT, 1245, PATTI  KISHORPURA, 37161, 1140693, Drinking water, 0, 0, 0, 0, 0, 0, 1698028, 1698028
2015, RAJASTHAN, 8, DAUSA, 88, LALSOT, 1245, PATTI  KISHORPURA, 37161, 1140693, Roads, 0, 0, 0, 0, 0, 0, 977000, 977000
2015, RAJASTHAN, 8, DAUSA, 88, LALSOT, 1245, PATTI  KISHORPURA, 37161, 1140693, Sanitation, 0, 0, 0, 0, 0, 0, 226000, 226000
2015, RAJASTHAN, 8, DAUSA, 88, LALSOT, 1245, PATTI  KISHORPURA, 37161, 1140693, Total, 0, 0, 0, 0, 0, 0, 2936907, 2936907
2015, RAJASTHAN, 8, DAUSA, 88, LALSOT, 1245, RAHUWAS, 37162, 1179049, Administrative & Technical Support, 0, 0, 0, 0, 0, 0, 105358, 105358
2015, RAJASTHAN, 8, DAUSA, 88, LALSOT, 1245, RAHUWAS, 37162, 1179049, Drinking water, 0, 0, 0, 0, 0, 0, 1313424, 1313424
2015, RAJASTHAN, 8, DAUSA, 88, LALSOT, 1245, RAHUWAS, 37162, 1179049, Roads, 0, 0, 0, 0, 0, 0, 1243973, 1243973
2015, RAJASTHAN, 8, DAUSA, 88, LALSOT, 1245, RAHUWAS, 37162, 1179049, Sanitation, 0, 0, 0, 0, 0, 0, 200000, 200000
2015, RAJASTHAN, 8, DAUSA, 88, LALSOT, 1245, RAHUWAS, 37162, 1179049, Total, 0, 0, 0, 0, 0, 0, 2862755, 2862755
2015, RAJASTHAN, 8, DAUSA, 88, LALSOT, 1245, RAJOLI, 37163, 1143092, Drinking water, 0, 0, 0, 0, 0, 0, 899671, 899671
2015, RAJASTHAN, 8, DAUSA, 88, LALSOT, 1245, RAJOLI, 37163, 1143092, Roads, 0, 0, 0, 0, 0, 0, 1419159, 1419159
2015, RAJASTHAN, 8, DAUSA, 88, LALSOT, 1245, RAJOLI, 37163, 1143092, Sanitation, 0, 0, 0, 0, 0, 0, 250000, 250000
2015, RAJASTHAN, 8, DAUSA, 88, LALSOT, 1245, RAJOLI, 37163, 1143092, Total, 0, 0, 0, 0, 0, 0, 2568830, 2568830
2015, RAJASTHAN, 8, DAUSA, 88, LALSOT, 1245, RAMGARHPACHWARA, 37164, 1141674, Administrative & Technical Support, 0, 0, 0, 0, 0, 0, 132074, 132074
2015, RAJASTHAN, 8, DAUSA, 88, LALSOT, 1245, RAMGARHPACHWARA, 37164, 1141674, Drinking water, 0, 0, 0, 0, 0, 0, 1283288, 1283288
2015, RAJASTHAN, 8, DAUSA, 88, LALSOT, 1245, RAMGARHPACHWARA, 37164, 1141674, Maintenance of community system, 0, 0, 0, 0, 0, 0, 129000, 129000
2015, RAJASTHAN, 8, DAUSA, 88, LALSOT, 1245, RAMGARHPACHWARA, 37164, 1141674, Roads, 0, 0, 0, 0, 0, 0, 2050267, 2050267
2015, RAJASTHAN, 8, DAUSA, 88, LALSOT, 1245, RAMGARHPACHWARA, 37164, 1141674, Sanitation, 0, 0, 0, 0, 0, 0, 680000, 680000
2015, RAJASTHAN, 8, DAUSA, 88, LALSOT, 1245, RAMGARHPACHWARA, 37164, 1141674, Total, 0, 0, 0, 0, 0, 0, 4274629, 4274629
2015, RAJASTHAN, 8, DAUSA, 88, LALSOT, 1245, SALEMPURA, 37165, 1141251, Administrative & Technical Support, 0, 0, 0, 0, 0, 0, 197571, 197571
2015, RAJASTHAN, 8, DAUSA, 88, LALSOT, 1245, SALEMPURA, 37165, 1141251, Drinking water, 0, 0, 0, 0, 0, 0, 1875483, 1875483
2015, RAJASTHAN, 8, DAUSA, 88, LALSOT, 1245, SALEMPURA, 37165, 1141251, Roads, 0, 0, 0, 0, 0, 0, 2250000, 2250000
2015, RAJASTHAN, 8, DAUSA, 88, LALSOT, 1245, SALEMPURA, 37165, 1141251, Total, 0, 0, 0, 0, 0, 0, 4323054, 4323054
2015, RAJASTHAN, 8, DAUSA, 88, LALSOT, 1245, SANWASA, 37166, 1142990, Drinking water, 0, 0, 0, 0, 0, 0, 821160, 821160
2015, RAJASTHAN, 8, DAUSA, 88, LALSOT, 1245, SANWASA, 37166, 1142990, Public distribution system, 0, 0, 0, 0, 0, 0, 130000, 130000
2015, RAJASTHAN, 8, DAUSA, 88, LALSOT, 1245, SANWASA, 37166, 1142990, Roads, 0, 0, 0, 0, 0, 0, 1626983, 1626983
2015, RAJASTHAN, 8, DAUSA, 88, LALSOT, 1245, SANWASA, 37166, 1142990, Sanitation, 0, 0, 0, 0, 0, 0, 750000, 750000
2015, RAJASTHAN, 8, DAUSA, 88, LALSOT, 1245, SANWASA, 37166, 1142990, Total, 0, 0, 0, 0, 0, 0, 3328143, 3328143
2015, RAJASTHAN, 8, DAUSA, 88, LALSOT, 1245, SHIVSINGHPURA, 37168, 1195007, Drinking water, 0, 0, 0, 0, 0, 0, 1678792, 1678792
2015, RAJASTHAN, 8, DAUSA, 88, LALSOT, 1245, SHIVSINGHPURA, 37168, 1195007, Roads, 0, 0, 0, 0, 0, 0, 2200000, 2200000
2015, RAJASTHAN, 8, DAUSA, 88, LALSOT, 1245, SHIVSINGHPURA, 37168, 1195007, Sanitation, 0, 0, 0, 0, 0, 0, 382814, 382814
2015, RAJASTHAN, 8, DAUSA, 88, LALSOT, 1245, SHIVSINGHPURA, 37168, 1195007, Total, 0, 0, 0, 0, 0, 0, 4261606, 4261606
2015, RAJASTHAN, 8, DAUSA, 88, LALSOT, 1245, SHREEMA, 37169, 1141301, Drinking water, 0, 0, 0, 0, 0, 0, 72649, 72649
2015, RAJASTHAN, 8, DAUSA, 88, LALSOT, 1245, SHREEMA, 37169, 1141301, Roads, 0, 0, 0, 0, 0, 0, 2037618, 2037618
2015, RAJASTHAN, 8, DAUSA, 88, LALSOT, 1245, SHREEMA, 37169, 1141301, Sanitation, 0, 0, 0, 0, 0, 0, 1749454, 1749454
2015, RAJASTHAN, 8, DAUSA, 88, LALSOT, 1245, SHREEMA, 37169, 1141301, Total, 0, 0, 0, 0, 0, 0, 3859721, 3859721
2015, RAJASTHAN, 8, DAUSA, 88, LALSOT, 1245, SHYAMPURAKALAN, 37167, 1170213, Drinking water, 0, 0, 0, 0, 0, 0, 1569591, 1569591
2015, RAJASTHAN, 8, DAUSA, 88, LALSOT, 1245, SHYAMPURAKALAN, 37167, 1170213, Maintenance of community system, 0, 0, 0, 0, 0, 0, 100434, 100434
2015, RAJASTHAN, 8, DAUSA, 88, LALSOT, 1245, SHYAMPURAKALAN, 37167, 1170213, Roads, 0, 0, 0, 0, 0, 0, 2546000, 2546000
2015, RAJASTHAN, 8, DAUSA, 88, LALSOT, 1245, SHYAMPURAKALAN, 37167, 1170213, Sanitation, 0, 0, 0, 0, 0, 0, 250000, 250000
2015, RAJASTHAN, 8, DAUSA, 88, LALSOT, 1245, SHYAMPURAKALAN, 37167, 1170213, Total, 0, 0, 0, 0, 0, 0, 4466025, 4466025
2015, RAJASTHAN, 8, DAUSA, 88, LALSOT, 1245, SONAR, 37170, 1117221, Administrative & Technical Support, 0, 0, 0, 0, 0, 0, 150000, 150000
2015, RAJASTHAN, 8, DAUSA, 88, LALSOT, 1245, SONAR, 37170, 1117221, Drinking water, 0, 0, 0, 0, 0, 0, 1491726, 1491726
2015, RAJASTHAN, 8, DAUSA, 88, LALSOT, 1245, SONAR, 37170, 1117221, Roads, 0, 0, 0, 0, 0, 0, 1518108, 1518108
2015, RAJASTHAN, 8, DAUSA, 88, LALSOT, 1245, SONAR, 37170, 1117221, Total, 0, 0, 0, 0, 0, 0, 3159834, 3159834
2015, RAJASTHAN, 8, DAUSA, 88, LALSOT, 1245, SURATPUAR, 37171, 1141354, Administrative & Technical Support, 0, 0, 0, 0, 0, 0, 207586, 207586
2015, RAJASTHAN, 8, DAUSA, 88, LALSOT, 1245, SURATPUAR, 37171, 1141354, Drinking water, 0, 0, 0, 0, 0, 0, 1812626, 1812626
2015, RAJASTHAN, 8, DAUSA, 88, LALSOT, 1245, SURATPUAR, 37171, 1141354, Roads, 0, 0, 0, 0, 0, 0, 300000, 300000
2015, RAJASTHAN, 8, DAUSA, 88, LALSOT, 1245, SURATPUAR, 37171, 1141354, Sanitation, 0, 0, 0, 0, 0, 0, 149106, 149106
2015, RAJASTHAN, 8, DAUSA, 88, LALSOT, 1245, SURATPUAR, 37171, 1141354, Total, 0, 0, 0, 0, 0, 0, 2469318, 2469318
2015, RAJASTHAN, 8, DAUSA, 88, LALSOT, 1245, TALABGAON, 37172, 1141596, Administrative & Technical Support, 0, 0, 0, 0, 0, 0, 50000, 50000
2015, RAJASTHAN, 8, DAUSA, 88, LALSOT, 1245, TALABGAON, 37172, 1141596, Drinking water, 0, 0, 0, 0, 0, 0, 356178, 356178
2015, RAJASTHAN, 8, DAUSA, 88, LALSOT, 1245, TALABGAON, 37172, 1141596, Health, 0, 0, 0, 0, 0, 0, 250534, 250534
2015, RAJASTHAN, 8, DAUSA, 88, LALSOT, 1245, TALABGAON, 37172, 1141596, Public distribution system, 0, 0, 0, 0, 0, 0, 85000, 85000
2015, RAJASTHAN, 8, DAUSA, 88, LALSOT, 1245, TALABGAON, 37172, 1141596, Roads, 0, 0, 0, 0, 0, 0, 1491389, 1491389
2015, RAJASTHAN, 8, DAUSA, 88, LALSOT, 1245, TALABGAON, 37172, 1141596, Sanitation, 0, 0, 0, 0, 0, 0, 1161189, 1161189
2015, RAJASTHAN, 8, DAUSA, 88, LALSOT, 1245, TALABGAON, 37172, 1141596, Total, 0, 0, 0, 0, 0, 0, 3394290, 3394290
2015, RAJASTHAN, 8, DAUSA, 88, LALSOT, 1245, TODA THEKLA, 37173, 1170489, Drinking water, 0, 0, 0, 0, 0, 0, 2282639, 2282639
2015, RAJASTHAN, 8, DAUSA, 88, LALSOT, 1245, TODA THEKLA, 37173, 1170489, Roads, 0, 0, 0, 0, 0, 0, 1061430, 1061430
2015, RAJASTHAN, 8, DAUSA, 88, LALSOT, 1245, TODA THEKLA, 37173, 1170489, Total, 0, 0, 0, 0, 0, 0, 3344069, 3344069
2015, RAJASTHAN, 8, DAUSA, 88, LAWAN, 262601, ALOODA, 37076, 1117683, Administrative & Technical Support, 0, 0, 0, 0, 13662, 2498, 35019, 51179
2015, RAJASTHAN, 8, DAUSA, 88, LAWAN, 262601, ALOODA, 37076, 1117683, Drinking water, 0, 0, 0, 0, 120000, 115000, 65000, 300000
2015, RAJASTHAN, 8, DAUSA, 88, LAWAN, 262601, ALOODA, 37076, 1117683, Roads, 0, 0, 0, 0, 0, 0, 2088800, 2088800
2015, RAJASTHAN, 8, DAUSA, 88, LAWAN, 262601, ALOODA, 37076, 1117683, Sanitation, 0, 0, 0, 0, 500000, 1215300, 1084000, 2799300
2015, RAJASTHAN, 8, DAUSA, 88, LAWAN, 262601, ALOODA, 37076, 1117683, Total, 0, 0, 0, 0, 633662, 1332798, 3272819, 5239279
2015, RAJASTHAN, 8, DAUSA, 88, LAWAN, 262601, BAIJWARI, 262222, 1118933, Administrative & Technical Support, 0, 0, 0, 0, 40192, 7681, 19929, 67802
2015, RAJASTHAN, 8, DAUSA, 88, LAWAN, 262601, BAIJWARI, 262222, 1118933, Drinking water, 0, 0, 0, 0, 140000, 420000, 0, 560000
2015, RAJASTHAN, 8, DAUSA, 88, LAWAN, 262601, BAIJWARI, 262222, 1118933, Roads, 0, 0, 0, 0, 0, 600000, 1365000, 1965000
2015, RAJASTHAN, 8, DAUSA, 88, LAWAN, 262601, BAIJWARI, 262222, 1118933, Sanitation, 0, 0, 0, 0, 99000, 171000, 30000, 300000
2015, RAJASTHAN, 8, DAUSA, 88, LAWAN, 262601, BAIJWARI, 262222, 1118933, Total, 0, 0, 0, 0, 279192, 1198681, 1414929, 2892802
2015, RAJASTHAN, 8, DAUSA, 88, LAWAN, 262601, BANIYANA, 37079, 1119001, Administrative & Technical Support, 0, 0, 0, 0, 995, 1201, 25065, 27261
2015, RAJASTHAN, 8, DAUSA, 88, LAWAN, 262601, BANIYANA, 37079, 1119001, Health, 0, 0, 0, 0, 166000, 155000, 179000, 500000
2015, RAJASTHAN, 8, DAUSA, 88, LAWAN, 262601, BANIYANA, 37079, 1119001, Roads, 0, 0, 0, 0, 200000, 200000, 2050000, 2450000
2015, RAJASTHAN, 8, DAUSA, 88, LAWAN, 262601, BANIYANA, 37079, 1119001, Sanitation, 0, 0, 0, 0, 500000, 0, 500000, 1000000
2015, RAJASTHAN, 8, DAUSA, 88, LAWAN, 262601, BANIYANA, 37079, 1119001, Total, 0, 0, 0, 0, 866995, 356201, 2754065, 3977261
2015, RAJASTHAN, 8, DAUSA, 88, LAWAN, 262601, BARAGAON, 37077, 1119535, Administrative & Technical Support, 0, 0, 0, 0, 73433, 100000, 0, 173433
2015, RAJASTHAN, 8, DAUSA, 88, LAWAN, 262601, BARAGAON, 37077, 1119535, Roads, 0, 0, 0, 0, 630000, 650000, 2220000, 3500000
2015, RAJASTHAN, 8, DAUSA, 88, LAWAN, 262601, BARAGAON, 37077, 1119535, Sanitation, 0, 0, 0, 0, 169800, 248000, 322000, 739800
2015, RAJASTHAN, 8, DAUSA, 88, LAWAN, 262601, BARAGAON, 37077, 1119535, Total, 0, 0, 0, 0, 873233, 998000, 2542000, 4413233
2015, RAJASTHAN, 8, DAUSA, 88, LAWAN, 262601, CHHARERA, 37087, 1119543, Administrative & Technical Support, 0, 0, 0, 0, 1830, 54185, 22915, 78930
2015, RAJASTHAN, 8, DAUSA, 88, LAWAN, 262601, CHHARERA, 37087, 1119543, Roads, 0, 0, 0, 0, 254000, 499000, 1897000, 2650000
2015, RAJASTHAN, 8, DAUSA, 88, LAWAN, 262601, CHHARERA, 37087, 1119543, Sanitation, 0, 0, 0, 0, 0, 897000, 200000, 1097000
2015, RAJASTHAN, 8, DAUSA, 88, LAWAN, 262601, CHHARERA, 37087, 1119543, Total, 0, 0, 0, 0, 255830, 1450185, 2119915, 3825930
2015, RAJASTHAN, 8, DAUSA, 88, LAWAN, 262601, CHURIYAWAS, 37088, 1119582, Administrative & Technical Support, 0, 0, 0, 0, 0, 0, 95253, 95253
2015, RAJASTHAN, 8, DAUSA, 88, LAWAN, 262601, CHURIYAWAS, 37088, 1119582, Khadi, 0, 0, 0, 0, 350000, 500000, 114000, 964000
2015, RAJASTHAN, 8, DAUSA, 88, LAWAN, 262601, CHURIYAWAS, 37088, 1119582, Roads, 0, 0, 0, 0, 0, 0, 439000, 439000
2015, RAJASTHAN, 8, DAUSA, 88, LAWAN, 262601, CHURIYAWAS, 37088, 1119582, Sanitation, 0, 0, 0, 0, 297286, 236000, 1094000, 1627286
2015, RAJASTHAN, 8, DAUSA, 88, LAWAN, 262601, CHURIYAWAS, 37088, 1119582, Total, 0, 0, 0, 0, 647286, 736000, 1742253, 3125539
2015, RAJASTHAN, 8, DAUSA, 88, LAWAN, 262601, DHARANWAS, 37089, 1176196, Administrative & Technical Support, 0, 0, 0, 0, 95876, 46425, 39131, 181432
2015, RAJASTHAN, 8, DAUSA, 88, LAWAN, 262601, DHARANWAS, 37089, 1176196, Drinking water, 0, 0, 0, 0, 84000, 98000, 14000, 196000
2015, RAJASTHAN, 8, DAUSA, 88, LAWAN, 262601, DHARANWAS, 37089, 1176196, Roads, 0, 0, 0, 0, 0, 470000, 1730000, 2200000
2015, RAJASTHAN, 8, DAUSA, 88, LAWAN, 262601, DHARANWAS, 37089, 1176196, Sanitation, 0, 0, 0, 0, 0, 70000, 70000, 140000
2015, RAJASTHAN, 8, DAUSA, 88, LAWAN, 262601, DHARANWAS, 37089, 1176196, Total, 0, 0, 0, 0, 179876, 684425, 1853131, 2717432
2015, RAJASTHAN, 8, DAUSA, 88, LAWAN, 262601, DHIGARIYA, 37090, 1119792, Administrative & Technical Support, 0, 0, 0, 0, 82286, 66028, 24342, 172656
2015, RAJASTHAN, 8, DAUSA, 88, LAWAN, 262601, DHIGARIYA, 37090, 1119792, Roads, 0, 0, 0, 0, 359000, 287000, 1754000, 2400000
2015, RAJASTHAN, 8, DAUSA, 88, LAWAN, 262601, DHIGARIYA, 37090, 1119792, Total, 0, 0, 0, 0, 441286, 353028, 1778342, 2572656
2015, RAJASTHAN, 8, DAUSA, 88, LAWAN, 262601, DUGRAWATA, 37091, 1119816, Administrative & Technical Support, 0, 0, 0, 0, 29414, 25748, 80466, 135628
2015, RAJASTHAN, 8, DAUSA, 88, LAWAN, 262601, DUGRAWATA, 37091, 1119816, Roads, 0, 0, 0, 0, 37000, 25000, 843900, 905900
2015, RAJASTHAN, 8, DAUSA, 88, LAWAN, 262601, DUGRAWATA, 37091, 1119816, Sanitation, 0, 0, 0, 0, 145000, 105000, 1016100, 1266100
2015, RAJASTHAN, 8, DAUSA, 88, LAWAN, 262601, DUGRAWATA, 37091, 1119816, Total, 0, 0, 0, 0, 211414, 155748, 2016466, 2383628
2015, RAJASTHAN, 8, DAUSA, 88, LAWAN, 262601, DUGRAWATA, 37091, 1119816, Women and child development, 0, 0, 0, 0, 0, 0, 76000, 76000
2015, RAJASTHAN, 8, DAUSA, 88, LAWAN, 262601, HAPAWAS, 37093, 1119827, Administrative & Technical Support, 0, 0, 0, 0, 0, 58989, 0, 58989
2015, RAJASTHAN, 8, DAUSA, 88, LAWAN, 262601, HAPAWAS, 37093, 1119827, Drinking water, 0, 0, 0, 0, 140000, 476800, 0, 616800
2015, RAJASTHAN, 8, DAUSA, 88, LAWAN, 262601, HAPAWAS, 37093, 1119827, Roads, 0, 0, 0, 0, 0, 310000, 500000, 810000
2015, RAJASTHAN, 8, DAUSA, 88, LAWAN, 262601, HAPAWAS, 37093, 1119827, Sanitation, 0, 0, 0, 0, 0, 400000, 600000, 1000000
2015, RAJASTHAN, 8, DAUSA, 88, LAWAN, 262601, HAPAWAS, 37093, 1119827, Total, 0, 0, 0, 0, 140000, 1245789, 1100000, 2485789
2015, RAJASTHAN, 8, DAUSA, 88, LAWAN, 262601, HINGOTIYA, 37094, 1119935, Administrative & Technical Support, 0, 0, 0, 0, 9850, 29329, 34698, 73877
2015, RAJASTHAN, 8, DAUSA, 88, LAWAN, 262601, HINGOTIYA, 37094, 1119935, Roads, 0, 0, 0, 0, 659000, 234000, 1257000, 2150000
2015, RAJASTHAN, 8, DAUSA, 88, LAWAN, 262601, HINGOTIYA, 37094, 1119935, Sanitation, 0, 0, 0, 0, 0, 0, 1000000, 1000000
2015, RAJASTHAN, 8, DAUSA, 88, LAWAN, 262601, HINGOTIYA, 37094, 1119935, Total, 0, 0, 0, 0, 668850, 263329, 2291698, 3223877
2015, RAJASTHAN, 8, DAUSA, 88, LAWAN, 262601, KHANPUR, 37102, 1119953, Administrative & Technical Support, 0, 0, 0, 0, 0, 80495, 0, 80495
2015, RAJASTHAN, 8, DAUSA, 88, LAWAN, 262601, KHANPUR, 37102, 1119953, Drinking water, 0, 0, 0, 0, 0, 70000, 0, 70000
2015, RAJASTHAN, 8, DAUSA, 88, LAWAN, 262601, KHANPUR, 37102, 1119953, Roads, 0, 0, 0, 0, 50000, 119000, 770000, 939000
2015, RAJASTHAN, 8, DAUSA, 88, LAWAN, 262601, KHANPUR, 37102, 1119953, Rural housing, 0, 0, 0, 0, 0, 0, 250000, 250000
2015, RAJASTHAN, 8, DAUSA, 88, LAWAN, 262601, KHANPUR, 37102, 1119953, Sanitation, 0, 0, 0, 0, 0, 27000, 600000, 627000
2015, RAJASTHAN, 8, DAUSA, 88, LAWAN, 262601, KHANPUR, 37102, 1119953, Total, 0, 0, 0, 0, 50000, 296495, 1670000, 2016495
2015, RAJASTHAN, 8, DAUSA, 88, LAWAN, 262601, KHANPUR, 37102, 1119953, Women and child development, 0, 0, 0, 0, 0, 0, 50000, 50000
2015, RAJASTHAN, 8, DAUSA, 88, LAWAN, 262601, KHANWAS, 37103, 1120039, Administrative & Technical Support, 0, 0, 0, 0, 15612, 64455, 96326, 176393
2015, RAJASTHAN, 8, DAUSA, 88, LAWAN, 262601, KHANWAS, 37103, 1120039, Drinking water, 0, 0, 0, 0, 70000, 218000, 272000, 560000
2015, RAJASTHAN, 8, DAUSA, 88, LAWAN, 262601, KHANWAS, 37103, 1120039, Roads, 0, 0, 0, 0, 200000, 0, 1654000, 1854000
2015, RAJASTHAN, 8, DAUSA, 88, LAWAN, 262601, KHANWAS, 37103, 1120039, Sanitation, 0, 0, 0, 0, 160000, 740000, 170000, 1070000
2015, RAJASTHAN, 8, DAUSA, 88, LAWAN, 262601, KHANWAS, 37103, 1120039, Total, 0, 0, 0, 0, 445612, 1022455, 2192326, 3660393
2015, RAJASTHAN, 8, DAUSA, 88, LAWAN, 262601, KHAWARAOJI, 37104, 1120140, Administrative & Technical Support, 0, 0, 0, 0, 4338, 17590, 90149, 112077
2015, RAJASTHAN, 8, DAUSA, 88, LAWAN, 262601, KHAWARAOJI, 37104, 1120140, Roads, 0, 0, 0, 0, 473000, 30000, 2814000, 3317000
2015, RAJASTHAN, 8, DAUSA, 88, LAWAN, 262601, KHAWARAOJI, 37104, 1120140, Sanitation, 0, 0, 0, 0, 0, 0, 1000000, 1000000
2015, RAJASTHAN, 8, DAUSA, 88, LAWAN, 262601, KHAWARAOJI, 37104, 1120140, Total, 0, 0, 0, 0, 477338, 47590, 3904149, 4429077
2015, RAJASTHAN, 8, DAUSA, 88, LAWAN, 262601, LAHRI KA WAS, 37108, 1120256, Administrative & Technical Support, 0, 0, 0, 0, 0, 55336, 0, 55336
2015, RAJASTHAN, 8, DAUSA, 88, LAWAN, 262601, LAHRI KA WAS, 37108, 1120256, Roads, 0, 0, 0, 0, 200000, 718000, 698100, 1616100
2015, RAJASTHAN, 8, DAUSA, 88, LAWAN, 262601, LAHRI KA WAS, 37108, 1120256, Sanitation, 0, 0, 0, 0, 200000, 163500, 600000, 963500
2015, RAJASTHAN, 8, DAUSA, 88, LAWAN, 262601, LAHRI KA WAS, 37108, 1120256, Total, 0, 0, 0, 0, 400000, 936836, 1298100, 2634936
2015, RAJASTHAN, 8, DAUSA, 88, LAWAN, 262601, LAWAN, 37109, 1120369, Administrative & Technical Support, 0, 0, 0, 0, 0, 7000, 211011, 218011
2015, RAJASTHAN, 8, DAUSA, 88, LAWAN, 262601, LAWAN, 37109, 1120369, Maintenance of community system, 0, 0, 0, 0, 0, 0, 138000, 138000
2015, RAJASTHAN, 8, DAUSA, 88, LAWAN, 262601, LAWAN, 37109, 1120369, Roads, 0, 0, 0, 0, 0, 0, 2479300, 2479300
2015, RAJASTHAN, 8, DAUSA, 88, LAWAN, 262601, LAWAN, 37109, 1120369, Sanitation, 0, 0, 0, 0, 1059000, 512000, 2509100, 4080100
2015, RAJASTHAN, 8, DAUSA, 88, LAWAN, 262601, LAWAN, 37109, 1120369, Total, 0, 0, 0, 0, 1059000, 519000, 5337411, 6915411
2015, RAJASTHAN, 8, DAUSA, 88, LAWAN, 262601, MALAWAS, 37112, 1120517, Administrative & Technical Support, 0, 0, 0, 0, 21714, 21260, 78202, 121176
2015, RAJASTHAN, 8, DAUSA, 88, LAWAN, 262601, MALAWAS, 37112, 1120517, Drinking water, 0, 0, 0, 0, 100000, 800000, 240500, 1140500
2015, RAJASTHAN, 8, DAUSA, 88, LAWAN, 262601, MALAWAS, 37112, 1120517, Roads, 0, 0, 0, 0, 137000, 74000, 888822, 1099822
2015, RAJASTHAN, 8, DAUSA, 88, LAWAN, 262601, MALAWAS, 37112, 1120517, Sanitation, 0, 0, 0, 0, 0, 0, 569000, 569000
2015, RAJASTHAN, 8, DAUSA, 88, LAWAN, 262601, MALAWAS, 37112, 1120517, Total, 0, 0, 0, 0, 258714, 895260, 1776524, 2930498
2015, RAJASTHAN, 8, DAUSA, 88, LAWAN, 262601, NANGAL GOVIND, 37114, 1120523, Administrative & Technical Support, 0, 0, 0, 0, 4591, 68487, 18863, 91941
2015, RAJASTHAN, 8, DAUSA, 88, LAWAN, 262601, NANGAL GOVIND, 37114, 1120523, Roads, 0, 0, 0, 0, 728000, 29000, 1298800, 2055800
2015, RAJASTHAN, 8, DAUSA, 88, LAWAN, 262601, NANGAL GOVIND, 37114, 1120523, Sanitation, 0, 0, 0, 0, 0, 0, 308000, 308000
2015, RAJASTHAN, 8, DAUSA, 88, LAWAN, 262601, NANGAL GOVIND, 37114, 1120523, Total, 0, 0, 0, 0, 732591, 97487, 1625663, 2455741
2015, RAJASTHAN, 8, DAUSA, 88, LAWAN, 262601, NANGAL RAJAWATAN, 37115, 1120545, Administrative & Technical Support, 0, 0, 0, 0, 59669, 22102, 16589, 98360
2015, RAJASTHAN, 8, DAUSA, 88, LAWAN, 262601, NANGAL RAJAWATAN, 37115, 1120545, Roads, 0, 0, 0, 0, 240000, 1191000, 1147000, 2578000
2015, RAJASTHAN, 8, DAUSA, 88, LAWAN, 262601, NANGAL RAJAWATAN, 37115, 1120545, Sanitation, 0, 0, 0, 0, 0, 0, 929400, 929400
2015, RAJASTHAN, 8, DAUSA, 88, LAWAN, 262601, NANGAL RAJAWATAN, 37115, 1120545, Total, 0, 0, 0, 0, 299669, 1213102, 2092989, 3605760
2015, RAJASTHAN, 8, DAUSA, 88, LAWAN, 262601, PAPARDA, 37117, 1120601, Administrative & Technical Support, 0, 0, 0, 0, 11812, 16647, 41821, 70280
2015, RAJASTHAN, 8, DAUSA, 88, LAWAN, 262601, PAPARDA, 37117, 1120601, Drinking water, 0, 0, 0, 0, 39000, 3000, 255000, 297000
2015, RAJASTHAN, 8, DAUSA, 88, LAWAN, 262601, PAPARDA, 37117, 1120601, Health, 0, 0, 0, 0, 0, 0, 104000, 104000
2015, RAJASTHAN, 8, DAUSA, 88, LAWAN, 262601, PAPARDA, 37117, 1120601, Roads, 0, 0, 0, 0, 340000, 1145000, 2145000, 3630000
2015, RAJASTHAN, 8, DAUSA, 88, LAWAN, 262601, PAPARDA, 37117, 1120601, Total, 0, 0, 0, 0, 390812, 1164647, 2545821, 4101280
2015, RAJASTHAN, 8, DAUSA, 88, LAWAN, 262601, PYARIWAS, 37118, 1120621, Administrative & Technical Support, 0, 0, 0, 0, 9613, 10230, 14295, 34138
2015, RAJASTHAN, 8, DAUSA, 88, LAWAN, 262601, PYARIWAS, 37118, 1120621, Khadi, 0, 0, 0, 0, 0, 0, 500000, 500000
2015, RAJASTHAN, 8, DAUSA, 88, LAWAN, 262601, PYARIWAS, 37118, 1120621, Roads, 0, 0, 0, 0, 0, 280000, 677400, 957400
2015, RAJASTHAN, 8, DAUSA, 88, LAWAN, 262601, PYARIWAS, 37118, 1120621, Sanitation, 0, 0, 0, 0, 147000, 1001900, 678500, 1827400
2015, RAJASTHAN, 8, DAUSA, 88, LAWAN, 262601, PYARIWAS, 37118, 1120621, Total, 0, 0, 0, 0, 156613, 1292130, 1870195, 3318938
2015, RAJASTHAN, 8, DAUSA, 88, LAWAN, 262601, RAJWAS, 37119, 1120642, Administrative & Technical Support, 0, 0, 0, 0, 37726, 4860, 122299, 164885
2015, RAJASTHAN, 8, DAUSA, 88, LAWAN, 262601, RAJWAS, 37119, 1120642, Drinking water, 0, 0, 0, 0, 0, 100000, 70000, 170000
2015, RAJASTHAN, 8, DAUSA, 88, LAWAN, 262601, RAJWAS, 37119, 1120642, Roads, 0, 0, 0, 0, 235000, 431000, 1952000, 2618000
2015, RAJASTHAN, 8, DAUSA, 88, LAWAN, 262601, RAJWAS, 37119, 1120642, Sanitation, 0, 0, 0, 0, 0, 231000, 500000, 731000
2015, RAJASTHAN, 8, DAUSA, 88, LAWAN, 262601, RAJWAS, 37119, 1120642, Total, 0, 0, 0, 0, 272726, 766860, 2644299, 3683885
2015, RAJASTHAN, 8, DAUSA, 88, LAWAN, 262601, SHYALAWAS, 37122, 1120674, Administrative & Technical Support, 0, 0, 0, 0, 53051, 0, 0, 53051
2015, RAJASTHAN, 8, DAUSA, 88, LAWAN, 262601, SHYALAWAS, 37122, 1120674, Roads, 0, 0, 0, 0, 250000, 1450000, 1750000, 3450000
2015, RAJASTHAN, 8, DAUSA, 88, LAWAN, 262601, SHYALAWAS, 37122, 1120674, Total, 0, 0, 0, 0, 303051, 1450000, 1750000, 3503051
2015, RAJASTHAN, 8, DAUSA, 88, LAWAN, 262601, SINGWARA, 37124, 1120700, Administrative & Technical Support, 0, 0, 0, 0, 50034, 28258, 44536, 122828
2015, RAJASTHAN, 8, DAUSA, 88, LAWAN, 262601, SINGWARA, 37124, 1120700, Roads, 0, 0, 0, 0, 402500, 60000, 483000, 945500
2015, RAJASTHAN, 8, DAUSA, 88, LAWAN, 262601, SINGWARA, 37124, 1120700, Sanitation, 0, 0, 0, 0, 0, 0, 1560600, 1560600
2015, RAJASTHAN, 8, DAUSA, 88, LAWAN, 262601, SINGWARA, 37124, 1120700, Total, 0, 0, 0, 0, 452534, 88258, 2088136, 2628928
2015, RAJASTHAN, 8, DAUSA, 88, LAWAN, 262601, THOOMRI, 37126, 1120756, Administrative & Technical Support, 0, 0, 0, 0, 32149, 0, 0, 32149
2015, RAJASTHAN, 8, DAUSA, 88, LAWAN, 262601, THOOMRI, 37126, 1120756, Drinking water, 0, 0, 0, 0, 0, 220000, 0, 220000
2015, RAJASTHAN, 8, DAUSA, 88, LAWAN, 262601, THOOMRI, 37126, 1120756, Health, 0, 0, 0, 0, 0, 0, 125000, 125000
2015, RAJASTHAN, 8, DAUSA, 88, LAWAN, 262601, THOOMRI, 37126, 1120756, Maintenance of community system, 0, 0, 0, 0, 49000, 1000, 0, 50000
2015, RAJASTHAN, 8, DAUSA, 88, LAWAN, 262601, THOOMRI, 37126, 1120756, Roads, 0, 0, 0, 0, 0, 800000, 1249000, 2049000
2015, RAJASTHAN, 8, DAUSA, 88, LAWAN, 262601, THOOMRI, 37126, 1120756, Rural housing, 0, 0, 0, 0, 0, 100000, 0, 100000
2015, RAJASTHAN, 8, DAUSA, 88, LAWAN, 262601, THOOMRI, 37126, 1120756, Total, 0, 0, 0, 0, 254149, 1310000, 1374000, 2938149
2015, RAJASTHAN, 8, DAUSA, 88, LAWAN, 262601, THOOMRI, 37126, 1120756, Women and child development, 0, 0, 0, 0, 173000, 189000, 0, 362000
2015, RAJASTHAN, 8, DAUSA, 88, MAHWA, 1246, AUND MEENA, 37175, 1238005, Roads, 0, 0, 0, 0, 0, 0, 435718, 435718
2015, RAJASTHAN, 8, DAUSA, 88, MAHWA, 1246, AUND MEENA, 37175, 1238005, Total, 0, 0, 0, 0, 0, 0, 435718, 435718
2015, RAJASTHAN, 8, DAUSA, 88, MAHWA, 1246, BALAHERI, 37179, 1191760, Roads, 0, 0, 0, 0, 0, 0, 3820910, 3820910
2015, RAJASTHAN, 8, DAUSA, 88, MAHWA, 1246, BALAHERI, 37179, 1191760, Total, 0, 0, 0, 0, 0, 0, 3820910, 3820910
2015, RAJASTHAN, 8, DAUSA, 88, MAHWA, 1246, BANAWAR, 37176, 1194157, Drinking water, 0, 0, 0, 0, 0, 0, 58300, 58300
2015, RAJASTHAN, 8, DAUSA, 88, MAHWA, 1246, BANAWAR, 37176, 1194157, Roads, 0, 0, 0, 0, 0, 0, 2452980, 2452980
2015, RAJASTHAN, 8, DAUSA, 88, MAHWA, 1246, BANAWAR, 37176, 1194157, Sanitation, 0, 0, 0, 0, 0, 0, 1099696, 1099696
2015, RAJASTHAN, 8, DAUSA, 88, MAHWA, 1246, BANAWAR, 37176, 1194157, Total, 0, 0, 0, 0, 0, 0, 3610976, 3610976
2015, RAJASTHAN, 8, DAUSA, 88, MAHWA, 1246, BARAGAON, 37178, 1191579, Roads, 0, 0, 0, 0, 0, 0, 3629853, 3629853
2015, RAJASTHAN, 8, DAUSA, 88, MAHWA, 1246, BARAGAON, 37178, 1191579, Sanitation, 0, 0, 0, 0, 0, 0, 107416, 107416
2015, RAJASTHAN, 8, DAUSA, 88, MAHWA, 1246, BARAGAON, 37178, 1191579, Total, 0, 0, 0, 0, 0, 0, 3737269, 3737269
2015, RAJASTHAN, 8, DAUSA, 88, MAHWA, 1246, DHAND, 37181, 1227816, Roads, 0, 0, 0, 0, 0, 0, 5139459, 5139459
2015, RAJASTHAN, 8, DAUSA, 88, MAHWA, 1246, DHAND, 37181, 1227816, Sanitation, 0, 0, 0, 0, 0, 0, 762000, 762000
2015, RAJASTHAN, 8, DAUSA, 88, MAHWA, 1246, DHAND, 37181, 1227816, Total, 0, 0, 0, 0, 0, 0, 5901459, 5901459
2015, RAJASTHAN, 8, DAUSA, 88, MAHWA, 1246, DHOLKHERA, 37180, 1191963, Drinking water, 0, 0, 0, 0, 0, 0, 289000, 289000
2015, RAJASTHAN, 8, DAUSA, 88, MAHWA, 1246, DHOLKHERA, 37180, 1191963, Roads, 0, 0, 0, 0, 0, 0, 1441493, 1441493
2015, RAJASTHAN, 8, DAUSA, 88, MAHWA, 1246, DHOLKHERA, 37180, 1191963, Sanitation, 0, 0, 0, 0, 0, 0, 4192682, 4192682
2015, RAJASTHAN, 8, DAUSA, 88, MAHWA, 1246, DHOLKHERA, 37180, 1191963, Total, 0, 0, 0, 0, 0, 0, 5923175, 5923175
2015, RAJASTHAN, 8, DAUSA, 88, MAHWA, 1246, GAGWANA, 37182, 1192344, Roads, 0, 0, 0, 0, 0, 0, 515703, 515703
2015, RAJASTHAN, 8, DAUSA, 88, MAHWA, 1246, GAGWANA, 37182, 1192344, Sanitation, 0, 0, 0, 0, 0, 0, 4883111, 4883111
2015, RAJASTHAN, 8, DAUSA, 88, MAHWA, 1246, GAGWANA, 37182, 1192344, Total, 0, 0, 0, 0, 0, 0, 5398814, 5398814
2015, RAJASTHAN, 8, DAUSA, 88, MAHWA, 1246, GAHNOLI, 37183, 1194183, Drinking water, 0, 0, 0, 0, 0, 0, 245400, 245400
2015, RAJASTHAN, 8, DAUSA, 88, MAHWA, 1246, GAHNOLI, 37183, 1194183, Maintenance of community system, 0, 0, 0, 0, 0, 0, 465000, 465000
2015, RAJASTHAN, 8, DAUSA, 88, MAHWA, 1246, GAHNOLI, 37183, 1194183, Roads, 0, 0, 0, 0, 0, 0, 501209, 501209
2015, RAJASTHAN, 8, DAUSA, 88, MAHWA, 1246, GAHNOLI, 37183, 1194183, Sanitation, 0, 0, 0, 0, 0, 0, 4738811, 4738811
2015, RAJASTHAN, 8, DAUSA, 88, MAHWA, 1246, GAHNOLI, 37183, 1194183, Total, 0, 0, 0, 0, 0, 0, 5950420, 5950420
2015, RAJASTHAN, 8, DAUSA, 88, MAHWA, 1246, GARH HIMMAT SINGH, 37184, 1194187, Roads, 0, 0, 0, 0, 0, 0, 6400617, 6400617
2015, RAJASTHAN, 8, DAUSA, 88, MAHWA, 1246, GARH HIMMAT SINGH, 37184, 1194187, Sanitation, 0, 0, 0, 0, 0, 0, 1496145, 1496145
2015, RAJASTHAN, 8, DAUSA, 88, MAHWA, 1246, GARH HIMMAT SINGH, 37184, 1194187, Total, 0, 0, 0, 0, 0, 0, 7896762, 7896762
2015, RAJASTHAN, 8, DAUSA, 88, MAHWA, 1246, GAZIPUR, 37185, 1192479, Roads, 0, 0, 0, 0, 0, 0, 5566898, 5566898
2015, RAJASTHAN, 8, DAUSA, 88, MAHWA, 1246, GAZIPUR, 37185, 1192479, Total, 0, 0, 0, 0, 0, 0, 5566898, 5566898
2015, RAJASTHAN, 8, DAUSA, 88, MAHWA, 1246, HALDENA, 37186, 1192476, Drinking water, 0, 0, 0, 0, 0, 0, 81700, 81700
2015, RAJASTHAN, 8, DAUSA, 88, MAHWA, 1246, HALDENA, 37186, 1192476, Roads, 0, 0, 0, 0, 0, 0, 1608746, 1608746
2015, RAJASTHAN, 8, DAUSA, 88, MAHWA, 1246, HALDENA, 37186, 1192476, Total, 0, 0, 0, 0, 0, 0, 1690446, 1690446
2015, RAJASTHAN, 8, DAUSA, 88, MAHWA, 1246, HANDIYA, 37187, 1192473, Roads, 0, 0, 0, 0, 0, 0, 5036786, 5036786
2015, RAJASTHAN, 8, DAUSA, 88, MAHWA, 1246, HANDIYA, 37187, 1192473, Sanitation, 0, 0, 0, 0, 0, 0, 1571597, 1571597
2015, RAJASTHAN, 8, DAUSA, 88, MAHWA, 1246, HANDIYA, 37187, 1192473, Total, 0, 0, 0, 0, 0, 0, 6608383, 6608383
2015, RAJASTHAN, 8, DAUSA, 88, MAHWA, 1246, HURLA, 37188, 1192442, Drinking water, 0, 0, 0, 0, 0, 0, 245400, 245400
2015, RAJASTHAN, 8, DAUSA, 88, MAHWA, 1246, HURLA, 37188, 1192442, Roads, 0, 0, 0, 0, 0, 0, 3451288, 3451288
2015, RAJASTHAN, 8, DAUSA, 88, MAHWA, 1246, HURLA, 37188, 1192442, Sanitation, 0, 0, 0, 0, 0, 0, 158000, 158000
2015, RAJASTHAN, 8, DAUSA, 88, MAHWA, 1246, HURLA, 37188, 1192442, Total, 0, 0, 0, 0, 0, 0, 3854688, 3854688
2015, RAJASTHAN, 8, DAUSA, 88, MAHWA, 1246, JATWARA, 37189, 1192411, Drinking water, 0, 0, 0, 0, 0, 0, 294000, 294000
2015, RAJASTHAN, 8, DAUSA, 88, MAHWA, 1246, JATWARA, 37189, 1192411, Roads, 0, 0, 0, 0, 0, 0, 3976476, 3976476
2015, RAJASTHAN, 8, DAUSA, 88, MAHWA, 1246, JATWARA, 37189, 1192411, Total, 0, 0, 0, 0, 0, 0, 4270476, 4270476
2015, RAJASTHAN, 8, DAUSA, 88, MAHWA, 1246, KAMALPUR, 37190, 1192395, Roads, 0, 0, 0, 0, 0, 0, 2785059, 2785059
2015, RAJASTHAN, 8, DAUSA, 88, MAHWA, 1246, KAMALPUR, 37190, 1192395, Total, 0, 0, 0, 0, 0, 0, 2785059, 2785059
2015, RAJASTHAN, 8, DAUSA, 88, MAHWA, 1246, KESRA, 37191, 1192385, Roads, 0, 0, 0, 0, 0, 0, 3259063, 3259063
2015, RAJASTHAN, 8, DAUSA, 88, MAHWA, 1246, KESRA, 37191, 1192385, Sanitation, 0, 0, 0, 0, 0, 0, 81721, 81721
2015, RAJASTHAN, 8, DAUSA, 88, MAHWA, 1246, KESRA, 37191, 1192385, Total, 0, 0, 0, 0, 0, 0, 3340784, 3340784
2015, RAJASTHAN, 8, DAUSA, 88, MAHWA, 1246, KHERLA BUJURG, 37192, 1238031, Roads, 0, 0, 0, 0, 0, 0, 5420530, 5420530
2015, RAJASTHAN, 8, DAUSA, 88, MAHWA, 1246, KHERLA BUJURG, 37192, 1238031, Total, 0, 0, 0, 0, 0, 0, 5420530, 5420530
2015, RAJASTHAN, 8, DAUSA, 88, MAHWA, 1246, KHERLA GADALI, 37193, 1192373, Maintenance of community system, 0, 0, 0, 0, 0, 0, 565000, 565000
2015, RAJASTHAN, 8, DAUSA, 88, MAHWA, 1246, KHERLA GADALI, 37193, 1192373, Roads, 0, 0, 0, 0, 0, 0, 597094, 597094
2015, RAJASTHAN, 8, DAUSA, 88, MAHWA, 1246, KHERLA GADALI, 37193, 1192373, Sanitation, 0, 0, 0, 0, 0, 0, 328471, 328471
2015, RAJASTHAN, 8, DAUSA, 88, MAHWA, 1246, KHERLA GADALI, 37193, 1192373, Total, 0, 0, 0, 0, 0, 0, 1490565, 1490565
2015, RAJASTHAN, 8, DAUSA, 88, MAHWA, 1246, KHONCH PURI, 37194, 1237480, Roads, 0, 0, 0, 0, 0, 0, 5143872, 5143872
2015, RAJASTHAN, 8, DAUSA, 88, MAHWA, 1246, KHONCH PURI, 37194, 1237480, Total, 0, 0, 0, 0, 0, 0, 5143872, 5143872
2015, RAJASTHAN, 8, DAUSA, 88, MAHWA, 1246, KOT, 37195, 1192352, Roads, 0, 0, 0, 0, 0, 0, 3825735, 3825735
2015, RAJASTHAN, 8, DAUSA, 88, MAHWA, 1246, KOT, 37195, 1192352, Total, 0, 0, 0, 0, 0, 0, 3825735, 3825735
2015, RAJASTHAN, 8, DAUSA, 88, MAHWA, 1246, MAHWA, 244192, 1193779, Drinking water, 0, 0, 0, 0, 0, 0, 121600, 121600
2015, RAJASTHAN, 8, DAUSA, 88, MAHWA, 1246, MAHWA, 244192, 1193779, Roads, 0, 0, 0, 0, 0, 0, 33723462, 33723462
2015, RAJASTHAN, 8, DAUSA, 88, MAHWA, 1246, MAHWA, 244192, 1193779, Sanitation, 0, 0, 0, 0, 0, 0, 3049376, 3049376
2015, RAJASTHAN, 8, DAUSA, 88, MAHWA, 1246, MAHWA, 244192, 1193779, Total, 0, 0, 0, 0, 0, 0, 36894438, 36894438
2015, RAJASTHAN, 8, DAUSA, 88, MAHWA, 1246, MANDAWAR, 244191, 1193796, Roads, 0, 0, 0, 0, 0, 0, 17759699, 17759699
2015, RAJASTHAN, 8, DAUSA, 88, MAHWA, 1246, MANDAWAR, 244191, 1193796, Total, 0, 0, 0, 0, 0, 0, 17759699, 17759699
2015, RAJASTHAN, 8, DAUSA, 88, MAHWA, 1246, NAHIDA, 37196, 1191800, Drinking water, 0, 0, 0, 0, 0, 0, 311600, 311600
2015, RAJASTHAN, 8, DAUSA, 88, MAHWA, 1246, NAHIDA, 37196, 1191800, Roads, 0, 0, 0, 0, 0, 0, 3332457, 3332457
2015, RAJASTHAN, 8, DAUSA, 88, MAHWA, 1246, NAHIDA, 37196, 1191800, Sanitation, 0, 0, 0, 0, 0, 0, 280600, 280600
2015, RAJASTHAN, 8, DAUSA, 88, MAHWA, 1246, NAHIDA, 37196, 1191800, Total, 0, 0, 0, 0, 0, 0, 3924657, 3924657
2015, RAJASTHAN, 8, DAUSA, 88, MAHWA, 1246, NORANGWARA, 37197, 1193811, Drinking water, 0, 0, 0, 0, 0, 0, 662319, 662319
2015, RAJASTHAN, 8, DAUSA, 88, MAHWA, 1246, NORANGWARA, 37197, 1193811, Education, 0, 0, 0, 0, 0, 0, 54000, 54000
2015, RAJASTHAN, 8, DAUSA, 88, MAHWA, 1246, NORANGWARA, 37197, 1193811, Roads, 0, 0, 0, 0, 0, 0, 3642327, 3642327
2015, RAJASTHAN, 8, DAUSA, 88, MAHWA, 1246, NORANGWARA, 37197, 1193811, Sanitation, 0, 0, 0, 0, 0, 0, 400000, 400000
2015, RAJASTHAN, 8, DAUSA, 88, MAHWA, 1246, NORANGWARA, 37197, 1193811, Total, 0, 0, 0, 0, 0, 0, 4758646, 4758646
2015, RAJASTHAN, 8, DAUSA, 88, MAHWA, 1246, PAKHAR, 37198, 1193814, Roads, 0, 0, 0, 0, 0, 0, 3752550, 3752550
2015, RAJASTHAN, 8, DAUSA, 88, MAHWA, 1246, PAKHAR, 37198, 1193814, Total, 0, 0, 0, 0, 0, 0, 3752550, 3752550
2015, RAJASTHAN, 8, DAUSA, 88, MAHWA, 1246, PALANHERA, 37199, 1193824, Roads, 0, 0, 0, 0, 0, 0, 4149866, 4149866
2015, RAJASTHAN, 8, DAUSA, 88, MAHWA, 1246, PALANHERA, 37199, 1193824, Sanitation, 0, 0, 0, 0, 0, 0, 139106, 139106
2015, RAJASTHAN, 8, DAUSA, 88, MAHWA, 1246, PALANHERA, 37199, 1193824, Total, 0, 0, 0, 0, 0, 0, 4288972, 4288972
2015, RAJASTHAN, 8, DAUSA, 88, MAHWA, 1246, PALI, 37200, 1193847, Roads, 0, 0, 0, 0, 0, 0, 3766221, 3766221
2015, RAJASTHAN, 8, DAUSA, 88, MAHWA, 1246, PALI, 37200, 1193847, Total, 0, 0, 0, 0, 0, 0, 3766221, 3766221
2015, RAJASTHAN, 8, DAUSA, 88, MAHWA, 1246, PAOTA, 37201, 1194384, Maintenance of community system, 0, 0, 0, 0, 0, 0, 119800, 119800
2015, RAJASTHAN, 8, DAUSA, 88, MAHWA, 1246, PAOTA, 37201, 1194384, Roads, 0, 0, 0, 0, 0, 0, 5050614, 5050614
2015, RAJASTHAN, 8, DAUSA, 88, MAHWA, 1246, PAOTA, 37201, 1194384, Total, 0, 0, 0, 0, 0, 0, 5170414, 5170414
2015, RAJASTHAN, 8, DAUSA, 88, MAHWA, 1246, PATOLI, 244595, 1194281, Roads, 0, 0, 0, 0, 0, 0, 2477882, 2477882
2015, RAJASTHAN, 8, DAUSA, 88, MAHWA, 1246, PATOLI, 244595, 1194281, Total, 0, 0, 0, 0, 0, 0, 2477882, 2477882
2015, RAJASTHAN, 8, DAUSA, 88, MAHWA, 1246, RAMGARH, 37203, 1194331, Roads, 0, 0, 0, 0, 0, 0, 4793221, 4793221
2015, RAJASTHAN, 8, DAUSA, 88, MAHWA, 1246, RAMGARH, 37203, 1194331, Sanitation, 0, 0, 0, 0, 0, 0, 503490, 503490
2015, RAJASTHAN, 8, DAUSA, 88, MAHWA, 1246, RAMGARH, 37203, 1194331, Total, 0, 0, 0, 0, 0, 0, 5296711, 5296711
2015, RAJASTHAN, 8, DAUSA, 88, MAHWA, 1246, RASEEDPUR, 37204, 1282399, Roads, 0, 0, 0, 0, 0, 0, 2328213, 2328213
2015, RAJASTHAN, 8, DAUSA, 88, MAHWA, 1246, RASEEDPUR, 37204, 1282399, Sanitation, 0, 0, 0, 0, 0, 0, 1813586, 1813586
2015, RAJASTHAN, 8, DAUSA, 88, MAHWA, 1246, RASEEDPUR, 37204, 1282399, Total, 0, 0, 0, 0, 0, 0, 4141799, 4141799
2015, RAJASTHAN, 8, DAUSA, 88, MAHWA, 1246, REENDLI, 37205, 1237511, Roads, 0, 0, 0, 0, 0, 0, 2867090, 2867090
2015, RAJASTHAN, 8, DAUSA, 88, MAHWA, 1246, REENDLI, 37205, 1237511, Total, 0, 0, 0, 0, 0, 0, 2867090, 2867090
2015, RAJASTHAN, 8, DAUSA, 88, MAHWA, 1246, SAIPUR, 244596, 1237810, Roads, 0, 0, 0, 0, 0, 0, 3817693, 3817693
2015, RAJASTHAN, 8, DAUSA, 88, MAHWA, 1246, SAIPUR, 244596, 1237810, Total, 0, 0, 0, 0, 0, 0, 3817693, 3817693
2015, RAJASTHAN, 8, DAUSA, 88, MAHWA, 1246, SALEMPUR, 37206, 1237858, Drinking water, 0, 0, 0, 0, 0, 0, 163600, 163600
2015, RAJASTHAN, 8, DAUSA, 88, MAHWA, 1246, SALEMPUR, 37206, 1237858, Roads, 0, 0, 0, 0, 0, 0, 3762213, 3762213
2015, RAJASTHAN, 8, DAUSA, 88, MAHWA, 1246, SALEMPUR, 37206, 1237858, Total, 0, 0, 0, 0, 0, 0, 3925813, 3925813
2015, RAJASTHAN, 8, DAUSA, 88, MAHWA, 1246, SALIMPUR, 37207, 1237913, Drinking water, 0, 0, 0, 0, 0, 0, 132300, 132300
2015, RAJASTHAN, 8, DAUSA, 88, MAHWA, 1246, SALIMPUR, 37207, 1237913, Roads, 0, 0, 0, 0, 0, 0, 3905809, 3905809
2015, RAJASTHAN, 8, DAUSA, 88, MAHWA, 1246, SALIMPUR, 37207, 1237913, Sanitation, 0, 0, 0, 0, 0, 0, 20500, 20500
2015, RAJASTHAN, 8, DAUSA, 88, MAHWA, 1246, SALIMPUR, 37207, 1237913, Total, 0, 0, 0, 0, 0, 0, 4058609, 4058609
2015, RAJASTHAN, 8, DAUSA, 88, MAHWA, 1246, SAMLETI, 37208, 1237960, Roads, 0, 0, 0, 0, 0, 0, 4461080, 4461080
2015, RAJASTHAN, 8, DAUSA, 88, MAHWA, 1246, SAMLETI, 37208, 1237960, Total, 0, 0, 0, 0, 0, 0, 4461080, 4461080
2015, RAJASTHAN, 8, DAUSA, 88, MAHWA, 1246, SANTHA, 37209, 1194709, Drinking water, 0, 0, 0, 0, 0, 0, 265522, 265522
2015, RAJASTHAN, 8, DAUSA, 88, MAHWA, 1246, SANTHA, 37209, 1194709, Maintenance of community system, 0, 0, 0, 0, 0, 0, 513418, 513418
2015, RAJASTHAN, 8, DAUSA, 88, MAHWA, 1246, SANTHA, 37209, 1194709, Roads, 0, 0, 0, 0, 0, 0, 4682558, 4682558
2015, RAJASTHAN, 8, DAUSA, 88, MAHWA, 1246, SANTHA, 37209, 1194709, Sanitation, 0, 0, 0, 0, 0, 0, 163306, 163306
2015, RAJASTHAN, 8, DAUSA, 88, MAHWA, 1246, SANTHA, 37209, 1194709, Total, 0, 0, 0, 0, 0, 0, 5624804, 5624804
2015, RAJASTHAN, 8, DAUSA, 88, MAHWA, 1246, SHAHADPUR, 262256, 1194707, Roads, 0, 0, 0, 0, 0, 0, 3745477, 3745477
2015, RAJASTHAN, 8, DAUSA, 88, MAHWA, 1246, SHAHADPUR, 262256, 1194707, Sanitation, 0, 0, 0, 0, 0, 0, 155053, 155053
2015, RAJASTHAN, 8, DAUSA, 88, MAHWA, 1246, SHAHADPUR, 262256, 1194707, Total, 0, 0, 0, 0, 0, 0, 3900530, 3900530
2015, RAJASTHAN, 8, DAUSA, 88, MAHWA, 1246, TALCHIRI, 37210, 1193918, Roads, 0, 0, 0, 0, 0, 0, 2301577, 2301577
2015, RAJASTHAN, 8, DAUSA, 88, MAHWA, 1246, TALCHIRI, 37210, 1193918, Total, 0, 0, 0, 0, 0, 0, 2301577, 2301577
2015, RAJASTHAN, 8, DAUSA, 88, MAHWA, 1246, TEEKRI KILANOT, 37202, 1194703, Drinking water, 0, 0, 0, 0, 0, 0, 58300, 58300
2015, RAJASTHAN, 8, DAUSA, 88, MAHWA, 1246, TEEKRI KILANOT, 37202, 1194703, Roads, 0, 0, 0, 0, 0, 0, 2760841, 2760841
2015, RAJASTHAN, 8, DAUSA, 88, MAHWA, 1246, TEEKRI KILANOT, 37202, 1194703, Sanitation, 0, 0, 0, 0, 0, 0, 57600, 57600
2015, RAJASTHAN, 8, DAUSA, 88, MAHWA, 1246, TEEKRI KILANOT, 37202, 1194703, Total, 0, 0, 0, 0, 0, 0, 2876741, 2876741
2015, RAJASTHAN, 8, DAUSA, 88, MAHWA, 1246, TEKRA, 37211, 1193882, Roads, 0, 0, 0, 0, 0, 0, 4422475, 4422475
2015, RAJASTHAN, 8, DAUSA, 88, MAHWA, 1246, TEKRA, 37211, 1193882, Total, 0, 0, 0, 0, 0, 0, 4422475, 4422475
2015, RAJASTHAN, 8, DAUSA, 88, MAHWA, 1246, TUDIYANA, 37212, 1193877, Roads, 0, 0, 0, 0, 0, 0, 3171895, 3171895
2015, RAJASTHAN, 8, DAUSA, 88, MAHWA, 1246, TUDIYANA, 37212, 1193877, Sanitation, 0, 0, 0, 0, 0, 0, 998053, 998053
2015, RAJASTHAN, 8, DAUSA, 88, MAHWA, 1246, TUDIYANA, 37212, 1193877, Total, 0, 0, 0, 0, 0, 0, 4169948, 4169948
2015, RAJASTHAN, 8, DAUSA, 88, MAHWA, 1246, UKRUNDH, 37213, 1193875, Roads, 0, 0, 0, 0, 0, 0, 4334009, 4334009
2015, RAJASTHAN, 8, DAUSA, 88, MAHWA, 1246, UKRUNDH, 37213, 1193875, Total, 0, 0, 0, 0, 0, 0, 4334009, 4334009
2015, RAJASTHAN, 8, DAUSA, 88, MAHWA, 1246, WARABUJURG, 37177, 1193873, Roads, 0, 0, 0, 0, 0, 0, 5727744, 5727744
2015, RAJASTHAN, 8, DAUSA, 88, MAHWA, 1246, WARABUJURG, 37177, 1193873, Total, 0, 0, 0, 0, 0, 0, 5727744, 5727744
2015, RAJASTHAN, 8, DAUSA, 88, SIKRAI, 1247, ACHALPURA, 37214, 1116782, Drinking water, 0, 0, 0, 0, 0, 0, 650000, 650000
2015, RAJASTHAN, 8, DAUSA, 88, SIKRAI, 1247, ACHALPURA, 37214, 1116782, Roads, 0, 0, 0, 0, 0, 0, 3409753, 3409753
2015, RAJASTHAN, 8, DAUSA, 88, SIKRAI, 1247, ACHALPURA, 37214, 1116782, Total, 0, 0, 0, 0, 0, 0, 4059753, 4059753
2015, RAJASTHAN, 8, DAUSA, 88, SIKRAI, 1247, BAIRWANDA, 37215, 1118988, Administrative & Technical Support, 0, 0, 0, 0, 0, 0, 200000, 200000
2015, RAJASTHAN, 8, DAUSA, 88, SIKRAI, 1247, BAIRWANDA, 37215, 1118988, Drinking water, 0, 0, 0, 0, 0, 0, 885000, 885000
2015, RAJASTHAN, 8, DAUSA, 88, SIKRAI, 1247, BAIRWANDA, 37215, 1118988, Roads, 0, 0, 0, 0, 0, 0, 4760702, 4760702
2015, RAJASTHAN, 8, DAUSA, 88, SIKRAI, 1247, BAIRWANDA, 37215, 1118988, Total, 0, 0, 0, 0, 0, 0, 5845702, 5845702
2015, RAJASTHAN, 8, DAUSA, 88, SIKRAI, 1247, BAWANPARA, 37216, 1175387, Drinking water, 0, 0, 0, 0, 0, 0, 956766, 956766
2015, RAJASTHAN, 8, DAUSA, 88, SIKRAI, 1247, BAWANPARA, 37216, 1175387, Roads, 0, 0, 0, 0, 0, 0, 1474938, 1474938
2015, RAJASTHAN, 8, DAUSA, 88, SIKRAI, 1247, BAWANPARA, 37216, 1175387, Total, 0, 0, 0, 0, 0, 0, 2431704, 2431704
2015, RAJASTHAN, 8, DAUSA, 88, SIKRAI, 1247, BRAHMANBAIRADA, 37217, 1120387, Drinking water, 0, 0, 0, 0, 0, 0, 337030, 337030
2015, RAJASTHAN, 8, DAUSA, 88, SIKRAI, 1247, BRAHMANBAIRADA, 37217, 1120387, Maintenance of community system, 0, 0, 0, 0, 0, 0, 62030, 62030
2015, RAJASTHAN, 8, DAUSA, 88, SIKRAI, 1247, BRAHMANBAIRADA, 37217, 1120387, Roads, 0, 0, 0, 0, 0, 0, 4219045, 4219045
2015, RAJASTHAN, 8, DAUSA, 88, SIKRAI, 1247, BRAHMANBAIRADA, 37217, 1120387, Total, 0, 0, 0, 0, 0, 0, 4618105, 4618105
2015, RAJASTHAN, 8, DAUSA, 88, SIKRAI, 1247, CHANDERA, 37218, 1175955, Drinking water, 0, 0, 0, 0, 0, 0, 1000679, 1000679
2015, RAJASTHAN, 8, DAUSA, 88, SIKRAI, 1247, CHANDERA, 37218, 1175955, Maintenance of community system, 0, 0, 0, 0, 0, 0, 100000, 100000
2015, RAJASTHAN, 8, DAUSA, 88, SIKRAI, 1247, CHANDERA, 37218, 1175955, Roads, 0, 0, 0, 0, 0, 0, 1457771, 1457771
2015, RAJASTHAN, 8, DAUSA, 88, SIKRAI, 1247, CHANDERA, 37218, 1175955, Total, 0, 0, 0, 0, 0, 0, 2558450, 2558450
2015, RAJASTHAN, 8, DAUSA, 88, SIKRAI, 1247, CHHOKARWARA, 37219, 1176001, Drinking water, 0, 0, 0, 0, 0, 0, 499205, 499205
2015, RAJASTHAN, 8, DAUSA, 88, SIKRAI, 1247, CHHOKARWARA, 37219, 1176001, Roads, 0, 0, 0, 0, 0, 0, 2676596, 2676596
2015, RAJASTHAN, 8, DAUSA, 88, SIKRAI, 1247, CHHOKARWARA, 37219, 1176001, Total, 0, 0, 0, 0, 0, 0, 3175801, 3175801
2015, RAJASTHAN, 8, DAUSA, 88, SIKRAI, 1247, DENDABASERI, 37220, 1116870, Drinking water, 0, 0, 0, 0, 0, 0, 1356856, 1356856
2015, RAJASTHAN, 8, DAUSA, 88, SIKRAI, 1247, DENDABASERI, 37220, 1116870, Maintenance of community system, 0, 0, 0, 0, 0, 0, 408324, 408324
2015, RAJASTHAN, 8, DAUSA, 88, SIKRAI, 1247, DENDABASERI, 37220, 1116870, Roads, 0, 0, 0, 0, 0, 0, 833700, 833700
2015, RAJASTHAN, 8, DAUSA, 88, SIKRAI, 1247, DENDABASERI, 37220, 1116870, Total, 0, 0, 0, 0, 0, 0, 2598880, 2598880
2015, RAJASTHAN, 8, DAUSA, 88, SIKRAI, 1247, DOLIKA, 37221, 1176067, Drinking water, 0, 0, 0, 0, 0, 0, 260000, 260000
2015, RAJASTHAN, 8, DAUSA, 88, SIKRAI, 1247, DOLIKA, 37221, 1176067, Maintenance of community system, 0, 0, 0, 0, 0, 0, 19478, 19478
2015, RAJASTHAN, 8, DAUSA, 88, SIKRAI, 1247, DOLIKA, 37221, 1176067, Roads, 0, 0, 0, 0, 0, 0, 2922000, 2922000
2015, RAJASTHAN, 8, DAUSA, 88, SIKRAI, 1247, DOLIKA, 37221, 1176067, Total, 0, 0, 0, 0, 0, 0, 3201478, 3201478
2015, RAJASTHAN, 8, DAUSA, 88, SIKRAI, 1247, DUBBI, 37222, 1189781, Drinking water, 0, 0, 0, 0, 0, 0, 342498, 342498
2015, RAJASTHAN, 8, DAUSA, 88, SIKRAI, 1247, DUBBI, 37222, 1189781, Maintenance of community system, 0, 0, 0, 0, 0, 0, 756, 756
2015, RAJASTHAN, 8, DAUSA, 88, SIKRAI, 1247, DUBBI, 37222, 1189781, Roads, 0, 0, 0, 0, 0, 0, 2490000, 2490000
2015, RAJASTHAN, 8, DAUSA, 88, SIKRAI, 1247, DUBBI, 37222, 1189781, Total, 0, 0, 0, 0, 0, 0, 2833254, 2833254
2015, RAJASTHAN, 8, DAUSA, 88, SIKRAI, 1247, FRASHPURA, 37223, 1191304, Administrative & Technical Support, 0, 0, 0, 0, 0, 0, 97226, 97226
2015, RAJASTHAN, 8, DAUSA, 88, SIKRAI, 1247, FRASHPURA, 37223, 1191304, Drinking water, 0, 0, 0, 0, 0, 0, 1397958, 1397958
2015, RAJASTHAN, 8, DAUSA, 88, SIKRAI, 1247, FRASHPURA, 37223, 1191304, Roads, 0, 0, 0, 0, 0, 0, 1750000, 1750000
2015, RAJASTHAN, 8, DAUSA, 88, SIKRAI, 1247, FRASHPURA, 37223, 1191304, Total, 0, 0, 0, 0, 0, 0, 3245184, 3245184
2015, RAJASTHAN, 8, DAUSA, 88, SIKRAI, 1247, GANDRAWA, 37224, 1189694, Drinking water, 0, 0, 0, 0, 0, 0, 354855, 354855
2015, RAJASTHAN, 8, DAUSA, 88, SIKRAI, 1247, GANDRAWA, 37224, 1189694, Maintenance of community system, 0, 0, 0, 0, 0, 0, 18861, 18861
2015, RAJASTHAN, 8, DAUSA, 88, SIKRAI, 1247, GANDRAWA, 37224, 1189694, Roads, 0, 0, 0, 0, 0, 0, 4315958, 4315958
2015, RAJASTHAN, 8, DAUSA, 88, SIKRAI, 1247, GANDRAWA, 37224, 1189694, Total, 0, 0, 0, 0, 0, 0, 4689674, 4689674
2015, RAJASTHAN, 8, DAUSA, 88, SIKRAI, 1247, GANGADWARI, 37225, 1120555, Drinking water, 0, 0, 0, 0, 0, 0, 698770, 698770
2015, RAJASTHAN, 8, DAUSA, 88, SIKRAI, 1247, GANGADWARI, 37225, 1120555, Maintenance of community system, 0, 0, 0, 0, 0, 0, 20981, 20981
2015, RAJASTHAN, 8, DAUSA, 88, SIKRAI, 1247, GANGADWARI, 37225, 1120555, Roads, 0, 0, 0, 0, 0, 0, 2467000, 2467000
2015, RAJASTHAN, 8, DAUSA, 88, SIKRAI, 1247, GANGADWARI, 37225, 1120555, Total, 0, 0, 0, 0, 0, 0, 3186751, 3186751
2015, RAJASTHAN, 8, DAUSA, 88, SIKRAI, 1247, GEEJGARH, 37226, 1190637, Drinking water, 0, 0, 0, 0, 0, 0, 1255000, 1255000
2015, RAJASTHAN, 8, DAUSA, 88, SIKRAI, 1247, GEEJGARH, 37226, 1190637, Roads, 0, 0, 0, 0, 0, 0, 3950000, 3950000
2015, RAJASTHAN, 8, DAUSA, 88, SIKRAI, 1247, GEEJGARH, 37226, 1190637, Rural electrification, 0, 0, 0, 0, 0, 0, 1500000, 1500000
2015, RAJASTHAN, 8, DAUSA, 88, SIKRAI, 1247, GEEJGARH, 37226, 1190637, Total, 0, 0, 0, 0, 0, 0, 6705000, 6705000
2015, RAJASTHAN, 8, DAUSA, 88, SIKRAI, 1247, GHOOMANA, 37227, 1183196, Drinking water, 0, 0, 0, 0, 0, 0, 135000, 135000
2015, RAJASTHAN, 8, DAUSA, 88, SIKRAI, 1247, GHOOMANA, 37227, 1183196, Maintenance of community system, 0, 0, 0, 0, 0, 0, 282999, 282999
2015, RAJASTHAN, 8, DAUSA, 88, SIKRAI, 1247, GHOOMANA, 37227, 1183196, Roads, 0, 0, 0, 0, 0, 0, 2205132, 2205132
2015, RAJASTHAN, 8, DAUSA, 88, SIKRAI, 1247, GHOOMANA, 37227, 1183196, Total, 0, 0, 0, 0, 0, 0, 2623131, 2623131
2015, RAJASTHAN, 8, DAUSA, 88, SIKRAI, 1247, GUMANPURA, 37228, 1183735, Drinking water, 0, 0, 0, 0, 0, 0, 1093217, 1093217
2015, RAJASTHAN, 8, DAUSA, 88, SIKRAI, 1247, GUMANPURA, 37228, 1183735, Maintenance of community system, 0, 0, 0, 0, 0, 0, 6087, 6087
2015, RAJASTHAN, 8, DAUSA, 88, SIKRAI, 1247, GUMANPURA, 37228, 1183735, Roads, 0, 0, 0, 0, 0, 0, 1481000, 1481000
2015, RAJASTHAN, 8, DAUSA, 88, SIKRAI, 1247, GUMANPURA, 37228, 1183735, Total, 0, 0, 0, 0, 0, 0, 2580304, 2580304
2015, RAJASTHAN, 8, DAUSA, 88, SIKRAI, 1247, HEENGWA, 37229, 1182552, Drinking water, 0, 0, 0, 0, 0, 0, 1266684, 1266684
2015, RAJASTHAN, 8, DAUSA, 88, SIKRAI, 1247, HEENGWA, 37229, 1182552, Fuel and fodder, 0, 0, 0, 0, 0, 0, 49000, 49000
2015, RAJASTHAN, 8, DAUSA, 88, SIKRAI, 1247, HEENGWA, 37229, 1182552, Maintenance of community system, 0, 0, 0, 0, 0, 0, 200000, 200000
2015, RAJASTHAN, 8, DAUSA, 88, SIKRAI, 1247, HEENGWA, 37229, 1182552, Roads, 0, 0, 0, 0, 0, 0, 1246000, 1246000
2015, RAJASTHAN, 8, DAUSA, 88, SIKRAI, 1247, HEENGWA, 37229, 1182552, Total, 0, 0, 0, 0, 0, 0, 2761684, 2761684
2015, RAJASTHAN, 8, DAUSA, 88, SIKRAI, 1247, JAISINGHPURA, 37230, 1182544, Drinking water, 0, 0, 0, 0, 0, 0, 370000, 370000
2015, RAJASTHAN, 8, DAUSA, 88, SIKRAI, 1247, JAISINGHPURA, 37230, 1182544, Fuel and fodder, 0, 0, 0, 0, 0, 0, 585000, 585000
2015, RAJASTHAN, 8, DAUSA, 88, SIKRAI, 1247, JAISINGHPURA, 37230, 1182544, Roads, 0, 0, 0, 0, 0, 0, 1574496, 1574496
2015, RAJASTHAN, 8, DAUSA, 88, SIKRAI, 1247, JAISINGHPURA, 37230, 1182544, Total, 0, 0, 0, 0, 0, 0, 2529496, 2529496
2015, RAJASTHAN, 8, DAUSA, 88, SIKRAI, 1247, KAILAI, 37231, 1182529, Drinking water, 0, 0, 0, 0, 0, 0, 575000, 575000
2015, RAJASTHAN, 8, DAUSA, 88, SIKRAI, 1247, KAILAI, 37231, 1182529, Roads, 0, 0, 0, 0, 0, 0, 3304471, 3304471
2015, RAJASTHAN, 8, DAUSA, 88, SIKRAI, 1247, KAILAI, 37231, 1182529, Total, 0, 0, 0, 0, 0, 0, 3879471, 3879471
2015, RAJASTHAN, 8, DAUSA, 88, SIKRAI, 1247, KALAKHO, 37232, 1182522, Drinking water, 0, 0, 0, 0, 0, 0, 1400181, 1400181
2015, RAJASTHAN, 8, DAUSA, 88, SIKRAI, 1247, KALAKHO, 37232, 1182522, Roads, 0, 0, 0, 0, 0, 0, 2413185, 2413185
2015, RAJASTHAN, 8, DAUSA, 88, SIKRAI, 1247, KALAKHO, 37232, 1182522, Total, 0, 0, 0, 0, 0, 0, 3813366, 3813366
2015, RAJASTHAN, 8, DAUSA, 88, SIKRAI, 1247, KALWAN, 37233, 1182514, Drinking water, 0, 0, 0, 0, 0, 0, 1145000, 1145000
2015, RAJASTHAN, 8, DAUSA, 88, SIKRAI, 1247, KALWAN, 37233, 1182514, Maintenance of community system, 0, 0, 0, 0, 0, 0, 34500, 34500
2015, RAJASTHAN, 8, DAUSA, 88, SIKRAI, 1247, KALWAN, 37233, 1182514, Roads, 0, 0, 0, 0, 0, 0, 2238323, 2238323
2015, RAJASTHAN, 8, DAUSA, 88, SIKRAI, 1247, KALWAN, 37233, 1182514, Total, 0, 0, 0, 0, 0, 0, 3417823, 3417823
2015, RAJASTHAN, 8, DAUSA, 88, SIKRAI, 1247, KARORI, 37234, 1182506, Drinking water, 0, 0, 0, 0, 0, 0, 544801, 544801
2015, RAJASTHAN, 8, DAUSA, 88, SIKRAI, 1247, KARORI, 37234, 1182506, Roads, 0, 0, 0, 0, 0, 0, 1912033, 1912033
2015, RAJASTHAN, 8, DAUSA, 88, SIKRAI, 1247, KARORI, 37234, 1182506, Total, 0, 0, 0, 0, 0, 0, 2456834, 2456834
2015, RAJASTHAN, 8, DAUSA, 88, SIKRAI, 1247, KUNDERADOONGAR, 37235, 1182500, Drinking water, 0, 0, 0, 0, 0, 0, 1780000, 1780000
2015, RAJASTHAN, 8, DAUSA, 88, SIKRAI, 1247, KUNDERADOONGAR, 37235, 1182500, Maintenance of community system, 0, 0, 0, 0, 0, 0, 829208, 829208
2015, RAJASTHAN, 8, DAUSA, 88, SIKRAI, 1247, KUNDERADOONGAR, 37235, 1182500, Roads, 0, 0, 0, 0, 0, 0, 1670173, 1670173
2015, RAJASTHAN, 8, DAUSA, 88, SIKRAI, 1247, KUNDERADOONGAR, 37235, 1182500, Total, 0, 0, 0, 0, 0, 0, 4279381, 4279381
2015, RAJASTHAN, 8, DAUSA, 88, SIKRAI, 1247, LAKA, 37236, 1182487, Drinking water, 0, 0, 0, 0, 0, 0, 383000, 383000
2015, RAJASTHAN, 8, DAUSA, 88, SIKRAI, 1247, LAKA, 37236, 1182487, Roads, 0, 0, 0, 0, 0, 0, 2801542, 2801542
2015, RAJASTHAN, 8, DAUSA, 88, SIKRAI, 1247, LAKA, 37236, 1182487, Total, 0, 0, 0, 0, 0, 0, 3184542, 3184542
2015, RAJASTHAN, 8, DAUSA, 88, SIKRAI, 1247, MANPUR, 37237, 1182478, Drinking water, 0, 0, 0, 0, 0, 0, 1737030, 1737030
2015, RAJASTHAN, 8, DAUSA, 88, SIKRAI, 1247, MANPUR, 37237, 1182478, Roads, 0, 0, 0, 0, 0, 0, 2037000, 2037000
2015, RAJASTHAN, 8, DAUSA, 88, SIKRAI, 1247, MANPUR, 37237, 1182478, Total, 0, 0, 0, 0, 0, 0, 3774030, 3774030
2015, RAJASTHAN, 8, DAUSA, 88, SIKRAI, 1247, MARIYADA, 37238, 1182450, Drinking water, 0, 0, 0, 0, 0, 0, 512272, 512272
2015, RAJASTHAN, 8, DAUSA, 88, SIKRAI, 1247, MARIYADA, 37238, 1182450, Roads, 0, 0, 0, 0, 0, 0, 2062000, 2062000
2015, RAJASTHAN, 8, DAUSA, 88, SIKRAI, 1247, MARIYADA, 37238, 1182450, Total, 0, 0, 0, 0, 0, 0, 2574272, 2574272
2015, RAJASTHAN, 8, DAUSA, 88, SIKRAI, 1247, MEENASEEMLA, 37239, 1120126, Drinking water, 0, 0, 0, 0, 0, 0, 2550410, 2550410
2015, RAJASTHAN, 8, DAUSA, 88, SIKRAI, 1247, MEENASEEMLA, 37239, 1120126, Maintenance of community system, 0, 0, 0, 0, 0, 0, 922696, 922696
2015, RAJASTHAN, 8, DAUSA, 88, SIKRAI, 1247, MEENASEEMLA, 37239, 1120126, Roads, 0, 0, 0, 0, 0, 0, 2000000, 2000000
2015, RAJASTHAN, 8, DAUSA, 88, SIKRAI, 1247, MEENASEEMLA, 37239, 1120126, Total, 0, 0, 0, 0, 0, 0, 5473106, 5473106
2015, RAJASTHAN, 8, DAUSA, 88, SIKRAI, 1247, MOHCHINPURA, 37240, 1182433, Drinking water, 0, 0, 0, 0, 0, 0, 847684, 847684
2015, RAJASTHAN, 8, DAUSA, 88, SIKRAI, 1247, MOHCHINPURA, 37240, 1182433, Fisheries, 0, 0, 0, 0, 0, 0, 400000, 400000
2015, RAJASTHAN, 8, DAUSA, 88, SIKRAI, 1247, MOHCHINPURA, 37240, 1182433, Maintenance of community system, 0, 0, 0, 0, 0, 0, 13454, 13454
2015, RAJASTHAN, 8, DAUSA, 88, SIKRAI, 1247, MOHCHINPURA, 37240, 1182433, Roads, 0, 0, 0, 0, 0, 0, 1500000, 1500000
2015, RAJASTHAN, 8, DAUSA, 88, SIKRAI, 1247, MOHCHINPURA, 37240, 1182433, Total, 0, 0, 0, 0, 0, 0, 2761138, 2761138
2015, RAJASTHAN, 8, DAUSA, 88, SIKRAI, 1247, NAHAR KHORRA, 37241, 1182427, Drinking water, 0, 0, 0, 0, 0, 0, 385000, 385000
2015, RAJASTHAN, 8, DAUSA, 88, SIKRAI, 1247, NAHAR KHORRA, 37241, 1182427, Maintenance of community system, 0, 0, 0, 0, 0, 0, 3049, 3049
2015, RAJASTHAN, 8, DAUSA, 88, SIKRAI, 1247, NAHAR KHORRA, 37241, 1182427, Roads, 0, 0, 0, 0, 0, 0, 1322502, 1322502
2015, RAJASTHAN, 8, DAUSA, 88, SIKRAI, 1247, NAHAR KHORRA, 37241, 1182427, Total, 0, 0, 0, 0, 0, 0, 1710551, 1710551
2015, RAJASTHAN, 8, DAUSA, 88, SIKRAI, 1247, NAMNER, 37242, 1182421, Drinking water, 0, 0, 0, 0, 0, 0, 774826, 774826
2015, RAJASTHAN, 8, DAUSA, 88, SIKRAI, 1247, NAMNER, 37242, 1182421, Maintenance of community system, 0, 0, 0, 0, 0, 0, 500000, 500000
2015, RAJASTHAN, 8, DAUSA, 88, SIKRAI, 1247, NAMNER, 37242, 1182421, Roads, 0, 0, 0, 0, 0, 0, 1425669, 1425669
2015, RAJASTHAN, 8, DAUSA, 88, SIKRAI, 1247, NAMNER, 37242, 1182421, Total, 0, 0, 0, 0, 0, 0, 2700495, 2700495
2015, RAJASTHAN, 8, DAUSA, 88, SIKRAI, 1247, NANDRI, 37243, 1182417, Drinking water, 0, 0, 0, 0, 0, 0, 390000, 390000
2015, RAJASTHAN, 8, DAUSA, 88, SIKRAI, 1247, NANDRI, 37243, 1182417, Maintenance of community system, 0, 0, 0, 0, 0, 0, 172000, 172000
2015, RAJASTHAN, 8, DAUSA, 88, SIKRAI, 1247, NANDRI, 37243, 1182417, Roads, 0, 0, 0, 0, 0, 0, 2493063, 2493063
2015, RAJASTHAN, 8, DAUSA, 88, SIKRAI, 1247, NANDRI, 37243, 1182417, Total, 0, 0, 0, 0, 0, 0, 3055063, 3055063
2015, RAJASTHAN, 8, DAUSA, 88, SIKRAI, 1247, NIHAL PURA, 37244, 1182404, Drinking water, 0, 0, 0, 0, 0, 0, 653835, 653835
2015, RAJASTHAN, 8, DAUSA, 88, SIKRAI, 1247, NIHAL PURA, 37244, 1182404, Fuel and fodder, 0, 0, 0, 0, 0, 0, 927900, 927900
2015, RAJASTHAN, 8, DAUSA, 88, SIKRAI, 1247, NIHAL PURA, 37244, 1182404, Maintenance of community system, 0, 0, 0, 0, 0, 0, 5464, 5464
2015, RAJASTHAN, 8, DAUSA, 88, SIKRAI, 1247, NIHAL PURA, 37244, 1182404, Roads, 0, 0, 0, 0, 0, 0, 1763427, 1763427
2015, RAJASTHAN, 8, DAUSA, 88, SIKRAI, 1247, NIHAL PURA, 37244, 1182404, Total, 0, 0, 0, 0, 0, 0, 3350626, 3350626
2015, RAJASTHAN, 8, DAUSA, 88, SIKRAI, 1247, PANCHOLI, 37245, 1118944, Drinking water, 0, 0, 0, 0, 0, 0, 1396786, 1396786
2015, RAJASTHAN, 8, DAUSA, 88, SIKRAI, 1247, PANCHOLI, 37245, 1118944, Land improvement, 0, 0, 0, 0, 0, 0, 45000, 45000
2015, RAJASTHAN, 8, DAUSA, 88, SIKRAI, 1247, PANCHOLI, 37245, 1118944, Maintenance of community system, 0, 0, 0, 0, 0, 0, 335570, 335570
2015, RAJASTHAN, 8, DAUSA, 88, SIKRAI, 1247, PANCHOLI, 37245, 1118944, Roads, 0, 0, 0, 0, 0, 0, 337000, 337000
2015, RAJASTHAN, 8, DAUSA, 88, SIKRAI, 1247, PANCHOLI, 37245, 1118944, Total, 0, 0, 0, 0, 0, 0, 2114356, 2114356
2015, RAJASTHAN, 8, DAUSA, 88, SIKRAI, 1247, PEELORI, 37246, 1182384, Administrative & Technical Support, 0, 0, 0, 0, 0, 0, 19118, 19118
2015, RAJASTHAN, 8, DAUSA, 88, SIKRAI, 1247, PEELORI, 37246, 1182384, Drinking water, 0, 0, 0, 0, 0, 0, 450000, 450000
2015, RAJASTHAN, 8, DAUSA, 88, SIKRAI, 1247, PEELORI, 37246, 1182384, Maintenance of community system, 0, 0, 0, 0, 0, 0, 130389, 130389
2015, RAJASTHAN, 8, DAUSA, 88, SIKRAI, 1247, PEELORI, 37246, 1182384, Roads, 0, 0, 0, 0, 0, 0, 2278000, 2278000
2015, RAJASTHAN, 8, DAUSA, 88, SIKRAI, 1247, PEELORI, 37246, 1182384, Total, 0, 0, 0, 0, 0, 0, 2877507, 2877507
2015, RAJASTHAN, 8, DAUSA, 88, SIKRAI, 1247, PEEPALKI, 37247, 1182379, Drinking water, 0, 0, 0, 0, 0, 0, 225000, 225000
2015, RAJASTHAN, 8, DAUSA, 88, SIKRAI, 1247, PEEPALKI, 37247, 1182379, Maintenance of community system, 0, 0, 0, 0, 0, 0, 61185, 61185
2015, RAJASTHAN, 8, DAUSA, 88, SIKRAI, 1247, PEEPALKI, 37247, 1182379, Roads, 0, 0, 0, 0, 0, 0, 2865031, 2865031
2015, RAJASTHAN, 8, DAUSA, 88, SIKRAI, 1247, PEEPALKI, 37247, 1182379, Total, 0, 0, 0, 0, 0, 0, 3151216, 3151216
2015, RAJASTHAN, 8, DAUSA, 88, SIKRAI, 1247, RANOLI, 37248, 1182368, Administrative & Technical Support, 0, 0, 0, 0, 0, 0, 10638, 10638
2015, RAJASTHAN, 8, DAUSA, 88, SIKRAI, 1247, RANOLI, 37248, 1182368, Drinking water, 0, 0, 0, 0, 0, 0, 500000, 500000
2015, RAJASTHAN, 8, DAUSA, 88, SIKRAI, 1247, RANOLI, 37248, 1182368, Fuel and fodder, 0, 0, 0, 0, 0, 0, 500000, 500000
2015, RAJASTHAN, 8, DAUSA, 88, SIKRAI, 1247, RANOLI, 37248, 1182368, Maintenance of community system, 0, 0, 0, 0, 0, 0, 22336, 22336
2015, RAJASTHAN, 8, DAUSA, 88, SIKRAI, 1247, RANOLI, 37248, 1182368, Roads, 0, 0, 0, 0, 0, 0, 2342782, 2342782
2015, RAJASTHAN, 8, DAUSA, 88, SIKRAI, 1247, RANOLI, 37248, 1182368, Total, 0, 0, 0, 0, 0, 0, 3375756, 3375756
2015, RAJASTHAN, 8, DAUSA, 88, SIKRAI, 1247, SHEKHPURA, 37249, 1182363, Drinking water, 0, 0, 0, 0, 0, 0, 1054400, 1054400
2015, RAJASTHAN, 8, DAUSA, 88, SIKRAI, 1247, SHEKHPURA, 37249, 1182363, Roads, 0, 0, 0, 0, 0, 0, 1382000, 1382000
2015, RAJASTHAN, 8, DAUSA, 88, SIKRAI, 1247, SHEKHPURA, 37249, 1182363, Total, 0, 0, 0, 0, 0, 0, 2436400, 2436400
2015, RAJASTHAN, 8, DAUSA, 88, SIKRAI, 1247, SIKANDARA, 37250, 1182357, Drinking water, 0, 0, 0, 0, 0, 0, 1720000, 1720000
2015, RAJASTHAN, 8, DAUSA, 88, SIKRAI, 1247, SIKANDARA, 37250, 1182357, Fuel and fodder, 0, 0, 0, 0, 0, 0, 2068980, 2068980
2015, RAJASTHAN, 8, DAUSA, 88, SIKRAI, 1247, SIKANDARA, 37250, 1182357, Maintenance of community system, 0, 0, 0, 0, 0, 0, 2200000, 2200000
2015, RAJASTHAN, 8, DAUSA, 88, SIKRAI, 1247, SIKANDARA, 37250, 1182357, Roads, 0, 0, 0, 0, 0, 0, 1172278, 1172278
2015, RAJASTHAN, 8, DAUSA, 88, SIKRAI, 1247, SIKANDARA, 37250, 1182357, Total, 0, 0, 0, 0, 0, 0, 7161258, 7161258
2015, RAJASTHAN, 8, DAUSA, 88, SIKRAI, 1247, SIKRAI, 37251, 1182352, Drinking water, 0, 0, 0, 0, 0, 0, 370997, 370997
2015, RAJASTHAN, 8, DAUSA, 88, SIKRAI, 1247, SIKRAI, 37251, 1182352, Khadi, 0, 0, 0, 0, 0, 0, 750000, 750000
2015, RAJASTHAN, 8, DAUSA, 88, SIKRAI, 1247, SIKRAI, 37251, 1182352, Roads, 0, 0, 0, 0, 0, 0, 3144726, 3144726
2015, RAJASTHAN, 8, DAUSA, 88, SIKRAI, 1247, SIKRAI, 37251, 1182352, Total, 0, 0, 0, 0, 0, 0, 4265723, 4265723
2015, RAJASTHAN, 8, DAUSA, 88, SIKRAI, 1247, THEEKARIYA, 37252, 1176111, Administrative & Technical Support, 0, 0, 0, 0, 0, 0, 235000, 235000
2015, RAJASTHAN, 8, DAUSA, 88, SIKRAI, 1247, THEEKARIYA, 37252, 1176111, Drinking water, 0, 0, 0, 0, 0, 0, 1185440, 1185440
2015, RAJASTHAN, 8, DAUSA, 88, SIKRAI, 1247, THEEKARIYA, 37252, 1176111, Land improvement, 0, 0, 0, 0, 0, 0, 70000, 70000
2015, RAJASTHAN, 8, DAUSA, 88, SIKRAI, 1247, THEEKARIYA, 37252, 1176111, Maintenance of community system, 0, 0, 0, 0, 0, 0, 230000, 230000
2015, RAJASTHAN, 8, DAUSA, 88, SIKRAI, 1247, THEEKARIYA, 37252, 1176111, Roads, 0, 0, 0, 0, 0, 0, 1076000, 1076000
2015, RAJASTHAN, 8, DAUSA, 88, SIKRAI, 1247, THEEKARIYA, 37252, 1176111, Total, 0, 0, 0, 0, 0, 0, 2796440, 2796440
2015, RAJASTHAN, 8, DAUSA, 88, SIKRAI, 1247, TORDA, 37253, 1176106, Drinking water, 0, 0, 0, 0, 0, 0, 765000, 765000
2015, RAJASTHAN, 8, DAUSA, 88, SIKRAI, 1247, TORDA, 37253, 1176106, Roads, 0, 0, 0, 0, 0, 0, 1000000, 1000000
2015, RAJASTHAN, 8, DAUSA, 88, SIKRAI, 1247, TORDA, 37253, 1176106, Rural electrification, 0, 0, 0, 0, 0, 0, 1000000, 1000000
2015, RAJASTHAN, 8, DAUSA, 88, SIKRAI, 1247, TORDA, 37253, 1176106, Total, 0, 0, 0, 0, 0, 0, 2765000, 2765000
2015, RAJASTHAN, 8, DAUSA, 88, SIKRAI, 1247, UDAIPURA, 37254, 1121314, Drinking water, 0, 0, 0, 0, 0, 0, 1518886, 1518886
2015, RAJASTHAN, 8, DAUSA, 88, SIKRAI, 1247, UDAIPURA, 37254, 1121314, Fuel and fodder, 0, 0, 0, 0, 0, 0, 500000, 500000
2015, RAJASTHAN, 8, DAUSA, 88, SIKRAI, 1247, UDAIPURA, 37254, 1121314, Roads, 0, 0, 0, 0, 0, 0, 2257775, 2257775
2015, RAJASTHAN, 8, DAUSA, 88, SIKRAI, 1247, UDAIPURA, 37254, 1121314, Total, 0, 0, 0, 0, 0, 0, 4276661, 4276661
2015, RAJASTHAN, 8, DHOLPUR, 89, BARI, 1248, ALIGARH, 37255, 1161630, Roads, 0, 0, 0, 0, 0, 0, 1299890, 1299890
2015, RAJASTHAN, 8, DHOLPUR, 89, BARI, 1248, ALIGARH, 37255, 1161630, Total, 0, 0, 0, 0, 0, 0, 1299890, 1299890
2015, RAJASTHAN, 8, DHOLPUR, 89, BARI, 1248, Ajeetpur, 262373, 1142726, Roads, 0, 0, 0, 0, 0, 0, 1129716, 1129716
2015, RAJASTHAN, 8, DHOLPUR, 89, BARI, 1248, Ajeetpur, 262373, 1142726, Sanitation, 0, 0, 0, 0, 0, 0, 101511, 101511
2015, RAJASTHAN, 8, DHOLPUR, 89, BARI, 1248, Ajeetpur, 262373, 1142726, Total, 0, 0, 0, 0, 0, 0, 1231227, 1231227
2015, RAJASTHAN, 8, DHOLPUR, 89, BARI, 1248, BASAI DANG, 37256, 1158728, Sanitation, 0, 0, 0, 0, 0, 0, 500000, 500000
2015, RAJASTHAN, 8, DHOLPUR, 89, BARI, 1248, BASAI DANG, 37256, 1158728, Total, 0, 0, 0, 0, 0, 0, 500000, 500000
2015, RAJASTHAN, 8, DHOLPUR, 89, BARI, 1248, BIJAULI, 37257, 1142384, Drinking water, 0, 0, 0, 0, 0, 0, 100000, 100000
2015, RAJASTHAN, 8, DHOLPUR, 89, BARI, 1248, BIJAULI, 37257, 1142384, Roads, 0, 0, 0, 0, 0, 0, 500000, 500000
2015, RAJASTHAN, 8, DHOLPUR, 89, BARI, 1248, BIJAULI, 37257, 1142384, Sanitation, 0, 0, 0, 0, 0, 0, 269000, 269000
2015, RAJASTHAN, 8, DHOLPUR, 89, BARI, 1248, BIJAULI, 37257, 1142384, Total, 0, 0, 0, 0, 0, 0, 869000, 869000
2015, RAJASTHAN, 8, DHOLPUR, 89, BARI, 1248, Barpura, 262376, 1147989, Roads, 0, 0, 0, 0, 0, 0, 469612, 469612
2015, RAJASTHAN, 8, DHOLPUR, 89, BARI, 1248, Barpura, 262376, 1147989, Total, 0, 0, 0, 0, 0, 0, 469612, 469612
2015, RAJASTHAN, 8, DHOLPUR, 89, BARI, 1248, CHILA CHAUND, 37258, 1148004, Maintenance of community system, 0, 0, 0, 0, 0, 0, 249871, 249871
2015, RAJASTHAN, 8, DHOLPUR, 89, BARI, 1248, CHILA CHAUND, 37258, 1148004, Roads, 0, 0, 0, 0, 0, 0, 1219173, 1219173
2015, RAJASTHAN, 8, DHOLPUR, 89, BARI, 1248, CHILA CHAUND, 37258, 1148004, Total, 0, 0, 0, 0, 0, 0, 1469044, 1469044
2015, RAJASTHAN, 8, DHOLPUR, 89, BARI, 1248, DHANORA, 37259, 1161633, Cultural activities, 0, 0, 0, 0, 0, 0, 170034, 170034
2015, RAJASTHAN, 8, DHOLPUR, 89, BARI, 1248, DHANORA, 37259, 1161633, Drinking water, 0, 0, 0, 0, 0, 0, 399120, 399120
2015, RAJASTHAN, 8, DHOLPUR, 89, BARI, 1248, DHANORA, 37259, 1161633, Roads, 0, 0, 0, 0, 0, 0, 1689541, 1689541
2015, RAJASTHAN, 8, DHOLPUR, 89, BARI, 1248, DHANORA, 37259, 1161633, Sanitation, 0, 0, 0, 0, 0, 0, 99836, 99836
2015, RAJASTHAN, 8, DHOLPUR, 89, BARI, 1248, DHANORA, 37259, 1161633, Social welfare, 0, 0, 0, 0, 0, 0, 39912, 39912
2015, RAJASTHAN, 8, DHOLPUR, 89, BARI, 1248, DHANORA, 37259, 1161633, Total, 0, 0, 0, 0, 0, 0, 2398443, 2398443
2015, RAJASTHAN, 8, DHOLPUR, 89, BARI, 1248, DHEEMIRI, 37260, 1148007, Roads, 0, 0, 0, 0, 0, 0, 1099078, 1099078
2015, RAJASTHAN, 8, DHOLPUR, 89, BARI, 1248, DHEEMIRI, 37260, 1148007, Total, 0, 0, 0, 0, 0, 0, 1099078, 1099078
2015, RAJASTHAN, 8, DHOLPUR, 89, BARI, 1248, GARHI KHIRANA, 262380, 1142757, Roads, 0, 0, 0, 0, 0, 0, 1330738, 1330738
2015, RAJASTHAN, 8, DHOLPUR, 89, BARI, 1248, GARHI KHIRANA, 262380, 1142757, Total, 0, 0, 0, 0, 0, 0, 1330738, 1330738
2015, RAJASTHAN, 8, DHOLPUR, 89, BARI, 1248, GARHI SUKKHA, 37261, 1161645, Roads, 0, 0, 0, 0, 0, 0, 1047667, 1047667
2015, RAJASTHAN, 8, DHOLPUR, 89, BARI, 1248, GARHI SUKKHA, 37261, 1161645, Sanitation, 0, 0, 0, 0, 0, 0, 425908, 425908
2015, RAJASTHAN, 8, DHOLPUR, 89, BARI, 1248, GARHI SUKKHA, 37261, 1161645, Total, 0, 0, 0, 0, 0, 0, 1473575, 1473575
2015, RAJASTHAN, 8, DHOLPUR, 89, BARI, 1248, JAPAWALI, 37263, 1146276, Roads, 0, 0, 0, 0, 0, 0, 1151418, 1151418
2015, RAJASTHAN, 8, DHOLPUR, 89, BARI, 1248, JAPAWALI, 37263, 1146276, Sanitation, 0, 0, 0, 0, 0, 0, 379341, 379341
2015, RAJASTHAN, 8, DHOLPUR, 89, BARI, 1248, JAPAWALI, 37263, 1146276, Total, 0, 0, 0, 0, 0, 0, 1530759, 1530759
2015, RAJASTHAN, 8, DHOLPUR, 89, BARI, 1248, KANCHANPUR, 37264, 1148077, Roads, 0, 0, 0, 0, 0, 0, 343412, 343412
2015, RAJASTHAN, 8, DHOLPUR, 89, BARI, 1248, KANCHANPUR, 37264, 1148077, Sanitation, 0, 0, 0, 0, 0, 0, 574657, 574657
2015, RAJASTHAN, 8, DHOLPUR, 89, BARI, 1248, KANCHANPUR, 37264, 1148077, Total, 0, 0, 0, 0, 0, 0, 918069, 918069
2015, RAJASTHAN, 8, DHOLPUR, 89, BARI, 1248, KASBA NAGAR, 37265, 1148079, Roads, 0, 0, 0, 0, 0, 0, 1579161, 1579161
2015, RAJASTHAN, 8, DHOLPUR, 89, BARI, 1248, KASBA NAGAR, 37265, 1148079, Total, 0, 0, 0, 0, 0, 0, 1579161, 1579161
2015, RAJASTHAN, 8, DHOLPUR, 89, BARI, 1248, KHANPUR MAINA, 37266, 1148009, Roads, 0, 0, 0, 0, 0, 0, 729658, 729658
2015, RAJASTHAN, 8, DHOLPUR, 89, BARI, 1248, KHANPUR MAINA, 37266, 1148009, Sanitation, 0, 0, 0, 0, 0, 0, 168533, 168533
2015, RAJASTHAN, 8, DHOLPUR, 89, BARI, 1248, KHANPUR MAINA, 37266, 1148009, Total, 0, 0, 0, 0, 0, 0, 898191, 898191
2015, RAJASTHAN, 8, DHOLPUR, 89, BARI, 1248, KHAURI IBRAHIMPUR, 37262, 1158738, Roads, 0, 0, 0, 0, 0, 0, 823509, 823509
2015, RAJASTHAN, 8, DHOLPUR, 89, BARI, 1248, KHAURI IBRAHIMPUR, 37262, 1158738, Total, 0, 0, 0, 0, 0, 0, 823509, 823509
2015, RAJASTHAN, 8, DHOLPUR, 89, BARI, 1248, KUDINNA, 37267, 1141281, Drinking water, 0, 0, 0, 0, 0, 0, 323085, 323085
2015, RAJASTHAN, 8, DHOLPUR, 89, BARI, 1248, KUDINNA, 37267, 1141281, Roads, 0, 0, 0, 0, 0, 0, 1084190, 1084190
2015, RAJASTHAN, 8, DHOLPUR, 89, BARI, 1248, KUDINNA, 37267, 1141281, Total, 0, 0, 0, 0, 0, 0, 1407275, 1407275
2015, RAJASTHAN, 8, DHOLPUR, 89, BARI, 1248, Kanspura, 262370, 1142747, Drinking water, 0, 0, 0, 0, 0, 0, 59686, 59686
2015, RAJASTHAN, 8, DHOLPUR, 89, BARI, 1248, Kanspura, 262370, 1142747, Roads, 0, 0, 0, 0, 0, 0, 1312300, 1312300
2015, RAJASTHAN, 8, DHOLPUR, 89, BARI, 1248, Kanspura, 262370, 1142747, Total, 0, 0, 0, 0, 0, 0, 1371986, 1371986
2015, RAJASTHAN, 8, DHOLPUR, 89, BARI, 1248, LAKHEPURA, 37268, 1148081, Roads, 0, 0, 0, 0, 0, 0, 749640, 749640
2015, RAJASTHAN, 8, DHOLPUR, 89, BARI, 1248, LAKHEPURA, 37268, 1148081, Total, 0, 0, 0, 0, 0, 0, 749640, 749640
2015, RAJASTHAN, 8, DHOLPUR, 89, BARI, 1248, MARHOLI, 37269, 1161650, Drinking water, 0, 0, 0, 0, 0, 0, 33965, 33965
2015, RAJASTHAN, 8, DHOLPUR, 89, BARI, 1248, MARHOLI, 37269, 1161650, Roads, 0, 0, 0, 0, 0, 0, 2487069, 2487069
2015, RAJASTHAN, 8, DHOLPUR, 89, BARI, 1248, MARHOLI, 37269, 1161650, Total, 0, 0, 0, 0, 0, 0, 2521034, 2521034
2015, RAJASTHAN, 8, DHOLPUR, 89, BARI, 1248, MASTOORA, 37270, 1148012, Roads, 0, 0, 0, 0, 0, 0, 399800, 399800
2015, RAJASTHAN, 8, DHOLPUR, 89, BARI, 1248, MASTOORA, 37270, 1148012, Sanitation, 0, 0, 0, 0, 0, 0, 274700, 274700
2015, RAJASTHAN, 8, DHOLPUR, 89, BARI, 1248, MASTOORA, 37270, 1148012, Total, 0, 0, 0, 0, 0, 0, 674500, 674500
2015, RAJASTHAN, 8, DHOLPUR, 89, BARI, 1248, NAGLA BEEDHORA, 37271, 1142372, Roads, 0, 0, 0, 0, 0, 0, 1334627, 1334627
2015, RAJASTHAN, 8, DHOLPUR, 89, BARI, 1248, NAGLA BEEDHORA, 37271, 1142372, Sanitation, 0, 0, 0, 0, 0, 0, 125210, 125210
2015, RAJASTHAN, 8, DHOLPUR, 89, BARI, 1248, NAGLA BEEDHORA, 37271, 1142372, Total, 0, 0, 0, 0, 0, 0, 1459837, 1459837
2015, RAJASTHAN, 8, DHOLPUR, 89, BARI, 1248, NAGLA DULHE KHAN, 37272, 1161651, Roads, 0, 0, 0, 0, 0, 0, 1577972, 1577972
2015, RAJASTHAN, 8, DHOLPUR, 89, BARI, 1248, NAGLA DULHE KHAN, 37272, 1161651, Total, 0, 0, 0, 0, 0, 0, 1577972, 1577972
2015, RAJASTHAN, 8, DHOLPUR, 89, BARI, 1248, NAKSAUDA, 37273, 1146188, Maintenance of community system, 0, 0, 0, 0, 0, 0, 11962, 11962
2015, RAJASTHAN, 8, DHOLPUR, 89, BARI, 1248, NAKSAUDA, 37273, 1146188, Roads, 0, 0, 0, 0, 0, 0, 1406845, 1406845
2015, RAJASTHAN, 8, DHOLPUR, 89, BARI, 1248, NAKSAUDA, 37273, 1146188, Sanitation, 0, 0, 0, 0, 0, 0, 159894, 159894
2015, RAJASTHAN, 8, DHOLPUR, 89, BARI, 1248, NAKSAUDA, 37273, 1146188, Total, 0, 0, 0, 0, 0, 0, 1578701, 1578701
2015, RAJASTHAN, 8, DHOLPUR, 89, BARI, 1248, NEEM KHERA, 37274, 1148014, Roads, 0, 0, 0, 0, 0, 0, 998428, 998428
2015, RAJASTHAN, 8, DHOLPUR, 89, BARI, 1248, NEEM KHERA, 37274, 1148014, Sanitation, 0, 0, 0, 0, 0, 0, 300804, 300804
2015, RAJASTHAN, 8, DHOLPUR, 89, BARI, 1248, NEEM KHERA, 37274, 1148014, Total, 0, 0, 0, 0, 0, 0, 1299232, 1299232
2015, RAJASTHAN, 8, DHOLPUR, 89, BARI, 1248, NIDHARA, 37275, 1141499, Roads, 0, 0, 0, 0, 0, 0, 1950000, 1950000
2015, RAJASTHAN, 8, DHOLPUR, 89, BARI, 1248, NIDHARA, 37275, 1141499, Sanitation, 0, 0, 0, 0, 0, 0, 50000, 50000
2015, RAJASTHAN, 8, DHOLPUR, 89, BARI, 1248, NIDHARA, 37275, 1141499, Total, 0, 0, 0, 0, 0, 0, 2000000, 2000000
2015, RAJASTHAN, 8, DHOLPUR, 89, BARI, 1248, NORHA, 37276, 1148017, Drinking water, 0, 0, 0, 0, 0, 0, 398620, 398620
2015, RAJASTHAN, 8, DHOLPUR, 89, BARI, 1248, NORHA, 37276, 1148017, Roads, 0, 0, 0, 0, 0, 0, 312541, 312541
2015, RAJASTHAN, 8, DHOLPUR, 89, BARI, 1248, NORHA, 37276, 1148017, Total, 0, 0, 0, 0, 0, 0, 711161, 711161
2015, RAJASTHAN, 8, DHOLPUR, 89, BARI, 1248, PIDAWALI, 37277, 1161653, Roads, 0, 0, 0, 0, 0, 0, 848225, 848225
2015, RAJASTHAN, 8, DHOLPUR, 89, BARI, 1248, PIDAWALI, 37277, 1161653, Sanitation, 0, 0, 0, 0, 0, 0, 82003, 82003
2015, RAJASTHAN, 8, DHOLPUR, 89, BARI, 1248, PIDAWALI, 37277, 1161653, Total, 0, 0, 0, 0, 0, 0, 930228, 930228
2015, RAJASTHAN, 8, DHOLPUR, 89, BARI, 1248, RUDHERA, 37279, 1142470, Roads, 0, 0, 0, 0, 0, 0, 1087318, 1087318
2015, RAJASTHAN, 8, DHOLPUR, 89, BARI, 1248, RUDHERA, 37279, 1142470, Total, 0, 0, 0, 0, 0, 0, 1087318, 1087318
2015, RAJASTHAN, 8, DHOLPUR, 89, BARI, 1248, RUPASPUR, 37278, 1148019, Roads, 0, 0, 0, 0, 0, 0, 749594, 749594
2015, RAJASTHAN, 8, DHOLPUR, 89, BARI, 1248, RUPASPUR, 37278, 1148019, Total, 0, 0, 0, 0, 0, 0, 749594, 749594
2015, RAJASTHAN, 8, DHOLPUR, 89, BARI, 1248, SAHERI, 37280, 1161658, Drinking water, 0, 0, 0, 0, 0, 0, 21425, 21425
2015, RAJASTHAN, 8, DHOLPUR, 89, BARI, 1248, SAHERI, 37280, 1161658, Roads, 0, 0, 0, 0, 0, 0, 2544348, 2544348
2015, RAJASTHAN, 8, DHOLPUR, 89, BARI, 1248, SAHERI, 37280, 1161658, Total, 0, 0, 0, 0, 0, 0, 2565773, 2565773
2015, RAJASTHAN, 8, DHOLPUR, 89, BARI, 1248, SEWARPALI, 37281, 1148021, Drinking water, 0, 0, 0, 0, 0, 0, 389864, 389864
2015, RAJASTHAN, 8, DHOLPUR, 89, BARI, 1248, SEWARPALI, 37281, 1148021, Roads, 0, 0, 0, 0, 0, 0, 749812, 749812
2015, RAJASTHAN, 8, DHOLPUR, 89, BARI, 1248, SEWARPALI, 37281, 1148021, Total, 0, 0, 0, 0, 0, 0, 1139676, 1139676
2015, RAJASTHAN, 8, DHOLPUR, 89, BARI, 1248, SHANURA, 262379, 1148022, Roads, 0, 0, 0, 0, 0, 0, 1111213, 1111213
2015, RAJASTHAN, 8, DHOLPUR, 89, BARI, 1248, SHANURA, 262379, 1148022, Total, 0, 0, 0, 0, 0, 0, 1111213, 1111213
2015, RAJASTHAN, 8, DHOLPUR, 89, BARI, 1248, SIGORAI, 37282, 1161660, Drinking water, 0, 0, 0, 0, 0, 0, 269631, 269631
2015, RAJASTHAN, 8, DHOLPUR, 89, BARI, 1248, SIGORAI, 37282, 1161660, Roads, 0, 0, 0, 0, 0, 0, 349875, 349875
2015, RAJASTHAN, 8, DHOLPUR, 89, BARI, 1248, SIGORAI, 37282, 1161660, Total, 0, 0, 0, 0, 0, 0, 619506, 619506
2015, RAJASTHAN, 8, DHOLPUR, 89, BARI, 1248, SONHA, 37283, 1146278, Roads, 0, 0, 0, 0, 0, 0, 723114, 723114
2015, RAJASTHAN, 8, DHOLPUR, 89, BARI, 1248, SONHA, 37283, 1146278, Sanitation, 0, 0, 0, 0, 0, 0, 720095, 720095
2015, RAJASTHAN, 8, DHOLPUR, 89, BARI, 1248, SONHA, 37283, 1146278, Total, 0, 0, 0, 0, 0, 0, 1443209, 1443209
2015, RAJASTHAN, 8, DHOLPUR, 89, BARI, 1248, TONTRI, 37284, 1142504, Roads, 0, 0, 0, 0, 0, 0, 989509, 989509
2015, RAJASTHAN, 8, DHOLPUR, 89, BARI, 1248, TONTRI, 37284, 1142504, Sanitation, 0, 0, 0, 0, 0, 0, 412045, 412045
2015, RAJASTHAN, 8, DHOLPUR, 89, BARI, 1248, TONTRI, 37284, 1142504, Total, 0, 0, 0, 0, 0, 0, 1401554, 1401554
2015, RAJASTHAN, 8, DHOLPUR, 89, BARI, 1248, UMREH, 37285, 1148082, Drinking water, 0, 0, 0, 0, 0, 0, 198659, 198659
2015, RAJASTHAN, 8, DHOLPUR, 89, BARI, 1248, UMREH, 37285, 1148082, Roads, 0, 0, 0, 0, 0, 0, 649911, 649911
2015, RAJASTHAN, 8, DHOLPUR, 89, BARI, 1248, UMREH, 37285, 1148082, Total, 0, 0, 0, 0, 0, 0, 848570, 848570
2015, RAJASTHAN, 8, DHOLPUR, 89, BASERI, 1249, ANGAI, 37286, 1160497, Drinking water, 0, 0, 0, 0, 0, 0, 198000, 198000
2015, RAJASTHAN, 8, DHOLPUR, 89, BASERI, 1249, ANGAI, 37286, 1160497, Education, 0, 0, 0, 0, 0, 0, 274524, 274524
2015, RAJASTHAN, 8, DHOLPUR, 89, BASERI, 1249, ANGAI, 37286, 1160497, Health, 0, 0, 0, 0, 0, 0, 333516, 333516
2015, RAJASTHAN, 8, DHOLPUR, 89, BASERI, 1249, ANGAI, 37286, 1160497, Roads, 0, 0, 0, 0, 0, 0, 3283198, 3283198
2015, RAJASTHAN, 8, DHOLPUR, 89, BASERI, 1249, ANGAI, 37286, 1160497, Sanitation, 0, 0, 0, 0, 0, 0, 522000, 522000
2015, RAJASTHAN, 8, DHOLPUR, 89, BASERI, 1249, ANGAI, 37286, 1160497, Total, 0, 0, 0, 0, 0, 0, 4611238, 4611238
2015, RAJASTHAN, 8, DHOLPUR, 89, BASERI, 1249, ATARSOOMA, 37287, 1162977, Land improvement, 0, 0, 0, 0, 0, 0, 200000, 200000
2015, RAJASTHAN, 8, DHOLPUR, 89, BASERI, 1249, ATARSOOMA, 37287, 1162977, Roads, 0, 0, 0, 0, 0, 0, 3152454, 3152454
2015, RAJASTHAN, 8, DHOLPUR, 89, BASERI, 1249, ATARSOOMA, 37287, 1162977, Total, 0, 0, 0, 0, 0, 0, 3352454, 3352454
2015, RAJASTHAN, 8, DHOLPUR, 89, BASERI, 1249, BAGTHAR, 37288, 1171092, Roads, 0, 0, 0, 0, 0, 0, 3014161, 3014161
2015, RAJASTHAN, 8, DHOLPUR, 89, BASERI, 1249, BAGTHAR, 37288, 1171092, Total, 0, 0, 0, 0, 0, 0, 3014161, 3014161
2015, RAJASTHAN, 8, DHOLPUR, 89, BASERI, 1249, BANORA, 37289, 1163990, Administrative & Technical Support, 0, 0, 0, 0, 0, 0, 100000, 100000
2015, RAJASTHAN, 8, DHOLPUR, 89, BASERI, 1249, BANORA, 37289, 1163990, Roads, 0, 0, 0, 0, 0, 0, 2556703, 2556703
2015, RAJASTHAN, 8, DHOLPUR, 89, BASERI, 1249, BANORA, 37289, 1163990, Sanitation, 0, 0, 0, 0, 0, 0, 300000, 300000
2015, RAJASTHAN, 8, DHOLPUR, 89, BASERI, 1249, BANORA, 37289, 1163990, Total, 0, 0, 0, 0, 0, 0, 2956703, 2956703
2015, RAJASTHAN, 8, DHOLPUR, 89, BASERI, 1249, BARAI, 262428, 1160501, Roads, 0, 0, 0, 0, 0, 0, 3610910, 3610910
2015, RAJASTHAN, 8, DHOLPUR, 89, BASERI, 1249, BARAI, 262428, 1160501, Sanitation, 0, 0, 0, 0, 0, 0, 299700, 299700
2015, RAJASTHAN, 8, DHOLPUR, 89, BASERI, 1249, BARAI, 262428, 1160501, Total, 0, 0, 0, 0, 0, 0, 3910610, 3910610
2015, RAJASTHAN, 8, DHOLPUR, 89, BASERI, 1249, BARAULI, 37290, 1163952, Drinking water, 0, 0, 0, 0, 0, 0, 1905663, 1905663
2015, RAJASTHAN, 8, DHOLPUR, 89, BASERI, 1249, BARAULI, 37290, 1163952, Roads, 0, 0, 0, 0, 0, 0, 1700000, 1700000
2015, RAJASTHAN, 8, DHOLPUR, 89, BASERI, 1249, BARAULI, 37290, 1163952, Sanitation, 0, 0, 0, 0, 0, 0, 200000, 200000
2015, RAJASTHAN, 8, DHOLPUR, 89, BASERI, 1249, BARAULI, 37290, 1163952, Total, 0, 0, 0, 0, 0, 0, 3805663, 3805663
2015, RAJASTHAN, 8, DHOLPUR, 89, BASERI, 1249, BASERI, 37291, 1168827, Drinking water, 0, 0, 0, 0, 0, 0, 150000, 150000
2015, RAJASTHAN, 8, DHOLPUR, 89, BASERI, 1249, BASERI, 37291, 1168827, Maintenance of community system, 0, 0, 0, 0, 0, 0, 1150000, 1150000
2015, RAJASTHAN, 8, DHOLPUR, 89, BASERI, 1249, BASERI, 37291, 1168827, Roads, 0, 0, 0, 0, 0, 0, 3500000, 3500000
2015, RAJASTHAN, 8, DHOLPUR, 89, BASERI, 1249, BASERI, 37291, 1168827, Sanitation, 0, 0, 0, 0, 0, 0, 1779442, 1779442
2015, RAJASTHAN, 8, DHOLPUR, 89, BASERI, 1249, BASERI, 37291, 1168827, Total, 0, 0, 0, 0, 0, 0, 6579442, 6579442
2015, RAJASTHAN, 8, DHOLPUR, 89, BASERI, 1249, BHARKUNJRA, 262462, 1161051, Roads, 0, 0, 0, 0, 0, 0, 2860791, 2860791
2015, RAJASTHAN, 8, DHOLPUR, 89, BASERI, 1249, BHARKUNJRA, 262462, 1161051, Total, 0, 0, 0, 0, 0, 0, 2860791, 2860791
2015, RAJASTHAN, 8, DHOLPUR, 89, BASERI, 1249, BHARLI, 37293, 1169182, Health, 0, 0, 0, 0, 0, 0, 400000, 400000
2015, RAJASTHAN, 8, DHOLPUR, 89, BASERI, 1249, BHARLI, 37293, 1169182, Roads, 0, 0, 0, 0, 0, 0, 1357578, 1357578
2015, RAJASTHAN, 8, DHOLPUR, 89, BASERI, 1249, BHARLI, 37293, 1169182, Sanitation, 0, 0, 0, 0, 0, 0, 400000, 400000
2015, RAJASTHAN, 8, DHOLPUR, 89, BASERI, 1249, BHARLI, 37293, 1169182, Total, 0, 0, 0, 0, 0, 0, 2157578, 2157578
2015, RAJASTHAN, 8, DHOLPUR, 89, BASERI, 1249, BIJHOLI, 37292, 1169137, Drinking water, 0, 0, 0, 0, 0, 0, 1229372, 1229372
2015, RAJASTHAN, 8, DHOLPUR, 89, BASERI, 1249, BIJHOLI, 37292, 1169137, Roads, 0, 0, 0, 0, 0, 0, 2700000, 2700000
2015, RAJASTHAN, 8, DHOLPUR, 89, BASERI, 1249, BIJHOLI, 37292, 1169137, Total, 0, 0, 0, 0, 0, 0, 3929372, 3929372
2015, RAJASTHAN, 8, DHOLPUR, 89, BASERI, 1249, BORELI, 37294, 1160179, Drinking water, 0, 0, 0, 0, 0, 0, 65630, 65630
2015, RAJASTHAN, 8, DHOLPUR, 89, BASERI, 1249, BORELI, 37294, 1160179, Land improvement, 0, 0, 0, 0, 0, 0, 82218, 82218
2015, RAJASTHAN, 8, DHOLPUR, 89, BASERI, 1249, BORELI, 37294, 1160179, Maintenance of community system, 0, 0, 0, 0, 0, 0, 50000, 50000
2015, RAJASTHAN, 8, DHOLPUR, 89, BASERI, 1249, BORELI, 37294, 1160179, Roads, 0, 0, 0, 0, 0, 0, 2836540, 2836540
2015, RAJASTHAN, 8, DHOLPUR, 89, BASERI, 1249, BORELI, 37294, 1160179, Sanitation, 0, 0, 0, 0, 0, 0, 552000, 552000
2015, RAJASTHAN, 8, DHOLPUR, 89, BASERI, 1249, BORELI, 37294, 1160179, Total, 0, 0, 0, 0, 0, 0, 3586388, 3586388
2015, RAJASTHAN, 8, DHOLPUR, 89, BASERI, 1249, CHANDRAWALI, 37295, 1159975, Drinking water, 0, 0, 0, 0, 0, 0, 192000, 192000
2015, RAJASTHAN, 8, DHOLPUR, 89, BASERI, 1249, CHANDRAWALI, 37295, 1159975, Roads, 0, 0, 0, 0, 0, 0, 1893464, 1893464
2015, RAJASTHAN, 8, DHOLPUR, 89, BASERI, 1249, CHANDRAWALI, 37295, 1159975, Total, 0, 0, 0, 0, 0, 0, 2085464, 2085464
2015, RAJASTHAN, 8, DHOLPUR, 89, BASERI, 1249, DAVOPURA, 37298, 1167522, Administrative & Technical Support, 0, 0, 0, 0, 0, 0, 79714, 79714
2015, RAJASTHAN, 8, DHOLPUR, 89, BASERI, 1249, DAVOPURA, 37298, 1167522, Roads, 0, 0, 0, 0, 0, 0, 1700000, 1700000
2015, RAJASTHAN, 8, DHOLPUR, 89, BASERI, 1249, DAVOPURA, 37298, 1167522, Sanitation, 0, 0, 0, 0, 0, 0, 800000, 800000
2015, RAJASTHAN, 8, DHOLPUR, 89, BASERI, 1249, DAVOPURA, 37298, 1167522, Total, 0, 0, 0, 0, 0, 0, 2579714, 2579714
2015, RAJASTHAN, 8, DHOLPUR, 89, BASERI, 1249, DHAUNDH, 262534, 1160899, Drinking water, 0, 0, 0, 0, 0, 0, 200000, 200000
2015, RAJASTHAN, 8, DHOLPUR, 89, BASERI, 1249, DHAUNDH, 262534, 1160899, Education, 0, 0, 0, 0, 0, 0, 49791, 49791
2015, RAJASTHAN, 8, DHOLPUR, 89, BASERI, 1249, DHAUNDH, 262534, 1160899, Roads, 0, 0, 0, 0, 0, 0, 1350000, 1350000
2015, RAJASTHAN, 8, DHOLPUR, 89, BASERI, 1249, DHAUNDH, 262534, 1160899, Sanitation, 0, 0, 0, 0, 0, 0, 600000, 600000
2015, RAJASTHAN, 8, DHOLPUR, 89, BASERI, 1249, DHAUNDH, 262534, 1160899, Total, 0, 0, 0, 0, 0, 0, 2199791, 2199791
2015, RAJASTHAN, 8, DHOLPUR, 89, BASERI, 1249, DHAUR, 37296, 1161422, Health, 0, 0, 0, 0, 0, 0, 600000, 600000
2015, RAJASTHAN, 8, DHOLPUR, 89, BASERI, 1249, DHAUR, 37296, 1161422, Roads, 0, 0, 0, 0, 0, 0, 1189970, 1189970
2015, RAJASTHAN, 8, DHOLPUR, 89, BASERI, 1249, DHAUR, 37296, 1161422, Total, 0, 0, 0, 0, 0, 0, 1789970, 1789970
2015, RAJASTHAN, 8, DHOLPUR, 89, BASERI, 1249, DOMAI, 37297, 1164045, Agriculture, 0, 0, 0, 0, 0, 0, 600000, 600000
2015, RAJASTHAN, 8, DHOLPUR, 89, BASERI, 1249, DOMAI, 37297, 1164045, Drinking water, 0, 0, 0, 0, 0, 0, 644801, 644801
2015, RAJASTHAN, 8, DHOLPUR, 89, BASERI, 1249, DOMAI, 37297, 1164045, Roads, 0, 0, 0, 0, 0, 0, 3000000, 3000000
2015, RAJASTHAN, 8, DHOLPUR, 89, BASERI, 1249, DOMAI, 37297, 1164045, Total, 0, 0, 0, 0, 0, 0, 4244801, 4244801
2015, RAJASTHAN, 8, DHOLPUR, 89, BASERI, 1249, EKTA, 37299, 1167482, Drinking water, 0, 0, 0, 0, 0, 0, 89608, 89608
2015, RAJASTHAN, 8, DHOLPUR, 89, BASERI, 1249, EKTA, 37299, 1167482, Roads, 0, 0, 0, 0, 0, 0, 1500000, 1500000
2015, RAJASTHAN, 8, DHOLPUR, 89, BASERI, 1249, EKTA, 37299, 1167482, Sanitation, 0, 0, 0, 0, 0, 0, 1200000, 1200000
2015, RAJASTHAN, 8, DHOLPUR, 89, BASERI, 1249, EKTA, 37299, 1167482, Total, 0, 0, 0, 0, 0, 0, 2789608, 2789608
2015, RAJASTHAN, 8, DHOLPUR, 89, BASERI, 1249, GOLARI, 37300, 1163172, Administrative & Technical Support, 0, 0, 0, 0, 0, 0, 87291, 87291
2015, RAJASTHAN, 8, DHOLPUR, 89, BASERI, 1249, GOLARI, 37300, 1163172, Drinking water, 0, 0, 0, 0, 0, 0, 900000, 900000
2015, RAJASTHAN, 8, DHOLPUR, 89, BASERI, 1249, GOLARI, 37300, 1163172, Maintenance of community system, 0, 0, 0, 0, 0, 0, 500000, 500000
2015, RAJASTHAN, 8, DHOLPUR, 89, BASERI, 1249, GOLARI, 37300, 1163172, Roads, 0, 0, 0, 0, 0, 0, 864353, 864353
2015, RAJASTHAN, 8, DHOLPUR, 89, BASERI, 1249, GOLARI, 37300, 1163172, Total, 0, 0, 0, 0, 0, 0, 2351644, 2351644
2015, RAJASTHAN, 8, DHOLPUR, 89, BASERI, 1249, HARJOOPURA, 37301, 1162783, Administrative & Technical Support, 0, 0, 0, 0, 0, 0, 144680, 144680
2015, RAJASTHAN, 8, DHOLPUR, 89, BASERI, 1249, HARJOOPURA, 37301, 1162783, Roads, 0, 0, 0, 0, 0, 0, 2000000, 2000000
2015, RAJASTHAN, 8, DHOLPUR, 89, BASERI, 1249, HARJOOPURA, 37301, 1162783, Total, 0, 0, 0, 0, 0, 0, 2144680, 2144680
2015, RAJASTHAN, 8, DHOLPUR, 89, BASERI, 1249, JARGA, 37302, 1167503, Administrative & Technical Support, 0, 0, 0, 0, 0, 0, 65353, 65353
2015, RAJASTHAN, 8, DHOLPUR, 89, BASERI, 1249, JARGA, 37302, 1167503, Roads, 0, 0, 0, 0, 0, 0, 3300000, 3300000
2015, RAJASTHAN, 8, DHOLPUR, 89, BASERI, 1249, JARGA, 37302, 1167503, Total, 0, 0, 0, 0, 0, 0, 3365353, 3365353
2015, RAJASTHAN, 8, DHOLPUR, 89, BASERI, 1249, JHEEL, 262382, 1161085, Maintenance of community system, 0, 0, 0, 0, 0, 0, 800000, 800000
2015, RAJASTHAN, 8, DHOLPUR, 89, BASERI, 1249, JHEEL, 262382, 1161085, Roads, 0, 0, 0, 0, 0, 0, 1200000, 1200000
2015, RAJASTHAN, 8, DHOLPUR, 89, BASERI, 1249, JHEEL, 262382, 1161085, Sanitation, 0, 0, 0, 0, 0, 0, 501736, 501736
2015, RAJASTHAN, 8, DHOLPUR, 89, BASERI, 1249, JHEEL, 262382, 1161085, Total, 0, 0, 0, 0, 0, 0, 2501736, 2501736
2015, RAJASTHAN, 8, DHOLPUR, 89, BASERI, 1249, JHIRI, 37303, 1160485, Drinking water, 0, 0, 0, 0, 0, 0, 991473, 991473
2015, RAJASTHAN, 8, DHOLPUR, 89, BASERI, 1249, JHIRI, 37303, 1160485, Roads, 0, 0, 0, 0, 0, 0, 2578500, 2578500
2015, RAJASTHAN, 8, DHOLPUR, 89, BASERI, 1249, JHIRI, 37303, 1160485, Total, 0, 0, 0, 0, 0, 0, 3569973, 3569973
2015, RAJASTHAN, 8, DHOLPUR, 89, BASERI, 1249, KHAROLI, 37304, 1159958, Agriculture, 0, 0, 0, 0, 0, 0, 128300, 128300
2015, RAJASTHAN, 8, DHOLPUR, 89, BASERI, 1249, KHAROLI, 37304, 1159958, Drinking water, 0, 0, 0, 0, 0, 0, 678000, 678000
2015, RAJASTHAN, 8, DHOLPUR, 89, BASERI, 1249, KHAROLI, 37304, 1159958, Education, 0, 0, 0, 0, 0, 0, 65700, 65700
2015, RAJASTHAN, 8, DHOLPUR, 89, BASERI, 1249, KHAROLI, 37304, 1159958, Roads, 0, 0, 0, 0, 0, 0, 1892397, 1892397
2015, RAJASTHAN, 8, DHOLPUR, 89, BASERI, 1249, KHAROLI, 37304, 1159958, Total, 0, 0, 0, 0, 0, 0, 2764397, 2764397
2015, RAJASTHAN, 8, DHOLPUR, 89, BASERI, 1249, KHIDORA, 37305, 1161341, Roads, 0, 0, 0, 0, 0, 0, 2700000, 2700000
2015, RAJASTHAN, 8, DHOLPUR, 89, BASERI, 1249, KHIDORA, 37305, 1161341, Sanitation, 0, 0, 0, 0, 0, 0, 774405, 774405
2015, RAJASTHAN, 8, DHOLPUR, 89, BASERI, 1249, KHIDORA, 37305, 1161341, Total, 0, 0, 0, 0, 0, 0, 3474405, 3474405
2015, RAJASTHAN, 8, DHOLPUR, 89, BASERI, 1249, KUNKUTA, 37306, 1165372, Maintenance of community system, 0, 0, 0, 0, 0, 0, 200000, 200000
2015, RAJASTHAN, 8, DHOLPUR, 89, BASERI, 1249, KUNKUTA, 37306, 1165372, Roads, 0, 0, 0, 0, 0, 0, 2525886, 2525886
2015, RAJASTHAN, 8, DHOLPUR, 89, BASERI, 1249, KUNKUTA, 37306, 1165372, Sanitation, 0, 0, 0, 0, 0, 0, 300000, 300000
2015, RAJASTHAN, 8, DHOLPUR, 89, BASERI, 1249, KUNKUTA, 37306, 1165372, Total, 0, 0, 0, 0, 0, 0, 3025886, 3025886
2015, RAJASTHAN, 8, DHOLPUR, 89, BASERI, 1249, LEELAUTI, 37307, 1164457, Roads, 0, 0, 0, 0, 0, 0, 1661168, 1661168
2015, RAJASTHAN, 8, DHOLPUR, 89, BASERI, 1249, LEELAUTI, 37307, 1164457, Sanitation, 0, 0, 0, 0, 0, 0, 300000, 300000
2015, RAJASTHAN, 8, DHOLPUR, 89, BASERI, 1249, LEELAUTI, 37307, 1164457, Total, 0, 0, 0, 0, 0, 0, 1961168, 1961168
2015, RAJASTHAN, 8, DHOLPUR, 89, BASERI, 1249, MADANPUR, 37308, 1167357, Drinking water, 0, 0, 0, 0, 0, 0, 900000, 900000
2015, RAJASTHAN, 8, DHOLPUR, 89, BASERI, 1249, MADANPUR, 37308, 1167357, Maintenance of community system, 0, 0, 0, 0, 0, 0, 600000, 600000
2015, RAJASTHAN, 8, DHOLPUR, 89, BASERI, 1249, MADANPUR, 37308, 1167357, Roads, 0, 0, 0, 0, 0, 0, 881802, 881802
2015, RAJASTHAN, 8, DHOLPUR, 89, BASERI, 1249, MADANPUR, 37308, 1167357, Total, 0, 0, 0, 0, 0, 0, 2481802, 2481802
2015, RAJASTHAN, 8, DHOLPUR, 89, BASERI, 1249, MADANPUR, 37308, 1167357, Women and child development, 0, 0, 0, 0, 0, 0, 100000, 100000
2015, RAJASTHAN, 8, DHOLPUR, 89, BASERI, 1249, MADASIL, 37309, 1164468, Drinking water, 0, 0, 0, 0, 0, 0, 250000, 250000
2015, RAJASTHAN, 8, DHOLPUR, 89, BASERI, 1249, MADASIL, 37309, 1164468, Roads, 0, 0, 0, 0, 0, 0, 2617863, 2617863
2015, RAJASTHAN, 8, DHOLPUR, 89, BASERI, 1249, MADASIL, 37309, 1164468, Sanitation, 0, 0, 0, 0, 0, 0, 450000, 450000
2015, RAJASTHAN, 8, DHOLPUR, 89, BASERI, 1249, MADASIL, 37309, 1164468, Total, 0, 0, 0, 0, 0, 0, 3317863, 3317863
2015, RAJASTHAN, 8, DHOLPUR, 89, BASERI, 1249, MAMODHAN, 37311, 1168979, Drinking water, 0, 0, 0, 0, 0, 0, 579826, 579826
2015, RAJASTHAN, 8, DHOLPUR, 89, BASERI, 1249, MAMODHAN, 37311, 1168979, Education, 0, 0, 0, 0, 0, 0, 500000, 500000
2015, RAJASTHAN, 8, DHOLPUR, 89, BASERI, 1249, MAMODHAN, 37311, 1168979, Roads, 0, 0, 0, 0, 0, 0, 2000000, 2000000
2015, RAJASTHAN, 8, DHOLPUR, 89, BASERI, 1249, MAMODHAN, 37311, 1168979, Total, 0, 0, 0, 0, 0, 0, 3079826, 3079826
2015, RAJASTHAN, 8, DHOLPUR, 89, BASERI, 1249, MAU GULAWALI, 37310, 1161317, Roads, 0, 0, 0, 0, 0, 0, 2900000, 2900000
2015, RAJASTHAN, 8, DHOLPUR, 89, BASERI, 1249, MAU GULAWALI, 37310, 1161317, Sanitation, 0, 0, 0, 0, 0, 0, 267185, 267185
2015, RAJASTHAN, 8, DHOLPUR, 89, BASERI, 1249, MAU GULAWALI, 37310, 1161317, Total, 0, 0, 0, 0, 0, 0, 3167185, 3167185
2015, RAJASTHAN, 8, DHOLPUR, 89, BASERI, 1249, MOORIK, 37312, 1161413, Roads, 0, 0, 0, 0, 0, 0, 3315518, 3315518
2015, RAJASTHAN, 8, DHOLPUR, 89, BASERI, 1249, MOORIK, 37312, 1161413, Total, 0, 0, 0, 0, 0, 0, 3315518, 3315518
2015, RAJASTHAN, 8, DHOLPUR, 89, BASERI, 1249, NADANPUR, 37313, 1169336, Administrative & Technical Support, 0, 0, 0, 0, 0, 0, 116475, 116475
2015, RAJASTHAN, 8, DHOLPUR, 89, BASERI, 1249, NADANPUR, 37313, 1169336, Maintenance of community system, 0, 0, 0, 0, 0, 0, 100000, 100000
2015, RAJASTHAN, 8, DHOLPUR, 89, BASERI, 1249, NADANPUR, 37313, 1169336, Roads, 0, 0, 0, 0, 0, 0, 2000000, 2000000
2015, RAJASTHAN, 8, DHOLPUR, 89, BASERI, 1249, NADANPUR, 37313, 1169336, Sanitation, 0, 0, 0, 0, 0, 0, 1700000, 1700000
2015, RAJASTHAN, 8, DHOLPUR, 89, BASERI, 1249, NADANPUR, 37313, 1169336, Total, 0, 0, 0, 0, 0, 0, 3916475, 3916475
2015, RAJASTHAN, 8, DHOLPUR, 89, BASERI, 1249, PABAINI, 262508, 1169171, Administrative & Technical Support, 0, 0, 0, 0, 0, 0, 74991, 74991
2015, RAJASTHAN, 8, DHOLPUR, 89, BASERI, 1249, PABAINI, 262508, 1169171, Land improvement, 0, 0, 0, 0, 0, 0, 300000, 300000
2015, RAJASTHAN, 8, DHOLPUR, 89, BASERI, 1249, PABAINI, 262508, 1169171, Maintenance of community system, 0, 0, 0, 0, 0, 0, 400000, 400000
2015, RAJASTHAN, 8, DHOLPUR, 89, BASERI, 1249, PABAINI, 262508, 1169171, Roads, 0, 0, 0, 0, 0, 0, 2700000, 2700000
2015, RAJASTHAN, 8, DHOLPUR, 89, BASERI, 1249, PABAINI, 262508, 1169171, Total, 0, 0, 0, 0, 0, 0, 3474991, 3474991
2015, RAJASTHAN, 8, DHOLPUR, 89, BASERI, 1249, PIPRON, 37314, 1163018, Maintenance of community system, 0, 0, 0, 0, 0, 0, 50000, 50000
2015, RAJASTHAN, 8, DHOLPUR, 89, BASERI, 1249, PIPRON, 37314, 1163018, Roads, 0, 0, 0, 0, 0, 0, 3100832, 3100832
2015, RAJASTHAN, 8, DHOLPUR, 89, BASERI, 1249, PIPRON, 37314, 1163018, Sanitation, 0, 0, 0, 0, 0, 0, 609101, 609101
2015, RAJASTHAN, 8, DHOLPUR, 89, BASERI, 1249, PIPRON, 37314, 1163018, Total, 0, 0, 0, 0, 0, 0, 3759933, 3759933
2015, RAJASTHAN, 8, DHOLPUR, 89, BASERI, 1249, RAHRAI, 37315, 1160001, Drinking water, 0, 0, 0, 0, 0, 0, 298588, 298588
2015, RAJASTHAN, 8, DHOLPUR, 89, BASERI, 1249, RAHRAI, 37315, 1160001, Roads, 0, 0, 0, 0, 0, 0, 3116601, 3116601
2015, RAJASTHAN, 8, DHOLPUR, 89, BASERI, 1249, RAHRAI, 37315, 1160001, Total, 0, 0, 0, 0, 0, 0, 3415189, 3415189
2015, RAJASTHAN, 8, DHOLPUR, 89, BASERI, 1249, RATANPUR, 37316, 1168755, Drinking water, 0, 0, 0, 0, 0, 0, 300000, 300000
2015, RAJASTHAN, 8, DHOLPUR, 89, BASERI, 1249, RATANPUR, 37316, 1168755, Roads, 0, 0, 0, 0, 0, 0, 3031059, 3031059
2015, RAJASTHAN, 8, DHOLPUR, 89, BASERI, 1249, RATANPUR, 37316, 1168755, Sanitation, 0, 0, 0, 0, 0, 0, 800000, 800000
2015, RAJASTHAN, 8, DHOLPUR, 89, BASERI, 1249, RATANPUR, 37316, 1168755, Total, 0, 0, 0, 0, 0, 0, 4131059, 4131059
2015, RAJASTHAN, 8, DHOLPUR, 89, BASERI, 1249, SALEMPUR, 37317, 1163055, Roads, 0, 0, 0, 0, 0, 0, 3400000, 3400000
2015, RAJASTHAN, 8, DHOLPUR, 89, BASERI, 1249, SALEMPUR, 37317, 1163055, Sanitation, 0, 0, 0, 0, 0, 0, 392766, 392766
2015, RAJASTHAN, 8, DHOLPUR, 89, BASERI, 1249, SALEMPUR, 37317, 1163055, Total, 0, 0, 0, 0, 0, 0, 3792766, 3792766
2015, RAJASTHAN, 8, DHOLPUR, 89, BASERI, 1249, SARMATHURA, 37318, 1164585, Agriculture, 0, 0, 0, 0, 0, 0, 1376761, 1376761
2015, RAJASTHAN, 8, DHOLPUR, 89, BASERI, 1249, SARMATHURA, 37318, 1164585, Drinking water, 0, 0, 0, 0, 0, 0, 250000, 250000
2015, RAJASTHAN, 8, DHOLPUR, 89, BASERI, 1249, SARMATHURA, 37318, 1164585, Land improvement, 0, 0, 0, 0, 0, 0, 1000000, 1000000
2015, RAJASTHAN, 8, DHOLPUR, 89, BASERI, 1249, SARMATHURA, 37318, 1164585, Roads, 0, 0, 0, 0, 0, 0, 8500000, 8500000
2015, RAJASTHAN, 8, DHOLPUR, 89, BASERI, 1249, SARMATHURA, 37318, 1164585, Sanitation, 0, 0, 0, 0, 0, 0, 1250000, 1250000
2015, RAJASTHAN, 8, DHOLPUR, 89, BASERI, 1249, SARMATHURA, 37318, 1164585, Total, 0, 0, 0, 0, 0, 0, 12376761, 12376761
2015, RAJASTHAN, 8, DHOLPUR, 89, BASERI, 1249, TAJPUR, 37319, 1168706, Administrative & Technical Support, 0, 0, 0, 0, 0, 0, 69827, 69827
2015, RAJASTHAN, 8, DHOLPUR, 89, BASERI, 1249, TAJPUR, 37319, 1168706, Drinking water, 0, 0, 0, 0, 0, 0, 400000, 400000
2015, RAJASTHAN, 8, DHOLPUR, 89, BASERI, 1249, TAJPUR, 37319, 1168706, Maintenance of community system, 0, 0, 0, 0, 0, 0, 300000, 300000
2015, RAJASTHAN, 8, DHOLPUR, 89, BASERI, 1249, TAJPUR, 37319, 1168706, Roads, 0, 0, 0, 0, 0, 0, 3200000, 3200000
2015, RAJASTHAN, 8, DHOLPUR, 89, BASERI, 1249, TAJPUR, 37319, 1168706, Total, 0, 0, 0, 0, 0, 0, 3969827, 3969827
2015, RAJASTHAN, 8, DHOLPUR, 89, BASERI, 1249, TIMASIYA, 37320, 1160998, Land improvement, 0, 0, 0, 0, 0, 0, 1600000, 1600000
2015, RAJASTHAN, 8, DHOLPUR, 89, BASERI, 1249, TIMASIYA, 37320, 1160998, Roads, 0, 0, 0, 0, 0, 0, 2103000, 2103000
2015, RAJASTHAN, 8, DHOLPUR, 89, BASERI, 1249, TIMASIYA, 37320, 1160998, Sanitation, 0, 0, 0, 0, 0, 0, 1378450, 1378450
2015, RAJASTHAN, 8, DHOLPUR, 89, BASERI, 1249, TIMASIYA, 37320, 1160998, Total, 0, 0, 0, 0, 0, 0, 5081450, 5081450
2015, RAJASTHAN, 8, DHOLPUR, 89, BASERI, 1249, VILONI, 262472, 1160196, Drinking water, 0, 0, 0, 0, 0, 0, 779836, 779836
2015, RAJASTHAN, 8, DHOLPUR, 89, BASERI, 1249, VILONI, 262472, 1160196, Maintenance of community system, 0, 0, 0, 0, 0, 0, 150000, 150000
2015, RAJASTHAN, 8, DHOLPUR, 89, BASERI, 1249, VILONI, 262472, 1160196, Roads, 0, 0, 0, 0, 0, 0, 1623495, 1623495
2015, RAJASTHAN, 8, DHOLPUR, 89, BASERI, 1249, VILONI, 262472, 1160196, Total, 0, 0, 0, 0, 0, 0, 2553331, 2553331
2015, RAJASTHAN, 8, DHOLPUR, 89, DHAULPUR, 1250, BASAI NEEM, 37323, 1139930, Drinking water, 0, 0, 0, 0, 0, 0, 70000, 70000
2015, RAJASTHAN, 8, DHOLPUR, 89, DHAULPUR, 1250, BASAI NEEM, 37323, 1139930, Roads, 0, 0, 0, 0, 0, 0, 130000, 130000
2015, RAJASTHAN, 8, DHOLPUR, 89, DHAULPUR, 1250, BASAI NEEM, 37323, 1139930, Sanitation, 0, 0, 0, 0, 0, 0, 250000, 250000
2015, RAJASTHAN, 8, DHOLPUR, 89, DHAULPUR, 1250, BASAI NEEM, 37323, 1139930, Total, 0, 0, 0, 0, 0, 0, 450000, 450000
2015, RAJASTHAN, 8, DHOLPUR, 89, DHAULPUR, 1250, BASAI SAMANTA, 37324, 1140172, Maintenance of community system, 0, 0, 0, 0, 0, 0, 200000, 200000
2015, RAJASTHAN, 8, DHOLPUR, 89, DHAULPUR, 1250, BASAI SAMANTA, 37324, 1140172, Roads, 0, 0, 0, 0, 0, 0, 500000, 500000
2015, RAJASTHAN, 8, DHOLPUR, 89, DHAULPUR, 1250, BASAI SAMANTA, 37324, 1140172, Sanitation, 0, 0, 0, 0, 0, 0, 960000, 960000
2015, RAJASTHAN, 8, DHOLPUR, 89, DHAULPUR, 1250, BASAI SAMANTA, 37324, 1140172, Total, 0, 0, 0, 0, 0, 0, 1660000, 1660000
2015, RAJASTHAN, 8, DHOLPUR, 89, DHAULPUR, 1250, BEELPUR, 262551, 1139914, Roads, 0, 0, 0, 0, 0, 0, 998000, 998000
2015, RAJASTHAN, 8, DHOLPUR, 89, DHAULPUR, 1250, BEELPUR, 262551, 1139914, Sanitation, 0, 0, 0, 0, 0, 0, 1362000, 1362000
2015, RAJASTHAN, 8, DHOLPUR, 89, DHAULPUR, 1250, BEELPUR, 262551, 1139914, Total, 0, 0, 0, 0, 0, 0, 2360000, 2360000
2015, RAJASTHAN, 8, DHOLPUR, 89, DHAULPUR, 1250, BHAISENA, 37372, 1140404, Sanitation, 0, 0, 0, 0, 0, 0, 900000, 900000
2015, RAJASTHAN, 8, DHOLPUR, 89, DHAULPUR, 1250, BHAISENA, 37372, 1140404, Total, 0, 0, 0, 0, 0, 0, 900000, 900000
2015, RAJASTHAN, 8, DHOLPUR, 89, DHAULPUR, 1250, BIPARPUR, 37366, 1140574, Drinking water, 0, 0, 0, 0, 0, 0, 199958, 199958
2015, RAJASTHAN, 8, DHOLPUR, 89, DHAULPUR, 1250, BIPARPUR, 37366, 1140574, Sanitation, 0, 0, 0, 0, 0, 0, 2300000, 2300000
2015, RAJASTHAN, 8, DHOLPUR, 89, DHAULPUR, 1250, BIPARPUR, 37366, 1140574, Total, 0, 0, 0, 0, 0, 0, 2499958, 2499958
2015, RAJASTHAN, 8, DHOLPUR, 89, DHAULPUR, 1250, BIRODHA, 37367, 1140434, Rural electrification, 0, 0, 0, 0, 0, 0, 100000, 100000
2015, RAJASTHAN, 8, DHOLPUR, 89, DHAULPUR, 1250, BIRODHA, 37367, 1140434, Total, 0, 0, 0, 0, 0, 0, 100000, 100000
2015, RAJASTHAN, 8, DHOLPUR, 89, DHAULPUR, 1250, BISHNODA, 37368, 1154399, Roads, 0, 0, 0, 0, 0, 0, 1100000, 1100000
2015, RAJASTHAN, 8, DHOLPUR, 89, DHAULPUR, 1250, BISHNODA, 37368, 1154399, Total, 0, 0, 0, 0, 0, 0, 1100000, 1100000
2015, RAJASTHAN, 8, DHOLPUR, 89, DHAULPUR, 1250, BOTHPURA, 37326, 1154352, Roads, 0, 0, 0, 0, 0, 0, 1536000, 1536000
2015, RAJASTHAN, 8, DHOLPUR, 89, DHAULPUR, 1250, BOTHPURA, 37326, 1154352, Sanitation, 0, 0, 0, 0, 0, 0, 200000, 200000
2015, RAJASTHAN, 8, DHOLPUR, 89, DHAULPUR, 1250, BOTHPURA, 37326, 1154352, Total, 0, 0, 0, 0, 0, 0, 1736000, 1736000
2015, RAJASTHAN, 8, DHOLPUR, 89, DHAULPUR, 1250, BRETHA, 37321, 1140437, Sanitation, 0, 0, 0, 0, 0, 0, 520000, 520000
2015, RAJASTHAN, 8, DHOLPUR, 89, DHAULPUR, 1250, BRETHA, 37321, 1140437, Total, 0, 0, 0, 0, 0, 0, 520000, 520000
2015, RAJASTHAN, 8, DHOLPUR, 89, DHAULPUR, 1250, CHOWKI HINOTA, 37332, 1154362, Cultural activities, 0, 0, 0, 0, 0, 0, 225000, 225000
2015, RAJASTHAN, 8, DHOLPUR, 89, DHAULPUR, 1250, CHOWKI HINOTA, 37332, 1154362, Roads, 0, 0, 0, 0, 0, 0, 1375000, 1375000
2015, RAJASTHAN, 8, DHOLPUR, 89, DHAULPUR, 1250, CHOWKI HINOTA, 37332, 1154362, Total, 0, 0, 0, 0, 0, 0, 1600000, 1600000
2015, RAJASTHAN, 8, DHOLPUR, 89, DHAULPUR, 1250, DAYERI, 262563, 1140441, Sanitation, 0, 0, 0, 0, 0, 0, 1300000, 1300000
2015, RAJASTHAN, 8, DHOLPUR, 89, DHAULPUR, 1250, DAYERI, 262563, 1140441, Total, 0, 0, 0, 0, 0, 0, 1300000, 1300000
2015, RAJASTHAN, 8, DHOLPUR, 89, DHAULPUR, 1250, DOOBRA, 37330, 1154361, Roads, 0, 0, 0, 0, 0, 0, 1000000, 1000000
2015, RAJASTHAN, 8, DHOLPUR, 89, DHAULPUR, 1250, DOOBRA, 37330, 1154361, Sanitation, 0, 0, 0, 0, 0, 0, 500000, 500000
2015, RAJASTHAN, 8, DHOLPUR, 89, DHAULPUR, 1250, DOOBRA, 37330, 1154361, Total, 0, 0, 0, 0, 0, 0, 1500000, 1500000
2015, RAJASTHAN, 8, DHOLPUR, 89, DHAULPUR, 1250, DUBATI, 37329, 1140240, Sanitation, 0, 0, 0, 0, 0, 0, 1250000, 1250000
2015, RAJASTHAN, 8, DHOLPUR, 89, DHAULPUR, 1250, DUBATI, 37329, 1140240, Total, 0, 0, 0, 0, 0, 0, 1250000, 1250000
2015, RAJASTHAN, 8, DHOLPUR, 89, DHAULPUR, 1250, DULHARA, 37377, 1140447, Health, 0, 0, 0, 0, 0, 0, 638491, 638491
2015, RAJASTHAN, 8, DHOLPUR, 89, DHAULPUR, 1250, DULHARA, 37377, 1140447, Total, 0, 0, 0, 0, 0, 0, 638491, 638491
2015, RAJASTHAN, 8, DHOLPUR, 89, DHAULPUR, 1250, FIROZPUR, 262647, 1083102, Sanitation, 0, 0, 0, 0, 0, 0, 523000, 523000
2015, RAJASTHAN, 8, DHOLPUR, 89, DHAULPUR, 1250, FIROZPUR, 262647, 1083102, Total, 0, 0, 0, 0, 0, 0, 523000, 523000
2015, RAJASTHAN, 8, DHOLPUR, 89, DHAULPUR, 1250, JATOLI, 37382, 1140449, Maintenance of community system, 0, 0, 0, 0, 0, 0, 73500, 73500
2015, RAJASTHAN, 8, DHOLPUR, 89, DHAULPUR, 1250, JATOLI, 37382, 1140449, Sanitation, 0, 0, 0, 0, 0, 0, 925000, 925000
2015, RAJASTHAN, 8, DHOLPUR, 89, DHAULPUR, 1250, JATOLI, 37382, 1140449, Total, 0, 0, 0, 0, 0, 0, 998500, 998500
2015, RAJASTHAN, 8, DHOLPUR, 89, DHAULPUR, 1250, KASIMPUR, 37383, 1154365, Education, 0, 0, 0, 0, 0, 0, 344675, 344675
2015, RAJASTHAN, 8, DHOLPUR, 89, DHAULPUR, 1250, KASIMPUR, 37383, 1154365, Roads, 0, 0, 0, 0, 0, 0, 1000000, 1000000
2015, RAJASTHAN, 8, DHOLPUR, 89, DHAULPUR, 1250, KASIMPUR, 37383, 1154365, Total, 0, 0, 0, 0, 0, 0, 1344675, 1344675
2015, RAJASTHAN, 8, DHOLPUR, 89, DHAULPUR, 1250, KHERA, 262571, 1140508, Sanitation, 0, 0, 0, 0, 0, 0, 900000, 900000
2015, RAJASTHAN, 8, DHOLPUR, 89, DHAULPUR, 1250, KHERA, 262571, 1140508, Total, 0, 0, 0, 0, 0, 0, 900000, 900000
2015, RAJASTHAN, 8, DHOLPUR, 89, DHAULPUR, 1250, KOTRA, 37339, 1140492, Sanitation, 0, 0, 0, 0, 0, 0, 1000000, 1000000
2015, RAJASTHAN, 8, DHOLPUR, 89, DHAULPUR, 1250, KOTRA, 37339, 1140492, Total, 0, 0, 0, 0, 0, 0, 1000000, 1000000
2015, RAJASTHAN, 8, DHOLPUR, 89, DHAULPUR, 1250, LUHARI, 37388, 1140493, Sanitation, 0, 0, 0, 0, 0, 0, 600000, 600000
2015, RAJASTHAN, 8, DHOLPUR, 89, DHAULPUR, 1250, LUHARI, 37388, 1140493, Total, 0, 0, 0, 0, 0, 0, 600000, 600000
2015, RAJASTHAN, 8, DHOLPUR, 89, DHAULPUR, 1250, MANGROL, 37392, 1140502, Sanitation, 0, 0, 0, 0, 0, 0, 1500000, 1500000
2015, RAJASTHAN, 8, DHOLPUR, 89, DHAULPUR, 1250, MANGROL, 37392, 1140502, Total, 0, 0, 0, 0, 0, 0, 1500000, 1500000
2015, RAJASTHAN, 8, DHOLPUR, 89, DHAULPUR, 1250, MANIYAN, 37343, 1140489, Drinking water, 0, 0, 0, 0, 0, 0, 125000, 125000
2015, RAJASTHAN, 8, DHOLPUR, 89, DHAULPUR, 1250, MANIYAN, 37343, 1140489, Maintenance of community system, 0, 0, 0, 0, 0, 0, 250000, 250000
2015, RAJASTHAN, 8, DHOLPUR, 89, DHAULPUR, 1250, MANIYAN, 37343, 1140489, Non-conventional energy sources, 0, 0, 0, 0, 0, 0, 200000, 200000
2015, RAJASTHAN, 8, DHOLPUR, 89, DHAULPUR, 1250, MANIYAN, 37343, 1140489, Roads, 0, 0, 0, 0, 0, 0, 200000, 200000
2015, RAJASTHAN, 8, DHOLPUR, 89, DHAULPUR, 1250, MANIYAN, 37343, 1140489, Total, 0, 0, 0, 0, 0, 0, 775000, 775000
2015, RAJASTHAN, 8, DHOLPUR, 89, DHAULPUR, 1250, MARHA BHAU, 37390, 1154383, Maintenance of community system, 0, 0, 0, 0, 0, 0, 200000, 200000
2015, RAJASTHAN, 8, DHOLPUR, 89, DHAULPUR, 1250, MARHA BHAU, 37390, 1154383, Roads, 0, 0, 0, 0, 0, 0, 1400000, 1400000
2015, RAJASTHAN, 8, DHOLPUR, 89, DHAULPUR, 1250, MARHA BHAU, 37390, 1154383, Sanitation, 0, 0, 0, 0, 0, 0, 825000, 825000
2015, RAJASTHAN, 8, DHOLPUR, 89, DHAULPUR, 1250, MARHA BHAU, 37390, 1154383, Total, 0, 0, 0, 0, 0, 0, 2425000, 2425000
2015, RAJASTHAN, 8, DHOLPUR, 89, DHAULPUR, 1250, MOROLI, 37347, 1140505, Maintenance of community system, 0, 0, 0, 0, 0, 0, 100000, 100000
2015, RAJASTHAN, 8, DHOLPUR, 89, DHAULPUR, 1250, MOROLI, 37347, 1140505, Total, 0, 0, 0, 0, 0, 0, 150000, 150000
2015, RAJASTHAN, 8, DHOLPUR, 89, DHAULPUR, 1250, MOROLI, 37347, 1140505, Women and child development, 0, 0, 0, 0, 0, 0, 50000, 50000
2015, RAJASTHAN, 8, DHOLPUR, 89, DHAULPUR, 1250, NAINOKHAR, 262594, 1140484, Sanitation, 0, 0, 0, 0, 0, 0, 1280000, 1280000
2015, RAJASTHAN, 8, DHOLPUR, 89, DHAULPUR, 1250, NAINOKHAR, 262594, 1140484, Total, 0, 0, 0, 0, 0, 0, 1280000, 1280000
2015, RAJASTHAN, 8, DHOLPUR, 89, DHAULPUR, 1250, ODI, 37351, 1154388, Roads, 0, 0, 0, 0, 0, 0, 500000, 500000
2015, RAJASTHAN, 8, DHOLPUR, 89, DHAULPUR, 1250, ODI, 37351, 1154388, Sanitation, 0, 0, 0, 0, 0, 0, 300000, 300000
2015, RAJASTHAN, 8, DHOLPUR, 89, DHAULPUR, 1250, ODI, 37351, 1154388, Total, 0, 0, 0, 0, 0, 0, 800000, 800000
2015, RAJASTHAN, 8, DHOLPUR, 89, DHAULPUR, 1250, PACHGAON, 37352, 1140500, Sanitation, 0, 0, 0, 0, 0, 0, 865000, 865000
2015, RAJASTHAN, 8, DHOLPUR, 89, DHAULPUR, 1250, PACHGAON, 37352, 1140500, Total, 0, 0, 0, 0, 0, 0, 865000, 865000
2015, RAJASTHAN, 8, DHOLPUR, 89, DHAULPUR, 1250, PURANI CHHAWANEE, 37355, 1140575, Education, 0, 0, 0, 0, 0, 0, 200000, 200000
2015, RAJASTHAN, 8, DHOLPUR, 89, DHAULPUR, 1250, PURANI CHHAWANEE, 37355, 1140575, Roads, 0, 0, 0, 0, 0, 0, 500000, 500000
2015, RAJASTHAN, 8, DHOLPUR, 89, DHAULPUR, 1250, PURANI CHHAWANEE, 37355, 1140575, Sanitation, 0, 0, 0, 0, 0, 0, 350000, 350000
2015, RAJASTHAN, 8, DHOLPUR, 89, DHAULPUR, 1250, PURANI CHHAWANEE, 37355, 1140575, Total, 0, 0, 0, 0, 0, 0, 1050000, 1050000
2015, RAJASTHAN, 8, DHOLPUR, 89, DHAULPUR, 1250, SADIKPUR, 37399, 1140576, Sanitation, 0, 0, 0, 0, 0, 0, 875000, 875000
2015, RAJASTHAN, 8, DHOLPUR, 89, DHAULPUR, 1250, SADIKPUR, 37399, 1140576, Total, 0, 0, 0, 0, 0, 0, 875000, 875000
2015, RAJASTHAN, 8, DHOLPUR, 89, DHAULPUR, 1250, SARANI, 37362, 1140579, Roads, 0, 0, 0, 0, 0, 0, 500000, 500000
2015, RAJASTHAN, 8, DHOLPUR, 89, DHAULPUR, 1250, SARANI, 37362, 1140579, Sanitation, 0, 0, 0, 0, 0, 0, 1850000, 1850000
2015, RAJASTHAN, 8, DHOLPUR, 89, DHAULPUR, 1250, SARANI, 37362, 1140579, Total, 0, 0, 0, 0, 0, 0, 2350000, 2350000
2015, RAJASTHAN, 8, DHOLPUR, 89, DHAULPUR, 1250, SINGHAWALI   BAREH, 37405, 1139922, Sanitation, 0, 0, 0, 0, 0, 0, 34000, 34000
2015, RAJASTHAN, 8, DHOLPUR, 89, DHAULPUR, 1250, SINGHAWALI   BAREH, 37405, 1139922, Total, 0, 0, 0, 0, 0, 0, 34000, 34000
2015, RAJASTHAN, 8, DHOLPUR, 89, DHAULPUR, 1250, TAGAWALI, 37407, 1140480, Sanitation, 0, 0, 0, 0, 0, 0, 1100000, 1100000
2015, RAJASTHAN, 8, DHOLPUR, 89, DHAULPUR, 1250, TAGAWALI, 37407, 1140480, Total, 0, 0, 0, 0, 0, 0, 1100000, 1100000
2015, RAJASTHAN, 8, DHOLPUR, 89, DHAULPUR, 1250, TANDA, 37364, 1140571, Roads, 0, 0, 0, 0, 0, 0, 500000, 500000
2015, RAJASTHAN, 8, DHOLPUR, 89, DHAULPUR, 1250, TANDA, 37364, 1140571, Sanitation, 0, 0, 0, 0, 0, 0, 500000, 500000
2015, RAJASTHAN, 8, DHOLPUR, 89, DHAULPUR, 1250, TANDA, 37364, 1140571, Total, 0, 0, 0, 0, 0, 0, 1000000, 1000000
2015, RAJASTHAN, 8, DHOLPUR, 89, RAJAKHERA, 1251, BAJNA, 37369, 1141425, Maintenance of community system, 0, 0, 0, 0, 0, 0, 755100, 755100
2015, RAJASTHAN, 8, DHOLPUR, 89, RAJAKHERA, 1251, BAJNA, 37369, 1141425, Roads, 0, 0, 0, 0, 0, 0, 1000000, 1000000
2015, RAJASTHAN, 8, DHOLPUR, 89, RAJAKHERA, 1251, BAJNA, 37369, 1141425, Sanitation, 0, 0, 0, 0, 0, 0, 250000, 250000
2015, RAJASTHAN, 8, DHOLPUR, 89, RAJAKHERA, 1251, BAJNA, 37369, 1141425, Total, 0, 0, 0, 0, 0, 0, 2005100, 2005100
2015, RAJASTHAN, 8, DHOLPUR, 89, RAJAKHERA, 1251, BASAI GHEEYARAM, 37370, 1143578, Roads, 0, 0, 0, 0, 0, 0, 500000, 500000
2015, RAJASTHAN, 8, DHOLPUR, 89, RAJAKHERA, 1251, BASAI GHEEYARAM, 37370, 1143578, Total, 0, 0, 0, 0, 0, 0, 500000, 500000
2015, RAJASTHAN, 8, DHOLPUR, 89, RAJAKHERA, 1251, BASAI KARE, 37371, 1153093, Maintenance of community system, 0, 0, 0, 0, 0, 0, 326500, 326500
2015, RAJASTHAN, 8, DHOLPUR, 89, RAJAKHERA, 1251, BASAI KARE, 37371, 1153093, Roads, 0, 0, 0, 0, 0, 0, 1500000, 1500000
2015, RAJASTHAN, 8, DHOLPUR, 89, RAJAKHERA, 1251, BASAI KARE, 37371, 1153093, Total, 0, 0, 0, 0, 0, 0, 1826500, 1826500
2015, RAJASTHAN, 8, DHOLPUR, 89, RAJAKHERA, 1251, BINTIPURA, 37373, 1169823, Maintenance of community system, 0, 0, 0, 0, 0, 0, 1724390, 1724390
2015, RAJASTHAN, 8, DHOLPUR, 89, RAJAKHERA, 1251, BINTIPURA, 37373, 1169823, Roads, 0, 0, 0, 0, 0, 0, 1672623, 1672623
2015, RAJASTHAN, 8, DHOLPUR, 89, RAJAKHERA, 1251, BINTIPURA, 37373, 1169823, Total, 0, 0, 0, 0, 0, 0, 3397013, 3397013
2015, RAJASTHAN, 8, DHOLPUR, 89, RAJAKHERA, 1251, CHEELPURA, 37374, 1141346, Roads, 0, 0, 0, 0, 0, 0, 1335500, 1335500
2015, RAJASTHAN, 8, DHOLPUR, 89, RAJAKHERA, 1251, CHEELPURA, 37374, 1141346, Total, 0, 0, 0, 0, 0, 0, 1335500, 1335500
2015, RAJASTHAN, 8, DHOLPUR, 89, RAJAKHERA, 1251, DEOKHERA, 37375, 1154200, Maintenance of community system, 0, 0, 0, 0, 0, 0, 100000, 100000
2015, RAJASTHAN, 8, DHOLPUR, 89, RAJAKHERA, 1251, DEOKHERA, 37375, 1154200, Roads, 0, 0, 0, 0, 0, 0, 1300000, 1300000
2015, RAJASTHAN, 8, DHOLPUR, 89, RAJAKHERA, 1251, DEOKHERA, 37375, 1154200, Total, 0, 0, 0, 0, 0, 0, 1400000, 1400000
2015, RAJASTHAN, 8, DHOLPUR, 89, RAJAKHERA, 1251, DHONDHI KA PURA, 262597, 1153131, Administrative & Technical Support, 0, 0, 0, 0, 0, 0, 74464, 74464
2015, RAJASTHAN, 8, DHOLPUR, 89, RAJAKHERA, 1251, DHONDHI KA PURA, 262597, 1153131, Maintenance of community system, 0, 0, 0, 0, 0, 0, 1162324, 1162324
2015, RAJASTHAN, 8, DHOLPUR, 89, RAJAKHERA, 1251, DHONDHI KA PURA, 262597, 1153131, Roads, 0, 0, 0, 0, 0, 0, 708816, 708816
2015, RAJASTHAN, 8, DHOLPUR, 89, RAJAKHERA, 1251, DHONDHI KA PURA, 262597, 1153131, Total, 0, 0, 0, 0, 0, 0, 1945604, 1945604
2015, RAJASTHAN, 8, DHOLPUR, 89, RAJAKHERA, 1251, DIHAULI, 37376, 1154213, Administrative & Technical Support, 0, 0, 0, 0, 0, 0, 120870, 120870
2015, RAJASTHAN, 8, DHOLPUR, 89, RAJAKHERA, 1251, DIHAULI, 37376, 1154213, Drinking water, 0, 0, 0, 0, 0, 0, 12182, 12182
2015, RAJASTHAN, 8, DHOLPUR, 89, RAJAKHERA, 1251, DIHAULI, 37376, 1154213, Maintenance of community system, 0, 0, 0, 0, 0, 0, 1750000, 1750000
2015, RAJASTHAN, 8, DHOLPUR, 89, RAJAKHERA, 1251, DIHAULI, 37376, 1154213, Roads, 0, 0, 0, 0, 0, 0, 1983000, 1983000
2015, RAJASTHAN, 8, DHOLPUR, 89, RAJAKHERA, 1251, DIHAULI, 37376, 1154213, Total, 0, 0, 0, 0, 0, 0, 3866052, 3866052
2015, RAJASTHAN, 8, DHOLPUR, 89, RAJAKHERA, 1251, FARASHPURA, 37397, 1143516, Maintenance of community system, 0, 0, 0, 0, 0, 0, 1250000, 1250000
2015, RAJASTHAN, 8, DHOLPUR, 89, RAJAKHERA, 1251, FARASHPURA, 37397, 1143516, Roads, 0, 0, 0, 0, 0, 0, 2000000, 2000000
2015, RAJASTHAN, 8, DHOLPUR, 89, RAJAKHERA, 1251, FARASHPURA, 37397, 1143516, Total, 0, 0, 0, 0, 0, 0, 3250000, 3250000
2015, RAJASTHAN, 8, DHOLPUR, 89, RAJAKHERA, 1251, GANHAIDI, 37378, 1143566, Maintenance of community system, 0, 0, 0, 0, 0, 0, 930000, 930000
2015, RAJASTHAN, 8, DHOLPUR, 89, RAJAKHERA, 1251, GANHAIDI, 37378, 1143566, Roads, 0, 0, 0, 0, 0, 0, 1510000, 1510000
2015, RAJASTHAN, 8, DHOLPUR, 89, RAJAKHERA, 1251, GANHAIDI, 37378, 1143566, Total, 0, 0, 0, 0, 0, 0, 2440000, 2440000
2015, RAJASTHAN, 8, DHOLPUR, 89, RAJAKHERA, 1251, HATHWARI, 37379, 1169665, Administrative & Technical Support, 0, 0, 0, 0, 0, 0, 206896, 206896
2015, RAJASTHAN, 8, DHOLPUR, 89, RAJAKHERA, 1251, HATHWARI, 37379, 1169665, Drinking water, 0, 0, 0, 0, 0, 0, 2792, 2792
2015, RAJASTHAN, 8, DHOLPUR, 89, RAJAKHERA, 1251, HATHWARI, 37379, 1169665, Maintenance of community system, 0, 0, 0, 0, 0, 0, 2708073, 2708073
2015, RAJASTHAN, 8, DHOLPUR, 89, RAJAKHERA, 1251, HATHWARI, 37379, 1169665, Roads, 0, 0, 0, 0, 0, 0, 1850605, 1850605
2015, RAJASTHAN, 8, DHOLPUR, 89, RAJAKHERA, 1251, HATHWARI, 37379, 1169665, Total, 0, 0, 0, 0, 0, 0, 4768366, 4768366
2015, RAJASTHAN, 8, DHOLPUR, 89, RAJAKHERA, 1251, JALALPUR, 37380, 1143599, Maintenance of community system, 0, 0, 0, 0, 0, 0, 750000, 750000
2015, RAJASTHAN, 8, DHOLPUR, 89, RAJAKHERA, 1251, JALALPUR, 37380, 1143599, Roads, 0, 0, 0, 0, 0, 0, 1550000, 1550000
2015, RAJASTHAN, 8, DHOLPUR, 89, RAJAKHERA, 1251, JALALPUR, 37380, 1143599, Total, 0, 0, 0, 0, 0, 0, 2300000, 2300000
2015, RAJASTHAN, 8, DHOLPUR, 89, RAJAKHERA, 1251, JASOOPURA, 37381, 1141371, Maintenance of community system, 0, 0, 0, 0, 0, 0, 1300000, 1300000
2015, RAJASTHAN, 8, DHOLPUR, 89, RAJAKHERA, 1251, JASOOPURA, 37381, 1141371, Roads, 0, 0, 0, 0, 0, 0, 1950000, 1950000
2015, RAJASTHAN, 8, DHOLPUR, 89, RAJAKHERA, 1251, JASOOPURA, 37381, 1141371, Total, 0, 0, 0, 0, 0, 0, 3250000, 3250000
2015, RAJASTHAN, 8, DHOLPUR, 89, RAJAKHERA, 1251, KHERLI, 37384, 1141359, Maintenance of community system, 0, 0, 0, 0, 0, 0, 1500000, 1500000
2015, RAJASTHAN, 8, DHOLPUR, 89, RAJAKHERA, 1251, KHERLI, 37384, 1141359, Roads, 0, 0, 0, 0, 0, 0, 1750000, 1750000
2015, RAJASTHAN, 8, DHOLPUR, 89, RAJAKHERA, 1251, KHERLI, 37384, 1141359, Total, 0, 0, 0, 0, 0, 0, 3250000, 3250000
2015, RAJASTHAN, 8, DHOLPUR, 89, RAJAKHERA, 1251, KHURILA, 37385, 1141381, Maintenance of community system, 0, 0, 0, 0, 0, 0, 400000, 400000
2015, RAJASTHAN, 8, DHOLPUR, 89, RAJAKHERA, 1251, KHURILA, 37385, 1141381, Roads, 0, 0, 0, 0, 0, 0, 1750000, 1750000
2015, RAJASTHAN, 8, DHOLPUR, 89, RAJAKHERA, 1251, KHURILA, 37385, 1141381, Total, 0, 0, 0, 0, 0, 0, 2150000, 2150000
2015, RAJASTHAN, 8, DHOLPUR, 89, RAJAKHERA, 1251, KOTPURA, 37386, 1143532, Maintenance of community system, 0, 0, 0, 0, 0, 0, 2000000, 2000000
2015, RAJASTHAN, 8, DHOLPUR, 89, RAJAKHERA, 1251, KOTPURA, 37386, 1143532, Roads, 0, 0, 0, 0, 0, 0, 2500000, 2500000
2015, RAJASTHAN, 8, DHOLPUR, 89, RAJAKHERA, 1251, KOTPURA, 37386, 1143532, Total, 0, 0, 0, 0, 0, 0, 4500000, 4500000
2015, RAJASTHAN, 8, DHOLPUR, 89, RAJAKHERA, 1251, LALPUR, 37387, 1153122, Maintenance of community system, 0, 0, 0, 0, 0, 0, 715000, 715000
2015, RAJASTHAN, 8, DHOLPUR, 89, RAJAKHERA, 1251, LALPUR, 37387, 1153122, Roads, 0, 0, 0, 0, 0, 0, 1247000, 1247000
2015, RAJASTHAN, 8, DHOLPUR, 89, RAJAKHERA, 1251, LALPUR, 37387, 1153122, Total, 0, 0, 0, 0, 0, 0, 1962000, 1962000
2015, RAJASTHAN, 8, DHOLPUR, 89, RAJAKHERA, 1251, MACHHARIYA, 37389, 1169830, Maintenance of community system, 0, 0, 0, 0, 0, 0, 2294518, 2294518
2015, RAJASTHAN, 8, DHOLPUR, 89, RAJAKHERA, 1251, MACHHARIYA, 37389, 1169830, Roads, 0, 0, 0, 0, 0, 0, 1642475, 1642475
2015, RAJASTHAN, 8, DHOLPUR, 89, RAJAKHERA, 1251, MACHHARIYA, 37389, 1169830, Total, 0, 0, 0, 0, 0, 0, 3936993, 3936993
2015, RAJASTHAN, 8, DHOLPUR, 89, RAJAKHERA, 1251, MAHADPURA, 37391, 1169818, Maintenance of community system, 0, 0, 0, 0, 0, 0, 1622149, 1622149
2015, RAJASTHAN, 8, DHOLPUR, 89, RAJAKHERA, 1251, MAHADPURA, 37391, 1169818, Roads, 0, 0, 0, 0, 0, 0, 1500000, 1500000
2015, RAJASTHAN, 8, DHOLPUR, 89, RAJAKHERA, 1251, MAHADPURA, 37391, 1169818, Total, 0, 0, 0, 0, 0, 0, 3558832, 3558832
2015, RAJASTHAN, 8, DHOLPUR, 89, RAJAKHERA, 1251, MAHADPURA, 37391, 1169818, Water Conservation, 0, 0, 0, 0, 0, 0, 436683, 436683
2015, RAJASTHAN, 8, DHOLPUR, 89, RAJAKHERA, 1251, MARENA, 37393, 1169653, Administrative & Technical Support, 0, 0, 0, 0, 0, 0, 265226, 265226
2015, RAJASTHAN, 8, DHOLPUR, 89, RAJAKHERA, 1251, MARENA, 37393, 1169653, Drinking water, 0, 0, 0, 0, 0, 0, 42396, 42396
2015, RAJASTHAN, 8, DHOLPUR, 89, RAJAKHERA, 1251, MARENA, 37393, 1169653, Maintenance of community system, 0, 0, 0, 0, 0, 0, 1500855, 1500855
2015, RAJASTHAN, 8, DHOLPUR, 89, RAJAKHERA, 1251, MARENA, 37393, 1169653, Roads, 0, 0, 0, 0, 0, 0, 2535996, 2535996
2015, RAJASTHAN, 8, DHOLPUR, 89, RAJAKHERA, 1251, MARENA, 37393, 1169653, Total, 0, 0, 0, 0, 0, 0, 4344473, 4344473
2015, RAJASTHAN, 8, DHOLPUR, 89, RAJAKHERA, 1251, NADAULI, 37394, 1169811, Maintenance of community system, 0, 0, 0, 0, 0, 0, 1428934, 1428934
2015, RAJASTHAN, 8, DHOLPUR, 89, RAJAKHERA, 1251, NADAULI, 37394, 1169811, Roads, 0, 0, 0, 0, 0, 0, 1706004, 1706004
2015, RAJASTHAN, 8, DHOLPUR, 89, RAJAKHERA, 1251, NADAULI, 37394, 1169811, Total, 0, 0, 0, 0, 0, 0, 3134938, 3134938
2015, RAJASTHAN, 8, DHOLPUR, 89, RAJAKHERA, 1251, NAGAR, 37395, 1154240, Maintenance of community system, 0, 0, 0, 0, 0, 0, 100000, 100000
2015, RAJASTHAN, 8, DHOLPUR, 89, RAJAKHERA, 1251, NAGAR, 37395, 1154240, Roads, 0, 0, 0, 0, 0, 0, 1700000, 1700000
2015, RAJASTHAN, 8, DHOLPUR, 89, RAJAKHERA, 1251, NAGAR, 37395, 1154240, Total, 0, 0, 0, 0, 0, 0, 1800000, 1800000
2015, RAJASTHAN, 8, DHOLPUR, 89, RAJAKHERA, 1251, NAHILA, 37396, 1154231, Roads, 0, 0, 0, 0, 0, 0, 1500000, 1500000
2015, RAJASTHAN, 8, DHOLPUR, 89, RAJAKHERA, 1251, NAHILA, 37396, 1154231, Total, 0, 0, 0, 0, 0, 0, 1500000, 1500000
2015, RAJASTHAN, 8, DHOLPUR, 89, RAJAKHERA, 1251, SADAPUR, 37398, 1141386, Maintenance of community system, 0, 0, 0, 0, 0, 0, 150000, 150000
2015, RAJASTHAN, 8, DHOLPUR, 89, RAJAKHERA, 1251, SADAPUR, 37398, 1141386, Roads, 0, 0, 0, 0, 0, 0, 1900000, 1900000
2015, RAJASTHAN, 8, DHOLPUR, 89, RAJAKHERA, 1251, SADAPUR, 37398, 1141386, Total, 0, 0, 0, 0, 0, 0, 2050000, 2050000
2015, RAJASTHAN, 8, DHOLPUR, 89, RAJAKHERA, 1251, SAMAUNA, 37401, 1143609, Maintenance of community system, 0, 0, 0, 0, 0, 0, 250000, 250000
2015, RAJASTHAN, 8, DHOLPUR, 89, RAJAKHERA, 1251, SAMAUNA, 37401, 1143609, Roads, 0, 0, 0, 0, 0, 0, 2000000, 2000000
2015, RAJASTHAN, 8, DHOLPUR, 89, RAJAKHERA, 1251, SAMAUNA, 37401, 1143609, Total, 0, 0, 0, 0, 0, 0, 2250000, 2250000
2015, RAJASTHAN, 8, DHOLPUR, 89, RAJAKHERA, 1251, SAMOR, 37402, 1143539, Maintenance of community system, 0, 0, 0, 0, 0, 0, 450000, 450000
2015, RAJASTHAN, 8, DHOLPUR, 89, RAJAKHERA, 1251, SAMOR, 37402, 1143539, Roads, 0, 0, 0, 0, 0, 0, 627000, 627000
2015, RAJASTHAN, 8, DHOLPUR, 89, RAJAKHERA, 1251, SAMOR, 37402, 1143539, Total, 0, 0, 0, 0, 0, 0, 1077000, 1077000
2015, RAJASTHAN, 8, DHOLPUR, 89, RAJAKHERA, 1251, SHAHPURA, 37400, 1143624, Roads, 0, 0, 0, 0, 0, 0, 2400000, 2400000
2015, RAJASTHAN, 8, DHOLPUR, 89, RAJAKHERA, 1251, SHAHPURA, 37400, 1143624, Total, 0, 0, 0, 0, 0, 0, 2400000, 2400000
2015, RAJASTHAN, 8, DHOLPUR, 89, RAJAKHERA, 1251, SIKRODA, 37403, 1141435, Education, 0, 0, 0, 0, 0, 0, 70000, 70000
2015, RAJASTHAN, 8, DHOLPUR, 89, RAJAKHERA, 1251, SIKRODA, 37403, 1141435, Maintenance of community system, 0, 0, 0, 0, 0, 0, 1449960, 1449960
2015, RAJASTHAN, 8, DHOLPUR, 89, RAJAKHERA, 1251, SIKRODA, 37403, 1141435, Roads, 0, 0, 0, 0, 0, 0, 2196000, 2196000
2015, RAJASTHAN, 8, DHOLPUR, 89, RAJAKHERA, 1251, SIKRODA, 37403, 1141435, Total, 0, 0, 0, 0, 0, 0, 3715960, 3715960
2015, RAJASTHAN, 8, DHOLPUR, 89, RAJAKHERA, 1251, SILAWAT, 37404, 1165679, Administrative & Technical Support, 0, 0, 0, 0, 0, 0, 18295, 18295
2015, RAJASTHAN, 8, DHOLPUR, 89, RAJAKHERA, 1251, SILAWAT, 37404, 1165679, Maintenance of community system, 0, 0, 0, 0, 0, 0, 31761, 31761
2015, RAJASTHAN, 8, DHOLPUR, 89, RAJAKHERA, 1251, SILAWAT, 37404, 1165679, Roads, 0, 0, 0, 0, 0, 0, 2413868, 2413868
2015, RAJASTHAN, 8, DHOLPUR, 89, RAJAKHERA, 1251, SILAWAT, 37404, 1165679, Total, 0, 0, 0, 0, 0, 0, 2463924, 2463924
2015, RAJASTHAN, 8, DHOLPUR, 89, RAJAKHERA, 1251, SINGHAWALI KALAN, 37406, 1154176, Roads, 0, 0, 0, 0, 0, 0, 1650000, 1650000
2015, RAJASTHAN, 8, DHOLPUR, 89, RAJAKHERA, 1251, SINGHAWALI KALAN, 37406, 1154176, Total, 0, 0, 0, 0, 0, 0, 1650000, 1650000
2015, RAJASTHAN, 8, DHOLPUR, 89, SAIPAU, 262816, BASAI NAWAB, 37322, 1105036, Sanitation, 0, 0, 0, 0, 0, 0, 2240000, 2240000
2015, RAJASTHAN, 8, DHOLPUR, 89, SAIPAU, 262816, BASAI NAWAB, 37322, 1105036, Total, 0, 0, 0, 0, 0, 0, 2240000, 2240000
2015, RAJASTHAN, 8, DHOLPUR, 89, SAIPAU, 262816, BHADIYANA, 37325, 1105040, Sanitation, 0, 0, 0, 0, 0, 0, 750000, 750000
2015, RAJASTHAN, 8, DHOLPUR, 89, SAIPAU, 262816, BHADIYANA, 37325, 1105040, Total, 0, 0, 0, 0, 0, 0, 750000, 750000
2015, RAJASTHAN, 8, DHOLPUR, 89, SAIPAU, 262816, CHITAURA, 37327, 1107665, Sanitation, 0, 0, 0, 0, 0, 0, 800000, 800000
2015, RAJASTHAN, 8, DHOLPUR, 89, SAIPAU, 262816, CHITAURA, 37327, 1107665, Total, 0, 0, 0, 0, 0, 0, 800000, 800000
2015, RAJASTHAN, 8, DHOLPUR, 89, SAIPAU, 262816, DONARI, 37328, 1107707, Sanitation, 0, 0, 0, 0, 0, 0, 625000, 625000
2015, RAJASTHAN, 8, DHOLPUR, 89, SAIPAU, 262816, DONARI, 37328, 1107707, Total, 0, 0, 0, 0, 0, 0, 625000, 625000
2015, RAJASTHAN, 8, DHOLPUR, 89, SAIPAU, 262816, GARHI CHATOLA, 37331, 1105046, Sanitation, 0, 0, 0, 0, 0, 0, 500000, 500000
2015, RAJASTHAN, 8, DHOLPUR, 89, SAIPAU, 262816, GARHI CHATOLA, 37331, 1105046, Total, 0, 0, 0, 0, 0, 0, 500000, 500000
2015, RAJASTHAN, 8, DHOLPUR, 89, SAIPAU, 262816, KAITHRI, 37333, 1107672, Sanitation, 0, 0, 0, 0, 0, 0, 750000, 750000
2015, RAJASTHAN, 8, DHOLPUR, 89, SAIPAU, 262816, KAITHRI, 37333, 1107672, Total, 0, 0, 0, 0, 0, 0, 750000, 750000
2015, RAJASTHAN, 8, DHOLPUR, 89, SAIPAU, 262816, KANASIL, 37334, 1135584, Sanitation, 0, 0, 0, 0, 0, 0, 1000000, 1000000
2015, RAJASTHAN, 8, DHOLPUR, 89, SAIPAU, 262816, KANASIL, 37334, 1135584, Total, 0, 0, 0, 0, 0, 0, 1000000, 1000000
2015, RAJASTHAN, 8, DHOLPUR, 89, SAIPAU, 262816, KAREEMPUR, 37335, 1107684, Land improvement, 0, 0, 0, 0, 0, 0, 250000, 250000
2015, RAJASTHAN, 8, DHOLPUR, 89, SAIPAU, 262816, KAREEMPUR, 37335, 1107684, Maintenance of community system, 0, 0, 0, 0, 0, 0, 250000, 250000
2015, RAJASTHAN, 8, DHOLPUR, 89, SAIPAU, 262816, KAREEMPUR, 37335, 1107684, Sanitation, 0, 0, 0, 0, 0, 0, 1000000, 1000000
2015, RAJASTHAN, 8, DHOLPUR, 89, SAIPAU, 262816, KAREEMPUR, 37335, 1107684, Total, 0, 0, 0, 0, 0, 0, 1500000, 1500000
2015, RAJASTHAN, 8, DHOLPUR, 89, SAIPAU, 262816, KOLARI, 37336, 1107662, Maintenance of community system, 0, 0, 0, 0, 0, 0, 150000, 150000
2015, RAJASTHAN, 8, DHOLPUR, 89, SAIPAU, 262816, KOLARI, 37336, 1107662, Sanitation, 0, 0, 0, 0, 0, 0, 250000, 250000
2015, RAJASTHAN, 8, DHOLPUR, 89, SAIPAU, 262816, KOLARI, 37336, 1107662, Total, 0, 0, 0, 0, 0, 0, 400000, 400000
2015, RAJASTHAN, 8, DHOLPUR, 89, SAIPAU, 262816, KOLUWA, 37337, 1141698, Sanitation, 0, 0, 0, 0, 0, 0, 750000, 750000
2015, RAJASTHAN, 8, DHOLPUR, 89, SAIPAU, 262816, KOLUWA, 37337, 1141698, Total, 0, 0, 0, 0, 0, 0, 750000, 750000
2015, RAJASTHAN, 8, DHOLPUR, 89, SAIPAU, 262816, KOOKRA  MAKRA, 37338, 1105048, Sanitation, 0, 0, 0, 0, 0, 0, 750000, 750000
2015, RAJASTHAN, 8, DHOLPUR, 89, SAIPAU, 262816, KOOKRA  MAKRA, 37338, 1105048, Total, 0, 0, 0, 0, 0, 0, 750000, 750000
2015, RAJASTHAN, 8, DHOLPUR, 89, SAIPAU, 262816, KURENDHA, 37340, 1107659, Maintenance of community system, 0, 0, 0, 0, 0, 0, 50000, 50000
2015, RAJASTHAN, 8, DHOLPUR, 89, SAIPAU, 262816, KURENDHA, 37340, 1107659, Sanitation, 0, 0, 0, 0, 0, 0, 450000, 450000
2015, RAJASTHAN, 8, DHOLPUR, 89, SAIPAU, 262816, KURENDHA, 37340, 1107659, Total, 0, 0, 0, 0, 0, 0, 500000, 500000
2015, RAJASTHAN, 8, DHOLPUR, 89, SAIPAU, 262816, MALAUNI KHURD, 37341, 1132429, Sanitation, 0, 0, 0, 0, 0, 0, 450000, 450000
2015, RAJASTHAN, 8, DHOLPUR, 89, SAIPAU, 262816, MALAUNI KHURD, 37341, 1132429, Total, 0, 0, 0, 0, 0, 0, 450000, 450000
2015, RAJASTHAN, 8, DHOLPUR, 89, SAIPAU, 262816, MALONI PANWAR, 37342, 1132425, Sanitation, 0, 0, 0, 0, 0, 0, 1340000, 1340000
2015, RAJASTHAN, 8, DHOLPUR, 89, SAIPAU, 262816, MALONI PANWAR, 37342, 1132425, Total, 0, 0, 0, 0, 0, 0, 1340000, 1340000
2015, RAJASTHAN, 8, DHOLPUR, 89, SAIPAU, 262816, MANPUR, 37344, 1132432, Sanitation, 0, 0, 0, 0, 0, 0, 1000000, 1000000
2015, RAJASTHAN, 8, DHOLPUR, 89, SAIPAU, 262816, MANPUR, 37344, 1132432, Total, 0, 0, 0, 0, 0, 0, 1000000, 1000000
2015, RAJASTHAN, 8, DHOLPUR, 89, SAIPAU, 262816, MARHA  KANKOLI, 37345, 1107669, Sanitation, 0, 0, 0, 0, 0, 0, 500000, 500000
2015, RAJASTHAN, 8, DHOLPUR, 89, SAIPAU, 262816, MARHA  KANKOLI, 37345, 1107669, Total, 0, 0, 0, 0, 0, 0, 500000, 500000
2015, RAJASTHAN, 8, DHOLPUR, 89, SAIPAU, 262816, MOOSALPUR, 37346, 1105043, Sanitation, 0, 0, 0, 0, 0, 0, 500000, 500000
2015, RAJASTHAN, 8, DHOLPUR, 89, SAIPAU, 262816, MOOSALPUR, 37346, 1105043, Total, 0, 0, 0, 0, 0, 0, 500000, 500000
2015, RAJASTHAN, 8, DHOLPUR, 89, SAIPAU, 262816, NAGLA HARLAL, 262547, 1107206, Sanitation, 0, 0, 0, 0, 0, 0, 827000, 827000
2015, RAJASTHAN, 8, DHOLPUR, 89, SAIPAU, 262816, NAGLA HARLAL, 262547, 1107206, Total, 0, 0, 0, 0, 0, 0, 827000, 827000
2015, RAJASTHAN, 8, DHOLPUR, 89, SAIPAU, 262816, NAGLA KHARAPUR, 37348, 1107661, Land improvement, 0, 0, 0, 0, 0, 0, 500000, 500000
2015, RAJASTHAN, 8, DHOLPUR, 89, SAIPAU, 262816, NAGLA KHARAPUR, 37348, 1107661, Total, 0, 0, 0, 0, 0, 0, 500000, 500000
2015, RAJASTHAN, 8, DHOLPUR, 89, SAIPAU, 262816, NIDHAIRA KALAN, 37349, 1107657, Land improvement, 0, 0, 0, 0, 0, 0, 198000, 198000
2015, RAJASTHAN, 8, DHOLPUR, 89, SAIPAU, 262816, NIDHAIRA KALAN, 37349, 1107657, Sanitation, 0, 0, 0, 0, 0, 0, 646000, 646000
2015, RAJASTHAN, 8, DHOLPUR, 89, SAIPAU, 262816, NIDHAIRA KALAN, 37349, 1107657, Total, 0, 0, 0, 0, 0, 0, 844000, 844000
2015, RAJASTHAN, 8, DHOLPUR, 89, SAIPAU, 262816, NUNHERA, 37350, 1132433, Sanitation, 0, 0, 0, 0, 0, 0, 375000, 375000
2015, RAJASTHAN, 8, DHOLPUR, 89, SAIPAU, 262816, NUNHERA, 37350, 1132433, Total, 0, 0, 0, 0, 0, 0, 375000, 375000
2015, RAJASTHAN, 8, DHOLPUR, 89, SAIPAU, 262816, PIPHERA, 37353, 1107690, Sanitation, 0, 0, 0, 0, 0, 0, 1000000, 1000000
2015, RAJASTHAN, 8, DHOLPUR, 89, SAIPAU, 262816, PIPHERA, 37353, 1107690, Total, 0, 0, 0, 0, 0, 0, 1000000, 1000000
2015, RAJASTHAN, 8, DHOLPUR, 89, SAIPAU, 262816, PIPRAUWA, 37354, 1107687, Sanitation, 0, 0, 0, 0, 0, 0, 750000, 750000
2015, RAJASTHAN, 8, DHOLPUR, 89, SAIPAU, 262816, PIPRAUWA, 37354, 1107687, Total, 0, 0, 0, 0, 0, 0, 750000, 750000
2015, RAJASTHAN, 8, DHOLPUR, 89, SAIPAU, 262816, PURAINI, 37356, 1107701, Sanitation, 0, 0, 0, 0, 0, 0, 775000, 775000
2015, RAJASTHAN, 8, DHOLPUR, 89, SAIPAU, 262816, PURAINI, 37356, 1107701, Total, 0, 0, 0, 0, 0, 0, 775000, 775000
2015, RAJASTHAN, 8, DHOLPUR, 89, SAIPAU, 262816, RAJAURA KALAN, 37357, 1105050, Sanitation, 0, 0, 0, 0, 0, 0, 1250000, 1250000
2015, RAJASTHAN, 8, DHOLPUR, 89, SAIPAU, 262816, RAJAURA KALAN, 37357, 1105050, Total, 0, 0, 0, 0, 0, 0, 1250000, 1250000
2015, RAJASTHAN, 8, DHOLPUR, 89, SAIPAU, 262816, RAJORA KHURD, 37358, 1107675, Sanitation, 0, 0, 0, 0, 0, 0, 685000, 685000
2015, RAJASTHAN, 8, DHOLPUR, 89, SAIPAU, 262816, RAJORA KHURD, 37358, 1107675, Total, 0, 0, 0, 0, 0, 0, 685000, 685000
2015, RAJASTHAN, 8, DHOLPUR, 89, SAIPAU, 262816, SAHROLI, 37359, 1138364, Sanitation, 0, 0, 0, 0, 0, 0, 1000000, 1000000
2015, RAJASTHAN, 8, DHOLPUR, 89, SAIPAU, 262816, SAHROLI, 37359, 1138364, Total, 0, 0, 0, 0, 0, 0, 1000000, 1000000
2015, RAJASTHAN, 8, DHOLPUR, 89, SAIPAU, 262816, SAIPAU, 37360, 1107697, Roads, 0, 0, 0, 0, 0, 0, 3000000, 3000000
2015, RAJASTHAN, 8, DHOLPUR, 89, SAIPAU, 262816, SAIPAU, 37360, 1107697, Sanitation, 0, 0, 0, 0, 0, 0, 250000, 250000
2015, RAJASTHAN, 8, DHOLPUR, 89, SAIPAU, 262816, SAIPAU, 37360, 1107697, Total, 0, 0, 0, 0, 0, 0, 3250000, 3250000
2015, RAJASTHAN, 8, DHOLPUR, 89, SAIPAU, 262816, SAKHWARA, 37361, 1132427, Land improvement, 0, 0, 0, 0, 0, 0, 100000, 100000
2015, RAJASTHAN, 8, DHOLPUR, 89, SAIPAU, 262816, SAKHWARA, 37361, 1132427, Sanitation, 0, 0, 0, 0, 0, 0, 250000, 250000
2015, RAJASTHAN, 8, DHOLPUR, 89, SAIPAU, 262816, SAKHWARA, 37361, 1132427, Total, 0, 0, 0, 0, 0, 0, 350000, 350000
2015, RAJASTHAN, 8, DHOLPUR, 89, SAIPAU, 262816, TAHRI, 37363, 1107678, Sanitation, 0, 0, 0, 0, 0, 0, 200000, 200000
2015, RAJASTHAN, 8, DHOLPUR, 89, SAIPAU, 262816, TAHRI, 37363, 1107678, Total, 0, 0, 0, 0, 0, 0, 200000, 200000
2015, RAJASTHAN, 8, DHOLPUR, 89, SAIPAU, 262816, TASEEMO, 37365, 1107710, Sanitation, 0, 0, 0, 0, 0, 0, 1250000, 1250000
2015, RAJASTHAN, 8, DHOLPUR, 89, SAIPAU, 262816, TASEEMO, 37365, 1107710, Total, 0, 0, 0, 0, 0, 0, 1250000, 1250000
2015, RAJASTHAN, 8, DUNGARPUR, 90, ASPUR, 1252, AMARATIYA, 37408, 1143736, Roads, 0, 0, 0, 0, 0, 0, 458000, 458000
2015, RAJASTHAN, 8, DUNGARPUR, 90, ASPUR, 1252, AMARATIYA, 37408, 1143736, Total, 0, 0, 0, 0, 0, 0, 458000, 458000
2015, RAJASTHAN, 8, DUNGARPUR, 90, ASPUR, 1252, ASPUR, 37409, 1137700, Roads, 0, 0, 0, 0, 0, 0, 400000, 400000
2015, RAJASTHAN, 8, DUNGARPUR, 90, ASPUR, 1252, ASPUR, 37409, 1137700, Sanitation, 0, 0, 0, 0, 0, 0, 572000, 572000
2015, RAJASTHAN, 8, DUNGARPUR, 90, ASPUR, 1252, ASPUR, 37409, 1137700, Total, 0, 0, 0, 0, 0, 0, 972000, 972000
2015, RAJASTHAN, 8, DUNGARPUR, 90, ASPUR, 1252, BADODA, 37410, 1140590, Drinking water, 0, 0, 0, 0, 0, 0, 855000, 855000
2015, RAJASTHAN, 8, DUNGARPUR, 90, ASPUR, 1252, BADODA, 37410, 1140590, Roads, 0, 0, 0, 0, 0, 0, 633000, 633000
2015, RAJASTHAN, 8, DUNGARPUR, 90, ASPUR, 1252, BADODA, 37410, 1140590, Total, 0, 0, 0, 0, 0, 0, 1488000, 1488000
2015, RAJASTHAN, 8, DUNGARPUR, 90, ASPUR, 1252, BANKODA, 37411, 1141396, Drinking water, 0, 0, 0, 0, 0, 0, 1561000, 1561000
2015, RAJASTHAN, 8, DUNGARPUR, 90, ASPUR, 1252, BANKODA, 37411, 1141396, Sanitation, 0, 0, 0, 0, 0, 0, 50000, 50000
2015, RAJASTHAN, 8, DUNGARPUR, 90, ASPUR, 1252, BANKODA, 37411, 1141396, Total, 0, 0, 0, 0, 0, 0, 1611000, 1611000
2015, RAJASTHAN, 8, DUNGARPUR, 90, ASPUR, 1252, BHEVDI, 37413, 1164028, Drinking water, 0, 0, 0, 0, 0, 0, 1050000, 1050000
2015, RAJASTHAN, 8, DUNGARPUR, 90, ASPUR, 1252, BHEVDI, 37413, 1164028, Roads, 0, 0, 0, 0, 0, 0, 400000, 400000
2015, RAJASTHAN, 8, DUNGARPUR, 90, ASPUR, 1252, BHEVDI, 37413, 1164028, Total, 0, 0, 0, 0, 0, 0, 1450000, 1450000
2015, RAJASTHAN, 8, DUNGARPUR, 90, ASPUR, 1252, DEVLA, 37416, 1166332, Land improvement, 0, 0, 0, 0, 0, 0, 172000, 172000
2015, RAJASTHAN, 8, DUNGARPUR, 90, ASPUR, 1252, DEVLA, 37416, 1166332, Roads, 0, 0, 0, 0, 0, 0, 500000, 500000
2015, RAJASTHAN, 8, DUNGARPUR, 90, ASPUR, 1252, DEVLA, 37416, 1166332, Total, 0, 0, 0, 0, 0, 0, 672000, 672000
2015, RAJASTHAN, 8, DUNGARPUR, 90, ASPUR, 1252, GALIYANA, 37418, 1141221, Drinking water, 0, 0, 0, 0, 0, 0, 300000, 300000
2015, RAJASTHAN, 8, DUNGARPUR, 90, ASPUR, 1252, GALIYANA, 37418, 1141221, Roads, 0, 0, 0, 0, 0, 0, 424000, 424000
2015, RAJASTHAN, 8, DUNGARPUR, 90, ASPUR, 1252, GALIYANA, 37418, 1141221, Sanitation, 0, 0, 0, 0, 0, 0, 100000, 100000
2015, RAJASTHAN, 8, DUNGARPUR, 90, ASPUR, 1252, GALIYANA, 37418, 1141221, Total, 0, 0, 0, 0, 0, 0, 924000, 924000
2015, RAJASTHAN, 8, DUNGARPUR, 90, ASPUR, 1252, GALIYANA, 37418, 1141221, Water Conservation, 0, 0, 0, 0, 0, 0, 100000, 100000
2015, RAJASTHAN, 8, DUNGARPUR, 90, ASPUR, 1252, GANESH PUR, 37420, 1164093, Roads, 0, 0, 0, 0, 0, 0, 600000, 600000
2015, RAJASTHAN, 8, DUNGARPUR, 90, ASPUR, 1252, GANESH PUR, 37420, 1164093, Sanitation, 0, 0, 0, 0, 0, 0, 88000, 88000
2015, RAJASTHAN, 8, DUNGARPUR, 90, ASPUR, 1252, GANESH PUR, 37420, 1164093, Total, 0, 0, 0, 0, 0, 0, 688000, 688000
2015, RAJASTHAN, 8, DUNGARPUR, 90, ASPUR, 1252, GOLE, 37421, 1119508, Drinking water, 0, 0, 0, 0, 0, 0, 500000, 500000
2015, RAJASTHAN, 8, DUNGARPUR, 90, ASPUR, 1252, GOLE, 37421, 1119508, Total, 0, 0, 0, 0, 0, 0, 500000, 500000
2015, RAJASTHAN, 8, DUNGARPUR, 90, ASPUR, 1252, INDODA, 37422, 1141405, Roads, 0, 0, 0, 0, 0, 0, 852000, 852000
2015, RAJASTHAN, 8, DUNGARPUR, 90, ASPUR, 1252, INDODA, 37422, 1141405, Total, 0, 0, 0, 0, 0, 0, 852000, 852000
2015, RAJASTHAN, 8, DUNGARPUR, 90, ASPUR, 1252, KANTHADI, 37424, 1141116, Drinking water, 0, 0, 0, 0, 0, 0, 645000, 645000
2015, RAJASTHAN, 8, DUNGARPUR, 90, ASPUR, 1252, KANTHADI, 37424, 1141116, Total, 0, 0, 0, 0, 0, 0, 645000, 645000
2015, RAJASTHAN, 8, DUNGARPUR, 90, ASPUR, 1252, KATISORE, 37425, 1140768, Drinking water, 0, 0, 0, 0, 0, 0, 285000, 285000
2015, RAJASTHAN, 8, DUNGARPUR, 90, ASPUR, 1252, KATISORE, 37425, 1140768, Land improvement, 0, 0, 0, 0, 0, 0, 80000, 80000
2015, RAJASTHAN, 8, DUNGARPUR, 90, ASPUR, 1252, KATISORE, 37425, 1140768, Roads, 0, 0, 0, 0, 0, 0, 850000, 850000
2015, RAJASTHAN, 8, DUNGARPUR, 90, ASPUR, 1252, KATISORE, 37425, 1140768, Sanitation, 0, 0, 0, 0, 0, 0, 100000, 100000
2015, RAJASTHAN, 8, DUNGARPUR, 90, ASPUR, 1252, KATISORE, 37425, 1140768, Total, 0, 0, 0, 0, 0, 0, 1315000, 1315000
2015, RAJASTHAN, 8, DUNGARPUR, 90, ASPUR, 1252, KHALIL, 37426, 1141087, Agriculture, 0, 0, 0, 0, 0, 0, 500000, 500000
2015, RAJASTHAN, 8, DUNGARPUR, 90, ASPUR, 1252, KHALIL, 37426, 1141087, Drinking water, 0, 0, 0, 0, 0, 0, 100000, 100000
2015, RAJASTHAN, 8, DUNGARPUR, 90, ASPUR, 1252, KHALIL, 37426, 1141087, Total, 0, 0, 0, 0, 0, 0, 600000, 600000
2015, RAJASTHAN, 8, DUNGARPUR, 90, ASPUR, 1252, KHEDA ASPUR, 37428, 1164074, Drinking water, 0, 0, 0, 0, 0, 0, 540000, 540000
2015, RAJASTHAN, 8, DUNGARPUR, 90, ASPUR, 1252, KHEDA ASPUR, 37428, 1164074, Roads, 0, 0, 0, 0, 0, 0, 577000, 577000
2015, RAJASTHAN, 8, DUNGARPUR, 90, ASPUR, 1252, KHEDA ASPUR, 37428, 1164074, Sanitation, 0, 0, 0, 0, 0, 0, 102000, 102000
2015, RAJASTHAN, 8, DUNGARPUR, 90, ASPUR, 1252, KHEDA ASPUR, 37428, 1164074, Total, 0, 0, 0, 0, 0, 0, 1219000, 1219000
2015, RAJASTHAN, 8, DUNGARPUR, 90, ASPUR, 1252, KHUDARADA, 37429, 1140686, Drinking water, 0, 0, 0, 0, 0, 0, 135000, 135000
2015, RAJASTHAN, 8, DUNGARPUR, 90, ASPUR, 1252, KHUDARADA, 37429, 1140686, Roads, 0, 0, 0, 0, 0, 0, 1500000, 1500000
2015, RAJASTHAN, 8, DUNGARPUR, 90, ASPUR, 1252, KHUDARADA, 37429, 1140686, Total, 0, 0, 0, 0, 0, 0, 1635000, 1635000
2015, RAJASTHAN, 8, DUNGARPUR, 90, ASPUR, 1252, LILWASA, 37431, 1141355, Drinking water, 0, 0, 0, 0, 0, 0, 200000, 200000
2015, RAJASTHAN, 8, DUNGARPUR, 90, ASPUR, 1252, LILWASA, 37431, 1141355, Roads, 0, 0, 0, 0, 0, 0, 500000, 500000
2015, RAJASTHAN, 8, DUNGARPUR, 90, ASPUR, 1252, LILWASA, 37431, 1141355, Total, 0, 0, 0, 0, 0, 0, 700000, 700000
2015, RAJASTHAN, 8, DUNGARPUR, 90, ASPUR, 1252, MOVAI, 37435, 1140648, Education, 0, 0, 0, 0, 0, 0, 308000, 308000
2015, RAJASTHAN, 8, DUNGARPUR, 90, ASPUR, 1252, MOVAI, 37435, 1140648, Roads, 0, 0, 0, 0, 0, 0, 532000, 532000
2015, RAJASTHAN, 8, DUNGARPUR, 90, ASPUR, 1252, MOVAI, 37435, 1140648, Total, 0, 0, 0, 0, 0, 0, 840000, 840000
2015, RAJASTHAN, 8, DUNGARPUR, 90, ASPUR, 1252, NANDALI SAGORA, 37438, 1140614, Drinking water, 0, 0, 0, 0, 0, 0, 100000, 100000
2015, RAJASTHAN, 8, DUNGARPUR, 90, ASPUR, 1252, NANDALI SAGORA, 37438, 1140614, Roads, 0, 0, 0, 0, 0, 0, 750000, 750000
2015, RAJASTHAN, 8, DUNGARPUR, 90, ASPUR, 1252, NANDALI SAGORA, 37438, 1140614, Sanitation, 0, 0, 0, 0, 0, 0, 250000, 250000
2015, RAJASTHAN, 8, DUNGARPUR, 90, ASPUR, 1252, NANDALI SAGORA, 37438, 1140614, Total, 0, 0, 0, 0, 0, 0, 1100000, 1100000
2015, RAJASTHAN, 8, DUNGARPUR, 90, ASPUR, 1252, NepalPura, 262203, 1141336, Drinking water, 0, 0, 0, 0, 0, 0, 173000, 173000
2015, RAJASTHAN, 8, DUNGARPUR, 90, ASPUR, 1252, NepalPura, 262203, 1141336, Roads, 0, 0, 0, 0, 0, 0, 347361, 347361
2015, RAJASTHAN, 8, DUNGARPUR, 90, ASPUR, 1252, NepalPura, 262203, 1141336, Total, 0, 0, 0, 0, 0, 0, 520361, 520361
2015, RAJASTHAN, 8, DUNGARPUR, 90, ASPUR, 1252, PARADA ITIWAR, 37443, 1141133, Drinking water, 0, 0, 0, 0, 0, 0, 500000, 500000
2015, RAJASTHAN, 8, DUNGARPUR, 90, ASPUR, 1252, PARADA ITIWAR, 37443, 1141133, Land improvement, 0, 0, 0, 0, 0, 0, 242000, 242000
2015, RAJASTHAN, 8, DUNGARPUR, 90, ASPUR, 1252, PARADA ITIWAR, 37443, 1141133, Roads, 0, 0, 0, 0, 0, 0, 400000, 400000
2015, RAJASTHAN, 8, DUNGARPUR, 90, ASPUR, 1252, PARADA ITIWAR, 37443, 1141133, Total, 0, 0, 0, 0, 0, 0, 1142000, 1142000
2015, RAJASTHAN, 8, DUNGARPUR, 90, ASPUR, 1252, PARDA THOOR, 37444, 1141339, Drinking water, 0, 0, 0, 0, 0, 0, 737689, 737689
2015, RAJASTHAN, 8, DUNGARPUR, 90, ASPUR, 1252, PARDA THOOR, 37444, 1141339, Total, 0, 0, 0, 0, 0, 0, 737689, 737689
2015, RAJASTHAN, 8, DUNGARPUR, 90, ASPUR, 1252, PUNJPUR, 37446, 1143630, Drinking water, 0, 0, 0, 0, 0, 0, 200000, 200000
2015, RAJASTHAN, 8, DUNGARPUR, 90, ASPUR, 1252, PUNJPUR, 37446, 1143630, Roads, 0, 0, 0, 0, 0, 0, 1672000, 1672000
2015, RAJASTHAN, 8, DUNGARPUR, 90, ASPUR, 1252, PUNJPUR, 37446, 1143630, Total, 0, 0, 0, 0, 0, 0, 1872000, 1872000
2015, RAJASTHAN, 8, DUNGARPUR, 90, ASPUR, 1252, RAMGARH, 37447, 1141212, Roads, 0, 0, 0, 0, 0, 0, 600000, 600000
2015, RAJASTHAN, 8, DUNGARPUR, 90, ASPUR, 1252, RAMGARH, 37447, 1141212, Total, 0, 0, 0, 0, 0, 0, 600000, 600000
2015, RAJASTHAN, 8, DUNGARPUR, 90, ASPUR, 1252, RAYAKI, 37448, 1141099, Drinking water, 0, 0, 0, 0, 0, 0, 450000, 450000
2015, RAJASTHAN, 8, DUNGARPUR, 90, ASPUR, 1252, RAYAKI, 37448, 1141099, Roads, 0, 0, 0, 0, 0, 0, 456000, 456000
2015, RAJASTHAN, 8, DUNGARPUR, 90, ASPUR, 1252, RAYAKI, 37448, 1141099, Total, 0, 0, 0, 0, 0, 0, 906000, 906000
2015, RAJASTHAN, 8, DUNGARPUR, 90, ASPUR, 1252, SAKANI, 37452, 1141102, Roads, 0, 0, 0, 0, 0, 0, 520243, 520243
2015, RAJASTHAN, 8, DUNGARPUR, 90, ASPUR, 1252, SAKANI, 37452, 1141102, Sanitation, 0, 0, 0, 0, 0, 0, 199040, 199040
2015, RAJASTHAN, 8, DUNGARPUR, 90, ASPUR, 1252, SAKANI, 37452, 1141102, Total, 0, 0, 0, 0, 0, 0, 719283, 719283
2015, RAJASTHAN, 8, DUNGARPUR, 90, ASPUR, 1252, TOKAWASA, 37455, 1094825, Roads, 0, 0, 0, 0, 0, 0, 1450000, 1450000
2015, RAJASTHAN, 8, DUNGARPUR, 90, ASPUR, 1252, TOKAWASA, 37455, 1094825, Total, 0, 0, 0, 0, 0, 0, 1450000, 1450000
2015, RAJASTHAN, 8, DUNGARPUR, 90, BICHIWARA, 1253, AMAJARA, 37457, 1118110, Roads, 0, 0, 0, 0, 0, 0, 1192000, 1192000
2015, RAJASTHAN, 8, DUNGARPUR, 90, BICHIWARA, 1253, AMAJARA, 37457, 1118110, Total, 0, 0, 0, 0, 0, 0, 1192000, 1192000
2015, RAJASTHAN, 8, DUNGARPUR, 90, BICHIWARA, 1253, ASIYA BAO, 262603, 1125513, Roads, 0, 0, 0, 0, 0, 0, 1196000, 1196000
2015, RAJASTHAN, 8, DUNGARPUR, 90, BICHIWARA, 1253, ASIYA BAO, 262603, 1125513, Total, 0, 0, 0, 0, 0, 0, 1196000, 1196000
2015, RAJASTHAN, 8, DUNGARPUR, 90, BICHIWARA, 1253, BAROTHI, 37459, 1139592, Markets and fairs, 0, 0, 0, 0, 0, 0, 250000, 250000
2015, RAJASTHAN, 8, DUNGARPUR, 90, BICHIWARA, 1253, BAROTHI, 37459, 1139592, Roads, 0, 0, 0, 0, 0, 0, 1246000, 1246000
2015, RAJASTHAN, 8, DUNGARPUR, 90, BICHIWARA, 1253, BAROTHI, 37459, 1139592, Total, 0, 0, 0, 0, 0, 0, 1496000, 1496000
2015, RAJASTHAN, 8, DUNGARPUR, 90, BICHIWARA, 1253, BHEANA, 37460, 1144820, Roads, 0, 0, 0, 0, 0, 0, 1858000, 1858000
2015, RAJASTHAN, 8, DUNGARPUR, 90, BICHIWARA, 1253, BHEANA, 37460, 1144820, Total, 0, 0, 0, 0, 0, 0, 1858000, 1858000
2015, RAJASTHAN, 8, DUNGARPUR, 90, BICHIWARA, 1253, BICHHIWARA, 37461, 1167069, Cultural activities, 0, 0, 0, 0, 0, 0, 600000, 600000
2015, RAJASTHAN, 8, DUNGARPUR, 90, BICHIWARA, 1253, BICHHIWARA, 37461, 1167069, Public distribution system, 0, 0, 0, 0, 0, 0, 50000, 50000
2015, RAJASTHAN, 8, DUNGARPUR, 90, BICHIWARA, 1253, BICHHIWARA, 37461, 1167069, Roads, 0, 0, 0, 0, 0, 0, 5800000, 5800000
2015, RAJASTHAN, 8, DUNGARPUR, 90, BICHIWARA, 1253, BICHHIWARA, 37461, 1167069, Total, 0, 0, 0, 0, 0, 0, 6450000, 6450000
2015, RAJASTHAN, 8, DUNGARPUR, 90, BICHIWARA, 1253, BILPAN, 262606, 1141880, Roads, 0, 0, 0, 0, 0, 0, 1413000, 1413000
2015, RAJASTHAN, 8, DUNGARPUR, 90, BICHIWARA, 1253, BILPAN, 262606, 1141880, Total, 0, 0, 0, 0, 0, 0, 1413000, 1413000
2015, RAJASTHAN, 8, DUNGARPUR, 90, BICHIWARA, 1253, BOKHALA, 37462, 1165416, Cultural activities, 0, 0, 0, 0, 0, 0, 500000, 500000
2015, RAJASTHAN, 8, DUNGARPUR, 90, BICHIWARA, 1253, BOKHALA, 37462, 1165416, Drinking water, 0, 0, 0, 0, 0, 0, 500000, 500000
2015, RAJASTHAN, 8, DUNGARPUR, 90, BICHIWARA, 1253, BOKHALA, 37462, 1165416, Land improvement, 0, 0, 0, 0, 0, 0, 500000, 500000
2015, RAJASTHAN, 8, DUNGARPUR, 90, BICHIWARA, 1253, BOKHALA, 37462, 1165416, Roads, 0, 0, 0, 0, 0, 0, 2762000, 2762000
2015, RAJASTHAN, 8, DUNGARPUR, 90, BICHIWARA, 1253, BOKHALA, 37462, 1165416, Total, 0, 0, 0, 0, 0, 0, 4262000, 4262000
2015, RAJASTHAN, 8, DUNGARPUR, 90, BICHIWARA, 1253, CHHAPI, 37464, 1141811, Roads, 0, 0, 0, 0, 0, 0, 2700000, 2700000
2015, RAJASTHAN, 8, DUNGARPUR, 90, BICHIWARA, 1253, CHHAPI, 37464, 1141811, Total, 0, 0, 0, 0, 0, 0, 2700000, 2700000
2015, RAJASTHAN, 8, DUNGARPUR, 90, BICHIWARA, 1253, CHUNDAWARA, 37465, 1168465, Drinking water, 0, 0, 0, 0, 0, 0, 350000, 350000
2015, RAJASTHAN, 8, DUNGARPUR, 90, BICHIWARA, 1253, CHUNDAWARA, 37465, 1168465, Public distribution system, 0, 0, 0, 0, 0, 0, 300000, 300000
2015, RAJASTHAN, 8, DUNGARPUR, 90, BICHIWARA, 1253, CHUNDAWARA, 37465, 1168465, Roads, 0, 0, 0, 0, 0, 0, 500000, 500000
2015, RAJASTHAN, 8, DUNGARPUR, 90, BICHIWARA, 1253, CHUNDAWARA, 37465, 1168465, Total, 0, 0, 0, 0, 0, 0, 1150000, 1150000
2015, RAJASTHAN, 8, DUNGARPUR, 90, BICHIWARA, 1253, DHAMLAT FALA, 262614, 1145768, Drinking water, 0, 0, 0, 0, 0, 0, 799000, 799000
2015, RAJASTHAN, 8, DUNGARPUR, 90, BICHIWARA, 1253, DHAMLAT FALA, 262614, 1145768, Education, 0, 0, 0, 0, 0, 0, 500000, 500000
2015, RAJASTHAN, 8, DUNGARPUR, 90, BICHIWARA, 1253, DHAMLAT FALA, 262614, 1145768, Roads, 0, 0, 0, 0, 0, 0, 2191000, 2191000
2015, RAJASTHAN, 8, DUNGARPUR, 90, BICHIWARA, 1253, DHAMLAT FALA, 262614, 1145768, Total, 0, 0, 0, 0, 0, 0, 3490000, 3490000
2015, RAJASTHAN, 8, DUNGARPUR, 90, BICHIWARA, 1253, DHAMOD, 262605, 1118601, Drinking water, 0, 0, 0, 0, 0, 0, 50000, 50000
2015, RAJASTHAN, 8, DUNGARPUR, 90, BICHIWARA, 1253, DHAMOD, 262605, 1118601, Roads, 0, 0, 0, 0, 0, 0, 201000, 201000
2015, RAJASTHAN, 8, DUNGARPUR, 90, BICHIWARA, 1253, DHAMOD, 262605, 1118601, Total, 0, 0, 0, 0, 0, 0, 251000, 251000
2015, RAJASTHAN, 8, DUNGARPUR, 90, BICHIWARA, 1253, GALANDAR, 37467, 1125586, Drinking water, 0, 0, 0, 0, 0, 0, 1100000, 1100000
2015, RAJASTHAN, 8, DUNGARPUR, 90, BICHIWARA, 1253, GALANDAR, 37467, 1125586, Roads, 0, 0, 0, 0, 0, 0, 546000, 546000
2015, RAJASTHAN, 8, DUNGARPUR, 90, BICHIWARA, 1253, GALANDAR, 37467, 1125586, Total, 0, 0, 0, 0, 0, 0, 1646000, 1646000
2015, RAJASTHAN, 8, DUNGARPUR, 90, BICHIWARA, 1253, GAMDI AHARA, 37468, 1141763, Roads, 0, 0, 0, 0, 0, 0, 1500000, 1500000
2015, RAJASTHAN, 8, DUNGARPUR, 90, BICHIWARA, 1253, GAMDI AHARA, 37468, 1141763, Total, 0, 0, 0, 0, 0, 0, 1500000, 1500000
2015, RAJASTHAN, 8, DUNGARPUR, 90, BICHIWARA, 1253, GED, 37471, 1161911, Roads, 0, 0, 0, 0, 0, 0, 1500000, 1500000
2015, RAJASTHAN, 8, DUNGARPUR, 90, BICHIWARA, 1253, GED, 37471, 1161911, Total, 0, 0, 0, 0, 0, 0, 1500000, 1500000
2015, RAJASTHAN, 8, DUNGARPUR, 90, BICHIWARA, 1253, JALUKUA, 37475, 1145715, Roads, 0, 0, 0, 0, 0, 0, 2300000, 2300000
2015, RAJASTHAN, 8, DUNGARPUR, 90, BICHIWARA, 1253, JALUKUA, 37475, 1145715, Total, 0, 0, 0, 0, 0, 0, 2300000, 2300000
2015, RAJASTHAN, 8, DUNGARPUR, 90, BICHIWARA, 1253, JELANA, 262611, 1157183, Drinking water, 0, 0, 0, 0, 0, 0, 53000, 53000
2015, RAJASTHAN, 8, DUNGARPUR, 90, BICHIWARA, 1253, JELANA, 262611, 1157183, Roads, 0, 0, 0, 0, 0, 0, 610000, 610000
2015, RAJASTHAN, 8, DUNGARPUR, 90, BICHIWARA, 1253, JELANA, 262611, 1157183, Total, 0, 0, 0, 0, 0, 0, 663000, 663000
2015, RAJASTHAN, 8, DUNGARPUR, 90, BICHIWARA, 1253, KANBA, 37476, 1143294, Roads, 0, 0, 0, 0, 0, 0, 1500000, 1500000
2015, RAJASTHAN, 8, DUNGARPUR, 90, BICHIWARA, 1253, KANBA, 37476, 1143294, Total, 0, 0, 0, 0, 0, 0, 1500000, 1500000
2015, RAJASTHAN, 8, DUNGARPUR, 90, BICHIWARA, 1253, KAROLI, 37479, 1157193, Drinking water, 0, 0, 0, 0, 0, 0, 413800, 413800
2015, RAJASTHAN, 8, DUNGARPUR, 90, BICHIWARA, 1253, KAROLI, 37479, 1157193, Public distribution system, 0, 0, 0, 0, 0, 0, 500000, 500000
2015, RAJASTHAN, 8, DUNGARPUR, 90, BICHIWARA, 1253, KAROLI, 37479, 1157193, Total, 0, 0, 0, 0, 0, 0, 913800, 913800
2015, RAJASTHAN, 8, DUNGARPUR, 90, BICHIWARA, 1253, KAWALIYA DARA, 262604, 1168460, Education, 0, 0, 0, 0, 0, 0, 247000, 247000
2015, RAJASTHAN, 8, DUNGARPUR, 90, BICHIWARA, 1253, KAWALIYA DARA, 262604, 1168460, Roads, 0, 0, 0, 0, 0, 0, 1378000, 1378000
2015, RAJASTHAN, 8, DUNGARPUR, 90, BICHIWARA, 1253, KAWALIYA DARA, 262604, 1168460, Total, 0, 0, 0, 0, 0, 0, 1625000, 1625000
2015, RAJASTHAN, 8, DUNGARPUR, 90, BICHIWARA, 1253, KHAJURI, 37480, 1141700, Roads, 0, 0, 0, 0, 0, 0, 1200000, 1200000
2015, RAJASTHAN, 8, DUNGARPUR, 90, BICHIWARA, 1253, KHAJURI, 37480, 1141700, Total, 0, 0, 0, 0, 0, 0, 1200000, 1200000
2015, RAJASTHAN, 8, DUNGARPUR, 90, BICHIWARA, 1253, LAMBA BHATRA, 262599, 1158196, Roads, 0, 0, 0, 0, 0, 0, 950000, 950000
2015, RAJASTHAN, 8, DUNGARPUR, 90, BICHIWARA, 1253, LAMBA BHATRA, 262599, 1158196, Total, 0, 0, 0, 0, 0, 0, 950000, 950000
2015, RAJASTHAN, 8, DUNGARPUR, 90, BICHIWARA, 1253, MAHIPAL PURA, 262607, 1158262, Drinking water, 0, 0, 0, 0, 0, 0, 50000, 50000
2015, RAJASTHAN, 8, DUNGARPUR, 90, BICHIWARA, 1253, MAHIPAL PURA, 262607, 1158262, Roads, 0, 0, 0, 0, 0, 0, 2600000, 2600000
2015, RAJASTHAN, 8, DUNGARPUR, 90, BICHIWARA, 1253, MAHIPAL PURA, 262607, 1158262, Total, 0, 0, 0, 0, 0, 0, 2650000, 2650000
2015, RAJASTHAN, 8, DUNGARPUR, 90, BICHIWARA, 1253, MALMATHA, 37483, 1147245, Roads, 0, 0, 0, 0, 0, 0, 1992000, 1992000
2015, RAJASTHAN, 8, DUNGARPUR, 90, BICHIWARA, 1253, MALMATHA, 37483, 1147245, Total, 0, 0, 0, 0, 0, 0, 1992000, 1992000
2015, RAJASTHAN, 8, DUNGARPUR, 90, BICHIWARA, 1253, MEWARA, 37484, 1162358, Drinking water, 0, 0, 0, 0, 0, 0, 57000, 57000
2015, RAJASTHAN, 8, DUNGARPUR, 90, BICHIWARA, 1253, MEWARA, 37484, 1162358, Public distribution system, 0, 0, 0, 0, 0, 0, 200000, 200000
2015, RAJASTHAN, 8, DUNGARPUR, 90, BICHIWARA, 1253, MEWARA, 37484, 1162358, Roads, 0, 0, 0, 0, 0, 0, 1500000, 1500000
2015, RAJASTHAN, 8, DUNGARPUR, 90, BICHIWARA, 1253, MEWARA, 37484, 1162358, Total, 0, 0, 0, 0, 0, 0, 1757000, 1757000
2015, RAJASTHAN, 8, DUNGARPUR, 90, BICHIWARA, 1253, MODER, 37485, 1139561, Education, 0, 0, 0, 0, 0, 0, 800000, 800000
2015, RAJASTHAN, 8, DUNGARPUR, 90, BICHIWARA, 1253, MODER, 37485, 1139561, Roads, 0, 0, 0, 0, 0, 0, 500000, 500000
2015, RAJASTHAN, 8, DUNGARPUR, 90, BICHIWARA, 1253, MODER, 37485, 1139561, Total, 0, 0, 0, 0, 0, 0, 1300000, 1300000
2015, RAJASTHAN, 8, DUNGARPUR, 90, BICHIWARA, 1253, NAVALSHYAM, 37486, 1164005, Roads, 0, 0, 0, 0, 0, 0, 1500000, 1500000
2015, RAJASTHAN, 8, DUNGARPUR, 90, BICHIWARA, 1253, NAVALSHYAM, 37486, 1164005, Total, 0, 0, 0, 0, 0, 0, 1500000, 1500000
2015, RAJASTHAN, 8, DUNGARPUR, 90, BICHIWARA, 1253, ODA BADA, 37487, 1171048, Roads, 0, 0, 0, 0, 0, 0, 2000000, 2000000
2015, RAJASTHAN, 8, DUNGARPUR, 90, BICHIWARA, 1253, ODA BADA, 37487, 1171048, Total, 0, 0, 0, 0, 0, 0, 2000000, 2000000
2015, RAJASTHAN, 8, DUNGARPUR, 90, BICHIWARA, 1253, PALPADAR, 37489, 1121243, Roads, 0, 0, 0, 0, 0, 0, 1450000, 1450000
2015, RAJASTHAN, 8, DUNGARPUR, 90, BICHIWARA, 1253, PALPADAR, 37489, 1121243, Total, 0, 0, 0, 0, 0, 0, 1450000, 1450000
2015, RAJASTHAN, 8, DUNGARPUR, 90, BICHIWARA, 1253, RAMPUR MEWARA, 37491, 1161991, Education, 0, 0, 0, 0, 0, 0, 150000, 150000
2015, RAJASTHAN, 8, DUNGARPUR, 90, BICHIWARA, 1253, RAMPUR MEWARA, 37491, 1161991, Roads, 0, 0, 0, 0, 0, 0, 3050000, 3050000
2015, RAJASTHAN, 8, DUNGARPUR, 90, BICHIWARA, 1253, RAMPUR MEWARA, 37491, 1161991, Total, 0, 0, 0, 0, 0, 0, 3200000, 3200000
2015, RAJASTHAN, 8, DUNGARPUR, 90, BICHIWARA, 1253, SABLI, 37494, 1143234, Roads, 0, 0, 0, 0, 0, 0, 834000, 834000
2015, RAJASTHAN, 8, DUNGARPUR, 90, BICHIWARA, 1253, SABLI, 37494, 1143234, Total, 0, 0, 0, 0, 0, 0, 834000, 834000
2015, RAJASTHAN, 8, DUNGARPUR, 90, BICHIWARA, 1253, SANCHIYA, 37495, 1144261, Roads, 0, 0, 0, 0, 0, 0, 1180000, 1180000
2015, RAJASTHAN, 8, DUNGARPUR, 90, BICHIWARA, 1253, SANCHIYA, 37495, 1144261, Total, 0, 0, 0, 0, 0, 0, 1180000, 1180000
2015, RAJASTHAN, 8, DUNGARPUR, 90, BICHIWARA, 1253, SHARAM, 262610, 1144215, Roads, 0, 0, 0, 0, 0, 0, 3327000, 3327000
2015, RAJASTHAN, 8, DUNGARPUR, 90, BICHIWARA, 1253, SHARAM, 262610, 1144215, Total, 0, 0, 0, 0, 0, 0, 3327000, 3327000
2015, RAJASTHAN, 8, DUNGARPUR, 90, BICHIWARA, 1253, SHISOD, 37496, 1158379, Roads, 0, 0, 0, 0, 0, 0, 3300000, 3300000
2015, RAJASTHAN, 8, DUNGARPUR, 90, BICHIWARA, 1253, SHISOD, 37496, 1158379, Total, 0, 0, 0, 0, 0, 0, 3300000, 3300000
2015, RAJASTHAN, 8, DUNGARPUR, 90, BICHIWARA, 1253, TALLIYA, 37499, 1120764, Roads, 0, 0, 0, 0, 0, 0, 606000, 606000
2015, RAJASTHAN, 8, DUNGARPUR, 90, BICHIWARA, 1253, TALLIYA, 37499, 1120764, Total, 0, 0, 0, 0, 0, 0, 606000, 606000
2015, RAJASTHAN, 8, DUNGARPUR, 90, BICHIWARA, 1253, VIRPUR, 37504, 1144144, Roads, 0, 0, 0, 0, 0, 0, 1683000, 1683000
2015, RAJASTHAN, 8, DUNGARPUR, 90, BICHIWARA, 1253, VIRPUR, 37504, 1144144, Total, 0, 0, 0, 0, 0, 0, 1683000, 1683000
2015, RAJASTHAN, 8, DUNGARPUR, 90, BICHIWARA, 1253, jheejhwa, 262598, 1121286, Roads, 0, 0, 0, 0, 0, 0, 851000, 851000
2015, RAJASTHAN, 8, DUNGARPUR, 90, BICHIWARA, 1253, jheejhwa, 262598, 1121286, Total, 0, 0, 0, 0, 0, 0, 851000, 851000
2015, RAJASTHAN, 8, DUNGARPUR, 90, BICHIWARA, 1253, panch mahudi, 262650, 1116506, Drinking water, 0, 0, 0, 0, 0, 0, 60000, 60000
2015, RAJASTHAN, 8, DUNGARPUR, 90, BICHIWARA, 1253, panch mahudi, 262650, 1116506, Roads, 0, 0, 0, 0, 0, 0, 540000, 540000
2015, RAJASTHAN, 8, DUNGARPUR, 90, BICHIWARA, 1253, panch mahudi, 262650, 1116506, Total, 0, 0, 0, 0, 0, 0, 600000, 600000
2015, RAJASTHAN, 8, DUNGARPUR, 90, CHIKHALI, 262113, AMABADA, 37587, 1121111, Drinking water, 0, 0, 0, 0, 0, 0, 660000, 660000
2015, RAJASTHAN, 8, DUNGARPUR, 90, CHIKHALI, 262113, AMABADA, 37587, 1121111, Roads, 0, 0, 0, 0, 0, 0, 2050000, 2050000
2015, RAJASTHAN, 8, DUNGARPUR, 90, CHIKHALI, 262113, AMABADA, 37587, 1121111, Total, 0, 0, 0, 0, 0, 0, 2710000, 2710000
2015, RAJASTHAN, 8, DUNGARPUR, 90, CHIKHALI, 262113, BADGAMA, 37589, 1109767, Drinking water, 0, 0, 0, 0, 0, 0, 696000, 696000
2015, RAJASTHAN, 8, DUNGARPUR, 90, CHIKHALI, 262113, BADGAMA, 37589, 1109767, Total, 0, 0, 0, 0, 0, 0, 696000, 696000
2015, RAJASTHAN, 8, DUNGARPUR, 90, CHIKHALI, 262113, BAVDI, 37592, 1110064, Drinking water, 0, 0, 0, 0, 0, 0, 780000, 780000
2015, RAJASTHAN, 8, DUNGARPUR, 90, CHIKHALI, 262113, BAVDI, 37592, 1110064, Roads, 0, 0, 0, 0, 0, 0, 250000, 250000
2015, RAJASTHAN, 8, DUNGARPUR, 90, CHIKHALI, 262113, BAVDI, 37592, 1110064, Total, 0, 0, 0, 0, 0, 0, 1030000, 1030000
2015, RAJASTHAN, 8, DUNGARPUR, 90, CHIKHALI, 262113, BODAMALI, 37597, 1158344, Drinking water, 0, 0, 0, 0, 0, 0, 330000, 330000
2015, RAJASTHAN, 8, DUNGARPUR, 90, CHIKHALI, 262113, BODAMALI, 37597, 1158344, Roads, 0, 0, 0, 0, 0, 0, 1660000, 1660000
2015, RAJASTHAN, 8, DUNGARPUR, 90, CHIKHALI, 262113, BODAMALI, 37597, 1158344, Total, 0, 0, 0, 0, 0, 0, 1990000, 1990000
2015, RAJASTHAN, 8, DUNGARPUR, 90, CHIKHALI, 262113, CHIKHLI, 37599, 1123530, Roads, 0, 0, 0, 0, 0, 0, 1500000, 1500000
2015, RAJASTHAN, 8, DUNGARPUR, 90, CHIKHALI, 262113, CHIKHLI, 37599, 1123530, Total, 0, 0, 0, 0, 0, 0, 1500000, 1500000
2015, RAJASTHAN, 8, DUNGARPUR, 90, CHIKHALI, 262113, DARIYATI, 37601, 1125998, Drinking water, 0, 0, 0, 0, 0, 0, 660000, 660000
2015, RAJASTHAN, 8, DUNGARPUR, 90, CHIKHALI, 262113, DARIYATI, 37601, 1125998, Total, 0, 0, 0, 0, 0, 0, 660000, 660000
2015, RAJASTHAN, 8, DUNGARPUR, 90, CHIKHALI, 262113, DHANGAON, 37603, 1122133, Drinking water, 0, 0, 0, 0, 0, 0, 726404, 726404
2015, RAJASTHAN, 8, DUNGARPUR, 90, CHIKHALI, 262113, DHANGAON, 37603, 1122133, Roads, 0, 0, 0, 0, 0, 0, 1000000, 1000000
2015, RAJASTHAN, 8, DUNGARPUR, 90, CHIKHALI, 262113, DHANGAON, 37603, 1122133, Total, 0, 0, 0, 0, 0, 0, 1726404, 1726404
2015, RAJASTHAN, 8, DUNGARPUR, 90, CHIKHALI, 262113, DHOONDI, 262372, 1105659, Drinking water, 0, 0, 0, 0, 0, 0, 638000, 638000
2015, RAJASTHAN, 8, DUNGARPUR, 90, CHIKHALI, 262113, DHOONDI, 262372, 1105659, Total, 0, 0, 0, 0, 0, 0, 638000, 638000
2015, RAJASTHAN, 8, DUNGARPUR, 90, CHIKHALI, 262113, DUNGAR SARAN, 37606, 1120016, Drinking water, 0, 0, 0, 0, 0, 0, 884000, 884000
2015, RAJASTHAN, 8, DUNGARPUR, 90, CHIKHALI, 262113, DUNGAR SARAN, 37606, 1120016, Total, 0, 0, 0, 0, 0, 0, 884000, 884000
2015, RAJASTHAN, 8, DUNGARPUR, 90, CHIKHALI, 262113, DUNGAR, 37605, 1103140, Roads, 0, 0, 0, 0, 0, 0, 1250000, 1250000
2015, RAJASTHAN, 8, DUNGARPUR, 90, CHIKHALI, 262113, DUNGAR, 37605, 1103140, Total, 0, 0, 0, 0, 0, 0, 1250000, 1250000
2015, RAJASTHAN, 8, DUNGARPUR, 90, CHIKHALI, 262113, GUNDLARA, 37613, 1107337, Drinking water, 0, 0, 0, 0, 0, 0, 825000, 825000
2015, RAJASTHAN, 8, DUNGARPUR, 90, CHIKHALI, 262113, GUNDLARA, 37613, 1107337, Roads, 0, 0, 0, 0, 0, 0, 3500000, 3500000
2015, RAJASTHAN, 8, DUNGARPUR, 90, CHIKHALI, 262113, GUNDLARA, 37613, 1107337, Total, 0, 0, 0, 0, 0, 0, 4325000, 4325000
2015, RAJASTHAN, 8, DUNGARPUR, 90, CHIKHALI, 262113, JORAWARPURA, 37619, 1119381, Drinking water, 0, 0, 0, 0, 0, 0, 935000, 935000
2015, RAJASTHAN, 8, DUNGARPUR, 90, CHIKHALI, 262113, JORAWARPURA, 37619, 1119381, Total, 0, 0, 0, 0, 0, 0, 935000, 935000
2015, RAJASTHAN, 8, DUNGARPUR, 90, CHIKHALI, 262113, KOCHARI, 37621, 1119568, Drinking water, 0, 0, 0, 0, 0, 0, 884000, 884000
2015, RAJASTHAN, 8, DUNGARPUR, 90, CHIKHALI, 262113, KOCHARI, 37621, 1119568, Roads, 0, 0, 0, 0, 0, 0, 800000, 800000
2015, RAJASTHAN, 8, DUNGARPUR, 90, CHIKHALI, 262113, KOCHARI, 37621, 1119568, Total, 0, 0, 0, 0, 0, 0, 1684000, 1684000
2015, RAJASTHAN, 8, DUNGARPUR, 90, CHIKHALI, 262113, KUNWA, 37622, 1122049, Roads, 0, 0, 0, 0, 0, 0, 3890000, 3890000
2015, RAJASTHAN, 8, DUNGARPUR, 90, CHIKHALI, 262113, KUNWA, 37622, 1122049, Total, 0, 0, 0, 0, 0, 0, 3890000, 3890000
2015, RAJASTHAN, 8, DUNGARPUR, 90, CHIKHALI, 262113, LIKHTIYA PANCHKUNDI, 262319, 1105399, Drinking water, 0, 0, 0, 0, 0, 0, 1716000, 1716000
2015, RAJASTHAN, 8, DUNGARPUR, 90, CHIKHALI, 262113, LIKHTIYA PANCHKUNDI, 262319, 1105399, Roads, 0, 0, 0, 0, 0, 0, 3800000, 3800000
2015, RAJASTHAN, 8, DUNGARPUR, 90, CHIKHALI, 262113, LIKHTIYA PANCHKUNDI, 262319, 1105399, Total, 0, 0, 0, 0, 0, 0, 5516000, 5516000
2015, RAJASTHAN, 8, DUNGARPUR, 90, CHIKHALI, 262113, MALA KHOLDA, 37624, 1125002, Khadi, 0, 0, 0, 0, 0, 0, 81900, 81900
2015, RAJASTHAN, 8, DUNGARPUR, 90, CHIKHALI, 262113, MALA KHOLDA, 37624, 1125002, Roads, 0, 0, 0, 0, 0, 0, 1050000, 1050000
2015, RAJASTHAN, 8, DUNGARPUR, 90, CHIKHALI, 262113, MALA KHOLDA, 37624, 1125002, Total, 0, 0, 0, 0, 0, 0, 1131900, 1131900
2015, RAJASTHAN, 8, DUNGARPUR, 90, CHIKHALI, 262113, NAI BASTI BADGAMA, 37629, 1122162, Roads, 0, 0, 0, 0, 0, 0, 1500000, 1500000
2015, RAJASTHAN, 8, DUNGARPUR, 90, CHIKHALI, 262113, NAI BASTI BADGAMA, 37629, 1122162, Total, 0, 0, 0, 0, 0, 0, 1500000, 1500000
2015, RAJASTHAN, 8, DUNGARPUR, 90, CHIKHALI, 262113, PARDA DARIYATI, 262296, 1158386, Drinking water, 0, 0, 0, 0, 0, 0, 1089606, 1089606
2015, RAJASTHAN, 8, DUNGARPUR, 90, CHIKHALI, 262113, PARDA DARIYATI, 262296, 1158386, Roads, 0, 0, 0, 0, 0, 0, 600000, 600000
2015, RAJASTHAN, 8, DUNGARPUR, 90, CHIKHALI, 262113, PARDA DARIYATI, 262296, 1158386, Total, 0, 0, 0, 0, 0, 0, 1689606, 1689606
2015, RAJASTHAN, 8, DUNGARPUR, 90, CHIKHALI, 262113, PUNAWARA, 37631, 1120291, Roads, 0, 0, 0, 0, 0, 0, 1070000, 1070000
2015, RAJASTHAN, 8, DUNGARPUR, 90, CHIKHALI, 262113, PUNAWARA, 37631, 1120291, Total, 0, 0, 0, 0, 0, 0, 1070000, 1070000
2015, RAJASTHAN, 8, DUNGARPUR, 90, CHIKHALI, 262113, RATHDEE, 262371, 1113151, Drinking water, 0, 0, 0, 0, 0, 0, 468000, 468000
2015, RAJASTHAN, 8, DUNGARPUR, 90, CHIKHALI, 262113, RATHDEE, 262371, 1113151, Roads, 0, 0, 0, 0, 0, 0, 600000, 600000
2015, RAJASTHAN, 8, DUNGARPUR, 90, CHIKHALI, 262113, RATHDEE, 262371, 1113151, Total, 0, 0, 0, 0, 0, 0, 1068000, 1068000
2015, RAJASTHAN, 8, DUNGARPUR, 90, CHIKHALI, 262113, SAKODARA, 37637, 1119547, Drinking water, 0, 0, 0, 0, 0, 0, 165000, 165000
2015, RAJASTHAN, 8, DUNGARPUR, 90, CHIKHALI, 262113, SAKODARA, 37637, 1119547, Roads, 0, 0, 0, 0, 0, 0, 6130000, 6130000
2015, RAJASTHAN, 8, DUNGARPUR, 90, CHIKHALI, 262113, SAKODARA, 37637, 1119547, Total, 0, 0, 0, 0, 0, 0, 6295000, 6295000
2015, RAJASTHAN, 8, DUNGARPUR, 90, CHIKHALI, 262113, SALEDA, 37638, 1102368, Drinking water, 0, 0, 0, 0, 0, 0, 2080000, 2080000
2015, RAJASTHAN, 8, DUNGARPUR, 90, CHIKHALI, 262113, SALEDA, 37638, 1102368, Total, 0, 0, 0, 0, 0, 0, 2080000, 2080000
2015, RAJASTHAN, 8, DUNGARPUR, 90, CHIKHALI, 262113, SENDOLA, 37641, 1106763, Drinking water, 0, 0, 0, 0, 0, 0, 1595000, 1595000
2015, RAJASTHAN, 8, DUNGARPUR, 90, CHIKHALI, 262113, SENDOLA, 37641, 1106763, Total, 0, 0, 0, 0, 0, 0, 1595000, 1595000
2015, RAJASTHAN, 8, DUNGARPUR, 90, CHIKHALI, 262113, SHISHOT, 262383, 1097165, Drinking water, 0, 0, 0, 0, 0, 0, 517820, 517820
2015, RAJASTHAN, 8, DUNGARPUR, 90, CHIKHALI, 262113, SHISHOT, 262383, 1097165, Roads, 0, 0, 0, 0, 0, 0, 600000, 600000
2015, RAJASTHAN, 8, DUNGARPUR, 90, CHIKHALI, 262113, SHISHOT, 262383, 1097165, Total, 0, 0, 0, 0, 0, 0, 1117820, 1117820
2015, RAJASTHAN, 8, DUNGARPUR, 90, CHIKHALI, 262113, UDARIYA, 262307, 1126821, Drinking water, 0, 0, 0, 0, 0, 0, 605000, 605000
2015, RAJASTHAN, 8, DUNGARPUR, 90, CHIKHALI, 262113, UDARIYA, 262307, 1126821, Roads, 0, 0, 0, 0, 0, 0, 440000, 440000
2015, RAJASTHAN, 8, DUNGARPUR, 90, CHIKHALI, 262113, UDARIYA, 262307, 1126821, Total, 0, 0, 0, 0, 0, 0, 1045000, 1045000
2015, RAJASTHAN, 8, DUNGARPUR, 90, DOVADA, 262207, ANTRI, 37505, 1121331, Land improvement, 0, 0, 0, 0, 0, 0, 150000, 150000
2015, RAJASTHAN, 8, DUNGARPUR, 90, DOVADA, 262207, ANTRI, 37505, 1121331, Roads, 0, 0, 0, 0, 0, 0, 729000, 729000
2015, RAJASTHAN, 8, DUNGARPUR, 90, DOVADA, 262207, ANTRI, 37505, 1121331, Total, 0, 0, 0, 0, 0, 0, 879000, 879000
2015, RAJASTHAN, 8, DUNGARPUR, 90, DOVADA, 262207, ASELA, 37506, 1117626, Maintenance of community system, 0, 0, 0, 0, 0, 0, 500000, 500000
2015, RAJASTHAN, 8, DUNGARPUR, 90, DOVADA, 262207, ASELA, 37506, 1117626, Roads, 0, 0, 0, 0, 0, 0, 500000, 500000
2015, RAJASTHAN, 8, DUNGARPUR, 90, DOVADA, 262207, ASELA, 37506, 1117626, Total, 0, 0, 0, 0, 0, 0, 1000000, 1000000
2015, RAJASTHAN, 8, DUNGARPUR, 90, DOVADA, 262207, BHOJATO KA ORA, 37509, 1121385, Land improvement, 0, 0, 0, 0, 0, 0, 500000, 500000
2015, RAJASTHAN, 8, DUNGARPUR, 90, DOVADA, 262207, BHOJATO KA ORA, 37509, 1121385, Roads, 0, 0, 0, 0, 0, 0, 773000, 773000
2015, RAJASTHAN, 8, DUNGARPUR, 90, DOVADA, 262207, BHOJATO KA ORA, 37509, 1121385, Total, 0, 0, 0, 0, 0, 0, 1273000, 1273000
2015, RAJASTHAN, 8, DUNGARPUR, 90, DOVADA, 262207, DAMDI, 37511, 1102713, Roads, 0, 0, 0, 0, 0, 0, 800000, 800000
2015, RAJASTHAN, 8, DUNGARPUR, 90, DOVADA, 262207, DAMDI, 37511, 1102713, Total, 0, 0, 0, 0, 0, 0, 800000, 800000
2015, RAJASTHAN, 8, DUNGARPUR, 90, DOVADA, 262207, DHAWARI, 37512, 1103851, Roads, 0, 0, 0, 0, 0, 0, 700000, 700000
2015, RAJASTHAN, 8, DUNGARPUR, 90, DOVADA, 262207, DHAWARI, 37512, 1103851, Total, 0, 0, 0, 0, 0, 0, 700000, 700000
2015, RAJASTHAN, 8, DUNGARPUR, 90, DOVADA, 262207, DOVDA, 262593, 1118018, Drinking water, 0, 0, 0, 0, 0, 0, 477000, 477000
2015, RAJASTHAN, 8, DUNGARPUR, 90, DOVADA, 262207, DOVDA, 262593, 1118018, Roads, 0, 0, 0, 0, 0, 0, 470000, 470000
2015, RAJASTHAN, 8, DUNGARPUR, 90, DOVADA, 262207, DOVDA, 262593, 1118018, Total, 0, 0, 0, 0, 0, 0, 947000, 947000
2015, RAJASTHAN, 8, DUNGARPUR, 90, DOVADA, 262207, DOZA, 37513, 1117681, Roads, 0, 0, 0, 0, 0, 0, 1849000, 1849000
2015, RAJASTHAN, 8, DUNGARPUR, 90, DOVADA, 262207, DOZA, 37513, 1117681, Total, 0, 0, 0, 0, 0, 0, 1849000, 1849000
2015, RAJASTHAN, 8, DUNGARPUR, 90, DOVADA, 262207, FALOJ, 37514, 1121373, Drinking water, 0, 0, 0, 0, 0, 0, 50000, 50000
2015, RAJASTHAN, 8, DUNGARPUR, 90, DOVADA, 262207, FALOJ, 37514, 1121373, Roads, 0, 0, 0, 0, 0, 0, 990000, 990000
2015, RAJASTHAN, 8, DUNGARPUR, 90, DOVADA, 262207, FALOJ, 37514, 1121373, Total, 0, 0, 0, 0, 0, 0, 1040000, 1040000
2015, RAJASTHAN, 8, DUNGARPUR, 90, DOVADA, 262207, HATHAI, 37516, 1103548, Education, 0, 0, 0, 0, 0, 0, 228000, 228000
2015, RAJASTHAN, 8, DUNGARPUR, 90, DOVADA, 262207, HATHAI, 37516, 1103548, Roads, 0, 0, 0, 0, 0, 0, 499000, 499000
2015, RAJASTHAN, 8, DUNGARPUR, 90, DOVADA, 262207, HATHAI, 37516, 1103548, Total, 0, 0, 0, 0, 0, 0, 727000, 727000
2015, RAJASTHAN, 8, DUNGARPUR, 90, DOVADA, 262207, HIRATA, 37517, 1103934, Land improvement, 0, 0, 0, 0, 0, 0, 800000, 800000
2015, RAJASTHAN, 8, DUNGARPUR, 90, DOVADA, 262207, HIRATA, 37517, 1103934, Roads, 0, 0, 0, 0, 0, 0, 792000, 792000
2015, RAJASTHAN, 8, DUNGARPUR, 90, DOVADA, 262207, HIRATA, 37517, 1103934, Total, 0, 0, 0, 0, 0, 0, 1592000, 1592000
2015, RAJASTHAN, 8, DUNGARPUR, 90, DOVADA, 262207, KAHARI, 37519, 1103963, Land improvement, 0, 0, 0, 0, 0, 0, 700000, 700000
2015, RAJASTHAN, 8, DUNGARPUR, 90, DOVADA, 262207, KAHARI, 37519, 1103963, Roads, 0, 0, 0, 0, 0, 0, 635000, 635000
2015, RAJASTHAN, 8, DUNGARPUR, 90, DOVADA, 262207, KAHARI, 37519, 1103963, Total, 0, 0, 0, 0, 0, 0, 1335000, 1335000
2015, RAJASTHAN, 8, DUNGARPUR, 90, DOVADA, 262207, KHEMPUR, 37521, 1117965, Roads, 0, 0, 0, 0, 0, 0, 997000, 997000
2015, RAJASTHAN, 8, DUNGARPUR, 90, DOVADA, 262207, KHEMPUR, 37521, 1117965, Total, 0, 0, 0, 0, 0, 0, 997000, 997000
2015, RAJASTHAN, 8, DUNGARPUR, 90, DOVADA, 262207, KOLKHANDA KHAS, 37522, 1117900, Roads, 0, 0, 0, 0, 0, 0, 900000, 900000
2015, RAJASTHAN, 8, DUNGARPUR, 90, DOVADA, 262207, KOLKHANDA KHAS, 37522, 1117900, Total, 0, 0, 0, 0, 0, 0, 900000, 900000
2015, RAJASTHAN, 8, DUNGARPUR, 90, DOVADA, 262207, LOLAKPUR, 37523, 1102870, Roads, 0, 0, 0, 0, 0, 0, 1000000, 1000000
2015, RAJASTHAN, 8, DUNGARPUR, 90, DOVADA, 262207, LOLAKPUR, 37523, 1102870, Total, 0, 0, 0, 0, 0, 0, 1000000, 1000000
2015, RAJASTHAN, 8, DUNGARPUR, 90, DOVADA, 262207, MANDAWA, 37525, 1103831, Roads, 0, 0, 0, 0, 0, 0, 1370000, 1370000
2015, RAJASTHAN, 8, DUNGARPUR, 90, DOVADA, 262207, MANDAWA, 37525, 1103831, Total, 0, 0, 0, 0, 0, 0, 1370000, 1370000
2015, RAJASTHAN, 8, DUNGARPUR, 90, DOVADA, 262207, ODWADIYA, 262856, 1117752, Roads, 0, 0, 0, 0, 0, 0, 1016000, 1016000
2015, RAJASTHAN, 8, DUNGARPUR, 90, DOVADA, 262207, ODWADIYA, 262856, 1117752, Total, 0, 0, 0, 0, 0, 0, 1016000, 1016000
2015, RAJASTHAN, 8, DUNGARPUR, 90, DOVADA, 262207, PAL KOLKHANDA, 262596, 1103568, Roads, 0, 0, 0, 0, 0, 0, 900000, 900000
2015, RAJASTHAN, 8, DUNGARPUR, 90, DOVADA, 262207, PAL KOLKHANDA, 262596, 1103568, Total, 0, 0, 0, 0, 0, 0, 900000, 900000
2015, RAJASTHAN, 8, DUNGARPUR, 90, DOVADA, 262207, PAL MANDAV, 37530, 1117880, Drinking water, 0, 0, 0, 0, 0, 0, 742000, 742000
2015, RAJASTHAN, 8, DUNGARPUR, 90, DOVADA, 262207, PAL MANDAV, 37530, 1117880, Roads, 0, 0, 0, 0, 0, 0, 734000, 734000
2015, RAJASTHAN, 8, DUNGARPUR, 90, DOVADA, 262207, PAL MANDAV, 37530, 1117880, Total, 0, 0, 0, 0, 0, 0, 1476000, 1476000
2015, RAJASTHAN, 8, DUNGARPUR, 90, DOVADA, 262207, PAL VASSI, 262589, 1121339, Drinking water, 0, 0, 0, 0, 0, 0, 50000, 50000
2015, RAJASTHAN, 8, DUNGARPUR, 90, DOVADA, 262207, PAL VASSI, 262589, 1121339, Roads, 0, 0, 0, 0, 0, 0, 700000, 700000
2015, RAJASTHAN, 8, DUNGARPUR, 90, DOVADA, 262207, PAL VASSI, 262589, 1121339, Total, 0, 0, 0, 0, 0, 0, 750000, 750000
2015, RAJASTHAN, 8, DUNGARPUR, 90, DOVADA, 262207, PUNALI, 37533, 1118057, Roads, 0, 0, 0, 0, 0, 0, 1214000, 1214000
2015, RAJASTHAN, 8, DUNGARPUR, 90, DOVADA, 262207, PUNALI, 37533, 1118057, Total, 0, 0, 0, 0, 0, 0, 1214000, 1214000
2015, RAJASTHAN, 8, DUNGARPUR, 90, DOVADA, 262207, RAGELA, 37534, 1117843, Roads, 0, 0, 0, 0, 0, 0, 1734000, 1734000
2015, RAJASTHAN, 8, DUNGARPUR, 90, DOVADA, 262207, RAGELA, 37534, 1117843, Total, 0, 0, 0, 0, 0, 0, 1734000, 1734000
2015, RAJASTHAN, 8, DUNGARPUR, 90, DOVADA, 262207, RAGHUNATHPURA, 37535, 1117925, Roads, 0, 0, 0, 0, 0, 0, 746000, 746000
2015, RAJASTHAN, 8, DUNGARPUR, 90, DOVADA, 262207, RAGHUNATHPURA, 37535, 1117925, Total, 0, 0, 0, 0, 0, 0, 746000, 746000
2015, RAJASTHAN, 8, DUNGARPUR, 90, DOVADA, 262207, SAVGADH, 262591, 1117711, Roads, 0, 0, 0, 0, 0, 0, 933000, 933000
2015, RAJASTHAN, 8, DUNGARPUR, 90, DOVADA, 262207, SAVGADH, 262591, 1117711, Total, 0, 0, 0, 0, 0, 0, 933000, 933000
2015, RAJASTHAN, 8, DUNGARPUR, 90, DOVADA, 262207, VALOTA, 37539, 1121354, Drinking water, 0, 0, 0, 0, 0, 0, 50000, 50000
2015, RAJASTHAN, 8, DUNGARPUR, 90, DOVADA, 262207, VALOTA, 37539, 1121354, Roads, 0, 0, 0, 0, 0, 0, 960000, 960000
2015, RAJASTHAN, 8, DUNGARPUR, 90, DOVADA, 262207, VALOTA, 37539, 1121354, Total, 0, 0, 0, 0, 0, 0, 1010000, 1010000
2015, RAJASTHAN, 8, DUNGARPUR, 90, DOVADA, 262207, VASSI, 37540, 1117820, Roads, 0, 0, 0, 0, 0, 0, 1044000, 1044000
2015, RAJASTHAN, 8, DUNGARPUR, 90, DOVADA, 262207, VASSI, 37540, 1117820, Total, 0, 0, 0, 0, 0, 0, 1044000, 1044000
2015, RAJASTHAN, 8, DUNGARPUR, 90, DUNGARPUR, 1254, BALWARA, 37458, 1142710, Education, 0, 0, 0, 0, 0, 0, 500000, 500000
2015, RAJASTHAN, 8, DUNGARPUR, 90, DUNGARPUR, 1254, BALWARA, 37458, 1142710, Roads, 0, 0, 0, 0, 0, 0, 1689000, 1689000
2015, RAJASTHAN, 8, DUNGARPUR, 90, DUNGARPUR, 1254, BALWARA, 37458, 1142710, Total, 0, 0, 0, 0, 0, 0, 2189000, 2189000
2015, RAJASTHAN, 8, DUNGARPUR, 90, DUNGARPUR, 1254, BATKA PHALA, 262850, 1141995, Agriculture, 0, 0, 0, 0, 0, 0, 375000, 375000
2015, RAJASTHAN, 8, DUNGARPUR, 90, DUNGARPUR, 1254, BATKA PHALA, 262850, 1141995, Cultural activities, 0, 0, 0, 0, 0, 0, 1230000, 1230000
2015, RAJASTHAN, 8, DUNGARPUR, 90, DUNGARPUR, 1254, BATKA PHALA, 262850, 1141995, Roads, 0, 0, 0, 0, 0, 0, 1253000, 1253000
2015, RAJASTHAN, 8, DUNGARPUR, 90, DUNGARPUR, 1254, BATKA PHALA, 262850, 1141995, Total, 0, 0, 0, 0, 0, 0, 2858000, 2858000
2015, RAJASTHAN, 8, DUNGARPUR, 90, DUNGARPUR, 1254, BHATWADA, 262585, 1140605, Public distribution system, 0, 0, 0, 0, 0, 0, 1609000, 1609000
2015, RAJASTHAN, 8, DUNGARPUR, 90, DUNGARPUR, 1254, BHATWADA, 262585, 1140605, Roads, 0, 0, 0, 0, 0, 0, 1265000, 1265000
2015, RAJASTHAN, 8, DUNGARPUR, 90, DUNGARPUR, 1254, BHATWADA, 262585, 1140605, Total, 0, 0, 0, 0, 0, 0, 2874000, 2874000
2015, RAJASTHAN, 8, DUNGARPUR, 90, DUNGARPUR, 1254, BILDI, 37510, 1140823, Drinking water, 0, 0, 0, 0, 0, 0, 572000, 572000
2015, RAJASTHAN, 8, DUNGARPUR, 90, DUNGARPUR, 1254, BILDI, 37510, 1140823, Total, 0, 0, 0, 0, 0, 0, 572000, 572000
2015, RAJASTHAN, 8, DUNGARPUR, 90, DUNGARPUR, 1254, CHAK MAHURI, 262624, 1141539, Drinking water, 0, 0, 0, 0, 0, 0, 52000, 52000
2015, RAJASTHAN, 8, DUNGARPUR, 90, DUNGARPUR, 1254, CHAK MAHURI, 262624, 1141539, Roads, 0, 0, 0, 0, 0, 0, 198000, 198000
2015, RAJASTHAN, 8, DUNGARPUR, 90, DUNGARPUR, 1254, CHAK MAHURI, 262624, 1141539, Total, 0, 0, 0, 0, 0, 0, 250000, 250000
2015, RAJASTHAN, 8, DUNGARPUR, 90, DUNGARPUR, 1254, DEVAL KHAS, 37466, 1142041, Cultural activities, 0, 0, 0, 0, 0, 0, 998000, 998000
2015, RAJASTHAN, 8, DUNGARPUR, 90, DUNGARPUR, 1254, DEVAL KHAS, 37466, 1142041, Roads, 0, 0, 0, 0, 0, 0, 750000, 750000
2015, RAJASTHAN, 8, DUNGARPUR, 90, DUNGARPUR, 1254, DEVAL KHAS, 37466, 1142041, Total, 0, 0, 0, 0, 0, 0, 1748000, 1748000
2015, RAJASTHAN, 8, DUNGARPUR, 90, DUNGARPUR, 1254, GAMDI DEVAL, 37469, 1140883, Drinking water, 0, 0, 0, 0, 0, 0, 318000, 318000
2015, RAJASTHAN, 8, DUNGARPUR, 90, DUNGARPUR, 1254, GAMDI DEVAL, 37469, 1140883, Public distribution system, 0, 0, 0, 0, 0, 0, 652000, 652000
2015, RAJASTHAN, 8, DUNGARPUR, 90, DUNGARPUR, 1254, GAMDI DEVAL, 37469, 1140883, Total, 0, 0, 0, 0, 0, 0, 970000, 970000
2015, RAJASTHAN, 8, DUNGARPUR, 90, DUNGARPUR, 1254, GARA MOREYA, 37515, 1140849, Cultural activities, 0, 0, 0, 0, 0, 0, 500000, 500000
2015, RAJASTHAN, 8, DUNGARPUR, 90, DUNGARPUR, 1254, GARA MOREYA, 37515, 1140849, Roads, 0, 0, 0, 0, 0, 0, 500000, 500000
2015, RAJASTHAN, 8, DUNGARPUR, 90, DUNGARPUR, 1254, GARA MOREYA, 37515, 1140849, Total, 0, 0, 0, 0, 0, 0, 1000000, 1000000
2015, RAJASTHAN, 8, DUNGARPUR, 90, DUNGARPUR, 1254, GHUGHARA, 37473, 1139294, Cultural activities, 0, 0, 0, 0, 0, 0, 499000, 499000
2015, RAJASTHAN, 8, DUNGARPUR, 90, DUNGARPUR, 1254, GHUGHARA, 37473, 1139294, Roads, 0, 0, 0, 0, 0, 0, 667000, 667000
2015, RAJASTHAN, 8, DUNGARPUR, 90, DUNGARPUR, 1254, GHUGHARA, 37473, 1139294, Total, 0, 0, 0, 0, 0, 0, 1166000, 1166000
2015, RAJASTHAN, 8, DUNGARPUR, 90, DUNGARPUR, 1254, GOKULPURA, 262550, 1140597, Roads, 0, 0, 0, 0, 0, 0, 736000, 736000
2015, RAJASTHAN, 8, DUNGARPUR, 90, DUNGARPUR, 1254, GOKULPURA, 262550, 1140597, Total, 0, 0, 0, 0, 0, 0, 896000, 896000
2015, RAJASTHAN, 8, DUNGARPUR, 90, DUNGARPUR, 1254, GOKULPURA, 262550, 1140597, Water Conservation, 0, 0, 0, 0, 0, 0, 160000, 160000
2015, RAJASTHAN, 8, DUNGARPUR, 90, DUNGARPUR, 1254, GUMANPURA, 37474, 1143129, Cultural activities, 0, 0, 0, 0, 0, 0, 263750, 263750
2015, RAJASTHAN, 8, DUNGARPUR, 90, DUNGARPUR, 1254, GUMANPURA, 37474, 1143129, Roads, 0, 0, 0, 0, 0, 0, 1103649, 1103649
2015, RAJASTHAN, 8, DUNGARPUR, 90, DUNGARPUR, 1254, GUMANPURA, 37474, 1143129, Total, 0, 0, 0, 0, 0, 0, 1367399, 1367399
2015, RAJASTHAN, 8, DUNGARPUR, 90, DUNGARPUR, 1254, KANKARADARA, 37477, 1084747, Roads, 0, 0, 0, 0, 0, 0, 1000000, 1000000
2015, RAJASTHAN, 8, DUNGARPUR, 90, DUNGARPUR, 1254, KANKARADARA, 37477, 1084747, Total, 0, 0, 0, 0, 0, 0, 1000000, 1000000
2015, RAJASTHAN, 8, DUNGARPUR, 90, DUNGARPUR, 1254, KHEDA KACHHAWARA, 37520, 1140601, Drinking water, 0, 0, 0, 0, 0, 0, 208000, 208000
2015, RAJASTHAN, 8, DUNGARPUR, 90, DUNGARPUR, 1254, KHEDA KACHHAWARA, 37520, 1140601, Roads, 0, 0, 0, 0, 0, 0, 200000, 200000
2015, RAJASTHAN, 8, DUNGARPUR, 90, DUNGARPUR, 1254, KHEDA KACHHAWARA, 37520, 1140601, Total, 0, 0, 0, 0, 0, 0, 408000, 408000
2015, RAJASTHAN, 8, DUNGARPUR, 90, DUNGARPUR, 1254, KHERWARA, 262583, 1140635, Roads, 0, 0, 0, 0, 0, 0, 666000, 666000
2015, RAJASTHAN, 8, DUNGARPUR, 90, DUNGARPUR, 1254, KHERWARA, 262583, 1140635, Total, 0, 0, 0, 0, 0, 0, 666000, 666000
2015, RAJASTHAN, 8, DUNGARPUR, 90, DUNGARPUR, 1254, MADA, 37481, 1142879, Roads, 0, 0, 0, 0, 0, 0, 920000, 920000
2015, RAJASTHAN, 8, DUNGARPUR, 90, DUNGARPUR, 1254, MADA, 37481, 1142879, Total, 0, 0, 0, 0, 0, 0, 920000, 920000
2015, RAJASTHAN, 8, DUNGARPUR, 90, DUNGARPUR, 1254, MATHUGAMDA KHAS, 37526, 1141955, Education, 0, 0, 0, 0, 0, 0, 500000, 500000
2015, RAJASTHAN, 8, DUNGARPUR, 90, DUNGARPUR, 1254, MATHUGAMDA KHAS, 37526, 1141955, Roads, 0, 0, 0, 0, 0, 0, 500000, 500000
2015, RAJASTHAN, 8, DUNGARPUR, 90, DUNGARPUR, 1254, MATHUGAMDA KHAS, 37526, 1141955, Total, 0, 0, 0, 0, 0, 0, 1000000, 1000000
2015, RAJASTHAN, 8, DUNGARPUR, 90, DUNGARPUR, 1254, MATHUGAMDA PAL, 37527, 1140586, Drinking water, 0, 0, 0, 0, 0, 0, 260000, 260000
2015, RAJASTHAN, 8, DUNGARPUR, 90, DUNGARPUR, 1254, MATHUGAMDA PAL, 37527, 1140586, Land improvement, 0, 0, 0, 0, 0, 0, 200000, 200000
2015, RAJASTHAN, 8, DUNGARPUR, 90, DUNGARPUR, 1254, MATHUGAMDA PAL, 37527, 1140586, Total, 0, 0, 0, 0, 0, 0, 660000, 660000
2015, RAJASTHAN, 8, DUNGARPUR, 90, DUNGARPUR, 1254, MATHUGAMDA PAL, 37527, 1140586, Welfare of the weaker sections, 0, 0, 0, 0, 0, 0, 200000, 200000
2015, RAJASTHAN, 8, DUNGARPUR, 90, DUNGARPUR, 1254, METALI, 37528, 1140929, Drinking water, 0, 0, 0, 0, 0, 0, 66000, 66000
2015, RAJASTHAN, 8, DUNGARPUR, 90, DUNGARPUR, 1254, METALI, 37528, 1140929, Education, 0, 0, 0, 0, 0, 0, 452000, 452000
2015, RAJASTHAN, 8, DUNGARPUR, 90, DUNGARPUR, 1254, METALI, 37528, 1140929, Total, 0, 0, 0, 0, 0, 0, 518000, 518000
2015, RAJASTHAN, 8, DUNGARPUR, 90, DUNGARPUR, 1254, PAGARA, 262586, 1139242, Cultural activities, 0, 0, 0, 0, 0, 0, 400000, 400000
2015, RAJASTHAN, 8, DUNGARPUR, 90, DUNGARPUR, 1254, PAGARA, 262586, 1139242, Roads, 0, 0, 0, 0, 0, 0, 500000, 500000
2015, RAJASTHAN, 8, DUNGARPUR, 90, DUNGARPUR, 1254, PAGARA, 262586, 1139242, Total, 0, 0, 0, 0, 0, 0, 900000, 900000
2015, RAJASTHAN, 8, DUNGARPUR, 90, DUNGARPUR, 1254, PALDEVAL, 37488, 1142729, Cultural activities, 0, 0, 0, 0, 0, 0, 2015000, 2015000
2015, RAJASTHAN, 8, DUNGARPUR, 90, DUNGARPUR, 1254, PALDEVAL, 37488, 1142729, Roads, 0, 0, 0, 0, 0, 0, 1000000, 1000000
2015, RAJASTHAN, 8, DUNGARPUR, 90, DUNGARPUR, 1254, PALDEVAL, 37488, 1142729, Total, 0, 0, 0, 0, 0, 0, 3015000, 3015000
2015, RAJASTHAN, 8, DUNGARPUR, 90, DUNGARPUR, 1254, PALVADA, 37490, 1141999, Drinking water, 0, 0, 0, 0, 0, 0, 1113000, 1113000
2015, RAJASTHAN, 8, DUNGARPUR, 90, DUNGARPUR, 1254, PALVADA, 37490, 1141999, Roads, 0, 0, 0, 0, 0, 0, 800000, 800000
2015, RAJASTHAN, 8, DUNGARPUR, 90, DUNGARPUR, 1254, PALVADA, 37490, 1141999, Total, 0, 0, 0, 0, 0, 0, 1913000, 1913000
2015, RAJASTHAN, 8, DUNGARPUR, 90, DUNGARPUR, 1254, PIPLADA, 37531, 1140699, Roads, 0, 0, 0, 0, 0, 0, 2158000, 2158000
2015, RAJASTHAN, 8, DUNGARPUR, 90, DUNGARPUR, 1254, PIPLADA, 37531, 1140699, Total, 0, 0, 0, 0, 0, 0, 2158000, 2158000
2015, RAJASTHAN, 8, DUNGARPUR, 90, DUNGARPUR, 1254, RAMPUR SATI, 37492, 1139268, Drinking water, 0, 0, 0, 0, 0, 0, 1096725, 1096725
2015, RAJASTHAN, 8, DUNGARPUR, 90, DUNGARPUR, 1254, RAMPUR SATI, 37492, 1139268, Roads, 0, 0, 0, 0, 0, 0, 850000, 850000
2015, RAJASTHAN, 8, DUNGARPUR, 90, DUNGARPUR, 1254, RAMPUR SATI, 37492, 1139268, Total, 0, 0, 0, 0, 0, 0, 1946725, 1946725
2015, RAJASTHAN, 8, DUNGARPUR, 90, DUNGARPUR, 1254, ROHAN WADA, 262851, 1149525, Cultural activities, 0, 0, 0, 0, 0, 0, 1800000, 1800000
2015, RAJASTHAN, 8, DUNGARPUR, 90, DUNGARPUR, 1254, ROHAN WADA, 262851, 1149525, Roads, 0, 0, 0, 0, 0, 0, 2500000, 2500000
2015, RAJASTHAN, 8, DUNGARPUR, 90, DUNGARPUR, 1254, ROHAN WADA, 262851, 1149525, Total, 0, 0, 0, 0, 0, 0, 4300000, 4300000
2015, RAJASTHAN, 8, DUNGARPUR, 90, DUNGARPUR, 1254, SIDRI KHERWARA, 37537, 1137721, Agriculture, 0, 0, 0, 0, 0, 996356, 0, 996356
2015, RAJASTHAN, 8, DUNGARPUR, 90, DUNGARPUR, 1254, SIDRI KHERWARA, 37537, 1137721, Cultural activities, 0, 0, 0, 0, 0, 1001309, 0, 1001309
2015, RAJASTHAN, 8, DUNGARPUR, 90, DUNGARPUR, 1254, SIDRI KHERWARA, 37537, 1137721, Drinking water, 0, 0, 0, 0, 0, 2959999, 0, 2959999
2015, RAJASTHAN, 8, DUNGARPUR, 90, DUNGARPUR, 1254, SIDRI KHERWARA, 37537, 1137721, Roads, 0, 0, 0, 0, 0, 2502569, 0, 2502569
2015, RAJASTHAN, 8, DUNGARPUR, 90, DUNGARPUR, 1254, SIDRI KHERWARA, 37537, 1137721, Total, 0, 0, 0, 0, 0, 7460233, 0, 7460233
2015, RAJASTHAN, 8, DUNGARPUR, 90, DUNGARPUR, 1254, SUNDERPUR, 37497, 1140796, Drinking water, 0, 0, 0, 0, 0, 0, 45000, 45000
2015, RAJASTHAN, 8, DUNGARPUR, 90, DUNGARPUR, 1254, SUNDERPUR, 37497, 1140796, Roads, 0, 0, 0, 0, 0, 0, 700000, 700000
2015, RAJASTHAN, 8, DUNGARPUR, 90, DUNGARPUR, 1254, SUNDERPUR, 37497, 1140796, Total, 0, 0, 0, 0, 0, 0, 745000, 745000
2015, RAJASTHAN, 8, DUNGARPUR, 90, DUNGARPUR, 1254, SURPUR, 37498, 1139284, Drinking water, 0, 0, 0, 0, 0, 0, 212000, 212000
2015, RAJASTHAN, 8, DUNGARPUR, 90, DUNGARPUR, 1254, SURPUR, 37498, 1139284, Roads, 0, 0, 0, 0, 0, 0, 302000, 302000
2015, RAJASTHAN, 8, DUNGARPUR, 90, DUNGARPUR, 1254, SURPUR, 37498, 1139284, Total, 0, 0, 0, 0, 0, 0, 514000, 514000
2015, RAJASTHAN, 8, DUNGARPUR, 90, DUNGARPUR, 1254, THANA, 37500, 1086060, Rural housing, 0, 0, 0, 0, 0, 0, 1249000, 1249000
2015, RAJASTHAN, 8, DUNGARPUR, 90, DUNGARPUR, 1254, THANA, 37500, 1086060, Total, 0, 0, 0, 0, 0, 0, 1249000, 1249000
2015, RAJASTHAN, 8, DUNGARPUR, 90, DUNGARPUR, 1254, UPARGAON, 262683, 1143146, Drinking water, 0, 0, 0, 0, 0, 0, 440000, 440000
2015, RAJASTHAN, 8, DUNGARPUR, 90, DUNGARPUR, 1254, UPARGAON, 262683, 1143146, Roads, 0, 0, 0, 0, 0, 0, 300000, 300000
2015, RAJASTHAN, 8, DUNGARPUR, 90, DUNGARPUR, 1254, UPARGAON, 262683, 1143146, Total, 0, 0, 0, 0, 0, 0, 740000, 740000
2015, RAJASTHAN, 8, DUNGARPUR, 90, DUNGARPUR, 1254, VAGADARI, 37501, 1141972, Drinking water, 0, 0, 0, 0, 0, 0, 110000, 110000
2015, RAJASTHAN, 8, DUNGARPUR, 90, DUNGARPUR, 1254, VAGADARI, 37501, 1141972, Total, 0, 0, 0, 0, 0, 0, 110000, 110000
2015, RAJASTHAN, 8, DUNGARPUR, 90, DUNGARPUR, 1254, bori, 262643, 1142720, Drinking water, 0, 0, 0, 0, 0, 0, 520000, 520000
2015, RAJASTHAN, 8, DUNGARPUR, 90, DUNGARPUR, 1254, bori, 262643, 1142720, Total, 0, 0, 0, 0, 0, 0, 520000, 520000
2015, RAJASTHAN, 8, DUNGARPUR, 90, DUNGARPUR, 1254, palgamdi, 262644, 1137695, Roads, 0, 0, 0, 0, 0, 0, 1098000, 1098000
2015, RAJASTHAN, 8, DUNGARPUR, 90, DUNGARPUR, 1254, palgamdi, 262644, 1137695, Total, 0, 0, 0, 0, 0, 0, 1098000, 1098000
2015, RAJASTHAN, 8, DUNGARPUR, 90, GALIYAKOAT, 262105, AMBADA, 37541, 1146363, Roads, 0, 0, 0, 0, 0, 0, 1447000, 1447000
2015, RAJASTHAN, 8, DUNGARPUR, 90, GALIYAKOAT, 262105, AMBADA, 37541, 1146363, Total, 0, 0, 0, 0, 0, 0, 1447000, 1447000
2015, RAJASTHAN, 8, DUNGARPUR, 90, GALIYAKOAT, 262105, BABA KI BAR, 37588, 1161971, Drinking water, 0, 0, 0, 0, 0, 0, 482395, 482395
2015, RAJASTHAN, 8, DUNGARPUR, 90, GALIYAKOAT, 262105, BABA KI BAR, 37588, 1161971, Roads, 0, 0, 0, 0, 0, 0, 1000000, 1000000
2015, RAJASTHAN, 8, DUNGARPUR, 90, GALIYAKOAT, 262105, BABA KI BAR, 37588, 1161971, Total, 0, 0, 0, 0, 0, 0, 1482395, 1482395
2015, RAJASTHAN, 8, DUNGARPUR, 90, GALIYAKOAT, 262105, BHEMAI, 37595, 1097105, Drinking water, 0, 0, 0, 0, 0, 0, 619234, 619234
2015, RAJASTHAN, 8, DUNGARPUR, 90, GALIYAKOAT, 262105, BHEMAI, 37595, 1097105, Roads, 0, 0, 0, 0, 0, 0, 610000, 610000
2015, RAJASTHAN, 8, DUNGARPUR, 90, GALIYAKOAT, 262105, BHEMAI, 37595, 1097105, Total, 0, 0, 0, 0, 0, 0, 1229234, 1229234
2015, RAJASTHAN, 8, DUNGARPUR, 90, GALIYAKOAT, 262105, BHESRA CHHOTA, 37596, 1162015, Drinking water, 0, 0, 0, 0, 0, 0, 500000, 500000
2015, RAJASTHAN, 8, DUNGARPUR, 90, GALIYAKOAT, 262105, BHESRA CHHOTA, 37596, 1162015, Roads, 0, 0, 0, 0, 0, 0, 650000, 650000
2015, RAJASTHAN, 8, DUNGARPUR, 90, GALIYAKOAT, 262105, BHESRA CHHOTA, 37596, 1162015, Total, 0, 0, 0, 0, 0, 0, 1150000, 1150000
2015, RAJASTHAN, 8, DUNGARPUR, 90, GALIYAKOAT, 262105, CHITRI, 37600, 1146339, Drinking water, 0, 0, 0, 0, 0, 0, 362600, 362600
2015, RAJASTHAN, 8, DUNGARPUR, 90, GALIYAKOAT, 262105, CHITRI, 37600, 1146339, Roads, 0, 0, 0, 0, 0, 0, 1500000, 1500000
2015, RAJASTHAN, 8, DUNGARPUR, 90, GALIYAKOAT, 262105, CHITRI, 37600, 1146339, Social welfare, 0, 0, 0, 0, 0, 0, 500000, 500000
2015, RAJASTHAN, 8, DUNGARPUR, 90, GALIYAKOAT, 262105, CHITRI, 37600, 1146339, Total, 0, 0, 0, 0, 0, 0, 2362600, 2362600
2015, RAJASTHAN, 8, DUNGARPUR, 90, GALIYAKOAT, 262105, DAIYANA, 37548, 1096387, Drinking water, 0, 0, 0, 0, 0, 0, 103720, 103720
2015, RAJASTHAN, 8, DUNGARPUR, 90, GALIYAKOAT, 262105, DAIYANA, 37548, 1096387, Roads, 0, 0, 0, 0, 0, 0, 979000, 979000
2015, RAJASTHAN, 8, DUNGARPUR, 90, GALIYAKOAT, 262105, DAIYANA, 37548, 1096387, Rural housing, 0, 0, 0, 0, 0, 0, 250000, 250000
2015, RAJASTHAN, 8, DUNGARPUR, 90, GALIYAKOAT, 262105, DAIYANA, 37548, 1096387, Total, 0, 0, 0, 0, 0, 0, 1332720, 1332720
2015, RAJASTHAN, 8, DUNGARPUR, 90, GALIYAKOAT, 262105, DIWRA BADA, 37550, 1143652, Drinking water, 0, 0, 0, 0, 0, 0, 653760, 653760
2015, RAJASTHAN, 8, DUNGARPUR, 90, GALIYAKOAT, 262105, DIWRA BADA, 37550, 1143652, Roads, 0, 0, 0, 0, 0, 0, 592800, 592800
2015, RAJASTHAN, 8, DUNGARPUR, 90, GALIYAKOAT, 262105, DIWRA BADA, 37550, 1143652, Total, 0, 0, 0, 0, 0, 0, 1246560, 1246560
2015, RAJASTHAN, 8, DUNGARPUR, 90, GALIYAKOAT, 262105, DIWRA CHHOTA, 37551, 1163402, Drinking water, 0, 0, 0, 0, 0, 0, 832000, 832000
2015, RAJASTHAN, 8, DUNGARPUR, 90, GALIYAKOAT, 262105, DIWRA CHHOTA, 37551, 1163402, Roads, 0, 0, 0, 0, 0, 0, 500000, 500000
2015, RAJASTHAN, 8, DUNGARPUR, 90, GALIYAKOAT, 262105, DIWRA CHHOTA, 37551, 1163402, Total, 0, 0, 0, 0, 0, 0, 1332000, 1332000
2015, RAJASTHAN, 8, DUNGARPUR, 90, GALIYAKOAT, 262105, GADA JASRAJPUR, 37608, 1091690, Drinking water, 0, 0, 0, 0, 0, 0, 414400, 414400
2015, RAJASTHAN, 8, DUNGARPUR, 90, GALIYAKOAT, 262105, GADA JASRAJPUR, 37608, 1091690, Roads, 0, 0, 0, 0, 0, 0, 491000, 491000
2015, RAJASTHAN, 8, DUNGARPUR, 90, GALIYAKOAT, 262105, GADA JASRAJPUR, 37608, 1091690, Rural housing, 0, 0, 0, 0, 0, 0, 520000, 520000
2015, RAJASTHAN, 8, DUNGARPUR, 90, GALIYAKOAT, 262105, GADA JASRAJPUR, 37608, 1091690, Social welfare, 0, 0, 0, 0, 0, 0, 132000, 132000
2015, RAJASTHAN, 8, DUNGARPUR, 90, GALIYAKOAT, 262105, GADA JASRAJPUR, 37608, 1091690, Total, 0, 0, 0, 0, 0, 0, 1557400, 1557400
2015, RAJASTHAN, 8, DUNGARPUR, 90, GALIYAKOAT, 262105, GADA MEDTIYA, 37609, 1097110, Roads, 0, 0, 0, 0, 0, 0, 1348000, 1348000
2015, RAJASTHAN, 8, DUNGARPUR, 90, GALIYAKOAT, 262105, GADA MEDTIYA, 37609, 1097110, Total, 0, 0, 0, 0, 0, 0, 1348000, 1348000
2015, RAJASTHAN, 8, DUNGARPUR, 90, GALIYAKOAT, 262105, GALIYAKOAT, 37640, 1096593, Drinking water, 0, 0, 0, 0, 0, 0, 1000000, 1000000
2015, RAJASTHAN, 8, DUNGARPUR, 90, GALIYAKOAT, 262105, GALIYAKOAT, 37640, 1096593, Roads, 0, 0, 0, 0, 0, 0, 500000, 500000
2015, RAJASTHAN, 8, DUNGARPUR, 90, GALIYAKOAT, 262105, GALIYAKOAT, 37640, 1096593, Total, 0, 0, 0, 0, 0, 0, 1500000, 1500000
2015, RAJASTHAN, 8, DUNGARPUR, 90, GALIYAKOAT, 262105, GARIYATA, 37611, 1097107, Rural housing, 0, 0, 0, 0, 0, 0, 1000000, 1000000
2015, RAJASTHAN, 8, DUNGARPUR, 90, GALIYAKOAT, 262105, GARIYATA, 37611, 1097107, Total, 0, 0, 0, 0, 0, 0, 1000000, 1000000
2015, RAJASTHAN, 8, DUNGARPUR, 90, GALIYAKOAT, 262105, GHATA KA GAON, 37555, 1096618, Drinking water, 0, 0, 0, 0, 0, 0, 518860, 518860
2015, RAJASTHAN, 8, DUNGARPUR, 90, GALIYAKOAT, 262105, GHATA KA GAON, 37555, 1096618, Roads, 0, 0, 0, 0, 0, 0, 498000, 498000
2015, RAJASTHAN, 8, DUNGARPUR, 90, GALIYAKOAT, 262105, GHATA KA GAON, 37555, 1096618, Total, 0, 0, 0, 0, 0, 0, 1016860, 1016860
2015, RAJASTHAN, 8, DUNGARPUR, 90, GALIYAKOAT, 262105, JESALA, 37614, 1146353, Drinking water, 0, 0, 0, 0, 0, 0, 310800, 310800
2015, RAJASTHAN, 8, DUNGARPUR, 90, GALIYAKOAT, 262105, JESALA, 37614, 1146353, Roads, 0, 0, 0, 0, 0, 0, 493000, 493000
2015, RAJASTHAN, 8, DUNGARPUR, 90, GALIYAKOAT, 262105, JESALA, 37614, 1146353, Total, 0, 0, 0, 0, 0, 0, 803800, 803800
2015, RAJASTHAN, 8, DUNGARPUR, 90, GALIYAKOAT, 262105, JHOSHAVA, 37618, 1096694, Drinking water, 0, 0, 0, 0, 0, 0, 518600, 518600
2015, RAJASTHAN, 8, DUNGARPUR, 90, GALIYAKOAT, 262105, JHOSHAVA, 37618, 1096694, Total, 0, 0, 0, 0, 0, 0, 518600, 518600
2015, RAJASTHAN, 8, DUNGARPUR, 90, GALIYAKOAT, 262105, JOGPUR, 37559, 1142788, Drinking water, 0, 0, 0, 0, 0, 0, 410096, 410096
2015, RAJASTHAN, 8, DUNGARPUR, 90, GALIYAKOAT, 262105, JOGPUR, 37559, 1142788, Roads, 0, 0, 0, 0, 0, 0, 1259983, 1259983
2015, RAJASTHAN, 8, DUNGARPUR, 90, GALIYAKOAT, 262105, JOGPUR, 37559, 1142788, Total, 0, 0, 0, 0, 0, 0, 1670079, 1670079
2015, RAJASTHAN, 8, DUNGARPUR, 90, GALIYAKOAT, 262105, KASARIYA, 37620, 1161978, Drinking water, 0, 0, 0, 0, 0, 0, 756000, 756000
2015, RAJASTHAN, 8, DUNGARPUR, 90, GALIYAKOAT, 262105, KASARIYA, 37620, 1161978, Roads, 0, 0, 0, 0, 0, 0, 300000, 300000
2015, RAJASTHAN, 8, DUNGARPUR, 90, GALIYAKOAT, 262105, KASARIYA, 37620, 1161978, Total, 0, 0, 0, 0, 0, 0, 1056000, 1056000
2015, RAJASTHAN, 8, DUNGARPUR, 90, GALIYAKOAT, 262105, LIMARI, 262249, 1146378, Drinking water, 0, 0, 0, 0, 0, 0, 1036000, 1036000
2015, RAJASTHAN, 8, DUNGARPUR, 90, GALIYAKOAT, 262105, LIMARI, 262249, 1146378, Rural housing, 0, 0, 0, 0, 0, 0, 566000, 566000
2015, RAJASTHAN, 8, DUNGARPUR, 90, GALIYAKOAT, 262105, LIMARI, 262249, 1146378, Total, 0, 0, 0, 0, 0, 0, 1602000, 1602000
2015, RAJASTHAN, 8, DUNGARPUR, 90, GALIYAKOAT, 262105, LIMBRIYA, 262375, 1146344, Drinking water, 0, 0, 0, 0, 0, 0, 621600, 621600
2015, RAJASTHAN, 8, DUNGARPUR, 90, GALIYAKOAT, 262105, LIMBRIYA, 262375, 1146344, Total, 0, 0, 0, 0, 0, 0, 621600, 621600
2015, RAJASTHAN, 8, DUNGARPUR, 90, GALIYAKOAT, 262105, NADIYA, 37627, 1097106, Education, 0, 0, 0, 0, 0, 0, 395016, 395016
2015, RAJASTHAN, 8, DUNGARPUR, 90, GALIYAKOAT, 262105, NADIYA, 37627, 1097106, Roads, 0, 0, 0, 0, 0, 0, 197740, 197740
2015, RAJASTHAN, 8, DUNGARPUR, 90, GALIYAKOAT, 262105, NADIYA, 37627, 1097106, Rural housing, 0, 0, 0, 0, 0, 0, 189127, 189127
2015, RAJASTHAN, 8, DUNGARPUR, 90, GALIYAKOAT, 262105, NADIYA, 37627, 1097106, Total, 0, 0, 0, 0, 0, 0, 781883, 781883
2015, RAJASTHAN, 8, DUNGARPUR, 90, GALIYAKOAT, 262105, PARDA MEHTA    KA, 37572, 1096634, Roads, 0, 0, 0, 0, 0, 0, 447739, 447739
2015, RAJASTHAN, 8, DUNGARPUR, 90, GALIYAKOAT, 262105, PARDA MEHTA    KA, 37572, 1096634, Rural housing, 0, 0, 0, 0, 0, 0, 97000, 97000
2015, RAJASTHAN, 8, DUNGARPUR, 90, GALIYAKOAT, 262105, PARDA MEHTA    KA, 37572, 1096634, Total, 0, 0, 0, 0, 0, 0, 544739, 544739
2015, RAJASTHAN, 8, DUNGARPUR, 90, GALIYAKOAT, 262105, RAMSOR, 262374, 1097116, Drinking water, 0, 0, 0, 0, 0, 0, 528080, 528080
2015, RAJASTHAN, 8, DUNGARPUR, 90, GALIYAKOAT, 262105, RAMSOR, 262374, 1097116, Land improvement, 0, 0, 0, 0, 0, 0, 498433, 498433
2015, RAJASTHAN, 8, DUNGARPUR, 90, GALIYAKOAT, 262105, RAMSOR, 262374, 1097116, Rural housing, 0, 0, 0, 0, 0, 0, 99925, 99925
2015, RAJASTHAN, 8, DUNGARPUR, 90, GALIYAKOAT, 262105, RAMSOR, 262374, 1097116, Total, 0, 0, 0, 0, 0, 0, 1126438, 1126438
2015, RAJASTHAN, 8, DUNGARPUR, 90, GALIYAKOAT, 262105, RATDIYA, 37634, 1161983, Drinking water, 0, 0, 0, 0, 0, 0, 500000, 500000
2015, RAJASTHAN, 8, DUNGARPUR, 90, GALIYAKOAT, 262105, RATDIYA, 37634, 1161983, Roads, 0, 0, 0, 0, 0, 0, 700000, 700000
2015, RAJASTHAN, 8, DUNGARPUR, 90, GALIYAKOAT, 262105, RATDIYA, 37634, 1161983, Total, 0, 0, 0, 0, 0, 0, 1200000, 1200000
2015, RAJASTHAN, 8, DUNGARPUR, 90, GALIYAKOAT, 262105, SEMALIYA GHATA, 262259, 1143687, Drinking water, 0, 0, 0, 0, 0, 0, 414400, 414400
2015, RAJASTHAN, 8, DUNGARPUR, 90, GALIYAKOAT, 262105, SEMALIYA GHATA, 262259, 1143687, Roads, 0, 0, 0, 0, 0, 0, 468575, 468575
2015, RAJASTHAN, 8, DUNGARPUR, 90, GALIYAKOAT, 262105, SEMALIYA GHATA, 262259, 1143687, Total, 0, 0, 0, 0, 0, 0, 882975, 882975
2015, RAJASTHAN, 8, DUNGARPUR, 90, GALIYAKOAT, 262105, SILOHI, 37643, 1143675, Drinking water, 0, 0, 0, 0, 0, 0, 155400, 155400
2015, RAJASTHAN, 8, DUNGARPUR, 90, GALIYAKOAT, 262105, SILOHI, 37643, 1143675, Roads, 0, 0, 0, 0, 0, 0, 870000, 870000
2015, RAJASTHAN, 8, DUNGARPUR, 90, GALIYAKOAT, 262105, SILOHI, 37643, 1143675, Total, 0, 0, 0, 0, 0, 0, 1025400, 1025400
2015, RAJASTHAN, 8, DUNGARPUR, 90, JOTHARI, 262679, BEDA, 37507, 1091515, Drinking water, 0, 0, 0, 0, 0, 0, 100000, 100000
2015, RAJASTHAN, 8, DUNGARPUR, 90, JOTHARI, 262679, BEDA, 37507, 1091515, Education, 0, 0, 0, 0, 0, 0, 100000, 100000
2015, RAJASTHAN, 8, DUNGARPUR, 90, JOTHARI, 262679, BEDA, 37507, 1091515, Total, 0, 0, 0, 0, 0, 0, 200000, 200000
2015, RAJASTHAN, 8, DUNGARPUR, 90, JOTHARI, 262679, BEDA, 37507, 1137170, Roads, 0, 0, 0, 0, 0, 0, 300000, 300000
2015, RAJASTHAN, 8, DUNGARPUR, 90, JOTHARI, 262679, BEDA, 37507, 1137170, Sanitation, 0, 0, 0, 0, 0, 0, 102000, 102000
2015, RAJASTHAN, 8, DUNGARPUR, 90, JOTHARI, 262679, BEDA, 37507, 1137170, Total, 0, 0, 0, 0, 0, 0, 402000, 402000
2015, RAJASTHAN, 8, DUNGARPUR, 90, JOTHARI, 262679, BEDSA, 37593, 1137250, Drinking water, 0, 0, 0, 0, 0, 0, 432000, 432000
2015, RAJASTHAN, 8, DUNGARPUR, 90, JOTHARI, 262679, BEDSA, 37593, 1137250, Roads, 0, 0, 0, 0, 0, 0, 1200000, 1200000
2015, RAJASTHAN, 8, DUNGARPUR, 90, JOTHARI, 262679, BEDSA, 37593, 1137250, Total, 0, 0, 0, 0, 0, 0, 1632000, 1632000
2015, RAJASTHAN, 8, DUNGARPUR, 90, JOTHARI, 262679, BHINDA, 37508, 1137252, Drinking water, 0, 0, 0, 0, 0, 0, 1060000, 1060000
2015, RAJASTHAN, 8, DUNGARPUR, 90, JOTHARI, 262679, BHINDA, 37508, 1137252, Sanitation, 0, 0, 0, 0, 0, 0, 165000, 165000
2015, RAJASTHAN, 8, DUNGARPUR, 90, JOTHARI, 262679, BHINDA, 37508, 1137252, Total, 0, 0, 0, 0, 0, 0, 1225000, 1225000
2015, RAJASTHAN, 8, DUNGARPUR, 90, JOTHARI, 262679, CHARWARA, 37463, 1137270, Drinking water, 0, 0, 0, 0, 0, 0, 870000, 870000
2015, RAJASTHAN, 8, DUNGARPUR, 90, JOTHARI, 262679, CHARWARA, 37463, 1137270, Roads, 0, 0, 0, 0, 0, 0, 1597000, 1597000
2015, RAJASTHAN, 8, DUNGARPUR, 90, JOTHARI, 262679, CHARWARA, 37463, 1137270, Total, 0, 0, 0, 0, 0, 0, 2467000, 2467000
2015, RAJASTHAN, 8, DUNGARPUR, 90, JOTHARI, 262679, GANDHWA, 37470, 1137384, Roads, 0, 0, 0, 0, 0, 0, 2440000, 2440000
2015, RAJASTHAN, 8, DUNGARPUR, 90, JOTHARI, 262679, GANDHWA, 37470, 1137384, Total, 0, 0, 0, 0, 0, 0, 2440000, 2440000
2015, RAJASTHAN, 8, DUNGARPUR, 90, JOTHARI, 262679, GENJI, 37472, 1137111, Drinking water, 0, 0, 0, 0, 0, 0, 1085000, 1085000
2015, RAJASTHAN, 8, DUNGARPUR, 90, JOTHARI, 262679, GENJI, 37472, 1137111, Total, 0, 0, 0, 0, 0, 0, 1085000, 1085000
2015, RAJASTHAN, 8, DUNGARPUR, 90, JOTHARI, 262679, GORADA, 262848, 1173980, Drinking water, 0, 0, 0, 0, 0, 0, 1060000, 1060000
2015, RAJASTHAN, 8, DUNGARPUR, 90, JOTHARI, 262679, GORADA, 262848, 1173980, Total, 0, 0, 0, 0, 0, 0, 1060000, 1060000
2015, RAJASTHAN, 8, DUNGARPUR, 90, JOTHARI, 262679, JHONTRI, 37518, 1137131, Drinking water, 0, 0, 0, 0, 0, 0, 460000, 460000
2015, RAJASTHAN, 8, DUNGARPUR, 90, JOTHARI, 262679, JHONTRI, 37518, 1137131, Land improvement, 0, 0, 0, 0, 0, 0, 150000, 150000
2015, RAJASTHAN, 8, DUNGARPUR, 90, JOTHARI, 262679, JHONTRI, 37518, 1137131, Roads, 0, 0, 0, 0, 0, 0, 552000, 552000
2015, RAJASTHAN, 8, DUNGARPUR, 90, JOTHARI, 262679, JHONTRI, 37518, 1137131, Total, 0, 0, 0, 0, 0, 0, 1162000, 1162000
2015, RAJASTHAN, 8, DUNGARPUR, 90, JOTHARI, 262679, KARAWARA, 37478, 1137289, Drinking water, 0, 0, 0, 0, 0, 0, 530000, 530000
2015, RAJASTHAN, 8, DUNGARPUR, 90, JOTHARI, 262679, KARAWARA, 37478, 1137289, Roads, 0, 0, 0, 0, 0, 0, 804000, 804000
2015, RAJASTHAN, 8, DUNGARPUR, 90, JOTHARI, 262679, KARAWARA, 37478, 1137289, Total, 0, 0, 0, 0, 0, 0, 1334000, 1334000
2015, RAJASTHAN, 8, DUNGARPUR, 90, JOTHARI, 262679, MAHUDI, 37482, 1138191, Drinking water, 0, 0, 0, 0, 0, 0, 583000, 583000
2015, RAJASTHAN, 8, DUNGARPUR, 90, JOTHARI, 262679, MAHUDI, 37482, 1138191, Total, 0, 0, 0, 0, 0, 0, 583000, 583000
2015, RAJASTHAN, 8, DUNGARPUR, 90, JOTHARI, 262679, MAL, 37524, 1150491, Drinking water, 0, 0, 0, 0, 0, 0, 1300000, 1300000
2015, RAJASTHAN, 8, DUNGARPUR, 90, JOTHARI, 262679, MAL, 37524, 1150491, Total, 0, 0, 0, 0, 0, 0, 1300000, 1300000
2015, RAJASTHAN, 8, DUNGARPUR, 90, JOTHARI, 262679, MANDALI UPALI, 262685, 1137291, Drinking water, 0, 0, 0, 0, 0, 0, 50000, 50000
2015, RAJASTHAN, 8, DUNGARPUR, 90, JOTHARI, 262679, MANDALI UPALI, 262685, 1137291, Land improvement, 0, 0, 0, 0, 0, 0, 500000, 500000
2015, RAJASTHAN, 8, DUNGARPUR, 90, JOTHARI, 262679, MANDALI UPALI, 262685, 1137291, Total, 0, 0, 0, 0, 0, 0, 550000, 550000
2015, RAJASTHAN, 8, DUNGARPUR, 90, JOTHARI, 262679, NAGRIA PANCHELA, 37628, 1137295, Drinking water, 0, 0, 0, 0, 0, 0, 935000, 935000
2015, RAJASTHAN, 8, DUNGARPUR, 90, JOTHARI, 262679, NAGRIA PANCHELA, 37628, 1137295, Roads, 0, 0, 0, 0, 0, 0, 855000, 855000
2015, RAJASTHAN, 8, DUNGARPUR, 90, JOTHARI, 262679, NAGRIA PANCHELA, 37628, 1137295, Total, 0, 0, 0, 0, 0, 0, 1790000, 1790000
2015, RAJASTHAN, 8, DUNGARPUR, 90, JOTHARI, 262679, NEGALA, 262687, 1137301, Drinking water, 0, 0, 0, 0, 0, 0, 2014000, 2014000
2015, RAJASTHAN, 8, DUNGARPUR, 90, JOTHARI, 262679, NEGALA, 262687, 1137301, Roads, 0, 0, 0, 0, 0, 0, 388000, 388000
2015, RAJASTHAN, 8, DUNGARPUR, 90, JOTHARI, 262679, NEGALA, 262687, 1137301, Total, 0, 0, 0, 0, 0, 0, 2402000, 2402000
2015, RAJASTHAN, 8, DUNGARPUR, 90, JOTHARI, 262679, OONTIYA, 262620, 1138182, Drinking water, 0, 0, 0, 0, 0, 0, 700000, 700000
2015, RAJASTHAN, 8, DUNGARPUR, 90, JOTHARI, 262679, OONTIYA, 262620, 1138182, Roads, 0, 0, 0, 0, 0, 0, 1195000, 1195000
2015, RAJASTHAN, 8, DUNGARPUR, 90, JOTHARI, 262679, OONTIYA, 262620, 1138182, Total, 0, 0, 0, 0, 0, 0, 1895000, 1895000
2015, RAJASTHAN, 8, DUNGARPUR, 90, JOTHARI, 262679, PADLI GUJARESHWAR, 37529, 1137304, Drinking water, 0, 0, 0, 0, 0, 0, 495000, 495000
2015, RAJASTHAN, 8, DUNGARPUR, 90, JOTHARI, 262679, PADLI GUJARESHWAR, 37529, 1137304, Roads, 0, 0, 0, 0, 0, 0, 800000, 800000
2015, RAJASTHAN, 8, DUNGARPUR, 90, JOTHARI, 262679, PADLI GUJARESHWAR, 37529, 1137304, Total, 0, 0, 0, 0, 0, 0, 1295000, 1295000
2015, RAJASTHAN, 8, DUNGARPUR, 90, JOTHARI, 262679, POHARI KHATURAT, 37532, 1137140, Drinking water, 0, 0, 0, 0, 0, 0, 1325000, 1325000
2015, RAJASTHAN, 8, DUNGARPUR, 90, JOTHARI, 262679, POHARI KHATURAT, 37532, 1137140, Total, 0, 0, 0, 0, 0, 0, 1325000, 1325000
2015, RAJASTHAN, 8, DUNGARPUR, 90, JOTHARI, 262679, POHRI PATELAN, 262627, 1137353, Drinking water, 0, 0, 0, 0, 0, 0, 1007000, 1007000
2015, RAJASTHAN, 8, DUNGARPUR, 90, JOTHARI, 262679, POHRI PATELAN, 262627, 1137353, Roads, 0, 0, 0, 0, 0, 0, 280000, 280000
2015, RAJASTHAN, 8, DUNGARPUR, 90, JOTHARI, 262679, POHRI PATELAN, 262627, 1137353, Total, 0, 0, 0, 0, 0, 0, 1287000, 1287000
2015, RAJASTHAN, 8, DUNGARPUR, 90, JOTHARI, 262679, RENTA, 37493, 1138604, Drinking water, 0, 0, 0, 0, 0, 0, 535000, 535000
2015, RAJASTHAN, 8, DUNGARPUR, 90, JOTHARI, 262679, RENTA, 37493, 1138604, Roads, 0, 0, 0, 0, 0, 0, 1064000, 1064000
2015, RAJASTHAN, 8, DUNGARPUR, 90, JOTHARI, 262679, RENTA, 37493, 1138604, Total, 0, 0, 0, 0, 0, 0, 1599000, 1599000
2015, RAJASTHAN, 8, DUNGARPUR, 90, JOTHARI, 262679, SANSARPUR, 37536, 1154230, Drinking water, 0, 0, 0, 0, 0, 0, 523000, 523000
2015, RAJASTHAN, 8, DUNGARPUR, 90, JOTHARI, 262679, SANSARPUR, 37536, 1154230, Total, 0, 0, 0, 0, 0, 0, 523000, 523000
2015, RAJASTHAN, 8, DUNGARPUR, 90, JOTHARI, 262679, SURATA, 37538, 1137347, Drinking water, 0, 0, 0, 0, 0, 0, 1253000, 1253000
2015, RAJASTHAN, 8, DUNGARPUR, 90, JOTHARI, 262679, SURATA, 37538, 1137347, Total, 0, 0, 0, 0, 0, 0, 1253000, 1253000
2015, RAJASTHAN, 8, DUNGARPUR, 90, JOTHARI, 262679, VANIYA TALAB, 262857, 1150282, Drinking water, 0, 0, 0, 0, 0, 0, 1000000, 1000000
2015, RAJASTHAN, 8, DUNGARPUR, 90, JOTHARI, 262679, VANIYA TALAB, 262857, 1150282, Roads, 0, 0, 0, 0, 0, 0, 500000, 500000
2015, RAJASTHAN, 8, DUNGARPUR, 90, JOTHARI, 262679, VANIYA TALAB, 262857, 1150282, Total, 0, 0, 0, 0, 0, 0, 1500000, 1500000
2015, RAJASTHAN, 8, DUNGARPUR, 90, JOTHARI, 262679, VENJA, 37502, 1138187, Drinking water, 0, 0, 0, 0, 0, 0, 530000, 530000
2015, RAJASTHAN, 8, DUNGARPUR, 90, JOTHARI, 262679, VENJA, 37502, 1138187, Roads, 0, 0, 0, 0, 0, 0, 750000, 750000
2015, RAJASTHAN, 8, DUNGARPUR, 90, JOTHARI, 262679, VENJA, 37502, 1138187, Total, 0, 0, 0, 0, 0, 0, 1280000, 1280000
2015, RAJASTHAN, 8, DUNGARPUR, 90, JOTHARI, 262679, VIKASNAGAR, 37503, 1137734, Drinking water, 0, 0, 0, 0, 0, 0, 420000, 420000
2015, RAJASTHAN, 8, DUNGARPUR, 90, JOTHARI, 262679, VIKASNAGAR, 37503, 1137734, Land improvement, 0, 0, 0, 0, 0, 0, 100000, 100000
2015, RAJASTHAN, 8, DUNGARPUR, 90, JOTHARI, 262679, VIKASNAGAR, 37503, 1137734, Roads, 0, 0, 0, 0, 0, 0, 915000, 915000
2015, RAJASTHAN, 8, DUNGARPUR, 90, JOTHARI, 262679, VIKASNAGAR, 37503, 1137734, Total, 0, 0, 0, 0, 0, 0, 1435000, 1435000
2015, RAJASTHAN, 8, DUNGARPUR, 90, JOTHARI, 262679, vasuwa, 262648, 1137817, Drinking water, 0, 0, 0, 0, 0, 0, 520000, 520000
2015, RAJASTHAN, 8, DUNGARPUR, 90, JOTHARI, 262679, vasuwa, 262648, 1137817, Total, 0, 0, 0, 0, 0, 0, 520000, 520000
2015, RAJASTHAN, 8, DUNGARPUR, 90, SABLA, 262099, BHADGA, 262211, 1096795, Roads, 0, 0, 0, 0, 0, 0, 300000, 300000
2015, RAJASTHAN, 8, DUNGARPUR, 90, SABLA, 262099, BHADGA, 262211, 1096795, Total, 0, 0, 0, 0, 0, 0, 300000, 300000
2015, RAJASTHAN, 8, DUNGARPUR, 90, SABLA, 262099, BHEKHARAD, 37412, 1166185, Roads, 0, 0, 0, 0, 0, 0, 581000, 581000
2015, RAJASTHAN, 8, DUNGARPUR, 90, SABLA, 262099, BHEKHARAD, 37412, 1166185, Total, 0, 0, 0, 0, 0, 0, 581000, 581000
2015, RAJASTHAN, 8, DUNGARPUR, 90, SABLA, 262099, BODIGAMA BADA, 37414, 1117189, Drinking water, 0, 0, 0, 0, 0, 0, 325000, 325000
2015, RAJASTHAN, 8, DUNGARPUR, 90, SABLA, 262099, BODIGAMA BADA, 37414, 1117189, Roads, 0, 0, 0, 0, 0, 0, 466000, 466000
2015, RAJASTHAN, 8, DUNGARPUR, 90, SABLA, 262099, BODIGAMA BADA, 37414, 1117189, Total, 0, 0, 0, 0, 0, 0, 791000, 791000
2015, RAJASTHAN, 8, DUNGARPUR, 90, SABLA, 262099, BODIGAMA CHOTA, 37415, 1126564, Roads, 0, 0, 0, 0, 0, 0, 532000, 532000
2015, RAJASTHAN, 8, DUNGARPUR, 90, SABLA, 262099, BODIGAMA CHOTA, 37415, 1126564, Total, 0, 0, 0, 0, 0, 0, 532000, 532000
2015, RAJASTHAN, 8, DUNGARPUR, 90, SABLA, 262099, BOSI, 262670, 1109032, Drinking water, 0, 0, 0, 0, 0, 0, 432000, 432000
2015, RAJASTHAN, 8, DUNGARPUR, 90, SABLA, 262099, BOSI, 262670, 1109032, Roads, 0, 0, 0, 0, 0, 0, 768000, 768000
2015, RAJASTHAN, 8, DUNGARPUR, 90, SABLA, 262099, BOSI, 262670, 1109032, Total, 0, 0, 0, 0, 0, 0, 1200000, 1200000
2015, RAJASTHAN, 8, DUNGARPUR, 90, SABLA, 262099, DOLPURA, 37417, 1125475, Drinking water, 0, 0, 0, 0, 0, 0, 330000, 330000
2015, RAJASTHAN, 8, DUNGARPUR, 90, SABLA, 262099, DOLPURA, 37417, 1125475, Roads, 0, 0, 0, 0, 0, 0, 382000, 382000
2015, RAJASTHAN, 8, DUNGARPUR, 90, SABLA, 262099, DOLPURA, 37417, 1125475, Total, 0, 0, 0, 0, 0, 0, 712000, 712000
2015, RAJASTHAN, 8, DUNGARPUR, 90, SABLA, 262099, GAMDI, 37419, 1119096, Drinking water, 0, 0, 0, 0, 0, 0, 330000, 330000
2015, RAJASTHAN, 8, DUNGARPUR, 90, SABLA, 262099, GAMDI, 37419, 1119096, Roads, 0, 0, 0, 0, 0, 0, 833000, 833000
2015, RAJASTHAN, 8, DUNGARPUR, 90, SABLA, 262099, GAMDI, 37419, 1119096, Total, 0, 0, 0, 0, 0, 0, 1163000, 1163000
2015, RAJASTHAN, 8, DUNGARPUR, 90, SABLA, 262099, KABJA, 37423, 1117617, Roads, 0, 0, 0, 0, 0, 0, 829000, 829000
2015, RAJASTHAN, 8, DUNGARPUR, 90, SABLA, 262099, KABJA, 37423, 1117617, Total, 0, 0, 0, 0, 0, 0, 829000, 829000
2015, RAJASTHAN, 8, DUNGARPUR, 90, SABLA, 262099, KHANAN, 37427, 1119012, Drinking water, 0, 0, 0, 0, 0, 0, 540000, 540000
2015, RAJASTHAN, 8, DUNGARPUR, 90, SABLA, 262099, KHANAN, 37427, 1119012, Roads, 0, 0, 0, 0, 0, 0, 500000, 500000
2015, RAJASTHAN, 8, DUNGARPUR, 90, SABLA, 262099, KHANAN, 37427, 1119012, Total, 0, 0, 0, 0, 0, 0, 1040000, 1040000
2015, RAJASTHAN, 8, DUNGARPUR, 90, SABLA, 262099, LEMBATA, 37430, 1118494, Drinking water, 0, 0, 0, 0, 0, 0, 535000, 535000
2015, RAJASTHAN, 8, DUNGARPUR, 90, SABLA, 262099, LEMBATA, 37430, 1118494, Education, 0, 0, 0, 0, 0, 0, 75000, 75000
2015, RAJASTHAN, 8, DUNGARPUR, 90, SABLA, 262099, LEMBATA, 37430, 1118494, Total, 0, 0, 0, 0, 0, 0, 610000, 610000
2015, RAJASTHAN, 8, DUNGARPUR, 90, SABLA, 262099, LODAWAL, 37432, 1120658, Drinking water, 0, 0, 0, 0, 0, 0, 756000, 756000
2015, RAJASTHAN, 8, DUNGARPUR, 90, SABLA, 262099, LODAWAL, 37432, 1120658, Roads, 0, 0, 0, 0, 0, 0, 499000, 499000
2015, RAJASTHAN, 8, DUNGARPUR, 90, SABLA, 262099, LODAWAL, 37432, 1120658, Total, 0, 0, 0, 0, 0, 0, 1255000, 1255000
2015, RAJASTHAN, 8, DUNGARPUR, 90, SABLA, 262099, MAL, 37433, 1112527, Drinking water, 0, 0, 0, 0, 0, 0, 435000, 435000
2015, RAJASTHAN, 8, DUNGARPUR, 90, SABLA, 262099, MAL, 37433, 1112527, Roads, 0, 0, 0, 0, 0, 0, 500000, 500000
2015, RAJASTHAN, 8, DUNGARPUR, 90, SABLA, 262099, MAL, 37433, 1112527, Total, 0, 0, 0, 0, 0, 0, 935000, 935000
2015, RAJASTHAN, 8, DUNGARPUR, 90, SABLA, 262099, MAYALA, 37434, 1119062, Drinking water, 0, 0, 0, 0, 0, 0, 220000, 220000
2015, RAJASTHAN, 8, DUNGARPUR, 90, SABLA, 262099, MAYALA, 37434, 1119062, Roads, 0, 0, 0, 0, 0, 0, 450000, 450000
2015, RAJASTHAN, 8, DUNGARPUR, 90, SABLA, 262099, MAYALA, 37434, 1119062, Social welfare, 0, 0, 0, 0, 0, 0, 500000, 500000
2015, RAJASTHAN, 8, DUNGARPUR, 90, SABLA, 262099, MAYALA, 37434, 1119062, Total, 0, 0, 0, 0, 0, 0, 1170000, 1170000
2015, RAJASTHAN, 8, DUNGARPUR, 90, SABLA, 262099, MUGED, 37436, 1118388, Drinking water, 0, 0, 0, 0, 0, 0, 216000, 216000
2015, RAJASTHAN, 8, DUNGARPUR, 90, SABLA, 262099, MUGED, 37436, 1118388, Total, 0, 0, 0, 0, 0, 0, 216000, 216000
2015, RAJASTHAN, 8, DUNGARPUR, 90, SABLA, 262099, NANDALI AHADA, 37437, 1120908, Drinking water, 0, 0, 0, 0, 0, 0, 324000, 324000
2015, RAJASTHAN, 8, DUNGARPUR, 90, SABLA, 262099, NANDALI AHADA, 37437, 1120908, Roads, 0, 0, 0, 0, 0, 0, 797000, 797000
2015, RAJASTHAN, 8, DUNGARPUR, 90, SABLA, 262099, NANDALI AHADA, 37437, 1120908, Total, 0, 0, 0, 0, 0, 0, 1121000, 1121000
2015, RAJASTHAN, 8, DUNGARPUR, 90, SABLA, 262099, NITHAUWA, 37439, 1125045, Roads, 0, 0, 0, 0, 0, 0, 500000, 500000
2015, RAJASTHAN, 8, DUNGARPUR, 90, SABLA, 262099, NITHAUWA, 37439, 1125045, Total, 0, 0, 0, 0, 0, 0, 500000, 500000
2015, RAJASTHAN, 8, DUNGARPUR, 90, SABLA, 262099, PACHALASA BADA, 37440, 1119025, Roads, 0, 0, 0, 0, 0, 0, 500000, 500000
2015, RAJASTHAN, 8, DUNGARPUR, 90, SABLA, 262099, PACHALASA BADA, 37440, 1119025, Total, 0, 0, 0, 0, 0, 0, 500000, 500000
2015, RAJASTHAN, 8, DUNGARPUR, 90, SABLA, 262099, PACHALASA CHOTA, 37441, 1118362, Drinking water, 0, 0, 0, 0, 0, 0, 162000, 162000
2015, RAJASTHAN, 8, DUNGARPUR, 90, SABLA, 262099, PACHALASA CHOTA, 37441, 1118362, Roads, 0, 0, 0, 0, 0, 0, 488000, 488000
2015, RAJASTHAN, 8, DUNGARPUR, 90, SABLA, 262099, PACHALASA CHOTA, 37441, 1118362, Total, 0, 0, 0, 0, 0, 0, 650000, 650000
2015, RAJASTHAN, 8, DUNGARPUR, 90, SABLA, 262099, PAL NITHAUWA, 37442, 1117710, Roads, 0, 0, 0, 0, 0, 0, 1730000, 1730000
2015, RAJASTHAN, 8, DUNGARPUR, 90, SABLA, 262099, PAL NITHAUWA, 37442, 1117710, Total, 0, 0, 0, 0, 0, 0, 1730000, 1730000
2015, RAJASTHAN, 8, DUNGARPUR, 90, SABLA, 262099, PINDAWAL, 37445, 1118552, Roads, 0, 0, 0, 0, 0, 0, 1971000, 1971000
2015, RAJASTHAN, 8, DUNGARPUR, 90, SABLA, 262099, PINDAWAL, 37445, 1118552, Social welfare, 0, 0, 0, 0, 0, 0, 35000, 35000
2015, RAJASTHAN, 8, DUNGARPUR, 90, SABLA, 262099, PINDAWAL, 37445, 1118552, Total, 0, 0, 0, 0, 0, 0, 2006000, 2006000
2015, RAJASTHAN, 8, DUNGARPUR, 90, SABLA, 262099, RINCHHA, 37449, 1120887, Drinking water, 0, 0, 0, 0, 0, 0, 220000, 220000
2015, RAJASTHAN, 8, DUNGARPUR, 90, SABLA, 262099, RINCHHA, 37449, 1120887, Roads, 0, 0, 0, 0, 0, 0, 950000, 950000
2015, RAJASTHAN, 8, DUNGARPUR, 90, SABLA, 262099, RINCHHA, 37449, 1120887, Total, 0, 0, 0, 0, 0, 0, 1170000, 1170000
2015, RAJASTHAN, 8, DUNGARPUR, 90, SABLA, 262099, SABLA, 37450, 1118313, Drinking water, 0, 0, 0, 0, 0, 0, 715000, 715000
2015, RAJASTHAN, 8, DUNGARPUR, 90, SABLA, 262099, SABLA, 37450, 1118313, Roads, 0, 0, 0, 0, 0, 0, 593000, 593000
2015, RAJASTHAN, 8, DUNGARPUR, 90, SABLA, 262099, SABLA, 37450, 1118313, Total, 0, 0, 0, 0, 0, 0, 1308000, 1308000
2015, RAJASTHAN, 8, DUNGARPUR, 90, SABLA, 262099, SAGOT, 37451, 1119129, Drinking water, 0, 0, 0, 0, 0, 0, 810000, 810000
2015, RAJASTHAN, 8, DUNGARPUR, 90, SABLA, 262099, SAGOT, 37451, 1119129, Total, 0, 0, 0, 0, 0, 0, 810000, 810000
2015, RAJASTHAN, 8, DUNGARPUR, 90, SABLA, 262099, SOLANJ, 37453, 1121238, Drinking water, 0, 0, 0, 0, 0, 0, 550000, 550000
2015, RAJASTHAN, 8, DUNGARPUR, 90, SABLA, 262099, SOLANJ, 37453, 1121238, Roads, 0, 0, 0, 0, 0, 0, 913000, 913000
2015, RAJASTHAN, 8, DUNGARPUR, 90, SABLA, 262099, SOLANJ, 37453, 1121238, Total, 0, 0, 0, 0, 0, 0, 1463000, 1463000
2015, RAJASTHAN, 8, DUNGARPUR, 90, SABLA, 262099, TALORA, 37454, 1117232, Rural electrification, 0, 0, 0, 0, 0, 0, 278000, 278000
2015, RAJASTHAN, 8, DUNGARPUR, 90, SABLA, 262099, TALORA, 37454, 1117232, Total, 0, 0, 0, 0, 0, 0, 278000, 278000
2015, RAJASTHAN, 8, DUNGARPUR, 90, SABLA, 262099, VALAI, 37456, 1125154, Drinking water, 0, 0, 0, 0, 0, 0, 770000, 770000
2015, RAJASTHAN, 8, DUNGARPUR, 90, SABLA, 262099, VALAI, 37456, 1125154, Total, 0, 0, 0, 0, 0, 0, 770000, 770000
2015, RAJASTHAN, 8, DUNGARPUR, 90, SAGWARA, 1255, AARA, 37542, 1119560, Drinking water, 0, 0, 0, 0, 0, 0, 1280000, 1280000
2015, RAJASTHAN, 8, DUNGARPUR, 90, SAGWARA, 1255, AARA, 37542, 1119560, Roads, 0, 0, 0, 0, 0, 0, 500000, 500000
2015, RAJASTHAN, 8, DUNGARPUR, 90, SAGWARA, 1255, AARA, 37542, 1119560, Total, 0, 0, 0, 0, 0, 0, 1780000, 1780000
2015, RAJASTHAN, 8, DUNGARPUR, 90, SAGWARA, 1255, BADGAMA, 37543, 1103972, Roads, 0, 0, 0, 0, 0, 0, 1500000, 1500000
2015, RAJASTHAN, 8, DUNGARPUR, 90, SAGWARA, 1255, BADGAMA, 37543, 1103972, Total, 0, 0, 0, 0, 0, 0, 1500000, 1500000
2015, RAJASTHAN, 8, DUNGARPUR, 90, SAGWARA, 1255, BARBUDANIYA, 37544, 1103953, Drinking water, 0, 0, 0, 0, 0, 0, 780000, 780000
2015, RAJASTHAN, 8, DUNGARPUR, 90, SAGWARA, 1255, BARBUDANIYA, 37544, 1103953, Roads, 0, 0, 0, 0, 0, 0, 1000000, 1000000
2015, RAJASTHAN, 8, DUNGARPUR, 90, SAGWARA, 1255, BARBUDANIYA, 37544, 1103953, Social welfare, 0, 0, 0, 0, 0, 0, 300000, 300000
2015, RAJASTHAN, 8, DUNGARPUR, 90, SAGWARA, 1255, BARBUDANIYA, 37544, 1103953, Total, 0, 0, 0, 0, 0, 0, 2080000, 2080000
2015, RAJASTHAN, 8, DUNGARPUR, 90, SAGWARA, 1255, BHASOR, 37545, 1092050, Roads, 0, 0, 0, 0, 0, 0, 1000000, 1000000
2015, RAJASTHAN, 8, DUNGARPUR, 90, SAGWARA, 1255, BHASOR, 37545, 1092050, Total, 0, 0, 0, 0, 0, 0, 1000000, 1000000
2015, RAJASTHAN, 8, DUNGARPUR, 90, SAGWARA, 1255, BHASOR, 37545, 1106933, Drinking water, 0, 0, 0, 0, 0, 0, 520000, 520000
2015, RAJASTHAN, 8, DUNGARPUR, 90, SAGWARA, 1255, BHASOR, 37545, 1106933, Roads, 0, 0, 0, 0, 0, 0, 1000000, 1000000
2015, RAJASTHAN, 8, DUNGARPUR, 90, SAGWARA, 1255, BHASOR, 37545, 1106933, Social welfare, 0, 0, 0, 0, 0, 0, 500000, 500000
2015, RAJASTHAN, 8, DUNGARPUR, 90, SAGWARA, 1255, BHASOR, 37545, 1106933, Total, 0, 0, 0, 0, 0, 0, 2020000, 2020000
2015, RAJASTHAN, 8, DUNGARPUR, 90, SAGWARA, 1255, BHILUDA, 37546, 1106928, Drinking water, 0, 0, 0, 0, 0, 0, 1040000, 1040000
2015, RAJASTHAN, 8, DUNGARPUR, 90, SAGWARA, 1255, BHILUDA, 37546, 1106928, Roads, 0, 0, 0, 0, 0, 0, 1000000, 1000000
2015, RAJASTHAN, 8, DUNGARPUR, 90, SAGWARA, 1255, BHILUDA, 37546, 1106928, Total, 0, 0, 0, 0, 0, 0, 2040000, 2040000
2015, RAJASTHAN, 8, DUNGARPUR, 90, SAGWARA, 1255, BUCHIYA BADA, 37547, 1104297, Drinking water, 0, 0, 0, 0, 0, 0, 624000, 624000
2015, RAJASTHAN, 8, DUNGARPUR, 90, SAGWARA, 1255, BUCHIYA BADA, 37547, 1104297, Roads, 0, 0, 0, 0, 0, 0, 1000000, 1000000
2015, RAJASTHAN, 8, DUNGARPUR, 90, SAGWARA, 1255, BUCHIYA BADA, 37547, 1104297, Total, 0, 0, 0, 0, 0, 0, 1624000, 1624000
2015, RAJASTHAN, 8, DUNGARPUR, 90, SAGWARA, 1255, DECHA, 37549, 1119456, Drinking water, 0, 0, 0, 0, 0, 0, 1040000, 1040000
2015, RAJASTHAN, 8, DUNGARPUR, 90, SAGWARA, 1255, DECHA, 37549, 1119456, Roads, 0, 0, 0, 0, 0, 0, 500000, 500000
2015, RAJASTHAN, 8, DUNGARPUR, 90, SAGWARA, 1255, DECHA, 37549, 1119456, Social welfare, 0, 0, 0, 0, 0, 0, 500000, 500000
2015, RAJASTHAN, 8, DUNGARPUR, 90, SAGWARA, 1255, DECHA, 37549, 1119456, Total, 0, 0, 0, 0, 0, 0, 2040000, 2040000
2015, RAJASTHAN, 8, DUNGARPUR, 90, SAGWARA, 1255, FALA TED, 262253, 1127058, Roads, 0, 0, 0, 0, 0, 0, 1800000, 1800000
2015, RAJASTHAN, 8, DUNGARPUR, 90, SAGWARA, 1255, FALA TED, 262253, 1127058, Total, 0, 0, 0, 0, 0, 0, 1800000, 1800000
2015, RAJASTHAN, 8, DUNGARPUR, 90, SAGWARA, 1255, GADA JHUMJI, 37552, 1119413, Drinking water, 0, 0, 0, 0, 0, 0, 1037000, 1037000
2015, RAJASTHAN, 8, DUNGARPUR, 90, SAGWARA, 1255, GADA JHUMJI, 37552, 1119413, Roads, 0, 0, 0, 0, 0, 0, 1500000, 1500000
2015, RAJASTHAN, 8, DUNGARPUR, 90, SAGWARA, 1255, GADA JHUMJI, 37552, 1119413, Total, 0, 0, 0, 0, 0, 0, 2537000, 2537000
2015, RAJASTHAN, 8, DUNGARPUR, 90, SAGWARA, 1255, GAMDI DEVAKI, 37553, 1119592, Drinking water, 0, 0, 0, 0, 0, 0, 1020000, 1020000
2015, RAJASTHAN, 8, DUNGARPUR, 90, SAGWARA, 1255, GAMDI DEVAKI, 37553, 1119592, Roads, 0, 0, 0, 0, 0, 0, 1000000, 1000000
2015, RAJASTHAN, 8, DUNGARPUR, 90, SAGWARA, 1255, GAMDI DEVAKI, 37553, 1119592, Total, 0, 0, 0, 0, 0, 0, 2020000, 2020000
2015, RAJASTHAN, 8, DUNGARPUR, 90, SAGWARA, 1255, GAMRA BAMANIYA, 37554, 1119641, Drinking water, 0, 0, 0, 0, 0, 0, 1248000, 1248000
2015, RAJASTHAN, 8, DUNGARPUR, 90, SAGWARA, 1255, GAMRA BAMANIYA, 37554, 1119641, Roads, 0, 0, 0, 0, 0, 0, 1000000, 1000000
2015, RAJASTHAN, 8, DUNGARPUR, 90, SAGWARA, 1255, GAMRA BAMANIYA, 37554, 1119641, Total, 0, 0, 0, 0, 0, 0, 2248000, 2248000
2015, RAJASTHAN, 8, DUNGARPUR, 90, SAGWARA, 1255, GHOTAD, 37556, 1103781, Drinking water, 0, 0, 0, 0, 0, 0, 520000, 520000
2015, RAJASTHAN, 8, DUNGARPUR, 90, SAGWARA, 1255, GHOTAD, 37556, 1103781, Roads, 0, 0, 0, 0, 0, 0, 500000, 500000
2015, RAJASTHAN, 8, DUNGARPUR, 90, SAGWARA, 1255, GHOTAD, 37556, 1103781, Social welfare, 0, 0, 0, 0, 0, 0, 700000, 700000
2015, RAJASTHAN, 8, DUNGARPUR, 90, SAGWARA, 1255, GHOTAD, 37556, 1103781, Total, 0, 0, 0, 0, 0, 0, 1720000, 1720000
2015, RAJASTHAN, 8, DUNGARPUR, 90, SAGWARA, 1255, GOWADI, 37557, 1119595, Drinking water, 0, 0, 0, 0, 0, 0, 1040000, 1040000
2015, RAJASTHAN, 8, DUNGARPUR, 90, SAGWARA, 1255, GOWADI, 37557, 1119595, Roads, 0, 0, 0, 0, 0, 0, 1000000, 1000000
2015, RAJASTHAN, 8, DUNGARPUR, 90, SAGWARA, 1255, GOWADI, 37557, 1119595, Total, 0, 0, 0, 0, 0, 0, 2040000, 2040000
2015, RAJASTHAN, 8, DUNGARPUR, 90, SAGWARA, 1255, JETHANA, 37558, 1119602, Drinking water, 0, 0, 0, 0, 0, 0, 780000, 780000
2015, RAJASTHAN, 8, DUNGARPUR, 90, SAGWARA, 1255, JETHANA, 37558, 1119602, Roads, 0, 0, 0, 0, 0, 0, 1000000, 1000000
2015, RAJASTHAN, 8, DUNGARPUR, 90, SAGWARA, 1255, JETHANA, 37558, 1119602, Total, 0, 0, 0, 0, 0, 0, 1780000, 1780000
2015, RAJASTHAN, 8, DUNGARPUR, 90, SAGWARA, 1255, KAHELA, 37560, 1119648, Drinking water, 0, 0, 0, 0, 0, 0, 1248000, 1248000
2015, RAJASTHAN, 8, DUNGARPUR, 90, SAGWARA, 1255, KAHELA, 37560, 1119648, Roads, 0, 0, 0, 0, 0, 0, 500000, 500000
2015, RAJASTHAN, 8, DUNGARPUR, 90, SAGWARA, 1255, KAHELA, 37560, 1119648, Total, 0, 0, 0, 0, 0, 0, 1748000, 1748000
2015, RAJASTHAN, 8, DUNGARPUR, 90, SAGWARA, 1255, KARADA, 37561, 1104333, Drinking water, 0, 0, 0, 0, 0, 0, 624000, 624000
2015, RAJASTHAN, 8, DUNGARPUR, 90, SAGWARA, 1255, KARADA, 37561, 1104333, Roads, 0, 0, 0, 0, 0, 0, 1500000, 1500000
2015, RAJASTHAN, 8, DUNGARPUR, 90, SAGWARA, 1255, KARADA, 37561, 1104333, Total, 0, 0, 0, 0, 0, 0, 2124000, 2124000
2015, RAJASTHAN, 8, DUNGARPUR, 90, SAGWARA, 1255, KARIYANA, 37562, 1103348, Drinking water, 0, 0, 0, 0, 0, 0, 520000, 520000
2015, RAJASTHAN, 8, DUNGARPUR, 90, SAGWARA, 1255, KARIYANA, 37562, 1103348, Roads, 0, 0, 0, 0, 0, 0, 500000, 500000
2015, RAJASTHAN, 8, DUNGARPUR, 90, SAGWARA, 1255, KARIYANA, 37562, 1103348, Social welfare, 0, 0, 0, 0, 0, 0, 1200000, 1200000
2015, RAJASTHAN, 8, DUNGARPUR, 90, SAGWARA, 1255, KARIYANA, 37562, 1103348, Total, 0, 0, 0, 0, 0, 0, 2220000, 2220000
2015, RAJASTHAN, 8, DUNGARPUR, 90, SAGWARA, 1255, KHARGADA, 37563, 1103803, Drinking water, 0, 0, 0, 0, 0, 0, 520000, 520000
2015, RAJASTHAN, 8, DUNGARPUR, 90, SAGWARA, 1255, KHARGADA, 37563, 1103803, Roads, 0, 0, 0, 0, 0, 0, 1500000, 1500000
2015, RAJASTHAN, 8, DUNGARPUR, 90, SAGWARA, 1255, KHARGADA, 37563, 1103803, Total, 0, 0, 0, 0, 0, 0, 2020000, 2020000
2015, RAJASTHAN, 8, DUNGARPUR, 90, SAGWARA, 1255, KOKAPUR, 37564, 1104357, Drinking water, 0, 0, 0, 0, 0, 0, 520000, 520000
2015, RAJASTHAN, 8, DUNGARPUR, 90, SAGWARA, 1255, KOKAPUR, 37564, 1104357, Roads, 0, 0, 0, 0, 0, 0, 1000000, 1000000
2015, RAJASTHAN, 8, DUNGARPUR, 90, SAGWARA, 1255, KOKAPUR, 37564, 1104357, Total, 0, 0, 0, 0, 0, 0, 1520000, 1520000
2015, RAJASTHAN, 8, DUNGARPUR, 90, SAGWARA, 1255, MANDAV, 37565, 1119947, Drinking water, 0, 0, 0, 0, 0, 0, 1040000, 1040000
2015, RAJASTHAN, 8, DUNGARPUR, 90, SAGWARA, 1255, MANDAV, 37565, 1119947, Roads, 0, 0, 0, 0, 0, 0, 1000000, 1000000
2015, RAJASTHAN, 8, DUNGARPUR, 90, SAGWARA, 1255, MANDAV, 37565, 1119947, Total, 0, 0, 0, 0, 0, 0, 2040000, 2040000
2015, RAJASTHAN, 8, DUNGARPUR, 90, SAGWARA, 1255, NANDOD, 37566, 1119536, Drinking water, 0, 0, 0, 0, 0, 0, 520000, 520000
2015, RAJASTHAN, 8, DUNGARPUR, 90, SAGWARA, 1255, NANDOD, 37566, 1119536, Roads, 0, 0, 0, 0, 0, 0, 1000000, 1000000
2015, RAJASTHAN, 8, DUNGARPUR, 90, SAGWARA, 1255, NANDOD, 37566, 1119536, Total, 0, 0, 0, 0, 0, 0, 1520000, 1520000
2015, RAJASTHAN, 8, DUNGARPUR, 90, SAGWARA, 1255, OAD, 37568, 1119585, Drinking water, 0, 0, 0, 0, 0, 0, 520000, 520000
2015, RAJASTHAN, 8, DUNGARPUR, 90, SAGWARA, 1255, OAD, 37568, 1119585, Roads, 0, 0, 0, 0, 0, 0, 1000000, 1000000
2015, RAJASTHAN, 8, DUNGARPUR, 90, SAGWARA, 1255, OAD, 37568, 1119585, Total, 0, 0, 0, 0, 0, 0, 1520000, 1520000
2015, RAJASTHAN, 8, DUNGARPUR, 90, SAGWARA, 1255, OBRI, 37567, 1119933, Drinking water, 0, 0, 0, 0, 0, 0, 520000, 520000
2015, RAJASTHAN, 8, DUNGARPUR, 90, SAGWARA, 1255, OBRI, 37567, 1119933, Roads, 0, 0, 0, 0, 0, 0, 1500000, 1500000
2015, RAJASTHAN, 8, DUNGARPUR, 90, SAGWARA, 1255, OBRI, 37567, 1119933, Total, 0, 0, 0, 0, 0, 0, 2020000, 2020000
2015, RAJASTHAN, 8, DUNGARPUR, 90, SAGWARA, 1255, PADARDI BADI, 37569, 1107267, Drinking water, 0, 0, 0, 0, 0, 0, 520000, 520000
2015, RAJASTHAN, 8, DUNGARPUR, 90, SAGWARA, 1255, PADARDI BADI, 37569, 1107267, Roads, 0, 0, 0, 0, 0, 0, 1550000, 1550000
2015, RAJASTHAN, 8, DUNGARPUR, 90, SAGWARA, 1255, PADARDI BADI, 37569, 1107267, Total, 0, 0, 0, 0, 0, 0, 2070000, 2070000
2015, RAJASTHAN, 8, DUNGARPUR, 90, SAGWARA, 1255, PADAWA, 37570, 1107177, Drinking water, 0, 0, 0, 0, 0, 0, 520000, 520000
2015, RAJASTHAN, 8, DUNGARPUR, 90, SAGWARA, 1255, PADAWA, 37570, 1107177, Roads, 0, 0, 0, 0, 0, 0, 1500000, 1500000
2015, RAJASTHAN, 8, DUNGARPUR, 90, SAGWARA, 1255, PADAWA, 37570, 1107177, Total, 0, 0, 0, 0, 0, 0, 2020000, 2020000
2015, RAJASTHAN, 8, DUNGARPUR, 90, SAGWARA, 1255, PADRA, 37571, 1119620, Drinking water, 0, 0, 0, 0, 0, 0, 1040000, 1040000
2015, RAJASTHAN, 8, DUNGARPUR, 90, SAGWARA, 1255, PADRA, 37571, 1119620, Roads, 0, 0, 0, 0, 0, 0, 1000000, 1000000
2015, RAJASTHAN, 8, DUNGARPUR, 90, SAGWARA, 1255, PADRA, 37571, 1119620, Total, 0, 0, 0, 0, 0, 0, 2040000, 2040000
2015, RAJASTHAN, 8, DUNGARPUR, 90, SAGWARA, 1255, PARDA SARODA, 37573, 1107183, Drinking water, 0, 0, 0, 0, 0, 0, 520000, 520000
2015, RAJASTHAN, 8, DUNGARPUR, 90, SAGWARA, 1255, PARDA SARODA, 37573, 1107183, Roads, 0, 0, 0, 0, 0, 0, 1800000, 1800000
2015, RAJASTHAN, 8, DUNGARPUR, 90, SAGWARA, 1255, PARDA SARODA, 37573, 1107183, Total, 0, 0, 0, 0, 0, 0, 2320000, 2320000
2015, RAJASTHAN, 8, DUNGARPUR, 90, SAGWARA, 1255, PIPLAGUNJ, 37574, 1104367, Drinking water, 0, 0, 0, 0, 0, 0, 1248000, 1248000
2015, RAJASTHAN, 8, DUNGARPUR, 90, SAGWARA, 1255, PIPLAGUNJ, 37574, 1104367, Roads, 0, 0, 0, 0, 0, 0, 1000000, 1000000
2015, RAJASTHAN, 8, DUNGARPUR, 90, SAGWARA, 1255, PIPLAGUNJ, 37574, 1104367, Total, 0, 0, 0, 0, 0, 0, 2248000, 2248000
2015, RAJASTHAN, 8, DUNGARPUR, 90, SAGWARA, 1255, RANOLI, 37575, 1107294, Drinking water, 0, 0, 0, 0, 0, 0, 520000, 520000
2015, RAJASTHAN, 8, DUNGARPUR, 90, SAGWARA, 1255, RANOLI, 37575, 1107294, Roads, 0, 0, 0, 0, 0, 0, 1400000, 1400000
2015, RAJASTHAN, 8, DUNGARPUR, 90, SAGWARA, 1255, RANOLI, 37575, 1107294, Total, 0, 0, 0, 0, 0, 0, 1920000, 1920000
2015, RAJASTHAN, 8, DUNGARPUR, 90, SAGWARA, 1255, SALOTA, 37576, 1119437, Drinking water, 0, 0, 0, 0, 0, 0, 520000, 520000
2015, RAJASTHAN, 8, DUNGARPUR, 90, SAGWARA, 1255, SALOTA, 37576, 1119437, Roads, 0, 0, 0, 0, 0, 0, 1000000, 1000000
2015, RAJASTHAN, 8, DUNGARPUR, 90, SAGWARA, 1255, SALOTA, 37576, 1119437, Total, 0, 0, 0, 0, 0, 0, 1520000, 1520000
2015, RAJASTHAN, 8, DUNGARPUR, 90, SAGWARA, 1255, SAMALIYA, 37577, 1107682, Drinking water, 0, 0, 0, 0, 0, 0, 624000, 624000
2015, RAJASTHAN, 8, DUNGARPUR, 90, SAGWARA, 1255, SAMALIYA, 37577, 1107682, Roads, 0, 0, 0, 0, 0, 0, 1000000, 1000000
2015, RAJASTHAN, 8, DUNGARPUR, 90, SAGWARA, 1255, SAMALIYA, 37577, 1107682, Total, 0, 0, 0, 0, 0, 0, 1624000, 1624000
2015, RAJASTHAN, 8, DUNGARPUR, 90, SAGWARA, 1255, SARODA, 37578, 1107599, Drinking water, 0, 0, 0, 0, 0, 0, 624000, 624000
2015, RAJASTHAN, 8, DUNGARPUR, 90, SAGWARA, 1255, SARODA, 37578, 1107599, Roads, 0, 0, 0, 0, 0, 0, 1500000, 1500000
2015, RAJASTHAN, 8, DUNGARPUR, 90, SAGWARA, 1255, SARODA, 37578, 1107599, Total, 0, 0, 0, 0, 0, 0, 2124000, 2124000
2015, RAJASTHAN, 8, DUNGARPUR, 90, SAGWARA, 1255, SEMALIYA PANDYA, 37579, 1119615, Drinking water, 0, 0, 0, 0, 0, 0, 1040000, 1040000
2015, RAJASTHAN, 8, DUNGARPUR, 90, SAGWARA, 1255, SEMALIYA PANDYA, 37579, 1119615, Roads, 0, 0, 0, 0, 0, 0, 1000000, 1000000
2015, RAJASTHAN, 8, DUNGARPUR, 90, SAGWARA, 1255, SEMALIYA PANDYA, 37579, 1119615, Total, 0, 0, 0, 0, 0, 0, 2040000, 2040000
2015, RAJASTHAN, 8, DUNGARPUR, 90, SAGWARA, 1255, TAMATIYA, 37580, 1119551, Drinking water, 0, 0, 0, 0, 0, 0, 520000, 520000
2015, RAJASTHAN, 8, DUNGARPUR, 90, SAGWARA, 1255, TAMATIYA, 37580, 1119551, Roads, 0, 0, 0, 0, 0, 0, 1500000, 1500000
2015, RAJASTHAN, 8, DUNGARPUR, 90, SAGWARA, 1255, TAMATIYA, 37580, 1119551, Total, 0, 0, 0, 0, 0, 0, 2020000, 2020000
2015, RAJASTHAN, 8, DUNGARPUR, 90, SAGWARA, 1255, THAKARDA, 37581, 1103932, Roads, 0, 0, 0, 0, 0, 0, 1500000, 1500000
2015, RAJASTHAN, 8, DUNGARPUR, 90, SAGWARA, 1255, THAKARDA, 37581, 1103932, Social welfare, 0, 0, 0, 0, 0, 0, 300000, 300000
2015, RAJASTHAN, 8, DUNGARPUR, 90, SAGWARA, 1255, THAKARDA, 37581, 1103932, Total, 0, 0, 0, 0, 0, 0, 1800000, 1800000
2015, RAJASTHAN, 8, DUNGARPUR, 90, SAGWARA, 1255, VAGERI, 37582, 1119492, Drinking water, 0, 0, 0, 0, 0, 0, 1040000, 1040000
2015, RAJASTHAN, 8, DUNGARPUR, 90, SAGWARA, 1255, VAGERI, 37582, 1119492, Roads, 0, 0, 0, 0, 0, 0, 800000, 800000
2015, RAJASTHAN, 8, DUNGARPUR, 90, SAGWARA, 1255, VAGERI, 37582, 1119492, Total, 0, 0, 0, 0, 0, 0, 1840000, 1840000
2015, RAJASTHAN, 8, DUNGARPUR, 90, SAGWARA, 1255, VANORI, 37583, 1119462, Drinking water, 0, 0, 0, 0, 0, 0, 624000, 624000
2015, RAJASTHAN, 8, DUNGARPUR, 90, SAGWARA, 1255, VANORI, 37583, 1119462, Roads, 0, 0, 0, 0, 0, 0, 1000000, 1000000
2015, RAJASTHAN, 8, DUNGARPUR, 90, SAGWARA, 1255, VANORI, 37583, 1119462, Total, 0, 0, 0, 0, 0, 0, 1624000, 1624000
2015, RAJASTHAN, 8, DUNGARPUR, 90, SAGWARA, 1255, VARDA, 37584, 1119477, Drinking water, 0, 0, 0, 0, 0, 0, 624000, 624000
2015, RAJASTHAN, 8, DUNGARPUR, 90, SAGWARA, 1255, VARDA, 37584, 1119477, Roads, 0, 0, 0, 0, 0, 0, 1000000, 1000000
2015, RAJASTHAN, 8, DUNGARPUR, 90, SAGWARA, 1255, VARDA, 37584, 1119477, Total, 0, 0, 0, 0, 0, 0, 1624000, 1624000
2015, RAJASTHAN, 8, DUNGARPUR, 90, SAGWARA, 1255, VARSINGPUR, 37585, 1119472, Drinking water, 0, 0, 0, 0, 0, 0, 1300000, 1300000
2015, RAJASTHAN, 8, DUNGARPUR, 90, SAGWARA, 1255, VARSINGPUR, 37585, 1119472, Roads, 0, 0, 0, 0, 0, 0, 500000, 500000
2015, RAJASTHAN, 8, DUNGARPUR, 90, SAGWARA, 1255, VARSINGPUR, 37585, 1119472, Total, 0, 0, 0, 0, 0, 0, 1800000, 1800000
2015, RAJASTHAN, 8, DUNGARPUR, 90, SAGWARA, 1255, VIRAT, 37586, 1104778, Drinking water, 0, 0, 0, 0, 0, 0, 520000, 520000
2015, RAJASTHAN, 8, DUNGARPUR, 90, SAGWARA, 1255, VIRAT, 37586, 1104778, Roads, 0, 0, 0, 0, 0, 0, 1000000, 1000000
2015, RAJASTHAN, 8, DUNGARPUR, 90, SAGWARA, 1255, VIRAT, 37586, 1104778, Total, 0, 0, 0, 0, 0, 0, 1520000, 1520000
2015, RAJASTHAN, 8, DUNGARPUR, 90, SAGWARA, 1255, ben, 262633, 1127051, Roads, 0, 0, 0, 0, 0, 0, 1300000, 1300000
2015, RAJASTHAN, 8, DUNGARPUR, 90, SAGWARA, 1255, ben, 262633, 1127051, Social welfare, 0, 0, 0, 0, 0, 0, 300000, 300000
2015, RAJASTHAN, 8, DUNGARPUR, 90, SAGWARA, 1255, ben, 262633, 1127051, Total, 0, 0, 0, 0, 0, 0, 1600000, 1600000
2015, RAJASTHAN, 8, DUNGARPUR, 90, SIMALWARA, 1256, BANKRA, 37590, 1095651, Roads, 0, 0, 0, 0, 0, 0, 200000, 200000
2015, RAJASTHAN, 8, DUNGARPUR, 90, SIMALWARA, 1256, BANKRA, 37590, 1095651, Total, 0, 0, 0, 0, 0, 0, 200000, 200000
2015, RAJASTHAN, 8, DUNGARPUR, 90, SIMALWARA, 1256, BANSIYA, 37591, 1136432, Roads, 0, 0, 0, 0, 0, 0, 737050, 737050
2015, RAJASTHAN, 8, DUNGARPUR, 90, SIMALWARA, 1256, BANSIYA, 37591, 1136432, Total, 0, 0, 0, 0, 0, 0, 737050, 737050
2015, RAJASTHAN, 8, DUNGARPUR, 90, SIMALWARA, 1256, BHACHDIYA, 37594, 1140704, Drinking water, 0, 0, 0, 0, 0, 0, 830176, 830176
2015, RAJASTHAN, 8, DUNGARPUR, 90, SIMALWARA, 1256, BHACHDIYA, 37594, 1140704, Roads, 0, 0, 0, 0, 0, 0, 114443, 114443
2015, RAJASTHAN, 8, DUNGARPUR, 90, SIMALWARA, 1256, BHACHDIYA, 37594, 1140704, Total, 0, 0, 0, 0, 0, 0, 944619, 944619
2015, RAJASTHAN, 8, DUNGARPUR, 90, SIMALWARA, 1256, BHADAR, 262514, 1155060, Drinking water, 0, 0, 0, 0, 0, 0, 726404, 726404
2015, RAJASTHAN, 8, DUNGARPUR, 90, SIMALWARA, 1256, BHADAR, 262514, 1155060, Roads, 0, 0, 0, 0, 0, 0, 884000, 884000
2015, RAJASTHAN, 8, DUNGARPUR, 90, SIMALWARA, 1256, BHADAR, 262514, 1155060, Total, 0, 0, 0, 0, 0, 0, 1610404, 1610404
2015, RAJASTHAN, 8, DUNGARPUR, 90, SIMALWARA, 1256, CHADOLI, 37598, 1137154, Roads, 0, 0, 0, 0, 0, 0, 992596, 992596
2015, RAJASTHAN, 8, DUNGARPUR, 90, SIMALWARA, 1256, CHADOLI, 37598, 1137154, Social welfare, 0, 0, 0, 0, 0, 0, 1015711, 1015711
2015, RAJASTHAN, 8, DUNGARPUR, 90, SIMALWARA, 1256, CHADOLI, 37598, 1137154, Total, 0, 0, 0, 0, 0, 0, 2008307, 2008307
2015, RAJASTHAN, 8, DUNGARPUR, 90, SIMALWARA, 1256, DHAMBOLA, 37602, 1143047, Social welfare, 0, 0, 0, 0, 0, 0, 762811, 762811
2015, RAJASTHAN, 8, DUNGARPUR, 90, SIMALWARA, 1256, DHAMBOLA, 37602, 1143047, Total, 0, 0, 0, 0, 0, 0, 762811, 762811
2015, RAJASTHAN, 8, DUNGARPUR, 90, SIMALWARA, 1256, DHODHRA, 37604, 1143561, Drinking water, 0, 0, 0, 0, 0, 0, 1089606, 1089606
2015, RAJASTHAN, 8, DUNGARPUR, 90, SIMALWARA, 1256, DHODHRA, 37604, 1143561, Roads, 0, 0, 0, 0, 0, 0, 1310100, 1310100
2015, RAJASTHAN, 8, DUNGARPUR, 90, SIMALWARA, 1256, DHODHRA, 37604, 1143561, Total, 0, 0, 0, 0, 0, 0, 2399706, 2399706
2015, RAJASTHAN, 8, DUNGARPUR, 90, SIMALWARA, 1256, DUNKA, 37607, 1140997, Drinking water, 0, 0, 0, 0, 0, 0, 1085834, 1085834
2015, RAJASTHAN, 8, DUNGARPUR, 90, SIMALWARA, 1256, DUNKA, 37607, 1140997, Roads, 0, 0, 0, 0, 0, 0, 2293000, 2293000
2015, RAJASTHAN, 8, DUNGARPUR, 90, SIMALWARA, 1256, DUNKA, 37607, 1140997, Sanitation, 0, 0, 0, 0, 0, 0, 100000, 100000
2015, RAJASTHAN, 8, DUNGARPUR, 90, SIMALWARA, 1256, DUNKA, 37607, 1140997, Total, 0, 0, 0, 0, 0, 0, 3578834, 3578834
2015, RAJASTHAN, 8, DUNGARPUR, 90, SIMALWARA, 1256, DUNKA, 37607, 1140997, Tribal Welfare, 0, 0, 0, 0, 0, 0, 100000, 100000
2015, RAJASTHAN, 8, DUNGARPUR, 90, SIMALWARA, 1256, GADA PATTA PEETH, 37610, 1139663, Drinking water, 0, 0, 0, 0, 0, 0, 207544, 207544
2015, RAJASTHAN, 8, DUNGARPUR, 90, SIMALWARA, 1256, GADA PATTA PEETH, 37610, 1139663, Roads, 0, 0, 0, 0, 0, 0, 1093000, 1093000
2015, RAJASTHAN, 8, DUNGARPUR, 90, SIMALWARA, 1256, GADA PATTA PEETH, 37610, 1139663, Total, 0, 0, 0, 0, 0, 0, 1300544, 1300544
2015, RAJASTHAN, 8, DUNGARPUR, 90, SIMALWARA, 1256, GARA VATESHWAR, 262513, 1143545, Drinking water, 0, 0, 0, 0, 0, 0, 1037720, 1037720
2015, RAJASTHAN, 8, DUNGARPUR, 90, SIMALWARA, 1256, GARA VATESHWAR, 262513, 1143545, Roads, 0, 0, 0, 0, 0, 0, 604645, 604645
2015, RAJASTHAN, 8, DUNGARPUR, 90, SIMALWARA, 1256, GARA VATESHWAR, 262513, 1143545, Social welfare, 0, 0, 0, 0, 0, 0, 482995, 482995
2015, RAJASTHAN, 8, DUNGARPUR, 90, SIMALWARA, 1256, GARA VATESHWAR, 262513, 1143545, Total, 0, 0, 0, 0, 0, 0, 2125360, 2125360
2015, RAJASTHAN, 8, DUNGARPUR, 90, SIMALWARA, 1256, GHUVED, 37612, 1143071, Roads, 0, 0, 0, 0, 0, 0, 570804, 570804
2015, RAJASTHAN, 8, DUNGARPUR, 90, SIMALWARA, 1256, GHUVED, 37612, 1143071, Total, 0, 0, 0, 0, 0, 0, 570804, 570804
2015, RAJASTHAN, 8, DUNGARPUR, 90, SIMALWARA, 1256, JHALAI, 37615, 1155948, Drinking water, 0, 0, 0, 0, 0, 0, 155658, 155658
2015, RAJASTHAN, 8, DUNGARPUR, 90, SIMALWARA, 1256, JHALAI, 37615, 1155948, Roads, 0, 0, 0, 0, 0, 0, 447500, 447500
2015, RAJASTHAN, 8, DUNGARPUR, 90, SIMALWARA, 1256, JHALAI, 37615, 1155948, Total, 0, 0, 0, 0, 0, 0, 603158, 603158
2015, RAJASTHAN, 8, DUNGARPUR, 90, SIMALWARA, 1256, JHALAP, 37616, 1143897, Drinking water, 0, 0, 0, 0, 0, 0, 2334870, 2334870
2015, RAJASTHAN, 8, DUNGARPUR, 90, SIMALWARA, 1256, JHALAP, 37616, 1143897, Roads, 0, 0, 0, 0, 0, 0, 1000000, 1000000
2015, RAJASTHAN, 8, DUNGARPUR, 90, SIMALWARA, 1256, JHALAP, 37616, 1143897, Sanitation, 0, 0, 0, 0, 0, 0, 700000, 700000
2015, RAJASTHAN, 8, DUNGARPUR, 90, SIMALWARA, 1256, JHALAP, 37616, 1143897, Total, 0, 0, 0, 0, 0, 0, 4034870, 4034870
2015, RAJASTHAN, 8, DUNGARPUR, 90, SIMALWARA, 1256, JHARNI, 37617, 1137446, Drinking water, 0, 0, 0, 0, 0, 0, 518860, 518860
2015, RAJASTHAN, 8, DUNGARPUR, 90, SIMALWARA, 1256, JHARNI, 37617, 1137446, Roads, 0, 0, 0, 0, 0, 0, 375865, 375865
2015, RAJASTHAN, 8, DUNGARPUR, 90, SIMALWARA, 1256, JHARNI, 37617, 1137446, Sanitation, 0, 0, 0, 0, 0, 0, 128590, 128590
2015, RAJASTHAN, 8, DUNGARPUR, 90, SIMALWARA, 1256, JHARNI, 37617, 1137446, Social welfare, 0, 0, 0, 0, 0, 0, 180570, 180570
2015, RAJASTHAN, 8, DUNGARPUR, 90, SIMALWARA, 1256, JHARNI, 37617, 1137446, Total, 0, 0, 0, 0, 0, 0, 1203885, 1203885
2015, RAJASTHAN, 8, DUNGARPUR, 90, SIMALWARA, 1256, KANBA, 262521, 1135866, Drinking water, 0, 0, 0, 0, 0, 0, 830176, 830176
2015, RAJASTHAN, 8, DUNGARPUR, 90, SIMALWARA, 1256, KANBA, 262521, 1135866, Roads, 0, 0, 0, 0, 0, 0, 290720, 290720
2015, RAJASTHAN, 8, DUNGARPUR, 90, SIMALWARA, 1256, KANBA, 262521, 1135866, Total, 0, 0, 0, 0, 0, 0, 1120896, 1120896
2015, RAJASTHAN, 8, DUNGARPUR, 90, SIMALWARA, 1256, KHARPEDA, 262524, 1137847, Drinking water, 0, 0, 0, 0, 0, 0, 1037720, 1037720
2015, RAJASTHAN, 8, DUNGARPUR, 90, SIMALWARA, 1256, KHARPEDA, 262524, 1137847, Total, 0, 0, 0, 0, 0, 0, 1037720, 1037720
2015, RAJASTHAN, 8, DUNGARPUR, 90, SIMALWARA, 1256, LIKHI BADI, 37623, 1146821, Drinking water, 0, 0, 0, 0, 0, 0, 518860, 518860
2015, RAJASTHAN, 8, DUNGARPUR, 90, SIMALWARA, 1256, LIKHI BADI, 37623, 1146821, Roads, 0, 0, 0, 0, 0, 0, 1140000, 1140000
2015, RAJASTHAN, 8, DUNGARPUR, 90, SIMALWARA, 1256, LIKHI BADI, 37623, 1146821, Total, 0, 0, 0, 0, 0, 0, 1658860, 1658860
2015, RAJASTHAN, 8, DUNGARPUR, 90, SIMALWARA, 1256, MANDLI, 37625, 1143967, Drinking water, 0, 0, 0, 0, 0, 0, 1036000, 1036000
2015, RAJASTHAN, 8, DUNGARPUR, 90, SIMALWARA, 1256, MANDLI, 37625, 1143967, Roads, 0, 0, 0, 0, 0, 0, 826000, 826000
2015, RAJASTHAN, 8, DUNGARPUR, 90, SIMALWARA, 1256, MANDLI, 37625, 1143967, Total, 0, 0, 0, 0, 0, 0, 1862000, 1862000
2015, RAJASTHAN, 8, DUNGARPUR, 90, SIMALWARA, 1256, MEWDA, 37626, 1143574, Roads, 0, 0, 0, 0, 0, 0, 1498000, 1498000
2015, RAJASTHAN, 8, DUNGARPUR, 90, SIMALWARA, 1256, MEWDA, 37626, 1143574, Total, 0, 0, 0, 0, 0, 0, 1498000, 1498000
2015, RAJASTHAN, 8, DUNGARPUR, 90, SIMALWARA, 1256, PEETH, 37630, 1142275, Roads, 0, 0, 0, 0, 0, 0, 3565000, 3565000
2015, RAJASTHAN, 8, DUNGARPUR, 90, SIMALWARA, 1256, PEETH, 37630, 1142275, Social welfare, 0, 0, 0, 0, 0, 0, 129000, 129000
2015, RAJASTHAN, 8, DUNGARPUR, 90, SIMALWARA, 1256, PEETH, 37630, 1142275, Total, 0, 0, 0, 0, 0, 0, 3694000, 3694000
2015, RAJASTHAN, 8, DUNGARPUR, 90, SIMALWARA, 1256, RAMSOR JUNA, 37632, 1138435, Drinking water, 0, 0, 0, 0, 0, 0, 1556580, 1556580
2015, RAJASTHAN, 8, DUNGARPUR, 90, SIMALWARA, 1256, RAMSOR JUNA, 37632, 1138435, Roads, 0, 0, 0, 0, 0, 0, 971606, 971606
2015, RAJASTHAN, 8, DUNGARPUR, 90, SIMALWARA, 1256, RAMSOR JUNA, 37632, 1138435, Total, 0, 0, 0, 0, 0, 0, 2528186, 2528186
2015, RAJASTHAN, 8, DUNGARPUR, 90, SIMALWARA, 1256, RASTA, 37633, 1159342, Administrative & Technical Support, 0, 0, 0, 0, 0, 0, 50000, 50000
2015, RAJASTHAN, 8, DUNGARPUR, 90, SIMALWARA, 1256, RASTA, 37633, 1159342, Drinking water, 0, 0, 0, 0, 0, 0, 2293212, 2293212
2015, RAJASTHAN, 8, DUNGARPUR, 90, SIMALWARA, 1256, RASTA, 37633, 1159342, Roads, 0, 0, 0, 0, 0, 0, 1444521, 1444521
2015, RAJASTHAN, 8, DUNGARPUR, 90, SIMALWARA, 1256, RASTA, 37633, 1159342, Total, 0, 0, 0, 0, 0, 0, 3787733, 3787733
2015, RAJASTHAN, 8, DUNGARPUR, 90, SIMALWARA, 1256, RATANPURA, 262530, 1138714, Drinking water, 0, 0, 0, 0, 0, 0, 778290, 778290
2015, RAJASTHAN, 8, DUNGARPUR, 90, SIMALWARA, 1256, RATANPURA, 262530, 1138714, Roads, 0, 0, 0, 0, 0, 0, 631470, 631470
2015, RAJASTHAN, 8, DUNGARPUR, 90, SIMALWARA, 1256, RATANPURA, 262530, 1138714, Social welfare, 0, 0, 0, 0, 0, 0, 270000, 270000
2015, RAJASTHAN, 8, DUNGARPUR, 90, SIMALWARA, 1256, RATANPURA, 262530, 1138714, Total, 0, 0, 0, 0, 0, 0, 1679760, 1679760
2015, RAJASTHAN, 8, DUNGARPUR, 90, SIMALWARA, 1256, SADRIYA, 37635, 1146935, Public distribution system, 0, 0, 0, 0, 0, 0, 1133500, 1133500
2015, RAJASTHAN, 8, DUNGARPUR, 90, SIMALWARA, 1256, SADRIYA, 37635, 1146935, Roads, 0, 0, 0, 0, 0, 0, 1143500, 1143500
2015, RAJASTHAN, 8, DUNGARPUR, 90, SIMALWARA, 1256, SADRIYA, 37635, 1146935, Social welfare, 0, 0, 0, 0, 0, 0, 1268680, 1268680
2015, RAJASTHAN, 8, DUNGARPUR, 90, SIMALWARA, 1256, SADRIYA, 37635, 1146935, Total, 0, 0, 0, 0, 0, 0, 3545680, 3545680
2015, RAJASTHAN, 8, DUNGARPUR, 90, SIMALWARA, 1256, SAKARSI, 37636, 1136191, Roads, 0, 0, 0, 0, 0, 0, 1236492, 1236492
2015, RAJASTHAN, 8, DUNGARPUR, 90, SIMALWARA, 1256, SAKARSI, 37636, 1136191, Social welfare, 0, 0, 0, 0, 0, 0, 147551, 147551
2015, RAJASTHAN, 8, DUNGARPUR, 90, SIMALWARA, 1256, SAKARSI, 37636, 1136191, Total, 0, 0, 0, 0, 0, 0, 1384043, 1384043
2015, RAJASTHAN, 8, DUNGARPUR, 90, SIMALWARA, 1256, SARTHUNA, 37639, 1137452, Drinking water, 0, 0, 0, 0, 0, 0, 1193378, 1193378
2015, RAJASTHAN, 8, DUNGARPUR, 90, SIMALWARA, 1256, SARTHUNA, 37639, 1137452, Roads, 0, 0, 0, 0, 0, 0, 499000, 499000
2015, RAJASTHAN, 8, DUNGARPUR, 90, SIMALWARA, 1256, SARTHUNA, 37639, 1137452, Total, 0, 0, 0, 0, 0, 0, 1692378, 1692378
2015, RAJASTHAN, 8, DUNGARPUR, 90, SIMALWARA, 1256, SHITHAL, 37642, 1137027, Drinking water, 0, 0, 0, 0, 0, 0, 1452360, 1452360
2015, RAJASTHAN, 8, DUNGARPUR, 90, SIMALWARA, 1256, SHITHAL, 37642, 1137027, Roads, 0, 0, 0, 0, 0, 0, 998000, 998000
2015, RAJASTHAN, 8, DUNGARPUR, 90, SIMALWARA, 1256, SHITHAL, 37642, 1137027, Total, 0, 0, 0, 0, 0, 0, 2450360, 2450360
2015, RAJASTHAN, 8, DUNGARPUR, 90, SIMALWARA, 1256, SIMALWARA, 37644, 1138932, Drinking water, 0, 0, 0, 0, 0, 0, 778290, 778290
2015, RAJASTHAN, 8, DUNGARPUR, 90, SIMALWARA, 1256, SIMALWARA, 37644, 1138932, Roads, 0, 0, 0, 0, 0, 0, 839510, 839510
2015, RAJASTHAN, 8, DUNGARPUR, 90, SIMALWARA, 1256, SIMALWARA, 37644, 1138932, Social welfare, 0, 0, 0, 0, 0, 0, 110555, 110555
2015, RAJASTHAN, 8, DUNGARPUR, 90, SIMALWARA, 1256, SIMALWARA, 37644, 1138932, Total, 0, 0, 0, 0, 0, 0, 1728355, 1728355
2015, RAJASTHAN, 8, DUNGARPUR, 90, SIMALWARA, 1256, keshapura, 262638, 1139481, Drinking water, 0, 0, 0, 0, 0, 0, 1245264, 1245264
2015, RAJASTHAN, 8, DUNGARPUR, 90, SIMALWARA, 1256, keshapura, 262638, 1139481, Roads, 0, 0, 0, 0, 0, 0, 1132774, 1132774
2015, RAJASTHAN, 8, DUNGARPUR, 90, SIMALWARA, 1256, keshapura, 262638, 1139481, Total, 0, 0, 0, 0, 0, 0, 2378038, 2378038
2015, RAJASTHAN, 8, GANGANAGAR, 91, ANUPGARH, 1257, 1 LSM, 37645, 1097713, Drinking water, 0, 0, 0, 0, 0, 0, 256097, 256097
2015, RAJASTHAN, 8, GANGANAGAR, 91, ANUPGARH, 1257, 1 LSM, 37645, 1097713, Social welfare, 0, 0, 0, 0, 0, 0, 77000, 77000
2015, RAJASTHAN, 8, GANGANAGAR, 91, ANUPGARH, 1257, 1 LSM, 37645, 1097713, Total, 0, 0, 0, 0, 0, 0, 333097, 333097
2015, RAJASTHAN, 8, GANGANAGAR, 91, ANUPGARH, 1257, 11 P, 37652, 1125766, Drinking water, 0, 0, 0, 0, 0, 0, 663980, 663980
2015, RAJASTHAN, 8, GANGANAGAR, 91, ANUPGARH, 1257, 11 P, 37652, 1125766, Total, 0, 0, 0, 0, 0, 0, 663980, 663980
2015, RAJASTHAN, 8, GANGANAGAR, 91, ANUPGARH, 1257, 12 H, 37655, 1125680, Drinking water, 0, 0, 0, 0, 0, 0, 482330, 482330
2015, RAJASTHAN, 8, GANGANAGAR, 91, ANUPGARH, 1257, 12 H, 37655, 1125680, Maintenance of community system, 0, 0, 0, 0, 0, 0, 49998, 49998
2015, RAJASTHAN, 8, GANGANAGAR, 91, ANUPGARH, 1257, 12 H, 37655, 1125680, Roads, 0, 0, 0, 0, 0, 0, 504128, 504128
2015, RAJASTHAN, 8, GANGANAGAR, 91, ANUPGARH, 1257, 12 H, 37655, 1125680, Sanitation, 0, 0, 0, 0, 0, 0, 266995, 266995
2015, RAJASTHAN, 8, GANGANAGAR, 91, ANUPGARH, 1257, 12 H, 37655, 1125680, Total, 0, 0, 0, 0, 0, 0, 1303451, 1303451
2015, RAJASTHAN, 8, GANGANAGAR, 91, ANUPGARH, 1257, 12 ND, 37653, 1097738, Drinking water, 0, 0, 0, 0, 0, 0, 1848424, 1848424
2015, RAJASTHAN, 8, GANGANAGAR, 91, ANUPGARH, 1257, 12 ND, 37653, 1097738, Total, 0, 0, 0, 0, 0, 0, 1848424, 1848424
2015, RAJASTHAN, 8, GANGANAGAR, 91, ANUPGARH, 1257, 14 APD, 37659, 1097353, Administrative & Technical Support, 0, 0, 0, 0, 0, 0, 339586, 339586
2015, RAJASTHAN, 8, GANGANAGAR, 91, ANUPGARH, 1257, 14 APD, 37659, 1097353, Drinking water, 0, 0, 0, 0, 0, 0, 354980, 354980
2015, RAJASTHAN, 8, GANGANAGAR, 91, ANUPGARH, 1257, 14 APD, 37659, 1097353, Roads, 0, 0, 0, 0, 0, 0, 436884, 436884
2015, RAJASTHAN, 8, GANGANAGAR, 91, ANUPGARH, 1257, 14 APD, 37659, 1097353, Total, 0, 0, 0, 0, 0, 0, 1131450, 1131450
2015, RAJASTHAN, 8, GANGANAGAR, 91, ANUPGARH, 1257, 15 A, 37660, 1096959, Administrative & Technical Support, 0, 0, 0, 0, 0, 0, 137134, 137134
2015, RAJASTHAN, 8, GANGANAGAR, 91, ANUPGARH, 1257, 15 A, 37660, 1096959, Drinking water, 0, 0, 0, 0, 0, 0, 1165204, 1165204
2015, RAJASTHAN, 8, GANGANAGAR, 91, ANUPGARH, 1257, 15 A, 37660, 1096959, Rural electrification, 0, 0, 0, 0, 0, 0, 59856, 59856
2015, RAJASTHAN, 8, GANGANAGAR, 91, ANUPGARH, 1257, 15 A, 37660, 1096959, Total, 0, 0, 0, 0, 0, 0, 1362194, 1362194
2015, RAJASTHAN, 8, GANGANAGAR, 91, ANUPGARH, 1257, 18 P, 37666, 1097717, Roads, 0, 0, 0, 0, 0, 0, 805275, 805275
2015, RAJASTHAN, 8, GANGANAGAR, 91, ANUPGARH, 1257, 18 P, 37666, 1097717, Total, 0, 0, 0, 0, 0, 0, 805275, 805275
2015, RAJASTHAN, 8, GANGANAGAR, 91, ANUPGARH, 1257, 2 PGM-B, 37674, 1097259, Administrative & Technical Support, 0, 0, 0, 0, 0, 0, 201706, 201706
2015, RAJASTHAN, 8, GANGANAGAR, 91, ANUPGARH, 1257, 2 PGM-B, 37674, 1097259, Drinking water, 0, 0, 0, 0, 0, 0, 471575, 471575
2015, RAJASTHAN, 8, GANGANAGAR, 91, ANUPGARH, 1257, 2 PGM-B, 37674, 1097259, Total, 0, 0, 0, 0, 0, 0, 673281, 673281
2015, RAJASTHAN, 8, GANGANAGAR, 91, ANUPGARH, 1257, 20 LM, 37676, 1127060, Administrative & Technical Support, 0, 0, 0, 0, 0, 0, 51000, 51000
2015, RAJASTHAN, 8, GANGANAGAR, 91, ANUPGARH, 1257, 20 LM, 37676, 1127060, Drinking water, 0, 0, 0, 0, 0, 0, 919383, 919383
2015, RAJASTHAN, 8, GANGANAGAR, 91, ANUPGARH, 1257, 20 LM, 37676, 1127060, Total, 0, 0, 0, 0, 0, 0, 970383, 970383
2015, RAJASTHAN, 8, GANGANAGAR, 91, ANUPGARH, 1257, 21 SJM, 37677, 1097423, Drinking water, 0, 0, 0, 0, 0, 0, 1164509, 1164509
2015, RAJASTHAN, 8, GANGANAGAR, 91, ANUPGARH, 1257, 21 SJM, 37677, 1097423, Maintenance of community system, 0, 0, 0, 0, 0, 0, 118796, 118796
2015, RAJASTHAN, 8, GANGANAGAR, 91, ANUPGARH, 1257, 21 SJM, 37677, 1097423, Total, 0, 0, 0, 0, 0, 0, 1283305, 1283305
2015, RAJASTHAN, 8, GANGANAGAR, 91, ANUPGARH, 1257, 22 A, 37678, 1094813, Drinking water, 0, 0, 0, 0, 0, 0, 1192507, 1192507
2015, RAJASTHAN, 8, GANGANAGAR, 91, ANUPGARH, 1257, 22 A, 37678, 1094813, Total, 0, 0, 0, 0, 0, 0, 1192507, 1192507
2015, RAJASTHAN, 8, GANGANAGAR, 91, ANUPGARH, 1257, 27 A, 37682, 1098996, Administrative & Technical Support, 0, 0, 0, 0, 0, 0, 30199, 30199
2015, RAJASTHAN, 8, GANGANAGAR, 91, ANUPGARH, 1257, 27 A, 37682, 1098996, Drinking water, 0, 0, 0, 0, 0, 0, 2149522, 2149522
2015, RAJASTHAN, 8, GANGANAGAR, 91, ANUPGARH, 1257, 27 A, 37682, 1098996, Total, 0, 0, 0, 0, 0, 0, 2179721, 2179721
2015, RAJASTHAN, 8, GANGANAGAR, 91, ANUPGARH, 1257, 3 ND, 37687, 1092853, Drinking water, 0, 0, 0, 0, 0, 0, 1762823, 1762823
2015, RAJASTHAN, 8, GANGANAGAR, 91, ANUPGARH, 1257, 3 ND, 37687, 1092853, Total, 0, 0, 0, 0, 0, 0, 1762823, 1762823
2015, RAJASTHAN, 8, GANGANAGAR, 91, ANUPGARH, 1257, 30 APD, 37689, 1097406, Drinking water, 0, 0, 0, 0, 0, 0, 899244, 899244
2015, RAJASTHAN, 8, GANGANAGAR, 91, ANUPGARH, 1257, 30 APD, 37689, 1097406, Maintenance of community system, 0, 0, 0, 0, 0, 0, 96790, 96790
2015, RAJASTHAN, 8, GANGANAGAR, 91, ANUPGARH, 1257, 30 APD, 37689, 1097406, Roads, 0, 0, 0, 0, 0, 0, 342149, 342149
2015, RAJASTHAN, 8, GANGANAGAR, 91, ANUPGARH, 1257, 30 APD, 37689, 1097406, Sanitation, 0, 0, 0, 0, 0, 0, 148337, 148337
2015, RAJASTHAN, 8, GANGANAGAR, 91, ANUPGARH, 1257, 30 APD, 37689, 1097406, Total, 0, 0, 0, 0, 0, 0, 1486520, 1486520
2015, RAJASTHAN, 8, GANGANAGAR, 91, ANUPGARH, 1257, 4 KSM, 37727, 1092872, Administrative & Technical Support, 0, 0, 0, 0, 0, 0, 64992, 64992
2015, RAJASTHAN, 8, GANGANAGAR, 91, ANUPGARH, 1257, 4 KSM, 37727, 1092872, Drinking water, 0, 0, 0, 0, 0, 0, 845474, 845474
2015, RAJASTHAN, 8, GANGANAGAR, 91, ANUPGARH, 1257, 4 KSM, 37727, 1092872, Sanitation, 0, 0, 0, 0, 0, 0, 443670, 443670
2015, RAJASTHAN, 8, GANGANAGAR, 91, ANUPGARH, 1257, 4 KSM, 37727, 1092872, Total, 0, 0, 0, 0, 0, 0, 1354136, 1354136
2015, RAJASTHAN, 8, GANGANAGAR, 91, ANUPGARH, 1257, 4 LM, 37692, 1093889, Drinking water, 0, 0, 0, 0, 0, 0, 1070333, 1070333
2015, RAJASTHAN, 8, GANGANAGAR, 91, ANUPGARH, 1257, 4 LM, 37692, 1093889, Health, 0, 0, 0, 0, 0, 0, 270788, 270788
2015, RAJASTHAN, 8, GANGANAGAR, 91, ANUPGARH, 1257, 4 LM, 37692, 1093889, Total, 0, 0, 0, 0, 0, 0, 1341121, 1341121
2015, RAJASTHAN, 8, GANGANAGAR, 91, ANUPGARH, 1257, 4 SPS SALEMPURA, 262888, 1188745, Drinking water, 0, 0, 0, 0, 0, 0, 706356, 706356
2015, RAJASTHAN, 8, GANGANAGAR, 91, ANUPGARH, 1257, 4 SPS SALEMPURA, 262888, 1188745, Total, 0, 0, 0, 0, 0, 0, 706356, 706356
2015, RAJASTHAN, 8, GANGANAGAR, 91, ANUPGARH, 1257, 54 GB, 37700, 1097720, Drinking water, 0, 0, 0, 0, 0, 0, 841749, 841749
2015, RAJASTHAN, 8, GANGANAGAR, 91, ANUPGARH, 1257, 54 GB, 37700, 1097720, Maintenance of community system, 0, 0, 0, 0, 0, 0, 50000, 50000
2015, RAJASTHAN, 8, GANGANAGAR, 91, ANUPGARH, 1257, 54 GB, 37700, 1097720, Roads, 0, 0, 0, 0, 0, 0, 49092, 49092
2015, RAJASTHAN, 8, GANGANAGAR, 91, ANUPGARH, 1257, 54 GB, 37700, 1097720, Total, 0, 0, 0, 0, 0, 0, 940841, 940841
2015, RAJASTHAN, 8, GANGANAGAR, 91, ANUPGARH, 1257, 59 GB, 37701, 1099757, Drinking water, 0, 0, 0, 0, 0, 0, 352396, 352396
2015, RAJASTHAN, 8, GANGANAGAR, 91, ANUPGARH, 1257, 59 GB, 37701, 1099757, Maintenance of community system, 0, 0, 0, 0, 0, 0, 151397, 151397
2015, RAJASTHAN, 8, GANGANAGAR, 91, ANUPGARH, 1257, 59 GB, 37701, 1099757, Roads, 0, 0, 0, 0, 0, 0, 581350, 581350
2015, RAJASTHAN, 8, GANGANAGAR, 91, ANUPGARH, 1257, 59 GB, 37701, 1099757, Sanitation, 0, 0, 0, 0, 0, 0, 181907, 181907
2015, RAJASTHAN, 8, GANGANAGAR, 91, ANUPGARH, 1257, 59 GB, 37701, 1099757, Total, 0, 0, 0, 0, 0, 0, 1267050, 1267050
2015, RAJASTHAN, 8, GANGANAGAR, 91, ANUPGARH, 1257, 6 P, 37705, 1096240, Drinking water, 0, 0, 0, 0, 0, 0, 1829577, 1829577
2015, RAJASTHAN, 8, GANGANAGAR, 91, ANUPGARH, 1257, 6 P, 37705, 1096240, Total, 0, 0, 0, 0, 0, 0, 1829577, 1829577
2015, RAJASTHAN, 8, GANGANAGAR, 91, ANUPGARH, 1257, 61 GB, 37708, 1099002, Drinking water, 0, 0, 0, 0, 0, 0, 1267689, 1267689
2015, RAJASTHAN, 8, GANGANAGAR, 91, ANUPGARH, 1257, 61 GB, 37708, 1099002, Total, 0, 0, 0, 0, 0, 0, 1267689, 1267689
2015, RAJASTHAN, 8, GANGANAGAR, 91, ANUPGARH, 1257, 65 GB, 37709, 1096224, Drinking water, 0, 0, 0, 0, 0, 0, 708800, 708800
2015, RAJASTHAN, 8, GANGANAGAR, 91, ANUPGARH, 1257, 65 GB, 37709, 1096224, Total, 0, 0, 0, 0, 0, 0, 708800, 708800
2015, RAJASTHAN, 8, GANGANAGAR, 91, ANUPGARH, 1257, 7 SJM, 37714, 1099791, Administrative & Technical Support, 0, 0, 0, 0, 0, 0, 150479, 150479
2015, RAJASTHAN, 8, GANGANAGAR, 91, ANUPGARH, 1257, 7 SJM, 37714, 1099791, Drinking water, 0, 0, 0, 0, 0, 0, 1391882, 1391882
2015, RAJASTHAN, 8, GANGANAGAR, 91, ANUPGARH, 1257, 7 SJM, 37714, 1099791, Roads, 0, 0, 0, 0, 0, 0, 184219, 184219
2015, RAJASTHAN, 8, GANGANAGAR, 91, ANUPGARH, 1257, 7 SJM, 37714, 1099791, Total, 0, 0, 0, 0, 0, 0, 1726580, 1726580
2015, RAJASTHAN, 8, GANGANAGAR, 91, ANUPGARH, 1257, 72 GB, 37715, 1097233, Administrative & Technical Support, 0, 0, 0, 0, 0, 0, 300826, 300826
2015, RAJASTHAN, 8, GANGANAGAR, 91, ANUPGARH, 1257, 72 GB, 37715, 1097233, Drinking water, 0, 0, 0, 0, 0, 0, 1255885, 1255885
2015, RAJASTHAN, 8, GANGANAGAR, 91, ANUPGARH, 1257, 72 GB, 37715, 1097233, Total, 0, 0, 0, 0, 0, 0, 1556711, 1556711
2015, RAJASTHAN, 8, GANGANAGAR, 91, ANUPGARH, 1257, 74 GB, 37716, 1093493, Drinking water, 0, 0, 0, 0, 0, 0, 794659, 794659
2015, RAJASTHAN, 8, GANGANAGAR, 91, ANUPGARH, 1257, 74 GB, 37716, 1093493, Sanitation, 0, 0, 0, 0, 0, 0, 60522, 60522
2015, RAJASTHAN, 8, GANGANAGAR, 91, ANUPGARH, 1257, 74 GB, 37716, 1093493, Total, 0, 0, 0, 0, 0, 0, 855181, 855181
2015, RAJASTHAN, 8, GANGANAGAR, 91, ANUPGARH, 1257, 78 GB, 37717, 1097362, Administrative & Technical Support, 0, 0, 0, 0, 0, 0, 448348, 448348
2015, RAJASTHAN, 8, GANGANAGAR, 91, ANUPGARH, 1257, 78 GB, 37717, 1097362, Drinking water, 0, 0, 0, 0, 0, 0, 465000, 465000
2015, RAJASTHAN, 8, GANGANAGAR, 91, ANUPGARH, 1257, 78 GB, 37717, 1097362, Roads, 0, 0, 0, 0, 0, 0, 749766, 749766
2015, RAJASTHAN, 8, GANGANAGAR, 91, ANUPGARH, 1257, 78 GB, 37717, 1097362, Total, 0, 0, 0, 0, 0, 0, 1663114, 1663114
2015, RAJASTHAN, 8, GANGANAGAR, 91, ANUPGARH, 1257, 8 K-B, 37719, 1097722, Administrative & Technical Support, 0, 0, 0, 0, 0, 0, 200000, 200000
2015, RAJASTHAN, 8, GANGANAGAR, 91, ANUPGARH, 1257, 8 K-B, 37719, 1097722, Drinking water, 0, 0, 0, 0, 0, 0, 677520, 677520
2015, RAJASTHAN, 8, GANGANAGAR, 91, ANUPGARH, 1257, 8 K-B, 37719, 1097722, Roads, 0, 0, 0, 0, 0, 0, 359564, 359564
2015, RAJASTHAN, 8, GANGANAGAR, 91, ANUPGARH, 1257, 8 K-B, 37719, 1097722, Total, 0, 0, 0, 0, 0, 0, 1237084, 1237084
2015, RAJASTHAN, 8, GANGANAGAR, 91, ANUPGARH, 1257, 9 LM, 37723, 1099771, Drinking water, 0, 0, 0, 0, 0, 0, 846169, 846169
2015, RAJASTHAN, 8, GANGANAGAR, 91, ANUPGARH, 1257, 9 LM, 37723, 1099771, Sanitation, 0, 0, 0, 0, 0, 0, 146200, 146200
2015, RAJASTHAN, 8, GANGANAGAR, 91, ANUPGARH, 1257, 9 LM, 37723, 1099771, Total, 0, 0, 0, 0, 0, 0, 992369, 992369
2015, RAJASTHAN, 8, GANGANAGAR, 91, ANUPGARH, 1257, 90 GB, 37726, 1099149, Administrative & Technical Support, 0, 0, 0, 0, 0, 0, 242280, 242280
2015, RAJASTHAN, 8, GANGANAGAR, 91, ANUPGARH, 1257, 90 GB, 37726, 1099149, Drinking water, 0, 0, 0, 0, 0, 0, 1082441, 1082441
2015, RAJASTHAN, 8, GANGANAGAR, 91, ANUPGARH, 1257, 90 GB, 37726, 1099149, Roads, 0, 0, 0, 0, 0, 0, 10300, 10300
2015, RAJASTHAN, 8, GANGANAGAR, 91, ANUPGARH, 1257, 90 GB, 37726, 1099149, Total, 0, 0, 0, 0, 0, 0, 1335021, 1335021
2015, RAJASTHAN, 8, GANGANAGAR, 91, GANGANAGAR, 1258, 10 Z, 37733, 1162900, Roads, 0, 0, 0, 0, 0, 0, 540700, 540700
2015, RAJASTHAN, 8, GANGANAGAR, 91, GANGANAGAR, 1258, 10 Z, 37733, 1162900, Total, 0, 0, 0, 0, 0, 0, 540700, 540700
2015, RAJASTHAN, 8, GANGANAGAR, 91, GANGANAGAR, 1258, 11 LNP, 37734, 1162920, Drinking water, 0, 0, 0, 0, 0, 0, 229450, 229450
2015, RAJASTHAN, 8, GANGANAGAR, 91, GANGANAGAR, 1258, 11 LNP, 37734, 1162920, Roads, 0, 0, 0, 0, 0, 0, 132500, 132500
2015, RAJASTHAN, 8, GANGANAGAR, 91, GANGANAGAR, 1258, 11 LNP, 37734, 1162920, Total, 0, 0, 0, 0, 0, 0, 361950, 361950
2015, RAJASTHAN, 8, GANGANAGAR, 91, GANGANAGAR, 1258, 11 Q BAKHTANA, 37746, 1311693, Drinking water, 0, 0, 0, 0, 0, 0, 655550, 655550
2015, RAJASTHAN, 8, GANGANAGAR, 91, GANGANAGAR, 1258, 11 Q BAKHTANA, 37746, 1311693, Total, 0, 0, 0, 0, 0, 0, 655550, 655550
2015, RAJASTHAN, 8, GANGANAGAR, 91, GANGANAGAR, 1258, 13 G Chhoti, 37735, 1091491, Family welfare, 0, 0, 0, 0, 0, 0, 39689, 39689
2015, RAJASTHAN, 8, GANGANAGAR, 91, GANGANAGAR, 1258, 13 G Chhoti, 37735, 1091491, Sanitation, 0, 0, 0, 0, 0, 0, 406585, 406585
2015, RAJASTHAN, 8, GANGANAGAR, 91, GANGANAGAR, 1258, 13 G Chhoti, 37735, 1091491, Total, 0, 0, 0, 0, 0, 0, 446274, 446274
2015, RAJASTHAN, 8, GANGANAGAR, 91, GANGANAGAR, 1258, 18 GG, 37752, 1091003, Family welfare, 0, 0, 0, 0, 0, 0, 376250, 376250
2015, RAJASTHAN, 8, GANGANAGAR, 91, GANGANAGAR, 1258, 18 GG, 37752, 1091003, Total, 0, 0, 0, 0, 0, 0, 376250, 376250
2015, RAJASTHAN, 8, GANGANAGAR, 91, GANGANAGAR, 1258, 18 ML, 37754, 1090988, Drinking water, 0, 0, 0, 0, 0, 0, 727787, 727787
2015, RAJASTHAN, 8, GANGANAGAR, 91, GANGANAGAR, 1258, 18 ML, 37754, 1090988, Total, 0, 0, 0, 0, 0, 0, 727787, 727787
2015, RAJASTHAN, 8, GANGANAGAR, 91, GANGANAGAR, 1258, 18 Z, 37736, 1091709, Drinking water, 0, 0, 0, 0, 0, 0, 52240, 52240
2015, RAJASTHAN, 8, GANGANAGAR, 91, GANGANAGAR, 1258, 18 Z, 37736, 1091709, Roads, 0, 0, 0, 0, 0, 0, 69500, 69500
2015, RAJASTHAN, 8, GANGANAGAR, 91, GANGANAGAR, 1258, 18 Z, 37736, 1091709, Sanitation, 0, 0, 0, 0, 0, 0, 60100, 60100
2015, RAJASTHAN, 8, GANGANAGAR, 91, GANGANAGAR, 1258, 18 Z, 37736, 1091709, Total, 0, 0, 0, 0, 0, 0, 181840, 181840
2015, RAJASTHAN, 8, GANGANAGAR, 91, GANGANAGAR, 1258, 2 ML, 37737, 1091244, Agriculture, 0, 0, 0, 0, 0, 0, 242000, 242000
2015, RAJASTHAN, 8, GANGANAGAR, 91, GANGANAGAR, 1258, 2 ML, 37737, 1091244, Sanitation, 0, 0, 0, 0, 0, 0, 803272, 803272
2015, RAJASTHAN, 8, GANGANAGAR, 91, GANGANAGAR, 1258, 2 ML, 37737, 1091244, Total, 0, 0, 0, 0, 0, 0, 1045272, 1045272
2015, RAJASTHAN, 8, GANGANAGAR, 91, GANGANAGAR, 1258, 21GG, 37747, 1162937, Drinking water, 0, 0, 0, 0, 0, 0, 412623, 412623
2015, RAJASTHAN, 8, GANGANAGAR, 91, GANGANAGAR, 1258, 21GG, 37747, 1162937, Total, 0, 0, 0, 0, 0, 0, 412623, 412623
2015, RAJASTHAN, 8, GANGANAGAR, 91, GANGANAGAR, 1258, 27 GG, 37738, 1162951, Drinking water, 0, 0, 0, 0, 0, 0, 238500, 238500
2015, RAJASTHAN, 8, GANGANAGAR, 91, GANGANAGAR, 1258, 27 GG, 37738, 1162951, Sanitation, 0, 0, 0, 0, 0, 0, 210058, 210058
2015, RAJASTHAN, 8, GANGANAGAR, 91, GANGANAGAR, 1258, 27 GG, 37738, 1162951, Total, 0, 0, 0, 0, 0, 0, 448558, 448558
2015, RAJASTHAN, 8, GANGANAGAR, 91, GANGANAGAR, 1258, 3 C Chhoti, 37739, 1162593, Drinking water, 0, 0, 0, 0, 0, 0, 156000, 156000
2015, RAJASTHAN, 8, GANGANAGAR, 91, GANGANAGAR, 1258, 3 C Chhoti, 37739, 1162593, Total, 0, 0, 0, 0, 0, 0, 156000, 156000
2015, RAJASTHAN, 8, GANGANAGAR, 91, GANGANAGAR, 1258, 3 E CHHOTI, 262730, 1211805, Roads, 0, 0, 0, 0, 0, 0, 308300, 308300
2015, RAJASTHAN, 8, GANGANAGAR, 91, GANGANAGAR, 1258, 3 E CHHOTI, 262730, 1211805, Total, 0, 0, 0, 0, 0, 0, 308300, 308300
2015, RAJASTHAN, 8, GANGANAGAR, 91, GANGANAGAR, 1258, 3 H  Chhoti, 37740, 1162876, Drinking water, 0, 0, 0, 0, 0, 0, 178373, 178373
2015, RAJASTHAN, 8, GANGANAGAR, 91, GANGANAGAR, 1258, 3 H  Chhoti, 37740, 1162876, Roads, 0, 0, 0, 0, 0, 0, 156100, 156100
2015, RAJASTHAN, 8, GANGANAGAR, 91, GANGANAGAR, 1258, 3 H  Chhoti, 37740, 1162876, Total, 0, 0, 0, 0, 0, 0, 334473, 334473
2015, RAJASTHAN, 8, GANGANAGAR, 91, GANGANAGAR, 1258, 3 Y, 37741, 1091391, Roads, 0, 0, 0, 0, 0, 0, 1000000, 1000000
2015, RAJASTHAN, 8, GANGANAGAR, 91, GANGANAGAR, 1258, 3 Y, 37741, 1091391, Total, 0, 0, 0, 0, 0, 0, 1000000, 1000000
2015, RAJASTHAN, 8, GANGANAGAR, 91, GANGANAGAR, 1258, 4 ML, 37742, 1091229, Drinking water, 0, 0, 0, 0, 0, 0, 158000, 158000
2015, RAJASTHAN, 8, GANGANAGAR, 91, GANGANAGAR, 1258, 4 ML, 37742, 1091229, Roads, 0, 0, 0, 0, 0, 0, 536989, 536989
2015, RAJASTHAN, 8, GANGANAGAR, 91, GANGANAGAR, 1258, 4 ML, 37742, 1091229, Total, 0, 0, 0, 0, 0, 0, 694989, 694989
2015, RAJASTHAN, 8, GANGANAGAR, 91, GANGANAGAR, 1258, 4 Z, 37743, 1091732, Drinking water, 0, 0, 0, 0, 0, 0, 1045820, 1045820
2015, RAJASTHAN, 8, GANGANAGAR, 91, GANGANAGAR, 1258, 4 Z, 37743, 1091732, Roads, 0, 0, 0, 0, 0, 0, 101800, 101800
2015, RAJASTHAN, 8, GANGANAGAR, 91, GANGANAGAR, 1258, 4 Z, 37743, 1091732, Total, 0, 0, 0, 0, 0, 0, 1147620, 1147620
2015, RAJASTHAN, 8, GANGANAGAR, 91, GANGANAGAR, 1258, 4LL, 37749, 1162991, Roads, 0, 0, 0, 0, 0, 0, 998000, 998000
2015, RAJASTHAN, 8, GANGANAGAR, 91, GANGANAGAR, 1258, 4LL, 37749, 1162991, Total, 0, 0, 0, 0, 0, 0, 998000, 998000
2015, RAJASTHAN, 8, GANGANAGAR, 91, GANGANAGAR, 1258, 5 E CHHOTI, 262736, 1211812, Roads, 0, 0, 0, 0, 0, 0, 313100, 313100
2015, RAJASTHAN, 8, GANGANAGAR, 91, GANGANAGAR, 1258, 5 E CHHOTI, 262736, 1211812, Total, 0, 0, 0, 0, 0, 0, 313100, 313100
2015, RAJASTHAN, 8, GANGANAGAR, 91, GANGANAGAR, 1258, 5 G Chhoti, 37772, 1091192, Agriculture, 0, 0, 0, 0, 0, 0, 78290, 78290
2015, RAJASTHAN, 8, GANGANAGAR, 91, GANGANAGAR, 1258, 5 G Chhoti, 37772, 1091192, Drinking water, 0, 0, 0, 0, 0, 0, 141387, 141387
2015, RAJASTHAN, 8, GANGANAGAR, 91, GANGANAGAR, 1258, 5 G Chhoti, 37772, 1091192, Total, 0, 0, 0, 0, 0, 0, 219677, 219677
2015, RAJASTHAN, 8, GANGANAGAR, 91, GANGANAGAR, 1258, 5 LL, 37744, 1162979, Agriculture, 0, 0, 0, 0, 0, 0, 78328, 78328
2015, RAJASTHAN, 8, GANGANAGAR, 91, GANGANAGAR, 1258, 5 LL, 37744, 1162979, Maintenance of community system, 0, 0, 0, 0, 0, 0, 134350, 134350
2015, RAJASTHAN, 8, GANGANAGAR, 91, GANGANAGAR, 1258, 5 LL, 37744, 1162979, Total, 0, 0, 0, 0, 0, 0, 212678, 212678
2015, RAJASTHAN, 8, GANGANAGAR, 91, GANGANAGAR, 1258, 6LNP, 37760, 1162910, Roads, 0, 0, 0, 0, 0, 0, 496000, 496000
2015, RAJASTHAN, 8, GANGANAGAR, 91, GANGANAGAR, 1258, 6LNP, 37760, 1162910, Total, 0, 0, 0, 0, 0, 0, 496000, 496000
2015, RAJASTHAN, 8, GANGANAGAR, 91, GANGANAGAR, 1258, 8HH, 37895, 1163007, Drinking water, 0, 0, 0, 0, 0, 0, 552500, 552500
2015, RAJASTHAN, 8, GANGANAGAR, 91, GANGANAGAR, 1258, 8HH, 37895, 1163007, Total, 0, 0, 0, 0, 0, 0, 552500, 552500
2015, RAJASTHAN, 8, GANGANAGAR, 91, GANGANAGAR, 1258, 9 ML, 37915, 1091385, Maintenance of community system, 0, 0, 0, 0, 0, 0, 123250, 123250
2015, RAJASTHAN, 8, GANGANAGAR, 91, GANGANAGAR, 1258, 9 ML, 37915, 1091385, Roads, 0, 0, 0, 0, 0, 0, 249600, 249600
2015, RAJASTHAN, 8, GANGANAGAR, 91, GANGANAGAR, 1258, 9 ML, 37915, 1091385, Total, 0, 0, 0, 0, 0, 0, 372850, 372850
2015, RAJASTHAN, 8, GANGANAGAR, 91, GANGANAGAR, 1258, 9 Z, 37745, 1091005, Drinking water, 0, 0, 0, 0, 0, 0, 190500, 190500
2015, RAJASTHAN, 8, GANGANAGAR, 91, GANGANAGAR, 1258, 9 Z, 37745, 1091005, Roads, 0, 0, 0, 0, 0, 0, 324470, 324470
2015, RAJASTHAN, 8, GANGANAGAR, 91, GANGANAGAR, 1258, 9 Z, 37745, 1091005, Total, 0, 0, 0, 0, 0, 0, 514970, 514970
2015, RAJASTHAN, 8, GANGANAGAR, 91, GANGANAGAR, 1258, Chunawadh, 37748, 1162969, Drinking water, 0, 0, 0, 0, 0, 0, 68800, 68800
2015, RAJASTHAN, 8, GANGANAGAR, 91, GANGANAGAR, 1258, Chunawadh, 37748, 1162969, Roads, 0, 0, 0, 0, 0, 0, 149000, 149000
2015, RAJASTHAN, 8, GANGANAGAR, 91, GANGANAGAR, 1258, Chunawadh, 37748, 1162969, Total, 0, 0, 0, 0, 0, 0, 217800, 217800
2015, RAJASTHAN, 8, GANGANAGAR, 91, GANGANAGAR, 1258, Doulatpura, 37750, 1091134, Roads, 0, 0, 0, 0, 0, 0, 993700, 993700
2015, RAJASTHAN, 8, GANGANAGAR, 91, GANGANAGAR, 1258, Doulatpura, 37750, 1091134, Total, 0, 0, 0, 0, 0, 0, 993700, 993700
2015, RAJASTHAN, 8, GANGANAGAR, 91, GANGANAGAR, 1258, Dullapur Keri, 37751, 1162538, Roads, 0, 0, 0, 0, 0, 0, 841204, 841204
2015, RAJASTHAN, 8, GANGANAGAR, 91, GANGANAGAR, 1258, Dullapur Keri, 37751, 1162538, Total, 0, 0, 0, 0, 0, 0, 841204, 841204
2015, RAJASTHAN, 8, GANGANAGAR, 91, GANGANAGAR, 1258, Hindumalkot, 37753, 1162504, Drinking water, 0, 0, 0, 0, 0, 0, 99118, 99118
2015, RAJASTHAN, 8, GANGANAGAR, 91, GANGANAGAR, 1258, Hindumalkot, 37753, 1162504, Total, 0, 0, 0, 0, 0, 0, 99118, 99118
2015, RAJASTHAN, 8, GANGANAGAR, 91, GANGANAGAR, 1258, Jodhewala, 37755, 1162959, Roads, 0, 0, 0, 0, 0, 0, 495862, 495862
2015, RAJASTHAN, 8, GANGANAGAR, 91, GANGANAGAR, 1258, Jodhewala, 37755, 1162959, Total, 0, 0, 0, 0, 0, 0, 495862, 495862
2015, RAJASTHAN, 8, GANGANAGAR, 91, GANGANAGAR, 1258, Kaliyan, 37756, 1162583, Roads, 0, 0, 0, 0, 0, 0, 817950, 817950
2015, RAJASTHAN, 8, GANGANAGAR, 91, GANGANAGAR, 1258, Kaliyan, 37756, 1162583, Total, 0, 0, 0, 0, 0, 0, 817950, 817950
2015, RAJASTHAN, 8, GANGANAGAR, 91, GANGANAGAR, 1258, Khatlabana, 37757, 1090991, Agriculture, 0, 0, 0, 0, 0, 0, 579172, 579172
2015, RAJASTHAN, 8, GANGANAGAR, 91, GANGANAGAR, 1258, Khatlabana, 37757, 1090991, Roads, 0, 0, 0, 0, 0, 0, 735000, 735000
2015, RAJASTHAN, 8, GANGANAGAR, 91, GANGANAGAR, 1258, Khatlabana, 37757, 1090991, Total, 0, 0, 0, 0, 0, 0, 1314172, 1314172
2015, RAJASTHAN, 8, GANGANAGAR, 91, GANGANAGAR, 1258, Koni, 37758, 1090973, Maintenance of community system, 0, 0, 0, 0, 0, 0, 448750, 448750
2015, RAJASTHAN, 8, GANGANAGAR, 91, GANGANAGAR, 1258, Koni, 37758, 1090973, Roads, 0, 0, 0, 0, 0, 0, 423210, 423210
2015, RAJASTHAN, 8, GANGANAGAR, 91, GANGANAGAR, 1258, Koni, 37758, 1090973, Sanitation, 0, 0, 0, 0, 0, 0, 67400, 67400
2015, RAJASTHAN, 8, GANGANAGAR, 91, GANGANAGAR, 1258, Koni, 37758, 1090973, Social welfare, 0, 0, 0, 0, 0, 0, 58800, 58800
2015, RAJASTHAN, 8, GANGANAGAR, 91, GANGANAGAR, 1258, Koni, 37758, 1090973, Total, 0, 0, 0, 0, 0, 0, 998160, 998160
2015, RAJASTHAN, 8, GANGANAGAR, 91, GANGANAGAR, 1258, Kotha, 37759, 1090998, Drinking water, 0, 0, 0, 0, 0, 0, 288862, 288862
2015, RAJASTHAN, 8, GANGANAGAR, 91, GANGANAGAR, 1258, Kotha, 37759, 1090998, Family welfare, 0, 0, 0, 0, 0, 0, 114500, 114500
2015, RAJASTHAN, 8, GANGANAGAR, 91, GANGANAGAR, 1258, Kotha, 37759, 1090998, Sanitation, 0, 0, 0, 0, 0, 0, 491905, 491905
2015, RAJASTHAN, 8, GANGANAGAR, 91, GANGANAGAR, 1258, Kotha, 37759, 1090998, Total, 0, 0, 0, 0, 0, 0, 895267, 895267
2015, RAJASTHAN, 8, GANGANAGAR, 91, GANGANAGAR, 1258, Maderan, 37761, 1090996, Drinking water, 0, 0, 0, 0, 0, 0, 79400, 79400
2015, RAJASTHAN, 8, GANGANAGAR, 91, GANGANAGAR, 1258, Maderan, 37761, 1090996, Roads, 0, 0, 0, 0, 0, 0, 42900, 42900
2015, RAJASTHAN, 8, GANGANAGAR, 91, GANGANAGAR, 1258, Maderan, 37761, 1090996, Total, 0, 0, 0, 0, 0, 0, 122300, 122300
2015, RAJASTHAN, 8, GANGANAGAR, 91, GANGANAGAR, 1258, Mahiyanwali, 37762, 1163002, Roads, 0, 0, 0, 0, 0, 0, 899862, 899862
2015, RAJASTHAN, 8, GANGANAGAR, 91, GANGANAGAR, 1258, Mahiyanwali, 37762, 1163002, Total, 0, 0, 0, 0, 0, 0, 899862, 899862
2015, RAJASTHAN, 8, GANGANAGAR, 91, GANGANAGAR, 1258, Matili Rathan, 37763, 1091219, Drinking water, 0, 0, 0, 0, 0, 0, 491488, 491488
2015, RAJASTHAN, 8, GANGANAGAR, 91, GANGANAGAR, 1258, Matili Rathan, 37763, 1091219, Roads, 0, 0, 0, 0, 0, 0, 704256, 704256
2015, RAJASTHAN, 8, GANGANAGAR, 91, GANGANAGAR, 1258, Matili Rathan, 37763, 1091219, Total, 0, 0, 0, 0, 0, 0, 1195744, 1195744
2015, RAJASTHAN, 8, GANGANAGAR, 91, GANGANAGAR, 1258, Mirjewala, 37764, 1091210, Drinking water, 0, 0, 0, 0, 0, 0, 964516, 964516
2015, RAJASTHAN, 8, GANGANAGAR, 91, GANGANAGAR, 1258, Mirjewala, 37764, 1091210, Education, 0, 0, 0, 0, 0, 0, 160535, 160535
2015, RAJASTHAN, 8, GANGANAGAR, 91, GANGANAGAR, 1258, Mirjewala, 37764, 1091210, Sanitation, 0, 0, 0, 0, 0, 0, 57120, 57120
2015, RAJASTHAN, 8, GANGANAGAR, 91, GANGANAGAR, 1258, Mirjewala, 37764, 1091210, Total, 0, 0, 0, 0, 0, 0, 1182171, 1182171
2015, RAJASTHAN, 8, GANGANAGAR, 91, GANGANAGAR, 1258, Mohanpura, 37765, 1090993, Drinking water, 0, 0, 0, 0, 0, 0, 551933, 551933
2015, RAJASTHAN, 8, GANGANAGAR, 91, GANGANAGAR, 1258, Mohanpura, 37765, 1090993, Total, 0, 0, 0, 0, 0, 0, 551933, 551933
2015, RAJASTHAN, 8, GANGANAGAR, 91, GANGANAGAR, 1258, Netewala, 37766, 1162930, Drinking water, 0, 0, 0, 0, 0, 0, 203431, 203431
2015, RAJASTHAN, 8, GANGANAGAR, 91, GANGANAGAR, 1258, Netewala, 37766, 1162930, Social welfare, 0, 0, 0, 0, 0, 0, 216500, 216500
2015, RAJASTHAN, 8, GANGANAGAR, 91, GANGANAGAR, 1258, Netewala, 37766, 1162930, Total, 0, 0, 0, 0, 0, 0, 419931, 419931
2015, RAJASTHAN, 8, GANGANAGAR, 91, GANGANAGAR, 1258, Orki, 37767, 1162450, Drinking water, 0, 0, 0, 0, 0, 0, 496700, 496700
2015, RAJASTHAN, 8, GANGANAGAR, 91, GANGANAGAR, 1258, Orki, 37767, 1162450, Roads, 0, 0, 0, 0, 0, 0, 393000, 393000
2015, RAJASTHAN, 8, GANGANAGAR, 91, GANGANAGAR, 1258, Orki, 37767, 1162450, Total, 0, 0, 0, 0, 0, 0, 889700, 889700
2015, RAJASTHAN, 8, GANGANAGAR, 91, GANGANAGAR, 1258, Pakki, 37768, 1162555, Drinking water, 0, 0, 0, 0, 0, 0, 128000, 128000
2015, RAJASTHAN, 8, GANGANAGAR, 91, GANGANAGAR, 1258, Pakki, 37768, 1162555, Total, 0, 0, 0, 0, 0, 0, 128000, 128000
2015, RAJASTHAN, 8, GANGANAGAR, 91, GANGANAGAR, 1258, Rohidanwali, 37769, 1162572, Roads, 0, 0, 0, 0, 0, 0, 426150, 426150
2015, RAJASTHAN, 8, GANGANAGAR, 91, GANGANAGAR, 1258, Rohidanwali, 37769, 1162572, Total, 0, 0, 0, 0, 0, 0, 426150, 426150
2015, RAJASTHAN, 8, GANGANAGAR, 91, GANGANAGAR, 1258, Sadhuwali, 37770, 1162588, Roads, 0, 0, 0, 0, 0, 0, 930500, 930500
2015, RAJASTHAN, 8, GANGANAGAR, 91, GANGANAGAR, 1258, Sadhuwali, 37770, 1162588, Total, 0, 0, 0, 0, 0, 0, 930500, 930500
2015, RAJASTHAN, 8, GANGANAGAR, 91, GANGANAGAR, 1258, Sahibsinghwala, 37771, 1162595, Roads, 0, 0, 0, 0, 0, 0, 502000, 502000
2015, RAJASTHAN, 8, GANGANAGAR, 91, GANGANAGAR, 1258, Sahibsinghwala, 37771, 1162595, Total, 0, 0, 0, 0, 0, 0, 502000, 502000
2015, RAJASTHAN, 8, GANGANAGAR, 91, GANGANAGAR, 1258, Sahuwala, 37773, 1090979, Drinking water, 0, 0, 0, 0, 0, 0, 140000, 140000
2015, RAJASTHAN, 8, GANGANAGAR, 91, GANGANAGAR, 1258, Sahuwala, 37773, 1090979, Family welfare, 0, 0, 0, 0, 0, 0, 375000, 375000
2015, RAJASTHAN, 8, GANGANAGAR, 91, GANGANAGAR, 1258, Sahuwala, 37773, 1090979, Roads, 0, 0, 0, 0, 0, 0, 149000, 149000
2015, RAJASTHAN, 8, GANGANAGAR, 91, GANGANAGAR, 1258, Sahuwala, 37773, 1090979, Total, 0, 0, 0, 0, 0, 0, 664000, 664000
2015, RAJASTHAN, 8, GANGANAGAR, 91, GANGANAGAR, 1258, Sangatpura, 37774, 1162576, Drinking water, 0, 0, 0, 0, 0, 0, 48337, 48337
2015, RAJASTHAN, 8, GANGANAGAR, 91, GANGANAGAR, 1258, Sangatpura, 37774, 1162576, Roads, 0, 0, 0, 0, 0, 0, 84471, 84471
2015, RAJASTHAN, 8, GANGANAGAR, 91, GANGANAGAR, 1258, Sangatpura, 37774, 1162576, Total, 0, 0, 0, 0, 0, 0, 132808, 132808
2015, RAJASTHAN, 8, GANGANAGAR, 91, GANGANAGAR, 1258, Shivpur Fatuhi, 37775, 1162565, Sanitation, 0, 0, 0, 0, 0, 0, 497590, 497590
2015, RAJASTHAN, 8, GANGANAGAR, 91, GANGANAGAR, 1258, Shivpur Fatuhi, 37775, 1162565, Total, 0, 0, 0, 0, 0, 0, 497590, 497590
2015, RAJASTHAN, 8, GANGANAGAR, 91, GANGANAGAR, 1258, Tatarsar, 37776, 1091760, Drinking water, 0, 0, 0, 0, 0, 0, 726839, 726839
2015, RAJASTHAN, 8, GANGANAGAR, 91, GANGANAGAR, 1258, Tatarsar, 37776, 1091760, Total, 0, 0, 0, 0, 0, 0, 726839, 726839
2015, RAJASTHAN, 8, GANGANAGAR, 91, GHARSANA, 6902, 1 MLK C, 37646, 1090017, Drinking water, 0, 0, 0, 0, 0, 0, 74000, 74000
2015, RAJASTHAN, 8, GANGANAGAR, 91, GHARSANA, 6902, 1 MLK C, 37646, 1090017, Roads, 0, 0, 0, 0, 0, 0, 121872, 121872
2015, RAJASTHAN, 8, GANGANAGAR, 91, GHARSANA, 6902, 1 MLK C, 37646, 1090017, Sanitation, 0, 0, 0, 0, 0, 0, 500000, 500000
2015, RAJASTHAN, 8, GANGANAGAR, 91, GHARSANA, 6902, 1 MLK C, 37646, 1090017, Total, 0, 0, 0, 0, 0, 0, 695872, 695872
2015, RAJASTHAN, 8, GANGANAGAR, 91, GHARSANA, 6902, 1 SKM B, 37647, 1116409, Roads, 0, 0, 0, 0, 0, 0, 350000, 350000
2015, RAJASTHAN, 8, GANGANAGAR, 91, GHARSANA, 6902, 1 SKM B, 37647, 1116409, Total, 0, 0, 0, 0, 0, 0, 350000, 350000
2015, RAJASTHAN, 8, GANGANAGAR, 91, GHARSANA, 6902, 10 DOL, 37649, 1091700, Drinking water, 0, 0, 0, 0, 0, 0, 1052000, 1052000
2015, RAJASTHAN, 8, GANGANAGAR, 91, GHARSANA, 6902, 10 DOL, 37649, 1091700, Total, 0, 0, 0, 0, 0, 0, 1052000, 1052000
2015, RAJASTHAN, 8, GANGANAGAR, 91, GHARSANA, 6902, 10 KD, 37650, 1117248, Drinking water, 0, 0, 0, 0, 0, 0, 1395000, 1395000
2015, RAJASTHAN, 8, GANGANAGAR, 91, GHARSANA, 6902, 10 KD, 37650, 1117248, Roads, 0, 0, 0, 0, 0, 0, 1421000, 1421000
2015, RAJASTHAN, 8, GANGANAGAR, 91, GHARSANA, 6902, 10 KD, 37650, 1117248, Total, 0, 0, 0, 0, 0, 0, 2816000, 2816000
2015, RAJASTHAN, 8, GANGANAGAR, 91, GHARSANA, 6902, 12 KND, 262431, 1116477, Drinking water, 0, 0, 0, 0, 0, 0, 596000, 596000
2015, RAJASTHAN, 8, GANGANAGAR, 91, GHARSANA, 6902, 12 KND, 262431, 1116477, Roads, 0, 0, 0, 0, 0, 0, 261000, 261000
2015, RAJASTHAN, 8, GANGANAGAR, 91, GHARSANA, 6902, 12 KND, 262431, 1116477, Total, 0, 0, 0, 0, 0, 0, 857000, 857000
2015, RAJASTHAN, 8, GANGANAGAR, 91, GHARSANA, 6902, 12 MLD -A, 37656, 1092054, Roads, 0, 0, 0, 0, 0, 0, 500000, 500000
2015, RAJASTHAN, 8, GANGANAGAR, 91, GHARSANA, 6902, 12 MLD -A, 37656, 1092054, Total, 0, 0, 0, 0, 0, 0, 500000, 500000
2015, RAJASTHAN, 8, GANGANAGAR, 91, GHARSANA, 6902, 13 DOL, 37657, 1089890, Drinking water, 0, 0, 0, 0, 0, 0, 1055500, 1055500
2015, RAJASTHAN, 8, GANGANAGAR, 91, GHARSANA, 6902, 13 DOL, 37657, 1089890, Total, 0, 0, 0, 0, 0, 0, 1055500, 1055500
2015, RAJASTHAN, 8, GANGANAGAR, 91, GHARSANA, 6902, 13 MD, 37658, 1090308, Drinking water, 0, 0, 0, 0, 0, 0, 839000, 839000
2015, RAJASTHAN, 8, GANGANAGAR, 91, GHARSANA, 6902, 13 MD, 37658, 1090308, Total, 0, 0, 0, 0, 0, 0, 839000, 839000
2015, RAJASTHAN, 8, GANGANAGAR, 91, GHARSANA, 6902, 17 KND A, 37664, 1090579, Drinking water, 0, 0, 0, 0, 0, 0, 228000, 228000
2015, RAJASTHAN, 8, GANGANAGAR, 91, GHARSANA, 6902, 17 KND A, 37664, 1090579, Total, 0, 0, 0, 0, 0, 0, 228000, 228000
2015, RAJASTHAN, 8, GANGANAGAR, 91, GHARSANA, 6902, 17 MD, 37665, 1089876, Drinking water, 0, 0, 0, 0, 0, 0, 446000, 446000
2015, RAJASTHAN, 8, GANGANAGAR, 91, GHARSANA, 6902, 17 MD, 37665, 1089876, Total, 0, 0, 0, 0, 0, 0, 446000, 446000
2015, RAJASTHAN, 8, GANGANAGAR, 91, GHARSANA, 6902, 19 GD, 37667, 1090350, Agriculture, 0, 0, 0, 0, 0, 0, 134000, 134000
2015, RAJASTHAN, 8, GANGANAGAR, 91, GHARSANA, 6902, 19 GD, 37667, 1090350, Drinking water, 0, 0, 0, 0, 0, 0, 76000, 76000
2015, RAJASTHAN, 8, GANGANAGAR, 91, GHARSANA, 6902, 19 GD, 37667, 1090350, Total, 0, 0, 0, 0, 0, 0, 210000, 210000
2015, RAJASTHAN, 8, GANGANAGAR, 91, GHARSANA, 6902, 2 GD-B, 37669, 1091495, Drinking water, 0, 0, 0, 0, 0, 0, 364000, 364000
2015, RAJASTHAN, 8, GANGANAGAR, 91, GHARSANA, 6902, 2 GD-B, 37669, 1091495, Total, 0, 0, 0, 0, 0, 0, 364000, 364000
2015, RAJASTHAN, 8, GANGANAGAR, 91, GHARSANA, 6902, 2 GM -B, 37670, 1095276, Drinking water, 0, 0, 0, 0, 0, 0, 115000, 115000
2015, RAJASTHAN, 8, GANGANAGAR, 91, GHARSANA, 6902, 2 GM -B, 37670, 1095276, Total, 0, 0, 0, 0, 0, 0, 115000, 115000
2015, RAJASTHAN, 8, GANGANAGAR, 91, GHARSANA, 6902, 2 KLD, 37671, 1122172, Roads, 0, 0, 0, 0, 0, 0, 1362626, 1362626
2015, RAJASTHAN, 8, GANGANAGAR, 91, GHARSANA, 6902, 2 KLD, 37671, 1122172, Total, 0, 0, 0, 0, 0, 0, 1362626, 1362626
2015, RAJASTHAN, 8, GANGANAGAR, 91, GHARSANA, 6902, 2 KM, 37672, 1117258, Roads, 0, 0, 0, 0, 0, 0, 26000, 26000
2015, RAJASTHAN, 8, GANGANAGAR, 91, GHARSANA, 6902, 2 KM, 37672, 1117258, Total, 0, 0, 0, 0, 0, 0, 26000, 26000
2015, RAJASTHAN, 8, GANGANAGAR, 91, GHARSANA, 6902, 2 MLD -A, 37673, 1090501, Drinking water, 0, 0, 0, 0, 0, 0, 99000, 99000
2015, RAJASTHAN, 8, GANGANAGAR, 91, GHARSANA, 6902, 2 MLD -A, 37673, 1090501, Roads, 0, 0, 0, 0, 0, 0, 370088, 370088
2015, RAJASTHAN, 8, GANGANAGAR, 91, GHARSANA, 6902, 2 MLD -A, 37673, 1090501, Sanitation, 0, 0, 0, 0, 0, 0, 278500, 278500
2015, RAJASTHAN, 8, GANGANAGAR, 91, GHARSANA, 6902, 2 MLD -A, 37673, 1090501, Total, 0, 0, 0, 0, 0, 0, 747588, 747588
2015, RAJASTHAN, 8, GANGANAGAR, 91, GHARSANA, 6902, 2 RKM, 37675, 1089741, Drinking water, 0, 0, 0, 0, 0, 0, 354800, 354800
2015, RAJASTHAN, 8, GANGANAGAR, 91, GHARSANA, 6902, 2 RKM, 37675, 1089741, Total, 0, 0, 0, 0, 0, 0, 578800, 578800
2015, RAJASTHAN, 8, GANGANAGAR, 91, GHARSANA, 6902, 2 RKM, 37675, 1089741, Water Conservation, 0, 0, 0, 0, 0, 0, 224000, 224000
2015, RAJASTHAN, 8, GANGANAGAR, 91, GHARSANA, 6902, 2 STR, 262414, 1187875, Drinking water, 0, 0, 0, 0, 0, 0, 500000, 500000
2015, RAJASTHAN, 8, GANGANAGAR, 91, GHARSANA, 6902, 2 STR, 262414, 1187875, Total, 0, 0, 0, 0, 0, 0, 500000, 500000
2015, RAJASTHAN, 8, GANGANAGAR, 91, GHARSANA, 6902, 22 RJD, 37679, 1091105, Drinking water, 0, 0, 0, 0, 0, 0, 684000, 684000
2015, RAJASTHAN, 8, GANGANAGAR, 91, GHARSANA, 6902, 22 RJD, 37679, 1091105, Roads, 0, 0, 0, 0, 0, 0, 250000, 250000
2015, RAJASTHAN, 8, GANGANAGAR, 91, GHARSANA, 6902, 22 RJD, 37679, 1091105, Sanitation, 0, 0, 0, 0, 0, 0, 258000, 258000
2015, RAJASTHAN, 8, GANGANAGAR, 91, GHARSANA, 6902, 22 RJD, 37679, 1091105, Total, 0, 0, 0, 0, 0, 0, 1192000, 1192000
2015, RAJASTHAN, 8, GANGANAGAR, 91, GHARSANA, 6902, 24 AS C  GHARSANA, 37680, 1118462, Drinking water, 0, 0, 0, 0, 0, 0, 49600, 49600
2015, RAJASTHAN, 8, GANGANAGAR, 91, GHARSANA, 6902, 24 AS C  GHARSANA, 37680, 1118462, Health, 0, 0, 0, 0, 0, 0, 25000, 25000
2015, RAJASTHAN, 8, GANGANAGAR, 91, GHARSANA, 6902, 24 AS C  GHARSANA, 37680, 1118462, Roads, 0, 0, 0, 0, 0, 0, 509900, 509900
2015, RAJASTHAN, 8, GANGANAGAR, 91, GHARSANA, 6902, 24 AS C  GHARSANA, 37680, 1118462, Sanitation, 0, 0, 0, 0, 0, 0, 228400, 228400
2015, RAJASTHAN, 8, GANGANAGAR, 91, GHARSANA, 6902, 24 AS C  GHARSANA, 37680, 1118462, Total, 0, 0, 0, 0, 0, 0, 812900, 812900
2015, RAJASTHAN, 8, GANGANAGAR, 91, GHARSANA, 6902, 2MGM B Rojari, 37732, 1122176, Administrative & Technical Support, 0, 0, 0, 0, 0, 0, 650167, 650167
2015, RAJASTHAN, 8, GANGANAGAR, 91, GHARSANA, 6902, 2MGM B Rojari, 37732, 1122176, Health, 0, 0, 0, 0, 0, 0, 900000, 900000
2015, RAJASTHAN, 8, GANGANAGAR, 91, GHARSANA, 6902, 2MGM B Rojari, 37732, 1122176, Roads, 0, 0, 0, 0, 0, 0, 1130000, 1130000
2015, RAJASTHAN, 8, GANGANAGAR, 91, GHARSANA, 6902, 2MGM B Rojari, 37732, 1122176, Total, 0, 0, 0, 0, 0, 0, 2680167, 2680167
2015, RAJASTHAN, 8, GANGANAGAR, 91, GHARSANA, 6902, 3 4 rsm, 262889, 1187195, Drinking water, 0, 0, 0, 0, 0, 0, 1000000, 1000000
2015, RAJASTHAN, 8, GANGANAGAR, 91, GHARSANA, 6902, 3 4 rsm, 262889, 1187195, Education, 0, 0, 0, 0, 0, 0, 480000, 480000
2015, RAJASTHAN, 8, GANGANAGAR, 91, GHARSANA, 6902, 3 4 rsm, 262889, 1187195, Total, 0, 0, 0, 0, 0, 0, 1480000, 1480000
2015, RAJASTHAN, 8, GANGANAGAR, 91, GHARSANA, 6902, 3 KD-A, 37685, 1116388, Drinking water, 0, 0, 0, 0, 0, 0, 1144870, 1144870
2015, RAJASTHAN, 8, GANGANAGAR, 91, GHARSANA, 6902, 3 KD-A, 37685, 1116388, Total, 0, 0, 0, 0, 0, 0, 1144870, 1144870
2015, RAJASTHAN, 8, GANGANAGAR, 91, GHARSANA, 6902, 4 KPD, 37691, 1088179, Drinking water, 0, 0, 0, 0, 0, 0, 180000, 180000
2015, RAJASTHAN, 8, GANGANAGAR, 91, GHARSANA, 6902, 4 KPD, 37691, 1088179, Roads, 0, 0, 0, 0, 0, 0, 1000000, 1000000
2015, RAJASTHAN, 8, GANGANAGAR, 91, GHARSANA, 6902, 4 KPD, 37691, 1088179, Total, 0, 0, 0, 0, 0, 0, 1180000, 1180000
2015, RAJASTHAN, 8, GANGANAGAR, 91, GHARSANA, 6902, 5 MLD, 37697, 1090291, Drinking water, 0, 0, 0, 0, 0, 0, 664000, 664000
2015, RAJASTHAN, 8, GANGANAGAR, 91, GHARSANA, 6902, 5 MLD, 37697, 1090291, Total, 0, 0, 0, 0, 0, 0, 664000, 664000
2015, RAJASTHAN, 8, GANGANAGAR, 91, GHARSANA, 6902, 5 PSD, 37698, 1088255, Maintenance of community system, 0, 0, 0, 0, 0, 0, 137000, 137000
2015, RAJASTHAN, 8, GANGANAGAR, 91, GHARSANA, 6902, 5 PSD, 37698, 1088255, Roads, 0, 0, 0, 0, 0, 0, 794000, 794000
2015, RAJASTHAN, 8, GANGANAGAR, 91, GHARSANA, 6902, 5 PSD, 37698, 1088255, Total, 0, 0, 0, 0, 0, 0, 931000, 931000
2015, RAJASTHAN, 8, GANGANAGAR, 91, GHARSANA, 6902, 6 DD, 37704, 1117061, Drinking water, 0, 0, 0, 0, 0, 0, 376700, 376700
2015, RAJASTHAN, 8, GANGANAGAR, 91, GHARSANA, 6902, 6 DD, 37704, 1117061, Total, 0, 0, 0, 0, 0, 0, 376700, 376700
2015, RAJASTHAN, 8, GANGANAGAR, 91, GHARSANA, 6902, 6 SKM  -A, 37706, 1118450, Roads, 0, 0, 0, 0, 0, 0, 907000, 907000
2015, RAJASTHAN, 8, GANGANAGAR, 91, GHARSANA, 6902, 6 SKM  -A, 37706, 1118450, Total, 0, 0, 0, 0, 0, 0, 907000, 907000
2015, RAJASTHAN, 8, GANGANAGAR, 91, GHARSANA, 6902, 6 ZWM, 37707, 1118010, Roads, 0, 0, 0, 0, 0, 0, 250000, 250000
2015, RAJASTHAN, 8, GANGANAGAR, 91, GHARSANA, 6902, 6 ZWM, 37707, 1118010, Sanitation, 0, 0, 0, 0, 0, 0, 515000, 515000
2015, RAJASTHAN, 8, GANGANAGAR, 91, GHARSANA, 6902, 6 ZWM, 37707, 1118010, Total, 0, 0, 0, 0, 0, 0, 765000, 765000
2015, RAJASTHAN, 8, GANGANAGAR, 91, GHARSANA, 6902, 7 KND, 37712, 1089975, Drinking water, 0, 0, 0, 0, 0, 0, 239000, 239000
2015, RAJASTHAN, 8, GANGANAGAR, 91, GHARSANA, 6902, 7 KND, 37712, 1089975, Total, 0, 0, 0, 0, 0, 0, 239000, 239000
2015, RAJASTHAN, 8, GANGANAGAR, 91, GHARSANA, 6902, 7 MLD, 37713, 1091541, Drinking water, 0, 0, 0, 0, 0, 0, 983400, 983400
2015, RAJASTHAN, 8, GANGANAGAR, 91, GHARSANA, 6902, 7 MLD, 37713, 1091541, Total, 0, 0, 0, 0, 0, 0, 983400, 983400
2015, RAJASTHAN, 8, GANGANAGAR, 91, GHARSANA, 6902, 8 KND, 37720, 1090540, Drinking water, 0, 0, 0, 0, 0, 0, 412000, 412000
2015, RAJASTHAN, 8, GANGANAGAR, 91, GHARSANA, 6902, 8 KND, 37720, 1090540, Total, 0, 0, 0, 0, 0, 0, 412000, 412000
2015, RAJASTHAN, 8, GANGANAGAR, 91, GHARSANA, 6902, 8 PSD B, 37721, 1117958, Drinking water, 0, 0, 0, 0, 0, 0, 1285000, 1285000
2015, RAJASTHAN, 8, GANGANAGAR, 91, GHARSANA, 6902, 8 PSD B, 37721, 1117958, Total, 0, 0, 0, 0, 0, 0, 1285000, 1285000
2015, RAJASTHAN, 8, GANGANAGAR, 91, GHARSANA, 6902, 9 MD, 37724, 1100747, Drinking water, 0, 0, 0, 0, 0, 0, 520000, 520000
2015, RAJASTHAN, 8, GANGANAGAR, 91, GHARSANA, 6902, 9 MD, 37724, 1100747, Sanitation, 0, 0, 0, 0, 0, 0, 200000, 200000
2015, RAJASTHAN, 8, GANGANAGAR, 91, GHARSANA, 6902, 9 MD, 37724, 1100747, Total, 0, 0, 0, 0, 0, 0, 720000, 720000
2015, RAJASTHAN, 8, GANGANAGAR, 91, GHARSANA, 6902, 9 PSD  A, 37725, 1091031, Drinking water, 0, 0, 0, 0, 0, 0, 1400000, 1400000
2015, RAJASTHAN, 8, GANGANAGAR, 91, GHARSANA, 6902, 9 PSD  A, 37725, 1091031, Sanitation, 0, 0, 0, 0, 0, 0, 96000, 96000
2015, RAJASTHAN, 8, GANGANAGAR, 91, GHARSANA, 6902, 9 PSD  A, 37725, 1091031, Total, 0, 0, 0, 0, 0, 0, 1496000, 1496000
2015, RAJASTHAN, 8, GANGANAGAR, 91, KARANPUR, 1259, 10 O, 37777, 1091941, Roads, 0, 0, 0, 0, 0, 0, 219555, 219555
2015, RAJASTHAN, 8, GANGANAGAR, 91, KARANPUR, 1259, 10 O, 37777, 1091941, Total, 0, 0, 0, 0, 0, 0, 219555, 219555
2015, RAJASTHAN, 8, GANGANAGAR, 91, KARANPUR, 1259, 13 FF MANAKSAR, 37804, 1093268, Drinking water, 0, 0, 0, 0, 0, 0, 28948, 28948
2015, RAJASTHAN, 8, GANGANAGAR, 91, KARANPUR, 1259, 13 FF MANAKSAR, 37804, 1093268, Sanitation, 0, 0, 0, 0, 0, 0, 68176, 68176
2015, RAJASTHAN, 8, GANGANAGAR, 91, KARANPUR, 1259, 13 FF MANAKSAR, 37804, 1093268, Total, 0, 0, 0, 0, 0, 0, 97124, 97124
2015, RAJASTHAN, 8, GANGANAGAR, 91, KARANPUR, 1259, 14 FF, 37778, 1102906, Administrative & Technical Support, 0, 0, 0, 0, 0, 0, 24000, 24000
2015, RAJASTHAN, 8, GANGANAGAR, 91, KARANPUR, 1259, 14 FF, 37778, 1102906, Drinking water, 0, 0, 0, 0, 0, 0, 30000, 30000
2015, RAJASTHAN, 8, GANGANAGAR, 91, KARANPUR, 1259, 14 FF, 37778, 1102906, Total, 0, 0, 0, 0, 0, 0, 54000, 54000
2015, RAJASTHAN, 8, GANGANAGAR, 91, KARANPUR, 1259, 14 S MAJHIWALA, 37800, 1092792, Sanitation, 0, 0, 0, 0, 0, 0, 266215, 266215
2015, RAJASTHAN, 8, GANGANAGAR, 91, KARANPUR, 1259, 14 S MAJHIWALA, 37800, 1092792, Total, 0, 0, 0, 0, 0, 0, 266215, 266215
2015, RAJASTHAN, 8, GANGANAGAR, 91, KARANPUR, 1259, 15 O, 37779, 1090403, Administrative & Technical Support, 0, 0, 0, 0, 0, 0, 44357, 44357
2015, RAJASTHAN, 8, GANGANAGAR, 91, KARANPUR, 1259, 15 O, 37779, 1090403, Drinking water, 0, 0, 0, 0, 0, 0, 106789, 106789
2015, RAJASTHAN, 8, GANGANAGAR, 91, KARANPUR, 1259, 15 O, 37779, 1090403, Total, 0, 0, 0, 0, 0, 0, 151146, 151146
2015, RAJASTHAN, 8, GANGANAGAR, 91, KARANPUR, 1259, 2 F C MUCAN, 37808, 1091057, Drinking water, 0, 0, 0, 0, 0, 0, 157863, 157863
2015, RAJASTHAN, 8, GANGANAGAR, 91, KARANPUR, 1259, 2 F C MUCAN, 37808, 1091057, Total, 0, 0, 0, 0, 0, 0, 157863, 157863
2015, RAJASTHAN, 8, GANGANAGAR, 91, KARANPUR, 1259, 2 FF A, 37780, 1091407, Drinking water, 0, 0, 0, 0, 0, 0, 160103, 160103
2015, RAJASTHAN, 8, GANGANAGAR, 91, KARANPUR, 1259, 2 FF A, 37780, 1091407, Roads, 0, 0, 0, 0, 0, 0, 64000, 64000
2015, RAJASTHAN, 8, GANGANAGAR, 91, KARANPUR, 1259, 2 FF A, 37780, 1091407, Total, 0, 0, 0, 0, 0, 0, 224103, 224103
2015, RAJASTHAN, 8, GANGANAGAR, 91, KARANPUR, 1259, 2 MM DHARANGAWALI, 37791, 1114030, Drinking water, 0, 0, 0, 0, 0, 0, 98970, 98970
2015, RAJASTHAN, 8, GANGANAGAR, 91, KARANPUR, 1259, 2 MM DHARANGAWALI, 37791, 1114030, Total, 0, 0, 0, 0, 0, 0, 98970, 98970
2015, RAJASTHAN, 8, GANGANAGAR, 91, KARANPUR, 1259, 2 W GURUSAR, 37796, 1093221, Drinking water, 0, 0, 0, 0, 0, 0, 515000, 515000
2015, RAJASTHAN, 8, GANGANAGAR, 91, KARANPUR, 1259, 2 W GURUSAR, 37796, 1093221, Maintenance of community system, 0, 0, 0, 0, 0, 0, 189000, 189000
2015, RAJASTHAN, 8, GANGANAGAR, 91, KARANPUR, 1259, 2 W GURUSAR, 37796, 1093221, Public distribution system, 0, 0, 0, 0, 0, 0, 230000, 230000
2015, RAJASTHAN, 8, GANGANAGAR, 91, KARANPUR, 1259, 2 W GURUSAR, 37796, 1093221, Total, 0, 0, 0, 0, 0, 0, 934000, 934000
2015, RAJASTHAN, 8, GANGANAGAR, 91, KARANPUR, 1259, 2 X, 37781, 1092485, Drinking water, 0, 0, 0, 0, 0, 0, 150000, 150000
2015, RAJASTHAN, 8, GANGANAGAR, 91, KARANPUR, 1259, 2 X, 37781, 1092485, Total, 0, 0, 0, 0, 0, 0, 150000, 150000
2015, RAJASTHAN, 8, GANGANAGAR, 91, KARANPUR, 1259, 25 F GULABEWALA, 37794, 1092201, Drinking water, 0, 0, 0, 0, 0, 0, 25000, 25000
2015, RAJASTHAN, 8, GANGANAGAR, 91, KARANPUR, 1259, 25 F GULABEWALA, 37794, 1092201, Roads, 0, 0, 0, 0, 0, 0, 241487, 241487
2015, RAJASTHAN, 8, GANGANAGAR, 91, KARANPUR, 1259, 25 F GULABEWALA, 37794, 1092201, Total, 0, 0, 0, 0, 0, 0, 266487, 266487
2015, RAJASTHAN, 8, GANGANAGAR, 91, KARANPUR, 1259, 25 H Dalpatsinghpur, 37790, 1092833, Drinking water, 0, 0, 0, 0, 0, 0, 50000, 50000
2015, RAJASTHAN, 8, GANGANAGAR, 91, KARANPUR, 1259, 25 H Dalpatsinghpur, 37790, 1092833, Roads, 0, 0, 0, 0, 0, 0, 483500, 483500
2015, RAJASTHAN, 8, GANGANAGAR, 91, KARANPUR, 1259, 25 H Dalpatsinghpur, 37790, 1092833, Total, 0, 0, 0, 0, 0, 0, 533500, 533500
2015, RAJASTHAN, 8, GANGANAGAR, 91, KARANPUR, 1259, 3 O, 37782, 1093220, Drinking water, 0, 0, 0, 0, 0, 0, 133000, 133000
2015, RAJASTHAN, 8, GANGANAGAR, 91, KARANPUR, 1259, 3 O, 37782, 1093220, Sanitation, 0, 0, 0, 0, 0, 0, 792000, 792000
2015, RAJASTHAN, 8, GANGANAGAR, 91, KARANPUR, 1259, 3 O, 37782, 1093220, Total, 0, 0, 0, 0, 0, 0, 925000, 925000
2015, RAJASTHAN, 8, GANGANAGAR, 91, KARANPUR, 1259, 36 H NAGGI, 37809, 1090924, Drinking water, 0, 0, 0, 0, 0, 0, 100000, 100000
2015, RAJASTHAN, 8, GANGANAGAR, 91, KARANPUR, 1259, 36 H NAGGI, 37809, 1090924, Total, 0, 0, 0, 0, 0, 0, 100000, 100000
2015, RAJASTHAN, 8, GANGANAGAR, 91, KARANPUR, 1259, 42 H, 37783, 1092699, Drinking water, 0, 0, 0, 0, 0, 0, 100000, 100000
2015, RAJASTHAN, 8, GANGANAGAR, 91, KARANPUR, 1259, 42 H, 37783, 1092699, Sanitation, 0, 0, 0, 0, 0, 0, 22000, 22000
2015, RAJASTHAN, 8, GANGANAGAR, 91, KARANPUR, 1259, 42 H, 37783, 1092699, Total, 0, 0, 0, 0, 0, 0, 122000, 122000
2015, RAJASTHAN, 8, GANGANAGAR, 91, KARANPUR, 1259, 43 GG KHARLAN, 37799, 1092804, Drinking water, 0, 0, 0, 0, 0, 0, 60000, 60000
2015, RAJASTHAN, 8, GANGANAGAR, 91, KARANPUR, 1259, 43 GG KHARLAN, 37799, 1092804, Total, 0, 0, 0, 0, 0, 0, 60000, 60000
2015, RAJASTHAN, 8, GANGANAGAR, 91, KARANPUR, 1259, 46 F MODA, 37805, 1116759, Drinking water, 0, 0, 0, 0, 0, 0, 114000, 114000
2015, RAJASTHAN, 8, GANGANAGAR, 91, KARANPUR, 1259, 46 F MODA, 37805, 1116759, Total, 0, 0, 0, 0, 0, 0, 114000, 114000
2015, RAJASTHAN, 8, GANGANAGAR, 91, KARANPUR, 1259, 48 GG SRINAGAR, 37784, 1115294, Drinking water, 0, 0, 0, 0, 0, 0, 90000, 90000
2015, RAJASTHAN, 8, GANGANAGAR, 91, KARANPUR, 1259, 48 GG SRINAGAR, 37784, 1115294, Total, 0, 0, 0, 0, 0, 0, 90000, 90000
2015, RAJASTHAN, 8, GANGANAGAR, 91, KARANPUR, 1259, 50 F ROOPNAGAR, 37811, 1094076, Drinking water, 0, 0, 0, 0, 0, 0, 60000, 60000
2015, RAJASTHAN, 8, GANGANAGAR, 91, KARANPUR, 1259, 50 F ROOPNAGAR, 37811, 1094076, Total, 0, 0, 0, 0, 0, 0, 60000, 60000
2015, RAJASTHAN, 8, GANGANAGAR, 91, KARANPUR, 1259, 52 GG GULABEWALA, 37795, 1092800, Drinking water, 0, 0, 0, 0, 0, 0, 60000, 60000
2015, RAJASTHAN, 8, GANGANAGAR, 91, KARANPUR, 1259, 52 GG GULABEWALA, 37795, 1092800, Total, 0, 0, 0, 0, 0, 0, 60000, 60000
2015, RAJASTHAN, 8, GANGANAGAR, 91, KARANPUR, 1259, 56 F, 37785, 1117364, Drinking water, 0, 0, 0, 0, 0, 0, 126000, 126000
2015, RAJASTHAN, 8, GANGANAGAR, 91, KARANPUR, 1259, 56 F, 37785, 1117364, Total, 0, 0, 0, 0, 0, 0, 126000, 126000
2015, RAJASTHAN, 8, GANGANAGAR, 91, KARANPUR, 1259, 6 F A RADEWALA, 37810, 1091567, Drinking water, 0, 0, 0, 0, 0, 0, 363342, 363342
2015, RAJASTHAN, 8, GANGANAGAR, 91, KARANPUR, 1259, 6 F A RADEWALA, 37810, 1091567, Total, 0, 0, 0, 0, 0, 0, 363342, 363342
2015, RAJASTHAN, 8, GANGANAGAR, 91, KARANPUR, 1259, 6 V DHANOOR, 37792, 1092448, Roads, 0, 0, 0, 0, 0, 0, 738000, 738000
2015, RAJASTHAN, 8, GANGANAGAR, 91, KARANPUR, 1259, 6 V DHANOOR, 37792, 1092448, Total, 0, 0, 0, 0, 0, 0, 738000, 738000
2015, RAJASTHAN, 8, GANGANAGAR, 91, KARANPUR, 1259, 61 F, 37786, 1091593, Drinking water, 0, 0, 0, 0, 0, 0, 686000, 686000
2015, RAJASTHAN, 8, GANGANAGAR, 91, KARANPUR, 1259, 61 F, 37786, 1091593, Total, 0, 0, 0, 0, 0, 0, 686000, 686000
2015, RAJASTHAN, 8, GANGANAGAR, 91, KARANPUR, 1259, 7 S I KIKARWALI, 37798, 1092701, Sanitation, 0, 0, 0, 0, 0, 0, 176523, 176523
2015, RAJASTHAN, 8, GANGANAGAR, 91, KARANPUR, 1259, 7 S I KIKARWALI, 37798, 1092701, Total, 0, 0, 0, 0, 0, 0, 334027, 334027
2015, RAJASTHAN, 8, GANGANAGAR, 91, KARANPUR, 1259, 7 S I KIKARWALI, 37798, 1092701, Water Conservation, 0, 0, 0, 0, 0, 0, 157504, 157504
2015, RAJASTHAN, 8, GANGANAGAR, 91, KARANPUR, 1259, 8 V, 37787, 1093520, Roads, 0, 0, 0, 0, 0, 0, 319345, 319345
2015, RAJASTHAN, 8, GANGANAGAR, 91, KARANPUR, 1259, 8 V, 37787, 1093520, Total, 0, 0, 0, 0, 0, 0, 319345, 319345
2015, RAJASTHAN, 8, GANGANAGAR, 91, KARANPUR, 1259, 9 F A MANJHIWALA, 37801, 1091965, Drinking water, 0, 0, 0, 0, 0, 0, 183000, 183000
2015, RAJASTHAN, 8, GANGANAGAR, 91, KARANPUR, 1259, 9 F A MANJHIWALA, 37801, 1091965, Roads, 0, 0, 0, 0, 0, 0, 557204, 557204
2015, RAJASTHAN, 8, GANGANAGAR, 91, KARANPUR, 1259, 9 F A MANJHIWALA, 37801, 1091965, Total, 0, 0, 0, 0, 0, 0, 740204, 740204
2015, RAJASTHAN, 8, GANGANAGAR, 91, KARANPUR, 1259, 9 FF Badopal, 37789, 1093443, Drinking water, 0, 0, 0, 0, 0, 0, 231000, 231000
2015, RAJASTHAN, 8, GANGANAGAR, 91, KARANPUR, 1259, 9 FF Badopal, 37789, 1093443, Roads, 0, 0, 0, 0, 0, 0, 202000, 202000
2015, RAJASTHAN, 8, GANGANAGAR, 91, KARANPUR, 1259, 9 FF Badopal, 37789, 1093443, Sanitation, 0, 0, 0, 0, 0, 0, 154000, 154000
2015, RAJASTHAN, 8, GANGANAGAR, 91, KARANPUR, 1259, 9 FF Badopal, 37789, 1093443, Total, 0, 0, 0, 0, 0, 0, 587000, 587000
2015, RAJASTHAN, 8, GANGANAGAR, 91, KARANPUR, 1259, Arayan, 37788, 1103540, Drinking water, 0, 0, 0, 0, 0, 0, 81942, 81942
2015, RAJASTHAN, 8, GANGANAGAR, 91, KARANPUR, 1259, Arayan, 37788, 1103540, Total, 0, 0, 0, 0, 0, 0, 81942, 81942
2015, RAJASTHAN, 8, GANGANAGAR, 91, KARANPUR, 1259, FUSEWALA, 37793, 1092795, Drinking water, 0, 0, 0, 0, 0, 0, 60000, 60000
2015, RAJASTHAN, 8, GANGANAGAR, 91, KARANPUR, 1259, FUSEWALA, 37793, 1092795, Total, 0, 0, 0, 0, 0, 0, 60000, 60000
2015, RAJASTHAN, 8, GANGANAGAR, 91, KARANPUR, 1259, KAMINPURA, 37797, 1142368, Drinking water, 0, 0, 0, 0, 0, 0, 50000, 50000
2015, RAJASTHAN, 8, GANGANAGAR, 91, KARANPUR, 1259, KAMINPURA, 37797, 1142368, Total, 0, 0, 0, 0, 0, 0, 50000, 50000
2015, RAJASTHAN, 8, GANGANAGAR, 91, KARANPUR, 1259, MALKANA KALAN, 37802, 1103331, Administrative & Technical Support, 0, 0, 0, 0, 0, 0, 117821, 117821
2015, RAJASTHAN, 8, GANGANAGAR, 91, KARANPUR, 1259, MALKANA KALAN, 37802, 1103331, Roads, 0, 0, 0, 0, 0, 0, 249431, 249431
2015, RAJASTHAN, 8, GANGANAGAR, 91, KARANPUR, 1259, MALKANA KALAN, 37802, 1103331, Total, 0, 0, 0, 0, 0, 0, 367252, 367252
2015, RAJASTHAN, 8, GANGANAGAR, 91, KARANPUR, 1259, MALKANA KHURD, 37803, 1093908, Administrative & Technical Support, 0, 0, 0, 0, 0, 0, 128787, 128787
2015, RAJASTHAN, 8, GANGANAGAR, 91, KARANPUR, 1259, MALKANA KHURD, 37803, 1093908, Drinking water, 0, 0, 0, 0, 0, 0, 40000, 40000
2015, RAJASTHAN, 8, GANGANAGAR, 91, KARANPUR, 1259, MALKANA KHURD, 37803, 1093908, Total, 0, 0, 0, 0, 0, 0, 168787, 168787
2015, RAJASTHAN, 8, GANGANAGAR, 91, KARANPUR, 1259, MOHLLAN, 37806, 1092856, Drinking water, 0, 0, 0, 0, 0, 0, 20000, 20000
2015, RAJASTHAN, 8, GANGANAGAR, 91, KARANPUR, 1259, MOHLLAN, 37806, 1092856, Roads, 0, 0, 0, 0, 0, 0, 496625, 496625
2015, RAJASTHAN, 8, GANGANAGAR, 91, KARANPUR, 1259, MOHLLAN, 37806, 1092856, Total, 0, 0, 0, 0, 0, 0, 516625, 516625
2015, RAJASTHAN, 8, GANGANAGAR, 91, KARANPUR, 1259, MOTASAR KHOONI, 37807, 1100837, Drinking water, 0, 0, 0, 0, 0, 0, 45000, 45000
2015, RAJASTHAN, 8, GANGANAGAR, 91, KARANPUR, 1259, MOTASAR KHOONI, 37807, 1100837, Maintenance of community system, 0, 0, 0, 0, 0, 0, 20000, 20000
2015, RAJASTHAN, 8, GANGANAGAR, 91, KARANPUR, 1259, MOTASAR KHOONI, 37807, 1100837, Total, 0, 0, 0, 0, 0, 0, 65000, 65000
2015, RAJASTHAN, 8, GANGANAGAR, 91, PADAMPUR, 1260, 11 EE A, 37812, 1103016, Education, 0, 0, 0, 0, 0, 0, 145000, 145000
2015, RAJASTHAN, 8, GANGANAGAR, 91, PADAMPUR, 1260, 11 EE A, 37812, 1103016, Maintenance of community system, 0, 0, 0, 0, 0, 0, 650000, 650000
2015, RAJASTHAN, 8, GANGANAGAR, 91, PADAMPUR, 1260, 11 EE A, 37812, 1103016, Total, 0, 0, 0, 0, 0, 0, 795000, 795000
2015, RAJASTHAN, 8, GANGANAGAR, 91, PADAMPUR, 1260, 16 BB, 37813, 1103198, Drinking water, 0, 0, 0, 0, 0, 0, 440000, 440000
2015, RAJASTHAN, 8, GANGANAGAR, 91, PADAMPUR, 1260, 16 BB, 37813, 1103198, Roads, 0, 0, 0, 0, 0, 0, 820000, 820000
2015, RAJASTHAN, 8, GANGANAGAR, 91, PADAMPUR, 1260, 16 BB, 37813, 1103198, Total, 0, 0, 0, 0, 0, 0, 1260000, 1260000
2015, RAJASTHAN, 8, GANGANAGAR, 91, PADAMPUR, 1260, 19 BB, 37814, 1089912, Roads, 0, 0, 0, 0, 0, 0, 718000, 718000
2015, RAJASTHAN, 8, GANGANAGAR, 91, PADAMPUR, 1260, 19 BB, 37814, 1089912, Total, 0, 0, 0, 0, 0, 0, 718000, 718000
2015, RAJASTHAN, 8, GANGANAGAR, 91, PADAMPUR, 1260, 1PS, 37815, 1089761, Drinking water, 0, 0, 0, 0, 0, 0, 250000, 250000
2015, RAJASTHAN, 8, GANGANAGAR, 91, PADAMPUR, 1260, 1PS, 37815, 1089761, Roads, 0, 0, 0, 0, 0, 0, 250000, 250000
2015, RAJASTHAN, 8, GANGANAGAR, 91, PADAMPUR, 1260, 1PS, 37815, 1089761, Total, 0, 0, 0, 0, 0, 0, 500000, 500000
2015, RAJASTHAN, 8, GANGANAGAR, 91, PADAMPUR, 1260, 20 BB A, 37816, 1089762, Drinking water, 0, 0, 0, 0, 0, 0, 500000, 500000
2015, RAJASTHAN, 8, GANGANAGAR, 91, PADAMPUR, 1260, 20 BB A, 37816, 1089762, Roads, 0, 0, 0, 0, 0, 0, 500000, 500000
2015, RAJASTHAN, 8, GANGANAGAR, 91, PADAMPUR, 1260, 20 BB A, 37816, 1089762, Total, 0, 0, 0, 0, 0, 0, 1000000, 1000000
2015, RAJASTHAN, 8, GANGANAGAR, 91, PADAMPUR, 1260, 23 BB, 37817, 1103246, Drinking water, 0, 0, 0, 0, 0, 0, 650000, 650000
2015, RAJASTHAN, 8, GANGANAGAR, 91, PADAMPUR, 1260, 23 BB, 37817, 1103246, Roads, 0, 0, 0, 0, 0, 0, 400000, 400000
2015, RAJASTHAN, 8, GANGANAGAR, 91, PADAMPUR, 1260, 23 BB, 37817, 1103246, Total, 0, 0, 0, 0, 0, 0, 1050000, 1050000
2015, RAJASTHAN, 8, GANGANAGAR, 91, PADAMPUR, 1260, 3 RB A, 37819, 1106902, Roads, 0, 0, 0, 0, 0, 0, 928647, 928647
2015, RAJASTHAN, 8, GANGANAGAR, 91, PADAMPUR, 1260, 3 RB A, 37819, 1106902, Total, 0, 0, 0, 0, 0, 0, 928647, 928647
2015, RAJASTHAN, 8, GANGANAGAR, 91, PADAMPUR, 1260, 34 LNP, 37821, 1089763, Sanitation, 0, 0, 0, 0, 0, 0, 718200, 718200
2015, RAJASTHAN, 8, GANGANAGAR, 91, PADAMPUR, 1260, 34 LNP, 37821, 1089763, Total, 0, 0, 0, 0, 0, 0, 718200, 718200
2015, RAJASTHAN, 8, GANGANAGAR, 91, PADAMPUR, 1260, 35 BB, 37822, 1090013, Drinking water, 0, 0, 0, 0, 0, 0, 396100, 396100
2015, RAJASTHAN, 8, GANGANAGAR, 91, PADAMPUR, 1260, 35 BB, 37822, 1090013, Education, 0, 0, 0, 0, 0, 0, 250000, 250000
2015, RAJASTHAN, 8, GANGANAGAR, 91, PADAMPUR, 1260, 35 BB, 37822, 1090013, Roads, 0, 0, 0, 0, 0, 0, 403000, 403000
2015, RAJASTHAN, 8, GANGANAGAR, 91, PADAMPUR, 1260, 35 BB, 37822, 1090013, Total, 0, 0, 0, 0, 0, 0, 1049100, 1049100
2015, RAJASTHAN, 8, GANGANAGAR, 91, PADAMPUR, 1260, 37 GG, 37823, 1103019, Drinking water, 0, 0, 0, 0, 0, 0, 198000, 198000
2015, RAJASTHAN, 8, GANGANAGAR, 91, PADAMPUR, 1260, 37 GG, 37823, 1103019, Roads, 0, 0, 0, 0, 0, 0, 500000, 500000
2015, RAJASTHAN, 8, GANGANAGAR, 91, PADAMPUR, 1260, 37 GG, 37823, 1103019, Total, 0, 0, 0, 0, 0, 0, 698000, 698000
2015, RAJASTHAN, 8, GANGANAGAR, 91, PADAMPUR, 1260, 39 RB, 37824, 1089766, Drinking water, 0, 0, 0, 0, 0, 0, 197200, 197200
2015, RAJASTHAN, 8, GANGANAGAR, 91, PADAMPUR, 1260, 39 RB, 37824, 1089766, Total, 0, 0, 0, 0, 0, 0, 197200, 197200
2015, RAJASTHAN, 8, GANGANAGAR, 91, PADAMPUR, 1260, 4 BB, 37825, 1107367, Drinking water, 0, 0, 0, 0, 0, 0, 500000, 500000
2015, RAJASTHAN, 8, GANGANAGAR, 91, PADAMPUR, 1260, 4 BB, 37825, 1107367, Roads, 0, 0, 0, 0, 0, 0, 237515, 237515
2015, RAJASTHAN, 8, GANGANAGAR, 91, PADAMPUR, 1260, 4 BB, 37825, 1107367, Total, 0, 0, 0, 0, 0, 0, 737515, 737515
2015, RAJASTHAN, 8, GANGANAGAR, 91, PADAMPUR, 1260, 4 NN  CHANANA, 37827, 1089767, Drinking water, 0, 0, 0, 0, 0, 0, 245000, 245000
2015, RAJASTHAN, 8, GANGANAGAR, 91, PADAMPUR, 1260, 4 NN  CHANANA, 37827, 1089767, Roads, 0, 0, 0, 0, 0, 0, 245000, 245000
2015, RAJASTHAN, 8, GANGANAGAR, 91, PADAMPUR, 1260, 4 NN  CHANANA, 37827, 1089767, Total, 0, 0, 0, 0, 0, 0, 490000, 490000
2015, RAJASTHAN, 8, GANGANAGAR, 91, PADAMPUR, 1260, 4JJ, 37829, 1103026, Roads, 0, 0, 0, 0, 0, 0, 1000000, 1000000
2015, RAJASTHAN, 8, GANGANAGAR, 91, PADAMPUR, 1260, 4JJ, 37829, 1103026, Total, 0, 0, 0, 0, 0, 0, 1000000, 1000000
2015, RAJASTHAN, 8, GANGANAGAR, 91, PADAMPUR, 1260, 5 BB A, 37831, 1089768, Roads, 0, 0, 0, 0, 0, 0, 638200, 638200
2015, RAJASTHAN, 8, GANGANAGAR, 91, PADAMPUR, 1260, 5 BB A, 37831, 1089768, Total, 0, 0, 0, 0, 0, 0, 638200, 638200
2015, RAJASTHAN, 8, GANGANAGAR, 91, PADAMPUR, 1260, 54 LNP, 37830, 1089769, Drinking water, 0, 0, 0, 0, 0, 0, 336600, 336600
2015, RAJASTHAN, 8, GANGANAGAR, 91, PADAMPUR, 1260, 54 LNP, 37830, 1089769, Total, 0, 0, 0, 0, 0, 0, 336600, 336600
2015, RAJASTHAN, 8, GANGANAGAR, 91, PADAMPUR, 1260, 5KK, 37832, 1103554, Roads, 0, 0, 0, 0, 0, 0, 1000000, 1000000
2015, RAJASTHAN, 8, GANGANAGAR, 91, PADAMPUR, 1260, 5KK, 37832, 1103554, Total, 0, 0, 0, 0, 0, 0, 1000000, 1000000
2015, RAJASTHAN, 8, GANGANAGAR, 91, PADAMPUR, 1260, 69 LNP, 37835, 1091129, Roads, 0, 0, 0, 0, 0, 0, 1428450, 1428450
2015, RAJASTHAN, 8, GANGANAGAR, 91, PADAMPUR, 1260, 69 LNP, 37835, 1091129, Total, 0, 0, 0, 0, 0, 0, 1428450, 1428450
2015, RAJASTHAN, 8, GANGANAGAR, 91, PADAMPUR, 1260, 7 DD, 37836, 1107391, Drinking water, 0, 0, 0, 0, 0, 0, 135000, 135000
2015, RAJASTHAN, 8, GANGANAGAR, 91, PADAMPUR, 1260, 7 DD, 37836, 1107391, Social welfare, 0, 0, 0, 0, 0, 0, 450000, 450000
2015, RAJASTHAN, 8, GANGANAGAR, 91, PADAMPUR, 1260, 7 DD, 37836, 1107391, Total, 0, 0, 0, 0, 0, 0, 754943, 754943
2015, RAJASTHAN, 8, GANGANAGAR, 91, PADAMPUR, 1260, 7 DD, 37836, 1107391, Women and child development, 0, 0, 0, 0, 0, 0, 169943, 169943
2015, RAJASTHAN, 8, GANGANAGAR, 91, PADAMPUR, 1260, 8 NN A, 37838, 1107753, Drinking water, 0, 0, 0, 0, 0, 0, 500000, 500000
2015, RAJASTHAN, 8, GANGANAGAR, 91, PADAMPUR, 1260, 8 NN A, 37838, 1107753, Roads, 0, 0, 0, 0, 0, 0, 219500, 219500
2015, RAJASTHAN, 8, GANGANAGAR, 91, PADAMPUR, 1260, 8 NN A, 37838, 1107753, Total, 0, 0, 0, 0, 0, 0, 719500, 719500
2015, RAJASTHAN, 8, GANGANAGAR, 91, PADAMPUR, 1260, 83 LNP, 37839, 1089832, Drinking water, 0, 0, 0, 0, 0, 0, 24700, 24700
2015, RAJASTHAN, 8, GANGANAGAR, 91, PADAMPUR, 1260, 83 LNP, 37839, 1089832, Roads, 0, 0, 0, 0, 0, 0, 665600, 665600
2015, RAJASTHAN, 8, GANGANAGAR, 91, PADAMPUR, 1260, 83 LNP, 37839, 1089832, Total, 0, 0, 0, 0, 0, 0, 690300, 690300
2015, RAJASTHAN, 8, GANGANAGAR, 91, PADAMPUR, 1260, BINJHBAYLA, 37841, 1089772, Roads, 0, 0, 0, 0, 0, 0, 304800, 304800
2015, RAJASTHAN, 8, GANGANAGAR, 91, PADAMPUR, 1260, BINJHBAYLA, 37841, 1089772, Total, 0, 0, 0, 0, 0, 0, 304800, 304800
2015, RAJASTHAN, 8, GANGANAGAR, 91, PADAMPUR, 1260, DELWAN, 37826, 1089775, Roads, 0, 0, 0, 0, 0, 0, 377000, 377000
2015, RAJASTHAN, 8, GANGANAGAR, 91, PADAMPUR, 1260, DELWAN, 37826, 1089775, Total, 0, 0, 0, 0, 0, 0, 377000, 377000
2015, RAJASTHAN, 8, GANGANAGAR, 91, PADAMPUR, 1260, FAKIRWALI, 37820, 1089777, Roads, 0, 0, 0, 0, 0, 0, 464100, 464100
2015, RAJASTHAN, 8, GANGANAGAR, 91, PADAMPUR, 1260, FAKIRWALI, 37820, 1089777, Total, 0, 0, 0, 0, 0, 0, 464100, 464100
2015, RAJASTHAN, 8, GANGANAGAR, 91, PADAMPUR, 1260, FARSEWALA, 37842, 1107670, Roads, 0, 0, 0, 0, 0, 0, 1000000, 1000000
2015, RAJASTHAN, 8, GANGANAGAR, 91, PADAMPUR, 1260, FARSEWALA, 37842, 1107670, Total, 0, 0, 0, 0, 0, 0, 1000000, 1000000
2015, RAJASTHAN, 8, GANGANAGAR, 91, PADAMPUR, 1260, GHAMURWALI, 37818, 1089779, Drinking water, 0, 0, 0, 0, 0, 0, 652850, 652850
2015, RAJASTHAN, 8, GANGANAGAR, 91, PADAMPUR, 1260, GHAMURWALI, 37818, 1089779, Roads, 0, 0, 0, 0, 0, 0, 389400, 389400
2015, RAJASTHAN, 8, GANGANAGAR, 91, PADAMPUR, 1260, GHAMURWALI, 37818, 1089779, Total, 0, 0, 0, 0, 0, 0, 1042250, 1042250
2015, RAJASTHAN, 8, GANGANAGAR, 91, PADAMPUR, 1260, JALOKI, 37833, 1107647, Drinking water, 0, 0, 0, 0, 0, 0, 800000, 800000
2015, RAJASTHAN, 8, GANGANAGAR, 91, PADAMPUR, 1260, JALOKI, 37833, 1107647, Land improvement, 0, 0, 0, 0, 0, 0, 500000, 500000
2015, RAJASTHAN, 8, GANGANAGAR, 91, PADAMPUR, 1260, JALOKI, 37833, 1107647, Total, 0, 0, 0, 0, 0, 0, 1300000, 1300000
2015, RAJASTHAN, 8, GANGANAGAR, 91, PADAMPUR, 1260, JIVANDESAR, 37843, 1089787, Drinking water, 0, 0, 0, 0, 0, 0, 249900, 249900
2015, RAJASTHAN, 8, GANGANAGAR, 91, PADAMPUR, 1260, JIVANDESAR, 37843, 1089787, Health, 0, 0, 0, 0, 0, 0, 169800, 169800
2015, RAJASTHAN, 8, GANGANAGAR, 91, PADAMPUR, 1260, JIVANDESAR, 37843, 1089787, Land improvement, 0, 0, 0, 0, 0, 0, 250000, 250000
2015, RAJASTHAN, 8, GANGANAGAR, 91, PADAMPUR, 1260, JIVANDESAR, 37843, 1089787, Maintenance of community system, 0, 0, 0, 0, 0, 0, 189600, 189600
2015, RAJASTHAN, 8, GANGANAGAR, 91, PADAMPUR, 1260, JIVANDESAR, 37843, 1089787, Roads, 0, 0, 0, 0, 0, 0, 249800, 249800
2015, RAJASTHAN, 8, GANGANAGAR, 91, PADAMPUR, 1260, JIVANDESAR, 37843, 1089787, Total, 0, 0, 0, 0, 0, 0, 1109100, 1109100
2015, RAJASTHAN, 8, GANGANAGAR, 91, PADAMPUR, 1260, MANJHUWAS, 37844, 1107595, Roads, 0, 0, 0, 0, 0, 0, 840924, 840924
2015, RAJASTHAN, 8, GANGANAGAR, 91, PADAMPUR, 1260, MANJHUWAS, 37844, 1107595, Total, 0, 0, 0, 0, 0, 0, 840924, 840924
2015, RAJASTHAN, 8, GANGANAGAR, 91, PADAMPUR, 1260, NARSINGHPURA, 37845, 1089786, Education, 0, 0, 0, 0, 0, 0, 59000, 59000
2015, RAJASTHAN, 8, GANGANAGAR, 91, PADAMPUR, 1260, NARSINGHPURA, 37845, 1089786, Roads, 0, 0, 0, 0, 0, 0, 638000, 638000
2015, RAJASTHAN, 8, GANGANAGAR, 91, PADAMPUR, 1260, NARSINGHPURA, 37845, 1089786, Total, 0, 0, 0, 0, 0, 0, 697000, 697000
2015, RAJASTHAN, 8, GANGANAGAR, 91, PADAMPUR, 1260, RAJPURA, 37828, 1089790, Drinking water, 0, 0, 0, 0, 0, 0, 382550, 382550
2015, RAJASTHAN, 8, GANGANAGAR, 91, PADAMPUR, 1260, RAJPURA, 37828, 1089790, Roads, 0, 0, 0, 0, 0, 0, 228500, 228500
2015, RAJASTHAN, 8, GANGANAGAR, 91, PADAMPUR, 1260, RAJPURA, 37828, 1089790, Total, 0, 0, 0, 0, 0, 0, 611050, 611050
2015, RAJASTHAN, 8, GANGANAGAR, 91, PADAMPUR, 1260, RATANPURA, 37837, 1107628, Roads, 0, 0, 0, 0, 0, 0, 1300000, 1300000
2015, RAJASTHAN, 8, GANGANAGAR, 91, PADAMPUR, 1260, RATANPURA, 37837, 1107628, Total, 0, 0, 0, 0, 0, 0, 1300000, 1300000
2015, RAJASTHAN, 8, GANGANAGAR, 91, PADAMPUR, 1260, RATTEWALA, 37840, 1107698, Drinking water, 0, 0, 0, 0, 0, 0, 300000, 300000
2015, RAJASTHAN, 8, GANGANAGAR, 91, PADAMPUR, 1260, RATTEWALA, 37840, 1107698, Roads, 0, 0, 0, 0, 0, 0, 1021000, 1021000
2015, RAJASTHAN, 8, GANGANAGAR, 91, PADAMPUR, 1260, RATTEWALA, 37840, 1107698, Total, 0, 0, 0, 0, 0, 0, 1321000, 1321000
2015, RAJASTHAN, 8, GANGANAGAR, 91, PADAMPUR, 1260, RIDMALSAR, 37834, 1089792, Drinking water, 0, 0, 0, 0, 0, 0, 334400, 334400
2015, RAJASTHAN, 8, GANGANAGAR, 91, PADAMPUR, 1260, RIDMALSAR, 37834, 1089792, Roads, 0, 0, 0, 0, 0, 0, 766400, 766400
2015, RAJASTHAN, 8, GANGANAGAR, 91, PADAMPUR, 1260, RIDMALSAR, 37834, 1089792, Total, 0, 0, 0, 0, 0, 0, 1100800, 1100800
2015, RAJASTHAN, 8, GANGANAGAR, 91, PADAMPUR, 1260, SAWANTSAR, 37846, 1107731, Roads, 0, 0, 0, 0, 0, 0, 1139500, 1139500
2015, RAJASTHAN, 8, GANGANAGAR, 91, PADAMPUR, 1260, SAWANTSAR, 37846, 1107731, Total, 0, 0, 0, 0, 0, 0, 1139500, 1139500
2015, RAJASTHAN, 8, GANGANAGAR, 91, PADAMPUR, 1260, TAMKOT, 37847, 1107760, Roads, 0, 0, 0, 0, 0, 0, 1000000, 1000000
2015, RAJASTHAN, 8, GANGANAGAR, 91, PADAMPUR, 1260, TAMKOT, 37847, 1107760, Total, 0, 0, 0, 0, 0, 0, 1000000, 1000000
2015, RAJASTHAN, 8, GANGANAGAR, 91, RAISINGHNAGAR, 1261, 10 TK, 37848, 1167350, Drinking water, 0, 0, 0, 0, 0, 0, 199600, 199600
2015, RAJASTHAN, 8, GANGANAGAR, 91, RAISINGHNAGAR, 1261, 10 TK, 37848, 1167350, Total, 0, 0, 0, 0, 0, 0, 199600, 199600
2015, RAJASTHAN, 8, GANGANAGAR, 91, RAISINGHNAGAR, 1261, 11 TK, 37849, 1182611, Drinking water, 0, 0, 0, 0, 0, 0, 166700, 166700
2015, RAJASTHAN, 8, GANGANAGAR, 91, RAISINGHNAGAR, 1261, 11 TK, 37849, 1182611, Roads, 0, 0, 0, 0, 0, 0, 499900, 499900
2015, RAJASTHAN, 8, GANGANAGAR, 91, RAISINGHNAGAR, 1261, 11 TK, 37849, 1182611, Total, 0, 0, 0, 0, 0, 0, 666600, 666600
2015, RAJASTHAN, 8, GANGANAGAR, 91, RAISINGHNAGAR, 1261, 12 NRD, 37869, 1091143, Drinking water, 0, 0, 0, 0, 0, 0, 227000, 227000
2015, RAJASTHAN, 8, GANGANAGAR, 91, RAISINGHNAGAR, 1261, 12 NRD, 37869, 1091143, Roads, 0, 0, 0, 0, 0, 0, 904000, 904000
2015, RAJASTHAN, 8, GANGANAGAR, 91, RAISINGHNAGAR, 1261, 12 NRD, 37869, 1091143, Total, 0, 0, 0, 0, 0, 0, 1131000, 1131000
2015, RAJASTHAN, 8, GANGANAGAR, 91, RAISINGHNAGAR, 1261, 16 PS, 37850, 1091099, Animal husbandry, 0, 0, 0, 0, 0, 0, 232100, 232100
2015, RAJASTHAN, 8, GANGANAGAR, 91, RAISINGHNAGAR, 1261, 16 PS, 37850, 1091099, Rural electrification, 0, 0, 0, 0, 0, 0, 233544, 233544
2015, RAJASTHAN, 8, GANGANAGAR, 91, RAISINGHNAGAR, 1261, 16 PS, 37850, 1091099, Total, 0, 0, 0, 0, 0, 0, 465644, 465644
2015, RAJASTHAN, 8, GANGANAGAR, 91, RAISINGHNAGAR, 1261, 22 PS, 37852, 1091075, Roads, 0, 0, 0, 0, 0, 0, 99100, 99100
2015, RAJASTHAN, 8, GANGANAGAR, 91, RAISINGHNAGAR, 1261, 22 PS, 37852, 1091075, Total, 0, 0, 0, 0, 0, 0, 139700, 139700
2015, RAJASTHAN, 8, GANGANAGAR, 91, RAISINGHNAGAR, 1261, 22 PS, 37852, 1091075, Water Conservation, 0, 0, 0, 0, 0, 0, 40600, 40600
2015, RAJASTHAN, 8, GANGANAGAR, 91, RAISINGHNAGAR, 1261, 22 PTD, 37853, 1091068, Roads, 0, 0, 0, 0, 0, 0, 772096, 772096
2015, RAJASTHAN, 8, GANGANAGAR, 91, RAISINGHNAGAR, 1261, 22 PTD, 37853, 1091068, Total, 0, 0, 0, 0, 0, 0, 772096, 772096
2015, RAJASTHAN, 8, GANGANAGAR, 91, RAISINGHNAGAR, 1261, 3 MK, 37854, 1091017, Drinking water, 0, 0, 0, 0, 0, 0, 390000, 390000
2015, RAJASTHAN, 8, GANGANAGAR, 91, RAISINGHNAGAR, 1261, 3 MK, 37854, 1091017, Roads, 0, 0, 0, 0, 0, 0, 498962, 498962
2015, RAJASTHAN, 8, GANGANAGAR, 91, RAISINGHNAGAR, 1261, 3 MK, 37854, 1091017, Total, 0, 0, 0, 0, 0, 0, 888962, 888962
2015, RAJASTHAN, 8, GANGANAGAR, 91, RAISINGHNAGAR, 1261, 30 PS A, 37868, 1091155, Drinking water, 0, 0, 0, 0, 0, 0, 40000, 40000
2015, RAJASTHAN, 8, GANGANAGAR, 91, RAISINGHNAGAR, 1261, 30 PS A, 37868, 1091155, Roads, 0, 0, 0, 0, 0, 0, 197014, 197014
2015, RAJASTHAN, 8, GANGANAGAR, 91, RAISINGHNAGAR, 1261, 30 PS A, 37868, 1091155, Total, 0, 0, 0, 0, 0, 0, 237014, 237014
2015, RAJASTHAN, 8, GANGANAGAR, 91, RAISINGHNAGAR, 1261, 43 PS, 37855, 1167354, Drinking water, 0, 0, 0, 0, 0, 0, 552800, 552800
2015, RAJASTHAN, 8, GANGANAGAR, 91, RAISINGHNAGAR, 1261, 43 PS, 37855, 1167354, Total, 0, 0, 0, 0, 0, 0, 552800, 552800
2015, RAJASTHAN, 8, GANGANAGAR, 91, RAISINGHNAGAR, 1261, 5 TK, 37856, 1180478, Drinking water, 0, 0, 0, 0, 0, 0, 87500, 87500
2015, RAJASTHAN, 8, GANGANAGAR, 91, RAISINGHNAGAR, 1261, 5 TK, 37856, 1180478, Roads, 0, 0, 0, 0, 0, 0, 500000, 500000
2015, RAJASTHAN, 8, GANGANAGAR, 91, RAISINGHNAGAR, 1261, 5 TK, 37856, 1180478, Total, 0, 0, 0, 0, 0, 0, 587500, 587500
2015, RAJASTHAN, 8, GANGANAGAR, 91, RAISINGHNAGAR, 1261, 6 /8 LPM, 37858, 1091710, Drinking water, 0, 0, 0, 0, 0, 0, 476600, 476600
2015, RAJASTHAN, 8, GANGANAGAR, 91, RAISINGHNAGAR, 1261, 6 /8 LPM, 37858, 1091710, Land improvement, 0, 0, 0, 0, 0, 0, 100500, 100500
2015, RAJASTHAN, 8, GANGANAGAR, 91, RAISINGHNAGAR, 1261, 6 /8 LPM, 37858, 1091710, Rural housing, 0, 0, 0, 0, 0, 0, 78937, 78937
2015, RAJASTHAN, 8, GANGANAGAR, 91, RAISINGHNAGAR, 1261, 6 /8 LPM, 37858, 1091710, Total, 0, 0, 0, 0, 0, 0, 656037, 656037
2015, RAJASTHAN, 8, GANGANAGAR, 91, RAISINGHNAGAR, 1261, 6 JKM, 37857, 1091169, Drinking water, 0, 0, 0, 0, 0, 0, 232200, 232200
2015, RAJASTHAN, 8, GANGANAGAR, 91, RAISINGHNAGAR, 1261, 6 JKM, 37857, 1091169, Public distribution system, 0, 0, 0, 0, 0, 0, 134700, 134700
2015, RAJASTHAN, 8, GANGANAGAR, 91, RAISINGHNAGAR, 1261, 6 JKM, 37857, 1091169, Total, 0, 0, 0, 0, 0, 0, 366900, 366900
2015, RAJASTHAN, 8, GANGANAGAR, 91, RAISINGHNAGAR, 1261, 66 RB, 37859, 1091736, Roads, 0, 0, 0, 0, 0, 0, 764339, 764339
2015, RAJASTHAN, 8, GANGANAGAR, 91, RAISINGHNAGAR, 1261, 66 RB, 37859, 1091736, Total, 0, 0, 0, 0, 0, 0, 764339, 764339
2015, RAJASTHAN, 8, GANGANAGAR, 91, RAISINGHNAGAR, 1261, 68 NP, 37860, 1167385, Drinking water, 0, 0, 0, 0, 0, 0, 180000, 180000
2015, RAJASTHAN, 8, GANGANAGAR, 91, RAISINGHNAGAR, 1261, 68 NP, 37860, 1167385, Total, 0, 0, 0, 0, 0, 0, 180000, 180000
2015, RAJASTHAN, 8, GANGANAGAR, 91, RAISINGHNAGAR, 1261, 7 PS, 37861, 1091741, Drinking water, 0, 0, 0, 0, 0, 0, 532000, 532000
2015, RAJASTHAN, 8, GANGANAGAR, 91, RAISINGHNAGAR, 1261, 7 PS, 37861, 1091741, Roads, 0, 0, 0, 0, 0, 0, 420000, 420000
2015, RAJASTHAN, 8, GANGANAGAR, 91, RAISINGHNAGAR, 1261, 7 PS, 37861, 1091741, Total, 0, 0, 0, 0, 0, 0, 952000, 952000
2015, RAJASTHAN, 8, GANGANAGAR, 91, RAISINGHNAGAR, 1261, 71 RB, 37862, 1167401, Drinking water, 0, 0, 0, 0, 0, 0, 100000, 100000
2015, RAJASTHAN, 8, GANGANAGAR, 91, RAISINGHNAGAR, 1261, 71 RB, 37862, 1167401, Roads, 0, 0, 0, 0, 0, 0, 225000, 225000
2015, RAJASTHAN, 8, GANGANAGAR, 91, RAISINGHNAGAR, 1261, 71 RB, 37862, 1167401, Total, 0, 0, 0, 0, 0, 0, 325000, 325000
2015, RAJASTHAN, 8, GANGANAGAR, 91, RAISINGHNAGAR, 1261, 75 NP, 37863, 1091947, Drinking water, 0, 0, 0, 0, 0, 0, 181400, 181400
2015, RAJASTHAN, 8, GANGANAGAR, 91, RAISINGHNAGAR, 1261, 75 NP, 37863, 1091947, Roads, 0, 0, 0, 0, 0, 0, 497317, 497317
2015, RAJASTHAN, 8, GANGANAGAR, 91, RAISINGHNAGAR, 1261, 75 NP, 37863, 1091947, Total, 0, 0, 0, 0, 0, 0, 678717, 678717
2015, RAJASTHAN, 8, GANGANAGAR, 91, RAISINGHNAGAR, 1261, BHOMPURA, 37867, 1092199, Roads, 0, 0, 0, 0, 0, 0, 1037700, 1037700
2015, RAJASTHAN, 8, GANGANAGAR, 91, RAISINGHNAGAR, 1261, BHOMPURA, 37867, 1092199, Total, 0, 0, 0, 0, 0, 0, 1037700, 1037700
2015, RAJASTHAN, 8, GANGANAGAR, 91, RAISINGHNAGAR, 1261, Bagicha, 37864, 1091977, Roads, 0, 0, 0, 0, 0, 0, 886900, 886900
2015, RAJASTHAN, 8, GANGANAGAR, 91, RAISINGHNAGAR, 1261, Bagicha, 37864, 1091977, Total, 0, 0, 0, 0, 0, 0, 886900, 886900
2015, RAJASTHAN, 8, GANGANAGAR, 91, RAISINGHNAGAR, 1261, Bajuwala, 37865, 1091972, Drinking water, 0, 0, 0, 0, 0, 0, 222544, 222544
2015, RAJASTHAN, 8, GANGANAGAR, 91, RAISINGHNAGAR, 1261, Bajuwala, 37865, 1091972, Roads, 0, 0, 0, 0, 0, 0, 999900, 999900
2015, RAJASTHAN, 8, GANGANAGAR, 91, RAISINGHNAGAR, 1261, Bajuwala, 37865, 1091972, Total, 0, 0, 0, 0, 0, 0, 1222444, 1222444
2015, RAJASTHAN, 8, GANGANAGAR, 91, RAISINGHNAGAR, 1261, Bhadwanwala, 37866, 1092204, Drinking water, 0, 0, 0, 0, 0, 0, 204200, 204200
2015, RAJASTHAN, 8, GANGANAGAR, 91, RAISINGHNAGAR, 1261, Bhadwanwala, 37866, 1092204, Roads, 0, 0, 0, 0, 0, 0, 177400, 177400
2015, RAJASTHAN, 8, GANGANAGAR, 91, RAISINGHNAGAR, 1261, Bhadwanwala, 37866, 1092204, Total, 0, 0, 0, 0, 0, 0, 381600, 381600
2015, RAJASTHAN, 8, GANGANAGAR, 91, RAISINGHNAGAR, 1261, DABLA, 37870, 1092408, Agriculture, 0, 0, 0, 0, 0, 0, 67300, 67300
2015, RAJASTHAN, 8, GANGANAGAR, 91, RAISINGHNAGAR, 1261, DABLA, 37870, 1092408, Drinking water, 0, 0, 0, 0, 0, 0, 49400, 49400
2015, RAJASTHAN, 8, GANGANAGAR, 91, RAISINGHNAGAR, 1261, DABLA, 37870, 1092408, Education, 0, 0, 0, 0, 0, 0, 226800, 226800
2015, RAJASTHAN, 8, GANGANAGAR, 91, RAISINGHNAGAR, 1261, DABLA, 37870, 1092408, Maintenance of community system, 0, 0, 0, 0, 0, 0, 46200, 46200
2015, RAJASTHAN, 8, GANGANAGAR, 91, RAISINGHNAGAR, 1261, DABLA, 37870, 1092408, Roads, 0, 0, 0, 0, 0, 0, 322500, 322500
2015, RAJASTHAN, 8, GANGANAGAR, 91, RAISINGHNAGAR, 1261, DABLA, 37870, 1092408, Social welfare, 0, 0, 0, 0, 0, 0, 16100, 16100
2015, RAJASTHAN, 8, GANGANAGAR, 91, RAISINGHNAGAR, 1261, DABLA, 37870, 1092408, Total, 0, 0, 0, 0, 0, 0, 728300, 728300
2015, RAJASTHAN, 8, GANGANAGAR, 91, RAISINGHNAGAR, 1261, FOJUWALA, 37871, 1092077, Drinking water, 0, 0, 0, 0, 0, 0, 412600, 412600
2015, RAJASTHAN, 8, GANGANAGAR, 91, RAISINGHNAGAR, 1261, FOJUWALA, 37871, 1092077, Roads, 0, 0, 0, 0, 0, 0, 329130, 329130
2015, RAJASTHAN, 8, GANGANAGAR, 91, RAISINGHNAGAR, 1261, FOJUWALA, 37871, 1092077, Total, 0, 0, 0, 0, 0, 0, 741730, 741730
2015, RAJASTHAN, 8, GANGANAGAR, 91, RAISINGHNAGAR, 1261, GANGUWALA, 37872, 1092029, Drinking water, 0, 0, 0, 0, 0, 0, 72000, 72000
2015, RAJASTHAN, 8, GANGANAGAR, 91, RAISINGHNAGAR, 1261, GANGUWALA, 37872, 1092029, Roads, 0, 0, 0, 0, 0, 0, 100000, 100000
2015, RAJASTHAN, 8, GANGANAGAR, 91, RAISINGHNAGAR, 1261, GANGUWALA, 37872, 1092029, Total, 0, 0, 0, 0, 0, 0, 172000, 172000
2015, RAJASTHAN, 8, GANGANAGAR, 91, RAISINGHNAGAR, 1261, JHOTANWALI, 37873, 1091108, Drinking water, 0, 0, 0, 0, 0, 0, 372000, 372000
2015, RAJASTHAN, 8, GANGANAGAR, 91, RAISINGHNAGAR, 1261, JHOTANWALI, 37873, 1091108, Roads, 0, 0, 0, 0, 0, 0, 499100, 499100
2015, RAJASTHAN, 8, GANGANAGAR, 91, RAISINGHNAGAR, 1261, JHOTANWALI, 37873, 1091108, Total, 0, 0, 0, 0, 0, 0, 871100, 871100
2015, RAJASTHAN, 8, GANGANAGAR, 91, RAISINGHNAGAR, 1261, KANWARPURA, 37851, 1183819, Drinking water, 0, 0, 0, 0, 0, 0, 299000, 299000
2015, RAJASTHAN, 8, GANGANAGAR, 91, RAISINGHNAGAR, 1261, KANWARPURA, 37851, 1183819, Total, 0, 0, 0, 0, 0, 0, 299000, 299000
2015, RAJASTHAN, 8, GANGANAGAR, 91, RAISINGHNAGAR, 1261, KARADWALI, 37874, 1091984, Roads, 0, 0, 0, 0, 0, 0, 845300, 845300
2015, RAJASTHAN, 8, GANGANAGAR, 91, RAISINGHNAGAR, 1261, KARADWALI, 37874, 1091984, Total, 0, 0, 0, 0, 0, 0, 845300, 845300
2015, RAJASTHAN, 8, GANGANAGAR, 91, RAISINGHNAGAR, 1261, KHATAN, 37875, 1091704, Drinking water, 0, 0, 0, 0, 0, 0, 528200, 528200
2015, RAJASTHAN, 8, GANGANAGAR, 91, RAISINGHNAGAR, 1261, KHATAN, 37875, 1091704, Total, 0, 0, 0, 0, 0, 0, 528200, 528200
2015, RAJASTHAN, 8, GANGANAGAR, 91, RAISINGHNAGAR, 1261, KHYALIWALA, 37876, 1090892, Animal husbandry, 0, 0, 0, 0, 0, 0, 388200, 388200
2015, RAJASTHAN, 8, GANGANAGAR, 91, RAISINGHNAGAR, 1261, KHYALIWALA, 37876, 1090892, Total, 0, 0, 0, 0, 0, 0, 388200, 388200
2015, RAJASTHAN, 8, GANGANAGAR, 91, RAISINGHNAGAR, 1261, KIKARWALI, 37877, 1091983, Education, 0, 0, 0, 0, 0, 0, 275000, 275000
2015, RAJASTHAN, 8, GANGANAGAR, 91, RAISINGHNAGAR, 1261, KIKARWALI, 37877, 1091983, Roads, 0, 0, 0, 0, 0, 0, 254047, 254047
2015, RAJASTHAN, 8, GANGANAGAR, 91, RAISINGHNAGAR, 1261, KIKARWALI, 37877, 1091983, Total, 0, 0, 0, 0, 0, 0, 529047, 529047
2015, RAJASTHAN, 8, GANGANAGAR, 91, RAISINGHNAGAR, 1261, LAKHAHAKAM, 37878, 1167411, Roads, 0, 0, 0, 0, 0, 0, 138100, 138100
2015, RAJASTHAN, 8, GANGANAGAR, 91, RAISINGHNAGAR, 1261, LAKHAHAKAM, 37878, 1167411, Total, 0, 0, 0, 0, 0, 0, 138100, 138100
2015, RAJASTHAN, 8, GANGANAGAR, 91, RAISINGHNAGAR, 1261, LIKHMEWALA, 37880, 1167416, Roads, 0, 0, 0, 0, 0, 0, 303500, 303500
2015, RAJASTHAN, 8, GANGANAGAR, 91, RAISINGHNAGAR, 1261, LIKHMEWALA, 37880, 1167416, Total, 0, 0, 0, 0, 0, 0, 303500, 303500
2015, RAJASTHAN, 8, GANGANAGAR, 91, RAISINGHNAGAR, 1261, LUHARA, 37881, 1167419, Drinking water, 0, 0, 0, 0, 0, 0, 99745, 99745
2015, RAJASTHAN, 8, GANGANAGAR, 91, RAISINGHNAGAR, 1261, LUHARA, 37881, 1167419, Total, 0, 0, 0, 0, 0, 0, 99745, 99745
2015, RAJASTHAN, 8, GANGANAGAR, 91, RAISINGHNAGAR, 1261, MALSAR, 37882, 1167423, Roads, 0, 0, 0, 0, 0, 0, 499400, 499400
2015, RAJASTHAN, 8, GANGANAGAR, 91, RAISINGHNAGAR, 1261, MALSAR, 37882, 1167423, Total, 0, 0, 0, 0, 0, 0, 517400, 517400
2015, RAJASTHAN, 8, GANGANAGAR, 91, RAISINGHNAGAR, 1261, MALSAR, 37882, 1167423, Water Conservation, 0, 0, 0, 0, 0, 0, 18000, 18000
2015, RAJASTHAN, 8, GANGANAGAR, 91, RAISINGHNAGAR, 1261, MOKAMWALA, 37883, 1183371, Roads, 0, 0, 0, 0, 0, 0, 499400, 499400
2015, RAJASTHAN, 8, GANGANAGAR, 91, RAISINGHNAGAR, 1261, MOKAMWALA, 37883, 1183371, Total, 0, 0, 0, 0, 0, 0, 517400, 517400
2015, RAJASTHAN, 8, GANGANAGAR, 91, RAISINGHNAGAR, 1261, MOKAMWALA, 37883, 1183371, Water Conservation, 0, 0, 0, 0, 0, 0, 18000, 18000
2015, RAJASTHAN, 8, GANGANAGAR, 91, RAISINGHNAGAR, 1261, MUKLAWA, 37884, 1091995, Roads, 0, 0, 0, 0, 0, 0, 532600, 532600
2015, RAJASTHAN, 8, GANGANAGAR, 91, RAISINGHNAGAR, 1261, MUKLAWA, 37884, 1091995, Total, 0, 0, 0, 0, 0, 0, 532600, 532600
2015, RAJASTHAN, 8, GANGANAGAR, 91, RAISINGHNAGAR, 1261, NANUWALA, 37885, 1092064, Drinking water, 0, 0, 0, 0, 0, 0, 235600, 235600
2015, RAJASTHAN, 8, GANGANAGAR, 91, RAISINGHNAGAR, 1261, NANUWALA, 37885, 1092064, Total, 0, 0, 0, 0, 0, 0, 235600, 235600
2015, RAJASTHAN, 8, GANGANAGAR, 91, RAISINGHNAGAR, 1261, SAMEJA, 37886, 1092182, Education, 0, 0, 0, 0, 0, 0, 1032300, 1032300
2015, RAJASTHAN, 8, GANGANAGAR, 91, RAISINGHNAGAR, 1261, SAMEJA, 37886, 1092182, Total, 0, 0, 0, 0, 0, 0, 1070400, 1070400
2015, RAJASTHAN, 8, GANGANAGAR, 91, RAISINGHNAGAR, 1261, SAMEJA, 37886, 1092182, Women and child development, 0, 0, 0, 0, 0, 0, 38100, 38100
2015, RAJASTHAN, 8, GANGANAGAR, 91, RAISINGHNAGAR, 1261, SANGRANA, 37887, 1092193, Drinking water, 0, 0, 0, 0, 0, 0, 225400, 225400
2015, RAJASTHAN, 8, GANGANAGAR, 91, RAISINGHNAGAR, 1261, SANGRANA, 37887, 1092193, Roads, 0, 0, 0, 0, 0, 0, 999600, 999600
2015, RAJASTHAN, 8, GANGANAGAR, 91, RAISINGHNAGAR, 1261, SANGRANA, 37887, 1092193, Total, 0, 0, 0, 0, 0, 0, 1225000, 1225000
2015, RAJASTHAN, 8, GANGANAGAR, 91, RAISINGHNAGAR, 1261, SARDARPURA BIKA, 37879, 1174801, Roads, 0, 0, 0, 0, 0, 0, 607700, 607700
2015, RAJASTHAN, 8, GANGANAGAR, 91, RAISINGHNAGAR, 1261, SARDARPURA BIKA, 37879, 1174801, Total, 0, 0, 0, 0, 0, 0, 607700, 607700
2015, RAJASTHAN, 8, GANGANAGAR, 91, RAISINGHNAGAR, 1261, SATJANDA, 37889, 1167435, Roads, 0, 0, 0, 0, 0, 0, 443000, 443000
2015, RAJASTHAN, 8, GANGANAGAR, 91, RAISINGHNAGAR, 1261, SATJANDA, 37889, 1167435, Total, 0, 0, 0, 0, 0, 0, 468000, 468000
2015, RAJASTHAN, 8, GANGANAGAR, 91, RAISINGHNAGAR, 1261, SATJANDA, 37889, 1167435, Water Conservation, 0, 0, 0, 0, 0, 0, 25000, 25000
2015, RAJASTHAN, 8, GANGANAGAR, 91, RAISINGHNAGAR, 1261, SAWANTSAR, 37888, 1167440, Roads, 0, 0, 0, 0, 0, 0, 643400, 643400
2015, RAJASTHAN, 8, GANGANAGAR, 91, RAISINGHNAGAR, 1261, SAWANTSAR, 37888, 1167440, Total, 0, 0, 0, 0, 0, 0, 643400, 643400
2015, RAJASTHAN, 8, GANGANAGAR, 91, RAISINGHNAGAR, 1261, SHYAMGARH, 37890, 1167514, Drinking water, 0, 0, 0, 0, 0, 0, 141000, 141000
2015, RAJASTHAN, 8, GANGANAGAR, 91, RAISINGHNAGAR, 1261, SHYAMGARH, 37890, 1167514, Education, 0, 0, 0, 0, 0, 0, 125400, 125400
2015, RAJASTHAN, 8, GANGANAGAR, 91, RAISINGHNAGAR, 1261, SHYAMGARH, 37890, 1167514, Health, 0, 0, 0, 0, 0, 0, 215000, 215000
2015, RAJASTHAN, 8, GANGANAGAR, 91, RAISINGHNAGAR, 1261, SHYAMGARH, 37890, 1167514, Sanitation, 0, 0, 0, 0, 0, 0, 111400, 111400
2015, RAJASTHAN, 8, GANGANAGAR, 91, RAISINGHNAGAR, 1261, SHYAMGARH, 37890, 1167514, Total, 0, 0, 0, 0, 0, 0, 592800, 592800
2015, RAJASTHAN, 8, GANGANAGAR, 91, RAISINGHNAGAR, 1261, THAKRI, 37891, 1167441, Roads, 0, 0, 0, 0, 0, 0, 994200, 994200
2015, RAJASTHAN, 8, GANGANAGAR, 91, RAISINGHNAGAR, 1261, THAKRI, 37891, 1167441, Total, 0, 0, 0, 0, 0, 0, 994200, 994200
2015, RAJASTHAN, 8, GANGANAGAR, 91, RAISINGHNAGAR, 1261, THANDEWALA, 37892, 1092005, Roads, 0, 0, 0, 0, 0, 0, 526900, 526900
2015, RAJASTHAN, 8, GANGANAGAR, 91, RAISINGHNAGAR, 1261, THANDEWALA, 37892, 1092005, Total, 0, 0, 0, 0, 0, 0, 526900, 526900
2015, RAJASTHAN, 8, GANGANAGAR, 91, RAISINGHNAGAR, 1261, THANDI, 37893, 1092024, Drinking water, 0, 0, 0, 0, 0, 0, 591200, 591200
2015, RAJASTHAN, 8, GANGANAGAR, 91, RAISINGHNAGAR, 1261, THANDI, 37893, 1092024, Total, 0, 0, 0, 0, 0, 0, 591200, 591200
2015, RAJASTHAN, 8, GANGANAGAR, 91, RAISINGHNAGAR, 1261, UDSAR, 37894, 1092137, Drinking water, 0, 0, 0, 0, 0, 0, 848500, 848500
2015, RAJASTHAN, 8, GANGANAGAR, 91, RAISINGHNAGAR, 1261, UDSAR, 37894, 1092137, Total, 0, 0, 0, 0, 0, 0, 848500, 848500
2015, RAJASTHAN, 8, GANGANAGAR, 91, SADULSHAHAR, 1262, 15 SPM, 37903, 1091761, Drinking water, 0, 0, 0, 0, 0, 0, 490000, 490000
2015, RAJASTHAN, 8, GANGANAGAR, 91, SADULSHAHAR, 1262, 15 SPM, 37903, 1091761, Social welfare, 0, 0, 0, 0, 0, 0, 83531, 83531
2015, RAJASTHAN, 8, GANGANAGAR, 91, SADULSHAHAR, 1262, 15 SPM, 37903, 1091761, Total, 0, 0, 0, 0, 0, 0, 573531, 573531
2015, RAJASTHAN, 8, GANGANAGAR, 91, SADULSHAHAR, 1262, 2 LLG, 262757, 1187234, Drinking water, 0, 0, 0, 0, 0, 0, 420852, 420852
2015, RAJASTHAN, 8, GANGANAGAR, 91, SADULSHAHAR, 1262, 2 LLG, 262757, 1187234, Total, 0, 0, 0, 0, 0, 0, 420852, 420852
2015, RAJASTHAN, 8, GANGANAGAR, 91, SADULSHAHAR, 1262, ALIPURA, 37896, 1091718, Roads, 0, 0, 0, 0, 0, 0, 1358584, 1358584
2015, RAJASTHAN, 8, GANGANAGAR, 91, SADULSHAHAR, 1262, ALIPURA, 37896, 1091718, Total, 0, 0, 0, 0, 0, 0, 1358584, 1358584
2015, RAJASTHAN, 8, GANGANAGAR, 91, SADULSHAHAR, 1262, BAHRAMPURA  BODLA, 37897, 1091184, Drinking water, 0, 0, 0, 0, 0, 0, 346958, 346958
2015, RAJASTHAN, 8, GANGANAGAR, 91, SADULSHAHAR, 1262, BAHRAMPURA  BODLA, 37897, 1091184, Total, 0, 0, 0, 0, 0, 0, 346958, 346958
2015, RAJASTHAN, 8, GANGANAGAR, 91, SADULSHAHAR, 1262, BANWALI, 37898, 1091180, Roads, 0, 0, 0, 0, 0, 0, 867600, 867600
2015, RAJASTHAN, 8, GANGANAGAR, 91, SADULSHAHAR, 1262, BANWALI, 37898, 1091180, Total, 0, 0, 0, 0, 0, 0, 867600, 867600
2015, RAJASTHAN, 8, GANGANAGAR, 91, SADULSHAHAR, 1262, BHAGSAR, 37899, 1091429, Maintenance of community system, 0, 0, 0, 0, 0, 0, 490500, 490500
2015, RAJASTHAN, 8, GANGANAGAR, 91, SADULSHAHAR, 1262, BHAGSAR, 37899, 1091429, Roads, 0, 0, 0, 0, 0, 0, 683245, 683245
2015, RAJASTHAN, 8, GANGANAGAR, 91, SADULSHAHAR, 1262, BHAGSAR, 37899, 1091429, Total, 0, 0, 0, 0, 0, 0, 1173745, 1173745
2015, RAJASTHAN, 8, GANGANAGAR, 91, SADULSHAHAR, 1262, BUDHERWALI, 37900, 1091182, Roads, 0, 0, 0, 0, 0, 0, 1124835, 1124835
2015, RAJASTHAN, 8, GANGANAGAR, 91, SADULSHAHAR, 1262, BUDHERWALI, 37900, 1091182, Total, 0, 0, 0, 0, 0, 0, 1124835, 1124835
2015, RAJASTHAN, 8, GANGANAGAR, 91, SADULSHAHAR, 1262, CHAK MAHARAJKA, 37901, 1091688, Drinking water, 0, 0, 0, 0, 0, 0, 181323, 181323
2015, RAJASTHAN, 8, GANGANAGAR, 91, SADULSHAHAR, 1262, CHAK MAHARAJKA, 37901, 1091688, Roads, 0, 0, 0, 0, 0, 0, 724127, 724127
2015, RAJASTHAN, 8, GANGANAGAR, 91, SADULSHAHAR, 1262, CHAK MAHARAJKA, 37901, 1091688, Total, 0, 0, 0, 0, 0, 0, 905450, 905450
2015, RAJASTHAN, 8, GANGANAGAR, 91, SADULSHAHAR, 1262, CHHAPANWALI, 37902, 1091772, Roads, 0, 0, 0, 0, 0, 0, 909718, 909718
2015, RAJASTHAN, 8, GANGANAGAR, 91, SADULSHAHAR, 1262, CHHAPANWALI, 37902, 1091772, Total, 0, 0, 0, 0, 0, 0, 909718, 909718
2015, RAJASTHAN, 8, GANGANAGAR, 91, SADULSHAHAR, 1262, DHARAMSINGHWALA, 37904, 1091190, Roads, 0, 0, 0, 0, 0, 0, 619772, 619772
2015, RAJASTHAN, 8, GANGANAGAR, 91, SADULSHAHAR, 1262, DHARAMSINGHWALA, 37904, 1091190, Total, 0, 0, 0, 0, 0, 0, 619772, 619772
2015, RAJASTHAN, 8, GANGANAGAR, 91, SADULSHAHAR, 1262, DUNGARSINGHPURA, 37905, 1091441, Roads, 0, 0, 0, 0, 0, 0, 505939, 505939
2015, RAJASTHAN, 8, GANGANAGAR, 91, SADULSHAHAR, 1262, DUNGARSINGHPURA, 37905, 1091441, Sanitation, 0, 0, 0, 0, 0, 0, 146170, 146170
2015, RAJASTHAN, 8, GANGANAGAR, 91, SADULSHAHAR, 1262, DUNGARSINGHPURA, 37905, 1091441, Total, 0, 0, 0, 0, 0, 0, 652109, 652109
2015, RAJASTHAN, 8, GANGANAGAR, 91, SADULSHAHAR, 1262, GADDAR KHERA, 37906, 1091723, Roads, 0, 0, 0, 0, 0, 0, 1742804, 1742804
2015, RAJASTHAN, 8, GANGANAGAR, 91, SADULSHAHAR, 1262, GADDAR KHERA, 37906, 1091723, Sanitation, 0, 0, 0, 0, 0, 0, 182300, 182300
2015, RAJASTHAN, 8, GANGANAGAR, 91, SADULSHAHAR, 1262, GADDAR KHERA, 37906, 1091723, Total, 0, 0, 0, 0, 0, 0, 1925104, 1925104
2015, RAJASTHAN, 8, GANGANAGAR, 91, SADULSHAHAR, 1262, GANESHGARH, 37907, 1091727, Drinking water, 0, 0, 0, 0, 0, 0, 358406, 358406
2015, RAJASTHAN, 8, GANGANAGAR, 91, SADULSHAHAR, 1262, GANESHGARH, 37907, 1091727, Roads, 0, 0, 0, 0, 0, 0, 305690, 305690
2015, RAJASTHAN, 8, GANGANAGAR, 91, SADULSHAHAR, 1262, GANESHGARH, 37907, 1091727, Total, 0, 0, 0, 0, 0, 0, 664096, 664096
2015, RAJASTHAN, 8, GANGANAGAR, 91, SADULSHAHAR, 1262, HAKMABAD, 37908, 1091171, Roads, 0, 0, 0, 0, 0, 0, 535931, 535931
2015, RAJASTHAN, 8, GANGANAGAR, 91, SADULSHAHAR, 1262, HAKMABAD, 37908, 1091171, Total, 0, 0, 0, 0, 0, 0, 535931, 535931
2015, RAJASTHAN, 8, GANGANAGAR, 91, SADULSHAHAR, 1262, KARADWALA, 37909, 1091779, Roads, 0, 0, 0, 0, 0, 0, 991394, 991394
2015, RAJASTHAN, 8, GANGANAGAR, 91, SADULSHAHAR, 1262, KARADWALA, 37909, 1091779, Total, 0, 0, 0, 0, 0, 0, 991394, 991394
2015, RAJASTHAN, 8, GANGANAGAR, 91, SADULSHAHAR, 1262, KHAT SAJWAR, 37911, 1091188, Roads, 0, 0, 0, 0, 0, 0, 830711, 830711
2015, RAJASTHAN, 8, GANGANAGAR, 91, SADULSHAHAR, 1262, KHAT SAJWAR, 37911, 1091188, Total, 0, 0, 0, 0, 0, 0, 830711, 830711
2015, RAJASTHAN, 8, GANGANAGAR, 91, SADULSHAHAR, 1262, KHERUWALA, 37910, 1091186, Roads, 0, 0, 0, 0, 0, 0, 433777, 433777
2015, RAJASTHAN, 8, GANGANAGAR, 91, SADULSHAHAR, 1262, KHERUWALA, 37910, 1091186, Total, 0, 0, 0, 0, 0, 0, 433777, 433777
2015, RAJASTHAN, 8, GANGANAGAR, 91, SADULSHAHAR, 1262, KILANWALI, 37912, 1091173, Roads, 0, 0, 0, 0, 0, 0, 817735, 817735
2015, RAJASTHAN, 8, GANGANAGAR, 91, SADULSHAHAR, 1262, KILANWALI, 37912, 1091173, Total, 0, 0, 0, 0, 0, 0, 817735, 817735
2015, RAJASTHAN, 8, GANGANAGAR, 91, SADULSHAHAR, 1262, LADHUWALA, 37913, 1091729, Roads, 0, 0, 0, 0, 0, 0, 973246, 973246
2015, RAJASTHAN, 8, GANGANAGAR, 91, SADULSHAHAR, 1262, LADHUWALA, 37913, 1091729, Total, 0, 0, 0, 0, 0, 0, 973246, 973246
2015, RAJASTHAN, 8, GANGANAGAR, 91, SADULSHAHAR, 1262, LALGARH JATAN, 37914, 1092400, Drinking water, 0, 0, 0, 0, 0, 0, 1742485, 1742485
2015, RAJASTHAN, 8, GANGANAGAR, 91, SADULSHAHAR, 1262, LALGARH JATAN, 37914, 1092400, Roads, 0, 0, 0, 0, 0, 0, 2105409, 2105409
2015, RAJASTHAN, 8, GANGANAGAR, 91, SADULSHAHAR, 1262, LALGARH JATAN, 37914, 1092400, Sanitation, 0, 0, 0, 0, 0, 0, 1576187, 1576187
2015, RAJASTHAN, 8, GANGANAGAR, 91, SADULSHAHAR, 1262, LALGARH JATAN, 37914, 1092400, Total, 0, 0, 0, 0, 0, 0, 5424081, 5424081
2015, RAJASTHAN, 8, GANGANAGAR, 91, SADULSHAHAR, 1262, MAMMAR KHERA, 37916, 1091179, Drinking water, 0, 0, 0, 0, 0, 0, 215000, 215000
2015, RAJASTHAN, 8, GANGANAGAR, 91, SADULSHAHAR, 1262, MAMMAR KHERA, 37916, 1091179, Maintenance of community system, 0, 0, 0, 0, 0, 0, 61318, 61318
2015, RAJASTHAN, 8, GANGANAGAR, 91, SADULSHAHAR, 1262, MAMMAR KHERA, 37916, 1091179, Total, 0, 0, 0, 0, 0, 0, 276318, 276318
2015, RAJASTHAN, 8, GANGANAGAR, 91, SADULSHAHAR, 1262, MANNIWALI, 37918, 1091175, Drinking water, 0, 0, 0, 0, 0, 0, 141000, 141000
2015, RAJASTHAN, 8, GANGANAGAR, 91, SADULSHAHAR, 1262, MANNIWALI, 37918, 1091175, Roads, 0, 0, 0, 0, 0, 0, 599053, 599053
2015, RAJASTHAN, 8, GANGANAGAR, 91, SADULSHAHAR, 1262, MANNIWALI, 37918, 1091175, Total, 0, 0, 0, 0, 0, 0, 740053, 740053
2015, RAJASTHAN, 8, GANGANAGAR, 91, SADULSHAHAR, 1262, MANPHOOLSINGHWALA, 37917, 1091763, Drinking water, 0, 0, 0, 0, 0, 0, 224486, 224486
2015, RAJASTHAN, 8, GANGANAGAR, 91, SADULSHAHAR, 1262, MANPHOOLSINGHWALA, 37917, 1091763, Social welfare, 0, 0, 0, 0, 0, 0, 106825, 106825
2015, RAJASTHAN, 8, GANGANAGAR, 91, SADULSHAHAR, 1262, MANPHOOLSINGHWALA, 37917, 1091763, Total, 0, 0, 0, 0, 0, 0, 331311, 331311
2015, RAJASTHAN, 8, GANGANAGAR, 91, SADULSHAHAR, 1262, MORJAND KHARI, 37919, 1091178, Drinking water, 0, 0, 0, 0, 0, 0, 329274, 329274
2015, RAJASTHAN, 8, GANGANAGAR, 91, SADULSHAHAR, 1262, MORJAND KHARI, 37919, 1091178, Maintenance of community system, 0, 0, 0, 0, 0, 0, 405000, 405000
2015, RAJASTHAN, 8, GANGANAGAR, 91, SADULSHAHAR, 1262, MORJAND KHARI, 37919, 1091178, Roads, 0, 0, 0, 0, 0, 0, 337000, 337000
2015, RAJASTHAN, 8, GANGANAGAR, 91, SADULSHAHAR, 1262, MORJAND KHARI, 37919, 1091178, Total, 0, 0, 0, 0, 0, 0, 1071274, 1071274
2015, RAJASTHAN, 8, GANGANAGAR, 91, SADULSHAHAR, 1262, NARAYANGARH, 37920, 1091699, Roads, 0, 0, 0, 0, 0, 0, 504155, 504155
2015, RAJASTHAN, 8, GANGANAGAR, 91, SADULSHAHAR, 1262, NARAYANGARH, 37920, 1091699, Social welfare, 0, 0, 0, 0, 0, 0, 186404, 186404
2015, RAJASTHAN, 8, GANGANAGAR, 91, SADULSHAHAR, 1262, NARAYANGARH, 37920, 1091699, Total, 0, 0, 0, 0, 0, 0, 690559, 690559
2015, RAJASTHAN, 8, GANGANAGAR, 91, SADULSHAHAR, 1262, NOORPURA, 37921, 1091701, Drinking water, 0, 0, 0, 0, 0, 0, 61395, 61395
2015, RAJASTHAN, 8, GANGANAGAR, 91, SADULSHAHAR, 1262, NOORPURA, 37921, 1091701, Roads, 0, 0, 0, 0, 0, 0, 227000, 227000
2015, RAJASTHAN, 8, GANGANAGAR, 91, SADULSHAHAR, 1262, NOORPURA, 37921, 1091701, Total, 0, 0, 0, 0, 0, 0, 288395, 288395
2015, RAJASTHAN, 8, GANGANAGAR, 91, SADULSHAHAR, 1262, PANNIWALI, 37922, 1091435, Drinking water, 0, 0, 0, 0, 0, 0, 10205, 10205
2015, RAJASTHAN, 8, GANGANAGAR, 91, SADULSHAHAR, 1262, PANNIWALI, 37922, 1091435, Sanitation, 0, 0, 0, 0, 0, 0, 14398, 14398
2015, RAJASTHAN, 8, GANGANAGAR, 91, SADULSHAHAR, 1262, PANNIWALI, 37922, 1091435, Total, 0, 0, 0, 0, 0, 0, 24603, 24603
2015, RAJASTHAN, 8, GANGANAGAR, 91, SADULSHAHAR, 1262, ROTANWALI, 37923, 1091437, Roads, 0, 0, 0, 0, 0, 0, 1275395, 1275395
2015, RAJASTHAN, 8, GANGANAGAR, 91, SADULSHAHAR, 1262, ROTANWALI, 37923, 1091437, Total, 0, 0, 0, 0, 0, 0, 1275395, 1275395
2015, RAJASTHAN, 8, GANGANAGAR, 91, SADULSHAHAR, 1262, SARDARPURA JIVAN, 37924, 1091439, Roads, 0, 0, 0, 0, 0, 0, 885144, 885144
2015, RAJASTHAN, 8, GANGANAGAR, 91, SADULSHAHAR, 1262, SARDARPURA JIVAN, 37924, 1091439, Total, 0, 0, 0, 0, 0, 0, 885144, 885144
2015, RAJASTHAN, 8, GANGANAGAR, 91, SADULSHAHAR, 1262, TAKHARANWALI, 37925, 1091695, Roads, 0, 0, 0, 0, 0, 0, 1085161, 1085161
2015, RAJASTHAN, 8, GANGANAGAR, 91, SADULSHAHAR, 1262, TAKHARANWALI, 37925, 1091695, Total, 0, 0, 0, 0, 0, 0, 1085161, 1085161
2015, RAJASTHAN, 8, GANGANAGAR, 91, SADULSHAHAR, 1262, TAKHAT HJARA, 37926, 1091692, Roads, 0, 0, 0, 0, 0, 0, 1124900, 1124900
2015, RAJASTHAN, 8, GANGANAGAR, 91, SADULSHAHAR, 1262, TAKHAT HJARA, 37926, 1091692, Total, 0, 0, 0, 0, 0, 0, 1124900, 1124900
2015, RAJASTHAN, 8, GANGANAGAR, 91, SURATGARH, 1263, 1 LM, 262893, 1086960, Maintenance of community system, 0, 0, 0, 0, 0, 0, 248200, 248200
2015, RAJASTHAN, 8, GANGANAGAR, 91, SURATGARH, 1263, 1 LM, 262893, 1086960, Roads, 0, 0, 0, 0, 0, 0, 649300, 649300
2015, RAJASTHAN, 8, GANGANAGAR, 91, SURATGARH, 1263, 1 LM, 262893, 1086960, Total, 0, 0, 0, 0, 0, 0, 897500, 897500
2015, RAJASTHAN, 8, GANGANAGAR, 91, SURATGARH, 1263, 13 SD, 37927, 1087010, Roads, 0, 0, 0, 0, 0, 0, 961600, 961600
2015, RAJASTHAN, 8, GANGANAGAR, 91, SURATGARH, 1263, 13 SD, 37927, 1087010, Total, 0, 0, 0, 0, 0, 0, 961600, 961600
2015, RAJASTHAN, 8, GANGANAGAR, 91, SURATGARH, 1263, 17 STB PALI WALA, 262740, 1087047, Roads, 0, 0, 0, 0, 0, 0, 776724, 776724
2015, RAJASTHAN, 8, GANGANAGAR, 91, SURATGARH, 1263, 17 STB PALI WALA, 262740, 1087047, Total, 0, 0, 0, 0, 0, 0, 776724, 776724
2015, RAJASTHAN, 8, GANGANAGAR, 91, SURATGARH, 1263, 4 KSR SHYUPURA, 262726, 1087082, Maintenance of community system, 0, 0, 0, 0, 0, 0, 48400, 48400
2015, RAJASTHAN, 8, GANGANAGAR, 91, SURATGARH, 1263, 4 KSR SHYUPURA, 262726, 1087082, Roads, 0, 0, 0, 0, 0, 0, 1494958, 1494958
2015, RAJASTHAN, 8, GANGANAGAR, 91, SURATGARH, 1263, 4 KSR SHYUPURA, 262726, 1087082, Social welfare, 0, 0, 0, 0, 0, 0, 499803, 499803
2015, RAJASTHAN, 8, GANGANAGAR, 91, SURATGARH, 1263, 4 KSR SHYUPURA, 262726, 1087082, Total, 0, 0, 0, 0, 0, 0, 2043161, 2043161
2015, RAJASTHAN, 8, GANGANAGAR, 91, SURATGARH, 1263, 7 SGM, 262613, 1172206, Roads, 0, 0, 0, 0, 0, 0, 1597002, 1597002
2015, RAJASTHAN, 8, GANGANAGAR, 91, SURATGARH, 1263, 7 SGM, 262613, 1172206, Social welfare, 0, 0, 0, 0, 0, 0, 1149341, 1149341
2015, RAJASTHAN, 8, GANGANAGAR, 91, SURATGARH, 1263, 7 SGM, 262613, 1172206, Total, 0, 0, 0, 0, 0, 0, 2746343, 2746343
2015, RAJASTHAN, 8, GANGANAGAR, 91, SURATGARH, 1263, 8 SHPD, 37928, 1172292, Roads, 0, 0, 0, 0, 0, 0, 999144, 999144
2015, RAJASTHAN, 8, GANGANAGAR, 91, SURATGARH, 1263, 8 SHPD, 37928, 1172292, Social welfare, 0, 0, 0, 0, 0, 0, 1094808, 1094808
2015, RAJASTHAN, 8, GANGANAGAR, 91, SURATGARH, 1263, 8 SHPD, 37928, 1172292, Total, 0, 0, 0, 0, 0, 0, 2093952, 2093952
2015, RAJASTHAN, 8, GANGANAGAR, 91, SURATGARH, 1263, BAKHTAWARPURA, 37929, 1172209, Roads, 0, 0, 0, 0, 0, 0, 2229168, 2229168
2015, RAJASTHAN, 8, GANGANAGAR, 91, SURATGARH, 1263, BAKHTAWARPURA, 37929, 1172209, Total, 0, 0, 0, 0, 0, 0, 2229168, 2229168
2015, RAJASTHAN, 8, GANGANAGAR, 91, SURATGARH, 1263, BHAGWANGARH, 37930, 1172213, Roads, 0, 0, 0, 0, 0, 0, 995012, 995012
2015, RAJASTHAN, 8, GANGANAGAR, 91, SURATGARH, 1263, BHAGWANGARH, 37930, 1172213, Social welfare, 0, 0, 0, 0, 0, 0, 999212, 999212
2015, RAJASTHAN, 8, GANGANAGAR, 91, SURATGARH, 1263, BHAGWANGARH, 37930, 1172213, Total, 0, 0, 0, 0, 0, 0, 1994224, 1994224
2015, RAJASTHAN, 8, GANGANAGAR, 91, SURATGARH, 1263, BHAGWANSAR, 37931, 1089413, Drinking water, 0, 0, 0, 0, 0, 0, 995400, 995400
2015, RAJASTHAN, 8, GANGANAGAR, 91, SURATGARH, 1263, BHAGWANSAR, 37931, 1089413, Roads, 0, 0, 0, 0, 0, 0, 5304811, 5304811
2015, RAJASTHAN, 8, GANGANAGAR, 91, SURATGARH, 1263, BHAGWANSAR, 37931, 1089413, Social welfare, 0, 0, 0, 0, 0, 0, 205800, 205800
2015, RAJASTHAN, 8, GANGANAGAR, 91, SURATGARH, 1263, BHAGWANSAR, 37931, 1089413, Total, 0, 0, 0, 0, 0, 0, 6768811, 6768811
2015, RAJASTHAN, 8, GANGANAGAR, 91, SURATGARH, 1263, BHAGWANSAR, 37931, 1089413, Water Conservation, 0, 0, 0, 0, 0, 0, 262800, 262800
2015, RAJASTHAN, 8, GANGANAGAR, 91, SURATGARH, 1263, BHERUPURA, 37932, 1172217, Roads, 0, 0, 0, 0, 0, 0, 998803, 998803
2015, RAJASTHAN, 8, GANGANAGAR, 91, SURATGARH, 1263, BHERUPURA, 37932, 1172217, Social welfare, 0, 0, 0, 0, 0, 0, 1699405, 1699405
2015, RAJASTHAN, 8, GANGANAGAR, 91, SURATGARH, 1263, BHERUPURA, 37932, 1172217, Total, 0, 0, 0, 0, 0, 0, 2698208, 2698208
2015, RAJASTHAN, 8, GANGANAGAR, 91, SURATGARH, 1263, BHOJE WALA, 37933, 1089425, Drinking water, 0, 0, 0, 0, 0, 0, 46600, 46600
2015, RAJASTHAN, 8, GANGANAGAR, 91, SURATGARH, 1263, BHOJE WALA, 37933, 1089425, Roads, 0, 0, 0, 0, 0, 0, 315000, 315000
2015, RAJASTHAN, 8, GANGANAGAR, 91, SURATGARH, 1263, BHOJE WALA, 37933, 1089425, Social welfare, 0, 0, 0, 0, 0, 0, 596000, 596000
2015, RAJASTHAN, 8, GANGANAGAR, 91, SURATGARH, 1263, BHOJE WALA, 37933, 1089425, Total, 0, 0, 0, 0, 0, 0, 957600, 957600
2015, RAJASTHAN, 8, GANGANAGAR, 91, SURATGARH, 1263, BIRMANA, 37934, 1089426, Roads, 0, 0, 0, 0, 0, 0, 2444600, 2444600
2015, RAJASTHAN, 8, GANGANAGAR, 91, SURATGARH, 1263, BIRMANA, 37934, 1089426, Total, 0, 0, 0, 0, 0, 0, 2444600, 2444600
2015, RAJASTHAN, 8, GANGANAGAR, 91, SURATGARH, 1263, DAIDASPURA, 37936, 1089429, Drinking water, 0, 0, 0, 0, 0, 0, 200600, 200600
2015, RAJASTHAN, 8, GANGANAGAR, 91, SURATGARH, 1263, DAIDASPURA, 37936, 1089429, Roads, 0, 0, 0, 0, 0, 0, 885700, 885700
2015, RAJASTHAN, 8, GANGANAGAR, 91, SURATGARH, 1263, DAIDASPURA, 37936, 1089429, Social welfare, 0, 0, 0, 0, 0, 0, 99100, 99100
2015, RAJASTHAN, 8, GANGANAGAR, 91, SURATGARH, 1263, DAIDASPURA, 37936, 1089429, Total, 0, 0, 0, 0, 0, 0, 1185400, 1185400
2015, RAJASTHAN, 8, GANGANAGAR, 91, SURATGARH, 1263, DHABAN, 37935, 1089430, Roads, 0, 0, 0, 0, 0, 0, 1049000, 1049000
2015, RAJASTHAN, 8, GANGANAGAR, 91, SURATGARH, 1263, DHABAN, 37935, 1089430, Social welfare, 0, 0, 0, 0, 0, 0, 649300, 649300
2015, RAJASTHAN, 8, GANGANAGAR, 91, SURATGARH, 1263, DHABAN, 37935, 1089430, Total, 0, 0, 0, 0, 0, 0, 1698300, 1698300
2015, RAJASTHAN, 8, GANGANAGAR, 91, SURATGARH, 1263, EATA, 262746, 1172219, Roads, 0, 0, 0, 0, 0, 0, 1428241, 1428241
2015, RAJASTHAN, 8, GANGANAGAR, 91, SURATGARH, 1263, EATA, 262746, 1172219, Social welfare, 0, 0, 0, 0, 0, 0, 430000, 430000
2015, RAJASTHAN, 8, GANGANAGAR, 91, SURATGARH, 1263, EATA, 262746, 1172219, Total, 0, 0, 0, 0, 0, 0, 1858241, 1858241
2015, RAJASTHAN, 8, GANGANAGAR, 91, SURATGARH, 1263, FARIDSAR, 37937, 1089432, Drinking water, 0, 0, 0, 0, 0, 0, 627300, 627300
2015, RAJASTHAN, 8, GANGANAGAR, 91, SURATGARH, 1263, FARIDSAR, 37937, 1089432, Total, 0, 0, 0, 0, 0, 0, 627300, 627300
2015, RAJASTHAN, 8, GANGANAGAR, 91, SURATGARH, 1263, GHAMNDIYA, 37938, 1172220, Roads, 0, 0, 0, 0, 0, 0, 1199172, 1199172
2015, RAJASTHAN, 8, GANGANAGAR, 91, SURATGARH, 1263, GHAMNDIYA, 37938, 1172220, Social welfare, 0, 0, 0, 0, 0, 0, 1195877, 1195877
2015, RAJASTHAN, 8, GANGANAGAR, 91, SURATGARH, 1263, GHAMNDIYA, 37938, 1172220, Total, 0, 0, 0, 0, 0, 0, 2395049, 2395049
2015, RAJASTHAN, 8, GANGANAGAR, 91, SURATGARH, 1263, GOPALSAR, 37939, 1172224, Roads, 0, 0, 0, 0, 0, 0, 1496486, 1496486
2015, RAJASTHAN, 8, GANGANAGAR, 91, SURATGARH, 1263, GOPALSAR, 37939, 1172224, Social welfare, 0, 0, 0, 0, 0, 0, 999693, 999693
2015, RAJASTHAN, 8, GANGANAGAR, 91, SURATGARH, 1263, GOPALSAR, 37939, 1172224, Total, 0, 0, 0, 0, 0, 0, 2496179, 2496179
2015, RAJASTHAN, 8, GANGANAGAR, 91, SURATGARH, 1263, GOVINDSAR, 37940, 1343889, Roads, 0, 0, 0, 0, 0, 0, 1499567, 1499567
2015, RAJASTHAN, 8, GANGANAGAR, 91, SURATGARH, 1263, GOVINDSAR, 37940, 1343889, Total, 0, 0, 0, 0, 0, 0, 1499567, 1499567
2015, RAJASTHAN, 8, GANGANAGAR, 91, SURATGARH, 1263, GUDLI, 37941, 1089434, Roads, 0, 0, 0, 0, 0, 0, 2408800, 2408800
2015, RAJASTHAN, 8, GANGANAGAR, 91, SURATGARH, 1263, GUDLI, 37941, 1089434, Total, 0, 0, 0, 0, 0, 0, 2408800, 2408800
2015, RAJASTHAN, 8, GANGANAGAR, 91, SURATGARH, 1263, GURUSAR MODIYA, 37942, 1089438, Drinking water, 0, 0, 0, 0, 0, 0, 225200, 225200
2015, RAJASTHAN, 8, GANGANAGAR, 91, SURATGARH, 1263, GURUSAR MODIYA, 37942, 1089438, Roads, 0, 0, 0, 0, 0, 0, 441410, 441410
2015, RAJASTHAN, 8, GANGANAGAR, 91, SURATGARH, 1263, GURUSAR MODIYA, 37942, 1089438, Total, 0, 0, 0, 0, 0, 0, 666610, 666610
2015, RAJASTHAN, 8, GANGANAGAR, 91, SURATGARH, 1263, HARDASWALI, 262682, 1172227, Social welfare, 0, 0, 0, 0, 0, 0, 2594394, 2594394
2015, RAJASTHAN, 8, GANGANAGAR, 91, SURATGARH, 1263, HARDASWALI, 262682, 1172227, Total, 0, 0, 0, 0, 0, 0, 2594394, 2594394
2015, RAJASTHAN, 8, GANGANAGAR, 91, SURATGARH, 1263, JANKIDASWALA, 37943, 1172294, Roads, 0, 0, 0, 0, 0, 0, 2114635, 2114635
2015, RAJASTHAN, 8, GANGANAGAR, 91, SURATGARH, 1263, JANKIDASWALA, 37943, 1172294, Social welfare, 0, 0, 0, 0, 0, 0, 1487608, 1487608
2015, RAJASTHAN, 8, GANGANAGAR, 91, SURATGARH, 1263, JANKIDASWALA, 37943, 1172294, Total, 0, 0, 0, 0, 0, 0, 3602243, 3602243
2015, RAJASTHAN, 8, GANGANAGAR, 91, SURATGARH, 1263, MALER, 37944, 1089439, Drinking water, 0, 0, 0, 0, 0, 0, 161800, 161800
2015, RAJASTHAN, 8, GANGANAGAR, 91, SURATGARH, 1263, MALER, 37944, 1089439, Roads, 0, 0, 0, 0, 0, 0, 372000, 372000
2015, RAJASTHAN, 8, GANGANAGAR, 91, SURATGARH, 1263, MALER, 37944, 1089439, Total, 0, 0, 0, 0, 0, 0, 533800, 533800
2015, RAJASTHAN, 8, GANGANAGAR, 91, SURATGARH, 1263, MANAKSAR, 37946, 1089440, Roads, 0, 0, 0, 0, 0, 0, 798300, 798300
2015, RAJASTHAN, 8, GANGANAGAR, 91, SURATGARH, 1263, MANAKSAR, 37946, 1089440, Total, 0, 0, 0, 0, 0, 0, 798300, 798300
2015, RAJASTHAN, 8, GANGANAGAR, 91, SURATGARH, 1263, MANEWALA, 37945, 1172233, Social welfare, 0, 0, 0, 0, 0, 0, 2197996, 2197996
2015, RAJASTHAN, 8, GANGANAGAR, 91, SURATGARH, 1263, MANEWALA, 37945, 1172233, Total, 0, 0, 0, 0, 0, 0, 2197996, 2197996
2015, RAJASTHAN, 8, GANGANAGAR, 91, SURATGARH, 1263, MOKALSAR, 37947, 1089443, Roads, 0, 0, 0, 0, 0, 0, 1382383, 1382383
2015, RAJASTHAN, 8, GANGANAGAR, 91, SURATGARH, 1263, MOKALSAR, 37947, 1089443, Social welfare, 0, 0, 0, 0, 0, 0, 804300, 804300
2015, RAJASTHAN, 8, GANGANAGAR, 91, SURATGARH, 1263, MOKALSAR, 37947, 1089443, Total, 0, 0, 0, 0, 0, 0, 2186683, 2186683
2015, RAJASTHAN, 8, GANGANAGAR, 91, SURATGARH, 1263, NIRWANA, 37948, 1172295, Roads, 0, 0, 0, 0, 0, 0, 3087844, 3087844
2015, RAJASTHAN, 8, GANGANAGAR, 91, SURATGARH, 1263, NIRWANA, 37948, 1172295, Total, 0, 0, 0, 0, 0, 0, 3087844, 3087844
2015, RAJASTHAN, 8, GANGANAGAR, 91, SURATGARH, 1263, PADAMPURA, 37949, 1089446, Drinking water, 0, 0, 0, 0, 0, 0, 777100, 777100
2015, RAJASTHAN, 8, GANGANAGAR, 91, SURATGARH, 1263, PADAMPURA, 37949, 1089446, Roads, 0, 0, 0, 0, 0, 0, 463799, 463799
2015, RAJASTHAN, 8, GANGANAGAR, 91, SURATGARH, 1263, PADAMPURA, 37949, 1089446, Total, 0, 0, 0, 0, 0, 0, 1240899, 1240899
2015, RAJASTHAN, 8, GANGANAGAR, 91, SURATGARH, 1263, RAGHUNATHPURA, 37950, 1089447, Roads, 0, 0, 0, 0, 0, 0, 3215400, 3215400
2015, RAJASTHAN, 8, GANGANAGAR, 91, SURATGARH, 1263, RAGHUNATHPURA, 37950, 1089447, Total, 0, 0, 0, 0, 0, 0, 3215400, 3215400
2015, RAJASTHAN, 8, GANGANAGAR, 91, SURATGARH, 1263, RAJIASAR STATION, 37951, 1089449, Drinking water, 0, 0, 0, 0, 0, 0, 69700, 69700
2015, RAJASTHAN, 8, GANGANAGAR, 91, SURATGARH, 1263, RAJIASAR STATION, 37951, 1089449, Roads, 0, 0, 0, 0, 0, 0, 631200, 631200
2015, RAJASTHAN, 8, GANGANAGAR, 91, SURATGARH, 1263, RAJIASAR STATION, 37951, 1089449, Social welfare, 0, 0, 0, 0, 0, 0, 188500, 188500
2015, RAJASTHAN, 8, GANGANAGAR, 91, SURATGARH, 1263, RAJIASAR STATION, 37951, 1089449, Total, 0, 0, 0, 0, 0, 0, 889400, 889400
2015, RAJASTHAN, 8, GANGANAGAR, 91, SURATGARH, 1263, RAJPURA PIPERAN, 37952, 1089453, Roads, 0, 0, 0, 0, 0, 0, 2321500, 2321500
2015, RAJASTHAN, 8, GANGANAGAR, 91, SURATGARH, 1263, RAJPURA PIPERAN, 37952, 1089453, Social welfare, 0, 0, 0, 0, 0, 0, 964800, 964800
2015, RAJASTHAN, 8, GANGANAGAR, 91, SURATGARH, 1263, RAJPURA PIPERAN, 37952, 1089453, Total, 0, 0, 0, 0, 0, 0, 3286300, 3286300
2015, RAJASTHAN, 8, GANGANAGAR, 91, SURATGARH, 1263, RAMSARA JAKHADAN, 37953, 1172252, Roads, 0, 0, 0, 0, 0, 0, 1985521, 1985521
2015, RAJASTHAN, 8, GANGANAGAR, 91, SURATGARH, 1263, RAMSARA JAKHADAN, 37953, 1172252, Social welfare, 0, 0, 0, 0, 0, 0, 988656, 988656
2015, RAJASTHAN, 8, GANGANAGAR, 91, SURATGARH, 1263, RAMSARA JAKHADAN, 37953, 1172252, Total, 0, 0, 0, 0, 0, 0, 2974177, 2974177
2015, RAJASTHAN, 8, GANGANAGAR, 91, SURATGARH, 1263, RANG  MAHAL, 37954, 1172255, Roads, 0, 0, 0, 0, 0, 0, 996192, 996192
2015, RAJASTHAN, 8, GANGANAGAR, 91, SURATGARH, 1263, RANG  MAHAL, 37954, 1172255, Social welfare, 0, 0, 0, 0, 0, 0, 998443, 998443
2015, RAJASTHAN, 8, GANGANAGAR, 91, SURATGARH, 1263, RANG  MAHAL, 37954, 1172255, Total, 0, 0, 0, 0, 0, 0, 1994635, 1994635
2015, RAJASTHAN, 8, GANGANAGAR, 91, SURATGARH, 1263, SADAKWALA, 37955, 1172258, Roads, 0, 0, 0, 0, 0, 0, 1199714, 1199714
2015, RAJASTHAN, 8, GANGANAGAR, 91, SURATGARH, 1263, SADAKWALA, 37955, 1172258, Social welfare, 0, 0, 0, 0, 0, 0, 1099764, 1099764
2015, RAJASTHAN, 8, GANGANAGAR, 91, SURATGARH, 1263, SADAKWALA, 37955, 1172258, Total, 0, 0, 0, 0, 0, 0, 2299478, 2299478
2015, RAJASTHAN, 8, GANGANAGAR, 91, SURATGARH, 1263, SANGHAR, 37956, 1172262, Roads, 0, 0, 0, 0, 0, 0, 2586359, 2586359
2015, RAJASTHAN, 8, GANGANAGAR, 91, SURATGARH, 1263, SANGHAR, 37956, 1172262, Total, 0, 0, 0, 0, 0, 0, 2586359, 2586359
2015, RAJASTHAN, 8, GANGANAGAR, 91, SURATGARH, 1263, SARDARGARH, 37957, 1089454, Drinking water, 0, 0, 0, 0, 0, 0, 81400, 81400
2015, RAJASTHAN, 8, GANGANAGAR, 91, SURATGARH, 1263, SARDARGARH, 37957, 1089454, Social welfare, 0, 0, 0, 0, 0, 0, 111700, 111700
2015, RAJASTHAN, 8, GANGANAGAR, 91, SURATGARH, 1263, SARDARGARH, 37957, 1089454, Total, 0, 0, 0, 0, 0, 0, 193100, 193100
2015, RAJASTHAN, 8, GANGANAGAR, 91, SURATGARH, 1263, SARDARPURA BIKA, 37958, 1314533, Roads, 0, 0, 0, 0, 0, 0, 1998950, 1998950
2015, RAJASTHAN, 8, GANGANAGAR, 91, SURATGARH, 1263, SARDARPURA BIKA, 37958, 1314533, Social welfare, 0, 0, 0, 0, 0, 0, 499361, 499361
2015, RAJASTHAN, 8, GANGANAGAR, 91, SURATGARH, 1263, SARDARPURA BIKA, 37958, 1314533, Total, 0, 0, 0, 0, 0, 0, 2498311, 2498311
2015, RAJASTHAN, 8, GANGANAGAR, 91, SURATGARH, 1263, SARDARPURA KHARTHA, 37959, 1172264, Roads, 0, 0, 0, 0, 0, 0, 1357301, 1357301
2015, RAJASTHAN, 8, GANGANAGAR, 91, SURATGARH, 1263, SARDARPURA KHARTHA, 37959, 1172264, Social welfare, 0, 0, 0, 0, 0, 0, 513301, 513301
2015, RAJASTHAN, 8, GANGANAGAR, 91, SURATGARH, 1263, SARDARPURA KHARTHA, 37959, 1172264, Total, 0, 0, 0, 0, 0, 0, 1870602, 1870602
2015, RAJASTHAN, 8, GANGANAGAR, 91, SURATGARH, 1263, SINGRASAR, 37960, 1172268, Roads, 0, 0, 0, 0, 0, 0, 2057050, 2057050
2015, RAJASTHAN, 8, GANGANAGAR, 91, SURATGARH, 1263, SINGRASAR, 37960, 1172268, Social welfare, 0, 0, 0, 0, 0, 0, 799861, 799861
2015, RAJASTHAN, 8, GANGANAGAR, 91, SURATGARH, 1263, SINGRASAR, 37960, 1172268, Total, 0, 0, 0, 0, 0, 0, 2856911, 2856911
2015, RAJASTHAN, 8, GANGANAGAR, 91, SURATGARH, 1263, SOMASAR, 37961, 1089455, Roads, 0, 0, 0, 0, 0, 0, 658500, 658500
2015, RAJASTHAN, 8, GANGANAGAR, 91, SURATGARH, 1263, SOMASAR, 37961, 1089455, Social welfare, 0, 0, 0, 0, 0, 0, 298000, 298000
2015, RAJASTHAN, 8, GANGANAGAR, 91, SURATGARH, 1263, SOMASAR, 37961, 1089455, Total, 0, 0, 0, 0, 0, 0, 956500, 956500
2015, RAJASTHAN, 8, GANGANAGAR, 91, SURATGARH, 1263, THETHAR, 37962, 1172270, Roads, 0, 0, 0, 0, 0, 0, 1999111, 1999111
2015, RAJASTHAN, 8, GANGANAGAR, 91, SURATGARH, 1263, THETHAR, 37962, 1172270, Total, 0, 0, 0, 0, 0, 0, 1999111, 1999111
2015, RAJASTHAN, 8, GANGANAGAR, 91, SURATGARH, 1263, THUKRANA, 37963, 1089457, Roads, 0, 0, 0, 0, 0, 0, 2697200, 2697200
2015, RAJASTHAN, 8, GANGANAGAR, 91, SURATGARH, 1263, THUKRANA, 37963, 1089457, Social welfare, 0, 0, 0, 0, 0, 0, 325000, 325000
2015, RAJASTHAN, 8, GANGANAGAR, 91, SURATGARH, 1263, THUKRANA, 37963, 1089457, Total, 0, 0, 0, 0, 0, 0, 3022200, 3022200
2015, RAJASTHAN, 8, GANGANAGAR, 91, SURATGARH, 1263, UDAYPUR, 37964, 1172272, Roads, 0, 0, 0, 0, 0, 0, 2107526, 2107526
2015, RAJASTHAN, 8, GANGANAGAR, 91, SURATGARH, 1263, UDAYPUR, 37964, 1172272, Total, 0, 0, 0, 0, 0, 0, 2107526, 2107526
2015, RAJASTHAN, 8, GANGANAGAR, 91, SURATGARH, 1263, kardoo, 262895, 1172232, Roads, 0, 0, 0, 0, 0, 0, 1680500, 1680500
2015, RAJASTHAN, 8, GANGANAGAR, 91, SURATGARH, 1263, kardoo, 262895, 1172232, Social welfare, 0, 0, 0, 0, 0, 0, 449641, 449641
2015, RAJASTHAN, 8, GANGANAGAR, 91, SURATGARH, 1263, kardoo, 262895, 1172232, Total, 0, 0, 0, 0, 0, 0, 2130141, 2130141
2015, RAJASTHAN, 8, GANGANAGAR, 91, SURATGARH, 1263, rayanwali, 262894, 1172257, Roads, 0, 0, 0, 0, 0, 0, 3107118, 3107118
2015, RAJASTHAN, 8, GANGANAGAR, 91, SURATGARH, 1263, rayanwali, 262894, 1172257, Total, 0, 0, 0, 0, 0, 0, 3107118, 3107118
2015, RAJASTHAN, 8, GANGANAGAR, 91, VIJAINAGAR, 262741, 1 GB Jaitsar, 37731, 1092113, Maintenance of community system, 0, 0, 0, 0, 0, 0, 258879, 258879
2015, RAJASTHAN, 8, GANGANAGAR, 91, VIJAINAGAR, 262741, 1 GB Jaitsar, 37731, 1092113, Roads, 0, 0, 0, 0, 0, 0, 1420253, 1420253
2015, RAJASTHAN, 8, GANGANAGAR, 91, VIJAINAGAR, 262741, 1 GB Jaitsar, 37731, 1092113, Total, 0, 0, 0, 0, 0, 0, 1679132, 1679132
2015, RAJASTHAN, 8, GANGANAGAR, 91, VIJAINAGAR, 262741, 1 MSD madhewali dhani, 262896, 1090257, Administrative & Technical Support, 0, 0, 0, 0, 0, 0, 105226, 105226
2015, RAJASTHAN, 8, GANGANAGAR, 91, VIJAINAGAR, 262741, 1 MSD madhewali dhani, 262896, 1090257, Drinking water, 0, 0, 0, 0, 0, 0, 789319, 789319
2015, RAJASTHAN, 8, GANGANAGAR, 91, VIJAINAGAR, 262741, 1 MSD madhewali dhani, 262896, 1090257, Roads, 0, 0, 0, 0, 0, 0, 111593, 111593
2015, RAJASTHAN, 8, GANGANAGAR, 91, VIJAINAGAR, 262741, 1 MSD madhewali dhani, 262896, 1090257, Total, 0, 0, 0, 0, 0, 0, 1006138, 1006138
2015, RAJASTHAN, 8, GANGANAGAR, 91, VIJAINAGAR, 262741, 10 AS, 37648, 1090557, Administrative & Technical Support, 0, 0, 0, 0, 0, 0, 184835, 184835
2015, RAJASTHAN, 8, GANGANAGAR, 91, VIJAINAGAR, 262741, 10 AS, 37648, 1090557, Drinking water, 0, 0, 0, 0, 0, 0, 771729, 771729
2015, RAJASTHAN, 8, GANGANAGAR, 91, VIJAINAGAR, 262741, 10 AS, 37648, 1090557, Maintenance of community system, 0, 0, 0, 0, 0, 0, 24400, 24400
2015, RAJASTHAN, 8, GANGANAGAR, 91, VIJAINAGAR, 262741, 10 AS, 37648, 1090557, Social welfare, 0, 0, 0, 0, 0, 0, 12902, 12902
2015, RAJASTHAN, 8, GANGANAGAR, 91, VIJAINAGAR, 262741, 10 AS, 37648, 1090557, Total, 0, 0, 0, 0, 0, 0, 993866, 993866
2015, RAJASTHAN, 8, GANGANAGAR, 91, VIJAINAGAR, 262741, 10 Sarkari, 37651, 1092416, Roads, 0, 0, 0, 0, 0, 0, 1361000, 1361000
2015, RAJASTHAN, 8, GANGANAGAR, 91, VIJAINAGAR, 262741, 10 Sarkari, 37651, 1092416, Total, 0, 0, 0, 0, 0, 0, 1361000, 1361000
2015, RAJASTHAN, 8, GANGANAGAR, 91, VIJAINAGAR, 262741, 12 GB, 37654, 1091049, Administrative & Technical Support, 0, 0, 0, 0, 0, 0, 300000, 300000
2015, RAJASTHAN, 8, GANGANAGAR, 91, VIJAINAGAR, 262741, 12 GB, 37654, 1091049, Maintenance of community system, 0, 0, 0, 0, 0, 0, 417000, 417000
2015, RAJASTHAN, 8, GANGANAGAR, 91, VIJAINAGAR, 262741, 12 GB, 37654, 1091049, Total, 0, 0, 0, 0, 0, 0, 717000, 717000
2015, RAJASTHAN, 8, GANGANAGAR, 91, VIJAINAGAR, 262741, 15BLD, 37661, 1090055, Administrative & Technical Support, 0, 0, 0, 0, 0, 0, 273433, 273433
2015, RAJASTHAN, 8, GANGANAGAR, 91, VIJAINAGAR, 262741, 15BLD, 37661, 1090055, Drinking water, 0, 0, 0, 0, 0, 0, 440663, 440663
2015, RAJASTHAN, 8, GANGANAGAR, 91, VIJAINAGAR, 262741, 15BLD, 37661, 1090055, Total, 0, 0, 0, 0, 0, 0, 714096, 714096
2015, RAJASTHAN, 8, GANGANAGAR, 91, VIJAINAGAR, 262741, 16 AS - Kupli, 37662, 1090588, Drinking water, 0, 0, 0, 0, 0, 0, 746088, 746088
2015, RAJASTHAN, 8, GANGANAGAR, 91, VIJAINAGAR, 262741, 16 AS - Kupli, 37662, 1090588, Total, 0, 0, 0, 0, 0, 0, 746088, 746088
2015, RAJASTHAN, 8, GANGANAGAR, 91, VIJAINAGAR, 262741, 17 GB, 37663, 1090429, Administrative & Technical Support, 0, 0, 0, 0, 0, 0, 276218, 276218
2015, RAJASTHAN, 8, GANGANAGAR, 91, VIJAINAGAR, 262741, 17 GB, 37663, 1090429, Drinking water, 0, 0, 0, 0, 0, 0, 206196, 206196
2015, RAJASTHAN, 8, GANGANAGAR, 91, VIJAINAGAR, 262741, 17 GB, 37663, 1090429, Roads, 0, 0, 0, 0, 0, 0, 253000, 253000
2015, RAJASTHAN, 8, GANGANAGAR, 91, VIJAINAGAR, 262741, 17 GB, 37663, 1090429, Total, 0, 0, 0, 0, 0, 0, 735414, 735414
2015, RAJASTHAN, 8, GANGANAGAR, 91, VIJAINAGAR, 262741, 2 GB-A, 37668, 1091396, Administrative & Technical Support, 0, 0, 0, 0, 0, 0, 238876, 238876
2015, RAJASTHAN, 8, GANGANAGAR, 91, VIJAINAGAR, 262741, 2 GB-A, 37668, 1091396, Drinking water, 0, 0, 0, 0, 0, 0, 204445, 204445
2015, RAJASTHAN, 8, GANGANAGAR, 91, VIJAINAGAR, 262741, 2 GB-A, 37668, 1091396, Total, 0, 0, 0, 0, 0, 0, 443321, 443321
2015, RAJASTHAN, 8, GANGANAGAR, 91, VIJAINAGAR, 262741, 24 GB, 37681, 1089092, Administrative & Technical Support, 0, 0, 0, 0, 0, 0, 104928, 104928
2015, RAJASTHAN, 8, GANGANAGAR, 91, VIJAINAGAR, 262741, 24 GB, 37681, 1089092, Drinking water, 0, 0, 0, 0, 0, 0, 372415, 372415
2015, RAJASTHAN, 8, GANGANAGAR, 91, VIJAINAGAR, 262741, 24 GB, 37681, 1089092, Roads, 0, 0, 0, 0, 0, 0, 101798, 101798
2015, RAJASTHAN, 8, GANGANAGAR, 91, VIJAINAGAR, 262741, 24 GB, 37681, 1089092, Total, 0, 0, 0, 0, 0, 0, 579141, 579141
2015, RAJASTHAN, 8, GANGANAGAR, 91, VIJAINAGAR, 262741, 28 GB, 37683, 1092227, Drinking water, 0, 0, 0, 0, 0, 0, 408098, 408098
2015, RAJASTHAN, 8, GANGANAGAR, 91, VIJAINAGAR, 262741, 28 GB, 37683, 1092227, Maintenance of community system, 0, 0, 0, 0, 0, 0, 39143, 39143
2015, RAJASTHAN, 8, GANGANAGAR, 91, VIJAINAGAR, 262741, 28 GB, 37683, 1092227, Roads, 0, 0, 0, 0, 0, 0, 22764, 22764
2015, RAJASTHAN, 8, GANGANAGAR, 91, VIJAINAGAR, 262741, 28 GB, 37683, 1092227, Total, 0, 0, 0, 0, 0, 0, 470005, 470005
2015, RAJASTHAN, 8, GANGANAGAR, 91, VIJAINAGAR, 262741, 29 GB, 37684, 1089564, Drinking water, 0, 0, 0, 0, 0, 0, 216370, 216370
2015, RAJASTHAN, 8, GANGANAGAR, 91, VIJAINAGAR, 262741, 29 GB, 37684, 1089564, Maintenance of community system, 0, 0, 0, 0, 0, 0, 53213, 53213
2015, RAJASTHAN, 8, GANGANAGAR, 91, VIJAINAGAR, 262741, 29 GB, 37684, 1089564, Roads, 0, 0, 0, 0, 0, 0, 354330, 354330
2015, RAJASTHAN, 8, GANGANAGAR, 91, VIJAINAGAR, 262741, 29 GB, 37684, 1089564, Total, 0, 0, 0, 0, 0, 0, 623913, 623913
2015, RAJASTHAN, 8, GANGANAGAR, 91, VIJAINAGAR, 262741, 3 KSD, 37686, 1090898, Administrative & Technical Support, 0, 0, 0, 0, 0, 0, 143308, 143308
2015, RAJASTHAN, 8, GANGANAGAR, 91, VIJAINAGAR, 262741, 3 KSD, 37686, 1090898, Total, 0, 0, 0, 0, 0, 0, 143308, 143308
2015, RAJASTHAN, 8, GANGANAGAR, 91, VIJAINAGAR, 262741, 3 SAD, 37688, 1090636, Administrative & Technical Support, 0, 0, 0, 0, 0, 0, 258443, 258443
2015, RAJASTHAN, 8, GANGANAGAR, 91, VIJAINAGAR, 262741, 3 SAD, 37688, 1090636, Drinking water, 0, 0, 0, 0, 0, 0, 903496, 903496
2015, RAJASTHAN, 8, GANGANAGAR, 91, VIJAINAGAR, 262741, 3 SAD, 37688, 1090636, Total, 0, 0, 0, 0, 0, 0, 1161939, 1161939
2015, RAJASTHAN, 8, GANGANAGAR, 91, VIJAINAGAR, 262741, 4 BLD, 37690, 1089350, Administrative & Technical Support, 0, 0, 0, 0, 0, 0, 303182, 303182
2015, RAJASTHAN, 8, GANGANAGAR, 91, VIJAINAGAR, 262741, 4 BLD, 37690, 1089350, Drinking water, 0, 0, 0, 0, 0, 0, 2853002, 2853002
2015, RAJASTHAN, 8, GANGANAGAR, 91, VIJAINAGAR, 262741, 4 BLD, 37690, 1089350, Roads, 0, 0, 0, 0, 0, 0, 342646, 342646
2015, RAJASTHAN, 8, GANGANAGAR, 91, VIJAINAGAR, 262741, 4 BLD, 37690, 1089350, Total, 0, 0, 0, 0, 0, 0, 3498830, 3498830
2015, RAJASTHAN, 8, GANGANAGAR, 91, VIJAINAGAR, 262741, 4 JSD - Bugiya, 37729, 1090668, Administrative & Technical Support, 0, 0, 0, 0, 0, 0, 100876, 100876
2015, RAJASTHAN, 8, GANGANAGAR, 91, VIJAINAGAR, 262741, 4 JSD - Bugiya, 37729, 1090668, Drinking water, 0, 0, 0, 0, 0, 0, 7080, 7080
2015, RAJASTHAN, 8, GANGANAGAR, 91, VIJAINAGAR, 262741, 4 JSD - Bugiya, 37729, 1090668, Total, 0, 0, 0, 0, 0, 0, 107956, 107956
2015, RAJASTHAN, 8, GANGANAGAR, 91, VIJAINAGAR, 262741, 41 GB, 37693, 1090240, Drinking water, 0, 0, 0, 0, 0, 0, 134897, 134897
2015, RAJASTHAN, 8, GANGANAGAR, 91, VIJAINAGAR, 262741, 41 GB, 37693, 1090240, Total, 0, 0, 0, 0, 0, 0, 134897, 134897
2015, RAJASTHAN, 8, GANGANAGAR, 91, VIJAINAGAR, 262741, 42 GB, 37694, 1091568, Drinking water, 0, 0, 0, 0, 0, 0, 469286, 469286
2015, RAJASTHAN, 8, GANGANAGAR, 91, VIJAINAGAR, 262741, 42 GB, 37694, 1091568, Maintenance of community system, 0, 0, 0, 0, 0, 0, 98315, 98315
2015, RAJASTHAN, 8, GANGANAGAR, 91, VIJAINAGAR, 262741, 42 GB, 37694, 1091568, Roads, 0, 0, 0, 0, 0, 0, 500442, 500442
2015, RAJASTHAN, 8, GANGANAGAR, 91, VIJAINAGAR, 262741, 42 GB, 37694, 1091568, Total, 0, 0, 0, 0, 0, 0, 1068043, 1068043
2015, RAJASTHAN, 8, GANGANAGAR, 91, VIJAINAGAR, 262741, 48 GB A, 37695, 1089298, Drinking water, 0, 0, 0, 0, 0, 0, 527737, 527737
2015, RAJASTHAN, 8, GANGANAGAR, 91, VIJAINAGAR, 262741, 48 GB A, 37695, 1089298, Roads, 0, 0, 0, 0, 0, 0, 410000, 410000
2015, RAJASTHAN, 8, GANGANAGAR, 91, VIJAINAGAR, 262741, 48 GB A, 37695, 1089298, Total, 0, 0, 0, 0, 0, 0, 937737, 937737
2015, RAJASTHAN, 8, GANGANAGAR, 91, VIJAINAGAR, 262741, 5 AS, 37696, 1090047, Drinking water, 0, 0, 0, 0, 0, 0, 178500, 178500
2015, RAJASTHAN, 8, GANGANAGAR, 91, VIJAINAGAR, 262741, 5 AS, 37696, 1090047, Roads, 0, 0, 0, 0, 0, 0, 210846, 210846
2015, RAJASTHAN, 8, GANGANAGAR, 91, VIJAINAGAR, 262741, 5 AS, 37696, 1090047, Total, 0, 0, 0, 0, 0, 0, 389346, 389346
2015, RAJASTHAN, 8, GANGANAGAR, 91, VIJAINAGAR, 262741, 50 GB, 37699, 1090230, Administrative & Technical Support, 0, 0, 0, 0, 0, 0, 61399, 61399
2015, RAJASTHAN, 8, GANGANAGAR, 91, VIJAINAGAR, 262741, 50 GB, 37699, 1090230, Drinking water, 0, 0, 0, 0, 0, 0, 417746, 417746
2015, RAJASTHAN, 8, GANGANAGAR, 91, VIJAINAGAR, 262741, 50 GB, 37699, 1090230, Total, 0, 0, 0, 0, 0, 0, 479145, 479145
2015, RAJASTHAN, 8, GANGANAGAR, 91, VIJAINAGAR, 262741, 6 APD, 37702, 1089258, Drinking water, 0, 0, 0, 0, 0, 0, 895248, 895248
2015, RAJASTHAN, 8, GANGANAGAR, 91, VIJAINAGAR, 262741, 6 APD, 37702, 1089258, Roads, 0, 0, 0, 0, 0, 0, 42028, 42028
2015, RAJASTHAN, 8, GANGANAGAR, 91, VIJAINAGAR, 262741, 6 APD, 37702, 1089258, Total, 0, 0, 0, 0, 0, 0, 937276, 937276
2015, RAJASTHAN, 8, GANGANAGAR, 91, VIJAINAGAR, 262741, 6 BLM, 37703, 1091257, Drinking water, 0, 0, 0, 0, 0, 0, 1877053, 1877053
2015, RAJASTHAN, 8, GANGANAGAR, 91, VIJAINAGAR, 262741, 6 BLM, 37703, 1091257, Total, 0, 0, 0, 0, 0, 0, 1877053, 1877053
2015, RAJASTHAN, 8, GANGANAGAR, 91, VIJAINAGAR, 262741, 7 APD, 37710, 1090041, Drinking water, 0, 0, 0, 0, 0, 0, 559860, 559860
2015, RAJASTHAN, 8, GANGANAGAR, 91, VIJAINAGAR, 262741, 7 APD, 37710, 1090041, Roads, 0, 0, 0, 0, 0, 0, 509960, 509960
2015, RAJASTHAN, 8, GANGANAGAR, 91, VIJAINAGAR, 262741, 7 APD, 37710, 1090041, Total, 0, 0, 0, 0, 0, 0, 1069820, 1069820
2015, RAJASTHAN, 8, GANGANAGAR, 91, VIJAINAGAR, 262741, 7 GB, 37711, 1091111, Drinking water, 0, 0, 0, 0, 0, 0, 95435, 95435
2015, RAJASTHAN, 8, GANGANAGAR, 91, VIJAINAGAR, 262741, 7 GB, 37711, 1091111, Roads, 0, 0, 0, 0, 0, 0, 645064, 645064
2015, RAJASTHAN, 8, GANGANAGAR, 91, VIJAINAGAR, 262741, 7 GB, 37711, 1091111, Total, 0, 0, 0, 0, 0, 0, 740499, 740499
2015, RAJASTHAN, 8, GANGANAGAR, 91, VIJAINAGAR, 262741, 8 BGD, 37718, 1091014, Drinking water, 0, 0, 0, 0, 0, 0, 535900, 535900
2015, RAJASTHAN, 8, GANGANAGAR, 91, VIJAINAGAR, 262741, 8 BGD, 37718, 1091014, Roads, 0, 0, 0, 0, 0, 0, 536277, 536277
2015, RAJASTHAN, 8, GANGANAGAR, 91, VIJAINAGAR, 262741, 8 BGD, 37718, 1091014, Total, 0, 0, 0, 0, 0, 0, 1072177, 1072177
2015, RAJASTHAN, 8, GANGANAGAR, 91, VIJAINAGAR, 262741, 8 STB, 37722, 1089164, Drinking water, 0, 0, 0, 0, 0, 0, 351983, 351983
2015, RAJASTHAN, 8, GANGANAGAR, 91, VIJAINAGAR, 262741, 8 STB, 37722, 1089164, Roads, 0, 0, 0, 0, 0, 0, 599742, 599742
2015, RAJASTHAN, 8, GANGANAGAR, 91, VIJAINAGAR, 262741, 8 STB, 37722, 1089164, Total, 0, 0, 0, 0, 0, 0, 951725, 951725
2015, RAJASTHAN, 8, GANGANAGAR, 91, VIJAINAGAR, 262741, Bilochia, 37728, 1089570, Drinking water, 0, 0, 0, 0, 0, 0, 1369369, 1369369
2015, RAJASTHAN, 8, GANGANAGAR, 91, VIJAINAGAR, 262741, Bilochia, 37728, 1089570, Total, 0, 0, 0, 0, 0, 0, 1369369, 1369369
2015, RAJASTHAN, 8, GANGANAGAR, 91, VIJAINAGAR, 262741, Gomawali, 37730, 1090502, Administrative & Technical Support, 0, 0, 0, 0, 0, 0, 343360, 343360
2015, RAJASTHAN, 8, GANGANAGAR, 91, VIJAINAGAR, 262741, Gomawali, 37730, 1090502, Drinking water, 0, 0, 0, 0, 0, 0, 44318, 44318
2015, RAJASTHAN, 8, GANGANAGAR, 91, VIJAINAGAR, 262741, Gomawali, 37730, 1090502, Total, 0, 0, 0, 0, 0, 0, 387678, 387678
2015, RAJASTHAN, 8, HANUMANGARH, 92, BHADRA, 1264, AJEET PURA, 37966, 1153071, Roads, 0, 0, 0, 0, 0, 0, 1744155, 1744155
2015, RAJASTHAN, 8, HANUMANGARH, 92, BHADRA, 1264, AJEET PURA, 37966, 1153071, Total, 0, 0, 0, 0, 0, 0, 1744155, 1744155
2015, RAJASTHAN, 8, HANUMANGARH, 92, BHADRA, 1264, ALAYALA, 37967, 1120773, Drinking water, 0, 0, 0, 0, 0, 0, 116012, 116012
2015, RAJASTHAN, 8, HANUMANGARH, 92, BHADRA, 1264, ALAYALA, 37967, 1120773, Sanitation, 0, 0, 0, 0, 0, 0, 83800, 83800
2015, RAJASTHAN, 8, HANUMANGARH, 92, BHADRA, 1264, ALAYALA, 37967, 1120773, Total, 0, 0, 0, 0, 0, 0, 199812, 199812
2015, RAJASTHAN, 8, HANUMANGARH, 92, BHADRA, 1264, ANOOP SHAHAR, 37968, 1121571, Roads, 0, 0, 0, 0, 0, 0, 418150, 418150
2015, RAJASTHAN, 8, HANUMANGARH, 92, BHADRA, 1264, ANOOP SHAHAR, 37968, 1121571, Total, 0, 0, 0, 0, 0, 0, 418150, 418150
2015, RAJASTHAN, 8, HANUMANGARH, 92, BHADRA, 1264, BHADI, 37969, 1154175, Sanitation, 0, 0, 0, 0, 0, 0, 260152, 260152
2015, RAJASTHAN, 8, HANUMANGARH, 92, BHADRA, 1264, BHADI, 37969, 1154175, Total, 0, 0, 0, 0, 0, 0, 260152, 260152
2015, RAJASTHAN, 8, HANUMANGARH, 92, BHADRA, 1264, BHANAI, 37970, 1161479, Rural housing, 0, 0, 0, 0, 0, 0, 210000, 210000
2015, RAJASTHAN, 8, HANUMANGARH, 92, BHADRA, 1264, BHANAI, 37970, 1161479, Total, 0, 0, 0, 0, 0, 0, 210000, 210000
2015, RAJASTHAN, 8, HANUMANGARH, 92, BHADRA, 1264, BHANGARH, 37971, 1121569, Roads, 0, 0, 0, 0, 0, 0, 997428, 997428
2015, RAJASTHAN, 8, HANUMANGARH, 92, BHADRA, 1264, BHANGARH, 37971, 1121569, Total, 0, 0, 0, 0, 0, 0, 997428, 997428
2015, RAJASTHAN, 8, HANUMANGARH, 92, BHADRA, 1264, BHANGWA, 37972, 1159570, Roads, 0, 0, 0, 0, 0, 0, 667995, 667995
2015, RAJASTHAN, 8, HANUMANGARH, 92, BHADRA, 1264, BHANGWA, 37972, 1159570, Sanitation, 0, 0, 0, 0, 0, 0, 179129, 179129
2015, RAJASTHAN, 8, HANUMANGARH, 92, BHADRA, 1264, BHANGWA, 37972, 1159570, Total, 0, 0, 0, 0, 0, 0, 847124, 847124
2015, RAJASTHAN, 8, HANUMANGARH, 92, BHADRA, 1264, BHARAWANA (8 DPN ), 37973, 1118205, Roads, 0, 0, 0, 0, 0, 0, 1104631, 1104631
2015, RAJASTHAN, 8, HANUMANGARH, 92, BHADRA, 1264, BHARAWANA (8 DPN ), 37973, 1118205, Social welfare, 0, 0, 0, 0, 0, 0, 80178, 80178
2015, RAJASTHAN, 8, HANUMANGARH, 92, BHADRA, 1264, BHARAWANA (8 DPN ), 37973, 1118205, Total, 0, 0, 0, 0, 0, 0, 1184809, 1184809
2015, RAJASTHAN, 8, HANUMANGARH, 92, BHADRA, 1264, BHEERANI, 37974, 1120835, Roads, 0, 0, 0, 0, 0, 0, 474155, 474155
2015, RAJASTHAN, 8, HANUMANGARH, 92, BHADRA, 1264, BHEERANI, 37974, 1120835, Total, 0, 0, 0, 0, 0, 0, 474155, 474155
2015, RAJASTHAN, 8, HANUMANGARH, 92, BHADRA, 1264, BHOJASAR (1 BHD), 37975, 1154168, Drinking water, 0, 0, 0, 0, 0, 0, 52955, 52955
2015, RAJASTHAN, 8, HANUMANGARH, 92, BHADRA, 1264, BHOJASAR (1 BHD), 37975, 1154168, Public distribution system, 0, 0, 0, 0, 0, 0, 316403, 316403
2015, RAJASTHAN, 8, HANUMANGARH, 92, BHADRA, 1264, BHOJASAR (1 BHD), 37975, 1154168, Roads, 0, 0, 0, 0, 0, 0, 863476, 863476
2015, RAJASTHAN, 8, HANUMANGARH, 92, BHADRA, 1264, BHOJASAR (1 BHD), 37975, 1154168, Social welfare, 0, 0, 0, 0, 0, 0, 187905, 187905
2015, RAJASTHAN, 8, HANUMANGARH, 92, BHADRA, 1264, BHOJASAR (1 BHD), 37975, 1154168, Total, 0, 0, 0, 0, 0, 0, 1420739, 1420739
2015, RAJASTHAN, 8, HANUMANGARH, 92, BHADRA, 1264, BIRAN (5 AMS), 37976, 1161272, Health, 0, 0, 0, 0, 0, 0, 214977, 214977
2015, RAJASTHAN, 8, HANUMANGARH, 92, BHADRA, 1264, BIRAN (5 AMS), 37976, 1161272, Roads, 0, 0, 0, 0, 0, 0, 322705, 322705
2015, RAJASTHAN, 8, HANUMANGARH, 92, BHADRA, 1264, BIRAN (5 AMS), 37976, 1161272, Sanitation, 0, 0, 0, 0, 0, 0, 26863, 26863
2015, RAJASTHAN, 8, HANUMANGARH, 92, BHADRA, 1264, BIRAN (5 AMS), 37976, 1161272, Social welfare, 0, 0, 0, 0, 0, 0, 53799, 53799
2015, RAJASTHAN, 8, HANUMANGARH, 92, BHADRA, 1264, BIRAN (5 AMS), 37976, 1161272, Total, 0, 0, 0, 0, 0, 0, 618344, 618344
2015, RAJASTHAN, 8, HANUMANGARH, 92, BHADRA, 1264, BOJALA, 37977, 1117140, Roads, 0, 0, 0, 0, 0, 0, 122745, 122745
2015, RAJASTHAN, 8, HANUMANGARH, 92, BHADRA, 1264, BOJALA, 37977, 1117140, Total, 0, 0, 0, 0, 0, 0, 122745, 122745
2015, RAJASTHAN, 8, HANUMANGARH, 92, BHADRA, 1264, CHHANI BARI (5 CHN ), 37978, 1158714, Roads, 0, 0, 0, 0, 0, 0, 605152, 605152
2015, RAJASTHAN, 8, HANUMANGARH, 92, BHADRA, 1264, CHHANI BARI (5 CHN ), 37978, 1158714, Total, 0, 0, 0, 0, 0, 0, 605152, 605152
2015, RAJASTHAN, 8, HANUMANGARH, 92, BHADRA, 1264, CHIRIYA GANDHI, 37979, 1101003, Drinking water, 0, 0, 0, 0, 0, 0, 206384, 206384
2015, RAJASTHAN, 8, HANUMANGARH, 92, BHADRA, 1264, CHIRIYA GANDHI, 37979, 1101003, Roads, 0, 0, 0, 0, 0, 0, 1342360, 1342360
2015, RAJASTHAN, 8, HANUMANGARH, 92, BHADRA, 1264, CHIRIYA GANDHI, 37979, 1101003, Total, 0, 0, 0, 0, 0, 0, 1548744, 1548744
2015, RAJASTHAN, 8, HANUMANGARH, 92, BHADRA, 1264, DABARI, 37980, 1122538, Drinking water, 0, 0, 0, 0, 0, 0, 246126, 246126
2015, RAJASTHAN, 8, HANUMANGARH, 92, BHADRA, 1264, DABARI, 37980, 1122538, Roads, 0, 0, 0, 0, 0, 0, 1719102, 1719102
2015, RAJASTHAN, 8, HANUMANGARH, 92, BHADRA, 1264, DABARI, 37980, 1122538, Total, 0, 0, 0, 0, 0, 0, 1965228, 1965228
2015, RAJASTHAN, 8, HANUMANGARH, 92, BHADRA, 1264, DOBHI, 37981, 1115501, Roads, 0, 0, 0, 0, 0, 0, 711694, 711694
2015, RAJASTHAN, 8, HANUMANGARH, 92, BHADRA, 1264, DOBHI, 37981, 1115501, Total, 0, 0, 0, 0, 0, 0, 711694, 711694
2015, RAJASTHAN, 8, HANUMANGARH, 92, BHADRA, 1264, DOONGRANA, 37982, 1158721, Public distribution system, 0, 0, 0, 0, 0, 0, 140000, 140000
2015, RAJASTHAN, 8, HANUMANGARH, 92, BHADRA, 1264, DOONGRANA, 37982, 1158721, Total, 0, 0, 0, 0, 0, 0, 140000, 140000
2015, RAJASTHAN, 8, HANUMANGARH, 92, BHADRA, 1264, GADHARA, 37983, 1159181, Roads, 0, 0, 0, 0, 0, 0, 1062748, 1062748
2015, RAJASTHAN, 8, HANUMANGARH, 92, BHADRA, 1264, GADHARA, 37983, 1159181, Social welfare, 0, 0, 0, 0, 0, 0, 65000, 65000
2015, RAJASTHAN, 8, HANUMANGARH, 92, BHADRA, 1264, GADHARA, 37983, 1159181, Total, 0, 0, 0, 0, 0, 0, 1127748, 1127748
2015, RAJASTHAN, 8, HANUMANGARH, 92, BHADRA, 1264, GANDHI BARI (6 SDR ), 37984, 1124850, Animal husbandry, 0, 0, 0, 0, 0, 0, 113000, 113000
2015, RAJASTHAN, 8, HANUMANGARH, 92, BHADRA, 1264, GANDHI BARI (6 SDR ), 37984, 1124850, Roads, 0, 0, 0, 0, 0, 0, 1246108, 1246108
2015, RAJASTHAN, 8, HANUMANGARH, 92, BHADRA, 1264, GANDHI BARI (6 SDR ), 37984, 1124850, Total, 0, 0, 0, 0, 0, 0, 1359108, 1359108
2015, RAJASTHAN, 8, HANUMANGARH, 92, BHADRA, 1264, GARHI CHHANI, 37985, 1118187, Roads, 0, 0, 0, 0, 0, 0, 1118889, 1118889
2015, RAJASTHAN, 8, HANUMANGARH, 92, BHADRA, 1264, GARHI CHHANI, 37985, 1118187, Total, 0, 0, 0, 0, 0, 0, 1118889, 1118889
2015, RAJASTHAN, 8, HANUMANGARH, 92, BHADRA, 1264, GHEU, 37986, 1121664, Roads, 0, 0, 0, 0, 0, 0, 1114051, 1114051
2015, RAJASTHAN, 8, HANUMANGARH, 92, BHADRA, 1264, GHEU, 37986, 1121664, Total, 0, 0, 0, 0, 0, 0, 1114051, 1114051
2015, RAJASTHAN, 8, HANUMANGARH, 92, BHADRA, 1264, JANANA (1 MRN), 37987, 1120837, Roads, 0, 0, 0, 0, 0, 0, 699283, 699283
2015, RAJASTHAN, 8, HANUMANGARH, 92, BHADRA, 1264, JANANA (1 MRN), 37987, 1120837, Total, 0, 0, 0, 0, 0, 0, 699283, 699283
2015, RAJASTHAN, 8, HANUMANGARH, 92, BHADRA, 1264, JATAN, 37988, 1117100, Drinking water, 0, 0, 0, 0, 0, 0, 432688, 432688
2015, RAJASTHAN, 8, HANUMANGARH, 92, BHADRA, 1264, JATAN, 37988, 1117100, Total, 0, 0, 0, 0, 0, 0, 432688, 432688
2015, RAJASTHAN, 8, HANUMANGARH, 92, BHADRA, 1264, JHANSAL( 2 JSL), 37989, 1150925, Roads, 0, 0, 0, 0, 0, 0, 1111239, 1111239
2015, RAJASTHAN, 8, HANUMANGARH, 92, BHADRA, 1264, JHANSAL( 2 JSL), 37989, 1150925, Total, 0, 0, 0, 0, 0, 0, 1111239, 1111239
2015, RAJASTHAN, 8, HANUMANGARH, 92, BHADRA, 1264, JOGIWALA (11 JGW ), 37990, 1155650, Drinking water, 0, 0, 0, 0, 0, 0, 98174, 98174
2015, RAJASTHAN, 8, HANUMANGARH, 92, BHADRA, 1264, JOGIWALA (11 JGW ), 37990, 1155650, Roads, 0, 0, 0, 0, 0, 0, 1289530, 1289530
2015, RAJASTHAN, 8, HANUMANGARH, 92, BHADRA, 1264, JOGIWALA (11 JGW ), 37990, 1155650, Total, 0, 0, 0, 0, 0, 0, 1387704, 1387704
2015, RAJASTHAN, 8, HANUMANGARH, 92, BHADRA, 1264, KALANA, 37991, 1100777, Roads, 0, 0, 0, 0, 0, 0, 1279897, 1279897
2015, RAJASTHAN, 8, HANUMANGARH, 92, BHADRA, 1264, KALANA, 37991, 1100777, Social welfare, 0, 0, 0, 0, 0, 0, 413451, 413451
2015, RAJASTHAN, 8, HANUMANGARH, 92, BHADRA, 1264, KALANA, 37991, 1100777, Total, 0, 0, 0, 0, 0, 0, 1693348, 1693348
2015, RAJASTHAN, 8, HANUMANGARH, 92, BHADRA, 1264, KANAU, 37992, 1158719, Drinking water, 0, 0, 0, 0, 0, 0, 296627, 296627
2015, RAJASTHAN, 8, HANUMANGARH, 92, BHADRA, 1264, KANAU, 37992, 1158719, Roads, 0, 0, 0, 0, 0, 0, 972150, 972150
2015, RAJASTHAN, 8, HANUMANGARH, 92, BHADRA, 1264, KANAU, 37992, 1158719, Total, 0, 0, 0, 0, 0, 0, 1268777, 1268777
2015, RAJASTHAN, 8, HANUMANGARH, 92, BHADRA, 1264, KARANPURA (3KRP ), 37965, 1121978, Maintenance of community system, 0, 0, 0, 0, 0, 0, 279769, 279769
2015, RAJASTHAN, 8, HANUMANGARH, 92, BHADRA, 1264, KARANPURA (3KRP ), 37965, 1121978, Roads, 0, 0, 0, 0, 0, 0, 1277817, 1277817
2015, RAJASTHAN, 8, HANUMANGARH, 92, BHADRA, 1264, KARANPURA (3KRP ), 37965, 1121978, Total, 0, 0, 0, 0, 0, 0, 1557586, 1557586
2015, RAJASTHAN, 8, HANUMANGARH, 92, BHADRA, 1264, KHACHAWANA (7 DPN ), 37993, 1122283, Drinking water, 0, 0, 0, 0, 0, 0, 499968, 499968
2015, RAJASTHAN, 8, HANUMANGARH, 92, BHADRA, 1264, KHACHAWANA (7 DPN ), 37993, 1122283, Roads, 0, 0, 0, 0, 0, 0, 699889, 699889
2015, RAJASTHAN, 8, HANUMANGARH, 92, BHADRA, 1264, KHACHAWANA (7 DPN ), 37993, 1122283, Total, 0, 0, 0, 0, 0, 0, 1199857, 1199857
2015, RAJASTHAN, 8, HANUMANGARH, 92, BHADRA, 1264, KIRARA BARA, 37994, 1098402, Drinking water, 0, 0, 0, 0, 0, 0, 921994, 921994
2015, RAJASTHAN, 8, HANUMANGARH, 92, BHADRA, 1264, KIRARA BARA, 37994, 1098402, Total, 0, 0, 0, 0, 0, 0, 921994, 921994
2015, RAJASTHAN, 8, HANUMANGARH, 92, BHADRA, 1264, KUNJI, 37995, 1124885, Drinking water, 0, 0, 0, 0, 0, 0, 164217, 164217
2015, RAJASTHAN, 8, HANUMANGARH, 92, BHADRA, 1264, KUNJI, 37995, 1124885, Social welfare, 0, 0, 0, 0, 0, 0, 404793, 404793
2015, RAJASTHAN, 8, HANUMANGARH, 92, BHADRA, 1264, KUNJI, 37995, 1124885, Total, 0, 0, 0, 0, 0, 0, 569010, 569010
2015, RAJASTHAN, 8, HANUMANGARH, 92, BHADRA, 1264, MALKHERA (1 SDR ), 37996, 1126929, Roads, 0, 0, 0, 0, 0, 0, 498047, 498047
2015, RAJASTHAN, 8, HANUMANGARH, 92, BHADRA, 1264, MALKHERA (1 SDR ), 37996, 1126929, Total, 0, 0, 0, 0, 0, 0, 498047, 498047
2015, RAJASTHAN, 8, HANUMANGARH, 92, BHADRA, 1264, MALSISAR, 37997, 1158804, Drinking water, 0, 0, 0, 0, 0, 0, 266928, 266928
2015, RAJASTHAN, 8, HANUMANGARH, 92, BHADRA, 1264, MALSISAR, 37997, 1158804, Roads, 0, 0, 0, 0, 0, 0, 734110, 734110
2015, RAJASTHAN, 8, HANUMANGARH, 92, BHADRA, 1264, MALSISAR, 37997, 1158804, Total, 0, 0, 0, 0, 0, 0, 1001038, 1001038
2015, RAJASTHAN, 8, HANUMANGARH, 92, BHADRA, 1264, MEHARANA (8 MRN ), 37998, 1122686, Roads, 0, 0, 0, 0, 0, 0, 694540, 694540
2015, RAJASTHAN, 8, HANUMANGARH, 92, BHADRA, 1264, MEHARANA (8 MRN ), 37998, 1122686, Total, 0, 0, 0, 0, 0, 0, 694540, 694540
2015, RAJASTHAN, 8, HANUMANGARH, 92, BHADRA, 1264, MOTHASARA, 37999, 1120759, Animal husbandry, 0, 0, 0, 0, 0, 0, 340797, 340797
2015, RAJASTHAN, 8, HANUMANGARH, 92, BHADRA, 1264, MOTHASARA, 37999, 1120759, Roads, 0, 0, 0, 0, 0, 0, 574544, 574544
2015, RAJASTHAN, 8, HANUMANGARH, 92, BHADRA, 1264, MOTHASARA, 37999, 1120759, Total, 0, 0, 0, 0, 0, 0, 915341, 915341
2015, RAJASTHAN, 8, HANUMANGARH, 92, BHADRA, 1264, MUNASARI (12 MSR), 38000, 1124333, Roads, 0, 0, 0, 0, 0, 0, 1409486, 1409486
2015, RAJASTHAN, 8, HANUMANGARH, 92, BHADRA, 1264, MUNASARI (12 MSR), 38000, 1124333, Total, 0, 0, 0, 0, 0, 0, 1409486, 1409486
2015, RAJASTHAN, 8, HANUMANGARH, 92, BHADRA, 1264, MUNDRIA BARA, 38001, 1122289, Drinking water, 0, 0, 0, 0, 0, 0, 1094854, 1094854
2015, RAJASTHAN, 8, HANUMANGARH, 92, BHADRA, 1264, MUNDRIA BARA, 38001, 1122289, Roads, 0, 0, 0, 0, 0, 0, 617272, 617272
2015, RAJASTHAN, 8, HANUMANGARH, 92, BHADRA, 1264, MUNDRIA BARA, 38001, 1122289, Total, 0, 0, 0, 0, 0, 0, 1712126, 1712126
2015, RAJASTHAN, 8, HANUMANGARH, 92, BHADRA, 1264, NETHARANA (6 NTR ), 38003, 1128117, Roads, 0, 0, 0, 0, 0, 0, 1031911, 1031911
2015, RAJASTHAN, 8, HANUMANGARH, 92, BHADRA, 1264, NETHARANA (6 NTR ), 38003, 1128117, Social welfare, 0, 0, 0, 0, 0, 0, 829830, 829830
2015, RAJASTHAN, 8, HANUMANGARH, 92, BHADRA, 1264, NETHARANA (6 NTR ), 38003, 1128117, Total, 0, 0, 0, 0, 0, 0, 1861741, 1861741
2015, RAJASTHAN, 8, HANUMANGARH, 92, BHADRA, 1264, NINAN (6 JGW ), 38004, 1121600, Roads, 0, 0, 0, 0, 0, 0, 1008538, 1008538
2015, RAJASTHAN, 8, HANUMANGARH, 92, BHADRA, 1264, NINAN (6 JGW ), 38004, 1121600, Total, 0, 0, 0, 0, 0, 0, 1008538, 1008538
2015, RAJASTHAN, 8, HANUMANGARH, 92, BHADRA, 1264, NYANGAL (14 AMS), 38002, 1121602, Roads, 0, 0, 0, 0, 0, 0, 717862, 717862
2015, RAJASTHAN, 8, HANUMANGARH, 92, BHADRA, 1264, NYANGAL (14 AMS), 38002, 1121602, Total, 0, 0, 0, 0, 0, 0, 717862, 717862
2015, RAJASTHAN, 8, HANUMANGARH, 92, BHADRA, 1264, RAJPURA, 38005, 1156659, Social welfare, 0, 0, 0, 0, 0, 0, 698272, 698272
2015, RAJASTHAN, 8, HANUMANGARH, 92, BHADRA, 1264, RAJPURA, 38005, 1156659, Total, 0, 0, 0, 0, 0, 0, 698272, 698272
2015, RAJASTHAN, 8, HANUMANGARH, 92, BHADRA, 1264, RAMGADIA (10 JGW ), 38006, 1156984, Roads, 0, 0, 0, 0, 0, 0, 1156800, 1156800
2015, RAJASTHAN, 8, HANUMANGARH, 92, BHADRA, 1264, RAMGADIA (10 JGW ), 38006, 1156984, Total, 0, 0, 0, 0, 0, 0, 1156800, 1156800
2015, RAJASTHAN, 8, HANUMANGARH, 92, BHADRA, 1264, RASLANA, 38007, 1121723, Drinking water, 0, 0, 0, 0, 0, 0, 105293, 105293
2015, RAJASTHAN, 8, HANUMANGARH, 92, BHADRA, 1264, RASLANA, 38007, 1121723, Roads, 0, 0, 0, 0, 0, 0, 639883, 639883
2015, RAJASTHAN, 8, HANUMANGARH, 92, BHADRA, 1264, RASLANA, 38007, 1121723, Total, 0, 0, 0, 0, 0, 0, 745176, 745176
2015, RAJASTHAN, 8, HANUMANGARH, 92, BHADRA, 1264, SAHUWALA (9 AMS ), 38009, 1103966, Roads, 0, 0, 0, 0, 0, 0, 633601, 633601
2015, RAJASTHAN, 8, HANUMANGARH, 92, BHADRA, 1264, SAHUWALA (9 AMS ), 38009, 1103966, Sanitation, 0, 0, 0, 0, 0, 0, 98359, 98359
2015, RAJASTHAN, 8, HANUMANGARH, 92, BHADRA, 1264, SAHUWALA (9 AMS ), 38009, 1103966, Social welfare, 0, 0, 0, 0, 0, 0, 64682, 64682
2015, RAJASTHAN, 8, HANUMANGARH, 92, BHADRA, 1264, SAHUWALA (9 AMS ), 38009, 1103966, Total, 0, 0, 0, 0, 0, 0, 796642, 796642
2015, RAJASTHAN, 8, HANUMANGARH, 92, BHADRA, 1264, SANGARA (8JSL), 38008, 1121574, Roads, 0, 0, 0, 0, 0, 0, 1270761, 1270761
2015, RAJASTHAN, 8, HANUMANGARH, 92, BHADRA, 1264, SANGARA (8JSL), 38008, 1121574, Total, 0, 0, 0, 0, 0, 0, 1270761, 1270761
2015, RAJASTHAN, 8, HANUMANGARH, 92, BHADRA, 1264, SARDARGADIYA (7 MSR ), 38010, 1121609, Roads, 0, 0, 0, 0, 0, 0, 861000, 861000
2015, RAJASTHAN, 8, HANUMANGARH, 92, BHADRA, 1264, SARDARGADIYA (7 MSR ), 38010, 1121609, Total, 0, 0, 0, 0, 0, 0, 861000, 861000
2015, RAJASTHAN, 8, HANUMANGARH, 92, BHADRA, 1264, SHERDA, 38011, 1158807, Drinking water, 0, 0, 0, 0, 0, 0, 7676, 7676
2015, RAJASTHAN, 8, HANUMANGARH, 92, BHADRA, 1264, SHERDA, 38011, 1158807, Roads, 0, 0, 0, 0, 0, 0, 1443810, 1443810
2015, RAJASTHAN, 8, HANUMANGARH, 92, BHADRA, 1264, SHERDA, 38011, 1158807, Social forestry and farm forestry, 0, 0, 0, 0, 0, 0, 3000, 3000
2015, RAJASTHAN, 8, HANUMANGARH, 92, BHADRA, 1264, SHERDA, 38011, 1158807, Total, 0, 0, 0, 0, 0, 0, 1454486, 1454486
2015, RAJASTHAN, 8, HANUMANGARH, 92, BHADRA, 1264, SURATPURA, 38012, 1121979, Roads, 0, 0, 0, 0, 0, 0, 1346284, 1346284
2015, RAJASTHAN, 8, HANUMANGARH, 92, BHADRA, 1264, SURATPURA, 38012, 1121979, Total, 0, 0, 0, 0, 0, 0, 1346284, 1346284
2015, RAJASTHAN, 8, HANUMANGARH, 92, BHADRA, 1264, UTARADABAS, 38013, 1122295, Roads, 0, 0, 0, 0, 0, 0, 1067089, 1067089
2015, RAJASTHAN, 8, HANUMANGARH, 92, BHADRA, 1264, UTARADABAS, 38013, 1122295, Total, 0, 0, 0, 0, 0, 0, 1067089, 1067089
2015, RAJASTHAN, 8, HANUMANGARH, 92, HANUMANGARH, 1265, 30 SSW, 38016, 1203948, Roads, 0, 0, 0, 0, 0, 0, 4919000, 4919000
2015, RAJASTHAN, 8, HANUMANGARH, 92, HANUMANGARH, 1265, 30 SSW, 38016, 1203948, Total, 0, 0, 0, 0, 0, 0, 4919000, 4919000
2015, RAJASTHAN, 8, HANUMANGARH, 92, HANUMANGARH, 1265, 31 SSW, 38017, 1165394, Drinking water, 0, 0, 0, 0, 0, 0, 891000, 891000
2015, RAJASTHAN, 8, HANUMANGARH, 92, HANUMANGARH, 1265, 31 SSW, 38017, 1165394, Health, 0, 0, 0, 0, 0, 0, 1489000, 1489000
2015, RAJASTHAN, 8, HANUMANGARH, 92, HANUMANGARH, 1265, 31 SSW, 38017, 1165394, Roads, 0, 0, 0, 0, 0, 0, 2033000, 2033000
2015, RAJASTHAN, 8, HANUMANGARH, 92, HANUMANGARH, 1265, 31 SSW, 38017, 1165394, Total, 0, 0, 0, 0, 0, 0, 4413000, 4413000
2015, RAJASTHAN, 8, HANUMANGARH, 92, HANUMANGARH, 1265, AMAR PURA THERI, 38020, 1164771, Roads, 0, 0, 0, 0, 0, 0, 562000, 562000
2015, RAJASTHAN, 8, HANUMANGARH, 92, HANUMANGARH, 1265, AMAR PURA THERI, 38020, 1164771, Total, 0, 0, 0, 0, 0, 0, 562000, 562000
2015, RAJASTHAN, 8, HANUMANGARH, 92, HANUMANGARH, 1265, ARAIYANWALI, 38022, 1128601, Drinking water, 0, 0, 0, 0, 0, 0, 1009900, 1009900
2015, RAJASTHAN, 8, HANUMANGARH, 92, HANUMANGARH, 1265, ARAIYANWALI, 38022, 1128601, Sanitation, 0, 0, 0, 0, 0, 0, 195706, 195706
2015, RAJASTHAN, 8, HANUMANGARH, 92, HANUMANGARH, 1265, ARAIYANWALI, 38022, 1128601, Total, 0, 0, 0, 0, 0, 0, 1205606, 1205606
2015, RAJASTHAN, 8, HANUMANGARH, 92, HANUMANGARH, 1265, BAHLOL NAGAR, 38025, 1139506, Roads, 0, 0, 0, 0, 0, 0, 259000, 259000
2015, RAJASTHAN, 8, HANUMANGARH, 92, HANUMANGARH, 1265, BAHLOL NAGAR, 38025, 1139506, Sanitation, 0, 0, 0, 0, 0, 0, 139000, 139000
2015, RAJASTHAN, 8, HANUMANGARH, 92, HANUMANGARH, 1265, BAHLOL NAGAR, 38025, 1139506, Total, 0, 0, 0, 0, 0, 0, 398000, 398000
2015, RAJASTHAN, 8, HANUMANGARH, 92, HANUMANGARH, 1265, BHOM PURA, 38030, 1139477, Sanitation, 0, 0, 0, 0, 0, 0, 1397340, 1397340
2015, RAJASTHAN, 8, HANUMANGARH, 92, HANUMANGARH, 1265, BHOM PURA, 38030, 1139477, Total, 0, 0, 0, 0, 0, 0, 1397340, 1397340
2015, RAJASTHAN, 8, HANUMANGARH, 92, HANUMANGARH, 1265, CHAK JAWALA SINGH WALA, 38034, 1104069, Roads, 0, 0, 0, 0, 0, 0, 619000, 619000
2015, RAJASTHAN, 8, HANUMANGARH, 92, HANUMANGARH, 1265, CHAK JAWALA SINGH WALA, 38034, 1104069, Sanitation, 0, 0, 0, 0, 0, 0, 119000, 119000
2015, RAJASTHAN, 8, HANUMANGARH, 92, HANUMANGARH, 1265, CHAK JAWALA SINGH WALA, 38034, 1104069, Social welfare, 0, 0, 0, 0, 0, 0, 623483, 623483
2015, RAJASTHAN, 8, HANUMANGARH, 92, HANUMANGARH, 1265, CHAK JAWALA SINGH WALA, 38034, 1104069, Total, 0, 0, 0, 0, 0, 0, 1361483, 1361483
2015, RAJASTHAN, 8, HANUMANGARH, 92, HANUMANGARH, 1265, CHOHILANWALI, 38035, 1165439, Roads, 0, 0, 0, 0, 0, 0, 2250000, 2250000
2015, RAJASTHAN, 8, HANUMANGARH, 92, HANUMANGARH, 1265, CHOHILANWALI, 38035, 1165439, Rural housing, 0, 0, 0, 0, 0, 0, 2106000, 2106000
2015, RAJASTHAN, 8, HANUMANGARH, 92, HANUMANGARH, 1265, CHOHILANWALI, 38035, 1165439, Total, 0, 0, 0, 0, 0, 0, 4356000, 4356000
2015, RAJASTHAN, 8, HANUMANGARH, 92, HANUMANGARH, 1265, DHOLIPAL, 38045, 1164780, Roads, 0, 0, 0, 0, 0, 0, 932000, 932000
2015, RAJASTHAN, 8, HANUMANGARH, 92, HANUMANGARH, 1265, DHOLIPAL, 38045, 1164780, Rural housing, 0, 0, 0, 0, 0, 0, 89000, 89000
2015, RAJASTHAN, 8, HANUMANGARH, 92, HANUMANGARH, 1265, DHOLIPAL, 38045, 1164780, Sanitation, 0, 0, 0, 0, 0, 0, 449000, 449000
2015, RAJASTHAN, 8, HANUMANGARH, 92, HANUMANGARH, 1265, DHOLIPAL, 38045, 1164780, Total, 0, 0, 0, 0, 0, 0, 1470000, 1470000
2015, RAJASTHAN, 8, HANUMANGARH, 92, HANUMANGARH, 1265, FATEHGARH, 38049, 1164812, Roads, 0, 0, 0, 0, 0, 0, 1668000, 1668000
2015, RAJASTHAN, 8, HANUMANGARH, 92, HANUMANGARH, 1265, FATEHGARH, 38049, 1164812, Total, 0, 0, 0, 0, 0, 0, 1668000, 1668000
2015, RAJASTHAN, 8, HANUMANGARH, 92, HANUMANGARH, 1265, HIRNAWALI, 38057, 1128734, Roads, 0, 0, 0, 0, 0, 0, 1868000, 1868000
2015, RAJASTHAN, 8, HANUMANGARH, 92, HANUMANGARH, 1265, HIRNAWALI, 38057, 1128734, Total, 0, 0, 0, 0, 0, 0, 1868000, 1868000
2015, RAJASTHAN, 8, HANUMANGARH, 92, HANUMANGARH, 1265, JANDAWALI, 38061, 1164837, Roads, 0, 0, 0, 0, 0, 0, 1886000, 1886000
2015, RAJASTHAN, 8, HANUMANGARH, 92, HANUMANGARH, 1265, JANDAWALI, 38061, 1164837, Total, 0, 0, 0, 0, 0, 0, 1886000, 1886000
2015, RAJASTHAN, 8, HANUMANGARH, 92, HANUMANGARH, 1265, JHAMBER, 38063, 1165464, Roads, 0, 0, 0, 0, 0, 0, 1619000, 1619000
2015, RAJASTHAN, 8, HANUMANGARH, 92, HANUMANGARH, 1265, JHAMBER, 38063, 1165464, Sanitation, 0, 0, 0, 0, 0, 0, 990000, 990000
2015, RAJASTHAN, 8, HANUMANGARH, 92, HANUMANGARH, 1265, JHAMBER, 38063, 1165464, Total, 0, 0, 0, 0, 0, 0, 2609000, 2609000
2015, RAJASTHAN, 8, HANUMANGARH, 92, HANUMANGARH, 1265, JORKIYAN, 38064, 1164844, Roads, 0, 0, 0, 0, 0, 0, 525000, 525000
2015, RAJASTHAN, 8, HANUMANGARH, 92, HANUMANGARH, 1265, JORKIYAN, 38064, 1164844, Total, 0, 0, 0, 0, 0, 0, 525000, 525000
2015, RAJASTHAN, 8, HANUMANGARH, 92, HANUMANGARH, 1265, KISHANPURA DIKHNADA, 38073, 1164851, Drinking water, 0, 0, 0, 0, 0, 0, 693000, 693000
2015, RAJASTHAN, 8, HANUMANGARH, 92, HANUMANGARH, 1265, KISHANPURA DIKHNADA, 38073, 1164851, Roads, 0, 0, 0, 0, 0, 0, 997000, 997000
2015, RAJASTHAN, 8, HANUMANGARH, 92, HANUMANGARH, 1265, KISHANPURA DIKHNADA, 38073, 1164851, Total, 0, 0, 0, 0, 0, 0, 1690000, 1690000
2015, RAJASTHAN, 8, HANUMANGARH, 92, HANUMANGARH, 1265, KOHLA, 38074, 1099977, Roads, 0, 0, 0, 0, 0, 0, 1263436, 1263436
2015, RAJASTHAN, 8, HANUMANGARH, 92, HANUMANGARH, 1265, KOHLA, 38074, 1099977, Total, 0, 0, 0, 0, 0, 0, 1263436, 1263436
2015, RAJASTHAN, 8, HANUMANGARH, 92, HANUMANGARH, 1265, LAKHUWALI, 38077, 1203629, Roads, 0, 0, 0, 0, 0, 0, 930000, 930000
2015, RAJASTHAN, 8, HANUMANGARH, 92, HANUMANGARH, 1265, LAKHUWALI, 38077, 1203629, Rural housing, 0, 0, 0, 0, 0, 0, 800000, 800000
2015, RAJASTHAN, 8, HANUMANGARH, 92, HANUMANGARH, 1265, LAKHUWALI, 38077, 1203629, Total, 0, 0, 0, 0, 0, 0, 1730000, 1730000
2015, RAJASTHAN, 8, HANUMANGARH, 92, HANUMANGARH, 1265, MAINAWALI, 38081, 1099994, Health, 0, 0, 0, 0, 0, 0, 348000, 348000
2015, RAJASTHAN, 8, HANUMANGARH, 92, HANUMANGARH, 1265, MAINAWALI, 38081, 1099994, Roads, 0, 0, 0, 0, 0, 0, 702000, 702000
2015, RAJASTHAN, 8, HANUMANGARH, 92, HANUMANGARH, 1265, MAINAWALI, 38081, 1099994, Sanitation, 0, 0, 0, 0, 0, 0, 707000, 707000
2015, RAJASTHAN, 8, HANUMANGARH, 92, HANUMANGARH, 1265, MAINAWALI, 38081, 1099994, Total, 0, 0, 0, 0, 0, 0, 1757000, 1757000
2015, RAJASTHAN, 8, HANUMANGARH, 92, HANUMANGARH, 1265, MAKASAR, 38082, 1099646, Health, 0, 0, 0, 0, 0, 0, 3589340, 3589340
2015, RAJASTHAN, 8, HANUMANGARH, 92, HANUMANGARH, 1265, MAKASAR, 38082, 1099646, Sanitation, 0, 0, 0, 0, 0, 0, 975882, 975882
2015, RAJASTHAN, 8, HANUMANGARH, 92, HANUMANGARH, 1265, MAKASAR, 38082, 1099646, Total, 0, 0, 0, 0, 0, 0, 4565222, 4565222
2015, RAJASTHAN, 8, HANUMANGARH, 92, HANUMANGARH, 1265, MANUKA, 38087, 1165484, Roads, 0, 0, 0, 0, 0, 0, 1673000, 1673000
2015, RAJASTHAN, 8, HANUMANGARH, 92, HANUMANGARH, 1265, MANUKA, 38087, 1165484, Total, 0, 0, 0, 0, 0, 0, 1673000, 1673000
2015, RAJASTHAN, 8, HANUMANGARH, 92, HANUMANGARH, 1265, MATORIA WALI DHANI, 38089, 1203761, Drinking water, 0, 0, 0, 0, 0, 0, 136000, 136000
2015, RAJASTHAN, 8, HANUMANGARH, 92, HANUMANGARH, 1265, MATORIA WALI DHANI, 38089, 1203761, Roads, 0, 0, 0, 0, 0, 0, 1700000, 1700000
2015, RAJASTHAN, 8, HANUMANGARH, 92, HANUMANGARH, 1265, MATORIA WALI DHANI, 38089, 1203761, Sanitation, 0, 0, 0, 0, 0, 0, 80000, 80000
2015, RAJASTHAN, 8, HANUMANGARH, 92, HANUMANGARH, 1265, MATORIA WALI DHANI, 38089, 1203761, Total, 0, 0, 0, 0, 0, 0, 1916000, 1916000
2015, RAJASTHAN, 8, HANUMANGARH, 92, HANUMANGARH, 1265, MUNDA, 38093, 1203648, Drinking water, 0, 0, 0, 0, 0, 0, 2000000, 2000000
2015, RAJASTHAN, 8, HANUMANGARH, 92, HANUMANGARH, 1265, MUNDA, 38093, 1203648, Roads, 0, 0, 0, 0, 0, 0, 5000000, 5000000
2015, RAJASTHAN, 8, HANUMANGARH, 92, HANUMANGARH, 1265, MUNDA, 38093, 1203648, Rural housing, 0, 0, 0, 0, 0, 0, 600000, 600000
2015, RAJASTHAN, 8, HANUMANGARH, 92, HANUMANGARH, 1265, MUNDA, 38093, 1203648, Sanitation, 0, 0, 0, 0, 0, 0, 300000, 300000
2015, RAJASTHAN, 8, HANUMANGARH, 92, HANUMANGARH, 1265, MUNDA, 38093, 1203648, Total, 0, 0, 0, 0, 0, 0, 7900000, 7900000
2015, RAJASTHAN, 8, HANUMANGARH, 92, HANUMANGARH, 1265, NAWAN, 38097, 1165363, Roads, 0, 0, 0, 0, 0, 0, 924000, 924000
2015, RAJASTHAN, 8, HANUMANGARH, 92, HANUMANGARH, 1265, NAWAN, 38097, 1165363, Sanitation, 0, 0, 0, 0, 0, 0, 1297000, 1297000
2015, RAJASTHAN, 8, HANUMANGARH, 92, HANUMANGARH, 1265, NAWAN, 38097, 1165363, Total, 0, 0, 0, 0, 0, 0, 2221000, 2221000
2015, RAJASTHAN, 8, HANUMANGARH, 92, HANUMANGARH, 1265, NORANGDESAR, 38098, 1165569, Rural housing, 0, 0, 0, 0, 0, 0, 1435000, 1435000
2015, RAJASTHAN, 8, HANUMANGARH, 92, HANUMANGARH, 1265, NORANGDESAR, 38098, 1165569, Sanitation, 0, 0, 0, 0, 0, 0, 150000, 150000
2015, RAJASTHAN, 8, HANUMANGARH, 92, HANUMANGARH, 1265, NORANGDESAR, 38098, 1165569, Total, 0, 0, 0, 0, 0, 0, 1585000, 1585000
2015, RAJASTHAN, 8, HANUMANGARH, 92, HANUMANGARH, 1265, PAKKA BHADVA, 38105, 1164876, Roads, 0, 0, 0, 0, 0, 0, 2668000, 2668000
2015, RAJASTHAN, 8, HANUMANGARH, 92, HANUMANGARH, 1265, PAKKA BHADVA, 38105, 1164876, Sanitation, 0, 0, 0, 0, 0, 0, 667000, 667000
2015, RAJASTHAN, 8, HANUMANGARH, 92, HANUMANGARH, 1265, PAKKA BHADVA, 38105, 1164876, Total, 0, 0, 0, 0, 0, 0, 3335000, 3335000
2015, RAJASTHAN, 8, HANUMANGARH, 92, HANUMANGARH, 1265, PAKKA SAHARNA, 38106, 1203695, Drinking water, 0, 0, 0, 0, 0, 0, 700000, 700000
2015, RAJASTHAN, 8, HANUMANGARH, 92, HANUMANGARH, 1265, PAKKA SAHARNA, 38106, 1203695, Roads, 0, 0, 0, 0, 0, 0, 6600000, 6600000
2015, RAJASTHAN, 8, HANUMANGARH, 92, HANUMANGARH, 1265, PAKKA SAHARNA, 38106, 1203695, Rural electrification, 0, 0, 0, 0, 0, 0, 200000, 200000
2015, RAJASTHAN, 8, HANUMANGARH, 92, HANUMANGARH, 1265, PAKKA SAHARNA, 38106, 1203695, Rural housing, 0, 0, 0, 0, 0, 0, 400000, 400000
2015, RAJASTHAN, 8, HANUMANGARH, 92, HANUMANGARH, 1265, PAKKA SAHARNA, 38106, 1203695, Total, 0, 0, 0, 0, 0, 0, 7900000, 7900000
2015, RAJASTHAN, 8, HANUMANGARH, 92, HANUMANGARH, 1265, RAMSARA NARAIN, 38109, 1127300, Roads, 0, 0, 0, 0, 0, 0, 6100000, 6100000
2015, RAJASTHAN, 8, HANUMANGARH, 92, HANUMANGARH, 1265, RAMSARA NARAIN, 38109, 1127300, Sanitation, 0, 0, 0, 0, 0, 0, 200000, 200000
2015, RAJASTHAN, 8, HANUMANGARH, 92, HANUMANGARH, 1265, RAMSARA NARAIN, 38109, 1127300, Total, 0, 0, 0, 0, 0, 0, 6300000, 6300000
2015, RAJASTHAN, 8, HANUMANGARH, 92, HANUMANGARH, 1265, RANJEET PURA, 38110, 1164888, Roads, 0, 0, 0, 0, 0, 0, 1991000, 1991000
2015, RAJASTHAN, 8, HANUMANGARH, 92, HANUMANGARH, 1265, RANJEET PURA, 38110, 1164888, Sanitation, 0, 0, 0, 0, 0, 0, 760000, 760000
2015, RAJASTHAN, 8, HANUMANGARH, 92, HANUMANGARH, 1265, RANJEET PURA, 38110, 1164888, Total, 0, 0, 0, 0, 0, 0, 2751000, 2751000
2015, RAJASTHAN, 8, HANUMANGARH, 92, HANUMANGARH, 1265, RODAWALI, 38114, 1165307, Roads, 0, 0, 0, 0, 0, 0, 1250000, 1250000
2015, RAJASTHAN, 8, HANUMANGARH, 92, HANUMANGARH, 1265, RODAWALI, 38114, 1165307, Total, 0, 0, 0, 0, 0, 0, 1250000, 1250000
2015, RAJASTHAN, 8, HANUMANGARH, 92, HANUMANGARH, 1265, SAHAJIPURA, 38116, 1203427, Roads, 0, 0, 0, 0, 0, 0, 3400000, 3400000
2015, RAJASTHAN, 8, HANUMANGARH, 92, HANUMANGARH, 1265, SAHAJIPURA, 38116, 1203427, Total, 0, 0, 0, 0, 0, 0, 3400000, 3400000
2015, RAJASTHAN, 8, HANUMANGARH, 92, HANUMANGARH, 1265, SATIPURA, 38123, 1203502, Roads, 0, 0, 0, 0, 0, 0, 984984, 984984
2015, RAJASTHAN, 8, HANUMANGARH, 92, HANUMANGARH, 1265, SATIPURA, 38123, 1203502, Sanitation, 0, 0, 0, 0, 0, 0, 243791, 243791
2015, RAJASTHAN, 8, HANUMANGARH, 92, HANUMANGARH, 1265, SATIPURA, 38123, 1203502, Total, 0, 0, 0, 0, 0, 0, 1228775, 1228775
2015, RAJASTHAN, 8, HANUMANGARH, 92, HANUMANGARH, 1265, SRINAGAR, 38127, 1164890, Roads, 0, 0, 0, 0, 0, 0, 2652000, 2652000
2015, RAJASTHAN, 8, HANUMANGARH, 92, HANUMANGARH, 1265, SRINAGAR, 38127, 1164890, Total, 0, 0, 0, 0, 0, 0, 2652000, 2652000
2015, RAJASTHAN, 8, HANUMANGARH, 92, HANUMANGARH, 1265, UTTAM SINGH WALA, 38134, 1149193, Roads, 0, 0, 0, 0, 0, 0, 1564488, 1564488
2015, RAJASTHAN, 8, HANUMANGARH, 92, HANUMANGARH, 1265, UTTAM SINGH WALA, 38134, 1149193, Sanitation, 0, 0, 0, 0, 0, 0, 164845, 164845
2015, RAJASTHAN, 8, HANUMANGARH, 92, HANUMANGARH, 1265, UTTAM SINGH WALA, 38134, 1149193, Total, 0, 0, 0, 0, 0, 0, 1729333, 1729333
2015, RAJASTHAN, 8, HANUMANGARH, 92, NOHAR, 1266, 22 NTR, 38137, 1161764, Drinking water, 0, 0, 0, 0, 0, 0, 100000, 100000
2015, RAJASTHAN, 8, HANUMANGARH, 92, NOHAR, 1266, 22 NTR, 38137, 1161764, Education, 0, 0, 0, 0, 0, 0, 597753, 597753
2015, RAJASTHAN, 8, HANUMANGARH, 92, NOHAR, 1266, 22 NTR, 38137, 1161764, Roads, 0, 0, 0, 0, 0, 0, 1541267, 1541267
2015, RAJASTHAN, 8, HANUMANGARH, 92, NOHAR, 1266, 22 NTR, 38137, 1161764, Total, 0, 0, 0, 0, 0, 0, 2239020, 2239020
2015, RAJASTHAN, 8, HANUMANGARH, 92, NOHAR, 1266, ARARKI, 38143, 1164118, Drinking water, 0, 0, 0, 0, 0, 0, 139700, 139700
2015, RAJASTHAN, 8, HANUMANGARH, 92, NOHAR, 1266, ARARKI, 38143, 1164118, Roads, 0, 0, 0, 0, 0, 0, 2764496, 2764496
2015, RAJASTHAN, 8, HANUMANGARH, 92, NOHAR, 1266, ARARKI, 38143, 1164118, Total, 0, 0, 0, 0, 0, 0, 2904196, 2904196
2015, RAJASTHAN, 8, HANUMANGARH, 92, NOHAR, 1266, BADBIRANA, 38144, 1171154, Social welfare, 0, 0, 0, 0, 0, 0, 2632569, 2632569
2015, RAJASTHAN, 8, HANUMANGARH, 92, NOHAR, 1266, BADBIRANA, 38144, 1171154, Total, 0, 0, 0, 0, 0, 0, 2632569, 2632569
2015, RAJASTHAN, 8, HANUMANGARH, 92, NOHAR, 1266, BARWALI (11 NTR (B) ), 38146, 1170940, Health, 0, 0, 0, 0, 0, 0, 517000, 517000
2015, RAJASTHAN, 8, HANUMANGARH, 92, NOHAR, 1266, BARWALI (11 NTR (B) ), 38146, 1170940, Public distribution system, 0, 0, 0, 0, 0, 0, 114000, 114000
2015, RAJASTHAN, 8, HANUMANGARH, 92, NOHAR, 1266, BARWALI (11 NTR (B) ), 38146, 1170940, Roads, 0, 0, 0, 0, 0, 0, 1952000, 1952000
2015, RAJASTHAN, 8, HANUMANGARH, 92, NOHAR, 1266, BARWALI (11 NTR (B) ), 38146, 1170940, Sanitation, 0, 0, 0, 0, 0, 0, 22916, 22916
2015, RAJASTHAN, 8, HANUMANGARH, 92, NOHAR, 1266, BARWALI (11 NTR (B) ), 38146, 1170940, Total, 0, 0, 0, 0, 0, 0, 2605916, 2605916
2015, RAJASTHAN, 8, HANUMANGARH, 92, NOHAR, 1266, BHANGULI, 38148, 1167692, Roads, 0, 0, 0, 0, 0, 0, 2194446, 2194446
2015, RAJASTHAN, 8, HANUMANGARH, 92, NOHAR, 1266, BHANGULI, 38148, 1167692, Sanitation, 0, 0, 0, 0, 0, 0, 58751, 58751
2015, RAJASTHAN, 8, HANUMANGARH, 92, NOHAR, 1266, BHANGULI, 38148, 1167692, Total, 0, 0, 0, 0, 0, 0, 2253197, 2253197
2015, RAJASTHAN, 8, HANUMANGARH, 92, NOHAR, 1266, BHOGRANA, 38150, 1159697, Drinking water, 0, 0, 0, 0, 0, 0, 300000, 300000
2015, RAJASTHAN, 8, HANUMANGARH, 92, NOHAR, 1266, BHOGRANA, 38150, 1159697, Education, 0, 0, 0, 0, 0, 0, 200000, 200000
2015, RAJASTHAN, 8, HANUMANGARH, 92, NOHAR, 1266, BHOGRANA, 38150, 1159697, Markets and fairs, 0, 0, 0, 0, 0, 0, 400000, 400000
2015, RAJASTHAN, 8, HANUMANGARH, 92, NOHAR, 1266, BHOGRANA, 38150, 1159697, Roads, 0, 0, 0, 0, 0, 0, 847437, 847437
2015, RAJASTHAN, 8, HANUMANGARH, 92, NOHAR, 1266, BHOGRANA, 38150, 1159697, Sanitation, 0, 0, 0, 0, 0, 0, 427504, 427504
2015, RAJASTHAN, 8, HANUMANGARH, 92, NOHAR, 1266, BHOGRANA, 38150, 1159697, Total, 0, 0, 0, 0, 0, 0, 2174941, 2174941
2015, RAJASTHAN, 8, HANUMANGARH, 92, NOHAR, 1266, BHUKARKA, 38151, 1169471, Cultural activities, 0, 0, 0, 0, 0, 0, 922500, 922500
2015, RAJASTHAN, 8, HANUMANGARH, 92, NOHAR, 1266, BHUKARKA, 38151, 1169471, Drinking water, 0, 0, 0, 0, 0, 0, 105000, 105000
2015, RAJASTHAN, 8, HANUMANGARH, 92, NOHAR, 1266, BHUKARKA, 38151, 1169471, Education, 0, 0, 0, 0, 0, 0, 196247, 196247
2015, RAJASTHAN, 8, HANUMANGARH, 92, NOHAR, 1266, BHUKARKA, 38151, 1169471, Family welfare, 0, 0, 0, 0, 0, 0, 200000, 200000
2015, RAJASTHAN, 8, HANUMANGARH, 92, NOHAR, 1266, BHUKARKA, 38151, 1169471, Land improvement, 0, 0, 0, 0, 0, 0, 75000, 75000
2015, RAJASTHAN, 8, HANUMANGARH, 92, NOHAR, 1266, BHUKARKA, 38151, 1169471, Maintenance of community system, 0, 0, 0, 0, 0, 0, 200000, 200000
2015, RAJASTHAN, 8, HANUMANGARH, 92, NOHAR, 1266, BHUKARKA, 38151, 1169471, Markets and fairs, 0, 0, 0, 0, 0, 0, 260000, 260000
2015, RAJASTHAN, 8, HANUMANGARH, 92, NOHAR, 1266, BHUKARKA, 38151, 1169471, Roads, 0, 0, 0, 0, 0, 0, 2005031, 2005031
2015, RAJASTHAN, 8, HANUMANGARH, 92, NOHAR, 1266, BHUKARKA, 38151, 1169471, Sanitation, 0, 0, 0, 0, 0, 0, 471182, 471182
2015, RAJASTHAN, 8, HANUMANGARH, 92, NOHAR, 1266, BHUKARKA, 38151, 1169471, Social welfare, 0, 0, 0, 0, 0, 0, 94465, 94465
2015, RAJASTHAN, 8, HANUMANGARH, 92, NOHAR, 1266, BHUKARKA, 38151, 1169471, Total, 0, 0, 0, 0, 0, 0, 4529425, 4529425
2015, RAJASTHAN, 8, HANUMANGARH, 92, NOHAR, 1266, BIRKALI, 38152, 1163154, Roads, 0, 0, 0, 0, 0, 0, 2478933, 2478933
2015, RAJASTHAN, 8, HANUMANGARH, 92, NOHAR, 1266, BIRKALI, 38152, 1163154, Sanitation, 0, 0, 0, 0, 0, 0, 478000, 478000
2015, RAJASTHAN, 8, HANUMANGARH, 92, NOHAR, 1266, BIRKALI, 38152, 1163154, Total, 0, 0, 0, 0, 0, 0, 2956933, 2956933
2015, RAJASTHAN, 8, HANUMANGARH, 92, NOHAR, 1266, CHAK SARDARPURA, 38155, 1171795, Drinking water, 0, 0, 0, 0, 0, 0, 184352, 184352
2015, RAJASTHAN, 8, HANUMANGARH, 92, NOHAR, 1266, CHAK SARDARPURA, 38155, 1171795, Education, 0, 0, 0, 0, 0, 0, 629491, 629491
2015, RAJASTHAN, 8, HANUMANGARH, 92, NOHAR, 1266, CHAK SARDARPURA, 38155, 1171795, Roads, 0, 0, 0, 0, 0, 0, 2064834, 2064834
2015, RAJASTHAN, 8, HANUMANGARH, 92, NOHAR, 1266, CHAK SARDARPURA, 38155, 1171795, Total, 0, 0, 0, 0, 0, 0, 2878677, 2878677
2015, RAJASTHAN, 8, HANUMANGARH, 92, NOHAR, 1266, DALPATPURA, 38156, 1169068, Cultural activities, 0, 0, 0, 0, 0, 0, 311418, 311418
2015, RAJASTHAN, 8, HANUMANGARH, 92, NOHAR, 1266, DALPATPURA, 38156, 1169068, Roads, 0, 0, 0, 0, 0, 0, 2748722, 2748722
2015, RAJASTHAN, 8, HANUMANGARH, 92, NOHAR, 1266, DALPATPURA, 38156, 1169068, Total, 0, 0, 0, 0, 0, 0, 3060140, 3060140
2015, RAJASTHAN, 8, HANUMANGARH, 92, NOHAR, 1266, DEEPLANA (23 DPN ), 38158, 1162858, Health, 0, 0, 0, 0, 0, 0, 1544613, 1544613
2015, RAJASTHAN, 8, HANUMANGARH, 92, NOHAR, 1266, DEEPLANA (23 DPN ), 38158, 1162858, Roads, 0, 0, 0, 0, 0, 0, 500000, 500000
2015, RAJASTHAN, 8, HANUMANGARH, 92, NOHAR, 1266, DEEPLANA (23 DPN ), 38158, 1162858, Sanitation, 0, 0, 0, 0, 0, 0, 236403, 236403
2015, RAJASTHAN, 8, HANUMANGARH, 92, NOHAR, 1266, DEEPLANA (23 DPN ), 38158, 1162858, Social welfare, 0, 0, 0, 0, 0, 0, 803509, 803509
2015, RAJASTHAN, 8, HANUMANGARH, 92, NOHAR, 1266, DEEPLANA (23 DPN ), 38158, 1162858, Total, 0, 0, 0, 0, 0, 0, 3084525, 3084525
2015, RAJASTHAN, 8, HANUMANGARH, 92, NOHAR, 1266, DEIDAS, 38159, 1170592, Sanitation, 0, 0, 0, 0, 0, 0, 4534529, 4534529
2015, RAJASTHAN, 8, HANUMANGARH, 92, NOHAR, 1266, DEIDAS, 38159, 1170592, Total, 0, 0, 0, 0, 0, 0, 4534529, 4534529
2015, RAJASTHAN, 8, HANUMANGARH, 92, NOHAR, 1266, DHANDELA, 38160, 1164383, Drinking water, 0, 0, 0, 0, 0, 0, 200000, 200000
2015, RAJASTHAN, 8, HANUMANGARH, 92, NOHAR, 1266, DHANDELA, 38160, 1164383, Health, 0, 0, 0, 0, 0, 0, 1037574, 1037574
2015, RAJASTHAN, 8, HANUMANGARH, 92, NOHAR, 1266, DHANDELA, 38160, 1164383, Sanitation, 0, 0, 0, 0, 0, 0, 662904, 662904
2015, RAJASTHAN, 8, HANUMANGARH, 92, NOHAR, 1266, DHANDELA, 38160, 1164383, Total, 0, 0, 0, 0, 0, 0, 1900478, 1900478
2015, RAJASTHAN, 8, HANUMANGARH, 92, NOHAR, 1266, DHANSIA, 38163, 1162741, Cultural activities, 0, 0, 0, 0, 0, 0, 110000, 110000
2015, RAJASTHAN, 8, HANUMANGARH, 92, NOHAR, 1266, DHANSIA, 38163, 1162741, Health, 0, 0, 0, 0, 0, 0, 700000, 700000
2015, RAJASTHAN, 8, HANUMANGARH, 92, NOHAR, 1266, DHANSIA, 38163, 1162741, Roads, 0, 0, 0, 0, 0, 0, 3012000, 3012000
2015, RAJASTHAN, 8, HANUMANGARH, 92, NOHAR, 1266, DHANSIA, 38163, 1162741, Sanitation, 0, 0, 0, 0, 0, 0, 386462, 386462
2015, RAJASTHAN, 8, HANUMANGARH, 92, NOHAR, 1266, DHANSIA, 38163, 1162741, Total, 0, 0, 0, 0, 0, 0, 4208462, 4208462
2015, RAJASTHAN, 8, HANUMANGARH, 92, NOHAR, 1266, DHILKY (9 GGM ), 38164, 1159095, Drinking water, 0, 0, 0, 0, 0, 0, 355409, 355409
2015, RAJASTHAN, 8, HANUMANGARH, 92, NOHAR, 1266, DHILKY (9 GGM ), 38164, 1159095, Education, 0, 0, 0, 0, 0, 0, 761895, 761895
2015, RAJASTHAN, 8, HANUMANGARH, 92, NOHAR, 1266, DHILKY (9 GGM ), 38164, 1159095, Health, 0, 0, 0, 0, 0, 0, 70181, 70181
2015, RAJASTHAN, 8, HANUMANGARH, 92, NOHAR, 1266, DHILKY (9 GGM ), 38164, 1159095, Maintenance of community system, 0, 0, 0, 0, 0, 0, 381225, 381225
2015, RAJASTHAN, 8, HANUMANGARH, 92, NOHAR, 1266, DHILKY (9 GGM ), 38164, 1159095, Roads, 0, 0, 0, 0, 0, 0, 337443, 337443
2015, RAJASTHAN, 8, HANUMANGARH, 92, NOHAR, 1266, DHILKY (9 GGM ), 38164, 1159095, Sanitation, 0, 0, 0, 0, 0, 0, 262870, 262870
2015, RAJASTHAN, 8, HANUMANGARH, 92, NOHAR, 1266, DHILKY (9 GGM ), 38164, 1159095, Social welfare, 0, 0, 0, 0, 0, 0, 247491, 247491
2015, RAJASTHAN, 8, HANUMANGARH, 92, NOHAR, 1266, DHILKY (9 GGM ), 38164, 1159095, Total, 0, 0, 0, 0, 0, 0, 2416514, 2416514
2015, RAJASTHAN, 8, HANUMANGARH, 92, NOHAR, 1266, GOGAMERI (5 GGM ), 38166, 1165451, Cultural activities, 0, 0, 0, 0, 0, 0, 624864, 624864
2015, RAJASTHAN, 8, HANUMANGARH, 92, NOHAR, 1266, GOGAMERI (5 GGM ), 38166, 1165451, Drinking water, 0, 0, 0, 0, 0, 0, 250000, 250000
2015, RAJASTHAN, 8, HANUMANGARH, 92, NOHAR, 1266, GOGAMERI (5 GGM ), 38166, 1165451, Education, 0, 0, 0, 0, 0, 0, 150000, 150000
2015, RAJASTHAN, 8, HANUMANGARH, 92, NOHAR, 1266, GOGAMERI (5 GGM ), 38166, 1165451, Land improvement, 0, 0, 0, 0, 0, 0, 600000, 600000
2015, RAJASTHAN, 8, HANUMANGARH, 92, NOHAR, 1266, GOGAMERI (5 GGM ), 38166, 1165451, Roads, 0, 0, 0, 0, 0, 0, 1514667, 1514667
2015, RAJASTHAN, 8, HANUMANGARH, 92, NOHAR, 1266, GOGAMERI (5 GGM ), 38166, 1165451, Total, 0, 0, 0, 0, 0, 0, 3139531, 3139531
2015, RAJASTHAN, 8, HANUMANGARH, 92, NOHAR, 1266, GORKHANA, 38167, 1094697, Drinking water, 0, 0, 0, 0, 0, 0, 218558, 218558
2015, RAJASTHAN, 8, HANUMANGARH, 92, NOHAR, 1266, GORKHANA, 38167, 1094697, Education, 0, 0, 0, 0, 0, 0, 578139, 578139
2015, RAJASTHAN, 8, HANUMANGARH, 92, NOHAR, 1266, GORKHANA, 38167, 1094697, Roads, 0, 0, 0, 0, 0, 0, 3218393, 3218393
2015, RAJASTHAN, 8, HANUMANGARH, 92, NOHAR, 1266, GORKHANA, 38167, 1094697, Total, 0, 0, 0, 0, 0, 0, 4015090, 4015090
2015, RAJASTHAN, 8, HANUMANGARH, 92, NOHAR, 1266, GUDIYA (14 JSN ), 38168, 1169873, Drinking water, 0, 0, 0, 0, 0, 0, 525300, 525300
2015, RAJASTHAN, 8, HANUMANGARH, 92, NOHAR, 1266, GUDIYA (14 JSN ), 38168, 1169873, Land improvement, 0, 0, 0, 0, 0, 0, 46150, 46150
2015, RAJASTHAN, 8, HANUMANGARH, 92, NOHAR, 1266, GUDIYA (14 JSN ), 38168, 1169873, Roads, 0, 0, 0, 0, 0, 0, 2231807, 2231807
2015, RAJASTHAN, 8, HANUMANGARH, 92, NOHAR, 1266, GUDIYA (14 JSN ), 38168, 1169873, Total, 0, 0, 0, 0, 0, 0, 2803257, 2803257
2015, RAJASTHAN, 8, HANUMANGARH, 92, NOHAR, 1266, JABRASAR, 38170, 1166215, Drinking water, 0, 0, 0, 0, 0, 0, 438014, 438014
2015, RAJASTHAN, 8, HANUMANGARH, 92, NOHAR, 1266, JABRASAR, 38170, 1166215, Roads, 0, 0, 0, 0, 0, 0, 2601535, 2601535
2015, RAJASTHAN, 8, HANUMANGARH, 92, NOHAR, 1266, JABRASAR, 38170, 1166215, Sanitation, 0, 0, 0, 0, 0, 0, 305829, 305829
2015, RAJASTHAN, 8, HANUMANGARH, 92, NOHAR, 1266, JABRASAR, 38170, 1166215, Total, 0, 0, 0, 0, 0, 0, 3345378, 3345378
2015, RAJASTHAN, 8, HANUMANGARH, 92, NOHAR, 1266, JASANA (25 JSN ), 38171, 1154472, Drinking water, 0, 0, 0, 0, 0, 0, 965550, 965550
2015, RAJASTHAN, 8, HANUMANGARH, 92, NOHAR, 1266, JASANA (25 JSN ), 38171, 1154472, Education, 0, 0, 0, 0, 0, 0, 200000, 200000
2015, RAJASTHAN, 8, HANUMANGARH, 92, NOHAR, 1266, JASANA (25 JSN ), 38171, 1154472, Maintenance of community system, 0, 0, 0, 0, 0, 0, 350000, 350000
2015, RAJASTHAN, 8, HANUMANGARH, 92, NOHAR, 1266, JASANA (25 JSN ), 38171, 1154472, Roads, 0, 0, 0, 0, 0, 0, 2512729, 2512729
2015, RAJASTHAN, 8, HANUMANGARH, 92, NOHAR, 1266, JASANA (25 JSN ), 38171, 1154472, Sanitation, 0, 0, 0, 0, 0, 0, 390000, 390000
2015, RAJASTHAN, 8, HANUMANGARH, 92, NOHAR, 1266, JASANA (25 JSN ), 38171, 1154472, Total, 0, 0, 0, 0, 0, 0, 4418279, 4418279
2015, RAJASTHAN, 8, HANUMANGARH, 92, NOHAR, 1266, KANSAR, 38173, 1165012, Drinking water, 0, 0, 0, 0, 0, 0, 897551, 897551
2015, RAJASTHAN, 8, HANUMANGARH, 92, NOHAR, 1266, KANSAR, 38173, 1165012, Roads, 0, 0, 0, 0, 0, 0, 2410195, 2410195
2015, RAJASTHAN, 8, HANUMANGARH, 92, NOHAR, 1266, KANSAR, 38173, 1165012, Social welfare, 0, 0, 0, 0, 0, 0, 38400, 38400
2015, RAJASTHAN, 8, HANUMANGARH, 92, NOHAR, 1266, KANSAR, 38173, 1165012, Total, 0, 0, 0, 0, 0, 0, 3347646, 3347646
2015, RAJASTHAN, 8, HANUMANGARH, 92, NOHAR, 1266, KANSAR, 38173, 1165012, Women and child development, 0, 0, 0, 0, 0, 0, 1500, 1500
2015, RAJASTHAN, 8, HANUMANGARH, 92, NOHAR, 1266, KHUIYAN, 38178, 1162061, Drinking water, 0, 0, 0, 0, 0, 0, 431686, 431686
2015, RAJASTHAN, 8, HANUMANGARH, 92, NOHAR, 1266, KHUIYAN, 38178, 1162061, Roads, 0, 0, 0, 0, 0, 0, 2660000, 2660000
2015, RAJASTHAN, 8, HANUMANGARH, 92, NOHAR, 1266, KHUIYAN, 38178, 1162061, Sanitation, 0, 0, 0, 0, 0, 0, 363138, 363138
2015, RAJASTHAN, 8, HANUMANGARH, 92, NOHAR, 1266, KHUIYAN, 38178, 1162061, Total, 0, 0, 0, 0, 0, 0, 3454824, 3454824
2015, RAJASTHAN, 8, HANUMANGARH, 92, NOHAR, 1266, KIKARALI, 38179, 1104242, Roads, 0, 0, 0, 0, 0, 0, 2469290, 2469290
2015, RAJASTHAN, 8, HANUMANGARH, 92, NOHAR, 1266, KIKARALI, 38179, 1104242, Sanitation, 0, 0, 0, 0, 0, 0, 74541, 74541
2015, RAJASTHAN, 8, HANUMANGARH, 92, NOHAR, 1266, KIKARALI, 38179, 1104242, Total, 0, 0, 0, 0, 0, 0, 2543831, 2543831
2015, RAJASTHAN, 8, HANUMANGARH, 92, NOHAR, 1266, LAKHASAR, 38180, 1161853, Drinking water, 0, 0, 0, 0, 0, 0, 200000, 200000
2015, RAJASTHAN, 8, HANUMANGARH, 92, NOHAR, 1266, LAKHASAR, 38180, 1161853, Education, 0, 0, 0, 0, 0, 0, 180000, 180000
2015, RAJASTHAN, 8, HANUMANGARH, 92, NOHAR, 1266, LAKHASAR, 38180, 1161853, Roads, 0, 0, 0, 0, 0, 0, 1427956, 1427956
2015, RAJASTHAN, 8, HANUMANGARH, 92, NOHAR, 1266, LAKHASAR, 38180, 1161853, Sanitation, 0, 0, 0, 0, 0, 0, 898331, 898331
2015, RAJASTHAN, 8, HANUMANGARH, 92, NOHAR, 1266, LAKHASAR, 38180, 1161853, Total, 0, 0, 0, 0, 0, 0, 2706287, 2706287
2015, RAJASTHAN, 8, HANUMANGARH, 92, NOHAR, 1266, LALANA DHIKHANADA, 38181, 1170702, Cultural activities, 0, 0, 0, 0, 0, 0, 1000000, 1000000
2015, RAJASTHAN, 8, HANUMANGARH, 92, NOHAR, 1266, LALANA DHIKHANADA, 38181, 1170702, Roads, 0, 0, 0, 0, 0, 0, 1580208, 1580208
2015, RAJASTHAN, 8, HANUMANGARH, 92, NOHAR, 1266, LALANA DHIKHANADA, 38181, 1170702, Sanitation, 0, 0, 0, 0, 0, 0, 251203, 251203
2015, RAJASTHAN, 8, HANUMANGARH, 92, NOHAR, 1266, LALANA DHIKHANADA, 38181, 1170702, Total, 0, 0, 0, 0, 0, 0, 2831411, 2831411
2015, RAJASTHAN, 8, HANUMANGARH, 92, NOHAR, 1266, LALANA UTRADA, 38182, 1170790, Public distribution system, 0, 0, 0, 0, 0, 0, 390000, 390000
2015, RAJASTHAN, 8, HANUMANGARH, 92, NOHAR, 1266, LALANA UTRADA, 38182, 1170790, Roads, 0, 0, 0, 0, 0, 0, 626084, 626084
2015, RAJASTHAN, 8, HANUMANGARH, 92, NOHAR, 1266, LALANA UTRADA, 38182, 1170790, Rural electrification, 0, 0, 0, 0, 0, 0, 2000000, 2000000
2015, RAJASTHAN, 8, HANUMANGARH, 92, NOHAR, 1266, LALANA UTRADA, 38182, 1170790, Social forestry and farm forestry, 0, 0, 0, 0, 0, 0, 200000, 200000
2015, RAJASTHAN, 8, HANUMANGARH, 92, NOHAR, 1266, LALANA UTRADA, 38182, 1170790, Total, 0, 0, 0, 0, 0, 0, 3216084, 3216084
2015, RAJASTHAN, 8, HANUMANGARH, 92, NOHAR, 1266, LALANIA, 38183, 1161589, Cultural activities, 0, 0, 0, 0, 0, 0, 243467, 243467
2015, RAJASTHAN, 8, HANUMANGARH, 92, NOHAR, 1266, LALANIA, 38183, 1161589, Roads, 0, 0, 0, 0, 0, 0, 2214533, 2214533
2015, RAJASTHAN, 8, HANUMANGARH, 92, NOHAR, 1266, LALANIA, 38183, 1161589, Sanitation, 0, 0, 0, 0, 0, 0, 261897, 261897
2015, RAJASTHAN, 8, HANUMANGARH, 92, NOHAR, 1266, LALANIA, 38183, 1161589, Total, 0, 0, 0, 0, 0, 0, 2719897, 2719897
2015, RAJASTHAN, 8, HANUMANGARH, 92, NOHAR, 1266, MALAWANI (3 BARANI), 38186, 1164196, Drinking water, 0, 0, 0, 0, 0, 0, 300000, 300000
2015, RAJASTHAN, 8, HANUMANGARH, 92, NOHAR, 1266, MALAWANI (3 BARANI), 38186, 1164196, Fisheries, 0, 0, 0, 0, 0, 0, 406784, 406784
2015, RAJASTHAN, 8, HANUMANGARH, 92, NOHAR, 1266, MALAWANI (3 BARANI), 38186, 1164196, Land improvement, 0, 0, 0, 0, 0, 0, 300000, 300000
2015, RAJASTHAN, 8, HANUMANGARH, 92, NOHAR, 1266, MALAWANI (3 BARANI), 38186, 1164196, Maintenance of community system, 0, 0, 0, 0, 0, 0, 300000, 300000
2015, RAJASTHAN, 8, HANUMANGARH, 92, NOHAR, 1266, MALAWANI (3 BARANI), 38186, 1164196, Roads, 0, 0, 0, 0, 0, 0, 1735722, 1735722
2015, RAJASTHAN, 8, HANUMANGARH, 92, NOHAR, 1266, MALAWANI (3 BARANI), 38186, 1164196, Total, 0, 0, 0, 0, 0, 0, 3042506, 3042506
2015, RAJASTHAN, 8, HANUMANGARH, 92, NOHAR, 1266, MANDARPURA, 38187, 1167359, Drinking water, 0, 0, 0, 0, 0, 0, 2108142, 2108142
2015, RAJASTHAN, 8, HANUMANGARH, 92, NOHAR, 1266, MANDARPURA, 38187, 1167359, Fisheries, 0, 0, 0, 0, 0, 0, 461889, 461889
2015, RAJASTHAN, 8, HANUMANGARH, 92, NOHAR, 1266, MANDARPURA, 38187, 1167359, Roads, 0, 0, 0, 0, 0, 0, 398811, 398811
2015, RAJASTHAN, 8, HANUMANGARH, 92, NOHAR, 1266, MANDARPURA, 38187, 1167359, Total, 0, 0, 0, 0, 0, 0, 2968842, 2968842
2015, RAJASTHAN, 8, HANUMANGARH, 92, NOHAR, 1266, MEGHANA, 38188, 1172932, Cultural activities, 0, 0, 0, 0, 0, 0, 473443, 473443
2015, RAJASTHAN, 8, HANUMANGARH, 92, NOHAR, 1266, MEGHANA, 38188, 1172932, Education, 0, 0, 0, 0, 0, 0, 417081, 417081
2015, RAJASTHAN, 8, HANUMANGARH, 92, NOHAR, 1266, MEGHANA, 38188, 1172932, Roads, 0, 0, 0, 0, 0, 0, 2056769, 2056769
2015, RAJASTHAN, 8, HANUMANGARH, 92, NOHAR, 1266, MEGHANA, 38188, 1172932, Total, 0, 0, 0, 0, 0, 0, 2947293, 2947293
2015, RAJASTHAN, 8, HANUMANGARH, 92, NOHAR, 1266, NANAU, 38192, 1168935, Drinking water, 0, 0, 0, 0, 0, 0, 439398, 439398
2015, RAJASTHAN, 8, HANUMANGARH, 92, NOHAR, 1266, NANAU, 38192, 1168935, Education, 0, 0, 0, 0, 0, 0, 169974, 169974
2015, RAJASTHAN, 8, HANUMANGARH, 92, NOHAR, 1266, NANAU, 38192, 1168935, Family welfare, 0, 0, 0, 0, 0, 0, 576520, 576520
2015, RAJASTHAN, 8, HANUMANGARH, 92, NOHAR, 1266, NANAU, 38192, 1168935, Roads, 0, 0, 0, 0, 0, 0, 1306768, 1306768
2015, RAJASTHAN, 8, HANUMANGARH, 92, NOHAR, 1266, NANAU, 38192, 1168935, Social welfare, 0, 0, 0, 0, 0, 0, 500000, 500000
2015, RAJASTHAN, 8, HANUMANGARH, 92, NOHAR, 1266, NANAU, 38192, 1168935, Total, 0, 0, 0, 0, 0, 0, 2992660, 2992660
2015, RAJASTHAN, 8, HANUMANGARH, 92, NOHAR, 1266, NEEMLA, 38193, 1161850, Drinking water, 0, 0, 0, 0, 0, 0, 264200, 264200
2015, RAJASTHAN, 8, HANUMANGARH, 92, NOHAR, 1266, NEEMLA, 38193, 1161850, Roads, 0, 0, 0, 0, 0, 0, 2006429, 2006429
2015, RAJASTHAN, 8, HANUMANGARH, 92, NOHAR, 1266, NEEMLA, 38193, 1161850, Sanitation, 0, 0, 0, 0, 0, 0, 447000, 447000
2015, RAJASTHAN, 8, HANUMANGARH, 92, NOHAR, 1266, NEEMLA, 38193, 1161850, Total, 0, 0, 0, 0, 0, 0, 2717629, 2717629
2015, RAJASTHAN, 8, HANUMANGARH, 92, NOHAR, 1266, PADAMPURA (10 JSN ), 38196, 1154459, Land improvement, 0, 0, 0, 0, 0, 0, 530258, 530258
2015, RAJASTHAN, 8, HANUMANGARH, 92, NOHAR, 1266, PADAMPURA (10 JSN ), 38196, 1154459, Roads, 0, 0, 0, 0, 0, 0, 1207903, 1207903
2015, RAJASTHAN, 8, HANUMANGARH, 92, NOHAR, 1266, PADAMPURA (10 JSN ), 38196, 1154459, Sanitation, 0, 0, 0, 0, 0, 0, 561536, 561536
2015, RAJASTHAN, 8, HANUMANGARH, 92, NOHAR, 1266, PADAMPURA (10 JSN ), 38196, 1154459, Total, 0, 0, 0, 0, 0, 0, 2299697, 2299697
2015, RAJASTHAN, 8, HANUMANGARH, 92, NOHAR, 1266, PANDUSAR, 38198, 1161468, Roads, 0, 0, 0, 0, 0, 0, 3768598, 3768598
2015, RAJASTHAN, 8, HANUMANGARH, 92, NOHAR, 1266, PANDUSAR, 38198, 1161468, Sanitation, 0, 0, 0, 0, 0, 0, 179577, 179577
2015, RAJASTHAN, 8, HANUMANGARH, 92, NOHAR, 1266, PANDUSAR, 38198, 1161468, Total, 0, 0, 0, 0, 0, 0, 3948175, 3948175
2015, RAJASTHAN, 8, HANUMANGARH, 92, NOHAR, 1266, PARLIKA (19 NTR ), 38199, 1168078, Education, 0, 0, 0, 0, 0, 0, 100000, 100000
2015, RAJASTHAN, 8, HANUMANGARH, 92, NOHAR, 1266, PARLIKA (19 NTR ), 38199, 1168078, Health, 0, 0, 0, 0, 0, 0, 240000, 240000
2015, RAJASTHAN, 8, HANUMANGARH, 92, NOHAR, 1266, PARLIKA (19 NTR ), 38199, 1168078, Maintenance of community system, 0, 0, 0, 0, 0, 0, 50000, 50000
2015, RAJASTHAN, 8, HANUMANGARH, 92, NOHAR, 1266, PARLIKA (19 NTR ), 38199, 1168078, Roads, 0, 0, 0, 0, 0, 0, 1916217, 1916217
2015, RAJASTHAN, 8, HANUMANGARH, 92, NOHAR, 1266, PARLIKA (19 NTR ), 38199, 1168078, Sanitation, 0, 0, 0, 0, 0, 0, 2585000, 2585000
2015, RAJASTHAN, 8, HANUMANGARH, 92, NOHAR, 1266, PARLIKA (19 NTR ), 38199, 1168078, Total, 0, 0, 0, 0, 0, 0, 4891217, 4891217
2015, RAJASTHAN, 8, HANUMANGARH, 92, NOHAR, 1266, PHEPHANA (1 KNN ), 38200, 1163358, Drinking water, 0, 0, 0, 0, 0, 0, 1566241, 1566241
2015, RAJASTHAN, 8, HANUMANGARH, 92, NOHAR, 1266, PHEPHANA (1 KNN ), 38200, 1163358, Health, 0, 0, 0, 0, 0, 0, 174000, 174000
2015, RAJASTHAN, 8, HANUMANGARH, 92, NOHAR, 1266, PHEPHANA (1 KNN ), 38200, 1163358, Maintenance of community system, 0, 0, 0, 0, 0, 0, 240000, 240000
2015, RAJASTHAN, 8, HANUMANGARH, 92, NOHAR, 1266, PHEPHANA (1 KNN ), 38200, 1163358, Roads, 0, 0, 0, 0, 0, 0, 4490647, 4490647
2015, RAJASTHAN, 8, HANUMANGARH, 92, NOHAR, 1266, PHEPHANA (1 KNN ), 38200, 1163358, Sanitation, 0, 0, 0, 0, 0, 0, 1815000, 1815000
2015, RAJASTHAN, 8, HANUMANGARH, 92, NOHAR, 1266, PHEPHANA (1 KNN ), 38200, 1163358, Total, 0, 0, 0, 0, 0, 0, 8285888, 8285888
2015, RAJASTHAN, 8, HANUMANGARH, 92, NOHAR, 1266, PICHKARAI(6BARANI), 38201, 1167209, Animal husbandry, 0, 0, 0, 0, 0, 0, 707815, 707815
2015, RAJASTHAN, 8, HANUMANGARH, 92, NOHAR, 1266, PICHKARAI(6BARANI), 38201, 1167209, Drinking water, 0, 0, 0, 0, 0, 0, 43065, 43065
2015, RAJASTHAN, 8, HANUMANGARH, 92, NOHAR, 1266, PICHKARAI(6BARANI), 38201, 1167209, Health, 0, 0, 0, 0, 0, 0, 554464, 554464
2015, RAJASTHAN, 8, HANUMANGARH, 92, NOHAR, 1266, PICHKARAI(6BARANI), 38201, 1167209, Land improvement, 0, 0, 0, 0, 0, 0, 321976, 321976
2015, RAJASTHAN, 8, HANUMANGARH, 92, NOHAR, 1266, PICHKARAI(6BARANI), 38201, 1167209, Roads, 0, 0, 0, 0, 0, 0, 882865, 882865
2015, RAJASTHAN, 8, HANUMANGARH, 92, NOHAR, 1266, PICHKARAI(6BARANI), 38201, 1167209, Sanitation, 0, 0, 0, 0, 0, 0, 150306, 150306
2015, RAJASTHAN, 8, HANUMANGARH, 92, NOHAR, 1266, PICHKARAI(6BARANI), 38201, 1167209, Social welfare, 0, 0, 0, 0, 0, 0, 193000, 193000
2015, RAJASTHAN, 8, HANUMANGARH, 92, NOHAR, 1266, PICHKARAI(6BARANI), 38201, 1167209, Total, 0, 0, 0, 0, 0, 0, 2853491, 2853491
2015, RAJASTHAN, 8, HANUMANGARH, 92, NOHAR, 1266, RAMASARA  (26 NTR ), 38204, 1162645, Cultural activities, 0, 0, 0, 0, 0, 0, 172300, 172300
2015, RAJASTHAN, 8, HANUMANGARH, 92, NOHAR, 1266, RAMASARA  (26 NTR ), 38204, 1162645, Drinking water, 0, 0, 0, 0, 0, 0, 42200, 42200
2015, RAJASTHAN, 8, HANUMANGARH, 92, NOHAR, 1266, RAMASARA  (26 NTR ), 38204, 1162645, Roads, 0, 0, 0, 0, 0, 0, 1653205, 1653205
2015, RAJASTHAN, 8, HANUMANGARH, 92, NOHAR, 1266, RAMASARA  (26 NTR ), 38204, 1162645, Sanitation, 0, 0, 0, 0, 0, 0, 400236, 400236
2015, RAJASTHAN, 8, HANUMANGARH, 92, NOHAR, 1266, RAMASARA  (26 NTR ), 38204, 1162645, Total, 0, 0, 0, 0, 0, 0, 2267941, 2267941
2015, RAJASTHAN, 8, HANUMANGARH, 92, NOHAR, 1266, RAMGARH (16 DPN), 38205, 1167802, Administrative & Technical Support, 0, 0, 0, 0, 0, 0, 300000, 300000
2015, RAJASTHAN, 8, HANUMANGARH, 92, NOHAR, 1266, RAMGARH (16 DPN), 38205, 1167802, Adult and non-formal education, 0, 0, 0, 0, 0, 0, 213984, 213984
2015, RAJASTHAN, 8, HANUMANGARH, 92, NOHAR, 1266, RAMGARH (16 DPN), 38205, 1167802, Agriculture, 0, 0, 0, 0, 0, 0, 111000, 111000
2015, RAJASTHAN, 8, HANUMANGARH, 92, NOHAR, 1266, RAMGARH (16 DPN), 38205, 1167802, Roads, 0, 0, 0, 0, 0, 0, 2496000, 2496000
2015, RAJASTHAN, 8, HANUMANGARH, 92, NOHAR, 1266, RAMGARH (16 DPN), 38205, 1167802, Sanitation, 0, 0, 0, 0, 0, 0, 2037549, 2037549
2015, RAJASTHAN, 8, HANUMANGARH, 92, NOHAR, 1266, RAMGARH (16 DPN), 38205, 1167802, Social welfare, 0, 0, 0, 0, 0, 0, 175000, 175000
2015, RAJASTHAN, 8, HANUMANGARH, 92, NOHAR, 1266, RAMGARH (16 DPN), 38205, 1167802, Total, 0, 0, 0, 0, 0, 0, 5333533, 5333533
2015, RAJASTHAN, 8, HANUMANGARH, 92, NOHAR, 1266, RATANPURA(1 RPM ), 38207, 1162627, Drinking water, 0, 0, 0, 0, 0, 0, 120000, 120000
2015, RAJASTHAN, 8, HANUMANGARH, 92, NOHAR, 1266, RATANPURA(1 RPM ), 38207, 1162627, Education, 0, 0, 0, 0, 0, 0, 427000, 427000
2015, RAJASTHAN, 8, HANUMANGARH, 92, NOHAR, 1266, RATANPURA(1 RPM ), 38207, 1162627, Roads, 0, 0, 0, 0, 0, 0, 2080622, 2080622
2015, RAJASTHAN, 8, HANUMANGARH, 92, NOHAR, 1266, RATANPURA(1 RPM ), 38207, 1162627, Sanitation, 0, 0, 0, 0, 0, 0, 500000, 500000
2015, RAJASTHAN, 8, HANUMANGARH, 92, NOHAR, 1266, RATANPURA(1 RPM ), 38207, 1162627, Total, 0, 0, 0, 0, 0, 0, 3127622, 3127622
2015, RAJASTHAN, 8, HANUMANGARH, 92, NOHAR, 1266, SHEORANI, 38211, 1163250, Education, 0, 0, 0, 0, 0, 0, 583369, 583369
2015, RAJASTHAN, 8, HANUMANGARH, 92, NOHAR, 1266, SHEORANI, 38211, 1163250, Roads, 0, 0, 0, 0, 0, 0, 1470218, 1470218
2015, RAJASTHAN, 8, HANUMANGARH, 92, NOHAR, 1266, SHEORANI, 38211, 1163250, Total, 0, 0, 0, 0, 0, 0, 2053587, 2053587
2015, RAJASTHAN, 8, HANUMANGARH, 92, NOHAR, 1266, SIRANGSAR, 38209, 1160699, Drinking water, 0, 0, 0, 0, 0, 0, 120000, 120000
2015, RAJASTHAN, 8, HANUMANGARH, 92, NOHAR, 1266, SIRANGSAR, 38209, 1160699, Maintenance of community system, 0, 0, 0, 0, 0, 0, 100000, 100000
2015, RAJASTHAN, 8, HANUMANGARH, 92, NOHAR, 1266, SIRANGSAR, 38209, 1160699, Roads, 0, 0, 0, 0, 0, 0, 1991643, 1991643
2015, RAJASTHAN, 8, HANUMANGARH, 92, NOHAR, 1266, SIRANGSAR, 38209, 1160699, Rural electrification, 0, 0, 0, 0, 0, 0, 677048, 677048
2015, RAJASTHAN, 8, HANUMANGARH, 92, NOHAR, 1266, SIRANGSAR, 38209, 1160699, Sanitation, 0, 0, 0, 0, 0, 0, 100000, 100000
2015, RAJASTHAN, 8, HANUMANGARH, 92, NOHAR, 1266, SIRANGSAR, 38209, 1160699, Total, 0, 0, 0, 0, 0, 0, 2988691, 2988691
2015, RAJASTHAN, 8, HANUMANGARH, 92, NOHAR, 1266, SONARI, 38210, 1162735, Roads, 0, 0, 0, 0, 0, 0, 4734472, 4734472
2015, RAJASTHAN, 8, HANUMANGARH, 92, NOHAR, 1266, SONARI, 38210, 1162735, Sanitation, 0, 0, 0, 0, 0, 0, 334804, 334804
2015, RAJASTHAN, 8, HANUMANGARH, 92, NOHAR, 1266, SONARI, 38210, 1162735, Total, 0, 0, 0, 0, 0, 0, 5069276, 5069276
2015, RAJASTHAN, 8, HANUMANGARH, 92, NOHAR, 1266, THALKARA (17 RWD), 38212, 1164500, Health, 0, 0, 0, 0, 0, 0, 1747000, 1747000
2015, RAJASTHAN, 8, HANUMANGARH, 92, NOHAR, 1266, THALKARA (17 RWD), 38212, 1164500, Sanitation, 0, 0, 0, 0, 0, 0, 1032000, 1032000
2015, RAJASTHAN, 8, HANUMANGARH, 92, NOHAR, 1266, THALKARA (17 RWD), 38212, 1164500, Total, 0, 0, 0, 0, 0, 0, 2779000, 2779000
2015, RAJASTHAN, 8, HANUMANGARH, 92, NOHAR, 1266, THALKARA (17 RWD), 38212, 1164796, Education, 0, 0, 0, 0, 0, 0, 426664, 426664
2015, RAJASTHAN, 8, HANUMANGARH, 92, NOHAR, 1266, THALKARA (17 RWD), 38212, 1164796, Health, 0, 0, 0, 0, 0, 0, 400000, 400000
2015, RAJASTHAN, 8, HANUMANGARH, 92, NOHAR, 1266, THALKARA (17 RWD), 38212, 1164796, Total, 0, 0, 0, 0, 0, 0, 826664, 826664
2015, RAJASTHAN, 8, HANUMANGARH, 92, NOHAR, 1266, TOPARIAN BARANI, 38213, 1161334, Education, 0, 0, 0, 0, 0, 0, 470187, 470187
2015, RAJASTHAN, 8, HANUMANGARH, 92, NOHAR, 1266, TOPARIAN BARANI, 38213, 1161334, Public distribution system, 0, 0, 0, 0, 0, 0, 117966, 117966
2015, RAJASTHAN, 8, HANUMANGARH, 92, NOHAR, 1266, TOPARIAN BARANI, 38213, 1161334, Roads, 0, 0, 0, 0, 0, 0, 1453794, 1453794
2015, RAJASTHAN, 8, HANUMANGARH, 92, NOHAR, 1266, TOPARIAN BARANI, 38213, 1161334, Sanitation, 0, 0, 0, 0, 0, 0, 95000, 95000
2015, RAJASTHAN, 8, HANUMANGARH, 92, NOHAR, 1266, TOPARIAN BARANI, 38213, 1161334, Total, 0, 0, 0, 0, 0, 0, 2136947, 2136947
2015, RAJASTHAN, 8, HANUMANGARH, 92, NOHAR, 1266, TYDIASAR, 38214, 1161297, Education, 0, 0, 0, 0, 0, 0, 244603, 244603
2015, RAJASTHAN, 8, HANUMANGARH, 92, NOHAR, 1266, TYDIASAR, 38214, 1161297, Roads, 0, 0, 0, 0, 0, 0, 2390234, 2390234
2015, RAJASTHAN, 8, HANUMANGARH, 92, NOHAR, 1266, TYDIASAR, 38214, 1161297, Total, 0, 0, 0, 0, 0, 0, 2634837, 2634837
2015, RAJASTHAN, 8, HANUMANGARH, 92, NOHAR, 1266, UJALWAS(11 BARANI ), 38215, 1162761, Roads, 0, 0, 0, 0, 0, 0, 1468546, 1468546
2015, RAJASTHAN, 8, HANUMANGARH, 92, NOHAR, 1266, UJALWAS(11 BARANI ), 38215, 1162761, Sanitation, 0, 0, 0, 0, 0, 0, 200000, 200000
2015, RAJASTHAN, 8, HANUMANGARH, 92, NOHAR, 1266, UJALWAS(11 BARANI ), 38215, 1162761, Total, 0, 0, 0, 0, 0, 0, 1668546, 1668546
2015, RAJASTHAN, 8, HANUMANGARH, 92, PILIBANGA, 6842, 18 SPD, 38014, 1149537, Drinking water, 0, 0, 0, 0, 0, 0, 100000, 100000
2015, RAJASTHAN, 8, HANUMANGARH, 92, PILIBANGA, 6842, 18 SPD, 38014, 1149537, Sanitation, 0, 0, 0, 0, 0, 0, 1260000, 1260000
2015, RAJASTHAN, 8, HANUMANGARH, 92, PILIBANGA, 6842, 18 SPD, 38014, 1149537, Social welfare, 0, 0, 0, 0, 0, 0, 1500000, 1500000
2015, RAJASTHAN, 8, HANUMANGARH, 92, PILIBANGA, 6842, 18 SPD, 38014, 1149537, Total, 0, 0, 0, 0, 0, 0, 2860000, 2860000
2015, RAJASTHAN, 8, HANUMANGARH, 92, PILIBANGA, 6842, AMARPURA RATHAN, 38021, 1099123, Drinking water, 0, 0, 0, 0, 0, 0, 1300000, 1300000
2015, RAJASTHAN, 8, HANUMANGARH, 92, PILIBANGA, 6842, AMARPURA RATHAN, 38021, 1099123, Roads, 0, 0, 0, 0, 0, 0, 700000, 700000
2015, RAJASTHAN, 8, HANUMANGARH, 92, PILIBANGA, 6842, AMARPURA RATHAN, 38021, 1099123, Social welfare, 0, 0, 0, 0, 0, 0, 750000, 750000
2015, RAJASTHAN, 8, HANUMANGARH, 92, PILIBANGA, 6842, AMARPURA RATHAN, 38021, 1099123, Total, 0, 0, 0, 0, 0, 0, 2750000, 2750000
2015, RAJASTHAN, 8, HANUMANGARH, 92, PILIBANGA, 6842, AYALKI, 38023, 1099761, Drinking water, 0, 0, 0, 0, 0, 0, 200000, 200000
2015, RAJASTHAN, 8, HANUMANGARH, 92, PILIBANGA, 6842, AYALKI, 38023, 1099761, Roads, 0, 0, 0, 0, 0, 0, 1000000, 1000000
2015, RAJASTHAN, 8, HANUMANGARH, 92, PILIBANGA, 6842, AYALKI, 38023, 1099761, Sanitation, 0, 0, 0, 0, 0, 0, 250000, 250000
2015, RAJASTHAN, 8, HANUMANGARH, 92, PILIBANGA, 6842, AYALKI, 38023, 1099761, Social welfare, 0, 0, 0, 0, 0, 0, 300000, 300000
2015, RAJASTHAN, 8, HANUMANGARH, 92, PILIBANGA, 6842, AYALKI, 38023, 1099761, Total, 0, 0, 0, 0, 0, 0, 1750000, 1750000
2015, RAJASTHAN, 8, HANUMANGARH, 92, PILIBANGA, 6842, BADOPAL, 38024, 1153551, Drinking water, 0, 0, 0, 0, 0, 0, 1185000, 1185000
2015, RAJASTHAN, 8, HANUMANGARH, 92, PILIBANGA, 6842, BADOPAL, 38024, 1153551, Roads, 0, 0, 0, 0, 0, 0, 550000, 550000
2015, RAJASTHAN, 8, HANUMANGARH, 92, PILIBANGA, 6842, BADOPAL, 38024, 1153551, Sanitation, 0, 0, 0, 0, 0, 0, 225000, 225000
2015, RAJASTHAN, 8, HANUMANGARH, 92, PILIBANGA, 6842, BADOPAL, 38024, 1153551, Total, 0, 0, 0, 0, 0, 0, 1960000, 1960000
2015, RAJASTHAN, 8, HANUMANGARH, 92, PILIBANGA, 6842, DABALI BAS KUTAB, 38036, 1139536, Drinking water, 0, 0, 0, 0, 0, 0, 600000, 600000
2015, RAJASTHAN, 8, HANUMANGARH, 92, PILIBANGA, 6842, DABALI BAS KUTAB, 38036, 1139536, Roads, 0, 0, 0, 0, 0, 0, 2400000, 2400000
2015, RAJASTHAN, 8, HANUMANGARH, 92, PILIBANGA, 6842, DABALI BAS KUTAB, 38036, 1139536, Sanitation, 0, 0, 0, 0, 0, 0, 1190000, 1190000
2015, RAJASTHAN, 8, HANUMANGARH, 92, PILIBANGA, 6842, DABALI BAS KUTAB, 38036, 1139536, Social welfare, 0, 0, 0, 0, 0, 0, 400000, 400000
2015, RAJASTHAN, 8, HANUMANGARH, 92, PILIBANGA, 6842, DABALI BAS KUTAB, 38036, 1139536, Total, 0, 0, 0, 0, 0, 0, 4590000, 4590000
2015, RAJASTHAN, 8, HANUMANGARH, 92, PILIBANGA, 6842, DABLI BAS CHUGATA, 38038, 1157502, Roads, 0, 0, 0, 0, 0, 0, 5750000, 5750000
2015, RAJASTHAN, 8, HANUMANGARH, 92, PILIBANGA, 6842, DABLI BAS CHUGATA, 38038, 1157502, Sanitation, 0, 0, 0, 0, 0, 0, 50000, 50000
2015, RAJASTHAN, 8, HANUMANGARH, 92, PILIBANGA, 6842, DABLI BAS CHUGATA, 38038, 1157502, Social welfare, 0, 0, 0, 0, 0, 0, 320000, 320000
2015, RAJASTHAN, 8, HANUMANGARH, 92, PILIBANGA, 6842, DABLI BAS CHUGATA, 38038, 1157502, Total, 0, 0, 0, 0, 0, 0, 6120000, 6120000
2015, RAJASTHAN, 8, HANUMANGARH, 92, PILIBANGA, 6842, DABLI BAS MIDHA ROHI, 38039, 1149163, Sanitation, 0, 0, 0, 0, 0, 0, 590000, 590000
2015, RAJASTHAN, 8, HANUMANGARH, 92, PILIBANGA, 6842, DABLI BAS MIDHA ROHI, 38039, 1149163, Total, 0, 0, 0, 0, 0, 0, 590000, 590000
2015, RAJASTHAN, 8, HANUMANGARH, 92, PILIBANGA, 6842, DABLI BAS MOLVI, 38040, 1152002, Drinking water, 0, 0, 0, 0, 0, 0, 900000, 900000
2015, RAJASTHAN, 8, HANUMANGARH, 92, PILIBANGA, 6842, DABLI BAS MOLVI, 38040, 1152002, Roads, 0, 0, 0, 0, 0, 0, 1000000, 1000000
2015, RAJASTHAN, 8, HANUMANGARH, 92, PILIBANGA, 6842, DABLI BAS MOLVI, 38040, 1152002, Sanitation, 0, 0, 0, 0, 0, 0, 1300000, 1300000
2015, RAJASTHAN, 8, HANUMANGARH, 92, PILIBANGA, 6842, DABLI BAS MOLVI, 38040, 1152002, Social welfare, 0, 0, 0, 0, 0, 0, 1400000, 1400000
2015, RAJASTHAN, 8, HANUMANGARH, 92, PILIBANGA, 6842, DABLI BAS MOLVI, 38040, 1152002, Total, 0, 0, 0, 0, 0, 0, 4600000, 4600000
2015, RAJASTHAN, 8, HANUMANGARH, 92, PILIBANGA, 6842, DABLI BAS PEMA, 38041, 1136686, Drinking water, 0, 0, 0, 0, 0, 0, 745000, 745000
2015, RAJASTHAN, 8, HANUMANGARH, 92, PILIBANGA, 6842, DABLI BAS PEMA, 38041, 1136686, Roads, 0, 0, 0, 0, 0, 0, 620000, 620000
2015, RAJASTHAN, 8, HANUMANGARH, 92, PILIBANGA, 6842, DABLI BAS PEMA, 38041, 1136686, Sanitation, 0, 0, 0, 0, 0, 0, 545000, 545000
2015, RAJASTHAN, 8, HANUMANGARH, 92, PILIBANGA, 6842, DABLI BAS PEMA, 38041, 1136686, Social welfare, 0, 0, 0, 0, 0, 0, 775000, 775000
2015, RAJASTHAN, 8, HANUMANGARH, 92, PILIBANGA, 6842, DABLI BAS PEMA, 38041, 1136686, Total, 0, 0, 0, 0, 0, 0, 2685000, 2685000
2015, RAJASTHAN, 8, HANUMANGARH, 92, PILIBANGA, 6842, DINGWALA, 38046, 1153354, Sanitation, 0, 0, 0, 0, 0, 0, 85000, 85000
2015, RAJASTHAN, 8, HANUMANGARH, 92, PILIBANGA, 6842, DINGWALA, 38046, 1153354, Social welfare, 0, 0, 0, 0, 0, 0, 2400000, 2400000
2015, RAJASTHAN, 8, HANUMANGARH, 92, PILIBANGA, 6842, DINGWALA, 38046, 1153354, Total, 0, 0, 0, 0, 0, 0, 2485000, 2485000
2015, RAJASTHAN, 8, HANUMANGARH, 92, PILIBANGA, 6842, DOLTANWALI, 38047, 1099778, Roads, 0, 0, 0, 0, 0, 0, 2100000, 2100000
2015, RAJASTHAN, 8, HANUMANGARH, 92, PILIBANGA, 6842, DOLTANWALI, 38047, 1099778, Sanitation, 0, 0, 0, 0, 0, 0, 300000, 300000
2015, RAJASTHAN, 8, HANUMANGARH, 92, PILIBANGA, 6842, DOLTANWALI, 38047, 1099778, Social welfare, 0, 0, 0, 0, 0, 0, 150000, 150000
2015, RAJASTHAN, 8, HANUMANGARH, 92, PILIBANGA, 6842, DOLTANWALI, 38047, 1099778, Total, 0, 0, 0, 0, 0, 0, 2550000, 2550000
2015, RAJASTHAN, 8, HANUMANGARH, 92, PILIBANGA, 6842, DULMANA, 38048, 1098416, Drinking water, 0, 0, 0, 0, 0, 0, 250000, 250000
2015, RAJASTHAN, 8, HANUMANGARH, 92, PILIBANGA, 6842, DULMANA, 38048, 1098416, Roads, 0, 0, 0, 0, 0, 0, 1483000, 1483000
2015, RAJASTHAN, 8, HANUMANGARH, 92, PILIBANGA, 6842, DULMANA, 38048, 1098416, Social welfare, 0, 0, 0, 0, 0, 0, 1150000, 1150000
2015, RAJASTHAN, 8, HANUMANGARH, 92, PILIBANGA, 6842, DULMANA, 38048, 1098416, Total, 0, 0, 0, 0, 0, 0, 2883000, 2883000
2015, RAJASTHAN, 8, HANUMANGARH, 92, PILIBANGA, 6842, GOLUWALA NIWADAN, 38051, 1141831, Agriculture, 0, 0, 0, 0, 0, 0, 11000000, 11000000
2015, RAJASTHAN, 8, HANUMANGARH, 92, PILIBANGA, 6842, GOLUWALA NIWADAN, 38051, 1141831, Drinking water, 0, 0, 0, 0, 0, 0, 3000000, 3000000
2015, RAJASTHAN, 8, HANUMANGARH, 92, PILIBANGA, 6842, GOLUWALA NIWADAN, 38051, 1141831, Roads, 0, 0, 0, 0, 0, 0, 19200000, 19200000
2015, RAJASTHAN, 8, HANUMANGARH, 92, PILIBANGA, 6842, GOLUWALA NIWADAN, 38051, 1141831, Sanitation, 0, 0, 0, 0, 0, 0, 8500000, 8500000
2015, RAJASTHAN, 8, HANUMANGARH, 92, PILIBANGA, 6842, GOLUWALA NIWADAN, 38051, 1141831, Social welfare, 0, 0, 0, 0, 0, 0, 14500000, 14500000
2015, RAJASTHAN, 8, HANUMANGARH, 92, PILIBANGA, 6842, GOLUWALA NIWADAN, 38051, 1141831, Total, 0, 0, 0, 0, 0, 0, 56200000, 56200000
2015, RAJASTHAN, 8, HANUMANGARH, 92, PILIBANGA, 6842, GOLUWALA SIHAGAN, 38052, 1143184, Drinking water, 0, 0, 0, 0, 0, 0, 200000, 200000
2015, RAJASTHAN, 8, HANUMANGARH, 92, PILIBANGA, 6842, GOLUWALA SIHAGAN, 38052, 1143184, Roads, 0, 0, 0, 0, 0, 0, 1300000, 1300000
2015, RAJASTHAN, 8, HANUMANGARH, 92, PILIBANGA, 6842, GOLUWALA SIHAGAN, 38052, 1143184, Sanitation, 0, 0, 0, 0, 0, 0, 185000, 185000
2015, RAJASTHAN, 8, HANUMANGARH, 92, PILIBANGA, 6842, GOLUWALA SIHAGAN, 38052, 1143184, Social welfare, 0, 0, 0, 0, 0, 0, 680000, 680000
2015, RAJASTHAN, 8, HANUMANGARH, 92, PILIBANGA, 6842, GOLUWALA SIHAGAN, 38052, 1143184, Total, 0, 0, 0, 0, 0, 0, 2365000, 2365000
2015, RAJASTHAN, 8, HANUMANGARH, 92, PILIBANGA, 6842, HANSLIYA, 38054, 1139797, Roads, 0, 0, 0, 0, 0, 0, 5000000, 5000000
2015, RAJASTHAN, 8, HANUMANGARH, 92, PILIBANGA, 6842, HANSLIYA, 38054, 1139797, Total, 0, 0, 0, 0, 0, 0, 5000000, 5000000
2015, RAJASTHAN, 8, HANUMANGARH, 92, PILIBANGA, 6842, HARDAYALPURA, 38055, 1159067, Drinking water, 0, 0, 0, 0, 0, 0, 1900000, 1900000
2015, RAJASTHAN, 8, HANUMANGARH, 92, PILIBANGA, 6842, HARDAYALPURA, 38055, 1159067, Sanitation, 0, 0, 0, 0, 0, 0, 700000, 700000
2015, RAJASTHAN, 8, HANUMANGARH, 92, PILIBANGA, 6842, HARDAYALPURA, 38055, 1159067, Social welfare, 0, 0, 0, 0, 0, 0, 1300000, 1300000
2015, RAJASTHAN, 8, HANUMANGARH, 92, PILIBANGA, 6842, HARDAYALPURA, 38055, 1159067, Total, 0, 0, 0, 0, 0, 0, 3900000, 3900000
2015, RAJASTHAN, 8, HANUMANGARH, 92, PILIBANGA, 6842, JAKHRAWALI, 38060, 1151721, Roads, 0, 0, 0, 0, 0, 0, 2822000, 2822000
2015, RAJASTHAN, 8, HANUMANGARH, 92, PILIBANGA, 6842, JAKHRAWALI, 38060, 1151721, Sanitation, 0, 0, 0, 0, 0, 0, 291000, 291000
2015, RAJASTHAN, 8, HANUMANGARH, 92, PILIBANGA, 6842, JAKHRAWALI, 38060, 1151721, Total, 0, 0, 0, 0, 0, 0, 3113000, 3113000
2015, RAJASTHAN, 8, HANUMANGARH, 92, PILIBANGA, 6842, KALI BANGAN, 38065, 1142224, Drinking water, 0, 0, 0, 0, 0, 0, 110000, 110000
2015, RAJASTHAN, 8, HANUMANGARH, 92, PILIBANGA, 6842, KALI BANGAN, 38065, 1142224, Roads, 0, 0, 0, 0, 0, 0, 290000, 290000
2015, RAJASTHAN, 8, HANUMANGARH, 92, PILIBANGA, 6842, KALI BANGAN, 38065, 1142224, Sanitation, 0, 0, 0, 0, 0, 0, 220000, 220000
2015, RAJASTHAN, 8, HANUMANGARH, 92, PILIBANGA, 6842, KALI BANGAN, 38065, 1142224, Social welfare, 0, 0, 0, 0, 0, 0, 980000, 980000
2015, RAJASTHAN, 8, HANUMANGARH, 92, PILIBANGA, 6842, KALI BANGAN, 38065, 1142224, Total, 0, 0, 0, 0, 0, 0, 1600000, 1600000
2015, RAJASTHAN, 8, HANUMANGARH, 92, PILIBANGA, 6842, KANHEWALA, 38066, 1104371, Drinking water, 0, 0, 0, 0, 0, 0, 550000, 550000
2015, RAJASTHAN, 8, HANUMANGARH, 92, PILIBANGA, 6842, KANHEWALA, 38066, 1104371, Roads, 0, 0, 0, 0, 0, 0, 700000, 700000
2015, RAJASTHAN, 8, HANUMANGARH, 92, PILIBANGA, 6842, KANHEWALA, 38066, 1104371, Sanitation, 0, 0, 0, 0, 0, 0, 600000, 600000
2015, RAJASTHAN, 8, HANUMANGARH, 92, PILIBANGA, 6842, KANHEWALA, 38066, 1104371, Social welfare, 0, 0, 0, 0, 0, 0, 1050000, 1050000
2015, RAJASTHAN, 8, HANUMANGARH, 92, PILIBANGA, 6842, KANHEWALA, 38066, 1104371, Total, 0, 0, 0, 0, 0, 0, 2900000, 2900000
2015, RAJASTHAN, 8, HANUMANGARH, 92, PILIBANGA, 6842, KHARLIYAN, 38068, 1100990, Drinking water, 0, 0, 0, 0, 0, 0, 2000000, 2000000
2015, RAJASTHAN, 8, HANUMANGARH, 92, PILIBANGA, 6842, KHARLIYAN, 38068, 1100990, Sanitation, 0, 0, 0, 0, 0, 0, 290000, 290000
2015, RAJASTHAN, 8, HANUMANGARH, 92, PILIBANGA, 6842, KHARLIYAN, 38068, 1100990, Total, 0, 0, 0, 0, 0, 0, 2290000, 2290000
2015, RAJASTHAN, 8, HANUMANGARH, 92, PILIBANGA, 6842, KHOTAN WALI, 38070, 1139556, Drinking water, 0, 0, 0, 0, 0, 0, 1100000, 1100000
2015, RAJASTHAN, 8, HANUMANGARH, 92, PILIBANGA, 6842, KHOTAN WALI, 38070, 1139556, Roads, 0, 0, 0, 0, 0, 0, 1300000, 1300000
2015, RAJASTHAN, 8, HANUMANGARH, 92, PILIBANGA, 6842, KHOTAN WALI, 38070, 1139556, Sanitation, 0, 0, 0, 0, 0, 0, 800000, 800000
2015, RAJASTHAN, 8, HANUMANGARH, 92, PILIBANGA, 6842, KHOTAN WALI, 38070, 1139556, Total, 0, 0, 0, 0, 0, 0, 3200000, 3200000
2015, RAJASTHAN, 8, HANUMANGARH, 92, PILIBANGA, 6842, LAKHASAR, 38076, 1099801, Roads, 0, 0, 0, 0, 0, 0, 2800000, 2800000
2015, RAJASTHAN, 8, HANUMANGARH, 92, PILIBANGA, 6842, LAKHASAR, 38076, 1099801, Total, 0, 0, 0, 0, 0, 0, 2800000, 2800000
2015, RAJASTHAN, 8, HANUMANGARH, 92, PILIBANGA, 6842, LIKHMISAR, 38078, 1148412, Roads, 0, 0, 0, 0, 0, 0, 1500000, 1500000
2015, RAJASTHAN, 8, HANUMANGARH, 92, PILIBANGA, 6842, LIKHMISAR, 38078, 1148412, Sanitation, 0, 0, 0, 0, 0, 0, 2200000, 2200000
2015, RAJASTHAN, 8, HANUMANGARH, 92, PILIBANGA, 6842, LIKHMISAR, 38078, 1148412, Social welfare, 0, 0, 0, 0, 0, 0, 600000, 600000
2015, RAJASTHAN, 8, HANUMANGARH, 92, PILIBANGA, 6842, LIKHMISAR, 38078, 1148412, Total, 0, 0, 0, 0, 0, 0, 4300000, 4300000
2015, RAJASTHAN, 8, HANUMANGARH, 92, PILIBANGA, 6842, LONGWALA, 38080, 1140314, Drinking water, 0, 0, 0, 0, 0, 0, 550000, 550000
2015, RAJASTHAN, 8, HANUMANGARH, 92, PILIBANGA, 6842, LONGWALA, 38080, 1140314, Roads, 0, 0, 0, 0, 0, 0, 600000, 600000
2015, RAJASTHAN, 8, HANUMANGARH, 92, PILIBANGA, 6842, LONGWALA, 38080, 1140314, Sanitation, 0, 0, 0, 0, 0, 0, 2400000, 2400000
2015, RAJASTHAN, 8, HANUMANGARH, 92, PILIBANGA, 6842, LONGWALA, 38080, 1140314, Total, 0, 0, 0, 0, 0, 0, 3550000, 3550000
2015, RAJASTHAN, 8, HANUMANGARH, 92, PILIBANGA, 6842, MANAKTHADI, 38086, 1142979, Sanitation, 0, 0, 0, 0, 0, 0, 300000, 300000
2015, RAJASTHAN, 8, HANUMANGARH, 92, PILIBANGA, 6842, MANAKTHADI, 38086, 1142979, Social welfare, 0, 0, 0, 0, 0, 0, 1716000, 1716000
2015, RAJASTHAN, 8, HANUMANGARH, 92, PILIBANGA, 6842, MANAKTHADI, 38086, 1142979, Total, 0, 0, 0, 0, 0, 0, 2016000, 2016000
2015, RAJASTHAN, 8, HANUMANGARH, 92, PILIBANGA, 6842, PANDITAN WALI, 38100, 1143282, Roads, 0, 0, 0, 0, 0, 0, 4500000, 4500000
2015, RAJASTHAN, 8, HANUMANGARH, 92, PILIBANGA, 6842, PANDITAN WALI, 38100, 1143282, Sanitation, 0, 0, 0, 0, 0, 0, 500000, 500000
2015, RAJASTHAN, 8, HANUMANGARH, 92, PILIBANGA, 6842, PANDITAN WALI, 38100, 1143282, Total, 0, 0, 0, 0, 0, 0, 5000000, 5000000
2015, RAJASTHAN, 8, HANUMANGARH, 92, PILIBANGA, 6842, PILIBANGAN GAON, 38103, 1104471, Drinking water, 0, 0, 0, 0, 0, 0, 2150000, 2150000
2015, RAJASTHAN, 8, HANUMANGARH, 92, PILIBANGA, 6842, PILIBANGAN GAON, 38103, 1104471, Roads, 0, 0, 0, 0, 0, 0, 4200000, 4200000
2015, RAJASTHAN, 8, HANUMANGARH, 92, PILIBANGA, 6842, PILIBANGAN GAON, 38103, 1104471, Sanitation, 0, 0, 0, 0, 0, 0, 1400000, 1400000
2015, RAJASTHAN, 8, HANUMANGARH, 92, PILIBANGA, 6842, PILIBANGAN GAON, 38103, 1104471, Total, 0, 0, 0, 0, 0, 0, 7750000, 7750000
2015, RAJASTHAN, 8, HANUMANGARH, 92, PILIBANGA, 6842, PREM PURA, 38104, 1158243, Drinking water, 0, 0, 0, 0, 0, 0, 338000, 338000
2015, RAJASTHAN, 8, HANUMANGARH, 92, PILIBANGA, 6842, PREM PURA, 38104, 1158243, Roads, 0, 0, 0, 0, 0, 0, 1456876, 1456876
2015, RAJASTHAN, 8, HANUMANGARH, 92, PILIBANGA, 6842, PREM PURA, 38104, 1158243, Total, 0, 0, 0, 0, 0, 0, 1794876, 1794876
2015, RAJASTHAN, 8, HANUMANGARH, 92, PILIBANGA, 6842, RAM PURA, 38107, 1148646, Roads, 0, 0, 0, 0, 0, 0, 8111828, 8111828
2015, RAJASTHAN, 8, HANUMANGARH, 92, PILIBANGA, 6842, RAM PURA, 38107, 1148646, Total, 0, 0, 0, 0, 0, 0, 8111828, 8111828
2015, RAJASTHAN, 8, HANUMANGARH, 92, PILIBANGA, 6842, SARAVAN WALA, 38122, 1139780, Drinking water, 0, 0, 0, 0, 0, 0, 800000, 800000
2015, RAJASTHAN, 8, HANUMANGARH, 92, PILIBANGA, 6842, SARAVAN WALA, 38122, 1139780, Roads, 0, 0, 0, 0, 0, 0, 550000, 550000
2015, RAJASTHAN, 8, HANUMANGARH, 92, PILIBANGA, 6842, SARAVAN WALA, 38122, 1139780, Sanitation, 0, 0, 0, 0, 0, 0, 50000, 50000
2015, RAJASTHAN, 8, HANUMANGARH, 92, PILIBANGA, 6842, SARAVAN WALA, 38122, 1139780, Social welfare, 0, 0, 0, 0, 0, 0, 515000, 515000
2015, RAJASTHAN, 8, HANUMANGARH, 92, PILIBANGA, 6842, SARAVAN WALA, 38122, 1139780, Total, 0, 0, 0, 0, 0, 0, 1915000, 1915000
2015, RAJASTHAN, 8, HANUMANGARH, 92, PILIBANGA, 6842, SURANWALI, 38128, 1136457, Drinking water, 0, 0, 0, 0, 0, 0, 800000, 800000
2015, RAJASTHAN, 8, HANUMANGARH, 92, PILIBANGA, 6842, SURANWALI, 38128, 1136457, Roads, 0, 0, 0, 0, 0, 0, 1800000, 1800000
2015, RAJASTHAN, 8, HANUMANGARH, 92, PILIBANGA, 6842, SURANWALI, 38128, 1136457, Social welfare, 0, 0, 0, 0, 0, 0, 600000, 600000
2015, RAJASTHAN, 8, HANUMANGARH, 92, PILIBANGA, 6842, SURANWALI, 38128, 1136457, Total, 0, 0, 0, 0, 0, 0, 3200000, 3200000
2015, RAJASTHAN, 8, HANUMANGARH, 92, PILIBANGA, 6842, UMEWALA, 38133, 1137852, Roads, 0, 0, 0, 0, 0, 0, 1650000, 1650000
2015, RAJASTHAN, 8, HANUMANGARH, 92, PILIBANGA, 6842, UMEWALA, 38133, 1137852, Sanitation, 0, 0, 0, 0, 0, 0, 332000, 332000
2015, RAJASTHAN, 8, HANUMANGARH, 92, PILIBANGA, 6842, UMEWALA, 38133, 1137852, Total, 0, 0, 0, 0, 0, 0, 1982000, 1982000
2015, RAJASTHAN, 8, HANUMANGARH, 92, RAWATSAR, 6845, 15-16 KWD, 38135, 1184235, Cultural activities, 0, 0, 0, 0, 0, 0, 221000, 221000
2015, RAJASTHAN, 8, HANUMANGARH, 92, RAWATSAR, 6845, 15-16 KWD, 38135, 1184235, Public distribution system, 0, 0, 0, 0, 0, 0, 551000, 551000
2015, RAJASTHAN, 8, HANUMANGARH, 92, RAWATSAR, 6845, 15-16 KWD, 38135, 1184235, Total, 0, 0, 0, 0, 0, 0, 772000, 772000
2015, RAJASTHAN, 8, HANUMANGARH, 92, RAWATSAR, 6845, 22 AG, 38136, 1183992, Education, 0, 0, 0, 0, 0, 0, 450000, 450000
2015, RAJASTHAN, 8, HANUMANGARH, 92, RAWATSAR, 6845, 22 AG, 38136, 1183992, Public distribution system, 0, 0, 0, 0, 0, 0, 1100000, 1100000
2015, RAJASTHAN, 8, HANUMANGARH, 92, RAWATSAR, 6845, 22 AG, 38136, 1183992, Total, 0, 0, 0, 0, 0, 0, 1550000, 1550000
2015, RAJASTHAN, 8, HANUMANGARH, 92, RAWATSAR, 6845, 25 RWD, 38138, 1161410, Roads, 0, 0, 0, 0, 0, 0, 754000, 754000
2015, RAJASTHAN, 8, HANUMANGARH, 92, RAWATSAR, 6845, 25 RWD, 38138, 1161410, Total, 0, 0, 0, 0, 0, 0, 754000, 754000
2015, RAJASTHAN, 8, HANUMANGARH, 92, RAWATSAR, 6845, 29 DWD, 38139, 1161381, Roads, 0, 0, 0, 0, 0, 0, 721000, 721000
2015, RAJASTHAN, 8, HANUMANGARH, 92, RAWATSAR, 6845, 29 DWD, 38139, 1161381, Total, 0, 0, 0, 0, 0, 0, 721000, 721000
2015, RAJASTHAN, 8, HANUMANGARH, 92, RAWATSAR, 6845, 4 CYM, 38140, 1160169, Roads, 0, 0, 0, 0, 0, 0, 1708000, 1708000
2015, RAJASTHAN, 8, HANUMANGARH, 92, RAWATSAR, 6845, 4 CYM, 38140, 1160169, Total, 0, 0, 0, 0, 0, 0, 1708000, 1708000
2015, RAJASTHAN, 8, HANUMANGARH, 92, RAWATSAR, 6845, 4 DWM, 38141, 1161379, Roads, 0, 0, 0, 0, 0, 0, 700000, 700000
2015, RAJASTHAN, 8, HANUMANGARH, 92, RAWATSAR, 6845, 4 DWM, 38141, 1161379, Total, 0, 0, 0, 0, 0, 0, 700000, 700000
2015, RAJASTHAN, 8, HANUMANGARH, 92, RAWATSAR, 6845, 99 RD, 38142, 1161394, Non-conventional energy sources, 0, 0, 0, 0, 0, 0, 338000, 338000
2015, RAJASTHAN, 8, HANUMANGARH, 92, RAWATSAR, 6845, 99 RD, 38142, 1161394, Roads, 0, 0, 0, 0, 0, 0, 1050000, 1050000
2015, RAJASTHAN, 8, HANUMANGARH, 92, RAWATSAR, 6845, 99 RD, 38142, 1161394, Total, 0, 0, 0, 0, 0, 0, 1388000, 1388000
2015, RAJASTHAN, 8, HANUMANGARH, 92, RAWATSAR, 6845, BARAMSAR, 38145, 1161382, Roads, 0, 0, 0, 0, 0, 0, 1400000, 1400000
2015, RAJASTHAN, 8, HANUMANGARH, 92, RAWATSAR, 6845, BARAMSAR, 38145, 1161382, Total, 0, 0, 0, 0, 0, 0, 1400000, 1400000
2015, RAJASTHAN, 8, HANUMANGARH, 92, RAWATSAR, 6845, BHAKHARANWALA (10KWD), 38147, 1184339, Public distribution system, 0, 0, 0, 0, 0, 0, 237000, 237000
2015, RAJASTHAN, 8, HANUMANGARH, 92, RAWATSAR, 6845, BHAKHARANWALA (10KWD), 38147, 1184339, Roads, 0, 0, 0, 0, 0, 0, 591000, 591000
2015, RAJASTHAN, 8, HANUMANGARH, 92, RAWATSAR, 6845, BHAKHARANWALA (10KWD), 38147, 1184339, Total, 0, 0, 0, 0, 0, 0, 828000, 828000
2015, RAJASTHAN, 8, HANUMANGARH, 92, RAWATSAR, 6845, BHERUSARI (5 SPD-B ), 38149, 1153796, Cultural activities, 0, 0, 0, 0, 0, 0, 500000, 500000
2015, RAJASTHAN, 8, HANUMANGARH, 92, RAWATSAR, 6845, BHERUSARI (5 SPD-B ), 38149, 1153796, Roads, 0, 0, 0, 0, 0, 0, 600000, 600000
2015, RAJASTHAN, 8, HANUMANGARH, 92, RAWATSAR, 6845, BHERUSARI (5 SPD-B ), 38149, 1153796, Total, 0, 0, 0, 0, 0, 0, 1100000, 1100000
2015, RAJASTHAN, 8, HANUMANGARH, 92, RAWATSAR, 6845, BISRASAR, 38153, 1184233, Health, 0, 0, 0, 0, 0, 0, 1000000, 1000000
2015, RAJASTHAN, 8, HANUMANGARH, 92, RAWATSAR, 6845, BISRASAR, 38153, 1184233, Public distribution system, 0, 0, 0, 0, 0, 0, 400000, 400000
2015, RAJASTHAN, 8, HANUMANGARH, 92, RAWATSAR, 6845, BISRASAR, 38153, 1184233, Total, 0, 0, 0, 0, 0, 0, 1400000, 1400000
2015, RAJASTHAN, 8, HANUMANGARH, 92, RAWATSAR, 6845, CHAIYA (1 CYM), 38154, 1184008, Non-conventional energy sources, 0, 0, 0, 0, 0, 0, 1000000, 1000000
2015, RAJASTHAN, 8, HANUMANGARH, 92, RAWATSAR, 6845, CHAIYA (1 CYM), 38154, 1184008, Public distribution system, 0, 0, 0, 0, 0, 0, 85000, 85000
2015, RAJASTHAN, 8, HANUMANGARH, 92, RAWATSAR, 6845, CHAIYA (1 CYM), 38154, 1184008, Total, 0, 0, 0, 0, 0, 0, 1085000, 1085000
2015, RAJASTHAN, 8, HANUMANGARH, 92, RAWATSAR, 6845, DANIYA SAR, 38157, 1161390, Roads, 0, 0, 0, 0, 0, 0, 1318000, 1318000
2015, RAJASTHAN, 8, HANUMANGARH, 92, RAWATSAR, 6845, DANIYA SAR, 38157, 1161390, Total, 0, 0, 0, 0, 0, 0, 1318000, 1318000
2015, RAJASTHAN, 8, HANUMANGARH, 92, RAWATSAR, 6845, DHANDU SAR, 38161, 1183930, Cultural activities, 0, 0, 0, 0, 0, 0, 500000, 500000
2015, RAJASTHAN, 8, HANUMANGARH, 92, RAWATSAR, 6845, DHANDU SAR, 38161, 1183930, Roads, 0, 0, 0, 0, 0, 0, 500000, 500000
2015, RAJASTHAN, 8, HANUMANGARH, 92, RAWATSAR, 6845, DHANDU SAR, 38161, 1183930, Total, 0, 0, 0, 0, 0, 0, 1000000, 1000000
2015, RAJASTHAN, 8, HANUMANGARH, 92, RAWATSAR, 6845, DHANNASAR (5 KDD), 38162, 1185136, Sanitation, 0, 0, 0, 0, 0, 0, 474000, 474000
2015, RAJASTHAN, 8, HANUMANGARH, 92, RAWATSAR, 6845, DHANNASAR (5 KDD), 38162, 1185136, Total, 0, 0, 0, 0, 0, 0, 474000, 474000
2015, RAJASTHAN, 8, HANUMANGARH, 92, RAWATSAR, 6845, GANDHELI (30 RWD), 38165, 1161401, Roads, 0, 0, 0, 0, 0, 0, 753000, 753000
2015, RAJASTHAN, 8, HANUMANGARH, 92, RAWATSAR, 6845, GANDHELI (30 RWD), 38165, 1161401, Total, 0, 0, 0, 0, 0, 0, 753000, 753000
2015, RAJASTHAN, 8, HANUMANGARH, 92, RAWATSAR, 6845, HARDASWALI (4 JBD), 38169, 1159968, Rural electrification, 0, 0, 0, 0, 0, 0, 500000, 500000
2015, RAJASTHAN, 8, HANUMANGARH, 92, RAWATSAR, 6845, HARDASWALI (4 JBD), 38169, 1159968, Rural housing, 0, 0, 0, 0, 0, 0, 500000, 500000
2015, RAJASTHAN, 8, HANUMANGARH, 92, RAWATSAR, 6845, HARDASWALI (4 JBD), 38169, 1159968, Total, 0, 0, 0, 0, 0, 0, 1000000, 1000000
2015, RAJASTHAN, 8, HANUMANGARH, 92, RAWATSAR, 6845, JHEDASAR, 38172, 1161385, Roads, 0, 0, 0, 0, 0, 0, 1286000, 1286000
2015, RAJASTHAN, 8, HANUMANGARH, 92, RAWATSAR, 6845, JHEDASAR, 38172, 1161385, Total, 0, 0, 0, 0, 0, 0, 1286000, 1286000
2015, RAJASTHAN, 8, HANUMANGARH, 92, RAWATSAR, 6845, KANWANI (14 KM ), 38174, 1184275, Education, 0, 0, 0, 0, 0, 0, 203000, 203000
2015, RAJASTHAN, 8, HANUMANGARH, 92, RAWATSAR, 6845, KANWANI (14 KM ), 38174, 1184275, Health, 0, 0, 0, 0, 0, 0, 237000, 237000
2015, RAJASTHAN, 8, HANUMANGARH, 92, RAWATSAR, 6845, KANWANI (14 KM ), 38174, 1184275, Total, 0, 0, 0, 0, 0, 0, 440000, 440000
2015, RAJASTHAN, 8, HANUMANGARH, 92, RAWATSAR, 6845, KELANIYAN, 38175, 1183974, Cultural activities, 0, 0, 0, 0, 0, 0, 225000, 225000
2015, RAJASTHAN, 8, HANUMANGARH, 92, RAWATSAR, 6845, KELANIYAN, 38175, 1183974, Roads, 0, 0, 0, 0, 0, 0, 490000, 490000
2015, RAJASTHAN, 8, HANUMANGARH, 92, RAWATSAR, 6845, KELANIYAN, 38175, 1183974, Total, 0, 0, 0, 0, 0, 0, 715000, 715000
2015, RAJASTHAN, 8, HANUMANGARH, 92, RAWATSAR, 6845, KHEDASARI (4 KHD ), 38176, 1184239, Public distribution system, 0, 0, 0, 0, 0, 0, 85000, 85000
2015, RAJASTHAN, 8, HANUMANGARH, 92, RAWATSAR, 6845, KHEDASARI (4 KHD ), 38176, 1184239, Roads, 0, 0, 0, 0, 0, 0, 277000, 277000
2015, RAJASTHAN, 8, HANUMANGARH, 92, RAWATSAR, 6845, KHEDASARI (4 KHD ), 38176, 1184239, Total, 0, 0, 0, 0, 0, 0, 362000, 362000
2015, RAJASTHAN, 8, HANUMANGARH, 92, RAWATSAR, 6845, KHODAN (1 KDD), 38177, 1154002, Roads, 0, 0, 0, 0, 0, 0, 1602000, 1602000
2015, RAJASTHAN, 8, HANUMANGARH, 92, RAWATSAR, 6845, KHODAN (1 KDD), 38177, 1154002, Total, 0, 0, 0, 0, 0, 0, 1602000, 1602000
2015, RAJASTHAN, 8, HANUMANGARH, 92, RAWATSAR, 6845, MALASAR, 38185, 1161396, Roads, 0, 0, 0, 0, 0, 0, 1528000, 1528000
2015, RAJASTHAN, 8, HANUMANGARH, 92, RAWATSAR, 6845, MALASAR, 38185, 1161396, Total, 0, 0, 0, 0, 0, 0, 1528000, 1528000
2015, RAJASTHAN, 8, HANUMANGARH, 92, RAWATSAR, 6845, MAYLA, 38184, 1183968, Roads, 0, 0, 0, 0, 0, 0, 1500000, 1500000
2015, RAJASTHAN, 8, HANUMANGARH, 92, RAWATSAR, 6845, MAYLA, 38184, 1183968, Total, 0, 0, 0, 0, 0, 0, 1500000, 1500000
2015, RAJASTHAN, 8, HANUMANGARH, 92, RAWATSAR, 6845, MODHUNAGAR (2 ZWD-A), 38189, 1159966, Roads, 0, 0, 0, 0, 0, 0, 1053000, 1053000
2015, RAJASTHAN, 8, HANUMANGARH, 92, RAWATSAR, 6845, MODHUNAGAR (2 ZWD-A), 38189, 1159966, Total, 0, 0, 0, 0, 0, 0, 1053000, 1053000
2015, RAJASTHAN, 8, HANUMANGARH, 92, RAWATSAR, 6845, MOTER, 38190, 1184227, Education, 0, 0, 0, 0, 0, 0, 237000, 237000
2015, RAJASTHAN, 8, HANUMANGARH, 92, RAWATSAR, 6845, MOTER, 38190, 1184227, Roads, 0, 0, 0, 0, 0, 0, 702000, 702000
2015, RAJASTHAN, 8, HANUMANGARH, 92, RAWATSAR, 6845, MOTER, 38190, 1184227, Total, 0, 0, 0, 0, 0, 0, 939000, 939000
2015, RAJASTHAN, 8, HANUMANGARH, 92, RAWATSAR, 6845, NAIYASAR, 38191, 1161407, Roads, 0, 0, 0, 0, 0, 0, 873000, 873000
2015, RAJASTHAN, 8, HANUMANGARH, 92, RAWATSAR, 6845, NAIYASAR, 38191, 1161407, Total, 0, 0, 0, 0, 0, 0, 873000, 873000
2015, RAJASTHAN, 8, HANUMANGARH, 92, RAWATSAR, 6845, NEOLAKHI (9 KKM ), 38194, 1184323, Roads, 0, 0, 0, 0, 0, 0, 516298, 516298
2015, RAJASTHAN, 8, HANUMANGARH, 92, RAWATSAR, 6845, NEOLAKHI (9 KKM ), 38194, 1184323, Total, 0, 0, 0, 0, 0, 0, 516298, 516298
2015, RAJASTHAN, 8, HANUMANGARH, 92, RAWATSAR, 6845, NIRWAL(3-4 NWM), 38195, 1161397, Roads, 0, 0, 0, 0, 0, 0, 1042000, 1042000
2015, RAJASTHAN, 8, HANUMANGARH, 92, RAWATSAR, 6845, NIRWAL(3-4 NWM), 38195, 1161397, Total, 0, 0, 0, 0, 0, 0, 1042000, 1042000
2015, RAJASTHAN, 8, HANUMANGARH, 92, RAWATSAR, 6845, PALLU, 38197, 1161405, Roads, 0, 0, 0, 0, 0, 0, 1638000, 1638000
2015, RAJASTHAN, 8, HANUMANGARH, 92, RAWATSAR, 6845, PALLU, 38197, 1161405, Total, 0, 0, 0, 0, 0, 0, 1638000, 1638000
2015, RAJASTHAN, 8, HANUMANGARH, 92, RAWATSAR, 6845, POHARKA (5 PRKM ), 38202, 1184266, Health, 0, 0, 0, 0, 0, 0, 200000, 200000
2015, RAJASTHAN, 8, HANUMANGARH, 92, RAWATSAR, 6845, POHARKA (5 PRKM ), 38202, 1184266, Public distribution system, 0, 0, 0, 0, 0, 0, 127000, 127000
2015, RAJASTHAN, 8, HANUMANGARH, 92, RAWATSAR, 6845, POHARKA (5 PRKM ), 38202, 1184266, Total, 0, 0, 0, 0, 0, 0, 327000, 327000
2015, RAJASTHAN, 8, HANUMANGARH, 92, RAWATSAR, 6845, PURABSAR, 38203, 1161378, Roads, 0, 0, 0, 0, 0, 0, 403000, 403000
2015, RAJASTHAN, 8, HANUMANGARH, 92, RAWATSAR, 6845, PURABSAR, 38203, 1161378, Total, 0, 0, 0, 0, 0, 0, 403000, 403000
2015, RAJASTHAN, 8, HANUMANGARH, 92, RAWATSAR, 6845, RAMPURA MATORIA (2RPM), 38206, 1184225, Health, 0, 0, 0, 0, 0, 0, 261000, 261000
2015, RAJASTHAN, 8, HANUMANGARH, 92, RAWATSAR, 6845, RAMPURA MATORIA (2RPM), 38206, 1184225, Roads, 0, 0, 0, 0, 0, 0, 554000, 554000
2015, RAJASTHAN, 8, HANUMANGARH, 92, RAWATSAR, 6845, RAMPURA MATORIA (2RPM), 38206, 1184225, Total, 0, 0, 0, 0, 0, 0, 815000, 815000
2015, RAJASTHAN, 8, HANUMANGARH, 92, RAWATSAR, 6845, SARDARPURA KHALASA (6 SPM), 38208, 1159963, Roads, 0, 0, 0, 0, 0, 0, 1994000, 1994000
2015, RAJASTHAN, 8, HANUMANGARH, 92, RAWATSAR, 6845, SARDARPURA KHALASA (6 SPM), 38208, 1159963, Total, 0, 0, 0, 0, 0, 0, 1994000, 1994000
2015, RAJASTHAN, 8, HANUMANGARH, 92, SANGARIA, 6843, AMAR PURA JALU, 38019, 1144453, Sanitation, 0, 0, 0, 0, 0, 0, 484072, 484072
2015, RAJASTHAN, 8, HANUMANGARH, 92, SANGARIA, 6843, AMAR PURA JALU, 38019, 1144453, Total, 0, 0, 0, 0, 0, 0, 484072, 484072
2015, RAJASTHAN, 8, HANUMANGARH, 92, SANGARIA, 6843, BHAGATPURA, 38028, 1168607, Sanitation, 0, 0, 0, 0, 0, 0, 835807, 835807
2015, RAJASTHAN, 8, HANUMANGARH, 92, SANGARIA, 6843, BHAGATPURA, 38028, 1168607, Total, 0, 0, 0, 0, 0, 0, 835807, 835807
2015, RAJASTHAN, 8, HANUMANGARH, 92, SANGARIA, 6843, BHAKHRAWALI, 38029, 1167931, Sanitation, 0, 0, 0, 0, 0, 0, 822437, 822437
2015, RAJASTHAN, 8, HANUMANGARH, 92, SANGARIA, 6843, BHAKHRAWALI, 38029, 1167931, Total, 0, 0, 0, 0, 0, 0, 822437, 822437
2015, RAJASTHAN, 8, HANUMANGARH, 92, SANGARIA, 6843, BOLANWALI, 38031, 1160622, Sanitation, 0, 0, 0, 0, 0, 0, 576793, 576793
2015, RAJASTHAN, 8, HANUMANGARH, 92, SANGARIA, 6843, BOLANWALI, 38031, 1160622, Total, 0, 0, 0, 0, 0, 0, 576793, 576793
2015, RAJASTHAN, 8, HANUMANGARH, 92, SANGARIA, 6843, CHAK HEERA SINGH WALA, 38033, 1170137, Sanitation, 0, 0, 0, 0, 0, 0, 6000, 6000
2015, RAJASTHAN, 8, HANUMANGARH, 92, SANGARIA, 6843, CHAK HEERA SINGH WALA, 38033, 1170137, Total, 0, 0, 0, 0, 0, 0, 6000, 6000
2015, RAJASTHAN, 8, HANUMANGARH, 92, SANGARIA, 6843, DEENGARH, 38043, 1144068, Sanitation, 0, 0, 0, 0, 0, 0, 187038, 187038
2015, RAJASTHAN, 8, HANUMANGARH, 92, SANGARIA, 6843, DEENGARH, 38043, 1144068, Total, 0, 0, 0, 0, 0, 0, 187038, 187038
2015, RAJASTHAN, 8, HANUMANGARH, 92, SANGARIA, 6843, DHABAN, 38044, 1167971, Sanitation, 0, 0, 0, 0, 0, 0, 689673, 689673
2015, RAJASTHAN, 8, HANUMANGARH, 92, SANGARIA, 6843, DHABAN, 38044, 1167971, Total, 0, 0, 0, 0, 0, 0, 689673, 689673
2015, RAJASTHAN, 8, HANUMANGARH, 92, SANGARIA, 6843, FATEHPUR, 38050, 1143836, Sanitation, 0, 0, 0, 0, 0, 0, 210767, 210767
2015, RAJASTHAN, 8, HANUMANGARH, 92, SANGARIA, 6843, FATEHPUR, 38050, 1143836, Total, 0, 0, 0, 0, 0, 0, 210767, 210767
2015, RAJASTHAN, 8, HANUMANGARH, 92, SANGARIA, 6843, HARIPURA, 38056, 1161264, Sanitation, 0, 0, 0, 0, 0, 0, 425424, 425424
2015, RAJASTHAN, 8, HANUMANGARH, 92, SANGARIA, 6843, HARIPURA, 38056, 1161264, Total, 0, 0, 0, 0, 0, 0, 425424, 425424
2015, RAJASTHAN, 8, HANUMANGARH, 92, SANGARIA, 6843, INDER GARH, 38058, 1168005, Sanitation, 0, 0, 0, 0, 0, 0, 979312, 979312
2015, RAJASTHAN, 8, HANUMANGARH, 92, SANGARIA, 6843, INDER GARH, 38058, 1168005, Total, 0, 0, 0, 0, 0, 0, 979312, 979312
2015, RAJASTHAN, 8, HANUMANGARH, 92, SANGARIA, 6843, INDER PURA, 38059, 1170197, Sanitation, 0, 0, 0, 0, 0, 0, 727885, 727885
2015, RAJASTHAN, 8, HANUMANGARH, 92, SANGARIA, 6843, INDER PURA, 38059, 1170197, Total, 0, 0, 0, 0, 0, 0, 727885, 727885
2015, RAJASTHAN, 8, HANUMANGARH, 92, SANGARIA, 6843, JANDWALA SIKHAN, 38062, 1159109, Sanitation, 0, 0, 0, 0, 0, 0, 505743, 505743
2015, RAJASTHAN, 8, HANUMANGARH, 92, SANGARIA, 6843, JANDWALA SIKHAN, 38062, 1159109, Total, 0, 0, 0, 0, 0, 0, 505743, 505743
2015, RAJASTHAN, 8, HANUMANGARH, 92, SANGARIA, 6843, KIKARWALI, 38071, 1155299, Sanitation, 0, 0, 0, 0, 0, 0, 409999, 409999
2015, RAJASTHAN, 8, HANUMANGARH, 92, SANGARIA, 6843, KIKARWALI, 38071, 1155299, Total, 0, 0, 0, 0, 0, 0, 409999, 409999
2015, RAJASTHAN, 8, HANUMANGARH, 92, SANGARIA, 6843, KISHAN PURA UTARADA, 38072, 1164755, Sanitation, 0, 0, 0, 0, 0, 0, 1022899, 1022899
2015, RAJASTHAN, 8, HANUMANGARH, 92, SANGARIA, 6843, KISHAN PURA UTARADA, 38072, 1164755, Total, 0, 0, 0, 0, 0, 0, 1022899, 1022899
2015, RAJASTHAN, 8, HANUMANGARH, 92, SANGARIA, 6843, LILANWALI, 38079, 1168988, Sanitation, 0, 0, 0, 0, 0, 0, 1015349, 1015349
2015, RAJASTHAN, 8, HANUMANGARH, 92, SANGARIA, 6843, LILANWALI, 38079, 1168988, Total, 0, 0, 0, 0, 0, 0, 1015349, 1015349
2015, RAJASTHAN, 8, HANUMANGARH, 92, SANGARIA, 6843, MALARAMPURA, 38084, 1160675, Sanitation, 0, 0, 0, 0, 0, 0, 140302, 140302
2015, RAJASTHAN, 8, HANUMANGARH, 92, SANGARIA, 6843, MALARAMPURA, 38084, 1160675, Total, 0, 0, 0, 0, 0, 0, 140302, 140302
2015, RAJASTHAN, 8, HANUMANGARH, 92, SANGARIA, 6843, MANAKSAR, 38085, 1164817, Sanitation, 0, 0, 0, 0, 0, 0, 595980, 595980
2015, RAJASTHAN, 8, HANUMANGARH, 92, SANGARIA, 6843, MANAKSAR, 38085, 1164817, Total, 0, 0, 0, 0, 0, 0, 595980, 595980
2015, RAJASTHAN, 8, HANUMANGARH, 92, SANGARIA, 6843, MORJAND SIKHAN, 38092, 1168082, Sanitation, 0, 0, 0, 0, 0, 0, 632130, 632130
2015, RAJASTHAN, 8, HANUMANGARH, 92, SANGARIA, 6843, MORJAND SIKHAN, 38092, 1168082, Total, 0, 0, 0, 0, 0, 0, 632130, 632130
2015, RAJASTHAN, 8, HANUMANGARH, 92, SANGARIA, 6843, NAGRANA, 38094, 1144486, Sanitation, 0, 0, 0, 0, 0, 0, 921999, 921999
2015, RAJASTHAN, 8, HANUMANGARH, 92, SANGARIA, 6843, NAGRANA, 38094, 1144486, Total, 0, 0, 0, 0, 0, 0, 921999, 921999
2015, RAJASTHAN, 8, HANUMANGARH, 92, SANGARIA, 6843, NATHWANA, 38096, 1144441, Sanitation, 0, 0, 0, 0, 0, 0, 336193, 336193
2015, RAJASTHAN, 8, HANUMANGARH, 92, SANGARIA, 6843, NATHWANA, 38096, 1144441, Total, 0, 0, 0, 0, 0, 0, 336193, 336193
2015, RAJASTHAN, 8, HANUMANGARH, 92, SANGARIA, 6843, NUKERA, 38099, 1159158, Sanitation, 0, 0, 0, 0, 0, 0, 407541, 407541
2015, RAJASTHAN, 8, HANUMANGARH, 92, SANGARIA, 6843, NUKERA, 38099, 1159158, Total, 0, 0, 0, 0, 0, 0, 407541, 407541
2015, RAJASTHAN, 8, HANUMANGARH, 92, SANGARIA, 6843, RASUWALA, 38111, 1160743, Drinking water, 0, 0, 0, 0, 0, 0, 470355, 470355
2015, RAJASTHAN, 8, HANUMANGARH, 92, SANGARIA, 6843, RASUWALA, 38111, 1160743, Sanitation, 0, 0, 0, 0, 0, 0, 980569, 980569
2015, RAJASTHAN, 8, HANUMANGARH, 92, SANGARIA, 6843, RASUWALA, 38111, 1160743, Total, 0, 0, 0, 0, 0, 0, 1450924, 1450924
2015, RAJASTHAN, 8, HANUMANGARH, 92, SANGARIA, 6843, RATTAN PURA, 38113, 1160800, Sanitation, 0, 0, 0, 0, 0, 0, 904847, 904847
2015, RAJASTHAN, 8, HANUMANGARH, 92, SANGARIA, 6843, RATTAN PURA, 38113, 1160800, Total, 0, 0, 0, 0, 0, 0, 904847, 904847
2015, RAJASTHAN, 8, HANUMANGARH, 92, SANGARIA, 6843, SAHAPINI, 38117, 1164778, Sanitation, 0, 0, 0, 0, 0, 0, 1270141, 1270141
2015, RAJASTHAN, 8, HANUMANGARH, 92, SANGARIA, 6843, SAHAPINI, 38117, 1164778, Total, 0, 0, 0, 0, 0, 0, 1270141, 1270141
2015, RAJASTHAN, 8, HANUMANGARH, 92, SANGARIA, 6843, SANT PURA, 38121, 1168972, Animal husbandry, 0, 0, 0, 0, 0, 0, 927054, 927054
2015, RAJASTHAN, 8, HANUMANGARH, 92, SANGARIA, 6843, SANT PURA, 38121, 1168972, Total, 0, 0, 0, 0, 0, 0, 927054, 927054
2015, RAJASTHAN, 8, HANUMANGARH, 92, SANGARIA, 6843, SINGHPURA, 38126, 1159030, Sanitation, 0, 0, 0, 0, 0, 0, 146055, 146055
2015, RAJASTHAN, 8, HANUMANGARH, 92, SANGARIA, 6843, SINGHPURA, 38126, 1159030, Total, 0, 0, 0, 0, 0, 0, 146055, 146055
2015, RAJASTHAN, 8, HANUMANGARH, 92, TIBBI, 6844, 2 KSP, 38015, 1108205, Roads, 0, 0, 0, 0, 0, 0, 583736, 583736
2015, RAJASTHAN, 8, HANUMANGARH, 92, TIBBI, 6844, 2 KSP, 38015, 1108205, Sanitation, 0, 0, 0, 0, 0, 0, 116691, 116691
2015, RAJASTHAN, 8, HANUMANGARH, 92, TIBBI, 6844, 2 KSP, 38015, 1108205, Total, 0, 0, 0, 0, 0, 0, 700427, 700427
2015, RAJASTHAN, 8, HANUMANGARH, 92, TIBBI, 6844, 4 KSP, 38018, 1171607, Roads, 0, 0, 0, 0, 0, 0, 1260300, 1260300
2015, RAJASTHAN, 8, HANUMANGARH, 92, TIBBI, 6844, 4 KSP, 38018, 1171607, Total, 0, 0, 0, 0, 0, 0, 1260300, 1260300
2015, RAJASTHAN, 8, HANUMANGARH, 92, TIBBI, 6844, BASHIR, 38026, 1173129, Roads, 0, 0, 0, 0, 0, 0, 622000, 622000
2015, RAJASTHAN, 8, HANUMANGARH, 92, TIBBI, 6844, BASHIR, 38026, 1173129, Total, 0, 0, 0, 0, 0, 0, 622000, 622000
2015, RAJASTHAN, 8, HANUMANGARH, 92, TIBBI, 6844, BERWALA, 38027, 1108451, Roads, 0, 0, 0, 0, 0, 0, 830472, 830472
2015, RAJASTHAN, 8, HANUMANGARH, 92, TIBBI, 6844, BERWALA, 38027, 1108451, Total, 0, 0, 0, 0, 0, 0, 830472, 830472
2015, RAJASTHAN, 8, HANUMANGARH, 92, TIBBI, 6844, CHAHUWALI, 38032, 1143992, Roads, 0, 0, 0, 0, 0, 0, 10, 10
2015, RAJASTHAN, 8, HANUMANGARH, 92, TIBBI, 6844, CHAHUWALI, 38032, 1143992, Total, 0, 0, 0, 0, 0, 0, 10, 10
2015, RAJASTHAN, 8, HANUMANGARH, 92, TIBBI, 6844, CHANDURWALI, 38131, 1143825, Roads, 0, 0, 0, 0, 0, 0, 7, 7
2015, RAJASTHAN, 8, HANUMANGARH, 92, TIBBI, 6844, CHANDURWALI, 38131, 1143825, Total, 0, 0, 0, 0, 0, 0, 7, 7
2015, RAJASTHAN, 8, HANUMANGARH, 92, TIBBI, 6844, DABALI KALAN, 38037, 1175971, Roads, 0, 0, 0, 0, 0, 0, 220000, 220000
2015, RAJASTHAN, 8, HANUMANGARH, 92, TIBBI, 6844, DABALI KALAN, 38037, 1175971, Total, 0, 0, 0, 0, 0, 0, 220000, 220000
2015, RAJASTHAN, 8, HANUMANGARH, 92, TIBBI, 6844, DABLI KHURD, 38042, 1175989, Roads, 0, 0, 0, 0, 0, 0, 1480000, 1480000
2015, RAJASTHAN, 8, HANUMANGARH, 92, TIBBI, 6844, DABLI KHURD, 38042, 1175989, Total, 0, 0, 0, 0, 0, 0, 1480000, 1480000
2015, RAJASTHAN, 8, HANUMANGARH, 92, TIBBI, 6844, GUDIA, 38053, 1175996, Roads, 0, 0, 0, 0, 0, 0, 1000000, 1000000
2015, RAJASTHAN, 8, HANUMANGARH, 92, TIBBI, 6844, GUDIA, 38053, 1175996, Total, 0, 0, 0, 0, 0, 0, 1000000, 1000000
2015, RAJASTHAN, 8, HANUMANGARH, 92, TIBBI, 6844, KHARA KHERA, 38067, 1101128, Roads, 0, 0, 0, 0, 0, 0, 130628, 130628
2015, RAJASTHAN, 8, HANUMANGARH, 92, TIBBI, 6844, KHARA KHERA, 38067, 1101128, Sanitation, 0, 0, 0, 0, 0, 0, 686372, 686372
2015, RAJASTHAN, 8, HANUMANGARH, 92, TIBBI, 6844, KHARA KHERA, 38067, 1101128, Total, 0, 0, 0, 0, 0, 0, 817000, 817000
2015, RAJASTHAN, 8, HANUMANGARH, 92, TIBBI, 6844, KHINANIA, 38069, 1176004, Roads, 0, 0, 0, 0, 0, 0, 300000, 300000
2015, RAJASTHAN, 8, HANUMANGARH, 92, TIBBI, 6844, KHINANIA, 38069, 1176004, Total, 0, 0, 0, 0, 0, 0, 300000, 300000
2015, RAJASTHAN, 8, HANUMANGARH, 92, TIBBI, 6844, KULCHANDER, 38075, 1319993, Health, 0, 0, 0, 0, 0, 0, 500000, 500000
2015, RAJASTHAN, 8, HANUMANGARH, 92, TIBBI, 6844, KULCHANDER, 38075, 1319993, Roads, 0, 0, 0, 0, 0, 0, 500000, 500000
2015, RAJASTHAN, 8, HANUMANGARH, 92, TIBBI, 6844, KULCHANDER, 38075, 1319993, Total, 0, 0, 0, 0, 0, 0, 1000000, 1000000
2015, RAJASTHAN, 8, HANUMANGARH, 92, TIBBI, 6844, MALAR KHERA, 38083, 1176586, Roads, 0, 0, 0, 0, 0, 0, 897000, 897000
2015, RAJASTHAN, 8, HANUMANGARH, 92, TIBBI, 6844, MALAR KHERA, 38083, 1176586, Total, 0, 0, 0, 0, 0, 0, 897000, 897000
2015, RAJASTHAN, 8, HANUMANGARH, 92, TIBBI, 6844, MASITANWALI, 38088, 1173650, Roads, 0, 0, 0, 0, 0, 0, 980000, 980000
2015, RAJASTHAN, 8, HANUMANGARH, 92, TIBBI, 6844, MASITANWALI, 38088, 1173650, Total, 0, 0, 0, 0, 0, 0, 980000, 980000
2015, RAJASTHAN, 8, HANUMANGARH, 92, TIBBI, 6844, MEHARWALA, 38090, 1108269, Roads, 0, 0, 0, 0, 0, 0, 763782, 763782
2015, RAJASTHAN, 8, HANUMANGARH, 92, TIBBI, 6844, MEHARWALA, 38090, 1108269, Sanitation, 0, 0, 0, 0, 0, 0, 260549, 260549
2015, RAJASTHAN, 8, HANUMANGARH, 92, TIBBI, 6844, MEHARWALA, 38090, 1108269, Total, 0, 0, 0, 0, 0, 0, 1024331, 1024331
2015, RAJASTHAN, 8, HANUMANGARH, 92, TIBBI, 6844, MIRJEWALI MER, 38091, 1176575, Roads, 0, 0, 0, 0, 0, 0, 390000, 390000
2015, RAJASTHAN, 8, HANUMANGARH, 92, TIBBI, 6844, MIRJEWALI MER, 38091, 1176575, Total, 0, 0, 0, 0, 0, 0, 390000, 390000
2015, RAJASTHAN, 8, HANUMANGARH, 92, TIBBI, 6844, NAIWALA, 38095, 1171622, Roads, 0, 0, 0, 0, 0, 0, 1000000, 1000000
2015, RAJASTHAN, 8, HANUMANGARH, 92, TIBBI, 6844, NAIWALA, 38095, 1171622, Total, 0, 0, 0, 0, 0, 0, 1000000, 1000000
2015, RAJASTHAN, 8, HANUMANGARH, 92, TIBBI, 6844, PANNIWALI, 38101, 1144081, Roads, 0, 0, 0, 0, 0, 0, 24250, 24250
2015, RAJASTHAN, 8, HANUMANGARH, 92, TIBBI, 6844, PANNIWALI, 38101, 1144081, Sanitation, 0, 0, 0, 0, 0, 0, 63715, 63715
2015, RAJASTHAN, 8, HANUMANGARH, 92, TIBBI, 6844, PANNIWALI, 38101, 1144081, Total, 0, 0, 0, 0, 0, 0, 87965, 87965
2015, RAJASTHAN, 8, HANUMANGARH, 92, TIBBI, 6844, PEERKAMARIA, 38102, 1173156, Roads, 0, 0, 0, 0, 0, 0, 1566000, 1566000
2015, RAJASTHAN, 8, HANUMANGARH, 92, TIBBI, 6844, PEERKAMARIA, 38102, 1173156, Total, 0, 0, 0, 0, 0, 0, 1566000, 1566000
2015, RAJASTHAN, 8, HANUMANGARH, 92, TIBBI, 6844, RAMPURA URF RAMSARA, 38108, 1176009, Roads, 0, 0, 0, 0, 0, 0, 269000, 269000
2015, RAJASTHAN, 8, HANUMANGARH, 92, TIBBI, 6844, RAMPURA URF RAMSARA, 38108, 1176009, Total, 0, 0, 0, 0, 0, 0, 269000, 269000
2015, RAJASTHAN, 8, HANUMANGARH, 92, TIBBI, 6844, RATHI KHERA, 38112, 1176560, Roads, 0, 0, 0, 0, 0, 0, 1500000, 1500000
2015, RAJASTHAN, 8, HANUMANGARH, 92, TIBBI, 6844, RATHI KHERA, 38112, 1176560, Total, 0, 0, 0, 0, 0, 0, 1500000, 1500000
2015, RAJASTHAN, 8, HANUMANGARH, 92, TIBBI, 6844, SABUANA, 38115, 1108237, Roads, 0, 0, 0, 0, 0, 0, 1057000, 1057000
2015, RAJASTHAN, 8, HANUMANGARH, 92, TIBBI, 6844, SABUANA, 38115, 1108237, Sanitation, 0, 0, 0, 0, 0, 0, 249000, 249000
2015, RAJASTHAN, 8, HANUMANGARH, 92, TIBBI, 6844, SABUANA, 38115, 1108237, Total, 0, 0, 0, 0, 0, 0, 1306000, 1306000
2015, RAJASTHAN, 8, HANUMANGARH, 92, TIBBI, 6844, SAHARNI, 38118, 1108116, Drinking water, 0, 0, 0, 0, 0, 0, 2, 2
2015, RAJASTHAN, 8, HANUMANGARH, 92, TIBBI, 6844, SAHARNI, 38118, 1108116, Health, 0, 0, 0, 0, 0, 0, 1, 1
2015, RAJASTHAN, 8, HANUMANGARH, 92, TIBBI, 6844, SAHARNI, 38118, 1108116, Total, 0, 0, 0, 0, 0, 0, 3, 3
2015, RAJASTHAN, 8, HANUMANGARH, 92, TIBBI, 6844, SALEMGARH MASANEE, 38119, 1171583, Roads, 0, 0, 0, 0, 0, 0, 383000, 383000
2015, RAJASTHAN, 8, HANUMANGARH, 92, TIBBI, 6844, SALEMGARH MASANEE, 38119, 1171583, Total, 0, 0, 0, 0, 0, 0, 383000, 383000
2015, RAJASTHAN, 8, HANUMANGARH, 92, TIBBI, 6844, SALIWALA, 38120, 1108159, Roads, 0, 0, 0, 0, 0, 0, 739836, 739836
2015, RAJASTHAN, 8, HANUMANGARH, 92, TIBBI, 6844, SALIWALA, 38120, 1108159, Total, 0, 0, 0, 0, 0, 0, 739836, 739836
2015, RAJASTHAN, 8, HANUMANGARH, 92, TIBBI, 6844, SHEREKAN, 38124, 1108283, Drinking water, 0, 0, 0, 0, 0, 0, 58000, 58000
2015, RAJASTHAN, 8, HANUMANGARH, 92, TIBBI, 6844, SHEREKAN, 38124, 1108283, Roads, 0, 0, 0, 0, 0, 0, 247000, 247000
2015, RAJASTHAN, 8, HANUMANGARH, 92, TIBBI, 6844, SHEREKAN, 38124, 1108283, Total, 0, 0, 0, 0, 0, 0, 305000, 305000
2015, RAJASTHAN, 8, HANUMANGARH, 92, TIBBI, 6844, SILWALA KHURRD, 38125, 1144075, Roads, 0, 0, 0, 0, 0, 0, 3, 3
2015, RAJASTHAN, 8, HANUMANGARH, 92, TIBBI, 6844, SILWALA KHURRD, 38125, 1144075, Total, 0, 0, 0, 0, 0, 0, 3, 3
2015, RAJASTHAN, 8, HANUMANGARH, 92, TIBBI, 6844, SUREWALA, 38129, 1176591, Roads, 0, 0, 0, 0, 0, 0, 1000000, 1000000
2015, RAJASTHAN, 8, HANUMANGARH, 92, TIBBI, 6844, SUREWALA, 38129, 1176591, Total, 0, 0, 0, 0, 0, 0, 1000000, 1000000
2015, RAJASTHAN, 8, HANUMANGARH, 92, TIBBI, 6844, TALWARA, 38130, 1173654, Roads, 0, 0, 0, 0, 0, 0, 552000, 552000
2015, RAJASTHAN, 8, HANUMANGARH, 92, TIBBI, 6844, TALWARA, 38130, 1173654, Total, 0, 0, 0, 0, 0, 0, 552000, 552000
2015, RAJASTHAN, 8, HANUMANGARH, 92, TIBBI, 6844, TIBI, 38132, 1173108, Roads, 0, 0, 0, 0, 0, 0, 1824000, 1824000
2015, RAJASTHAN, 8, HANUMANGARH, 92, TIBBI, 6844, TIBI, 38132, 1173108, Total, 0, 0, 0, 0, 0, 0, 1824000, 1824000
2015, RAJASTHAN, 8, JAIPUR, 93, AMBER, 1267, ACHROL, 38216, 1190727, Drinking water, 0, 0, 0, 0, 0, 0, 1200000, 1200000
2015, RAJASTHAN, 8, JAIPUR, 93, AMBER, 1267, ACHROL, 38216, 1190727, Roads, 0, 0, 0, 0, 0, 0, 2433156, 2433156
2015, RAJASTHAN, 8, JAIPUR, 93, AMBER, 1267, ACHROL, 38216, 1190727, Total, 0, 0, 0, 0, 0, 0, 3633156, 3633156
2015, RAJASTHAN, 8, JAIPUR, 93, AMBER, 1267, AKHEPURA, 38217, 1183341, Roads, 0, 0, 0, 0, 0, 0, 2006237, 2006237
2015, RAJASTHAN, 8, JAIPUR, 93, AMBER, 1267, AKHEPURA, 38217, 1183341, Total, 0, 0, 0, 0, 0, 0, 2006237, 2006237
2015, RAJASTHAN, 8, JAIPUR, 93, AMBER, 1267, Akedadoongar, 262109, 1184110, Roads, 0, 0, 0, 0, 0, 0, 5081256, 5081256
2015, RAJASTHAN, 8, JAIPUR, 93, AMBER, 1267, Akedadoongar, 262109, 1184110, Total, 0, 0, 0, 0, 0, 0, 5081256, 5081256
2015, RAJASTHAN, 8, JAIPUR, 93, AMBER, 1267, BAGWADA, 38219, 1195433, Roads, 0, 0, 0, 0, 0, 0, 1572111, 1572111
2015, RAJASTHAN, 8, JAIPUR, 93, AMBER, 1267, BAGWADA, 38219, 1195433, Total, 0, 0, 0, 0, 0, 0, 1572111, 1572111
2015, RAJASTHAN, 8, JAIPUR, 93, AMBER, 1267, BEELPUR, 38221, 1177318, Roads, 0, 0, 0, 0, 0, 0, 1280291, 1280291
2015, RAJASTHAN, 8, JAIPUR, 93, AMBER, 1267, BEELPUR, 38221, 1177318, Total, 0, 0, 0, 0, 0, 0, 1280291, 1280291
2015, RAJASTHAN, 8, JAIPUR, 93, AMBER, 1267, BILOCHI, 38225, 1195444, Roads, 0, 0, 0, 0, 0, 0, 2342020, 2342020
2015, RAJASTHAN, 8, JAIPUR, 93, AMBER, 1267, BILOCHI, 38225, 1195444, Total, 0, 0, 0, 0, 0, 0, 2342020, 2342020
2015, RAJASTHAN, 8, JAIPUR, 93, AMBER, 1267, CHANDWAJI, 38226, 1180337, Roads, 0, 0, 0, 0, 0, 0, 1226554, 1226554
2015, RAJASTHAN, 8, JAIPUR, 93, AMBER, 1267, CHANDWAJI, 38226, 1180337, Total, 0, 0, 0, 0, 0, 0, 1226554, 1226554
2015, RAJASTHAN, 8, JAIPUR, 93, AMBER, 1267, CHAPRADI, 38228, 1176399, Roads, 0, 0, 0, 0, 0, 0, 1889950, 1889950
2015, RAJASTHAN, 8, JAIPUR, 93, AMBER, 1267, CHAPRADI, 38228, 1176399, Total, 0, 0, 0, 0, 0, 0, 1889950, 1889950
2015, RAJASTHAN, 8, JAIPUR, 93, AMBER, 1267, CHITANU KALAN, 38229, 1195531, Land improvement, 0, 0, 0, 0, 0, 0, 1011847, 1011847
2015, RAJASTHAN, 8, JAIPUR, 93, AMBER, 1267, CHITANU KALAN, 38229, 1195531, Roads, 0, 0, 0, 0, 0, 0, 1011847, 1011847
2015, RAJASTHAN, 8, JAIPUR, 93, AMBER, 1267, CHITANU KALAN, 38229, 1195531, Total, 0, 0, 0, 0, 0, 0, 2023694, 2023694
2015, RAJASTHAN, 8, JAIPUR, 93, AMBER, 1267, DHAND, 38232, 1177274, Roads, 0, 0, 0, 0, 0, 0, 902204, 902204
2015, RAJASTHAN, 8, JAIPUR, 93, AMBER, 1267, DHAND, 38232, 1177274, Total, 0, 0, 0, 0, 0, 0, 902204, 902204
2015, RAJASTHAN, 8, JAIPUR, 93, AMBER, 1267, DOULATPURA, 38233, 1197624, Roads, 0, 0, 0, 0, 0, 0, 1454034, 1454034
2015, RAJASTHAN, 8, JAIPUR, 93, AMBER, 1267, DOULATPURA, 38233, 1197624, Total, 0, 0, 0, 0, 0, 0, 1454034, 1454034
2015, RAJASTHAN, 8, JAIPUR, 93, AMBER, 1267, KANWARPURA, 38240, 1195455, Land improvement, 0, 0, 0, 0, 0, 0, 7565182, 7565182
2015, RAJASTHAN, 8, JAIPUR, 93, AMBER, 1267, KANWARPURA, 38240, 1195455, Total, 0, 0, 0, 0, 0, 0, 7565182, 7565182
2015, RAJASTHAN, 8, JAIPUR, 93, AMBER, 1267, KHORA MEENA, 38242, 1196366, Land improvement, 0, 0, 0, 0, 0, 0, 500000, 500000
2015, RAJASTHAN, 8, JAIPUR, 93, AMBER, 1267, KHORA MEENA, 38242, 1196366, Total, 0, 0, 0, 0, 0, 0, 1973010, 1973010
2015, RAJASTHAN, 8, JAIPUR, 93, AMBER, 1267, KHORA MEENA, 38242, 1196366, Women and child development, 0, 0, 0, 0, 0, 0, 1473010, 1473010
2015, RAJASTHAN, 8, JAIPUR, 93, AMBER, 1267, KUKAS, 38245, 1195780, Drinking water, 0, 0, 0, 0, 0, 0, 200000, 200000
2015, RAJASTHAN, 8, JAIPUR, 93, AMBER, 1267, KUKAS, 38245, 1195780, Education, 0, 0, 0, 0, 0, 0, 200000, 200000
2015, RAJASTHAN, 8, JAIPUR, 93, AMBER, 1267, KUKAS, 38245, 1195780, Land improvement, 0, 0, 0, 0, 0, 0, 600000, 600000
2015, RAJASTHAN, 8, JAIPUR, 93, AMBER, 1267, KUKAS, 38245, 1195780, Roads, 0, 0, 0, 0, 0, 0, 114499, 114499
2015, RAJASTHAN, 8, JAIPUR, 93, AMBER, 1267, KUKAS, 38245, 1195780, Rural electrification, 0, 0, 0, 0, 0, 0, 227000, 227000
2015, RAJASTHAN, 8, JAIPUR, 93, AMBER, 1267, KUKAS, 38245, 1195780, Total, 0, 0, 0, 0, 0, 0, 1341499, 1341499
2015, RAJASTHAN, 8, JAIPUR, 93, AMBER, 1267, LABANA, 38246, 1197253, Land improvement, 0, 0, 0, 0, 0, 0, 1495019, 1495019
2015, RAJASTHAN, 8, JAIPUR, 93, AMBER, 1267, LABANA, 38246, 1197253, Roads, 0, 0, 0, 0, 0, 0, 500000, 500000
2015, RAJASTHAN, 8, JAIPUR, 93, AMBER, 1267, LABANA, 38246, 1197253, Total, 0, 0, 0, 0, 0, 0, 1995019, 1995019
2015, RAJASTHAN, 8, JAIPUR, 93, AMBER, 1267, LAKHER, 38247, 1176748, Drinking water, 0, 0, 0, 0, 0, 0, 1006569, 1006569
2015, RAJASTHAN, 8, JAIPUR, 93, AMBER, 1267, LAKHER, 38247, 1176748, Land improvement, 0, 0, 0, 0, 0, 0, 600000, 600000
2015, RAJASTHAN, 8, JAIPUR, 93, AMBER, 1267, LAKHER, 38247, 1176748, Total, 0, 0, 0, 0, 0, 0, 1606569, 1606569
2015, RAJASTHAN, 8, JAIPUR, 93, AMBER, 1267, MANPURA MACHERI, 38249, 1197631, Drinking water, 0, 0, 0, 0, 0, 0, 400000, 400000
2015, RAJASTHAN, 8, JAIPUR, 93, AMBER, 1267, MANPURA MACHERI, 38249, 1197631, Land improvement, 0, 0, 0, 0, 0, 0, 214557, 214557
2015, RAJASTHAN, 8, JAIPUR, 93, AMBER, 1267, MANPURA MACHERI, 38249, 1197631, Sanitation, 0, 0, 0, 0, 0, 0, 1900000, 1900000
2015, RAJASTHAN, 8, JAIPUR, 93, AMBER, 1267, MANPURA MACHERI, 38249, 1197631, Total, 0, 0, 0, 0, 0, 0, 2514557, 2514557
2015, RAJASTHAN, 8, JAIPUR, 93, AMBER, 1267, NANGAL SUSAVTAN, 38252, 1176621, Land improvement, 0, 0, 0, 0, 0, 0, 600000, 600000
2015, RAJASTHAN, 8, JAIPUR, 93, AMBER, 1267, NANGAL SUSAVTAN, 38252, 1176621, Roads, 0, 0, 0, 0, 0, 0, 500000, 500000
2015, RAJASTHAN, 8, JAIPUR, 93, AMBER, 1267, NANGAL SUSAVTAN, 38252, 1176621, Sanitation, 0, 0, 0, 0, 0, 0, 802498, 802498
2015, RAJASTHAN, 8, JAIPUR, 93, AMBER, 1267, NANGAL SUSAVTAN, 38252, 1176621, Total, 0, 0, 0, 0, 0, 0, 1902498, 1902498
2015, RAJASTHAN, 8, JAIPUR, 93, AMBER, 1267, RUNDAL, 38259, 1195547, Agriculture, 0, 0, 0, 0, 0, 0, 167475, 167475
2015, RAJASTHAN, 8, JAIPUR, 93, AMBER, 1267, RUNDAL, 38259, 1195547, Roads, 0, 0, 0, 0, 0, 0, 1500000, 1500000
2015, RAJASTHAN, 8, JAIPUR, 93, AMBER, 1267, RUNDAL, 38259, 1195547, Total, 0, 0, 0, 0, 0, 0, 1667475, 1667475
2015, RAJASTHAN, 8, JAIPUR, 93, AMBER, 1267, SHYAMPURA, 38261, 1179721, Roads, 0, 0, 0, 0, 0, 0, 2159574, 2159574
2015, RAJASTHAN, 8, JAIPUR, 93, AMBER, 1267, SHYAMPURA, 38261, 1179721, Sanitation, 0, 0, 0, 0, 0, 0, 200000, 200000
2015, RAJASTHAN, 8, JAIPUR, 93, AMBER, 1267, SHYAMPURA, 38261, 1179721, Total, 0, 0, 0, 0, 0, 0, 2359574, 2359574
2015, RAJASTHAN, 8, JAIPUR, 93, AMBER, 1267, SIROHI, 38262, 1176658, Drinking water, 0, 0, 0, 0, 0, 0, 177404, 177404
2015, RAJASTHAN, 8, JAIPUR, 93, AMBER, 1267, SIROHI, 38262, 1176658, Sanitation, 0, 0, 0, 0, 0, 0, 1200000, 1200000
2015, RAJASTHAN, 8, JAIPUR, 93, AMBER, 1267, SIROHI, 38262, 1176658, Total, 0, 0, 0, 0, 0, 0, 1377404, 1377404
2015, RAJASTHAN, 8, JAIPUR, 93, BASSI, 1268, ANATPURA, 38264, 1183014, Drinking water, 0, 0, 0, 0, 0, 0, 117658, 117658
2015, RAJASTHAN, 8, JAIPUR, 93, BASSI, 1268, ANATPURA, 38264, 1183014, Roads, 0, 0, 0, 0, 0, 0, 1132748, 1132748
2015, RAJASTHAN, 8, JAIPUR, 93, BASSI, 1268, ANATPURA, 38264, 1183014, Total, 0, 0, 0, 0, 0, 0, 1397314, 1397314
2015, RAJASTHAN, 8, JAIPUR, 93, BASSI, 1268, ANATPURA, 38264, 1183014, Welfare of the weaker sections, 0, 0, 0, 0, 0, 0, 146908, 146908
2015, RAJASTHAN, 8, JAIPUR, 93, BASSI, 1268, BADWA, 38265, 1177382, Drinking water, 0, 0, 0, 0, 0, 0, 750000, 750000
2015, RAJASTHAN, 8, JAIPUR, 93, BASSI, 1268, BADWA, 38265, 1177382, Total, 0, 0, 0, 0, 0, 0, 750000, 750000
2015, RAJASTHAN, 8, JAIPUR, 93, BASSI, 1268, BAGRANA, 262448, 1199258, Drinking water, 0, 0, 0, 0, 0, 0, 6000, 6000
2015, RAJASTHAN, 8, JAIPUR, 93, BASSI, 1268, BAGRANA, 262448, 1199258, Roads, 0, 0, 0, 0, 0, 0, 444462, 444462
2015, RAJASTHAN, 8, JAIPUR, 93, BASSI, 1268, BAGRANA, 262448, 1199258, Total, 0, 0, 0, 0, 0, 0, 450462, 450462
2015, RAJASTHAN, 8, JAIPUR, 93, BASSI, 1268, BAINADA, 38266, 1196174, Roads, 0, 0, 0, 0, 0, 0, 1274749, 1274749
2015, RAJASTHAN, 8, JAIPUR, 93, BASSI, 1268, BAINADA, 38266, 1196174, Total, 0, 0, 0, 0, 0, 0, 1274749, 1274749
2015, RAJASTHAN, 8, JAIPUR, 93, BASSI, 1268, BANSKHOH, 38267, 1183099, Roads, 0, 0, 0, 0, 0, 0, 242000, 242000
2015, RAJASTHAN, 8, JAIPUR, 93, BASSI, 1268, BANSKHOH, 38267, 1183099, Sanitation, 0, 0, 0, 0, 0, 0, 655000, 655000
2015, RAJASTHAN, 8, JAIPUR, 93, BASSI, 1268, BANSKHOH, 38267, 1183099, Total, 0, 0, 0, 0, 0, 0, 897000, 897000
2015, RAJASTHAN, 8, JAIPUR, 93, BASSI, 1268, BASSI, 38268, 1176155, Maintenance of community system, 0, 0, 0, 0, 0, 0, 950000, 950000
2015, RAJASTHAN, 8, JAIPUR, 93, BASSI, 1268, BASSI, 38268, 1176155, Public distribution system, 0, 0, 0, 0, 0, 0, 200000, 200000
2015, RAJASTHAN, 8, JAIPUR, 93, BASSI, 1268, BASSI, 38268, 1176155, Total, 0, 0, 0, 0, 0, 0, 1150000, 1150000
2015, RAJASTHAN, 8, JAIPUR, 93, BASSI, 1268, BHATERI, 38269, 1176302, Drinking water, 0, 0, 0, 0, 0, 0, 150000, 150000
2015, RAJASTHAN, 8, JAIPUR, 93, BASSI, 1268, BHATERI, 38269, 1176302, Health, 0, 0, 0, 0, 0, 0, 250000, 250000
2015, RAJASTHAN, 8, JAIPUR, 93, BASSI, 1268, BHATERI, 38269, 1176302, Roads, 0, 0, 0, 0, 0, 0, 1499000, 1499000
2015, RAJASTHAN, 8, JAIPUR, 93, BASSI, 1268, BHATERI, 38269, 1176302, Total, 0, 0, 0, 0, 0, 0, 1899000, 1899000
2015, RAJASTHAN, 8, JAIPUR, 93, BASSI, 1268, BHOODLA, 38270, 1175908, Drinking water, 0, 0, 0, 0, 0, 0, 50000, 50000
2015, RAJASTHAN, 8, JAIPUR, 93, BASSI, 1268, BHOODLA, 38270, 1175908, Roads, 0, 0, 0, 0, 0, 0, 100000, 100000
2015, RAJASTHAN, 8, JAIPUR, 93, BASSI, 1268, BHOODLA, 38270, 1175908, Total, 0, 0, 0, 0, 0, 0, 150000, 150000
2015, RAJASTHAN, 8, JAIPUR, 93, BASSI, 1268, BOODTHAL, 38271, 1182413, Drinking water, 0, 0, 0, 0, 0, 0, 148142, 148142
2015, RAJASTHAN, 8, JAIPUR, 93, BASSI, 1268, BOODTHAL, 38271, 1182413, Roads, 0, 0, 0, 0, 0, 0, 769647, 769647
2015, RAJASTHAN, 8, JAIPUR, 93, BASSI, 1268, BOODTHAL, 38271, 1182413, Total, 0, 0, 0, 0, 0, 0, 917789, 917789
2015, RAJASTHAN, 8, JAIPUR, 93, BASSI, 1268, DANAU KALAN, 38272, 1195666, Roads, 0, 0, 0, 0, 0, 0, 2638000, 2638000
2015, RAJASTHAN, 8, JAIPUR, 93, BASSI, 1268, DANAU KALAN, 38272, 1195666, Total, 0, 0, 0, 0, 0, 0, 2638000, 2638000
2015, RAJASTHAN, 8, JAIPUR, 93, BASSI, 1268, DEVGAON, 38273, 1182436, Roads, 0, 0, 0, 0, 0, 0, 237597, 237597
2015, RAJASTHAN, 8, JAIPUR, 93, BASSI, 1268, DEVGAON, 38273, 1182436, Total, 0, 0, 0, 0, 0, 0, 779534, 779534
2015, RAJASTHAN, 8, JAIPUR, 93, BASSI, 1268, DEVGAON, 38273, 1182436, Welfare of the weaker sections, 0, 0, 0, 0, 0, 0, 541937, 541937
2015, RAJASTHAN, 8, JAIPUR, 93, BASSI, 1268, DOODHALI, 38274, 1196189, Roads, 0, 0, 0, 0, 0, 0, 290598, 290598
2015, RAJASTHAN, 8, JAIPUR, 93, BASSI, 1268, DOODHALI, 38274, 1196189, Total, 0, 0, 0, 0, 0, 0, 524880, 524880
2015, RAJASTHAN, 8, JAIPUR, 93, BASSI, 1268, DOODHALI, 38274, 1196189, Welfare of the weaker sections, 0, 0, 0, 0, 0, 0, 234282, 234282
2015, RAJASTHAN, 8, JAIPUR, 93, BASSI, 1268, GARH, 38275, 1204497, Drinking water, 0, 0, 0, 0, 0, 0, 150000, 150000
2015, RAJASTHAN, 8, JAIPUR, 93, BASSI, 1268, GARH, 38275, 1204497, Sanitation, 0, 0, 0, 0, 0, 0, 10000, 10000
2015, RAJASTHAN, 8, JAIPUR, 93, BASSI, 1268, GARH, 38275, 1204497, Total, 0, 0, 0, 0, 0, 0, 160000, 160000
2015, RAJASTHAN, 8, JAIPUR, 93, BASSI, 1268, HANS MAHAL, 38276, 1214655, Roads, 0, 0, 0, 0, 0, 0, 1447000, 1447000
2015, RAJASTHAN, 8, JAIPUR, 93, BASSI, 1268, HANS MAHAL, 38276, 1214655, Total, 0, 0, 0, 0, 0, 0, 1447000, 1447000
2015, RAJASTHAN, 8, JAIPUR, 93, BASSI, 1268, HIMMATPURA, 262458, 1182391, Roads, 0, 0, 0, 0, 0, 0, 410988, 410988
2015, RAJASTHAN, 8, JAIPUR, 93, BASSI, 1268, HIMMATPURA, 262458, 1182391, Total, 0, 0, 0, 0, 0, 0, 460908, 460908
2015, RAJASTHAN, 8, JAIPUR, 93, BASSI, 1268, HIMMATPURA, 262458, 1182391, Welfare of the weaker sections, 0, 0, 0, 0, 0, 0, 49920, 49920
2015, RAJASTHAN, 8, JAIPUR, 93, BASSI, 1268, JATWARA, 38277, 1196180, Roads, 0, 0, 0, 0, 0, 0, 786291, 786291
2015, RAJASTHAN, 8, JAIPUR, 93, BASSI, 1268, JATWARA, 38277, 1196180, Sanitation, 0, 0, 0, 0, 0, 0, 236927, 236927
2015, RAJASTHAN, 8, JAIPUR, 93, BASSI, 1268, JATWARA, 38277, 1196180, Total, 0, 0, 0, 0, 0, 0, 1148503, 1148503
2015, RAJASTHAN, 8, JAIPUR, 93, BASSI, 1268, JATWARA, 38277, 1196180, Welfare of the weaker sections, 0, 0, 0, 0, 0, 0, 125285, 125285
2015, RAJASTHAN, 8, JAIPUR, 93, BASSI, 1268, JEETAWALA, 38278, 1173008, Drinking water, 0, 0, 0, 0, 0, 0, 500000, 500000
2015, RAJASTHAN, 8, JAIPUR, 93, BASSI, 1268, JEETAWALA, 38278, 1173008, Total, 0, 0, 0, 0, 0, 0, 500000, 500000
2015, RAJASTHAN, 8, JAIPUR, 93, BASSI, 1268, JHAR, 38279, 1196185, Roads, 0, 0, 0, 0, 0, 0, 710332, 710332
2015, RAJASTHAN, 8, JAIPUR, 93, BASSI, 1268, JHAR, 38279, 1196185, Total, 0, 0, 0, 0, 0, 0, 710332, 710332
2015, RAJASTHAN, 8, JAIPUR, 93, BASSI, 1268, KANOTA, 38281, 1193677, Total, 0, 0, 0, 0, 0, 0, 296003, 296003
2015, RAJASTHAN, 8, JAIPUR, 93, BASSI, 1268, KANOTA, 38281, 1193677, Welfare of the weaker sections, 0, 0, 0, 0, 0, 0, 296003, 296003
2015, RAJASTHAN, 8, JAIPUR, 93, BASSI, 1268, KARANGARH, 38282, 1239649, Roads, 0, 0, 0, 0, 0, 0, 308562, 308562
2015, RAJASTHAN, 8, JAIPUR, 93, BASSI, 1268, KARANGARH, 38282, 1239649, Rural electrification, 0, 0, 0, 0, 0, 0, 289567, 289567
2015, RAJASTHAN, 8, JAIPUR, 93, BASSI, 1268, KARANGARH, 38282, 1239649, Sanitation, 0, 0, 0, 0, 0, 0, 216238, 216238
2015, RAJASTHAN, 8, JAIPUR, 93, BASSI, 1268, KARANGARH, 38282, 1239649, Total, 0, 0, 0, 0, 0, 0, 814367, 814367
2015, RAJASTHAN, 8, JAIPUR, 93, BASSI, 1268, KASHIPURA, 38283, 1181943, Drinking water, 0, 0, 0, 0, 0, 0, 250000, 250000
2015, RAJASTHAN, 8, JAIPUR, 93, BASSI, 1268, KASHIPURA, 38283, 1181943, Sanitation, 0, 0, 0, 0, 0, 0, 221000, 221000
2015, RAJASTHAN, 8, JAIPUR, 93, BASSI, 1268, KASHIPURA, 38283, 1181943, Total, 0, 0, 0, 0, 0, 0, 665000, 665000
2015, RAJASTHAN, 8, JAIPUR, 93, BASSI, 1268, KASHIPURA, 38283, 1181943, Welfare of the weaker sections, 0, 0, 0, 0, 0, 0, 194000, 194000
2015, RAJASTHAN, 8, JAIPUR, 93, BASSI, 1268, KHATEPURA, 38284, 1177418, Roads, 0, 0, 0, 0, 0, 0, 1200000, 1200000
2015, RAJASTHAN, 8, JAIPUR, 93, BASSI, 1268, KHATEPURA, 38284, 1177418, Total, 0, 0, 0, 0, 0, 0, 1200000, 1200000
2015, RAJASTHAN, 8, JAIPUR, 93, BASSI, 1268, KHIJURIYA BRAHMNAN, 38285, 1245110, Total, 0, 0, 0, 0, 0, 0, 940000, 940000
2015, RAJASTHAN, 8, JAIPUR, 93, BASSI, 1268, KHIJURIYA BRAHMNAN, 38285, 1245110, Welfare of the weaker sections, 0, 0, 0, 0, 0, 0, 940000, 940000
2015, RAJASTHAN, 8, JAIPUR, 93, BASSI, 1268, KUTHADA KHURD, 38286, 1196390, Drinking water, 0, 0, 0, 0, 0, 0, 75000, 75000
2015, RAJASTHAN, 8, JAIPUR, 93, BASSI, 1268, KUTHADA KHURD, 38286, 1196390, Health, 0, 0, 0, 0, 0, 0, 70000, 70000
2015, RAJASTHAN, 8, JAIPUR, 93, BASSI, 1268, KUTHADA KHURD, 38286, 1196390, Total, 0, 0, 0, 0, 0, 0, 145000, 145000
2015, RAJASTHAN, 8, JAIPUR, 93, BASSI, 1268, LALGARH, 38287, 1182370, Drinking water, 0, 0, 0, 0, 0, 0, 1000000, 1000000
2015, RAJASTHAN, 8, JAIPUR, 93, BASSI, 1268, LALGARH, 38287, 1182370, Roads, 0, 0, 0, 0, 0, 0, 185000, 185000
2015, RAJASTHAN, 8, JAIPUR, 93, BASSI, 1268, LALGARH, 38287, 1182370, Total, 0, 0, 0, 0, 0, 0, 1185000, 1185000
2015, RAJASTHAN, 8, JAIPUR, 93, BASSI, 1268, MADHOGARH, 38288, 1214711, Drinking water, 0, 0, 0, 0, 0, 0, 55000, 55000
2015, RAJASTHAN, 8, JAIPUR, 93, BASSI, 1268, MADHOGARH, 38288, 1214711, Roads, 0, 0, 0, 0, 0, 0, 317980, 317980
2015, RAJASTHAN, 8, JAIPUR, 93, BASSI, 1268, MADHOGARH, 38288, 1214711, Total, 0, 0, 0, 0, 0, 0, 372980, 372980
2015, RAJASTHAN, 8, JAIPUR, 93, BASSI, 1268, MANOHARPURA, 38289, 1198842, Drinking water, 0, 0, 0, 0, 0, 0, 100000, 100000
2015, RAJASTHAN, 8, JAIPUR, 93, BASSI, 1268, MANOHARPURA, 38289, 1198842, Roads, 0, 0, 0, 0, 0, 0, 1410481, 1410481
2015, RAJASTHAN, 8, JAIPUR, 93, BASSI, 1268, MANOHARPURA, 38289, 1198842, Total, 0, 0, 0, 0, 0, 0, 2310481, 2310481
2015, RAJASTHAN, 8, JAIPUR, 93, BASSI, 1268, MANOHARPURA, 38289, 1198842, Welfare of the weaker sections, 0, 0, 0, 0, 0, 0, 800000, 800000
2015, RAJASTHAN, 8, JAIPUR, 93, BASSI, 1268, MANSAR KHEDI, 38290, 1205024, Roads, 0, 0, 0, 0, 0, 0, 268773, 268773
2015, RAJASTHAN, 8, JAIPUR, 93, BASSI, 1268, MANSAR KHEDI, 38290, 1205024, Total, 0, 0, 0, 0, 0, 0, 268773, 268773
2015, RAJASTHAN, 8, JAIPUR, 93, BASSI, 1268, MOHANPURA, 38291, 1193674, Sanitation, 0, 0, 0, 0, 0, 0, 90000, 90000
2015, RAJASTHAN, 8, JAIPUR, 93, BASSI, 1268, MOHANPURA, 38291, 1193674, Total, 0, 0, 0, 0, 0, 0, 137000, 137000
2015, RAJASTHAN, 8, JAIPUR, 93, BASSI, 1268, MOHANPURA, 38291, 1193674, Welfare of the weaker sections, 0, 0, 0, 0, 0, 0, 47000, 47000
2015, RAJASTHAN, 8, JAIPUR, 93, BASSI, 1268, MUNDLI, 262454, 1181979, Roads, 0, 0, 0, 0, 0, 0, 1261500, 1261500
2015, RAJASTHAN, 8, JAIPUR, 93, BASSI, 1268, MUNDLI, 262454, 1181979, Total, 0, 0, 0, 0, 0, 0, 1261500, 1261500
2015, RAJASTHAN, 8, JAIPUR, 93, BASSI, 1268, PADASOLI, 38292, 1104443, Drinking water, 0, 0, 0, 0, 0, 0, 300000, 300000
2015, RAJASTHAN, 8, JAIPUR, 93, BASSI, 1268, PADASOLI, 38292, 1104443, Total, 0, 0, 0, 0, 0, 0, 300000, 300000
2015, RAJASTHAN, 8, JAIPUR, 93, BASSI, 1268, PALAWALA JATAN, 38293, 1176494, Drinking water, 0, 0, 0, 0, 0, 0, 855534, 855534
2015, RAJASTHAN, 8, JAIPUR, 93, BASSI, 1268, PALAWALA JATAN, 38293, 1176494, Roads, 0, 0, 0, 0, 0, 0, 2427383, 2427383
2015, RAJASTHAN, 8, JAIPUR, 93, BASSI, 1268, PALAWALA JATAN, 38293, 1176494, Sanitation, 0, 0, 0, 0, 0, 0, 161507, 161507
2015, RAJASTHAN, 8, JAIPUR, 93, BASSI, 1268, PALAWALA JATAN, 38293, 1176494, Total, 0, 0, 0, 0, 0, 0, 4292432, 4292432
2015, RAJASTHAN, 8, JAIPUR, 93, BASSI, 1268, PALAWALA JATAN, 38293, 1176494, Welfare of the weaker sections, 0, 0, 0, 0, 0, 0, 848008, 848008
2015, RAJASTHAN, 8, JAIPUR, 93, BASSI, 1268, PATAN, 38294, 1198883, Roads, 0, 0, 0, 0, 0, 0, 1237000, 1237000
2015, RAJASTHAN, 8, JAIPUR, 93, BASSI, 1268, PATAN, 38294, 1198883, Total, 0, 0, 0, 0, 0, 0, 1237000, 1237000
2015, RAJASTHAN, 8, JAIPUR, 93, BASSI, 1268, RAJPURA PATALWAS, 38296, 1198822, Drinking water, 0, 0, 0, 0, 0, 0, 29800, 29800
2015, RAJASTHAN, 8, JAIPUR, 93, BASSI, 1268, RAJPURA PATALWAS, 38296, 1198822, Roads, 0, 0, 0, 0, 0, 0, 929045, 929045
2015, RAJASTHAN, 8, JAIPUR, 93, BASSI, 1268, RAJPURA PATALWAS, 38296, 1198822, Total, 0, 0, 0, 0, 0, 0, 958845, 958845
2015, RAJASTHAN, 8, JAIPUR, 93, BASSI, 1268, RAMRATANPURA, 38297, 1205578, Roads, 0, 0, 0, 0, 0, 0, 791000, 791000
2015, RAJASTHAN, 8, JAIPUR, 93, BASSI, 1268, RAMRATANPURA, 38297, 1205578, Total, 0, 0, 0, 0, 0, 0, 791000, 791000
2015, RAJASTHAN, 8, JAIPUR, 93, BASSI, 1268, RAMSAR PALAWALA, 38298, 1214677, Drinking water, 0, 0, 0, 0, 0, 0, 535000, 535000
2015, RAJASTHAN, 8, JAIPUR, 93, BASSI, 1268, RAMSAR PALAWALA, 38298, 1214677, Roads, 0, 0, 0, 0, 0, 0, 973000, 973000
2015, RAJASTHAN, 8, JAIPUR, 93, BASSI, 1268, RAMSAR PALAWALA, 38298, 1214677, Total, 0, 0, 0, 0, 0, 0, 1508000, 1508000
2015, RAJASTHAN, 8, JAIPUR, 93, BASSI, 1268, SAMBHARIYA, 38299, 1177347, Drinking water, 0, 0, 0, 0, 0, 0, 250000, 250000
2015, RAJASTHAN, 8, JAIPUR, 93, BASSI, 1268, SAMBHARIYA, 38299, 1177347, Roads, 0, 0, 0, 0, 0, 0, 632870, 632870
2015, RAJASTHAN, 8, JAIPUR, 93, BASSI, 1268, SAMBHARIYA, 38299, 1177347, Total, 0, 0, 0, 0, 0, 0, 882870, 882870
2015, RAJASTHAN, 8, JAIPUR, 93, BASSI, 1268, SHYAMPURA KACHOLIYA, 38280, 1187706, Drinking water, 0, 0, 0, 0, 0, 0, 748572, 748572
2015, RAJASTHAN, 8, JAIPUR, 93, BASSI, 1268, SHYAMPURA KACHOLIYA, 38280, 1187706, Roads, 0, 0, 0, 0, 0, 0, 463996, 463996
2015, RAJASTHAN, 8, JAIPUR, 93, BASSI, 1268, SHYAMPURA KACHOLIYA, 38280, 1187706, Sanitation, 0, 0, 0, 0, 0, 0, 200000, 200000
2015, RAJASTHAN, 8, JAIPUR, 93, BASSI, 1268, SHYAMPURA KACHOLIYA, 38280, 1187706, Total, 0, 0, 0, 0, 0, 0, 1412568, 1412568
2015, RAJASTHAN, 8, JAIPUR, 93, BASSI, 1268, SUMEL, 38493, 1198871, Roads, 0, 0, 0, 0, 0, 0, 1864000, 1864000
2015, RAJASTHAN, 8, JAIPUR, 93, BASSI, 1268, SUMEL, 38493, 1198871, Total, 0, 0, 0, 0, 0, 0, 2364000, 2364000
2015, RAJASTHAN, 8, JAIPUR, 93, BASSI, 1268, SUMEL, 38493, 1198871, Welfare of the weaker sections, 0, 0, 0, 0, 0, 0, 500000, 500000
2015, RAJASTHAN, 8, JAIPUR, 93, BASSI, 1268, TAHTADA, 38300, 1143500, Maintenance of community system, 0, 0, 0, 0, 0, 0, 178826, 178826
2015, RAJASTHAN, 8, JAIPUR, 93, BASSI, 1268, TAHTADA, 38300, 1143500, Total, 0, 0, 0, 0, 0, 0, 178826, 178826
2015, RAJASTHAN, 8, JAIPUR, 93, BASSI, 1268, TODA BHATA, 38301, 1181925, Roads, 0, 0, 0, 0, 0, 0, 994000, 994000
2015, RAJASTHAN, 8, JAIPUR, 93, BASSI, 1268, TODA BHATA, 38301, 1181925, Total, 0, 0, 0, 0, 0, 0, 994000, 994000
2015, RAJASTHAN, 8, JAIPUR, 93, BASSI, 1268, TOONGA, 38302, 1205010, Sanitation, 0, 0, 0, 0, 0, 0, 139380, 139380
2015, RAJASTHAN, 8, JAIPUR, 93, BASSI, 1268, TOONGA, 38302, 1205010, Total, 0, 0, 0, 0, 0, 0, 239013, 239013
2015, RAJASTHAN, 8, JAIPUR, 93, BASSI, 1268, TOONGA, 38302, 1205010, Welfare of the weaker sections, 0, 0, 0, 0, 0, 0, 99633, 99633
2015, RAJASTHAN, 8, JAIPUR, 93, BASSI, 1268, VIJAYPURA, 38494, 1214740, Drinking water, 0, 0, 0, 0, 0, 0, 1250000, 1250000
2015, RAJASTHAN, 8, JAIPUR, 93, BASSI, 1268, VIJAYPURA, 38494, 1214740, Roads, 0, 0, 0, 0, 0, 0, 922000, 922000
2015, RAJASTHAN, 8, JAIPUR, 93, BASSI, 1268, VIJAYPURA, 38494, 1214740, Total, 0, 0, 0, 0, 0, 0, 2172000, 2172000
2015, RAJASTHAN, 8, JAIPUR, 93, CHAKSU, 1269, AJAYRAJPURA DEHLALA, 38310, 1202994, Administrative & Technical Support, 0, 0, 0, 0, 0, 0, 6570, 6570
2015, RAJASTHAN, 8, JAIPUR, 93, CHAKSU, 1269, AJAYRAJPURA DEHLALA, 38310, 1202994, Sanitation, 0, 0, 0, 0, 0, 0, 350000, 350000
2015, RAJASTHAN, 8, JAIPUR, 93, CHAKSU, 1269, AJAYRAJPURA DEHLALA, 38310, 1202994, Total, 0, 0, 0, 0, 0, 0, 356570, 356570
2015, RAJASTHAN, 8, JAIPUR, 93, CHAKSU, 1269, AKODIYA, 38303, 1195297, Administrative & Technical Support, 0, 0, 0, 0, 0, 0, 140000, 140000
2015, RAJASTHAN, 8, JAIPUR, 93, CHAKSU, 1269, AKODIYA, 38303, 1195297, Drinking water, 0, 0, 0, 0, 0, 0, 100000, 100000
2015, RAJASTHAN, 8, JAIPUR, 93, CHAKSU, 1269, AKODIYA, 38303, 1195297, Roads, 0, 0, 0, 0, 0, 0, 200000, 200000
2015, RAJASTHAN, 8, JAIPUR, 93, CHAKSU, 1269, AKODIYA, 38303, 1195297, Total, 0, 0, 0, 0, 0, 0, 440000, 440000
2015, RAJASTHAN, 8, JAIPUR, 93, CHAKSU, 1269, BADLI, 38304, 1171767, Administrative & Technical Support, 0, 0, 0, 0, 0, 0, 238250, 238250
2015, RAJASTHAN, 8, JAIPUR, 93, CHAKSU, 1269, BADLI, 38304, 1171767, Drinking water, 0, 0, 0, 0, 0, 0, 116000, 116000
2015, RAJASTHAN, 8, JAIPUR, 93, CHAKSU, 1269, BADLI, 38304, 1171767, Roads, 0, 0, 0, 0, 0, 0, 500000, 500000
2015, RAJASTHAN, 8, JAIPUR, 93, CHAKSU, 1269, BADLI, 38304, 1171767, Total, 0, 0, 0, 0, 0, 0, 854250, 854250
2015, RAJASTHAN, 8, JAIPUR, 93, CHAKSU, 1269, BARKHERA, 262274, 1325147, Drinking water, 0, 0, 0, 0, 0, 0, 200000, 200000
2015, RAJASTHAN, 8, JAIPUR, 93, CHAKSU, 1269, BARKHERA, 262274, 1325147, Total, 0, 0, 0, 0, 0, 0, 200000, 200000
2015, RAJASTHAN, 8, JAIPUR, 93, CHAKSU, 1269, JHAPADA KALAN, 38315, 1202802, Administrative & Technical Support, 0, 0, 0, 0, 0, 0, 100000, 100000
2015, RAJASTHAN, 8, JAIPUR, 93, CHAKSU, 1269, JHAPADA KALAN, 38315, 1202802, Roads, 0, 0, 0, 0, 0, 0, 500000, 500000
2015, RAJASTHAN, 8, JAIPUR, 93, CHAKSU, 1269, JHAPADA KALAN, 38315, 1202802, Sanitation, 0, 0, 0, 0, 0, 0, 651134, 651134
2015, RAJASTHAN, 8, JAIPUR, 93, CHAKSU, 1269, JHAPADA KALAN, 38315, 1202802, Total, 0, 0, 0, 0, 0, 0, 1251134, 1251134
2015, RAJASTHAN, 8, JAIPUR, 93, CHAKSU, 1269, KADERA, 38316, 1178868, Administrative & Technical Support, 0, 0, 0, 0, 0, 0, 530000, 530000
2015, RAJASTHAN, 8, JAIPUR, 93, CHAKSU, 1269, KADERA, 38316, 1178868, Drinking water, 0, 0, 0, 0, 0, 0, 50000, 50000
2015, RAJASTHAN, 8, JAIPUR, 93, CHAKSU, 1269, KADERA, 38316, 1178868, Total, 0, 0, 0, 0, 0, 0, 580000, 580000
2015, RAJASTHAN, 8, JAIPUR, 93, CHAKSU, 1269, KADERA, 38316, 1192272, Administrative & Technical Support, 0, 0, 0, 0, 0, 0, 350000, 350000
2015, RAJASTHAN, 8, JAIPUR, 93, CHAKSU, 1269, KADERA, 38316, 1192272, Drinking water, 0, 0, 0, 0, 0, 0, 50000, 50000
2015, RAJASTHAN, 8, JAIPUR, 93, CHAKSU, 1269, KADERA, 38316, 1192272, Sanitation, 0, 0, 0, 0, 0, 0, 45000, 45000
2015, RAJASTHAN, 8, JAIPUR, 93, CHAKSU, 1269, KADERA, 38316, 1192272, Total, 0, 0, 0, 0, 0, 0, 445000, 445000
2015, RAJASTHAN, 8, JAIPUR, 93, CHAKSU, 1269, KOTHUN, 38321, 1172183, Drinking water, 0, 0, 0, 0, 0, 0, 113000, 113000
2015, RAJASTHAN, 8, JAIPUR, 93, CHAKSU, 1269, KOTHUN, 38321, 1172183, Sanitation, 0, 0, 0, 0, 0, 0, 1100000, 1100000
2015, RAJASTHAN, 8, JAIPUR, 93, CHAKSU, 1269, KOTHUN, 38321, 1172183, Total, 0, 0, 0, 0, 0, 0, 1213000, 1213000
2015, RAJASTHAN, 8, JAIPUR, 93, CHAKSU, 1269, KOTKHAWDA, 38320, 1178867, Administrative & Technical Support, 0, 0, 0, 0, 0, 0, 155000, 155000
2015, RAJASTHAN, 8, JAIPUR, 93, CHAKSU, 1269, KOTKHAWDA, 38320, 1178867, Total, 0, 0, 0, 0, 0, 0, 155000, 155000
2015, RAJASTHAN, 8, JAIPUR, 93, CHAKSU, 1269, MAHADEVPURA, 38324, 1161902, Administrative & Technical Support, 0, 0, 0, 0, 0, 0, 105214, 105214
2015, RAJASTHAN, 8, JAIPUR, 93, CHAKSU, 1269, MAHADEVPURA, 38324, 1161902, Drinking water, 0, 0, 0, 0, 0, 0, 49900, 49900
2015, RAJASTHAN, 8, JAIPUR, 93, CHAKSU, 1269, MAHADEVPURA, 38324, 1161902, Maintenance of community system, 0, 0, 0, 0, 0, 0, 7500, 7500
2015, RAJASTHAN, 8, JAIPUR, 93, CHAKSU, 1269, MAHADEVPURA, 38324, 1161902, Sanitation, 0, 0, 0, 0, 0, 0, 34500, 34500
2015, RAJASTHAN, 8, JAIPUR, 93, CHAKSU, 1269, MAHADEVPURA, 38324, 1161902, Total, 0, 0, 0, 0, 0, 0, 197114, 197114
2015, RAJASTHAN, 8, JAIPUR, 93, CHAKSU, 1269, MANADALIYA MEIDA, 38323, 1325158, Drinking water, 0, 0, 0, 0, 0, 0, 100000, 100000
2015, RAJASTHAN, 8, JAIPUR, 93, CHAKSU, 1269, MANADALIYA MEIDA, 38323, 1325158, Minor forest produce, 0, 0, 0, 0, 0, 0, 100000, 100000
2015, RAJASTHAN, 8, JAIPUR, 93, CHAKSU, 1269, MANADALIYA MEIDA, 38323, 1325158, Total, 0, 0, 0, 0, 0, 0, 200000, 200000
2015, RAJASTHAN, 8, JAIPUR, 93, CHAKSU, 1269, RADOLI, 38326, 1202631, Administrative & Technical Support, 0, 0, 0, 0, 0, 0, 65343, 65343
2015, RAJASTHAN, 8, JAIPUR, 93, CHAKSU, 1269, RADOLI, 38326, 1202631, Roads, 0, 0, 0, 0, 0, 0, 500000, 500000
2015, RAJASTHAN, 8, JAIPUR, 93, CHAKSU, 1269, RADOLI, 38326, 1202631, Sanitation, 0, 0, 0, 0, 0, 0, 500000, 500000
2015, RAJASTHAN, 8, JAIPUR, 93, CHAKSU, 1269, RADOLI, 38326, 1202631, Total, 0, 0, 0, 0, 0, 0, 1065343, 1065343
2015, RAJASTHAN, 8, JAIPUR, 93, CHAKSU, 1269, RAM NAGAR, 38327, 1193587, Drinking water, 0, 0, 0, 0, 0, 0, 70000, 70000
2015, RAJASTHAN, 8, JAIPUR, 93, CHAKSU, 1269, RAM NAGAR, 38327, 1193587, Roads, 0, 0, 0, 0, 0, 0, 250000, 250000
2015, RAJASTHAN, 8, JAIPUR, 93, CHAKSU, 1269, RAM NAGAR, 38327, 1193587, Total, 0, 0, 0, 0, 0, 0, 320000, 320000
2015, RAJASTHAN, 8, JAIPUR, 93, CHAKSU, 1269, RUPAHEDI KALAN, 38328, 1172339, Administrative & Technical Support, 0, 0, 0, 0, 0, 0, 14691, 14691
2015, RAJASTHAN, 8, JAIPUR, 93, CHAKSU, 1269, RUPAHEDI KALAN, 38328, 1172339, Drinking water, 0, 0, 0, 0, 0, 0, 70747, 70747
2015, RAJASTHAN, 8, JAIPUR, 93, CHAKSU, 1269, RUPAHEDI KALAN, 38328, 1172339, Total, 0, 0, 0, 0, 0, 0, 85438, 85438
2015, RAJASTHAN, 8, JAIPUR, 93, CHAKSU, 1269, SAWAI MADHOSINGH PURA, 38329, 1178908, Administrative & Technical Support, 0, 0, 0, 0, 0, 0, 105774, 105774
2015, RAJASTHAN, 8, JAIPUR, 93, CHAKSU, 1269, SAWAI MADHOSINGH PURA, 38329, 1178908, Sanitation, 0, 0, 0, 0, 0, 0, 400000, 400000
2015, RAJASTHAN, 8, JAIPUR, 93, CHAKSU, 1269, SAWAI MADHOSINGH PURA, 38329, 1178908, Total, 0, 0, 0, 0, 0, 0, 505774, 505774
2015, RAJASTHAN, 8, JAIPUR, 93, CHAKSU, 1269, TAMADIYA, 38331, 1202895, Roads, 0, 0, 0, 0, 0, 0, 1091851, 1091851
2015, RAJASTHAN, 8, JAIPUR, 93, CHAKSU, 1269, TAMADIYA, 38331, 1202895, Total, 0, 0, 0, 0, 0, 0, 1091851, 1091851
2015, RAJASTHAN, 8, JAIPUR, 93, CHAKSU, 1269, THEEKRIYA GUJRAN, 38333, 1144594, Administrative & Technical Support, 0, 0, 0, 0, 0, 0, 68080, 68080
2015, RAJASTHAN, 8, JAIPUR, 93, CHAKSU, 1269, THEEKRIYA GUJRAN, 38333, 1144594, Sanitation, 0, 0, 0, 0, 0, 0, 200000, 200000
2015, RAJASTHAN, 8, JAIPUR, 93, CHAKSU, 1269, THEEKRIYA GUJRAN, 38333, 1144594, Total, 0, 0, 0, 0, 0, 0, 268080, 268080
2015, RAJASTHAN, 8, JAIPUR, 93, CHAKSU, 1269, TOOMALI KA BAS, 38336, 1116774, Sanitation, 0, 0, 0, 0, 0, 0, 500000, 500000
2015, RAJASTHAN, 8, JAIPUR, 93, CHAKSU, 1269, TOOMALI KA BAS, 38336, 1116774, Total, 0, 0, 0, 0, 0, 0, 500000, 500000
2015, RAJASTHAN, 8, JAIPUR, 93, DUDU, 1270, AAKODA, 38338, 1153751, Roads, 0, 0, 0, 0, 0, 0, 1430297, 1430297
2015, RAJASTHAN, 8, JAIPUR, 93, DUDU, 1270, AAKODA, 38338, 1153751, Total, 0, 0, 0, 0, 0, 0, 1430297, 1430297
2015, RAJASTHAN, 8, JAIPUR, 93, DUDU, 1270, AKHEPURA, 38339, 1162236, Roads, 0, 0, 0, 0, 0, 0, 742439, 742439
2015, RAJASTHAN, 8, JAIPUR, 93, DUDU, 1270, AKHEPURA, 38339, 1162236, Total, 0, 0, 0, 0, 0, 0, 742439, 742439
2015, RAJASTHAN, 8, JAIPUR, 93, DUDU, 1270, ASAL PUR, 38340, 1163603, Roads, 0, 0, 0, 0, 0, 0, 1588255, 1588255
2015, RAJASTHAN, 8, JAIPUR, 93, DUDU, 1270, ASAL PUR, 38340, 1163603, Total, 0, 0, 0, 0, 0, 0, 1588255, 1588255
2015, RAJASTHAN, 8, JAIPUR, 93, DUDU, 1270, BARDOTI, 38341, 1162956, Roads, 0, 0, 0, 0, 0, 0, 1711152, 1711152
2015, RAJASTHAN, 8, JAIPUR, 93, DUDU, 1270, BARDOTI, 38341, 1162956, Total, 0, 0, 0, 0, 0, 0, 1711152, 1711152
2015, RAJASTHAN, 8, JAIPUR, 93, DUDU, 1270, BICHOON, 38342, 1163215, Roads, 0, 0, 0, 0, 0, 0, 1754046, 1754046
2015, RAJASTHAN, 8, JAIPUR, 93, DUDU, 1270, BICHOON, 38342, 1163215, Total, 0, 0, 0, 0, 0, 0, 1754046, 1754046
2015, RAJASTHAN, 8, JAIPUR, 93, DUDU, 1270, BIHARIPURA, 38343, 1161048, Roads, 0, 0, 0, 0, 0, 0, 867264, 867264
2015, RAJASTHAN, 8, JAIPUR, 93, DUDU, 1270, BIHARIPURA, 38343, 1161048, Total, 0, 0, 0, 0, 0, 0, 867264, 867264
2015, RAJASTHAN, 8, JAIPUR, 93, DUDU, 1270, BINGOLOW, 38344, 1173957, Roads, 0, 0, 0, 0, 0, 0, 1127756, 1127756
2015, RAJASTHAN, 8, JAIPUR, 93, DUDU, 1270, BINGOLOW, 38344, 1173957, Total, 0, 0, 0, 0, 0, 0, 1127756, 1127756
2015, RAJASTHAN, 8, JAIPUR, 93, DUDU, 1270, BOBAS, 38345, 1162532, Roads, 0, 0, 0, 0, 0, 0, 2417927, 2417927
2015, RAJASTHAN, 8, JAIPUR, 93, DUDU, 1270, BOBAS, 38345, 1162532, Total, 0, 0, 0, 0, 0, 0, 2417927, 2417927
2015, RAJASTHAN, 8, JAIPUR, 93, DUDU, 1270, BORAJ, 38346, 1166779, Roads, 0, 0, 0, 0, 0, 0, 2258643, 2258643
2015, RAJASTHAN, 8, JAIPUR, 93, DUDU, 1270, BORAJ, 38346, 1166779, Total, 0, 0, 0, 0, 0, 0, 2258643, 2258643
2015, RAJASTHAN, 8, JAIPUR, 93, DUDU, 1270, CHAIN PURA, 38347, 1173987, Roads, 0, 0, 0, 0, 0, 0, 1136672, 1136672
2015, RAJASTHAN, 8, JAIPUR, 93, DUDU, 1270, CHAIN PURA, 38347, 1173987, Total, 0, 0, 0, 0, 0, 0, 1136672, 1136672
2015, RAJASTHAN, 8, JAIPUR, 93, DUDU, 1270, DANTARI, 38348, 1163999, Roads, 0, 0, 0, 0, 0, 0, 930398, 930398
2015, RAJASTHAN, 8, JAIPUR, 93, DUDU, 1270, DANTARI, 38348, 1163999, Total, 0, 0, 0, 0, 0, 0, 930398, 930398
2015, RAJASTHAN, 8, JAIPUR, 93, DUDU, 1270, DHAMANA, 38349, 1169954, Roads, 0, 0, 0, 0, 0, 0, 1181974, 1181974
2015, RAJASTHAN, 8, JAIPUR, 93, DUDU, 1270, DHAMANA, 38349, 1169954, Total, 0, 0, 0, 0, 0, 0, 1181974, 1181974
2015, RAJASTHAN, 8, JAIPUR, 93, DUDU, 1270, DHANDHOLI, 38350, 1160885, Roads, 0, 0, 0, 0, 0, 0, 1171612, 1171612
2015, RAJASTHAN, 8, JAIPUR, 93, DUDU, 1270, DHANDHOLI, 38350, 1160885, Total, 0, 0, 0, 0, 0, 0, 1171612, 1171612
2015, RAJASTHAN, 8, JAIPUR, 93, DUDU, 1270, DHANI BORAJ, 38351, 1166825, Roads, 0, 0, 0, 0, 0, 0, 1142937, 1142937
2015, RAJASTHAN, 8, JAIPUR, 93, DUDU, 1270, DHANI BORAJ, 38351, 1166825, Total, 0, 0, 0, 0, 0, 0, 1142937, 1142937
2015, RAJASTHAN, 8, JAIPUR, 93, DUDU, 1270, DHINDA, 38352, 1155984, Roads, 0, 0, 0, 0, 0, 0, 1220289, 1220289
2015, RAJASTHAN, 8, JAIPUR, 93, DUDU, 1270, DHINDA, 38352, 1155984, Total, 0, 0, 0, 0, 0, 0, 1220289, 1220289
2015, RAJASTHAN, 8, JAIPUR, 93, DUDU, 1270, DUDU, 38353, 1140448, Health, 0, 0, 0, 0, 0, 0, 300000, 300000
2015, RAJASTHAN, 8, JAIPUR, 93, DUDU, 1270, DUDU, 38353, 1140448, Roads, 0, 0, 0, 0, 0, 0, 511235, 511235
2015, RAJASTHAN, 8, JAIPUR, 93, DUDU, 1270, DUDU, 38353, 1140448, Sanitation, 0, 0, 0, 0, 0, 0, 3000000, 3000000
2015, RAJASTHAN, 8, JAIPUR, 93, DUDU, 1270, DUDU, 38353, 1140448, Total, 0, 0, 0, 0, 0, 0, 3811235, 3811235
2015, RAJASTHAN, 8, JAIPUR, 93, DUDU, 1270, GADOTA, 38354, 1163584, Roads, 0, 0, 0, 0, 0, 0, 1286798, 1286798
2015, RAJASTHAN, 8, JAIPUR, 93, DUDU, 1270, GADOTA, 38354, 1163584, Total, 0, 0, 0, 0, 0, 0, 1286798, 1286798
2015, RAJASTHAN, 8, JAIPUR, 93, DUDU, 1270, GAHLOTA, 38356, 1177115, Roads, 0, 0, 0, 0, 0, 0, 821237, 821237
2015, RAJASTHAN, 8, JAIPUR, 93, DUDU, 1270, GAHLOTA, 38356, 1177115, Total, 0, 0, 0, 0, 0, 0, 821237, 821237
2015, RAJASTHAN, 8, JAIPUR, 93, DUDU, 1270, GAINJI, 38357, 1174538, Roads, 0, 0, 0, 0, 0, 0, 1254025, 1254025
2015, RAJASTHAN, 8, JAIPUR, 93, DUDU, 1270, GAINJI, 38357, 1174538, Total, 0, 0, 0, 0, 0, 0, 1254025, 1254025
2015, RAJASTHAN, 8, JAIPUR, 93, DUDU, 1270, GANGARDOO, 38355, 1169978, Roads, 0, 0, 0, 0, 0, 0, 1304630, 1304630
2015, RAJASTHAN, 8, JAIPUR, 93, DUDU, 1270, GANGARDOO, 38355, 1169978, Total, 0, 0, 0, 0, 0, 0, 1304630, 1304630
2015, RAJASTHAN, 8, JAIPUR, 93, DUDU, 1270, GANGATI KALAN, 38358, 1167711, Roads, 0, 0, 0, 0, 0, 0, 1204626, 1204626
2015, RAJASTHAN, 8, JAIPUR, 93, DUDU, 1270, GANGATI KALAN, 38358, 1167711, Total, 0, 0, 0, 0, 0, 0, 1204626, 1204626
2015, RAJASTHAN, 8, JAIPUR, 93, DUDU, 1270, GIDANI, 38359, 1163459, Roads, 0, 0, 0, 0, 0, 0, 980521, 980521
2015, RAJASTHAN, 8, JAIPUR, 93, DUDU, 1270, GIDANI, 38359, 1163459, Total, 0, 0, 0, 0, 0, 0, 980521, 980521
2015, RAJASTHAN, 8, JAIPUR, 93, DUDU, 1270, GUDABERASAL, 38360, 1162981, Roads, 0, 0, 0, 0, 0, 0, 1318125, 1318125
2015, RAJASTHAN, 8, JAIPUR, 93, DUDU, 1270, GUDABERASAL, 38360, 1162981, Total, 0, 0, 0, 0, 0, 0, 1318125, 1318125
2015, RAJASTHAN, 8, JAIPUR, 93, DUDU, 1270, HABAS PURA, 38361, 1177156, Roads, 0, 0, 0, 0, 0, 0, 2092372, 2092372
2015, RAJASTHAN, 8, JAIPUR, 93, DUDU, 1270, HABAS PURA, 38361, 1177156, Total, 0, 0, 0, 0, 0, 0, 2092372, 2092372
2015, RAJASTHAN, 8, JAIPUR, 93, DUDU, 1270, HARSOLI, 38362, 1171934, Roads, 0, 0, 0, 0, 0, 0, 1233061, 1233061
2015, RAJASTHAN, 8, JAIPUR, 93, DUDU, 1270, HARSOLI, 38362, 1171934, Total, 0, 0, 0, 0, 0, 0, 1233061, 1233061
2015, RAJASTHAN, 8, JAIPUR, 93, DUDU, 1270, HIRNODA, 38363, 1177230, Roads, 0, 0, 0, 0, 0, 0, 1923449, 1923449
2015, RAJASTHAN, 8, JAIPUR, 93, DUDU, 1270, HIRNODA, 38363, 1177230, Total, 0, 0, 0, 0, 0, 0, 1923449, 1923449
2015, RAJASTHAN, 8, JAIPUR, 93, DUDU, 1270, IDAN KA BAS, 38364, 1171499, Roads, 0, 0, 0, 0, 0, 0, 847986, 847986
2015, RAJASTHAN, 8, JAIPUR, 93, DUDU, 1270, IDAN KA BAS, 38364, 1171499, Total, 0, 0, 0, 0, 0, 0, 847986, 847986
2015, RAJASTHAN, 8, JAIPUR, 93, DUDU, 1270, JHAG, 38365, 1169927, Roads, 0, 0, 0, 0, 0, 0, 1270653, 1270653
2015, RAJASTHAN, 8, JAIPUR, 93, DUDU, 1270, JHAG, 38365, 1169927, Total, 0, 0, 0, 0, 0, 0, 1270653, 1270653
2015, RAJASTHAN, 8, JAIPUR, 93, DUDU, 1270, JHARNA, 38366, 1177352, Roads, 0, 0, 0, 0, 0, 0, 1325595, 1325595
2015, RAJASTHAN, 8, JAIPUR, 93, DUDU, 1270, JHARNA, 38366, 1177352, Total, 0, 0, 0, 0, 0, 0, 1325595, 1325595
2015, RAJASTHAN, 8, JAIPUR, 93, DUDU, 1270, KACHRODA, 38367, 1154428, Roads, 0, 0, 0, 0, 0, 0, 1430298, 1430298
2015, RAJASTHAN, 8, JAIPUR, 93, DUDU, 1270, KACHRODA, 38367, 1154428, Total, 0, 0, 0, 0, 0, 0, 1430298, 1430298
2015, RAJASTHAN, 8, JAIPUR, 93, DUDU, 1270, KHERIRAM, 262260, 1172218, Roads, 0, 0, 0, 0, 0, 0, 1385356, 1385356
2015, RAJASTHAN, 8, JAIPUR, 93, DUDU, 1270, KHERIRAM, 262260, 1172218, Total, 0, 0, 0, 0, 0, 0, 1385356, 1385356
2015, RAJASTHAN, 8, JAIPUR, 93, DUDU, 1270, KHUDIYALA, 38368, 1179080, Roads, 0, 0, 0, 0, 0, 0, 1259086, 1259086
2015, RAJASTHAN, 8, JAIPUR, 93, DUDU, 1270, KHUDIYALA, 38368, 1179080, Total, 0, 0, 0, 0, 0, 0, 1259086, 1259086
2015, RAJASTHAN, 8, JAIPUR, 93, DUDU, 1270, KORSEENA, 38369, 1155549, Roads, 0, 0, 0, 0, 0, 0, 1313546, 1313546
2015, RAJASTHAN, 8, JAIPUR, 93, DUDU, 1270, KORSEENA, 38369, 1155549, Total, 0, 0, 0, 0, 0, 0, 1313546, 1313546
2015, RAJASTHAN, 8, JAIPUR, 93, DUDU, 1270, MAHALAAN, 38370, 1170643, Roads, 0, 0, 0, 0, 0, 0, 1482228, 1482228
2015, RAJASTHAN, 8, JAIPUR, 93, DUDU, 1270, MAHALAAN, 38370, 1170643, Total, 0, 0, 0, 0, 0, 0, 1482228, 1482228
2015, RAJASTHAN, 8, JAIPUR, 93, DUDU, 1270, MAMANA, 38371, 1179115, Roads, 0, 0, 0, 0, 0, 0, 1529217, 1529217
2015, RAJASTHAN, 8, JAIPUR, 93, DUDU, 1270, MAMANA, 38371, 1179115, Total, 0, 0, 0, 0, 0, 0, 1529217, 1529217
2015, RAJASTHAN, 8, JAIPUR, 93, DUDU, 1270, MANGALWARA, 38372, 1179212, Roads, 0, 0, 0, 0, 0, 0, 819310, 819310
2015, RAJASTHAN, 8, JAIPUR, 93, DUDU, 1270, MANGALWARA, 38372, 1179212, Total, 0, 0, 0, 0, 0, 0, 819310, 819310
2015, RAJASTHAN, 8, JAIPUR, 93, DUDU, 1270, MARWA, 38373, 1169921, Roads, 0, 0, 0, 0, 0, 0, 1393477, 1393477
2015, RAJASTHAN, 8, JAIPUR, 93, DUDU, 1270, MARWA, 38373, 1169921, Total, 0, 0, 0, 0, 0, 0, 1393477, 1393477
2015, RAJASTHAN, 8, JAIPUR, 93, DUDU, 1270, MAUZAMABAD, 38374, 1170464, Roads, 0, 0, 0, 0, 0, 0, 2297199, 2297199
2015, RAJASTHAN, 8, JAIPUR, 93, DUDU, 1270, MAUZAMABAD, 38374, 1170464, Total, 0, 0, 0, 0, 0, 0, 2297199, 2297199
2015, RAJASTHAN, 8, JAIPUR, 93, DUDU, 1270, MOKHAMPURA, 38375, 1179226, Roads, 0, 0, 0, 0, 0, 0, 984135, 984135
2015, RAJASTHAN, 8, JAIPUR, 93, DUDU, 1270, MOKHAMPURA, 38375, 1179226, Total, 0, 0, 0, 0, 0, 0, 984135, 984135
2015, RAJASTHAN, 8, JAIPUR, 93, DUDU, 1270, NANAN, 38376, 1179249, Roads, 0, 0, 0, 0, 0, 0, 1269207, 1269207
2015, RAJASTHAN, 8, JAIPUR, 93, DUDU, 1270, NANAN, 38376, 1179249, Total, 0, 0, 0, 0, 0, 0, 1269207, 1269207
2015, RAJASTHAN, 8, JAIPUR, 93, DUDU, 1270, NARAINA, 38377, 1170047, Roads, 0, 0, 0, 0, 0, 0, 3362061, 3362061
2015, RAJASTHAN, 8, JAIPUR, 93, DUDU, 1270, NARAINA, 38377, 1170047, Total, 0, 0, 0, 0, 0, 0, 3362061, 3362061
2015, RAJASTHAN, 8, JAIPUR, 93, DUDU, 1270, PADASOLI, 38378, 1170219, Roads, 0, 0, 0, 0, 0, 0, 1058114, 1058114
2015, RAJASTHAN, 8, JAIPUR, 93, DUDU, 1270, PADASOLI, 38378, 1170219, Total, 0, 0, 0, 0, 0, 0, 1058114, 1058114
2015, RAJASTHAN, 8, JAIPUR, 93, DUDU, 1270, RAHALANA, 38379, 1179281, Roads, 0, 0, 0, 0, 0, 0, 1350656, 1350656
2015, RAJASTHAN, 8, JAIPUR, 93, DUDU, 1270, RAHALANA, 38379, 1179281, Total, 0, 0, 0, 0, 0, 0, 1350656, 1350656
2015, RAJASTHAN, 8, JAIPUR, 93, DUDU, 1270, RASEELI, 38380, 1179527, Roads, 0, 0, 0, 0, 0, 0, 1349210, 1349210
2015, RAJASTHAN, 8, JAIPUR, 93, DUDU, 1270, RASEELI, 38380, 1179527, Total, 0, 0, 0, 0, 0, 0, 1349210, 1349210
2015, RAJASTHAN, 8, JAIPUR, 93, DUDU, 1270, ROJADI, 38381, 1172216, Roads, 0, 0, 0, 0, 0, 0, 1073777, 1073777
2015, RAJASTHAN, 8, JAIPUR, 93, DUDU, 1270, ROJADI, 38381, 1172216, Total, 0, 0, 0, 0, 0, 0, 1073777, 1073777
2015, RAJASTHAN, 8, JAIPUR, 93, DUDU, 1270, SAANWALI, 38382, 1179555, Roads, 0, 0, 0, 0, 0, 0, 971364, 971364
2015, RAJASTHAN, 8, JAIPUR, 93, DUDU, 1270, SAANWALI, 38382, 1179555, Total, 0, 0, 0, 0, 0, 0, 971364, 971364
2015, RAJASTHAN, 8, JAIPUR, 93, DUDU, 1270, SAKHOON, 38383, 1154369, Roads, 0, 0, 0, 0, 0, 0, 1434756, 1434756
2015, RAJASTHAN, 8, JAIPUR, 93, DUDU, 1270, SAKHOON, 38383, 1154369, Total, 0, 0, 0, 0, 0, 0, 1434756, 1434756
2015, RAJASTHAN, 8, JAIPUR, 93, DUDU, 1270, SALI, 38384, 1155592, Roads, 0, 0, 0, 0, 0, 0, 861239, 861239
2015, RAJASTHAN, 8, JAIPUR, 93, DUDU, 1270, SALI, 38384, 1155592, Total, 0, 0, 0, 0, 0, 0, 861239, 861239
2015, RAJASTHAN, 8, JAIPUR, 93, DUDU, 1270, SARDULPURA, 38385, 1173421, Roads, 0, 0, 0, 0, 0, 0, 1332823, 1332823
2015, RAJASTHAN, 8, JAIPUR, 93, DUDU, 1270, SARDULPURA, 38385, 1173421, Total, 0, 0, 0, 0, 0, 0, 1332823, 1332823
2015, RAJASTHAN, 8, JAIPUR, 93, DUDU, 1270, SAWARDA, 38386, 1172254, Roads, 0, 0, 0, 0, 0, 0, 1381741, 1381741
2015, RAJASTHAN, 8, JAIPUR, 93, DUDU, 1270, SAWARDA, 38386, 1172254, Total, 0, 0, 0, 0, 0, 0, 1381741, 1381741
2015, RAJASTHAN, 8, JAIPUR, 93, DUDU, 1270, SEWA, 38387, 1163962, Roads, 0, 0, 0, 0, 0, 0, 1314269, 1314269
2015, RAJASTHAN, 8, JAIPUR, 93, DUDU, 1270, SEWA, 38387, 1163962, Total, 0, 0, 0, 0, 0, 0, 1314269, 1314269
2015, RAJASTHAN, 8, JAIPUR, 93, DUDU, 1270, SIROHI KALAN, 38388, 1170218, Roads, 0, 0, 0, 0, 0, 0, 967026, 967026
2015, RAJASTHAN, 8, JAIPUR, 93, DUDU, 1270, SIROHI KALAN, 38388, 1170218, Total, 0, 0, 0, 0, 0, 0, 967026, 967026
2015, RAJASTHAN, 8, JAIPUR, 93, DUDU, 1270, SRI RAM PURA, 38389, 1155572, Roads, 0, 0, 0, 0, 0, 0, 600000, 600000
2015, RAJASTHAN, 8, JAIPUR, 93, DUDU, 1270, SRI RAM PURA, 38389, 1155572, Sanitation, 0, 0, 0, 0, 0, 0, 269432, 269432
2015, RAJASTHAN, 8, JAIPUR, 93, DUDU, 1270, SRI RAM PURA, 38389, 1155572, Total, 0, 0, 0, 0, 0, 0, 869432, 869432
2015, RAJASTHAN, 8, JAIPUR, 93, DUDU, 1270, SUNADIYA, 38390, 1170207, Roads, 0, 0, 0, 0, 0, 0, 868950, 868950
2015, RAJASTHAN, 8, JAIPUR, 93, DUDU, 1270, SUNADIYA, 38390, 1170207, Total, 0, 0, 0, 0, 0, 0, 868950, 868950
2015, RAJASTHAN, 8, JAIPUR, 93, DUDU, 1270, SURSINGH PURA, 38391, 1170994, Roads, 0, 0, 0, 0, 0, 0, 979316, 979316
2015, RAJASTHAN, 8, JAIPUR, 93, DUDU, 1270, SURSINGH PURA, 38391, 1170994, Total, 0, 0, 0, 0, 0, 0, 979316, 979316
2015, RAJASTHAN, 8, JAIPUR, 93, DUDU, 1270, UGARIYAWAS, 38392, 1170457, Roads, 0, 0, 0, 0, 0, 0, 1137636, 1137636
2015, RAJASTHAN, 8, JAIPUR, 93, DUDU, 1270, UGARIYAWAS, 38392, 1170457, Total, 0, 0, 0, 0, 0, 0, 1137636, 1137636
2015, RAJASTHAN, 8, JAIPUR, 93, DUDU, 1270, URSEWA, 38393, 1172186, Roads, 0, 0, 0, 0, 0, 0, 877626, 877626
2015, RAJASTHAN, 8, JAIPUR, 93, DUDU, 1270, URSEWA, 38393, 1172186, Total, 0, 0, 0, 0, 0, 0, 877626, 877626
2015, RAJASTHAN, 8, JAIPUR, 93, GOVINDGARH, 1271, AALISAR, 38394, 1175248, Drinking water, 0, 0, 0, 0, 0, 0, 344535, 344535
2015, RAJASTHAN, 8, JAIPUR, 93, GOVINDGARH, 1271, AALISAR, 38394, 1175248, Health, 0, 0, 0, 0, 0, 0, 900000, 900000
2015, RAJASTHAN, 8, JAIPUR, 93, GOVINDGARH, 1271, AALISAR, 38394, 1175248, Roads, 0, 0, 0, 0, 0, 0, 1864539, 1864539
2015, RAJASTHAN, 8, JAIPUR, 93, GOVINDGARH, 1271, AALISAR, 38394, 1175248, Social welfare, 0, 0, 0, 0, 0, 0, 656986, 656986
2015, RAJASTHAN, 8, JAIPUR, 93, GOVINDGARH, 1271, AALISAR, 38394, 1175248, Total, 0, 0, 0, 0, 0, 0, 3766060, 3766060
2015, RAJASTHAN, 8, JAIPUR, 93, GOVINDGARH, 1271, AASHTI KALAN, 38395, 1147517, Drinking water, 0, 0, 0, 0, 0, 0, 1816458, 1816458
2015, RAJASTHAN, 8, JAIPUR, 93, GOVINDGARH, 1271, AASHTI KALAN, 38395, 1147517, Roads, 0, 0, 0, 0, 0, 0, 1500000, 1500000
2015, RAJASTHAN, 8, JAIPUR, 93, GOVINDGARH, 1271, AASHTI KALAN, 38395, 1147517, Sanitation, 0, 0, 0, 0, 0, 0, 281129, 281129
2015, RAJASTHAN, 8, JAIPUR, 93, GOVINDGARH, 1271, AASHTI KALAN, 38395, 1147517, Total, 0, 0, 0, 0, 0, 0, 3597587, 3597587
2015, RAJASTHAN, 8, JAIPUR, 93, GOVINDGARH, 1271, AMARPURA, 38396, 1148980, Roads, 0, 0, 0, 0, 0, 0, 4286750, 4286750
2015, RAJASTHAN, 8, JAIPUR, 93, GOVINDGARH, 1271, AMARPURA, 38396, 1148980, Total, 0, 0, 0, 0, 0, 0, 4286750, 4286750
2015, RAJASTHAN, 8, JAIPUR, 93, GOVINDGARH, 1271, ANANTPURA  JET, 38398, 1169953, Drinking water, 0, 0, 0, 0, 0, 0, 750000, 750000
2015, RAJASTHAN, 8, JAIPUR, 93, GOVINDGARH, 1271, ANANTPURA  JET, 38398, 1169953, Roads, 0, 0, 0, 0, 0, 0, 2137424, 2137424
2015, RAJASTHAN, 8, JAIPUR, 93, GOVINDGARH, 1271, ANANTPURA  JET, 38398, 1169953, Total, 0, 0, 0, 0, 0, 0, 2887424, 2887424
2015, RAJASTHAN, 8, JAIPUR, 93, GOVINDGARH, 1271, ANATPURA CHI, 38397, 1173254, Roads, 0, 0, 0, 0, 0, 0, 776775, 776775
2015, RAJASTHAN, 8, JAIPUR, 93, GOVINDGARH, 1271, ANATPURA CHI, 38397, 1173254, Sanitation, 0, 0, 0, 0, 0, 0, 1369934, 1369934
2015, RAJASTHAN, 8, JAIPUR, 93, GOVINDGARH, 1271, ANATPURA CHI, 38397, 1173254, Total, 0, 0, 0, 0, 0, 0, 2146709, 2146709
2015, RAJASTHAN, 8, JAIPUR, 93, GOVINDGARH, 1271, BHUTERA, 38399, 1149262, Drinking water, 0, 0, 0, 0, 0, 0, 1259568, 1259568
2015, RAJASTHAN, 8, JAIPUR, 93, GOVINDGARH, 1271, BHUTERA, 38399, 1149262, Roads, 0, 0, 0, 0, 0, 0, 1235071, 1235071
2015, RAJASTHAN, 8, JAIPUR, 93, GOVINDGARH, 1271, BHUTERA, 38399, 1149262, Total, 0, 0, 0, 0, 0, 0, 2494639, 2494639
2015, RAJASTHAN, 8, JAIPUR, 93, GOVINDGARH, 1271, CHITHWADI, 38400, 1173506, Drinking water, 0, 0, 0, 0, 0, 0, 1000000, 1000000
2015, RAJASTHAN, 8, JAIPUR, 93, GOVINDGARH, 1271, CHITHWADI, 38400, 1173506, Health, 0, 0, 0, 0, 0, 0, 360319, 360319
2015, RAJASTHAN, 8, JAIPUR, 93, GOVINDGARH, 1271, CHITHWADI, 38400, 1173506, Maintenance of community system, 0, 0, 0, 0, 0, 0, 200000, 200000
2015, RAJASTHAN, 8, JAIPUR, 93, GOVINDGARH, 1271, CHITHWADI, 38400, 1173506, Roads, 0, 0, 0, 0, 0, 0, 1922193, 1922193
2015, RAJASTHAN, 8, JAIPUR, 93, GOVINDGARH, 1271, CHITHWADI, 38400, 1173506, Sanitation, 0, 0, 0, 0, 0, 0, 400000, 400000
2015, RAJASTHAN, 8, JAIPUR, 93, GOVINDGARH, 1271, CHITHWADI, 38400, 1173506, Total, 0, 0, 0, 0, 0, 0, 3882512, 3882512
2015, RAJASTHAN, 8, JAIPUR, 93, GOVINDGARH, 1271, DEVTHALA, 262443, 1181263, Drinking water, 0, 0, 0, 0, 0, 0, 119178, 119178
2015, RAJASTHAN, 8, JAIPUR, 93, GOVINDGARH, 1271, DEVTHALA, 262443, 1181263, Non-conventional energy sources, 0, 0, 0, 0, 0, 0, 50000, 50000
2015, RAJASTHAN, 8, JAIPUR, 93, GOVINDGARH, 1271, DEVTHALA, 262443, 1181263, Roads, 0, 0, 0, 0, 0, 0, 953544, 953544
2015, RAJASTHAN, 8, JAIPUR, 93, GOVINDGARH, 1271, DEVTHALA, 262443, 1181263, Sanitation, 0, 0, 0, 0, 0, 0, 1026650, 1026650
2015, RAJASTHAN, 8, JAIPUR, 93, GOVINDGARH, 1271, DEVTHALA, 262443, 1181263, Social welfare, 0, 0, 0, 0, 0, 0, 120000, 120000
2015, RAJASTHAN, 8, JAIPUR, 93, GOVINDGARH, 1271, DEVTHALA, 262443, 1181263, Total, 0, 0, 0, 0, 0, 0, 2269372, 2269372
2015, RAJASTHAN, 8, JAIPUR, 93, GOVINDGARH, 1271, DHOBLAI, 38401, 1149724, Drinking water, 0, 0, 0, 0, 0, 0, 839168, 839168
2015, RAJASTHAN, 8, JAIPUR, 93, GOVINDGARH, 1271, DHOBLAI, 38401, 1149724, Maintenance of community system, 0, 0, 0, 0, 0, 0, 354000, 354000
2015, RAJASTHAN, 8, JAIPUR, 93, GOVINDGARH, 1271, DHOBLAI, 38401, 1149724, Roads, 0, 0, 0, 0, 0, 0, 1758267, 1758267
2015, RAJASTHAN, 8, JAIPUR, 93, GOVINDGARH, 1271, DHOBLAI, 38401, 1149724, Sanitation, 0, 0, 0, 0, 0, 0, 606063, 606063
2015, RAJASTHAN, 8, JAIPUR, 93, GOVINDGARH, 1271, DHOBLAI, 38401, 1149724, Total, 0, 0, 0, 0, 0, 0, 3557498, 3557498
2015, RAJASTHAN, 8, JAIPUR, 93, GOVINDGARH, 1271, DHODHSAR, 38402, 1154618, Drinking water, 0, 0, 0, 0, 0, 0, 300000, 300000
2015, RAJASTHAN, 8, JAIPUR, 93, GOVINDGARH, 1271, DHODHSAR, 38402, 1154618, Roads, 0, 0, 0, 0, 0, 0, 1384640, 1384640
2015, RAJASTHAN, 8, JAIPUR, 93, GOVINDGARH, 1271, DHODHSAR, 38402, 1154618, Sanitation, 0, 0, 0, 0, 0, 0, 1112104, 1112104
2015, RAJASTHAN, 8, JAIPUR, 93, GOVINDGARH, 1271, DHODHSAR, 38402, 1154618, Total, 0, 0, 0, 0, 0, 0, 2796744, 2796744
2015, RAJASTHAN, 8, JAIPUR, 93, GOVINDGARH, 1271, DOLA KA BAS, 262441, 1143025, Health, 0, 0, 0, 0, 0, 0, 1505360, 1505360
2015, RAJASTHAN, 8, JAIPUR, 93, GOVINDGARH, 1271, DOLA KA BAS, 262441, 1143025, Maintenance of community system, 0, 0, 0, 0, 0, 0, 976083, 976083
2015, RAJASTHAN, 8, JAIPUR, 93, GOVINDGARH, 1271, DOLA KA BAS, 262441, 1143025, Sanitation, 0, 0, 0, 0, 0, 0, 500000, 500000
2015, RAJASTHAN, 8, JAIPUR, 93, GOVINDGARH, 1271, DOLA KA BAS, 262441, 1143025, Total, 0, 0, 0, 0, 0, 0, 2981443, 2981443
2015, RAJASTHAN, 8, JAIPUR, 93, GOVINDGARH, 1271, FATEHPURA, 38403, 1188969, Drinking water, 0, 0, 0, 0, 0, 0, 1214747, 1214747
2015, RAJASTHAN, 8, JAIPUR, 93, GOVINDGARH, 1271, FATEHPURA, 38403, 1188969, Roads, 0, 0, 0, 0, 0, 0, 1191121, 1191121
2015, RAJASTHAN, 8, JAIPUR, 93, GOVINDGARH, 1271, FATEHPURA, 38403, 1188969, Total, 0, 0, 0, 0, 0, 0, 2405868, 2405868
2015, RAJASTHAN, 8, JAIPUR, 93, GOVINDGARH, 1271, GHINOI, 38404, 1192088, Drinking water, 0, 0, 0, 0, 0, 0, 989389, 989389
2015, RAJASTHAN, 8, JAIPUR, 93, GOVINDGARH, 1271, GHINOI, 38404, 1192088, Maintenance of community system, 0, 0, 0, 0, 0, 0, 500000, 500000
2015, RAJASTHAN, 8, JAIPUR, 93, GOVINDGARH, 1271, GHINOI, 38404, 1192088, Roads, 0, 0, 0, 0, 0, 0, 1000000, 1000000
2015, RAJASTHAN, 8, JAIPUR, 93, GOVINDGARH, 1271, GHINOI, 38404, 1192088, Total, 0, 0, 0, 0, 0, 0, 2489389, 2489389
2015, RAJASTHAN, 8, JAIPUR, 93, GOVINDGARH, 1271, GOVINDGARH, 38405, 1181278, Drinking water, 0, 0, 0, 0, 0, 0, 227603, 227603
2015, RAJASTHAN, 8, JAIPUR, 93, GOVINDGARH, 1271, GOVINDGARH, 38405, 1181278, Health, 0, 0, 0, 0, 0, 0, 118653, 118653
2015, RAJASTHAN, 8, JAIPUR, 93, GOVINDGARH, 1271, GOVINDGARH, 38405, 1181278, Roads, 0, 0, 0, 0, 0, 0, 1934429, 1934429
2015, RAJASTHAN, 8, JAIPUR, 93, GOVINDGARH, 1271, GOVINDGARH, 38405, 1181278, Rural electrification, 0, 0, 0, 0, 0, 0, 141557, 141557
2015, RAJASTHAN, 8, JAIPUR, 93, GOVINDGARH, 1271, GOVINDGARH, 38405, 1181278, Sanitation, 0, 0, 0, 0, 0, 0, 1686967, 1686967
2015, RAJASTHAN, 8, JAIPUR, 93, GOVINDGARH, 1271, GOVINDGARH, 38405, 1181278, Total, 0, 0, 0, 0, 0, 0, 4109209, 4109209
2015, RAJASTHAN, 8, JAIPUR, 93, GOVINDGARH, 1271, GUDLIYA, 38406, 1153823, Roads, 0, 0, 0, 0, 0, 0, 1285636, 1285636
2015, RAJASTHAN, 8, JAIPUR, 93, GOVINDGARH, 1271, GUDLIYA, 38406, 1153823, Sanitation, 0, 0, 0, 0, 0, 0, 1311137, 1311137
2015, RAJASTHAN, 8, JAIPUR, 93, GOVINDGARH, 1271, GUDLIYA, 38406, 1153823, Total, 0, 0, 0, 0, 0, 0, 2596773, 2596773
2015, RAJASTHAN, 8, JAIPUR, 93, GOVINDGARH, 1271, HAROTA, 38408, 1169923, Drinking water, 0, 0, 0, 0, 0, 0, 1797902, 1797902
2015, RAJASTHAN, 8, JAIPUR, 93, GOVINDGARH, 1271, HAROTA, 38408, 1169923, Roads, 0, 0, 0, 0, 0, 0, 1462935, 1462935
2015, RAJASTHAN, 8, JAIPUR, 93, GOVINDGARH, 1271, HAROTA, 38408, 1169923, Sanitation, 0, 0, 0, 0, 0, 0, 300000, 300000
2015, RAJASTHAN, 8, JAIPUR, 93, GOVINDGARH, 1271, HAROTA, 38408, 1169923, Total, 0, 0, 0, 0, 0, 0, 3560837, 3560837
2015, RAJASTHAN, 8, JAIPUR, 93, GOVINDGARH, 1271, HASTERA, 38409, 1149580, Drinking water, 0, 0, 0, 0, 0, 0, 1200000, 1200000
2015, RAJASTHAN, 8, JAIPUR, 93, GOVINDGARH, 1271, HASTERA, 38409, 1149580, Roads, 0, 0, 0, 0, 0, 0, 1852961, 1852961
2015, RAJASTHAN, 8, JAIPUR, 93, GOVINDGARH, 1271, HASTERA, 38409, 1149580, Sanitation, 0, 0, 0, 0, 0, 0, 689713, 689713
2015, RAJASTHAN, 8, JAIPUR, 93, GOVINDGARH, 1271, HASTERA, 38409, 1149580, Total, 0, 0, 0, 0, 0, 0, 3742674, 3742674
2015, RAJASTHAN, 8, JAIPUR, 93, GOVINDGARH, 1271, HATHANODA, 38407, 1169918, Drinking water, 0, 0, 0, 0, 0, 0, 1700000, 1700000
2015, RAJASTHAN, 8, JAIPUR, 93, GOVINDGARH, 1271, HATHANODA, 38407, 1169918, Roads, 0, 0, 0, 0, 0, 0, 2595342, 2595342
2015, RAJASTHAN, 8, JAIPUR, 93, GOVINDGARH, 1271, HATHANODA, 38407, 1169918, Total, 0, 0, 0, 0, 0, 0, 4295342, 4295342
2015, RAJASTHAN, 8, JAIPUR, 93, GOVINDGARH, 1271, ITAWA BHOPJI, 38410, 1169945, Drinking water, 0, 0, 0, 0, 0, 0, 1122032, 1122032
2015, RAJASTHAN, 8, JAIPUR, 93, GOVINDGARH, 1271, ITAWA BHOPJI, 38410, 1169945, Roads, 0, 0, 0, 0, 0, 0, 2571036, 2571036
2015, RAJASTHAN, 8, JAIPUR, 93, GOVINDGARH, 1271, ITAWA BHOPJI, 38410, 1169945, Rural electrification, 0, 0, 0, 0, 0, 0, 1000000, 1000000
2015, RAJASTHAN, 8, JAIPUR, 93, GOVINDGARH, 1271, ITAWA BHOPJI, 38410, 1169945, Sanitation, 0, 0, 0, 0, 0, 0, 500000, 500000
2015, RAJASTHAN, 8, JAIPUR, 93, GOVINDGARH, 1271, ITAWA BHOPJI, 38410, 1169945, Total, 0, 0, 0, 0, 0, 0, 5193068, 5193068
2015, RAJASTHAN, 8, JAIPUR, 93, GOVINDGARH, 1271, JAISINGHPURA, 38411, 1173785, Drinking water, 0, 0, 0, 0, 0, 0, 436564, 436564
2015, RAJASTHAN, 8, JAIPUR, 93, GOVINDGARH, 1271, JAISINGHPURA, 38411, 1173785, Health, 0, 0, 0, 0, 0, 0, 503602, 503602
2015, RAJASTHAN, 8, JAIPUR, 93, GOVINDGARH, 1271, JAISINGHPURA, 38411, 1173785, Roads, 0, 0, 0, 0, 0, 0, 905612, 905612
2015, RAJASTHAN, 8, JAIPUR, 93, GOVINDGARH, 1271, JAISINGHPURA, 38411, 1173785, Social welfare, 0, 0, 0, 0, 0, 0, 1000602, 1000602
2015, RAJASTHAN, 8, JAIPUR, 93, GOVINDGARH, 1271, JAISINGHPURA, 38411, 1173785, Total, 0, 0, 0, 0, 0, 0, 2846380, 2846380
2015, RAJASTHAN, 8, JAIPUR, 93, GOVINDGARH, 1271, JAITPURA, 38412, 1154625, Education, 0, 0, 0, 0, 0, 0, 987847, 987847
2015, RAJASTHAN, 8, JAIPUR, 93, GOVINDGARH, 1271, JAITPURA, 38412, 1154625, Roads, 0, 0, 0, 0, 0, 0, 1100000, 1100000
2015, RAJASTHAN, 8, JAIPUR, 93, GOVINDGARH, 1271, JAITPURA, 38412, 1154625, Sanitation, 0, 0, 0, 0, 0, 0, 1119341, 1119341
2015, RAJASTHAN, 8, JAIPUR, 93, GOVINDGARH, 1271, JAITPURA, 38412, 1154625, Total, 0, 0, 0, 0, 0, 0, 3207188, 3207188
2015, RAJASTHAN, 8, JAIPUR, 93, GOVINDGARH, 1271, JATAWALI, 38413, 1173870, Drinking water, 0, 0, 0, 0, 0, 0, 246000, 246000
2015, RAJASTHAN, 8, JAIPUR, 93, GOVINDGARH, 1271, JATAWALI, 38413, 1173870, Roads, 0, 0, 0, 0, 0, 0, 1900000, 1900000
2015, RAJASTHAN, 8, JAIPUR, 93, GOVINDGARH, 1271, JATAWALI, 38413, 1173870, Total, 0, 0, 0, 0, 0, 0, 2146000, 2146000
2015, RAJASTHAN, 8, JAIPUR, 93, GOVINDGARH, 1271, KALADERA, 38414, 1180630, Drinking water, 0, 0, 0, 0, 0, 0, 1000000, 1000000
2015, RAJASTHAN, 8, JAIPUR, 93, GOVINDGARH, 1271, KALADERA, 38414, 1180630, Roads, 0, 0, 0, 0, 0, 0, 2780000, 2780000
2015, RAJASTHAN, 8, JAIPUR, 93, GOVINDGARH, 1271, KALADERA, 38414, 1180630, Sanitation, 0, 0, 0, 0, 0, 0, 2169041, 2169041
2015, RAJASTHAN, 8, JAIPUR, 93, GOVINDGARH, 1271, KALADERA, 38414, 1180630, Social welfare, 0, 0, 0, 0, 0, 0, 327407, 327407
2015, RAJASTHAN, 8, JAIPUR, 93, GOVINDGARH, 1271, KALADERA, 38414, 1180630, Total, 0, 0, 0, 0, 0, 0, 6276448, 6276448
2015, RAJASTHAN, 8, JAIPUR, 93, GOVINDGARH, 1271, KHEJROLI, 38415, 1175129, Cultural activities, 0, 0, 0, 0, 0, 0, 550000, 550000
2015, RAJASTHAN, 8, JAIPUR, 93, GOVINDGARH, 1271, KHEJROLI, 38415, 1175129, Drinking water, 0, 0, 0, 0, 0, 0, 1100000, 1100000
2015, RAJASTHAN, 8, JAIPUR, 93, GOVINDGARH, 1271, KHEJROLI, 38415, 1175129, Maintenance of community system, 0, 0, 0, 0, 0, 0, 2450000, 2450000
2015, RAJASTHAN, 8, JAIPUR, 93, GOVINDGARH, 1271, KHEJROLI, 38415, 1175129, Roads, 0, 0, 0, 0, 0, 0, 5692762, 5692762
2015, RAJASTHAN, 8, JAIPUR, 93, GOVINDGARH, 1271, KHEJROLI, 38415, 1175129, Sanitation, 0, 0, 0, 0, 0, 0, 1000000, 1000000
2015, RAJASTHAN, 8, JAIPUR, 93, GOVINDGARH, 1271, KHEJROLI, 38415, 1175129, Total, 0, 0, 0, 0, 0, 0, 10792762, 10792762
2015, RAJASTHAN, 8, JAIPUR, 93, GOVINDGARH, 1271, KISHANPURA, 38416, 1175249, Drinking water, 0, 0, 0, 0, 0, 0, 533314, 533314
2015, RAJASTHAN, 8, JAIPUR, 93, GOVINDGARH, 1271, KISHANPURA, 38416, 1175249, Roads, 0, 0, 0, 0, 0, 0, 1202463, 1202463
2015, RAJASTHAN, 8, JAIPUR, 93, GOVINDGARH, 1271, KISHANPURA, 38416, 1175249, Sanitation, 0, 0, 0, 0, 0, 0, 693000, 693000
2015, RAJASTHAN, 8, JAIPUR, 93, GOVINDGARH, 1271, KISHANPURA, 38416, 1175249, Total, 0, 0, 0, 0, 0, 0, 2428777, 2428777
2015, RAJASTHAN, 8, JAIPUR, 93, GOVINDGARH, 1271, KUSHALPURA, 38417, 1174479, Drinking water, 0, 0, 0, 0, 0, 0, 885710, 885710
2015, RAJASTHAN, 8, JAIPUR, 93, GOVINDGARH, 1271, KUSHALPURA, 38417, 1174479, Land improvement, 0, 0, 0, 0, 0, 0, 37700, 37700
2015, RAJASTHAN, 8, JAIPUR, 93, GOVINDGARH, 1271, KUSHALPURA, 38417, 1174479, Sanitation, 0, 0, 0, 0, 0, 0, 905451, 905451
2015, RAJASTHAN, 8, JAIPUR, 93, GOVINDGARH, 1271, KUSHALPURA, 38417, 1174479, Total, 0, 0, 0, 0, 0, 0, 1828861, 1828861
2015, RAJASTHAN, 8, JAIPUR, 93, GOVINDGARH, 1271, LOHARWARA, 38418, 1180589, Drinking water, 0, 0, 0, 0, 0, 0, 798830, 798830
2015, RAJASTHAN, 8, JAIPUR, 93, GOVINDGARH, 1271, LOHARWARA, 38418, 1180589, Roads, 0, 0, 0, 0, 0, 0, 500000, 500000
2015, RAJASTHAN, 8, JAIPUR, 93, GOVINDGARH, 1271, LOHARWARA, 38418, 1180589, Rural housing, 0, 0, 0, 0, 0, 0, 381350, 381350
2015, RAJASTHAN, 8, JAIPUR, 93, GOVINDGARH, 1271, LOHARWARA, 38418, 1180589, Sanitation, 0, 0, 0, 0, 0, 0, 100000, 100000
2015, RAJASTHAN, 8, JAIPUR, 93, GOVINDGARH, 1271, LOHARWARA, 38418, 1180589, Total, 0, 0, 0, 0, 0, 0, 1780180, 1780180
2015, RAJASTHAN, 8, JAIPUR, 93, GOVINDGARH, 1271, MAHAR KALA, 38419, 1170083, Drinking water, 0, 0, 0, 0, 0, 0, 100000, 100000
2015, RAJASTHAN, 8, JAIPUR, 93, GOVINDGARH, 1271, MAHAR KALA, 38419, 1170083, Roads, 0, 0, 0, 0, 0, 0, 1701264, 1701264
2015, RAJASTHAN, 8, JAIPUR, 93, GOVINDGARH, 1271, MAHAR KALA, 38419, 1170083, Sanitation, 0, 0, 0, 0, 0, 0, 1635008, 1635008
2015, RAJASTHAN, 8, JAIPUR, 93, GOVINDGARH, 1271, MAHAR KALA, 38419, 1170083, Total, 0, 0, 0, 0, 0, 0, 3436272, 3436272
2015, RAJASTHAN, 8, JAIPUR, 93, GOVINDGARH, 1271, MALIKPUR, 38420, 1180689, Roads, 0, 0, 0, 0, 0, 0, 4447587, 4447587
2015, RAJASTHAN, 8, JAIPUR, 93, GOVINDGARH, 1271, MALIKPUR, 38420, 1180689, Total, 0, 0, 0, 0, 0, 0, 4447587, 4447587
2015, RAJASTHAN, 8, JAIPUR, 93, GOVINDGARH, 1271, MANDA BHINDA, 38421, 1175130, Roads, 0, 0, 0, 0, 0, 0, 500000, 500000
2015, RAJASTHAN, 8, JAIPUR, 93, GOVINDGARH, 1271, MANDA BHINDA, 38421, 1175130, Rural electrification, 0, 0, 0, 0, 0, 0, 466649, 466649
2015, RAJASTHAN, 8, JAIPUR, 93, GOVINDGARH, 1271, MANDA BHINDA, 38421, 1175130, Sanitation, 0, 0, 0, 0, 0, 0, 985822, 985822
2015, RAJASTHAN, 8, JAIPUR, 93, GOVINDGARH, 1271, MANDA BHINDA, 38421, 1175130, Total, 0, 0, 0, 0, 0, 0, 1952471, 1952471
2015, RAJASTHAN, 8, JAIPUR, 93, GOVINDGARH, 1271, MORIJA, 38422, 1154767, Drinking water, 0, 0, 0, 0, 0, 0, 800000, 800000
2015, RAJASTHAN, 8, JAIPUR, 93, GOVINDGARH, 1271, MORIJA, 38422, 1154767, Roads, 0, 0, 0, 0, 0, 0, 4330150, 4330150
2015, RAJASTHAN, 8, JAIPUR, 93, GOVINDGARH, 1271, MORIJA, 38422, 1154767, Sanitation, 0, 0, 0, 0, 0, 0, 1250000, 1250000
2015, RAJASTHAN, 8, JAIPUR, 93, GOVINDGARH, 1271, MORIJA, 38422, 1154767, Total, 0, 0, 0, 0, 0, 0, 6380150, 6380150
2015, RAJASTHAN, 8, JAIPUR, 93, GOVINDGARH, 1271, NAGAL -KOJU, 38423, 1175132, Health, 0, 0, 0, 0, 0, 0, 320572, 320572
2015, RAJASTHAN, 8, JAIPUR, 93, GOVINDGARH, 1271, NAGAL -KOJU, 38423, 1175132, Roads, 0, 0, 0, 0, 0, 0, 1500000, 1500000
2015, RAJASTHAN, 8, JAIPUR, 93, GOVINDGARH, 1271, NAGAL -KOJU, 38423, 1175132, Rural electrification, 0, 0, 0, 0, 0, 0, 500000, 500000
2015, RAJASTHAN, 8, JAIPUR, 93, GOVINDGARH, 1271, NAGAL -KOJU, 38423, 1175132, Sanitation, 0, 0, 0, 0, 0, 0, 2366600, 2366600
2015, RAJASTHAN, 8, JAIPUR, 93, GOVINDGARH, 1271, NAGAL -KOJU, 38423, 1175132, Total, 0, 0, 0, 0, 0, 0, 4687172, 4687172
2015, RAJASTHAN, 8, JAIPUR, 93, GOVINDGARH, 1271, NAGAL- BHARADA, 38424, 1174515, Roads, 0, 0, 0, 0, 0, 0, 1511999, 1511999
2015, RAJASTHAN, 8, JAIPUR, 93, GOVINDGARH, 1271, NAGAL- BHARADA, 38424, 1174515, Sanitation, 0, 0, 0, 0, 0, 0, 1541989, 1541989
2015, RAJASTHAN, 8, JAIPUR, 93, GOVINDGARH, 1271, NAGAL- BHARADA, 38424, 1174515, Total, 0, 0, 0, 0, 0, 0, 3053988, 3053988
2015, RAJASTHAN, 8, JAIPUR, 93, GOVINDGARH, 1271, NANGAL -GOVIND, 38425, 1154691, Drinking water, 0, 0, 0, 0, 0, 0, 900000, 900000
2015, RAJASTHAN, 8, JAIPUR, 93, GOVINDGARH, 1271, NANGAL -GOVIND, 38425, 1154691, Health, 0, 0, 0, 0, 0, 0, 520963, 520963
2015, RAJASTHAN, 8, JAIPUR, 93, GOVINDGARH, 1271, NANGAL -GOVIND, 38425, 1154691, Roads, 0, 0, 0, 0, 0, 0, 1589028, 1589028
2015, RAJASTHAN, 8, JAIPUR, 93, GOVINDGARH, 1271, NANGAL -GOVIND, 38425, 1154691, Sanitation, 0, 0, 0, 0, 0, 0, 199584, 199584
2015, RAJASTHAN, 8, JAIPUR, 93, GOVINDGARH, 1271, NANGAL -GOVIND, 38425, 1154691, Total, 0, 0, 0, 0, 0, 0, 3209575, 3209575
2015, RAJASTHAN, 8, JAIPUR, 93, GOVINDGARH, 1271, NANGAL- KALAN, 38426, 1175454, Drinking water, 0, 0, 0, 0, 0, 0, 396000, 396000
2015, RAJASTHAN, 8, JAIPUR, 93, GOVINDGARH, 1271, NANGAL- KALAN, 38426, 1175454, Health, 0, 0, 0, 0, 0, 0, 150000, 150000
2015, RAJASTHAN, 8, JAIPUR, 93, GOVINDGARH, 1271, NANGAL- KALAN, 38426, 1175454, Roads, 0, 0, 0, 0, 0, 0, 1153206, 1153206
2015, RAJASTHAN, 8, JAIPUR, 93, GOVINDGARH, 1271, NANGAL- KALAN, 38426, 1175454, Sanitation, 0, 0, 0, 0, 0, 0, 200000, 200000
2015, RAJASTHAN, 8, JAIPUR, 93, GOVINDGARH, 1271, NANGAL- KALAN, 38426, 1175454, Social welfare, 0, 0, 0, 0, 0, 0, 321008, 321008
2015, RAJASTHAN, 8, JAIPUR, 93, GOVINDGARH, 1271, NANGAL- KALAN, 38426, 1175454, Total, 0, 0, 0, 0, 0, 0, 2220214, 2220214
2015, RAJASTHAN, 8, JAIPUR, 93, GOVINDGARH, 1271, NIWANA, 38427, 1186094, Drinking water, 0, 0, 0, 0, 0, 0, 559102, 559102
2015, RAJASTHAN, 8, JAIPUR, 93, GOVINDGARH, 1271, NIWANA, 38427, 1186094, Health, 0, 0, 0, 0, 0, 0, 1100000, 1100000
2015, RAJASTHAN, 8, JAIPUR, 93, GOVINDGARH, 1271, NIWANA, 38427, 1186094, Roads, 0, 0, 0, 0, 0, 0, 1626834, 1626834
2015, RAJASTHAN, 8, JAIPUR, 93, GOVINDGARH, 1271, NIWANA, 38427, 1186094, Total, 0, 0, 0, 0, 0, 0, 3285936, 3285936
2015, RAJASTHAN, 8, JAIPUR, 93, GOVINDGARH, 1271, SAMOD, 38428, 1190807, Drinking water, 0, 0, 0, 0, 0, 0, 700000, 700000
2015, RAJASTHAN, 8, JAIPUR, 93, GOVINDGARH, 1271, SAMOD, 38428, 1190807, Roads, 0, 0, 0, 0, 0, 0, 2212825, 2212825
2015, RAJASTHAN, 8, JAIPUR, 93, GOVINDGARH, 1271, SAMOD, 38428, 1190807, Sanitation, 0, 0, 0, 0, 0, 0, 1556716, 1556716
2015, RAJASTHAN, 8, JAIPUR, 93, GOVINDGARH, 1271, SAMOD, 38428, 1190807, Total, 0, 0, 0, 0, 0, 0, 4469541, 4469541
2015, RAJASTHAN, 8, JAIPUR, 93, GOVINDGARH, 1271, SANDARSAR, 38429, 1180635, Drinking water, 0, 0, 0, 0, 0, 0, 1260773, 1260773
2015, RAJASTHAN, 8, JAIPUR, 93, GOVINDGARH, 1271, SANDARSAR, 38429, 1180635, Roads, 0, 0, 0, 0, 0, 0, 1236252, 1236252
2015, RAJASTHAN, 8, JAIPUR, 93, GOVINDGARH, 1271, SANDARSAR, 38429, 1180635, Total, 0, 0, 0, 0, 0, 0, 2497025, 2497025
2015, RAJASTHAN, 8, JAIPUR, 93, GOVINDGARH, 1271, SINGOD KHURD, 38430, 1181269, Drinking water, 0, 0, 0, 0, 0, 0, 1129808, 1129808
2015, RAJASTHAN, 8, JAIPUR, 93, GOVINDGARH, 1271, SINGOD KHURD, 38430, 1181269, Roads, 0, 0, 0, 0, 0, 0, 1302205, 1302205
2015, RAJASTHAN, 8, JAIPUR, 93, GOVINDGARH, 1271, SINGOD KHURD, 38430, 1181269, Sanitation, 0, 0, 0, 0, 0, 0, 267766, 267766
2015, RAJASTHAN, 8, JAIPUR, 93, GOVINDGARH, 1271, SINGOD KHURD, 38430, 1181269, Social welfare, 0, 0, 0, 0, 0, 0, 48762, 48762
2015, RAJASTHAN, 8, JAIPUR, 93, GOVINDGARH, 1271, SINGOD KHURD, 38430, 1181269, Total, 0, 0, 0, 0, 0, 0, 2748541, 2748541
2015, RAJASTHAN, 8, JAIPUR, 93, GOVINDGARH, 1271, SINGOD KLAN, 38431, 1142896, Drinking water, 0, 0, 0, 0, 0, 0, 489230, 489230
2015, RAJASTHAN, 8, JAIPUR, 93, GOVINDGARH, 1271, SINGOD KLAN, 38431, 1142896, Maintenance of community system, 0, 0, 0, 0, 0, 0, 374762, 374762
2015, RAJASTHAN, 8, JAIPUR, 93, GOVINDGARH, 1271, SINGOD KLAN, 38431, 1142896, Roads, 0, 0, 0, 0, 0, 0, 1255769, 1255769
2015, RAJASTHAN, 8, JAIPUR, 93, GOVINDGARH, 1271, SINGOD KLAN, 38431, 1142896, Sanitation, 0, 0, 0, 0, 0, 0, 567691, 567691
2015, RAJASTHAN, 8, JAIPUR, 93, GOVINDGARH, 1271, SINGOD KLAN, 38431, 1142896, Total, 0, 0, 0, 0, 0, 0, 2687452, 2687452
2015, RAJASTHAN, 8, JAIPUR, 93, GOVINDGARH, 1271, TANKARDA, 38432, 1176445, Roads, 0, 0, 0, 0, 0, 0, 1479155, 1479155
2015, RAJASTHAN, 8, JAIPUR, 93, GOVINDGARH, 1271, TANKARDA, 38432, 1176445, Sanitation, 0, 0, 0, 0, 0, 0, 1508494, 1508494
2015, RAJASTHAN, 8, JAIPUR, 93, GOVINDGARH, 1271, TANKARDA, 38432, 1176445, Total, 0, 0, 0, 0, 0, 0, 2987649, 2987649
2015, RAJASTHAN, 8, JAIPUR, 93, GOVINDGARH, 1271, TIGARIYA, 38433, 1175133, Education, 0, 0, 0, 0, 0, 0, 900000, 900000
2015, RAJASTHAN, 8, JAIPUR, 93, GOVINDGARH, 1271, TIGARIYA, 38433, 1175133, Roads, 0, 0, 0, 0, 0, 0, 2571036, 2571036
2015, RAJASTHAN, 8, JAIPUR, 93, GOVINDGARH, 1271, TIGARIYA, 38433, 1175133, Sanitation, 0, 0, 0, 0, 0, 0, 1722032, 1722032
2015, RAJASTHAN, 8, JAIPUR, 93, GOVINDGARH, 1271, TIGARIYA, 38433, 1175133, Total, 0, 0, 0, 0, 0, 0, 5193068, 5193068
2015, RAJASTHAN, 8, JAIPUR, 93, GOVINDGARH, 1271, UDAIPURIYA, 38434, 1148676, Roads, 0, 0, 0, 0, 0, 0, 4277177, 4277177
2015, RAJASTHAN, 8, JAIPUR, 93, GOVINDGARH, 1271, UDAIPURIYA, 38434, 1148676, Sanitation, 0, 0, 0, 0, 0, 0, 200000, 200000
2015, RAJASTHAN, 8, JAIPUR, 93, GOVINDGARH, 1271, UDAIPURIYA, 38434, 1148676, Total, 0, 0, 0, 0, 0, 0, 4477177, 4477177
2015, RAJASTHAN, 8, JAIPUR, 93, GOVINDGARH, 1271, VIJAYA SINGH  PURA, 38435, 1177364, Drinking water, 0, 0, 0, 0, 0, 0, 1375958, 1375958
2015, RAJASTHAN, 8, JAIPUR, 93, GOVINDGARH, 1271, VIJAYA SINGH  PURA, 38435, 1177364, Roads, 0, 0, 0, 0, 0, 0, 1349197, 1349197
2015, RAJASTHAN, 8, JAIPUR, 93, GOVINDGARH, 1271, VIJAYA SINGH  PURA, 38435, 1177364, Total, 0, 0, 0, 0, 0, 0, 2725155, 2725155
2015, RAJASTHAN, 8, JAIPUR, 93, GOVINDGARH, 1271, VIMALPURA, 262438, 1169974, Drinking water, 0, 0, 0, 0, 0, 0, 318729, 318729
2015, RAJASTHAN, 8, JAIPUR, 93, GOVINDGARH, 1271, VIMALPURA, 262438, 1169974, Roads, 0, 0, 0, 0, 0, 0, 1181907, 1181907
2015, RAJASTHAN, 8, JAIPUR, 93, GOVINDGARH, 1271, VIMALPURA, 262438, 1169974, Sanitation, 0, 0, 0, 0, 0, 0, 886620, 886620
2015, RAJASTHAN, 8, JAIPUR, 93, GOVINDGARH, 1271, VIMALPURA, 262438, 1169974, Total, 0, 0, 0, 0, 0, 0, 2387256, 2387256
2015, RAJASTHAN, 8, JAIPUR, 93, JALSU, 262103, ANOP PURA, 38218, 1281281, Drinking water, 0, 0, 0, 0, 0, 0, 1024194, 1024194
2015, RAJASTHAN, 8, JAIPUR, 93, JALSU, 262103, ANOP PURA, 38218, 1281281, Maintenance of community system, 0, 0, 0, 0, 0, 0, 38645, 38645
2015, RAJASTHAN, 8, JAIPUR, 93, JALSU, 262103, ANOP PURA, 38218, 1281281, Roads, 0, 0, 0, 0, 0, 0, 650000, 650000
2015, RAJASTHAN, 8, JAIPUR, 93, JALSU, 262103, ANOP PURA, 38218, 1281281, Total, 0, 0, 0, 0, 0, 0, 1712839, 1712839
2015, RAJASTHAN, 8, JAIPUR, 93, JALSU, 262103, BARNA, 38220, 1263219, Drinking water, 0, 0, 0, 0, 0, 0, 359623, 359623
2015, RAJASTHAN, 8, JAIPUR, 93, JALSU, 262103, BARNA, 38220, 1263219, Maintenance of community system, 0, 0, 0, 0, 0, 0, 421838, 421838
2015, RAJASTHAN, 8, JAIPUR, 93, JALSU, 262103, BARNA, 38220, 1263219, Roads, 0, 0, 0, 0, 0, 0, 249906, 249906
2015, RAJASTHAN, 8, JAIPUR, 93, JALSU, 262103, BARNA, 38220, 1263219, Total, 0, 0, 0, 0, 0, 0, 1031367, 1031367
2015, RAJASTHAN, 8, JAIPUR, 93, JALSU, 262103, BHATTON KI GALI, 38222, 1292802, Maintenance of community system, 0, 0, 0, 0, 0, 0, 2102345, 2102345
2015, RAJASTHAN, 8, JAIPUR, 93, JALSU, 262103, BHATTON KI GALI, 38222, 1292802, Total, 0, 0, 0, 0, 0, 0, 2102345, 2102345
2015, RAJASTHAN, 8, JAIPUR, 93, JALSU, 262103, BHURTHAL, 38223, 1244999, Drinking water, 0, 0, 0, 0, 0, 0, 333794, 333794
2015, RAJASTHAN, 8, JAIPUR, 93, JALSU, 262103, BHURTHAL, 38223, 1244999, Maintenance of community system, 0, 0, 0, 0, 0, 0, 1700000, 1700000
2015, RAJASTHAN, 8, JAIPUR, 93, JALSU, 262103, BHURTHAL, 38223, 1244999, Roads, 0, 0, 0, 0, 0, 0, 500000, 500000
2015, RAJASTHAN, 8, JAIPUR, 93, JALSU, 262103, BHURTHAL, 38223, 1244999, Total, 0, 0, 0, 0, 0, 0, 2533794, 2533794
2015, RAJASTHAN, 8, JAIPUR, 93, JALSU, 262103, BIHARIPURA, 262263, 1277403, Drinking water, 0, 0, 0, 0, 0, 0, 100000, 100000
2015, RAJASTHAN, 8, JAIPUR, 93, JALSU, 262103, BIHARIPURA, 262263, 1277403, Maintenance of community system, 0, 0, 0, 0, 0, 0, 1673253, 1673253
2015, RAJASTHAN, 8, JAIPUR, 93, JALSU, 262103, BIHARIPURA, 262263, 1277403, Total, 0, 0, 0, 0, 0, 0, 1773253, 1773253
2015, RAJASTHAN, 8, JAIPUR, 93, JALSU, 262103, CHATARPURA, 38227, 1311381, Maintenance of community system, 0, 0, 0, 0, 0, 0, 1279578, 1279578
2015, RAJASTHAN, 8, JAIPUR, 93, JALSU, 262103, CHATARPURA, 38227, 1311381, Total, 0, 0, 0, 0, 0, 0, 1279578, 1279578
2015, RAJASTHAN, 8, JAIPUR, 93, JALSU, 262103, CHOUNP, 38230, 1188803, Maintenance of community system, 0, 0, 0, 0, 0, 0, 530953, 530953
2015, RAJASTHAN, 8, JAIPUR, 93, JALSU, 262103, CHOUNP, 38230, 1188803, Roads, 0, 0, 0, 0, 0, 0, 157176, 157176
2015, RAJASTHAN, 8, JAIPUR, 93, JALSU, 262103, CHOUNP, 38230, 1188803, Total, 0, 0, 0, 0, 0, 0, 688129, 688129
2015, RAJASTHAN, 8, JAIPUR, 93, JALSU, 262103, DEVGUDHA, 38231, 1304592, Maintenance of community system, 0, 0, 0, 0, 0, 0, 2590291, 2590291
2015, RAJASTHAN, 8, JAIPUR, 93, JALSU, 262103, DEVGUDHA, 38231, 1304592, Roads, 0, 0, 0, 0, 0, 0, 212231, 212231
2015, RAJASTHAN, 8, JAIPUR, 93, JALSU, 262103, DEVGUDHA, 38231, 1304592, Total, 0, 0, 0, 0, 0, 0, 2802522, 2802522
2015, RAJASTHAN, 8, JAIPUR, 93, JALSU, 262103, DURGA KA BAS, 38234, 1176671, Drinking water, 0, 0, 0, 0, 0, 0, 389231, 389231
2015, RAJASTHAN, 8, JAIPUR, 93, JALSU, 262103, DURGA KA BAS, 38234, 1176671, Total, 0, 0, 0, 0, 0, 0, 389231, 389231
2015, RAJASTHAN, 8, JAIPUR, 93, JALSU, 262103, JAHOTA, 38238, 1267596, Maintenance of community system, 0, 0, 0, 0, 0, 0, 200167, 200167
2015, RAJASTHAN, 8, JAIPUR, 93, JALSU, 262103, JAHOTA, 38238, 1267596, Roads, 0, 0, 0, 0, 0, 0, 1894065, 1894065
2015, RAJASTHAN, 8, JAIPUR, 93, JALSU, 262103, JAHOTA, 38238, 1267596, Total, 0, 0, 0, 0, 0, 0, 2094232, 2094232
2015, RAJASTHAN, 8, JAIPUR, 93, JALSU, 262103, JAIRAMPURA, 38235, 1143305, Drinking water, 0, 0, 0, 0, 0, 0, 900000, 900000
2015, RAJASTHAN, 8, JAIPUR, 93, JALSU, 262103, JAIRAMPURA, 38235, 1143305, Maintenance of community system, 0, 0, 0, 0, 0, 0, 1400000, 1400000
2015, RAJASTHAN, 8, JAIPUR, 93, JALSU, 262103, JAIRAMPURA, 38235, 1143305, Roads, 0, 0, 0, 0, 0, 0, 1600000, 1600000
2015, RAJASTHAN, 8, JAIPUR, 93, JALSU, 262103, JAIRAMPURA, 38235, 1143305, Total, 0, 0, 0, 0, 0, 0, 3900000, 3900000
2015, RAJASTHAN, 8, JAIPUR, 93, JALSU, 262103, JAISINGHPURA SHEKHAWATAN, 38236, 1272778, Maintenance of community system, 0, 0, 0, 0, 0, 0, 283515, 283515
2015, RAJASTHAN, 8, JAIPUR, 93, JALSU, 262103, JAISINGHPURA SHEKHAWATAN, 38236, 1272778, Roads, 0, 0, 0, 0, 0, 0, 1484829, 1484829
2015, RAJASTHAN, 8, JAIPUR, 93, JALSU, 262103, JAISINGHPURA SHEKHAWATAN, 38236, 1272778, Total, 0, 0, 0, 0, 0, 0, 1768344, 1768344
2015, RAJASTHAN, 8, JAIPUR, 93, JALSU, 262103, JALSOO, 38237, 1144083, Drinking water, 0, 0, 0, 0, 0, 0, 1417354, 1417354
2015, RAJASTHAN, 8, JAIPUR, 93, JALSU, 262103, JALSOO, 38237, 1144083, Maintenance of community system, 0, 0, 0, 0, 0, 0, 384404, 384404
2015, RAJASTHAN, 8, JAIPUR, 93, JALSU, 262103, JALSOO, 38237, 1144083, Total, 0, 0, 0, 0, 0, 0, 1801758, 1801758
2015, RAJASTHAN, 8, JAIPUR, 93, JALSU, 262103, KHANNIPURA, 38241, 1144204, Drinking water, 0, 0, 0, 0, 0, 0, 580112, 580112
2015, RAJASTHAN, 8, JAIPUR, 93, JALSU, 262103, KHANNIPURA, 38241, 1144204, Roads, 0, 0, 0, 0, 0, 0, 426675, 426675
2015, RAJASTHAN, 8, JAIPUR, 93, JALSU, 262103, KHANNIPURA, 38241, 1144204, Total, 0, 0, 0, 0, 0, 0, 1006787, 1006787
2015, RAJASTHAN, 8, JAIPUR, 93, JALSU, 262103, KHORA BISAL, 38244, 1287273, Maintenance of community system, 0, 0, 0, 0, 0, 0, 1157946, 1157946
2015, RAJASTHAN, 8, JAIPUR, 93, JALSU, 262103, KHORA BISAL, 38244, 1287273, Roads, 0, 0, 0, 0, 0, 0, 2000000, 2000000
2015, RAJASTHAN, 8, JAIPUR, 93, JALSU, 262103, KHORA BISAL, 38244, 1287273, Total, 0, 0, 0, 0, 0, 0, 3157946, 3157946
2015, RAJASTHAN, 8, JAIPUR, 93, JALSU, 262103, KHORA SHYAMDAS, 38243, 1177411, Drinking water, 0, 0, 0, 0, 0, 0, 1934417, 1934417
2015, RAJASTHAN, 8, JAIPUR, 93, JALSU, 262103, KHORA SHYAMDAS, 38243, 1177411, Total, 0, 0, 0, 0, 0, 0, 1934417, 1934417
2015, RAJASTHAN, 8, JAIPUR, 93, JALSU, 262103, MAHESHWAS KALAN, 38248, 1475665, Drinking water, 0, 0, 0, 0, 0, 0, 1765026, 1765026
2015, RAJASTHAN, 8, JAIPUR, 93, JALSU, 262103, MAHESHWAS KALAN, 38248, 1475665, Maintenance of community system, 0, 0, 0, 0, 0, 0, 690000, 690000
2015, RAJASTHAN, 8, JAIPUR, 93, JALSU, 262103, MAHESHWAS KALAN, 38248, 1475665, Total, 0, 0, 0, 0, 0, 0, 2455026, 2455026
2015, RAJASTHAN, 8, JAIPUR, 93, JALSU, 262103, MUNDOTA, 38250, 1276559, Maintenance of community system, 0, 0, 0, 0, 0, 0, 1904171, 1904171
2015, RAJASTHAN, 8, JAIPUR, 93, JALSU, 262103, MUNDOTA, 38250, 1276559, Total, 0, 0, 0, 0, 0, 0, 1904171, 1904171
2015, RAJASTHAN, 8, JAIPUR, 93, JALSU, 262103, NANGAL BICHPADI, 38224, 1476126, Drinking water, 0, 0, 0, 0, 0, 0, 1600000, 1600000
2015, RAJASTHAN, 8, JAIPUR, 93, JALSU, 262103, NANGAL BICHPADI, 38224, 1476126, Maintenance of community system, 0, 0, 0, 0, 0, 0, 2511750, 2511750
2015, RAJASTHAN, 8, JAIPUR, 93, JALSU, 262103, NANGAL BICHPADI, 38224, 1476126, Roads, 0, 0, 0, 0, 0, 0, 5154594, 5154594
2015, RAJASTHAN, 8, JAIPUR, 93, JALSU, 262103, NANGAL BICHPADI, 38224, 1476126, Total, 0, 0, 0, 0, 0, 0, 9266344, 9266344
2015, RAJASTHAN, 8, JAIPUR, 93, JALSU, 262103, NANGALPUROHITAN, 38251, 1170667, Drinking water, 0, 0, 0, 0, 0, 0, 299326, 299326
2015, RAJASTHAN, 8, JAIPUR, 93, JALSU, 262103, NANGALPUROHITAN, 38251, 1170667, Maintenance of community system, 0, 0, 0, 0, 0, 0, 477130, 477130
2015, RAJASTHAN, 8, JAIPUR, 93, JALSU, 262103, NANGALPUROHITAN, 38251, 1170667, Total, 0, 0, 0, 0, 0, 0, 776456, 776456
2015, RAJASTHAN, 8, JAIPUR, 93, JALSU, 262103, NANGALSIRAS, 38253, 1172134, Maintenance of community system, 0, 0, 0, 0, 0, 0, 798000, 798000
2015, RAJASTHAN, 8, JAIPUR, 93, JALSU, 262103, NANGALSIRAS, 38253, 1172134, Total, 0, 0, 0, 0, 0, 0, 798000, 798000
2015, RAJASTHAN, 8, JAIPUR, 93, JALSU, 262103, PUNANA, 38254, 1176046, Maintenance of community system, 0, 0, 0, 0, 0, 0, 39600, 39600
2015, RAJASTHAN, 8, JAIPUR, 93, JALSU, 262103, PUNANA, 38254, 1176046, Roads, 0, 0, 0, 0, 0, 0, 116939, 116939
2015, RAJASTHAN, 8, JAIPUR, 93, JALSU, 262103, PUNANA, 38254, 1176046, Total, 0, 0, 0, 0, 0, 0, 156539, 156539
2015, RAJASTHAN, 8, JAIPUR, 93, JALSU, 262103, RADHAKISHANPURA, 38255, 1457762, Drinking water, 0, 0, 0, 0, 0, 0, 2632821, 2632821
2015, RAJASTHAN, 8, JAIPUR, 93, JALSU, 262103, RADHAKISHANPURA, 38255, 1457762, Maintenance of community system, 0, 0, 0, 0, 0, 0, 295801, 295801
2015, RAJASTHAN, 8, JAIPUR, 93, JALSU, 262103, RADHAKISHANPURA, 38255, 1457762, Roads, 0, 0, 0, 0, 0, 0, 1575000, 1575000
2015, RAJASTHAN, 8, JAIPUR, 93, JALSU, 262103, RADHAKISHANPURA, 38255, 1457762, Total, 0, 0, 0, 0, 0, 0, 4503622, 4503622
2015, RAJASTHAN, 8, JAIPUR, 93, JALSU, 262103, RAITHAL, 38256, 1160131, Roads, 0, 0, 0, 0, 0, 0, 400125, 400125
2015, RAJASTHAN, 8, JAIPUR, 93, JALSU, 262103, RAITHAL, 38256, 1160131, Total, 0, 0, 0, 0, 0, 0, 400125, 400125
2015, RAJASTHAN, 8, JAIPUR, 93, JALSU, 262103, RAJAWAS, 262268, 1285677, Maintenance of community system, 0, 0, 0, 0, 0, 0, 1372343, 1372343
2015, RAJASTHAN, 8, JAIPUR, 93, JALSU, 262103, RAJAWAS, 262268, 1285677, Roads, 0, 0, 0, 0, 0, 0, 1345653, 1345653
2015, RAJASTHAN, 8, JAIPUR, 93, JALSU, 262103, RAJAWAS, 262268, 1285677, Total, 0, 0, 0, 0, 0, 0, 2717996, 2717996
2015, RAJASTHAN, 8, JAIPUR, 93, JALSU, 262103, RAMPURA  DABRI, 38257, 1305429, Maintenance of community system, 0, 0, 0, 0, 0, 0, 2105144, 2105144
2015, RAJASTHAN, 8, JAIPUR, 93, JALSU, 262103, RAMPURA  DABRI, 38257, 1305429, Total, 0, 0, 0, 0, 0, 0, 2105144, 2105144
2015, RAJASTHAN, 8, JAIPUR, 93, JALSU, 262103, ROJDA, 38258, 1146668, Roads, 0, 0, 0, 0, 0, 0, 1152217, 1152217
2015, RAJASTHAN, 8, JAIPUR, 93, JALSU, 262103, ROJDA, 38258, 1146668, Total, 0, 0, 0, 0, 0, 0, 1152217, 1152217
2015, RAJASTHAN, 8, JAIPUR, 93, JALSU, 262103, SEWAPURA, 38260, 1245957, Drinking water, 0, 0, 0, 0, 0, 0, 600000, 600000
2015, RAJASTHAN, 8, JAIPUR, 93, JALSU, 262103, SEWAPURA, 38260, 1245957, Maintenance of community system, 0, 0, 0, 0, 0, 0, 1222723, 1222723
2015, RAJASTHAN, 8, JAIPUR, 93, JALSU, 262103, SEWAPURA, 38260, 1245957, Total, 0, 0, 0, 0, 0, 0, 1822723, 1822723
2015, RAJASTHAN, 8, JAIPUR, 93, JALSU, 262103, SIRSALI, 38263, 1245105, Drinking water, 0, 0, 0, 0, 0, 0, 23408, 23408
2015, RAJASTHAN, 8, JAIPUR, 93, JALSU, 262103, SIRSALI, 38263, 1245105, Maintenance of community system, 0, 0, 0, 0, 0, 0, 81170, 81170
2015, RAJASTHAN, 8, JAIPUR, 93, JALSU, 262103, SIRSALI, 38263, 1245105, Roads, 0, 0, 0, 0, 0, 0, 1087403, 1087403
2015, RAJASTHAN, 8, JAIPUR, 93, JALSU, 262103, SIRSALI, 38263, 1245105, Total, 0, 0, 0, 0, 0, 0, 1191981, 1191981
2015, RAJASTHAN, 8, JAIPUR, 93, JAMWA RAMGARH, 1272, ANDHI, 38436, 1173480, Fisheries, 0, 0, 0, 0, 0, 0, 200000, 200000
2015, RAJASTHAN, 8, JAIPUR, 93, JAMWA RAMGARH, 1272, ANDHI, 38436, 1173480, Fuel and fodder, 0, 0, 0, 0, 0, 0, 150000, 150000
2015, RAJASTHAN, 8, JAIPUR, 93, JAMWA RAMGARH, 1272, ANDHI, 38436, 1173480, Roads, 0, 0, 0, 0, 0, 0, 1410070, 1410070
2015, RAJASTHAN, 8, JAIPUR, 93, JAMWA RAMGARH, 1272, ANDHI, 38436, 1173480, Total, 0, 0, 0, 0, 0, 0, 1760070, 1760070
2015, RAJASTHAN, 8, JAIPUR, 93, JAMWA RAMGARH, 1272, BASNA, 38437, 1209346, Drinking water, 0, 0, 0, 0, 0, 0, 548452, 548452
2015, RAJASTHAN, 8, JAIPUR, 93, JAMWA RAMGARH, 1272, BASNA, 38437, 1209346, Total, 0, 0, 0, 0, 0, 0, 548452, 548452
2015, RAJASTHAN, 8, JAIPUR, 93, JAMWA RAMGARH, 1272, BEHLOR, 38438, 1137065, Drinking water, 0, 0, 0, 0, 0, 0, 919107, 919107
2015, RAJASTHAN, 8, JAIPUR, 93, JAMWA RAMGARH, 1272, BEHLOR, 38438, 1137065, Total, 0, 0, 0, 0, 0, 0, 919107, 919107
2015, RAJASTHAN, 8, JAIPUR, 93, JAMWA RAMGARH, 1272, BHANPURA KALLA, 38439, 1174028, Drinking water, 0, 0, 0, 0, 0, 0, 977187, 977187
2015, RAJASTHAN, 8, JAIPUR, 93, JAMWA RAMGARH, 1272, BHANPURA KALLA, 38439, 1174028, Total, 0, 0, 0, 0, 0, 0, 977187, 977187
2015, RAJASTHAN, 8, JAIPUR, 93, JAMWA RAMGARH, 1272, BHAWANI, 38440, 1175065, Drinking water, 0, 0, 0, 0, 0, 0, 1201803, 1201803
2015, RAJASTHAN, 8, JAIPUR, 93, JAMWA RAMGARH, 1272, BHAWANI, 38440, 1175065, Total, 0, 0, 0, 0, 0, 0, 1201803, 1201803
2015, RAJASTHAN, 8, JAIPUR, 93, JAMWA RAMGARH, 1272, BILOD, 38441, 1175855, Drinking water, 0, 0, 0, 0, 0, 0, 178842, 178842
2015, RAJASTHAN, 8, JAIPUR, 93, JAMWA RAMGARH, 1272, BILOD, 38441, 1175855, Sanitation, 0, 0, 0, 0, 0, 0, 1000000, 1000000
2015, RAJASTHAN, 8, JAIPUR, 93, JAMWA RAMGARH, 1272, BILOD, 38441, 1175855, Total, 0, 0, 0, 0, 0, 0, 1178842, 1178842
2015, RAJASTHAN, 8, JAIPUR, 93, JAMWA RAMGARH, 1272, BIRASANA, 38442, 1174616, Drinking water, 0, 0, 0, 0, 0, 0, 400000, 400000
2015, RAJASTHAN, 8, JAIPUR, 93, JAMWA RAMGARH, 1272, BIRASANA, 38442, 1174616, Land improvement, 0, 0, 0, 0, 0, 0, 250000, 250000
2015, RAJASTHAN, 8, JAIPUR, 93, JAMWA RAMGARH, 1272, BIRASANA, 38442, 1174616, Roads, 0, 0, 0, 0, 0, 0, 684511, 684511
2015, RAJASTHAN, 8, JAIPUR, 93, JAMWA RAMGARH, 1272, BIRASANA, 38442, 1174616, Total, 0, 0, 0, 0, 0, 0, 1334511, 1334511
2015, RAJASTHAN, 8, JAIPUR, 93, JAMWA RAMGARH, 1272, BOBARI, 38443, 1140844, Drinking water, 0, 0, 0, 0, 0, 0, 360000, 360000
2015, RAJASTHAN, 8, JAIPUR, 93, JAMWA RAMGARH, 1272, BOBARI, 38443, 1140844, Fisheries, 0, 0, 0, 0, 0, 0, 350000, 350000
2015, RAJASTHAN, 8, JAIPUR, 93, JAMWA RAMGARH, 1272, BOBARI, 38443, 1140844, Land improvement, 0, 0, 0, 0, 0, 0, 100000, 100000
2015, RAJASTHAN, 8, JAIPUR, 93, JAMWA RAMGARH, 1272, BOBARI, 38443, 1140844, Roads, 0, 0, 0, 0, 0, 0, 857177, 857177
2015, RAJASTHAN, 8, JAIPUR, 93, JAMWA RAMGARH, 1272, BOBARI, 38443, 1140844, Total, 0, 0, 0, 0, 0, 0, 1667177, 1667177
2015, RAJASTHAN, 8, JAIPUR, 93, JAMWA RAMGARH, 1272, BOOJ, 38444, 1173450, Drinking water, 0, 0, 0, 0, 0, 0, 526000, 526000
2015, RAJASTHAN, 8, JAIPUR, 93, JAMWA RAMGARH, 1272, BOOJ, 38444, 1173450, Roads, 0, 0, 0, 0, 0, 0, 1299861, 1299861
2015, RAJASTHAN, 8, JAIPUR, 93, JAMWA RAMGARH, 1272, BOOJ, 38444, 1173450, Total, 0, 0, 0, 0, 0, 0, 1825861, 1825861
2015, RAJASTHAN, 8, JAIPUR, 93, JAMWA RAMGARH, 1272, CHAWANDIYA, 38445, 1173466, Drinking water, 0, 0, 0, 0, 0, 0, 528615, 528615
2015, RAJASTHAN, 8, JAIPUR, 93, JAMWA RAMGARH, 1272, CHAWANDIYA, 38445, 1173466, Land improvement, 0, 0, 0, 0, 0, 0, 150000, 150000
2015, RAJASTHAN, 8, JAIPUR, 93, JAMWA RAMGARH, 1272, CHAWANDIYA, 38445, 1173466, Roads, 0, 0, 0, 0, 0, 0, 1000000, 1000000
2015, RAJASTHAN, 8, JAIPUR, 93, JAMWA RAMGARH, 1272, CHAWANDIYA, 38445, 1173466, Total, 0, 0, 0, 0, 0, 0, 1678615, 1678615
2015, RAJASTHAN, 8, JAIPUR, 93, JAMWA RAMGARH, 1272, DANGARWADA, 38446, 1174050, Drinking water, 0, 0, 0, 0, 0, 0, 300000, 300000
2015, RAJASTHAN, 8, JAIPUR, 93, JAMWA RAMGARH, 1272, DANGARWADA, 38446, 1174050, Maintenance of community system, 0, 0, 0, 0, 0, 0, 107170, 107170
2015, RAJASTHAN, 8, JAIPUR, 93, JAMWA RAMGARH, 1272, DANGARWADA, 38446, 1174050, Roads, 0, 0, 0, 0, 0, 0, 1150000, 1150000
2015, RAJASTHAN, 8, JAIPUR, 93, JAMWA RAMGARH, 1272, DANGARWADA, 38446, 1174050, Total, 0, 0, 0, 0, 0, 0, 1557170, 1557170
2015, RAJASTHAN, 8, JAIPUR, 93, JAMWA RAMGARH, 1272, DHAMSYA, 38447, 1208914, Administrative & Technical Support, 0, 0, 0, 0, 0, 0, 1000000, 1000000
2015, RAJASTHAN, 8, JAIPUR, 93, JAMWA RAMGARH, 1272, DHAMSYA, 38447, 1208914, Drinking water, 0, 0, 0, 0, 0, 0, 203200, 203200
2015, RAJASTHAN, 8, JAIPUR, 93, JAMWA RAMGARH, 1272, DHAMSYA, 38447, 1208914, Land improvement, 0, 0, 0, 0, 0, 0, 500000, 500000
2015, RAJASTHAN, 8, JAIPUR, 93, JAMWA RAMGARH, 1272, DHAMSYA, 38447, 1208914, Total, 0, 0, 0, 0, 0, 0, 1703200, 1703200
2015, RAJASTHAN, 8, JAIPUR, 93, JAMWA RAMGARH, 1272, DHAULA, 38448, 1177528, Drinking water, 0, 0, 0, 0, 0, 0, 1000000, 1000000
2015, RAJASTHAN, 8, JAIPUR, 93, JAMWA RAMGARH, 1272, DHAULA, 38448, 1177528, Roads, 0, 0, 0, 0, 0, 0, 561507, 561507
2015, RAJASTHAN, 8, JAIPUR, 93, JAMWA RAMGARH, 1272, DHAULA, 38448, 1177528, Total, 0, 0, 0, 0, 0, 0, 1561507, 1561507
2015, RAJASTHAN, 8, JAIPUR, 93, JAMWA RAMGARH, 1272, DHOOLARAOJI, 38449, 1175078, Drinking water, 0, 0, 0, 0, 0, 0, 1296000, 1296000
2015, RAJASTHAN, 8, JAIPUR, 93, JAMWA RAMGARH, 1272, DHOOLARAOJI, 38449, 1175078, Total, 0, 0, 0, 0, 0, 0, 1296000, 1296000
2015, RAJASTHAN, 8, JAIPUR, 93, JAMWA RAMGARH, 1272, INDRAGARH, 38451, 1175879, Drinking water, 0, 0, 0, 0, 0, 0, 980540, 980540
2015, RAJASTHAN, 8, JAIPUR, 93, JAMWA RAMGARH, 1272, INDRAGARH, 38451, 1175879, Total, 0, 0, 0, 0, 0, 0, 980540, 980540
2015, RAJASTHAN, 8, JAIPUR, 93, JAMWA RAMGARH, 1272, JAICHANDPURA, 38452, 1174605, Land improvement, 0, 0, 0, 0, 0, 0, 100000, 100000
2015, RAJASTHAN, 8, JAIPUR, 93, JAMWA RAMGARH, 1272, JAICHANDPURA, 38452, 1174605, Roads, 0, 0, 0, 0, 0, 0, 1309453, 1309453
2015, RAJASTHAN, 8, JAIPUR, 93, JAMWA RAMGARH, 1272, JAICHANDPURA, 38452, 1174605, Total, 0, 0, 0, 0, 0, 0, 1409453, 1409453
2015, RAJASTHAN, 8, JAIPUR, 93, JAMWA RAMGARH, 1272, JAMWA RAMGARH, 38453, 1140889, Drinking water, 0, 0, 0, 0, 0, 0, 614000, 614000
2015, RAJASTHAN, 8, JAIPUR, 93, JAMWA RAMGARH, 1272, JAMWA RAMGARH, 38453, 1140889, Roads, 0, 0, 0, 0, 0, 0, 1608979, 1608979
2015, RAJASTHAN, 8, JAIPUR, 93, JAMWA RAMGARH, 1272, JAMWA RAMGARH, 38453, 1140889, Total, 0, 0, 0, 0, 0, 0, 2222979, 2222979
2015, RAJASTHAN, 8, JAIPUR, 93, JAMWA RAMGARH, 1272, KELA KA BAS, 262423, 1174664, Roads, 0, 0, 0, 0, 0, 0, 598607, 598607
2015, RAJASTHAN, 8, JAIPUR, 93, JAMWA RAMGARH, 1272, KELA KA BAS, 262423, 1174664, Total, 0, 0, 0, 0, 0, 0, 598607, 598607
2015, RAJASTHAN, 8, JAIPUR, 93, JAMWA RAMGARH, 1272, KHARKARA, 38454, 1174042, Drinking water, 0, 0, 0, 0, 0, 0, 615091, 615091
2015, RAJASTHAN, 8, JAIPUR, 93, JAMWA RAMGARH, 1272, KHARKARA, 38454, 1174042, Roads, 0, 0, 0, 0, 0, 0, 764000, 764000
2015, RAJASTHAN, 8, JAIPUR, 93, JAMWA RAMGARH, 1272, KHARKARA, 38454, 1174042, Total, 0, 0, 0, 0, 0, 0, 1379091, 1379091
2015, RAJASTHAN, 8, JAIPUR, 93, JAMWA RAMGARH, 1272, KHAWA RANIJI, 38455, 1209001, Drinking water, 0, 0, 0, 0, 0, 0, 1229000, 1229000
2015, RAJASTHAN, 8, JAIPUR, 93, JAMWA RAMGARH, 1272, KHAWA RANIJI, 38455, 1209001, Total, 0, 0, 0, 0, 0, 0, 1229000, 1229000
2015, RAJASTHAN, 8, JAIPUR, 93, JAMWA RAMGARH, 1272, LALI, 262433, 1175897, Drinking water, 0, 0, 0, 0, 0, 0, 870562, 870562
2015, RAJASTHAN, 8, JAIPUR, 93, JAMWA RAMGARH, 1272, LALI, 262433, 1175897, Total, 0, 0, 0, 0, 0, 0, 870562, 870562
2015, RAJASTHAN, 8, JAIPUR, 93, JAMWA RAMGARH, 1272, LALWAS, 38456, 1140832, Drinking water, 0, 0, 0, 0, 0, 0, 717540, 717540
2015, RAJASTHAN, 8, JAIPUR, 93, JAMWA RAMGARH, 1272, LALWAS, 38456, 1140832, Fisheries, 0, 0, 0, 0, 0, 0, 100000, 100000
2015, RAJASTHAN, 8, JAIPUR, 93, JAMWA RAMGARH, 1272, LALWAS, 38456, 1140832, Roads, 0, 0, 0, 0, 0, 0, 950000, 950000
2015, RAJASTHAN, 8, JAIPUR, 93, JAMWA RAMGARH, 1272, LALWAS, 38456, 1140832, Total, 0, 0, 0, 0, 0, 0, 1767540, 1767540
2015, RAJASTHAN, 8, JAIPUR, 93, JAMWA RAMGARH, 1272, LANGADIYAWAS, 38457, 1176928, Drinking water, 0, 0, 0, 0, 0, 0, 600000, 600000
2015, RAJASTHAN, 8, JAIPUR, 93, JAMWA RAMGARH, 1272, LANGADIYAWAS, 38457, 1176928, Roads, 0, 0, 0, 0, 0, 0, 1095007, 1095007
2015, RAJASTHAN, 8, JAIPUR, 93, JAMWA RAMGARH, 1272, LANGADIYAWAS, 38457, 1176928, Total, 0, 0, 0, 0, 0, 0, 1695007, 1695007
2015, RAJASTHAN, 8, JAIPUR, 93, JAMWA RAMGARH, 1272, MANHAGI, 38458, 1141536, Drinking water, 0, 0, 0, 0, 0, 0, 1240531, 1240531
2015, RAJASTHAN, 8, JAIPUR, 93, JAMWA RAMGARH, 1272, MANHAGI, 38458, 1141536, Total, 0, 0, 0, 0, 0, 0, 1240531, 1240531
2015, RAJASTHAN, 8, JAIPUR, 93, JAMWA RAMGARH, 1272, MANOTA, 38459, 1175066, Drinking water, 0, 0, 0, 0, 0, 0, 1025377, 1025377
2015, RAJASTHAN, 8, JAIPUR, 93, JAMWA RAMGARH, 1272, MANOTA, 38459, 1175066, Land improvement, 0, 0, 0, 0, 0, 0, 400000, 400000
2015, RAJASTHAN, 8, JAIPUR, 93, JAMWA RAMGARH, 1272, MANOTA, 38459, 1175066, Roads, 0, 0, 0, 0, 0, 0, 500000, 500000
2015, RAJASTHAN, 8, JAIPUR, 93, JAMWA RAMGARH, 1272, MANOTA, 38459, 1175066, Total, 0, 0, 0, 0, 0, 0, 1925377, 1925377
2015, RAJASTHAN, 8, JAIPUR, 93, JAMWA RAMGARH, 1272, MATHASOOLA, 38460, 1137121, Drinking water, 0, 0, 0, 0, 0, 0, 1297401, 1297401
2015, RAJASTHAN, 8, JAIPUR, 93, JAMWA RAMGARH, 1272, MATHASOOLA, 38460, 1137121, Total, 0, 0, 0, 0, 0, 0, 1297401, 1297401
2015, RAJASTHAN, 8, JAIPUR, 93, JAMWA RAMGARH, 1272, NANGAL TULSIDAS, 262419, 1140618, Drinking water, 0, 0, 0, 0, 0, 0, 977184, 977184
2015, RAJASTHAN, 8, JAIPUR, 93, JAMWA RAMGARH, 1272, NANGAL TULSIDAS, 262419, 1140618, Total, 0, 0, 0, 0, 0, 0, 977184, 977184
2015, RAJASTHAN, 8, JAIPUR, 93, JAMWA RAMGARH, 1272, NATATA, 38461, 1175858, Drinking water, 0, 0, 0, 0, 0, 0, 347413, 347413
2015, RAJASTHAN, 8, JAIPUR, 93, JAMWA RAMGARH, 1272, NATATA, 38461, 1175858, Fisheries, 0, 0, 0, 0, 0, 0, 90000, 90000
2015, RAJASTHAN, 8, JAIPUR, 93, JAMWA RAMGARH, 1272, NATATA, 38461, 1175858, Land improvement, 0, 0, 0, 0, 0, 0, 473000, 473000
2015, RAJASTHAN, 8, JAIPUR, 93, JAMWA RAMGARH, 1272, NATATA, 38461, 1175858, Roads, 0, 0, 0, 0, 0, 0, 400000, 400000
2015, RAJASTHAN, 8, JAIPUR, 93, JAMWA RAMGARH, 1272, NATATA, 38461, 1175858, Total, 0, 0, 0, 0, 0, 0, 1310413, 1310413
2015, RAJASTHAN, 8, JAIPUR, 93, JAMWA RAMGARH, 1272, NAYALA, 38462, 1136392, Drinking water, 0, 0, 0, 0, 0, 0, 1708281, 1708281
2015, RAJASTHAN, 8, JAIPUR, 93, JAMWA RAMGARH, 1272, NAYALA, 38462, 1136392, Roads, 0, 0, 0, 0, 0, 0, 500000, 500000
2015, RAJASTHAN, 8, JAIPUR, 93, JAMWA RAMGARH, 1272, NAYALA, 38462, 1136392, Total, 0, 0, 0, 0, 0, 0, 2208281, 2208281
2015, RAJASTHAN, 8, JAIPUR, 93, JAMWA RAMGARH, 1272, NEEMALA, 38463, 1137033, Drinking water, 0, 0, 0, 0, 0, 0, 978902, 978902
2015, RAJASTHAN, 8, JAIPUR, 93, JAMWA RAMGARH, 1272, NEEMALA, 38463, 1137033, Fisheries, 0, 0, 0, 0, 0, 0, 184000, 184000
2015, RAJASTHAN, 8, JAIPUR, 93, JAMWA RAMGARH, 1272, NEEMALA, 38463, 1137033, Maintenance of community system, 0, 0, 0, 0, 0, 0, 21000, 21000
2015, RAJASTHAN, 8, JAIPUR, 93, JAMWA RAMGARH, 1272, NEEMALA, 38463, 1137033, Total, 0, 0, 0, 0, 0, 0, 1183902, 1183902
2015, RAJASTHAN, 8, JAIPUR, 93, JAMWA RAMGARH, 1272, NEWER, 38464, 1175896, Drinking water, 0, 0, 0, 0, 0, 0, 2236402, 2236402
2015, RAJASTHAN, 8, JAIPUR, 93, JAMWA RAMGARH, 1272, NEWER, 38464, 1175896, Roads, 0, 0, 0, 0, 0, 0, 300000, 300000
2015, RAJASTHAN, 8, JAIPUR, 93, JAMWA RAMGARH, 1272, NEWER, 38464, 1175896, Total, 0, 0, 0, 0, 0, 0, 2536402, 2536402
2015, RAJASTHAN, 8, JAIPUR, 93, JAMWA RAMGARH, 1272, PAPAR, 38465, 1140789, Cultural activities, 0, 0, 0, 0, 0, 0, 250000, 250000
2015, RAJASTHAN, 8, JAIPUR, 93, JAMWA RAMGARH, 1272, PAPAR, 38465, 1140789, Drinking water, 0, 0, 0, 0, 0, 0, 938480, 938480
2015, RAJASTHAN, 8, JAIPUR, 93, JAMWA RAMGARH, 1272, PAPAR, 38465, 1140789, Total, 0, 0, 0, 0, 0, 0, 1188480, 1188480
2015, RAJASTHAN, 8, JAIPUR, 93, JAMWA RAMGARH, 1272, PHOOTOLAO, 38466, 1141534, Fisheries, 0, 0, 0, 0, 0, 0, 300000, 300000
2015, RAJASTHAN, 8, JAIPUR, 93, JAMWA RAMGARH, 1272, PHOOTOLAO, 38466, 1141534, Roads, 0, 0, 0, 0, 0, 0, 997000, 997000
2015, RAJASTHAN, 8, JAIPUR, 93, JAMWA RAMGARH, 1272, PHOOTOLAO, 38466, 1141534, Total, 0, 0, 0, 0, 0, 0, 1297000, 1297000
2015, RAJASTHAN, 8, JAIPUR, 93, JAMWA RAMGARH, 1272, RAHORI, 38467, 1140869, Drinking water, 0, 0, 0, 0, 0, 0, 1100000, 1100000
2015, RAJASTHAN, 8, JAIPUR, 93, JAMWA RAMGARH, 1272, RAHORI, 38467, 1140869, Roads, 0, 0, 0, 0, 0, 0, 157158, 157158
2015, RAJASTHAN, 8, JAIPUR, 93, JAMWA RAMGARH, 1272, RAHORI, 38467, 1140869, Total, 0, 0, 0, 0, 0, 0, 1257158, 1257158
2015, RAJASTHAN, 8, JAIPUR, 93, JAMWA RAMGARH, 1272, RAIPUR, 38468, 1173479, Roads, 0, 0, 0, 0, 0, 0, 1814770, 1814770
2015, RAJASTHAN, 8, JAIPUR, 93, JAMWA RAMGARH, 1272, RAIPUR, 38468, 1173479, Total, 0, 0, 0, 0, 0, 0, 1814770, 1814770
2015, RAJASTHAN, 8, JAIPUR, 93, JAMWA RAMGARH, 1272, RAISAR, 38469, 1175846, Drinking water, 0, 0, 0, 0, 0, 0, 660085, 660085
2015, RAJASTHAN, 8, JAIPUR, 93, JAMWA RAMGARH, 1272, RAISAR, 38469, 1175846, Roads, 0, 0, 0, 0, 0, 0, 1500000, 1500000
2015, RAJASTHAN, 8, JAIPUR, 93, JAMWA RAMGARH, 1272, RAISAR, 38469, 1175846, Total, 0, 0, 0, 0, 0, 0, 2160085, 2160085
2015, RAJASTHAN, 8, JAIPUR, 93, JAMWA RAMGARH, 1272, RAJPURWASA, 38470, 1175072, Drinking water, 0, 0, 0, 0, 0, 0, 898704, 898704
2015, RAJASTHAN, 8, JAIPUR, 93, JAMWA RAMGARH, 1272, RAJPURWASA, 38470, 1175072, Total, 0, 0, 0, 0, 0, 0, 898704, 898704
2015, RAJASTHAN, 8, JAIPUR, 93, JAMWA RAMGARH, 1272, RAMYAWALA, 262430, 1174701, Drinking water, 0, 0, 0, 0, 0, 0, 500000, 500000
2015, RAJASTHAN, 8, JAIPUR, 93, JAMWA RAMGARH, 1272, RAMYAWALA, 262430, 1174701, Maintenance of community system, 0, 0, 0, 0, 0, 0, 781255, 781255
2015, RAJASTHAN, 8, JAIPUR, 93, JAMWA RAMGARH, 1272, RAMYAWALA, 262430, 1174701, Total, 0, 0, 0, 0, 0, 0, 1281255, 1281255
2015, RAJASTHAN, 8, JAIPUR, 93, JAMWA RAMGARH, 1272, ROOPWAS, 38471, 1174027, Drinking water, 0, 0, 0, 0, 0, 0, 1036542, 1036542
2015, RAJASTHAN, 8, JAIPUR, 93, JAMWA RAMGARH, 1272, ROOPWAS, 38471, 1174027, Fisheries, 0, 0, 0, 0, 0, 0, 464000, 464000
2015, RAJASTHAN, 8, JAIPUR, 93, JAMWA RAMGARH, 1272, ROOPWAS, 38471, 1174027, Total, 0, 0, 0, 0, 0, 0, 1500542, 1500542
2015, RAJASTHAN, 8, JAIPUR, 93, JAMWA RAMGARH, 1272, SAIPURA, 38472, 1140777, Drinking water, 0, 0, 0, 0, 0, 0, 1855495, 1855495
2015, RAJASTHAN, 8, JAIPUR, 93, JAMWA RAMGARH, 1272, SAIPURA, 38472, 1140777, Total, 0, 0, 0, 0, 0, 0, 1855495, 1855495
2015, RAJASTHAN, 8, JAIPUR, 93, JAMWA RAMGARH, 1272, SAIWAR, 262427, 1175860, Drinking water, 0, 0, 0, 0, 0, 0, 1500000, 1500000
2015, RAJASTHAN, 8, JAIPUR, 93, JAMWA RAMGARH, 1272, SAIWAR, 262427, 1175860, Sanitation, 0, 0, 0, 0, 0, 0, 140787, 140787
2015, RAJASTHAN, 8, JAIPUR, 93, JAMWA RAMGARH, 1272, SAIWAR, 262427, 1175860, Total, 0, 0, 0, 0, 0, 0, 1640787, 1640787
2015, RAJASTHAN, 8, JAIPUR, 93, JAMWA RAMGARH, 1272, SAMRED KALLAN, 38473, 1140641, Drinking water, 0, 0, 0, 0, 0, 0, 721921, 721921
2015, RAJASTHAN, 8, JAIPUR, 93, JAMWA RAMGARH, 1272, SAMRED KALLAN, 38473, 1140641, Sanitation, 0, 0, 0, 0, 0, 0, 75000, 75000
2015, RAJASTHAN, 8, JAIPUR, 93, JAMWA RAMGARH, 1272, SAMRED KALLAN, 38473, 1140641, Total, 0, 0, 0, 0, 0, 0, 796921, 796921
2015, RAJASTHAN, 8, JAIPUR, 93, JAMWA RAMGARH, 1272, SANKOTADA, 38474, 1140671, Drinking water, 0, 0, 0, 0, 0, 0, 364130, 364130
2015, RAJASTHAN, 8, JAIPUR, 93, JAMWA RAMGARH, 1272, SANKOTADA, 38474, 1140671, Roads, 0, 0, 0, 0, 0, 0, 500000, 500000
2015, RAJASTHAN, 8, JAIPUR, 93, JAMWA RAMGARH, 1272, SANKOTADA, 38474, 1140671, Total, 0, 0, 0, 0, 0, 0, 864130, 864130
2015, RAJASTHAN, 8, JAIPUR, 93, JAMWA RAMGARH, 1272, TALA, 38475, 1175075, Drinking water, 0, 0, 0, 0, 0, 0, 2286114, 2286114
2015, RAJASTHAN, 8, JAIPUR, 93, JAMWA RAMGARH, 1272, TALA, 38475, 1175075, Total, 0, 0, 0, 0, 0, 0, 2286114, 2286114
2015, RAJASTHAN, 8, JAIPUR, 93, JAMWA RAMGARH, 1272, THALI, 38476, 1140624, Drinking water, 0, 0, 0, 0, 0, 0, 1302583, 1302583
2015, RAJASTHAN, 8, JAIPUR, 93, JAMWA RAMGARH, 1272, THALI, 38476, 1140624, Minor forest produce, 0, 0, 0, 0, 0, 0, 50000, 50000
2015, RAJASTHAN, 8, JAIPUR, 93, JAMWA RAMGARH, 1272, THALI, 38476, 1140624, Total, 0, 0, 0, 0, 0, 0, 1352583, 1352583
2015, RAJASTHAN, 8, JAIPUR, 93, JAMWA RAMGARH, 1272, THOLAI, 38477, 1173476, Drinking water, 0, 0, 0, 0, 0, 0, 1042000, 1042000
2015, RAJASTHAN, 8, JAIPUR, 93, JAMWA RAMGARH, 1272, THOLAI, 38477, 1173476, Sanitation, 0, 0, 0, 0, 0, 0, 401000, 401000
2015, RAJASTHAN, 8, JAIPUR, 93, JAMWA RAMGARH, 1272, THOLAI, 38477, 1173476, Total, 0, 0, 0, 0, 0, 0, 1443000, 1443000
2015, RAJASTHAN, 8, JAIPUR, 93, JAMWA RAMGARH, 1272, TODAMEENA, 38478, 1140760, Drinking water, 0, 0, 0, 0, 0, 0, 977187, 977187
2015, RAJASTHAN, 8, JAIPUR, 93, JAMWA RAMGARH, 1272, TODAMEENA, 38478, 1140760, Total, 0, 0, 0, 0, 0, 0, 977187, 977187
2015, RAJASTHAN, 8, JAIPUR, 93, JHOTWARA, 1273, BEGUS, 38479, 1114907, Total, 0, 0, 0, 0, 0, 0, 300000, 300000
2015, RAJASTHAN, 8, JAIPUR, 93, JHOTWARA, 1273, BEGUS, 38479, 1114907, Tribal Welfare, 0, 0, 0, 0, 0, 0, 300000, 300000
2015, RAJASTHAN, 8, JAIPUR, 93, JHOTWARA, 1273, BHAMBHORI, 38480, 1113569, Drinking water, 0, 0, 0, 0, 0, 0, 220000, 220000
2015, RAJASTHAN, 8, JAIPUR, 93, JHOTWARA, 1273, BHAMBHORI, 38480, 1113569, Maintenance of community system, 0, 0, 0, 0, 0, 0, 832820, 832820
2015, RAJASTHAN, 8, JAIPUR, 93, JHOTWARA, 1273, BHAMBHORI, 38480, 1113569, Total, 0, 0, 0, 0, 0, 0, 1052820, 1052820
2015, RAJASTHAN, 8, JAIPUR, 93, JHOTWARA, 1273, BOYTAWALA, 262413, 1114960, Drinking water, 0, 0, 0, 0, 0, 0, 100000, 100000
2015, RAJASTHAN, 8, JAIPUR, 93, JHOTWARA, 1273, BOYTAWALA, 262413, 1114960, Total, 0, 0, 0, 0, 0, 0, 100000, 100000
2015, RAJASTHAN, 8, JAIPUR, 93, JHOTWARA, 1273, DHANKYA, 38481, 1113600, Drinking water, 0, 0, 0, 0, 0, 0, 485000, 485000
2015, RAJASTHAN, 8, JAIPUR, 93, JHOTWARA, 1273, DHANKYA, 38481, 1113600, Total, 0, 0, 0, 0, 0, 0, 485000, 485000
2015, RAJASTHAN, 8, JAIPUR, 93, JHOTWARA, 1273, DURJANIYAWAS, 38482, 1115036, Social welfare, 0, 0, 0, 0, 0, 0, 1000000, 1000000
2015, RAJASTHAN, 8, JAIPUR, 93, JHOTWARA, 1273, DURJANIYAWAS, 38482, 1115036, Total, 0, 0, 0, 0, 0, 0, 1000000, 1000000
2015, RAJASTHAN, 8, JAIPUR, 93, JHOTWARA, 1273, FATEHPURA, 262329, 1115060, Maintenance of community system, 0, 0, 0, 0, 0, 0, 500000, 500000
2015, RAJASTHAN, 8, JAIPUR, 93, JHOTWARA, 1273, FATEHPURA, 262329, 1115060, Total, 0, 0, 0, 0, 0, 0, 500000, 500000
2015, RAJASTHAN, 8, JAIPUR, 93, JHOTWARA, 1273, HATHOJ, 38483, 1113606, Total, 0, 0, 0, 0, 0, 0, 530000, 530000
2015, RAJASTHAN, 8, JAIPUR, 93, JHOTWARA, 1273, HATHOJ, 38483, 1113606, Women and child development, 0, 0, 0, 0, 0, 0, 530000, 530000
2015, RAJASTHAN, 8, JAIPUR, 93, JHOTWARA, 1273, KALWAR, 38484, 1115166, Health, 0, 0, 0, 0, 0, 0, 500000, 500000
2015, RAJASTHAN, 8, JAIPUR, 93, JHOTWARA, 1273, KALWAR, 38484, 1115166, Total, 0, 0, 0, 0, 0, 0, 500000, 500000
2015, RAJASTHAN, 8, JAIPUR, 93, JHOTWARA, 1273, MACHAWA, 38485, 1115190, Maintenance of community system, 0, 0, 0, 0, 0, 0, 550000, 550000
2015, RAJASTHAN, 8, JAIPUR, 93, JHOTWARA, 1273, MACHAWA, 38485, 1115190, Total, 0, 0, 0, 0, 0, 0, 550000, 550000
2015, RAJASTHAN, 8, JAIPUR, 93, JHOTWARA, 1273, MANDHA BHOPAWAS, 262323, 1115217, Roads, 0, 0, 0, 0, 0, 0, 900000, 900000
2015, RAJASTHAN, 8, JAIPUR, 93, JHOTWARA, 1273, MANDHA BHOPAWAS, 262323, 1115217, Total, 0, 0, 0, 0, 0, 0, 900000, 900000
2015, RAJASTHAN, 8, JAIPUR, 93, JHOTWARA, 1273, MUNDIYA RAMSAR, 38486, 1115246, Social welfare, 0, 0, 0, 0, 0, 0, 150000, 150000
2015, RAJASTHAN, 8, JAIPUR, 93, JHOTWARA, 1273, MUNDIYA RAMSAR, 38486, 1115246, Total, 0, 0, 0, 0, 0, 0, 150000, 150000
2015, RAJASTHAN, 8, JAIPUR, 93, JHOTWARA, 1273, NIMEDA, 38487, 1115277, Social welfare, 0, 0, 0, 0, 0, 0, 350000, 350000
2015, RAJASTHAN, 8, JAIPUR, 93, JHOTWARA, 1273, NIMEDA, 38487, 1115277, Total, 0, 0, 0, 0, 0, 0, 350000, 350000
2015, RAJASTHAN, 8, JAIPUR, 93, JHOTWARA, 1273, NIWAROO, 38488, 1115305, Drinking water, 0, 0, 0, 0, 0, 0, 580000, 580000
2015, RAJASTHAN, 8, JAIPUR, 93, JHOTWARA, 1273, NIWAROO, 38488, 1115305, Total, 0, 0, 0, 0, 0, 0, 580000, 580000
2015, RAJASTHAN, 8, JAIPUR, 93, JHOTWARA, 1273, PACHAR, 38489, 1115352, Social welfare, 0, 0, 0, 0, 0, 0, 300000, 300000
2015, RAJASTHAN, 8, JAIPUR, 93, JHOTWARA, 1273, PACHAR, 38489, 1115352, Total, 0, 0, 0, 0, 0, 0, 300000, 300000
2015, RAJASTHAN, 8, JAIPUR, 93, JHOTWARA, 1273, PEETHAWAS, 262327, 1115392, Sanitation, 0, 0, 0, 0, 0, 0, 400000, 400000
2015, RAJASTHAN, 8, JAIPUR, 93, JHOTWARA, 1273, PEETHAWAS, 262327, 1115392, Total, 0, 0, 0, 0, 0, 0, 400000, 400000
2015, RAJASTHAN, 8, JAIPUR, 93, JHOTWARA, 1273, SARNA CHOUR, 38490, 1113611, Drinking water, 0, 0, 0, 0, 0, 0, 460000, 460000
2015, RAJASTHAN, 8, JAIPUR, 93, JHOTWARA, 1273, SARNA CHOUR, 38490, 1113611, Health, 0, 0, 0, 0, 0, 0, 100000, 100000
2015, RAJASTHAN, 8, JAIPUR, 93, JHOTWARA, 1273, SARNA CHOUR, 38490, 1113611, Total, 0, 0, 0, 0, 0, 0, 560000, 560000
2015, RAJASTHAN, 8, JAIPUR, 93, JHOTWARA, 1273, SARNA DOONGAR, 38491, 1115441, Sanitation, 0, 0, 0, 0, 0, 0, 500000, 500000
2015, RAJASTHAN, 8, JAIPUR, 93, JHOTWARA, 1273, SARNA DOONGAR, 38491, 1115441, Total, 0, 0, 0, 0, 0, 0, 500000, 500000
2015, RAJASTHAN, 8, JAIPUR, 93, KOTPUTLI, 1274, AMAI, 262305, 1168845, Roads, 0, 0, 0, 0, 0, 0, 500000, 500000
2015, RAJASTHAN, 8, JAIPUR, 93, KOTPUTLI, 1274, AMAI, 262305, 1168845, Total, 0, 0, 0, 0, 0, 0, 500000, 500000
2015, RAJASTHAN, 8, JAIPUR, 93, KOTPUTLI, 1274, BANAR, 38495, 1150192, Cultural activities, 0, 0, 0, 0, 0, 0, 72196, 72196
2015, RAJASTHAN, 8, JAIPUR, 93, KOTPUTLI, 1274, BANAR, 38495, 1150192, Roads, 0, 0, 0, 0, 0, 0, 423702, 423702
2015, RAJASTHAN, 8, JAIPUR, 93, KOTPUTLI, 1274, BANAR, 38495, 1150192, Total, 0, 0, 0, 0, 0, 0, 495898, 495898
2015, RAJASTHAN, 8, JAIPUR, 93, KOTPUTLI, 1274, BANETHI, 38496, 1154787, Drinking water, 0, 0, 0, 0, 0, 0, 36800, 36800
2015, RAJASTHAN, 8, JAIPUR, 93, KOTPUTLI, 1274, BANETHI, 38496, 1154787, Non-conventional energy sources, 0, 0, 0, 0, 0, 0, 42808, 42808
2015, RAJASTHAN, 8, JAIPUR, 93, KOTPUTLI, 1274, BANETHI, 38496, 1154787, Roads, 0, 0, 0, 0, 0, 0, 764055, 764055
2015, RAJASTHAN, 8, JAIPUR, 93, KOTPUTLI, 1274, BANETHI, 38496, 1154787, Total, 0, 0, 0, 0, 0, 0, 843663, 843663
2015, RAJASTHAN, 8, JAIPUR, 93, KOTPUTLI, 1274, BASAI, 262301, 1183931, Roads, 0, 0, 0, 0, 0, 0, 1000000, 1000000
2015, RAJASTHAN, 8, JAIPUR, 93, KOTPUTLI, 1274, BASAI, 262301, 1183931, Total, 0, 0, 0, 0, 0, 0, 1000000, 1000000
2015, RAJASTHAN, 8, JAIPUR, 93, KOTPUTLI, 1274, BHALOJI, 38498, 1143469, Drinking water, 0, 0, 0, 0, 0, 0, 172936, 172936
2015, RAJASTHAN, 8, JAIPUR, 93, KOTPUTLI, 1274, BHALOJI, 38498, 1143469, Public distribution system, 0, 0, 0, 0, 0, 0, 79920, 79920
2015, RAJASTHAN, 8, JAIPUR, 93, KOTPUTLI, 1274, BHALOJI, 38498, 1143469, Roads, 0, 0, 0, 0, 0, 0, 2667904, 2667904
2015, RAJASTHAN, 8, JAIPUR, 93, KOTPUTLI, 1274, BHALOJI, 38498, 1143469, Total, 0, 0, 0, 0, 0, 0, 2920760, 2920760
2015, RAJASTHAN, 8, JAIPUR, 93, KOTPUTLI, 1274, CHATURBHUJ, 38502, 1154734, Cultural activities, 0, 0, 0, 0, 0, 0, 191375, 191375
2015, RAJASTHAN, 8, JAIPUR, 93, KOTPUTLI, 1274, CHATURBHUJ, 38502, 1154734, Drinking water, 0, 0, 0, 0, 0, 0, 846756, 846756
2015, RAJASTHAN, 8, JAIPUR, 93, KOTPUTLI, 1274, CHATURBHUJ, 38502, 1154734, Public distribution system, 0, 0, 0, 0, 0, 0, 120377, 120377
2015, RAJASTHAN, 8, JAIPUR, 93, KOTPUTLI, 1274, CHATURBHUJ, 38502, 1154734, Roads, 0, 0, 0, 0, 0, 0, 2595397, 2595397
2015, RAJASTHAN, 8, JAIPUR, 93, KOTPUTLI, 1274, CHATURBHUJ, 38502, 1154734, Total, 0, 0, 0, 0, 0, 0, 3753905, 3753905
2015, RAJASTHAN, 8, JAIPUR, 93, KOTPUTLI, 1274, CHIMANPURA, 38503, 1154471, Cultural activities, 0, 0, 0, 0, 0, 0, 24890, 24890
2015, RAJASTHAN, 8, JAIPUR, 93, KOTPUTLI, 1274, CHIMANPURA, 38503, 1154471, Drinking water, 0, 0, 0, 0, 0, 0, 321079, 321079
2015, RAJASTHAN, 8, JAIPUR, 93, KOTPUTLI, 1274, CHIMANPURA, 38503, 1154471, Poverty allevation programme, 0, 0, 0, 0, 0, 0, 228583, 228583
2015, RAJASTHAN, 8, JAIPUR, 93, KOTPUTLI, 1274, CHIMANPURA, 38503, 1154471, Roads, 0, 0, 0, 0, 0, 0, 1552402, 1552402
2015, RAJASTHAN, 8, JAIPUR, 93, KOTPUTLI, 1274, CHIMANPURA, 38503, 1154471, Total, 0, 0, 0, 0, 0, 0, 2126954, 2126954
2015, RAJASTHAN, 8, JAIPUR, 93, KOTPUTLI, 1274, DEOTA, 38505, 1154832, Roads, 0, 0, 0, 0, 0, 0, 377613, 377613
2015, RAJASTHAN, 8, JAIPUR, 93, KOTPUTLI, 1274, DEOTA, 38505, 1154832, Total, 0, 0, 0, 0, 0, 0, 377613, 377613
2015, RAJASTHAN, 8, JAIPUR, 93, KOTPUTLI, 1274, GONEDA, 38508, 1154877, Cultural activities, 0, 0, 0, 0, 0, 0, 818100, 818100
2015, RAJASTHAN, 8, JAIPUR, 93, KOTPUTLI, 1274, GONEDA, 38508, 1154877, Drinking water, 0, 0, 0, 0, 0, 0, 249875, 249875
2015, RAJASTHAN, 8, JAIPUR, 93, KOTPUTLI, 1274, GONEDA, 38508, 1154877, Roads, 0, 0, 0, 0, 0, 0, 1449377, 1449377
2015, RAJASTHAN, 8, JAIPUR, 93, KOTPUTLI, 1274, GONEDA, 38508, 1154877, Total, 0, 0, 0, 0, 0, 0, 2517352, 2517352
2015, RAJASTHAN, 8, JAIPUR, 93, KOTPUTLI, 1274, GOPALPURA, 38509, 1154503, Cultural activities, 0, 0, 0, 0, 0, 0, 386525, 386525
2015, RAJASTHAN, 8, JAIPUR, 93, KOTPUTLI, 1274, GOPALPURA, 38509, 1154503, Roads, 0, 0, 0, 0, 0, 0, 851253, 851253
2015, RAJASTHAN, 8, JAIPUR, 93, KOTPUTLI, 1274, GOPALPURA, 38509, 1154503, Total, 0, 0, 0, 0, 0, 0, 1237778, 1237778
2015, RAJASTHAN, 8, JAIPUR, 93, KOTPUTLI, 1274, GORDHANPURA, 38510, 1162062, Cultural activities, 0, 0, 0, 0, 0, 0, 334411, 334411
2015, RAJASTHAN, 8, JAIPUR, 93, KOTPUTLI, 1274, GORDHANPURA, 38510, 1162062, Drinking water, 0, 0, 0, 0, 0, 0, 706139, 706139
2015, RAJASTHAN, 8, JAIPUR, 93, KOTPUTLI, 1274, GORDHANPURA, 38510, 1162062, Roads, 0, 0, 0, 0, 0, 0, 1456560, 1456560
2015, RAJASTHAN, 8, JAIPUR, 93, KOTPUTLI, 1274, GORDHANPURA, 38510, 1162062, Total, 0, 0, 0, 0, 0, 0, 2497110, 2497110
2015, RAJASTHAN, 8, JAIPUR, 93, KOTPUTLI, 1274, JAI SINGHPURA, 38511, 1167648, Cultural activities, 0, 0, 0, 0, 0, 0, 57150, 57150
2015, RAJASTHAN, 8, JAIPUR, 93, KOTPUTLI, 1274, JAI SINGHPURA, 38511, 1167648, Drinking water, 0, 0, 0, 0, 0, 0, 192837, 192837
2015, RAJASTHAN, 8, JAIPUR, 93, KOTPUTLI, 1274, JAI SINGHPURA, 38511, 1167648, Roads, 0, 0, 0, 0, 0, 0, 2276922, 2276922
2015, RAJASTHAN, 8, JAIPUR, 93, KOTPUTLI, 1274, JAI SINGHPURA, 38511, 1167648, Total, 0, 0, 0, 0, 0, 0, 2526909, 2526909
2015, RAJASTHAN, 8, JAIPUR, 93, KOTPUTLI, 1274, KALYANPURA KALAN, 38512, 1162103, Roads, 0, 0, 0, 0, 0, 0, 2220327, 2220327
2015, RAJASTHAN, 8, JAIPUR, 93, KOTPUTLI, 1274, KALYANPURA KALAN, 38512, 1162103, Total, 0, 0, 0, 0, 0, 0, 2220327, 2220327
2015, RAJASTHAN, 8, JAIPUR, 93, KOTPUTLI, 1274, KALYANPURA KHURD, 38513, 1162067, Cultural activities, 0, 0, 0, 0, 0, 0, 207197, 207197
2015, RAJASTHAN, 8, JAIPUR, 93, KOTPUTLI, 1274, KALYANPURA KHURD, 38513, 1162067, Drinking water, 0, 0, 0, 0, 0, 0, 179379, 179379
2015, RAJASTHAN, 8, JAIPUR, 93, KOTPUTLI, 1274, KALYANPURA KHURD, 38513, 1162067, Total, 0, 0, 0, 0, 0, 0, 386576, 386576
2015, RAJASTHAN, 8, JAIPUR, 93, KOTPUTLI, 1274, KANSLI, 38514, 1168840, Drinking water, 0, 0, 0, 0, 0, 0, 225979, 225979
2015, RAJASTHAN, 8, JAIPUR, 93, KOTPUTLI, 1274, KANSLI, 38514, 1168840, Roads, 0, 0, 0, 0, 0, 0, 2352118, 2352118
2015, RAJASTHAN, 8, JAIPUR, 93, KOTPUTLI, 1274, KANSLI, 38514, 1168840, Total, 0, 0, 0, 0, 0, 0, 2578097, 2578097
2015, RAJASTHAN, 8, JAIPUR, 93, KOTPUTLI, 1274, KANWARPURA, 38515, 1160976, Cultural activities, 0, 0, 0, 0, 0, 0, 461897, 461897
2015, RAJASTHAN, 8, JAIPUR, 93, KOTPUTLI, 1274, KANWARPURA, 38515, 1160976, Roads, 0, 0, 0, 0, 0, 0, 1147800, 1147800
2015, RAJASTHAN, 8, JAIPUR, 93, KOTPUTLI, 1274, KANWARPURA, 38515, 1160976, Total, 0, 0, 0, 0, 0, 0, 1609697, 1609697
2015, RAJASTHAN, 8, JAIPUR, 93, KOTPUTLI, 1274, KESHWANA RAJPUT, 38517, 1154551, Cultural activities, 0, 0, 0, 0, 0, 0, 378687, 378687
2015, RAJASTHAN, 8, JAIPUR, 93, KOTPUTLI, 1274, KESHWANA RAJPUT, 38517, 1154551, Drinking water, 0, 0, 0, 0, 0, 0, 1187480, 1187480
2015, RAJASTHAN, 8, JAIPUR, 93, KOTPUTLI, 1274, KESHWANA RAJPUT, 38517, 1154551, Roads, 0, 0, 0, 0, 0, 0, 187363, 187363
2015, RAJASTHAN, 8, JAIPUR, 93, KOTPUTLI, 1274, KESHWANA RAJPUT, 38517, 1154551, Total, 0, 0, 0, 0, 0, 0, 1753530, 1753530
2015, RAJASTHAN, 8, JAIPUR, 93, KOTPUTLI, 1274, KHADAB, 38518, 1162134, Roads, 0, 0, 0, 0, 0, 0, 1484482, 1484482
2015, RAJASTHAN, 8, JAIPUR, 93, KOTPUTLI, 1274, KHADAB, 38518, 1162134, Total, 0, 0, 0, 0, 0, 0, 1484482, 1484482
2015, RAJASTHAN, 8, JAIPUR, 93, KOTPUTLI, 1274, KHERKI VEERBHAN, 262316, 1160995, Drinking water, 0, 0, 0, 0, 0, 0, 280357, 280357
2015, RAJASTHAN, 8, JAIPUR, 93, KOTPUTLI, 1274, KHERKI VEERBHAN, 262316, 1160995, Maintenance of community system, 0, 0, 0, 0, 0, 0, 39119, 39119
2015, RAJASTHAN, 8, JAIPUR, 93, KOTPUTLI, 1274, KHERKI VEERBHAN, 262316, 1160995, Total, 0, 0, 0, 0, 0, 0, 319476, 319476
2015, RAJASTHAN, 8, JAIPUR, 93, KOTPUTLI, 1274, KOOJOTA, 38519, 1162179, Cultural activities, 0, 0, 0, 0, 0, 0, 7743, 7743
2015, RAJASTHAN, 8, JAIPUR, 93, KOTPUTLI, 1274, KOOJOTA, 38519, 1162179, Non-conventional energy sources, 0, 0, 0, 0, 0, 0, 163585, 163585
2015, RAJASTHAN, 8, JAIPUR, 93, KOTPUTLI, 1274, KOOJOTA, 38519, 1162179, Roads, 0, 0, 0, 0, 0, 0, 1443911, 1443911
2015, RAJASTHAN, 8, JAIPUR, 93, KOTPUTLI, 1274, KOOJOTA, 38519, 1162179, Total, 0, 0, 0, 0, 0, 0, 1615239, 1615239
2015, RAJASTHAN, 8, JAIPUR, 93, KOTPUTLI, 1274, MOHANPURA, 38520, 1162190, Cultural activities, 0, 0, 0, 0, 0, 0, 12000, 12000
2015, RAJASTHAN, 8, JAIPUR, 93, KOTPUTLI, 1274, MOHANPURA, 38520, 1162190, Roads, 0, 0, 0, 0, 0, 0, 1297402, 1297402
2015, RAJASTHAN, 8, JAIPUR, 93, KOTPUTLI, 1274, MOHANPURA, 38520, 1162190, Rural housing, 0, 0, 0, 0, 0, 0, 49980, 49980
2015, RAJASTHAN, 8, JAIPUR, 93, KOTPUTLI, 1274, MOHANPURA, 38520, 1162190, Total, 0, 0, 0, 0, 0, 0, 1359382, 1359382
2015, RAJASTHAN, 8, JAIPUR, 93, KOTPUTLI, 1274, MOLAHERA, 262310, 1143477, Cultural activities, 0, 0, 0, 0, 0, 0, 45000, 45000
2015, RAJASTHAN, 8, JAIPUR, 93, KOTPUTLI, 1274, MOLAHERA, 262310, 1143477, Public distribution system, 0, 0, 0, 0, 0, 0, 72360, 72360
2015, RAJASTHAN, 8, JAIPUR, 93, KOTPUTLI, 1274, MOLAHERA, 262310, 1143477, Roads, 0, 0, 0, 0, 0, 0, 501957, 501957
2015, RAJASTHAN, 8, JAIPUR, 93, KOTPUTLI, 1274, MOLAHERA, 262310, 1143477, Total, 0, 0, 0, 0, 0, 0, 619317, 619317
2015, RAJASTHAN, 8, JAIPUR, 93, KOTPUTLI, 1274, NANGAL PANDITPURA, 38521, 1167634, Cultural activities, 0, 0, 0, 0, 0, 0, 146815, 146815
2015, RAJASTHAN, 8, JAIPUR, 93, KOTPUTLI, 1274, NANGAL PANDITPURA, 38521, 1167634, Roads, 0, 0, 0, 0, 0, 0, 1294288, 1294288
2015, RAJASTHAN, 8, JAIPUR, 93, KOTPUTLI, 1274, NANGAL PANDITPURA, 38521, 1167634, Total, 0, 0, 0, 0, 0, 0, 1441103, 1441103
2015, RAJASTHAN, 8, JAIPUR, 93, KOTPUTLI, 1274, NAREDA, 38522, 1167622, Cultural activities, 0, 0, 0, 0, 0, 0, 106660, 106660
2015, RAJASTHAN, 8, JAIPUR, 93, KOTPUTLI, 1274, NAREDA, 38522, 1167622, Roads, 0, 0, 0, 0, 0, 0, 2851382, 2851382
2015, RAJASTHAN, 8, JAIPUR, 93, KOTPUTLI, 1274, NAREDA, 38522, 1167622, Rural housing, 0, 0, 0, 0, 0, 0, 361806, 361806
2015, RAJASTHAN, 8, JAIPUR, 93, KOTPUTLI, 1274, NAREDA, 38522, 1167622, Total, 0, 0, 0, 0, 0, 0, 3319848, 3319848
2015, RAJASTHAN, 8, JAIPUR, 93, KOTPUTLI, 1274, PANIYALA, 38524, 1162112, Cultural activities, 0, 0, 0, 0, 0, 0, 22940, 22940
2015, RAJASTHAN, 8, JAIPUR, 93, KOTPUTLI, 1274, PANIYALA, 38524, 1162112, Drinking water, 0, 0, 0, 0, 0, 0, 321940, 321940
2015, RAJASTHAN, 8, JAIPUR, 93, KOTPUTLI, 1274, PANIYALA, 38524, 1162112, Non-conventional energy sources, 0, 0, 0, 0, 0, 0, 21598, 21598
2015, RAJASTHAN, 8, JAIPUR, 93, KOTPUTLI, 1274, PANIYALA, 38524, 1162112, Roads, 0, 0, 0, 0, 0, 0, 362409, 362409
2015, RAJASTHAN, 8, JAIPUR, 93, KOTPUTLI, 1274, PANIYALA, 38524, 1162112, Rural housing, 0, 0, 0, 0, 0, 0, 558406, 558406
2015, RAJASTHAN, 8, JAIPUR, 93, KOTPUTLI, 1274, PANIYALA, 38524, 1162112, Total, 0, 0, 0, 0, 0, 0, 1287293, 1287293
2015, RAJASTHAN, 8, JAIPUR, 93, KOTPUTLI, 1274, RAIKARANPURA, 38527, 1149918, Cultural activities, 0, 0, 0, 0, 0, 0, 55000, 55000
2015, RAJASTHAN, 8, JAIPUR, 93, KOTPUTLI, 1274, RAIKARANPURA, 38527, 1149918, Drinking water, 0, 0, 0, 0, 0, 0, 841594, 841594
2015, RAJASTHAN, 8, JAIPUR, 93, KOTPUTLI, 1274, RAIKARANPURA, 38527, 1149918, Roads, 0, 0, 0, 0, 0, 0, 836789, 836789
2015, RAJASTHAN, 8, JAIPUR, 93, KOTPUTLI, 1274, RAIKARANPURA, 38527, 1149918, Total, 0, 0, 0, 0, 0, 0, 1733383, 1733383
2015, RAJASTHAN, 8, JAIPUR, 93, KOTPUTLI, 1274, RAMSINGHPURA, 38529, 1168257, Cultural activities, 0, 0, 0, 0, 0, 0, 1619741, 1619741
2015, RAJASTHAN, 8, JAIPUR, 93, KOTPUTLI, 1274, RAMSINGHPURA, 38529, 1168257, Drinking water, 0, 0, 0, 0, 0, 0, 230530, 230530
2015, RAJASTHAN, 8, JAIPUR, 93, KOTPUTLI, 1274, RAMSINGHPURA, 38529, 1168257, Roads, 0, 0, 0, 0, 0, 0, 3447700, 3447700
2015, RAJASTHAN, 8, JAIPUR, 93, KOTPUTLI, 1274, RAMSINGHPURA, 38529, 1168257, Rural housing, 0, 0, 0, 0, 0, 0, 950000, 950000
2015, RAJASTHAN, 8, JAIPUR, 93, KOTPUTLI, 1274, RAMSINGHPURA, 38529, 1168257, Total, 0, 0, 0, 0, 0, 0, 6247971, 6247971
2015, RAJASTHAN, 8, JAIPUR, 93, KOTPUTLI, 1274, SANGTERA, 38530, 1143507, Drinking water, 0, 0, 0, 0, 0, 0, 821954, 821954
2015, RAJASTHAN, 8, JAIPUR, 93, KOTPUTLI, 1274, SANGTERA, 38530, 1143507, Roads, 0, 0, 0, 0, 0, 0, 1627711, 1627711
2015, RAJASTHAN, 8, JAIPUR, 93, KOTPUTLI, 1274, SANGTERA, 38530, 1143507, Total, 0, 0, 0, 0, 0, 0, 2449665, 2449665
2015, RAJASTHAN, 8, JAIPUR, 93, KOTPUTLI, 1274, SAROOND, 38531, 1155491, Cultural activities, 0, 0, 0, 0, 0, 0, 786366, 786366
2015, RAJASTHAN, 8, JAIPUR, 93, KOTPUTLI, 1274, SAROOND, 38531, 1155491, Drinking water, 0, 0, 0, 0, 0, 0, 244300, 244300
2015, RAJASTHAN, 8, JAIPUR, 93, KOTPUTLI, 1274, SAROOND, 38531, 1155491, Roads, 0, 0, 0, 0, 0, 0, 1580135, 1580135
2015, RAJASTHAN, 8, JAIPUR, 93, KOTPUTLI, 1274, SAROOND, 38531, 1155491, Total, 0, 0, 0, 0, 0, 0, 2610801, 2610801
2015, RAJASTHAN, 8, JAIPUR, 93, KOTPUTLI, 1274, SHUKLAWAS, 38532, 1168792, Cultural activities, 0, 0, 0, 0, 0, 0, 857520, 857520
2015, RAJASTHAN, 8, JAIPUR, 93, KOTPUTLI, 1274, SHUKLAWAS, 38532, 1168792, Roads, 0, 0, 0, 0, 0, 0, 732514, 732514
2015, RAJASTHAN, 8, JAIPUR, 93, KOTPUTLI, 1274, SHUKLAWAS, 38532, 1168792, Total, 0, 0, 0, 0, 0, 0, 1590034, 1590034
2015, RAJASTHAN, 8, JAIPUR, 93, KOTPUTLI, 1274, SUNDARPURA, 38534, 1155415, Cultural activities, 0, 0, 0, 0, 0, 0, 445263, 445263
2015, RAJASTHAN, 8, JAIPUR, 93, KOTPUTLI, 1274, SUNDARPURA, 38534, 1155415, Roads, 0, 0, 0, 0, 0, 0, 249919, 249919
2015, RAJASTHAN, 8, JAIPUR, 93, KOTPUTLI, 1274, SUNDARPURA, 38534, 1155415, Total, 0, 0, 0, 0, 0, 0, 695182, 695182
2015, RAJASTHAN, 8, JAIPUR, 93, PAOTA, 262104, BARNAGAR, 38673, 1177853, Drinking water, 0, 0, 0, 0, 0, 0, 104534, 104534
2015, RAJASTHAN, 8, JAIPUR, 93, PAOTA, 262104, BARNAGAR, 38673, 1177853, Roads, 0, 0, 0, 0, 0, 0, 2082911, 2082911
2015, RAJASTHAN, 8, JAIPUR, 93, PAOTA, 262104, BARNAGAR, 38673, 1177853, Total, 0, 0, 0, 0, 0, 0, 2187445, 2187445
2015, RAJASTHAN, 8, JAIPUR, 93, PAOTA, 262104, BHAINSLANA, 38497, 1199705, Roads, 0, 0, 0, 0, 0, 0, 500000, 500000
2015, RAJASTHAN, 8, JAIPUR, 93, PAOTA, 262104, BHAINSLANA, 38497, 1199705, Total, 0, 0, 0, 0, 0, 0, 500000, 500000
2015, RAJASTHAN, 8, JAIPUR, 93, PAOTA, 262104, BHANKARI, 38677, 1184188, Roads, 0, 0, 0, 0, 0, 0, 822185, 822185
2015, RAJASTHAN, 8, JAIPUR, 93, PAOTA, 262104, BHANKARI, 38677, 1184188, Rural electrification, 0, 0, 0, 0, 0, 0, 33077, 33077
2015, RAJASTHAN, 8, JAIPUR, 93, PAOTA, 262104, BHANKARI, 38677, 1184188, Total, 0, 0, 0, 0, 0, 0, 855262, 855262
2015, RAJASTHAN, 8, JAIPUR, 93, PAOTA, 262104, BHONAWAS, 38499, 1181339, Drinking water, 0, 0, 0, 0, 0, 0, 316713, 316713
2015, RAJASTHAN, 8, JAIPUR, 93, PAOTA, 262104, BHONAWAS, 38499, 1181339, Roads, 0, 0, 0, 0, 0, 0, 723293, 723293
2015, RAJASTHAN, 8, JAIPUR, 93, PAOTA, 262104, BHONAWAS, 38499, 1181339, Sanitation, 0, 0, 0, 0, 0, 0, 220589, 220589
2015, RAJASTHAN, 8, JAIPUR, 93, PAOTA, 262104, BHONAWAS, 38499, 1181339, Total, 0, 0, 0, 0, 0, 0, 1260595, 1260595
2015, RAJASTHAN, 8, JAIPUR, 93, PAOTA, 262104, BHUCHARA, 38500, 1181360, Administrative & Technical Support, 0, 0, 0, 0, 0, 0, 115544, 115544
2015, RAJASTHAN, 8, JAIPUR, 93, PAOTA, 262104, BHUCHARA, 38500, 1181360, Drinking water, 0, 0, 0, 0, 0, 0, 7780, 7780
2015, RAJASTHAN, 8, JAIPUR, 93, PAOTA, 262104, BHUCHARA, 38500, 1181360, Roads, 0, 0, 0, 0, 0, 0, 14700, 14700
2015, RAJASTHAN, 8, JAIPUR, 93, PAOTA, 262104, BHUCHARA, 38500, 1181360, Rural electrification, 0, 0, 0, 0, 0, 0, 259027, 259027
2015, RAJASTHAN, 8, JAIPUR, 93, PAOTA, 262104, BHUCHARA, 38500, 1181360, Total, 0, 0, 0, 0, 0, 0, 397051, 397051
2015, RAJASTHAN, 8, JAIPUR, 93, PAOTA, 262104, BHURI BHARAJ, 38501, 1174514, Administrative & Technical Support, 0, 0, 0, 0, 0, 0, 158978, 158978
2015, RAJASTHAN, 8, JAIPUR, 93, PAOTA, 262104, BHURI BHARAJ, 38501, 1174514, Drinking water, 0, 0, 0, 0, 0, 0, 161320, 161320
2015, RAJASTHAN, 8, JAIPUR, 93, PAOTA, 262104, BHURI BHARAJ, 38501, 1174514, Health, 0, 0, 0, 0, 0, 0, 4600, 4600
2015, RAJASTHAN, 8, JAIPUR, 93, PAOTA, 262104, BHURI BHARAJ, 38501, 1174514, Roads, 0, 0, 0, 0, 0, 0, 1886074, 1886074
2015, RAJASTHAN, 8, JAIPUR, 93, PAOTA, 262104, BHURI BHARAJ, 38501, 1174514, Rural electrification, 0, 0, 0, 0, 0, 0, 99129, 99129
2015, RAJASTHAN, 8, JAIPUR, 93, PAOTA, 262104, BHURI BHARAJ, 38501, 1174514, Total, 0, 0, 0, 0, 0, 0, 2310101, 2310101
2015, RAJASTHAN, 8, JAIPUR, 93, PAOTA, 262104, DANTIL, 38504, 1171563, Drinking water, 0, 0, 0, 0, 0, 0, 345759, 345759
2015, RAJASTHAN, 8, JAIPUR, 93, PAOTA, 262104, DANTIL, 38504, 1171563, Family welfare, 0, 0, 0, 0, 0, 0, 536711, 536711
2015, RAJASTHAN, 8, JAIPUR, 93, PAOTA, 262104, DANTIL, 38504, 1171563, Poverty allevation programme, 0, 0, 0, 0, 0, 0, 324351, 324351
2015, RAJASTHAN, 8, JAIPUR, 93, PAOTA, 262104, DANTIL, 38504, 1171563, Roads, 0, 0, 0, 0, 0, 0, 447656, 447656
2015, RAJASTHAN, 8, JAIPUR, 93, PAOTA, 262104, DANTIL, 38504, 1171563, Total, 0, 0, 0, 0, 0, 0, 1654477, 1654477
2015, RAJASTHAN, 8, JAIPUR, 93, PAOTA, 262104, DWARIKA PURA, 38506, 1163870, Administrative & Technical Support, 0, 0, 0, 0, 0, 0, 164914, 164914
2015, RAJASTHAN, 8, JAIPUR, 93, PAOTA, 262104, DWARIKA PURA, 38506, 1163870, Drinking water, 0, 0, 0, 0, 0, 0, 115727, 115727
2015, RAJASTHAN, 8, JAIPUR, 93, PAOTA, 262104, DWARIKA PURA, 38506, 1163870, Roads, 0, 0, 0, 0, 0, 0, 355473, 355473
2015, RAJASTHAN, 8, JAIPUR, 93, PAOTA, 262104, DWARIKA PURA, 38506, 1163870, Social welfare, 0, 0, 0, 0, 0, 0, 34647, 34647
2015, RAJASTHAN, 8, JAIPUR, 93, PAOTA, 262104, DWARIKA PURA, 38506, 1163870, Total, 0, 0, 0, 0, 0, 0, 1150997, 1150997
2015, RAJASTHAN, 8, JAIPUR, 93, PAOTA, 262104, DWARIKA PURA, 38506, 1163870, Women and child development, 0, 0, 0, 0, 0, 0, 480236, 480236
2015, RAJASTHAN, 8, JAIPUR, 93, PAOTA, 262104, FATEHPURA KHURD, 38507, 1171678, Administrative & Technical Support, 0, 0, 0, 0, 0, 0, 69550, 69550
2015, RAJASTHAN, 8, JAIPUR, 93, PAOTA, 262104, FATEHPURA KHURD, 38507, 1171678, Drinking water, 0, 0, 0, 0, 0, 0, 29345, 29345
2015, RAJASTHAN, 8, JAIPUR, 93, PAOTA, 262104, FATEHPURA KHURD, 38507, 1171678, Maintenance of community system, 0, 0, 0, 0, 0, 0, 41205, 41205
2015, RAJASTHAN, 8, JAIPUR, 93, PAOTA, 262104, FATEHPURA KHURD, 38507, 1171678, Roads, 0, 0, 0, 0, 0, 0, 497804, 497804
2015, RAJASTHAN, 8, JAIPUR, 93, PAOTA, 262104, FATEHPURA KHURD, 38507, 1171678, Rural electrification, 0, 0, 0, 0, 0, 0, 527675, 527675
2015, RAJASTHAN, 8, JAIPUR, 93, PAOTA, 262104, FATEHPURA KHURD, 38507, 1171678, Total, 0, 0, 0, 0, 0, 0, 1165579, 1165579
2015, RAJASTHAN, 8, JAIPUR, 93, PAOTA, 262104, JODHPURA, 38685, 1173812, Administrative & Technical Support, 0, 0, 0, 0, 0, 0, 10000, 10000
2015, RAJASTHAN, 8, JAIPUR, 93, PAOTA, 262104, JODHPURA, 38685, 1173812, Cultural activities, 0, 0, 0, 0, 0, 0, 53948, 53948
2015, RAJASTHAN, 8, JAIPUR, 93, PAOTA, 262104, JODHPURA, 38685, 1173812, Drinking water, 0, 0, 0, 0, 0, 0, 279396, 279396
2015, RAJASTHAN, 8, JAIPUR, 93, PAOTA, 262104, JODHPURA, 38685, 1173812, Maintenance of community system, 0, 0, 0, 0, 0, 0, 7035, 7035
2015, RAJASTHAN, 8, JAIPUR, 93, PAOTA, 262104, JODHPURA, 38685, 1173812, Public distribution system, 0, 0, 0, 0, 0, 0, 22000, 22000
2015, RAJASTHAN, 8, JAIPUR, 93, PAOTA, 262104, JODHPURA, 38685, 1173812, Roads, 0, 0, 0, 0, 0, 0, 987098, 987098
2015, RAJASTHAN, 8, JAIPUR, 93, PAOTA, 262104, JODHPURA, 38685, 1173812, Rural electrification, 0, 0, 0, 0, 0, 0, 167765, 167765
2015, RAJASTHAN, 8, JAIPUR, 93, PAOTA, 262104, JODHPURA, 38685, 1173812, Social welfare, 0, 0, 0, 0, 0, 0, 42042, 42042
2015, RAJASTHAN, 8, JAIPUR, 93, PAOTA, 262104, JODHPURA, 38685, 1173812, Total, 0, 0, 0, 0, 0, 0, 1569284, 1569284
2015, RAJASTHAN, 8, JAIPUR, 93, PAOTA, 262104, KAROLI, 38516, 1174857, Administrative & Technical Support, 0, 0, 0, 0, 0, 0, 22100, 22100
2015, RAJASTHAN, 8, JAIPUR, 93, PAOTA, 262104, KAROLI, 38516, 1174857, Cultural activities, 0, 0, 0, 0, 0, 0, 8000, 8000
2015, RAJASTHAN, 8, JAIPUR, 93, PAOTA, 262104, KAROLI, 38516, 1174857, Drinking water, 0, 0, 0, 0, 0, 0, 264592, 264592
2015, RAJASTHAN, 8, JAIPUR, 93, PAOTA, 262104, KAROLI, 38516, 1174857, Roads, 0, 0, 0, 0, 0, 0, 1086084, 1086084
2015, RAJASTHAN, 8, JAIPUR, 93, PAOTA, 262104, KAROLI, 38516, 1174857, Rural electrification, 0, 0, 0, 0, 0, 0, 68474, 68474
2015, RAJASTHAN, 8, JAIPUR, 93, PAOTA, 262104, KAROLI, 38516, 1174857, Total, 0, 0, 0, 0, 0, 0, 1449250, 1449250
2015, RAJASTHAN, 8, JAIPUR, 93, PAOTA, 262104, KHELANA, 38687, 1151716, Drinking water, 0, 0, 0, 0, 0, 0, 1021119, 1021119
2015, RAJASTHAN, 8, JAIPUR, 93, PAOTA, 262104, KHELANA, 38687, 1151716, Roads, 0, 0, 0, 0, 0, 0, 1000556, 1000556
2015, RAJASTHAN, 8, JAIPUR, 93, PAOTA, 262104, KHELANA, 38687, 1151716, Total, 0, 0, 0, 0, 0, 0, 2021675, 2021675
2015, RAJASTHAN, 8, JAIPUR, 93, PAOTA, 262104, KOONER, 38688, 1173261, Administrative & Technical Support, 0, 0, 0, 0, 0, 0, 39350, 39350
2015, RAJASTHAN, 8, JAIPUR, 93, PAOTA, 262104, KOONER, 38688, 1173261, Drinking water, 0, 0, 0, 0, 0, 0, 281526, 281526
2015, RAJASTHAN, 8, JAIPUR, 93, PAOTA, 262104, KOONER, 38688, 1173261, Roads, 0, 0, 0, 0, 0, 0, 1886052, 1886052
2015, RAJASTHAN, 8, JAIPUR, 93, PAOTA, 262104, KOONER, 38688, 1173261, Rural electrification, 0, 0, 0, 0, 0, 0, 314523, 314523
2015, RAJASTHAN, 8, JAIPUR, 93, PAOTA, 262104, KOONER, 38688, 1173261, Total, 0, 0, 0, 0, 0, 0, 2612726, 2612726
2015, RAJASTHAN, 8, JAIPUR, 93, PAOTA, 262104, KOONER, 38688, 1173261, Welfare of the weaker sections, 0, 0, 0, 0, 0, 0, 91275, 91275
2015, RAJASTHAN, 8, JAIPUR, 93, PAOTA, 262104, LADA KA BAS, 262499, 1171643, Drinking water, 0, 0, 0, 0, 0, 0, 505664, 505664
2015, RAJASTHAN, 8, JAIPUR, 93, PAOTA, 262104, LADA KA BAS, 262499, 1171643, Roads, 0, 0, 0, 0, 0, 0, 407796, 407796
2015, RAJASTHAN, 8, JAIPUR, 93, PAOTA, 262104, LADA KA BAS, 262499, 1171643, Total, 0, 0, 0, 0, 0, 0, 913460, 913460
2015, RAJASTHAN, 8, JAIPUR, 93, PAOTA, 262104, MANDHA, 38691, 1176007, Public distribution system, 0, 0, 0, 0, 0, 0, 86066, 86066
2015, RAJASTHAN, 8, JAIPUR, 93, PAOTA, 262104, MANDHA, 38691, 1176007, Roads, 0, 0, 0, 0, 0, 0, 310185, 310185
2015, RAJASTHAN, 8, JAIPUR, 93, PAOTA, 262104, MANDHA, 38691, 1176007, Total, 0, 0, 0, 0, 0, 0, 396251, 396251
2015, RAJASTHAN, 8, JAIPUR, 93, PAOTA, 262104, PANCHUDALA, 38694, 1184260, Administrative & Technical Support, 0, 0, 0, 0, 0, 0, 175523, 175523
2015, RAJASTHAN, 8, JAIPUR, 93, PAOTA, 262104, PANCHUDALA, 38694, 1184260, Cultural activities, 0, 0, 0, 0, 0, 0, 45864, 45864
2015, RAJASTHAN, 8, JAIPUR, 93, PAOTA, 262104, PANCHUDALA, 38694, 1184260, Drinking water, 0, 0, 0, 0, 0, 0, 406780, 406780
2015, RAJASTHAN, 8, JAIPUR, 93, PAOTA, 262104, PANCHUDALA, 38694, 1184260, Roads, 0, 0, 0, 0, 0, 0, 962727, 962727
2015, RAJASTHAN, 8, JAIPUR, 93, PAOTA, 262104, PANCHUDALA, 38694, 1184260, Rural electrification, 0, 0, 0, 0, 0, 0, 490777, 490777
2015, RAJASTHAN, 8, JAIPUR, 93, PAOTA, 262104, PANCHUDALA, 38694, 1184260, Rural housing, 0, 0, 0, 0, 0, 0, 10000, 10000
2015, RAJASTHAN, 8, JAIPUR, 93, PAOTA, 262104, PANCHUDALA, 38694, 1184260, Social welfare, 0, 0, 0, 0, 0, 0, 184020, 184020
2015, RAJASTHAN, 8, JAIPUR, 93, PAOTA, 262104, PANCHUDALA, 38694, 1184260, Total, 0, 0, 0, 0, 0, 0, 2275691, 2275691
2015, RAJASTHAN, 8, JAIPUR, 93, PAOTA, 262104, PANDITPURA, 38523, 1174310, Administrative & Technical Support, 0, 0, 0, 0, 0, 0, 132940, 132940
2015, RAJASTHAN, 8, JAIPUR, 93, PAOTA, 262104, PANDITPURA, 38523, 1174310, Drinking water, 0, 0, 0, 0, 0, 0, 266008, 266008
2015, RAJASTHAN, 8, JAIPUR, 93, PAOTA, 262104, PANDITPURA, 38523, 1174310, Libraries, 0, 0, 0, 0, 0, 0, 11224, 11224
2015, RAJASTHAN, 8, JAIPUR, 93, PAOTA, 262104, PANDITPURA, 38523, 1174310, Roads, 0, 0, 0, 0, 0, 0, 1081228, 1081228
2015, RAJASTHAN, 8, JAIPUR, 93, PAOTA, 262104, PANDITPURA, 38523, 1174310, Rural electrification, 0, 0, 0, 0, 0, 0, 8000, 8000
2015, RAJASTHAN, 8, JAIPUR, 93, PAOTA, 262104, PANDITPURA, 38523, 1174310, Total, 0, 0, 0, 0, 0, 0, 1499400, 1499400
2015, RAJASTHAN, 8, JAIPUR, 93, PAOTA, 262104, PAOTA, 38696, 1173428, Administrative & Technical Support, 0, 0, 0, 0, 0, 0, 702779, 702779
2015, RAJASTHAN, 8, JAIPUR, 93, PAOTA, 262104, PAOTA, 38696, 1173428, Drinking water, 0, 0, 0, 0, 0, 0, 1266608, 1266608
2015, RAJASTHAN, 8, JAIPUR, 93, PAOTA, 262104, PAOTA, 38696, 1173428, Roads, 0, 0, 0, 0, 0, 0, 2388937, 2388937
2015, RAJASTHAN, 8, JAIPUR, 93, PAOTA, 262104, PAOTA, 38696, 1173428, Rural electrification, 0, 0, 0, 0, 0, 0, 399210, 399210
2015, RAJASTHAN, 8, JAIPUR, 93, PAOTA, 262104, PAOTA, 38696, 1173428, Social forestry and farm forestry, 0, 0, 0, 0, 0, 0, 197382, 197382
2015, RAJASTHAN, 8, JAIPUR, 93, PAOTA, 262104, PAOTA, 38696, 1173428, Total, 0, 0, 0, 0, 0, 0, 4954916, 4954916
2015, RAJASTHAN, 8, JAIPUR, 93, PAOTA, 262104, PATHAREDI, 38525, 1176104, Drinking water, 0, 0, 0, 0, 0, 0, 438457, 438457
2015, RAJASTHAN, 8, JAIPUR, 93, PAOTA, 262104, PATHAREDI, 38525, 1176104, Total, 0, 0, 0, 0, 0, 0, 438457, 438457
2015, RAJASTHAN, 8, JAIPUR, 93, PAOTA, 262104, PRAGPURA, 38697, 1183331, Administrative & Technical Support, 0, 0, 0, 0, 0, 0, 74774, 74774
2015, RAJASTHAN, 8, JAIPUR, 93, PAOTA, 262104, PRAGPURA, 38697, 1183331, Cultural activities, 0, 0, 0, 0, 0, 0, 43533, 43533
2015, RAJASTHAN, 8, JAIPUR, 93, PAOTA, 262104, PRAGPURA, 38697, 1183331, Drinking water, 0, 0, 0, 0, 0, 0, 4410, 4410
2015, RAJASTHAN, 8, JAIPUR, 93, PAOTA, 262104, PRAGPURA, 38697, 1183331, Maintenance of community system, 0, 0, 0, 0, 0, 0, 4123, 4123
2015, RAJASTHAN, 8, JAIPUR, 93, PAOTA, 262104, PRAGPURA, 38697, 1183331, Roads, 0, 0, 0, 0, 0, 0, 3203977, 3203977
2015, RAJASTHAN, 8, JAIPUR, 93, PAOTA, 262104, PRAGPURA, 38697, 1183331, Rural electrification, 0, 0, 0, 0, 0, 0, 101995, 101995
2015, RAJASTHAN, 8, JAIPUR, 93, PAOTA, 262104, PRAGPURA, 38697, 1183331, Total, 0, 0, 0, 0, 0, 0, 3432812, 3432812
2015, RAJASTHAN, 8, JAIPUR, 93, PAOTA, 262104, PURUSHOTTAMPURA, 38526, 1184105, Administrative & Technical Support, 0, 0, 0, 0, 0, 0, 50160, 50160
2015, RAJASTHAN, 8, JAIPUR, 93, PAOTA, 262104, PURUSHOTTAMPURA, 38526, 1184105, Drinking water, 0, 0, 0, 0, 0, 0, 95000, 95000
2015, RAJASTHAN, 8, JAIPUR, 93, PAOTA, 262104, PURUSHOTTAMPURA, 38526, 1184105, Roads, 0, 0, 0, 0, 0, 0, 688781, 688781
2015, RAJASTHAN, 8, JAIPUR, 93, PAOTA, 262104, PURUSHOTTAMPURA, 38526, 1184105, Total, 0, 0, 0, 0, 0, 0, 833941, 833941
2015, RAJASTHAN, 8, JAIPUR, 93, PAOTA, 262104, RAJNOTA, 38528, 1185936, Administrative & Technical Support, 0, 0, 0, 0, 0, 0, 26500, 26500
2015, RAJASTHAN, 8, JAIPUR, 93, PAOTA, 262104, RAJNOTA, 38528, 1185936, Cultural activities, 0, 0, 0, 0, 0, 0, 20875, 20875
2015, RAJASTHAN, 8, JAIPUR, 93, PAOTA, 262104, RAJNOTA, 38528, 1185936, Drinking water, 0, 0, 0, 0, 0, 0, 2633830, 2633830
2015, RAJASTHAN, 8, JAIPUR, 93, PAOTA, 262104, RAJNOTA, 38528, 1185936, Maintenance of community system, 0, 0, 0, 0, 0, 0, 6145, 6145
2015, RAJASTHAN, 8, JAIPUR, 93, PAOTA, 262104, RAJNOTA, 38528, 1185936, Rural electrification, 0, 0, 0, 0, 0, 0, 200084, 200084
2015, RAJASTHAN, 8, JAIPUR, 93, PAOTA, 262104, RAJNOTA, 38528, 1185936, Technical training and vocational education, 0, 0, 0, 0, 0, 0, 9500, 9500
2015, RAJASTHAN, 8, JAIPUR, 93, PAOTA, 262104, RAJNOTA, 38528, 1185936, Total, 0, 0, 0, 0, 0, 0, 2896934, 2896934
2015, RAJASTHAN, 8, JAIPUR, 93, PAOTA, 262104, SUDARPURA DHADHA, 38533, 1174199, Administrative & Technical Support, 0, 0, 0, 0, 0, 0, 207575, 207575
2015, RAJASTHAN, 8, JAIPUR, 93, PAOTA, 262104, SUDARPURA DHADHA, 38533, 1174199, Drinking water, 0, 0, 0, 0, 0, 0, 351282, 351282
2015, RAJASTHAN, 8, JAIPUR, 93, PAOTA, 262104, SUDARPURA DHADHA, 38533, 1174199, Roads, 0, 0, 0, 0, 0, 0, 557270, 557270
2015, RAJASTHAN, 8, JAIPUR, 93, PAOTA, 262104, SUDARPURA DHADHA, 38533, 1174199, Sanitation, 0, 0, 0, 0, 0, 0, 508236, 508236
2015, RAJASTHAN, 8, JAIPUR, 93, PAOTA, 262104, SUDARPURA DHADHA, 38533, 1174199, Total, 0, 0, 0, 0, 0, 0, 1624363, 1624363
2015, RAJASTHAN, 8, JAIPUR, 93, PAOTA, 262104, TASKOLA, 38535, 1185993, Administrative & Technical Support, 0, 0, 0, 0, 0, 0, 46700, 46700
2015, RAJASTHAN, 8, JAIPUR, 93, PAOTA, 262104, TASKOLA, 38535, 1185993, Roads, 0, 0, 0, 0, 0, 0, 518088, 518088
2015, RAJASTHAN, 8, JAIPUR, 93, PAOTA, 262104, TASKOLA, 38535, 1185993, Total, 0, 0, 0, 0, 0, 0, 564788, 564788
2015, RAJASTHAN, 8, JAIPUR, 93, PAOTA, 262104, TORDA GUJRAN, 38536, 1173118, Drinking water, 0, 0, 0, 0, 0, 0, 1006397, 1006397
2015, RAJASTHAN, 8, JAIPUR, 93, PAOTA, 262104, TORDA GUJRAN, 38536, 1173118, Roads, 0, 0, 0, 0, 0, 0, 2727203, 2727203
2015, RAJASTHAN, 8, JAIPUR, 93, PAOTA, 262104, TORDA GUJRAN, 38536, 1173118, Sanitation, 0, 0, 0, 0, 0, 0, 247969, 247969
2015, RAJASTHAN, 8, JAIPUR, 93, PAOTA, 262104, TORDA GUJRAN, 38536, 1173118, Total, 0, 0, 0, 0, 0, 0, 3981569, 3981569
2015, RAJASTHAN, 8, JAIPUR, 93, PAOTA, 262104, TULSI PURA, 38703, 1171511, Drinking water, 0, 0, 0, 0, 0, 0, 270893, 270893
2015, RAJASTHAN, 8, JAIPUR, 93, PAOTA, 262104, TULSI PURA, 38703, 1171511, Land improvement, 0, 0, 0, 0, 0, 0, 1064, 1064
2015, RAJASTHAN, 8, JAIPUR, 93, PAOTA, 262104, TULSI PURA, 38703, 1171511, Roads, 0, 0, 0, 0, 0, 0, 1524413, 1524413
2015, RAJASTHAN, 8, JAIPUR, 93, PAOTA, 262104, TULSI PURA, 38703, 1171511, Total, 0, 0, 0, 0, 0, 0, 1796370, 1796370
2015, RAJASTHAN, 8, JAIPUR, 93, PAOTA, 262104, VEER TAJAJI NAGAR, 262504, 1171007, Administrative & Technical Support, 0, 0, 0, 0, 0, 0, 104700, 104700
2015, RAJASTHAN, 8, JAIPUR, 93, PAOTA, 262104, VEER TAJAJI NAGAR, 262504, 1171007, Cultural activities, 0, 0, 0, 0, 0, 0, 9000, 9000
2015, RAJASTHAN, 8, JAIPUR, 93, PAOTA, 262104, VEER TAJAJI NAGAR, 262504, 1171007, Drinking water, 0, 0, 0, 0, 0, 0, 51817, 51817
2015, RAJASTHAN, 8, JAIPUR, 93, PAOTA, 262104, VEER TAJAJI NAGAR, 262504, 1171007, Roads, 0, 0, 0, 0, 0, 0, 134645, 134645
2015, RAJASTHAN, 8, JAIPUR, 93, PAOTA, 262104, VEER TAJAJI NAGAR, 262504, 1171007, Rural electrification, 0, 0, 0, 0, 0, 0, 52063, 52063
2015, RAJASTHAN, 8, JAIPUR, 93, PAOTA, 262104, VEER TAJAJI NAGAR, 262504, 1171007, Social welfare, 0, 0, 0, 0, 0, 0, 26029, 26029
2015, RAJASTHAN, 8, JAIPUR, 93, PAOTA, 262104, VEER TAJAJI NAGAR, 262504, 1171007, Total, 0, 0, 0, 0, 0, 0, 378254, 378254
2015, RAJASTHAN, 8, JAIPUR, 93, PHAGI, 1275, BHANKAROTA, 38537, 1138307, Drinking water, 0, 0, 0, 0, 0, 0, 61348, 61348
2015, RAJASTHAN, 8, JAIPUR, 93, PHAGI, 1275, BHANKAROTA, 38537, 1138307, Sanitation, 0, 0, 0, 0, 0, 0, 104159, 104159
2015, RAJASTHAN, 8, JAIPUR, 93, PHAGI, 1275, BHANKAROTA, 38537, 1138307, Total, 0, 0, 0, 0, 0, 0, 165507, 165507
2015, RAJASTHAN, 8, JAIPUR, 93, PHAGI, 1275, CHAKWARA, 38538, 1195032, Roads, 0, 0, 0, 0, 0, 0, 1673520, 1673520
2015, RAJASTHAN, 8, JAIPUR, 93, PHAGI, 1275, CHAKWARA, 38538, 1195032, Sanitation, 0, 0, 0, 0, 0, 0, 172300, 172300
2015, RAJASTHAN, 8, JAIPUR, 93, PHAGI, 1275, CHAKWARA, 38538, 1195032, Total, 0, 0, 0, 0, 0, 0, 1845820, 1845820
2015, RAJASTHAN, 8, JAIPUR, 93, PHAGI, 1275, CHANDAMA KALAN, 38539, 1176466, Sanitation, 0, 0, 0, 0, 0, 0, 259781, 259781
2015, RAJASTHAN, 8, JAIPUR, 93, PHAGI, 1275, CHANDAMA KALAN, 38539, 1176466, Total, 0, 0, 0, 0, 0, 0, 259781, 259781
2015, RAJASTHAN, 8, JAIPUR, 93, PHAGI, 1275, CHITTORA, 38540, 1139603, Sanitation, 0, 0, 0, 0, 0, 0, 584183, 584183
2015, RAJASTHAN, 8, JAIPUR, 93, PHAGI, 1275, CHITTORA, 38540, 1139603, Total, 0, 0, 0, 0, 0, 0, 584183, 584183
2015, RAJASTHAN, 8, JAIPUR, 93, PHAGI, 1275, CHOURU, 38541, 1185897, Drinking water, 0, 0, 0, 0, 0, 0, 346405, 346405
2015, RAJASTHAN, 8, JAIPUR, 93, PHAGI, 1275, CHOURU, 38541, 1185897, Total, 0, 0, 0, 0, 0, 0, 346405, 346405
2015, RAJASTHAN, 8, JAIPUR, 93, PHAGI, 1275, DABICH, 38542, 1175589, Roads, 0, 0, 0, 0, 0, 0, 1065920, 1065920
2015, RAJASTHAN, 8, JAIPUR, 93, PHAGI, 1275, DABICH, 38542, 1175589, Total, 0, 0, 0, 0, 0, 0, 1065920, 1065920
2015, RAJASTHAN, 8, JAIPUR, 93, PHAGI, 1275, DIDAWATA, 38543, 1190737, Roads, 0, 0, 0, 0, 0, 0, 790177, 790177
2015, RAJASTHAN, 8, JAIPUR, 93, PHAGI, 1275, DIDAWATA, 38543, 1190737, Sanitation, 0, 0, 0, 0, 0, 0, 244112, 244112
2015, RAJASTHAN, 8, JAIPUR, 93, PHAGI, 1275, DIDAWATA, 38543, 1190737, Total, 0, 0, 0, 0, 0, 0, 1034289, 1034289
2015, RAJASTHAN, 8, JAIPUR, 93, PHAGI, 1275, DOSARA, 38544, 1136135, Drinking water, 0, 0, 0, 0, 0, 0, 245905, 245905
2015, RAJASTHAN, 8, JAIPUR, 93, PHAGI, 1275, DOSARA, 38544, 1136135, Roads, 0, 0, 0, 0, 0, 0, 741511, 741511
2015, RAJASTHAN, 8, JAIPUR, 93, PHAGI, 1275, DOSARA, 38544, 1136135, Sanitation, 0, 0, 0, 0, 0, 0, 234319, 234319
2015, RAJASTHAN, 8, JAIPUR, 93, PHAGI, 1275, DOSARA, 38544, 1136135, Total, 0, 0, 0, 0, 0, 0, 1221735, 1221735
2015, RAJASTHAN, 8, JAIPUR, 93, PHAGI, 1275, GOHANDI, 38545, 1171365, Sanitation, 0, 0, 0, 0, 0, 0, 259781, 259781
2015, RAJASTHAN, 8, JAIPUR, 93, PHAGI, 1275, GOHANDI, 38545, 1171365, Total, 0, 0, 0, 0, 0, 0, 259781, 259781
2015, RAJASTHAN, 8, JAIPUR, 93, PHAGI, 1275, HARSULIYA, 38546, 1188680, Roads, 0, 0, 0, 0, 0, 0, 512227, 512227
2015, RAJASTHAN, 8, JAIPUR, 93, PHAGI, 1275, HARSULIYA, 38546, 1188680, Total, 0, 0, 0, 0, 0, 0, 512227, 512227
2015, RAJASTHAN, 8, JAIPUR, 93, PHAGI, 1275, JHADALA, 38547, 1167956, Drinking water, 0, 0, 0, 0, 0, 0, 75000, 75000
2015, RAJASTHAN, 8, JAIPUR, 93, PHAGI, 1275, JHADALA, 38547, 1167956, Sanitation, 0, 0, 0, 0, 0, 0, 560000, 560000
2015, RAJASTHAN, 8, JAIPUR, 93, PHAGI, 1275, JHADALA, 38547, 1167956, Total, 0, 0, 0, 0, 0, 0, 635000, 635000
2015, RAJASTHAN, 8, JAIPUR, 93, PHAGI, 1275, KISHORPURA, 38549, 1197785, Health, 0, 0, 0, 0, 0, 0, 11999, 11999
2015, RAJASTHAN, 8, JAIPUR, 93, PHAGI, 1275, KISHORPURA, 38549, 1197785, Roads, 0, 0, 0, 0, 0, 0, 1677443, 1677443
2015, RAJASTHAN, 8, JAIPUR, 93, PHAGI, 1275, KISHORPURA, 38549, 1197785, Total, 0, 0, 0, 0, 0, 0, 1689442, 1689442
2015, RAJASTHAN, 8, JAIPUR, 93, PHAGI, 1275, LADANA, 38550, 1188930, Sanitation, 0, 0, 0, 0, 0, 0, 423167, 423167
2015, RAJASTHAN, 8, JAIPUR, 93, PHAGI, 1275, LADANA, 38550, 1188930, Total, 0, 0, 0, 0, 0, 0, 423167, 423167
2015, RAJASTHAN, 8, JAIPUR, 93, PHAGI, 1275, LASADIYA, 38551, 1188983, Roads, 0, 0, 0, 0, 0, 0, 222706, 222706
2015, RAJASTHAN, 8, JAIPUR, 93, PHAGI, 1275, LASADIYA, 38551, 1188983, Sanitation, 0, 0, 0, 0, 0, 0, 274224, 274224
2015, RAJASTHAN, 8, JAIPUR, 93, PHAGI, 1275, LASADIYA, 38551, 1188983, Total, 0, 0, 0, 0, 0, 0, 496930, 496930
2015, RAJASTHAN, 8, JAIPUR, 93, PHAGI, 1275, MANDAWARI, 38554, 1184808, Roads, 0, 0, 0, 0, 0, 0, 1348202, 1348202
2015, RAJASTHAN, 8, JAIPUR, 93, PHAGI, 1275, MANDAWARI, 38554, 1184808, Total, 0, 0, 0, 0, 0, 0, 1348202, 1348202
2015, RAJASTHAN, 8, JAIPUR, 93, PHAGI, 1275, MANDI, 38555, 1190681, Sanitation, 0, 0, 0, 0, 0, 0, 35902, 35902
2015, RAJASTHAN, 8, JAIPUR, 93, PHAGI, 1275, MANDI, 38555, 1190681, Total, 0, 0, 0, 0, 0, 0, 35902, 35902
2015, RAJASTHAN, 8, JAIPUR, 93, PHAGI, 1275, MANDOR, 38553, 1176468, Sanitation, 0, 0, 0, 0, 0, 0, 106604, 106604
2015, RAJASTHAN, 8, JAIPUR, 93, PHAGI, 1275, MANDOR, 38553, 1176468, Total, 0, 0, 0, 0, 0, 0, 106604, 106604
2015, RAJASTHAN, 8, JAIPUR, 93, PHAGI, 1275, MENDWAS, 38556, 1172024, Sanitation, 0, 0, 0, 0, 0, 0, 20828, 20828
2015, RAJASTHAN, 8, JAIPUR, 93, PHAGI, 1275, MENDWAS, 38556, 1172024, Total, 0, 0, 0, 0, 0, 0, 20828, 20828
2015, RAJASTHAN, 8, JAIPUR, 93, PHAGI, 1275, MOHABBATPURA, 38557, 1188732, Health, 0, 0, 0, 0, 0, 0, 200000, 200000
2015, RAJASTHAN, 8, JAIPUR, 93, PHAGI, 1275, MOHABBATPURA, 38557, 1188732, Roads, 0, 0, 0, 0, 0, 0, 198534, 198534
2015, RAJASTHAN, 8, JAIPUR, 93, PHAGI, 1275, MOHABBATPURA, 38557, 1188732, Total, 0, 0, 0, 0, 0, 0, 398534, 398534
2015, RAJASTHAN, 8, JAIPUR, 93, PHAGI, 1275, MOHANPURA PRITHWISINGH, 262251, 1186211, Sanitation, 0, 0, 0, 0, 0, 0, 226176, 226176
2015, RAJASTHAN, 8, JAIPUR, 93, PHAGI, 1275, MOHANPURA PRITHWISINGH, 262251, 1186211, Total, 0, 0, 0, 0, 0, 0, 226176, 226176
2015, RAJASTHAN, 8, JAIPUR, 93, PHAGI, 1275, NAREDA, 38558, 1194330, Roads, 0, 0, 0, 0, 0, 0, 1223106, 1223106
2015, RAJASTHAN, 8, JAIPUR, 93, PHAGI, 1275, NAREDA, 38558, 1194330, Sanitation, 0, 0, 0, 0, 0, 0, 16527, 16527
2015, RAJASTHAN, 8, JAIPUR, 93, PHAGI, 1275, NAREDA, 38558, 1194330, Total, 0, 0, 0, 0, 0, 0, 1239633, 1239633
2015, RAJASTHAN, 8, JAIPUR, 93, PHAGI, 1275, NEEMERA, 38559, 1176342, Sanitation, 0, 0, 0, 0, 0, 0, 134840, 134840
2015, RAJASTHAN, 8, JAIPUR, 93, PHAGI, 1275, NEEMERA, 38559, 1176342, Total, 0, 0, 0, 0, 0, 0, 134840, 134840
2015, RAJASTHAN, 8, JAIPUR, 93, PHAGI, 1275, PACHALA, 38560, 1185598, Roads, 0, 0, 0, 0, 0, 0, 200000, 200000
2015, RAJASTHAN, 8, JAIPUR, 93, PHAGI, 1275, PACHALA, 38560, 1185598, Sanitation, 0, 0, 0, 0, 0, 0, 675000, 675000
2015, RAJASTHAN, 8, JAIPUR, 93, PHAGI, 1275, PACHALA, 38560, 1185598, Total, 0, 0, 0, 0, 0, 0, 875000, 875000
2015, RAJASTHAN, 8, JAIPUR, 93, PHAGI, 1275, PARWAN, 38562, 1188811, Roads, 0, 0, 0, 0, 0, 0, 2496521, 2496521
2015, RAJASTHAN, 8, JAIPUR, 93, PHAGI, 1275, PARWAN, 38562, 1188811, Sanitation, 0, 0, 0, 0, 0, 0, 99045, 99045
2015, RAJASTHAN, 8, JAIPUR, 93, PHAGI, 1275, PARWAN, 38562, 1188811, Total, 0, 0, 0, 0, 0, 0, 2595566, 2595566
2015, RAJASTHAN, 8, JAIPUR, 93, PHAGI, 1275, PIPALA, 38564, 1175609, Roads, 0, 0, 0, 0, 0, 0, 545259, 545259
2015, RAJASTHAN, 8, JAIPUR, 93, PHAGI, 1275, PIPALA, 38564, 1175609, Sanitation, 0, 0, 0, 0, 0, 0, 735590, 735590
2015, RAJASTHAN, 8, JAIPUR, 93, PHAGI, 1275, PIPALA, 38564, 1175609, Total, 0, 0, 0, 0, 0, 0, 1280849, 1280849
2015, RAJASTHAN, 8, JAIPUR, 93, PHAGI, 1275, RENWAL MAJI, 38565, 1179460, Health, 0, 0, 0, 0, 0, 0, 17000, 17000
2015, RAJASTHAN, 8, JAIPUR, 93, PHAGI, 1275, RENWAL MAJI, 38565, 1179460, Roads, 0, 0, 0, 0, 0, 0, 733327, 733327
2015, RAJASTHAN, 8, JAIPUR, 93, PHAGI, 1275, RENWAL MAJI, 38565, 1179460, Sanitation, 0, 0, 0, 0, 0, 0, 1648687, 1648687
2015, RAJASTHAN, 8, JAIPUR, 93, PHAGI, 1275, RENWAL MAJI, 38565, 1179460, Total, 0, 0, 0, 0, 0, 0, 2399014, 2399014
2015, RAJASTHAN, 8, JAIPUR, 93, PHAGI, 1275, ROTWARA, 38566, 1176454, Sanitation, 0, 0, 0, 0, 0, 0, 117116, 117116
2015, RAJASTHAN, 8, JAIPUR, 93, PHAGI, 1275, ROTWARA, 38566, 1176454, Total, 0, 0, 0, 0, 0, 0, 117116, 117116
2015, RAJASTHAN, 8, JAIPUR, 93, PHAGI, 1275, SAWAI JAI SINGH PURA, 38567, 1188757, Roads, 0, 0, 0, 0, 0, 0, 1000000, 1000000
2015, RAJASTHAN, 8, JAIPUR, 93, PHAGI, 1275, SAWAI JAI SINGH PURA, 38567, 1188757, Total, 0, 0, 0, 0, 0, 0, 1000000, 1000000
2015, RAJASTHAN, 8, JAIPUR, 93, SAMBHAR, 1276, ANANTPURA, 38568, 1158666, Drinking water, 0, 0, 0, 0, 0, 0, 100000, 100000
2015, RAJASTHAN, 8, JAIPUR, 93, SAMBHAR, 1276, ANANTPURA, 38568, 1158666, Sanitation, 0, 0, 0, 0, 0, 0, 361855, 361855
2015, RAJASTHAN, 8, JAIPUR, 93, SAMBHAR, 1276, ANANTPURA, 38568, 1158666, Total, 0, 0, 0, 0, 0, 0, 461855, 461855
2015, RAJASTHAN, 8, JAIPUR, 93, SAMBHAR, 1276, BABER WALO KI DHANI, 38569, 1185668, Non-conventional energy sources, 0, 0, 0, 0, 0, 0, 268197, 268197
2015, RAJASTHAN, 8, JAIPUR, 93, SAMBHAR, 1276, BABER WALO KI DHANI, 38569, 1185668, Total, 0, 0, 0, 0, 0, 0, 268197, 268197
2015, RAJASTHAN, 8, JAIPUR, 93, SAMBHAR, 1276, BADHAL, 38570, 1179230, Drinking water, 0, 0, 0, 0, 0, 0, 95382, 95382
2015, RAJASTHAN, 8, JAIPUR, 93, SAMBHAR, 1276, BADHAL, 38570, 1179230, Total, 0, 0, 0, 0, 0, 0, 95382, 95382
2015, RAJASTHAN, 8, JAIPUR, 93, SAMBHAR, 1276, BAGAWAS, 38571, 1176738, Non-conventional energy sources, 0, 0, 0, 0, 0, 0, 40634, 40634
2015, RAJASTHAN, 8, JAIPUR, 93, SAMBHAR, 1276, BAGAWAS, 38571, 1176738, Total, 0, 0, 0, 0, 0, 0, 40634, 40634
2015, RAJASTHAN, 8, JAIPUR, 93, SAMBHAR, 1276, BASARI KHURD, 38572, 1156184, Drinking water, 0, 0, 0, 0, 0, 0, 1033528, 1033528
2015, RAJASTHAN, 8, JAIPUR, 93, SAMBHAR, 1276, BASARI KHURD, 38572, 1156184, Total, 0, 0, 0, 0, 0, 0, 1033528, 1033528
2015, RAJASTHAN, 8, JAIPUR, 93, SAMBHAR, 1276, BASSINAGA, 262464, 1138233, Roads, 0, 0, 0, 0, 0, 0, 674600, 674600
2015, RAJASTHAN, 8, JAIPUR, 93, SAMBHAR, 1276, BASSINAGA, 262464, 1138233, Total, 0, 0, 0, 0, 0, 0, 674600, 674600
2015, RAJASTHAN, 8, JAIPUR, 93, SAMBHAR, 1276, BHADWA, 38573, 1189897, Drinking water, 0, 0, 0, 0, 0, 0, 491905, 491905
2015, RAJASTHAN, 8, JAIPUR, 93, SAMBHAR, 1276, BHADWA, 38573, 1189897, Roads, 0, 0, 0, 0, 0, 0, 1284416, 1284416
2015, RAJASTHAN, 8, JAIPUR, 93, SAMBHAR, 1276, BHADWA, 38573, 1189897, Sanitation, 0, 0, 0, 0, 0, 0, 99992, 99992
2015, RAJASTHAN, 8, JAIPUR, 93, SAMBHAR, 1276, BHADWA, 38573, 1189897, Total, 0, 0, 0, 0, 0, 0, 1876313, 1876313
2015, RAJASTHAN, 8, JAIPUR, 93, SAMBHAR, 1276, BHAINSAWA, 38574, 1158647, Non-conventional energy sources, 0, 0, 0, 0, 0, 0, 472633, 472633
2015, RAJASTHAN, 8, JAIPUR, 93, SAMBHAR, 1276, BHAINSAWA, 38574, 1158647, Total, 0, 0, 0, 0, 0, 0, 472633, 472633
2015, RAJASTHAN, 8, JAIPUR, 93, SAMBHAR, 1276, BHAISLANA, 38575, 1160216, Roads, 0, 0, 0, 0, 0, 0, 1728984, 1728984
2015, RAJASTHAN, 8, JAIPUR, 93, SAMBHAR, 1276, BHAISLANA, 38575, 1160216, Total, 0, 0, 0, 0, 0, 0, 1728984, 1728984
2015, RAJASTHAN, 8, JAIPUR, 93, SAMBHAR, 1276, BHOJPURA KALAN, 38576, 1187433, Non-conventional energy sources, 0, 0, 0, 0, 0, 0, 279745, 279745
2015, RAJASTHAN, 8, JAIPUR, 93, SAMBHAR, 1276, BHOJPURA KALAN, 38576, 1187433, Total, 0, 0, 0, 0, 0, 0, 279745, 279745
2015, RAJASTHAN, 8, JAIPUR, 93, SAMBHAR, 1276, DEHRA, 38577, 1169449, Drinking water, 0, 0, 0, 0, 0, 0, 126751, 126751
2015, RAJASTHAN, 8, JAIPUR, 93, SAMBHAR, 1276, DEHRA, 38577, 1169449, Sanitation, 0, 0, 0, 0, 0, 0, 227814, 227814
2015, RAJASTHAN, 8, JAIPUR, 93, SAMBHAR, 1276, DEHRA, 38577, 1169449, Total, 0, 0, 0, 0, 0, 0, 354565, 354565
2015, RAJASTHAN, 8, JAIPUR, 93, SAMBHAR, 1276, DHANI NAGAN, 38578, 1177645, Drinking water, 0, 0, 0, 0, 0, 0, 27989, 27989
2015, RAJASTHAN, 8, JAIPUR, 93, SAMBHAR, 1276, DHANI NAGAN, 38578, 1177645, Non-conventional energy sources, 0, 0, 0, 0, 0, 0, 63200, 63200
2015, RAJASTHAN, 8, JAIPUR, 93, SAMBHAR, 1276, DHANI NAGAN, 38578, 1177645, Total, 0, 0, 0, 0, 0, 0, 91189, 91189
2015, RAJASTHAN, 8, JAIPUR, 93, SAMBHAR, 1276, DOONGARI KHURD, 38581, 1161274, Roads, 0, 0, 0, 0, 0, 0, 900000, 900000
2015, RAJASTHAN, 8, JAIPUR, 93, SAMBHAR, 1276, DOONGARI KHURD, 38581, 1161274, Sanitation, 0, 0, 0, 0, 0, 0, 479357, 479357
2015, RAJASTHAN, 8, JAIPUR, 93, SAMBHAR, 1276, DOONGARI KHURD, 38581, 1161274, Total, 0, 0, 0, 0, 0, 0, 1379357, 1379357
2015, RAJASTHAN, 8, JAIPUR, 93, SAMBHAR, 1276, DOONGARSI KA BAS, 38582, 1162382, Drinking water, 0, 0, 0, 0, 0, 0, 317118, 317118
2015, RAJASTHAN, 8, JAIPUR, 93, SAMBHAR, 1276, DOONGARSI KA BAS, 38582, 1162382, Total, 0, 0, 0, 0, 0, 0, 317118, 317118
2015, RAJASTHAN, 8, JAIPUR, 93, SAMBHAR, 1276, DOONGRI KALAN, 38580, 1188849, Non-conventional energy sources, 0, 0, 0, 0, 0, 0, 615582, 615582
2015, RAJASTHAN, 8, JAIPUR, 93, SAMBHAR, 1276, DOONGRI KALAN, 38580, 1188849, Total, 0, 0, 0, 0, 0, 0, 615582, 615582
2015, RAJASTHAN, 8, JAIPUR, 93, SAMBHAR, 1276, DYODI, 38579, 1177903, Roads, 0, 0, 0, 0, 0, 0, 593920, 593920
2015, RAJASTHAN, 8, JAIPUR, 93, SAMBHAR, 1276, DYODI, 38579, 1177903, Total, 0, 0, 0, 0, 0, 0, 593920, 593920
2015, RAJASTHAN, 8, JAIPUR, 93, SAMBHAR, 1276, HARSOLI, 38583, 1189951, Non-conventional energy sources, 0, 0, 0, 0, 0, 0, 110310, 110310
2015, RAJASTHAN, 8, JAIPUR, 93, SAMBHAR, 1276, HARSOLI, 38583, 1189951, Roads, 0, 0, 0, 0, 0, 0, 281917, 281917
2015, RAJASTHAN, 8, JAIPUR, 93, SAMBHAR, 1276, HARSOLI, 38583, 1189951, Total, 0, 0, 0, 0, 0, 0, 392227, 392227
2015, RAJASTHAN, 8, JAIPUR, 93, SAMBHAR, 1276, HINGONIYA, 38584, 1158678, Non-conventional energy sources, 0, 0, 0, 0, 0, 0, 500000, 500000
2015, RAJASTHAN, 8, JAIPUR, 93, SAMBHAR, 1276, HINGONIYA, 38584, 1158678, Sanitation, 0, 0, 0, 0, 0, 0, 1134523, 1134523
2015, RAJASTHAN, 8, JAIPUR, 93, SAMBHAR, 1276, HINGONIYA, 38584, 1158678, Total, 0, 0, 0, 0, 0, 0, 1634523, 1634523
2015, RAJASTHAN, 8, JAIPUR, 93, SAMBHAR, 1276, ITAWA, 38585, 1143907, Non-conventional energy sources, 0, 0, 0, 0, 0, 0, 352818, 352818
2015, RAJASTHAN, 8, JAIPUR, 93, SAMBHAR, 1276, ITAWA, 38585, 1143907, Total, 0, 0, 0, 0, 0, 0, 352818, 352818
2015, RAJASTHAN, 8, JAIPUR, 93, SAMBHAR, 1276, JAISINGH PURA, 38586, 1190843, Non-conventional energy sources, 0, 0, 0, 0, 0, 0, 470790, 470790
2015, RAJASTHAN, 8, JAIPUR, 93, SAMBHAR, 1276, JAISINGH PURA, 38586, 1190843, Total, 0, 0, 0, 0, 0, 0, 470790, 470790
2015, RAJASTHAN, 8, JAIPUR, 93, SAMBHAR, 1276, JORPURA  JOBNER, 38587, 1160840, Roads, 0, 0, 0, 0, 0, 0, 700000, 700000
2015, RAJASTHAN, 8, JAIPUR, 93, SAMBHAR, 1276, JORPURA  JOBNER, 38587, 1160840, Sanitation, 0, 0, 0, 0, 0, 0, 499566, 499566
2015, RAJASTHAN, 8, JAIPUR, 93, SAMBHAR, 1276, JORPURA  JOBNER, 38587, 1160840, Total, 0, 0, 0, 0, 0, 0, 1199566, 1199566
2015, RAJASTHAN, 8, JAIPUR, 93, SAMBHAR, 1276, JORPURA (Sundriwas), 38588, 1188868, Non-conventional energy sources, 0, 0, 0, 0, 0, 0, 80000, 80000
2015, RAJASTHAN, 8, JAIPUR, 93, SAMBHAR, 1276, JORPURA (Sundriwas), 38588, 1188868, Total, 0, 0, 0, 0, 0, 0, 80000, 80000
2015, RAJASTHAN, 8, JAIPUR, 93, SAMBHAR, 1276, KAJIPURA, 38589, 1159847, Roads, 0, 0, 0, 0, 0, 0, 240523, 240523
2015, RAJASTHAN, 8, JAIPUR, 93, SAMBHAR, 1276, KAJIPURA, 38589, 1159847, Sanitation, 0, 0, 0, 0, 0, 0, 800000, 800000
2015, RAJASTHAN, 8, JAIPUR, 93, SAMBHAR, 1276, KAJIPURA, 38589, 1159847, Total, 0, 0, 0, 0, 0, 0, 1040523, 1040523
2015, RAJASTHAN, 8, JAIPUR, 93, SAMBHAR, 1276, KALAKH, 38590, 1184004, Drinking water, 0, 0, 0, 0, 0, 0, 57104, 57104
2015, RAJASTHAN, 8, JAIPUR, 93, SAMBHAR, 1276, KALAKH, 38590, 1184004, Total, 0, 0, 0, 0, 0, 0, 57104, 57104
2015, RAJASTHAN, 8, JAIPUR, 93, SAMBHAR, 1276, KARANSAR, 38591, 1163253, Roads, 0, 0, 0, 0, 0, 0, 897391, 897391
2015, RAJASTHAN, 8, JAIPUR, 93, SAMBHAR, 1276, KARANSAR, 38591, 1163253, Total, 0, 0, 0, 0, 0, 0, 897391, 897391
2015, RAJASTHAN, 8, JAIPUR, 93, SAMBHAR, 1276, KHANDEL, 38592, 1188694, Drinking water, 0, 0, 0, 0, 0, 0, 64222, 64222
2015, RAJASTHAN, 8, JAIPUR, 93, SAMBHAR, 1276, KHANDEL, 38592, 1188694, Non-conventional energy sources, 0, 0, 0, 0, 0, 0, 69857, 69857
2015, RAJASTHAN, 8, JAIPUR, 93, SAMBHAR, 1276, KHANDEL, 38592, 1188694, Total, 0, 0, 0, 0, 0, 0, 134079, 134079
2015, RAJASTHAN, 8, JAIPUR, 93, SAMBHAR, 1276, KHEDI MILAK, 38594, 1163176, Drinking water, 0, 0, 0, 0, 0, 0, 490000, 490000
2015, RAJASTHAN, 8, JAIPUR, 93, SAMBHAR, 1276, KHEDI MILAK, 38594, 1163176, Total, 0, 0, 0, 0, 0, 0, 490000, 490000
2015, RAJASTHAN, 8, JAIPUR, 93, SAMBHAR, 1276, KHEJDAWAS, 38593, 1161354, Drinking water, 0, 0, 0, 0, 0, 0, 67408, 67408
2015, RAJASTHAN, 8, JAIPUR, 93, SAMBHAR, 1276, KHEJDAWAS, 38593, 1161354, Roads, 0, 0, 0, 0, 0, 0, 1000000, 1000000
2015, RAJASTHAN, 8, JAIPUR, 93, SAMBHAR, 1276, KHEJDAWAS, 38593, 1161354, Total, 0, 0, 0, 0, 0, 0, 1067408, 1067408
2015, RAJASTHAN, 8, JAIPUR, 93, SAMBHAR, 1276, KUDIYO KA BAS, 38595, 1159936, Roads, 0, 0, 0, 0, 0, 0, 471487, 471487
2015, RAJASTHAN, 8, JAIPUR, 93, SAMBHAR, 1276, KUDIYO KA BAS, 38595, 1159936, Sanitation, 0, 0, 0, 0, 0, 0, 550000, 550000
2015, RAJASTHAN, 8, JAIPUR, 93, SAMBHAR, 1276, KUDIYO KA BAS, 38595, 1159936, Total, 0, 0, 0, 0, 0, 0, 1021487, 1021487
2015, RAJASTHAN, 8, JAIPUR, 93, SAMBHAR, 1276, LALASAR, 38596, 1147174, Drinking water, 0, 0, 0, 0, 0, 0, 157214, 157214
2015, RAJASTHAN, 8, JAIPUR, 93, SAMBHAR, 1276, LALASAR, 38596, 1147174, Non-conventional energy sources, 0, 0, 0, 0, 0, 0, 967350, 967350
2015, RAJASTHAN, 8, JAIPUR, 93, SAMBHAR, 1276, LALASAR, 38596, 1147174, Total, 0, 0, 0, 0, 0, 0, 1124564, 1124564
2015, RAJASTHAN, 8, JAIPUR, 93, SAMBHAR, 1276, LOHARWARA, 262544, 1188705, Non-conventional energy sources, 0, 0, 0, 0, 0, 0, 189039, 189039
2015, RAJASTHAN, 8, JAIPUR, 93, SAMBHAR, 1276, LOHARWARA, 262544, 1188705, Total, 0, 0, 0, 0, 0, 0, 189039, 189039
2015, RAJASTHAN, 8, JAIPUR, 93, SAMBHAR, 1276, LUNIYA WAS, 38597, 1180286, Non-conventional energy sources, 0, 0, 0, 0, 0, 0, 2171559, 2171559
2015, RAJASTHAN, 8, JAIPUR, 93, SAMBHAR, 1276, LUNIYA WAS, 38597, 1180286, Total, 0, 0, 0, 0, 0, 0, 2171559, 2171559
2015, RAJASTHAN, 8, JAIPUR, 93, SAMBHAR, 1276, MALIKPURA, 38598, 1159627, Drinking water, 0, 0, 0, 0, 0, 0, 150000, 150000
2015, RAJASTHAN, 8, JAIPUR, 93, SAMBHAR, 1276, MALIKPURA, 38598, 1159627, Non-conventional energy sources, 0, 0, 0, 0, 0, 0, 350000, 350000
2015, RAJASTHAN, 8, JAIPUR, 93, SAMBHAR, 1276, MALIKPURA, 38598, 1159627, Total, 0, 0, 0, 0, 0, 0, 500000, 500000
2015, RAJASTHAN, 8, JAIPUR, 93, SAMBHAR, 1276, MANDA BHIM SINGH, 38599, 1190836, Non-conventional energy sources, 0, 0, 0, 0, 0, 0, 35000, 35000
2015, RAJASTHAN, 8, JAIPUR, 93, SAMBHAR, 1276, MANDA BHIM SINGH, 38599, 1190836, Total, 0, 0, 0, 0, 0, 0, 35000, 35000
2015, RAJASTHAN, 8, JAIPUR, 93, SAMBHAR, 1276, MUNDALI RANJEETPURA, 245359, 1162467, Drinking water, 0, 0, 0, 0, 0, 0, 777684, 777684
2015, RAJASTHAN, 8, JAIPUR, 93, SAMBHAR, 1276, MUNDALI RANJEETPURA, 245359, 1162467, Total, 0, 0, 0, 0, 0, 0, 777684, 777684
2015, RAJASTHAN, 8, JAIPUR, 93, SAMBHAR, 1276, MUNDIYA GARH, 38600, 1162531, Non-conventional energy sources, 0, 0, 0, 0, 0, 0, 600000, 600000
2015, RAJASTHAN, 8, JAIPUR, 93, SAMBHAR, 1276, MUNDIYA GARH, 38600, 1162531, Total, 0, 0, 0, 0, 0, 0, 600000, 600000
2015, RAJASTHAN, 8, JAIPUR, 93, SAMBHAR, 1276, MUNDOTI, 38601, 1159407, Drinking water, 0, 0, 0, 0, 0, 0, 194580, 194580
2015, RAJASTHAN, 8, JAIPUR, 93, SAMBHAR, 1276, MUNDOTI, 38601, 1159407, Roads, 0, 0, 0, 0, 0, 0, 467392, 467392
2015, RAJASTHAN, 8, JAIPUR, 93, SAMBHAR, 1276, MUNDOTI, 38601, 1159407, Total, 0, 0, 0, 0, 0, 0, 661972, 661972
2015, RAJASTHAN, 8, JAIPUR, 93, SAMBHAR, 1276, MUNDWARA, 38602, 1169484, Roads, 0, 0, 0, 0, 0, 0, 144061, 144061
2015, RAJASTHAN, 8, JAIPUR, 93, SAMBHAR, 1276, MUNDWARA, 38602, 1169484, Total, 0, 0, 0, 0, 0, 0, 144061, 144061
2015, RAJASTHAN, 8, JAIPUR, 93, SAMBHAR, 1276, MURLIPURA, 38603, 1160147, Drinking water, 0, 0, 0, 0, 0, 0, 68044, 68044
2015, RAJASTHAN, 8, JAIPUR, 93, SAMBHAR, 1276, MURLIPURA, 38603, 1160147, Public distribution system, 0, 0, 0, 0, 0, 0, 48802, 48802
2015, RAJASTHAN, 8, JAIPUR, 93, SAMBHAR, 1276, MURLIPURA, 38603, 1160147, Roads, 0, 0, 0, 0, 0, 0, 408615, 408615
2015, RAJASTHAN, 8, JAIPUR, 93, SAMBHAR, 1276, MURLIPURA, 38603, 1160147, Sanitation, 0, 0, 0, 0, 0, 0, 103747, 103747
2015, RAJASTHAN, 8, JAIPUR, 93, SAMBHAR, 1276, MURLIPURA, 38603, 1160147, Total, 0, 0, 0, 0, 0, 0, 629208, 629208
2015, RAJASTHAN, 8, JAIPUR, 93, SAMBHAR, 1276, NANDRI, 38604, 1171398, Drinking water, 0, 0, 0, 0, 0, 0, 176225, 176225
2015, RAJASTHAN, 8, JAIPUR, 93, SAMBHAR, 1276, NANDRI, 38604, 1171398, Sanitation, 0, 0, 0, 0, 0, 0, 393843, 393843
2015, RAJASTHAN, 8, JAIPUR, 93, SAMBHAR, 1276, NANDRI, 38604, 1171398, Total, 0, 0, 0, 0, 0, 0, 570068, 570068
2015, RAJASTHAN, 8, JAIPUR, 93, SAMBHAR, 1276, NORANGPURA, 38605, 1184056, Non-conventional energy sources, 0, 0, 0, 0, 0, 0, 83484, 83484
2015, RAJASTHAN, 8, JAIPUR, 93, SAMBHAR, 1276, NORANGPURA, 38605, 1184056, Total, 0, 0, 0, 0, 0, 0, 83484, 83484
2015, RAJASTHAN, 8, JAIPUR, 93, SAMBHAR, 1276, PACHKODIYA, 38606, 1158986, Roads, 0, 0, 0, 0, 0, 0, 200000, 200000
2015, RAJASTHAN, 8, JAIPUR, 93, SAMBHAR, 1276, PACHKODIYA, 38606, 1158986, Sanitation, 0, 0, 0, 0, 0, 0, 229905, 229905
2015, RAJASTHAN, 8, JAIPUR, 93, SAMBHAR, 1276, PACHKODIYA, 38606, 1158986, Total, 0, 0, 0, 0, 0, 0, 429905, 429905
2015, RAJASTHAN, 8, JAIPUR, 93, SAMBHAR, 1276, RALAWTA, 38607, 1164040, Non-conventional energy sources, 0, 0, 0, 0, 0, 0, 1278190, 1278190
2015, RAJASTHAN, 8, JAIPUR, 93, SAMBHAR, 1276, RALAWTA, 38607, 1164040, Total, 0, 0, 0, 0, 0, 0, 1278190, 1278190
2015, RAJASTHAN, 8, JAIPUR, 93, SAMBHAR, 1276, RAMJI PURA KALAN, 38608, 1160704, Sanitation, 0, 0, 0, 0, 0, 0, 275897, 275897
2015, RAJASTHAN, 8, JAIPUR, 93, SAMBHAR, 1276, RAMJI PURA KALAN, 38608, 1160704, Total, 0, 0, 0, 0, 0, 0, 275897, 275897
2015, RAJASTHAN, 8, JAIPUR, 93, SAMBHAR, 1276, SINODIYA, 38609, 1169465, Drinking water, 0, 0, 0, 0, 0, 0, 273121, 273121
2015, RAJASTHAN, 8, JAIPUR, 93, SAMBHAR, 1276, SINODIYA, 38609, 1169465, Total, 0, 0, 0, 0, 0, 0, 273121, 273121
2015, RAJASTHAN, 8, JAIPUR, 93, SAMBHAR, 1276, TEJYA KA BAS, 38610, 1160249, Drinking water, 0, 0, 0, 0, 0, 0, 200000, 200000
2015, RAJASTHAN, 8, JAIPUR, 93, SAMBHAR, 1276, TEJYA KA BAS, 38610, 1160249, Sanitation, 0, 0, 0, 0, 0, 0, 417536, 417536
2015, RAJASTHAN, 8, JAIPUR, 93, SAMBHAR, 1276, TEJYA KA BAS, 38610, 1160249, Total, 0, 0, 0, 0, 0, 0, 617536, 617536
2015, RAJASTHAN, 8, JAIPUR, 93, SAMBHAR, 1276, TYOD, 38611, 1158134, Drinking water, 0, 0, 0, 0, 0, 0, 70486, 70486
2015, RAJASTHAN, 8, JAIPUR, 93, SAMBHAR, 1276, TYOD, 38611, 1158134, Total, 0, 0, 0, 0, 0, 0, 70486, 70486
2015, RAJASTHAN, 8, JAIPUR, 93, SANGANER, 1277, AJAIRAJPURA, 38612, 1171100, Roads, 0, 0, 0, 0, 0, 0, 2300396, 2300396
2015, RAJASTHAN, 8, JAIPUR, 93, SANGANER, 1277, AJAIRAJPURA, 38612, 1171100, Total, 0, 0, 0, 0, 0, 0, 2300396, 2300396
2015, RAJASTHAN, 8, JAIPUR, 93, SANGANER, 1277, ASHAWALA, 262471, 1155247, Drinking water, 0, 0, 0, 0, 0, 0, 780295, 780295
2015, RAJASTHAN, 8, JAIPUR, 93, SANGANER, 1277, ASHAWALA, 262471, 1155247, Land improvement, 0, 0, 0, 0, 0, 0, 689055, 689055
2015, RAJASTHAN, 8, JAIPUR, 93, SANGANER, 1277, ASHAWALA, 262471, 1155247, Roads, 0, 0, 0, 0, 0, 0, 434934, 434934
2015, RAJASTHAN, 8, JAIPUR, 93, SANGANER, 1277, ASHAWALA, 262471, 1155247, Total, 0, 0, 0, 0, 0, 0, 1904284, 1904284
2015, RAJASTHAN, 8, JAIPUR, 93, SANGANER, 1277, AWANIYA, 38613, 1138504, Drinking water, 0, 0, 0, 0, 0, 0, 1575000, 1575000
2015, RAJASTHAN, 8, JAIPUR, 93, SANGANER, 1277, AWANIYA, 38613, 1138504, Markets and fairs, 0, 0, 0, 0, 0, 0, 1930, 1930
2015, RAJASTHAN, 8, JAIPUR, 93, SANGANER, 1277, AWANIYA, 38613, 1138504, Roads, 0, 0, 0, 0, 0, 0, 1500000, 1500000
2015, RAJASTHAN, 8, JAIPUR, 93, SANGANER, 1277, AWANIYA, 38613, 1138504, Sanitation, 0, 0, 0, 0, 0, 0, 46260, 46260
2015, RAJASTHAN, 8, JAIPUR, 93, SANGANER, 1277, AWANIYA, 38613, 1138504, Total, 0, 0, 0, 0, 0, 0, 3123190, 3123190
2015, RAJASTHAN, 8, JAIPUR, 93, SANGANER, 1277, BARI KA BAS, 262481, 1138992, Administrative & Technical Support, 0, 0, 0, 0, 0, 0, 90284, 90284
2015, RAJASTHAN, 8, JAIPUR, 93, SANGANER, 1277, BARI KA BAS, 262481, 1138992, Drinking water, 0, 0, 0, 0, 0, 0, 1300000, 1300000
2015, RAJASTHAN, 8, JAIPUR, 93, SANGANER, 1277, BARI KA BAS, 262481, 1138992, Roads, 0, 0, 0, 0, 0, 0, 500000, 500000
2015, RAJASTHAN, 8, JAIPUR, 93, SANGANER, 1277, BARI KA BAS, 262481, 1138992, Sanitation, 0, 0, 0, 0, 0, 0, 17398, 17398
2015, RAJASTHAN, 8, JAIPUR, 93, SANGANER, 1277, BARI KA BAS, 262481, 1138992, Total, 0, 0, 0, 0, 0, 0, 1907682, 1907682
2015, RAJASTHAN, 8, JAIPUR, 93, SANGANER, 1277, BEELWA, 38616, 1140317, Drinking water, 0, 0, 0, 0, 0, 0, 1008019, 1008019
2015, RAJASTHAN, 8, JAIPUR, 93, SANGANER, 1277, BEELWA, 38616, 1140317, Maintenance of community system, 0, 0, 0, 0, 0, 0, 500000, 500000
2015, RAJASTHAN, 8, JAIPUR, 93, SANGANER, 1277, BEELWA, 38616, 1140317, Roads, 0, 0, 0, 0, 0, 0, 200000, 200000
2015, RAJASTHAN, 8, JAIPUR, 93, SANGANER, 1277, BEELWA, 38616, 1140317, Total, 0, 0, 0, 0, 0, 0, 1708019, 1708019
2015, RAJASTHAN, 8, JAIPUR, 93, SANGANER, 1277, BHAMBHORIYA, 38614, 1142984, Administrative & Technical Support, 0, 0, 0, 0, 0, 0, 64020, 64020
2015, RAJASTHAN, 8, JAIPUR, 93, SANGANER, 1277, BHAMBHORIYA, 38614, 1142984, Drinking water, 0, 0, 0, 0, 0, 0, 1050000, 1050000
2015, RAJASTHAN, 8, JAIPUR, 93, SANGANER, 1277, BHAMBHORIYA, 38614, 1142984, Roads, 0, 0, 0, 0, 0, 0, 1092354, 1092354
2015, RAJASTHAN, 8, JAIPUR, 93, SANGANER, 1277, BHAMBHORIYA, 38614, 1142984, Total, 0, 0, 0, 0, 0, 0, 2206374, 2206374
2015, RAJASTHAN, 8, JAIPUR, 93, SANGANER, 1277, BHAPURA, 38615, 1136055, Drinking water, 0, 0, 0, 0, 0, 0, 39506, 39506
2015, RAJASTHAN, 8, JAIPUR, 93, SANGANER, 1277, BHAPURA, 38615, 1136055, Roads, 0, 0, 0, 0, 0, 0, 1136240, 1136240
2015, RAJASTHAN, 8, JAIPUR, 93, SANGANER, 1277, BHAPURA, 38615, 1136055, Total, 0, 0, 0, 0, 0, 0, 1175746, 1175746
2015, RAJASTHAN, 8, JAIPUR, 93, SANGANER, 1277, DADIYA, 38617, 1159380, Administrative & Technical Support, 0, 0, 0, 0, 0, 0, 189525, 189525
2015, RAJASTHAN, 8, JAIPUR, 93, SANGANER, 1277, DADIYA, 38617, 1159380, Drinking water, 0, 0, 0, 0, 0, 0, 1698966, 1698966
2015, RAJASTHAN, 8, JAIPUR, 93, SANGANER, 1277, DADIYA, 38617, 1159380, Land improvement, 0, 0, 0, 0, 0, 0, 100000, 100000
2015, RAJASTHAN, 8, JAIPUR, 93, SANGANER, 1277, DADIYA, 38617, 1159380, Total, 0, 0, 0, 0, 0, 0, 1988491, 1988491
2015, RAJASTHAN, 8, JAIPUR, 93, SANGANER, 1277, DAHMI KALAN, 38619, 1143872, Roads, 0, 0, 0, 0, 0, 0, 1589496, 1589496
2015, RAJASTHAN, 8, JAIPUR, 93, SANGANER, 1277, DAHMI KALAN, 38619, 1143872, Total, 0, 0, 0, 0, 0, 0, 1589496, 1589496
2015, RAJASTHAN, 8, JAIPUR, 93, SANGANER, 1277, DANTLI, 38618, 1158548, Administrative & Technical Support, 0, 0, 0, 0, 0, 0, 14000, 14000
2015, RAJASTHAN, 8, JAIPUR, 93, SANGANER, 1277, DANTLI, 38618, 1158548, Drinking water, 0, 0, 0, 0, 0, 0, 1854698, 1854698
2015, RAJASTHAN, 8, JAIPUR, 93, SANGANER, 1277, DANTLI, 38618, 1158548, Roads, 0, 0, 0, 0, 0, 0, 1000000, 1000000
2015, RAJASTHAN, 8, JAIPUR, 93, SANGANER, 1277, DANTLI, 38618, 1158548, Total, 0, 0, 0, 0, 0, 0, 2868698, 2868698
2015, RAJASTHAN, 8, JAIPUR, 93, SANGANER, 1277, DEVALIYA, 38620, 1159397, Administrative & Technical Support, 0, 0, 0, 0, 0, 0, 57286, 57286
2015, RAJASTHAN, 8, JAIPUR, 93, SANGANER, 1277, DEVALIYA, 38620, 1159397, Land improvement, 0, 0, 0, 0, 0, 0, 589766, 589766
2015, RAJASTHAN, 8, JAIPUR, 93, SANGANER, 1277, DEVALIYA, 38620, 1159397, Roads, 0, 0, 0, 0, 0, 0, 1978000, 1978000
2015, RAJASTHAN, 8, JAIPUR, 93, SANGANER, 1277, DEVALIYA, 38620, 1159397, Total, 0, 0, 0, 0, 0, 0, 2625052, 2625052
2015, RAJASTHAN, 8, JAIPUR, 93, SANGANER, 1277, JAGNNATHPURA, 262478, 1137152, Drinking water, 0, 0, 0, 0, 0, 0, 1027000, 1027000
2015, RAJASTHAN, 8, JAIPUR, 93, SANGANER, 1277, JAGNNATHPURA, 262478, 1137152, Roads, 0, 0, 0, 0, 0, 0, 1121518, 1121518
2015, RAJASTHAN, 8, JAIPUR, 93, SANGANER, 1277, JAGNNATHPURA, 262478, 1137152, Total, 0, 0, 0, 0, 0, 0, 2148518, 2148518
2015, RAJASTHAN, 8, JAIPUR, 93, SANGANER, 1277, JAISINGHPURA, 38622, 1158589, Drinking water, 0, 0, 0, 0, 0, 0, 1270653, 1270653
2015, RAJASTHAN, 8, JAIPUR, 93, SANGANER, 1277, JAISINGHPURA, 38622, 1158589, Roads, 0, 0, 0, 0, 0, 0, 2301582, 2301582
2015, RAJASTHAN, 8, JAIPUR, 93, SANGANER, 1277, JAISINGHPURA, 38622, 1158589, Total, 0, 0, 0, 0, 0, 0, 3572235, 3572235
2015, RAJASTHAN, 8, JAIPUR, 93, SANGANER, 1277, KALWARA, 38623, 1162397, Drinking water, 0, 0, 0, 0, 0, 0, 525205, 525205
2015, RAJASTHAN, 8, JAIPUR, 93, SANGANER, 1277, KALWARA, 38623, 1162397, Land improvement, 0, 0, 0, 0, 0, 0, 78000, 78000
2015, RAJASTHAN, 8, JAIPUR, 93, SANGANER, 1277, KALWARA, 38623, 1162397, Roads, 0, 0, 0, 0, 0, 0, 1521181, 1521181
2015, RAJASTHAN, 8, JAIPUR, 93, SANGANER, 1277, KALWARA, 38623, 1162397, Total, 0, 0, 0, 0, 0, 0, 2124386, 2124386
2015, RAJASTHAN, 8, JAIPUR, 93, SANGANER, 1277, KAPOORAWALA, 38624, 1141895, Administrative & Technical Support, 0, 0, 0, 0, 0, 0, 287655, 287655
2015, RAJASTHAN, 8, JAIPUR, 93, SANGANER, 1277, KAPOORAWALA, 38624, 1141895, Drinking water, 0, 0, 0, 0, 0, 0, 1103484, 1103484
2015, RAJASTHAN, 8, JAIPUR, 93, SANGANER, 1277, KAPOORAWALA, 38624, 1141895, Roads, 0, 0, 0, 0, 0, 0, 40000, 40000
2015, RAJASTHAN, 8, JAIPUR, 93, SANGANER, 1277, KAPOORAWALA, 38624, 1141895, Total, 0, 0, 0, 0, 0, 0, 1431139, 1431139
2015, RAJASTHAN, 8, JAIPUR, 93, SANGANER, 1277, KHERI GOKULPURA, 262474, 1159372, Administrative & Technical Support, 0, 0, 0, 0, 0, 0, 64598, 64598
2015, RAJASTHAN, 8, JAIPUR, 93, SANGANER, 1277, KHERI GOKULPURA, 262474, 1159372, Drinking water, 0, 0, 0, 0, 0, 0, 1714274, 1714274
2015, RAJASTHAN, 8, JAIPUR, 93, SANGANER, 1277, KHERI GOKULPURA, 262474, 1159372, Roads, 0, 0, 0, 0, 0, 0, 500000, 500000
2015, RAJASTHAN, 8, JAIPUR, 93, SANGANER, 1277, KHERI GOKULPURA, 262474, 1159372, Total, 0, 0, 0, 0, 0, 0, 2278872, 2278872
2015, RAJASTHAN, 8, JAIPUR, 93, SANGANER, 1277, LAKHANA, 38625, 1142294, Administrative & Technical Support, 0, 0, 0, 0, 0, 0, 18600, 18600
2015, RAJASTHAN, 8, JAIPUR, 93, SANGANER, 1277, LAKHANA, 38625, 1142294, Drinking water, 0, 0, 0, 0, 0, 0, 619914, 619914
2015, RAJASTHAN, 8, JAIPUR, 93, SANGANER, 1277, LAKHANA, 38625, 1142294, Sanitation, 0, 0, 0, 0, 0, 0, 400000, 400000
2015, RAJASTHAN, 8, JAIPUR, 93, SANGANER, 1277, LAKHANA, 38625, 1142294, Total, 0, 0, 0, 0, 0, 0, 1038514, 1038514
2015, RAJASTHAN, 8, JAIPUR, 93, SANGANER, 1277, MADAU, 262467, 1139778, Administrative & Technical Support, 0, 0, 0, 0, 0, 0, 72206, 72206
2015, RAJASTHAN, 8, JAIPUR, 93, SANGANER, 1277, MADAU, 262467, 1139778, Drinking water, 0, 0, 0, 0, 0, 0, 262000, 262000
2015, RAJASTHAN, 8, JAIPUR, 93, SANGANER, 1277, MADAU, 262467, 1139778, Land improvement, 0, 0, 0, 0, 0, 0, 15000, 15000
2015, RAJASTHAN, 8, JAIPUR, 93, SANGANER, 1277, MADAU, 262467, 1139778, Roads, 0, 0, 0, 0, 0, 0, 2124910, 2124910
2015, RAJASTHAN, 8, JAIPUR, 93, SANGANER, 1277, MADAU, 262467, 1139778, Total, 0, 0, 0, 0, 0, 0, 2474116, 2474116
2015, RAJASTHAN, 8, JAIPUR, 93, SANGANER, 1277, MAHAPURA, 38626, 1140956, Administrative & Technical Support, 0, 0, 0, 0, 0, 0, 34446, 34446
2015, RAJASTHAN, 8, JAIPUR, 93, SANGANER, 1277, MAHAPURA, 38626, 1140956, Drinking water, 0, 0, 0, 0, 0, 0, 1564881, 1564881
2015, RAJASTHAN, 8, JAIPUR, 93, SANGANER, 1277, MAHAPURA, 38626, 1140956, Roads, 0, 0, 0, 0, 0, 0, 1500000, 1500000
2015, RAJASTHAN, 8, JAIPUR, 93, SANGANER, 1277, MAHAPURA, 38626, 1140956, Total, 0, 0, 0, 0, 0, 0, 3099327, 3099327
2015, RAJASTHAN, 8, JAIPUR, 93, SANGANER, 1277, MOHANPURA, 38627, 1174750, Drinking water, 0, 0, 0, 0, 0, 0, 830462, 830462
2015, RAJASTHAN, 8, JAIPUR, 93, SANGANER, 1277, MOHANPURA, 38627, 1174750, Land improvement, 0, 0, 0, 0, 0, 0, 500000, 500000
2015, RAJASTHAN, 8, JAIPUR, 93, SANGANER, 1277, MOHANPURA, 38627, 1174750, Roads, 0, 0, 0, 0, 0, 0, 1000000, 1000000
2015, RAJASTHAN, 8, JAIPUR, 93, SANGANER, 1277, MOHANPURA, 38627, 1174750, Total, 0, 0, 0, 0, 0, 0, 2330462, 2330462
2015, RAJASTHAN, 8, JAIPUR, 93, SANGANER, 1277, MUHANA, 38628, 1136782, Drinking water, 0, 0, 0, 0, 0, 0, 893656, 893656
2015, RAJASTHAN, 8, JAIPUR, 93, SANGANER, 1277, MUHANA, 38628, 1136782, Total, 0, 0, 0, 0, 0, 0, 893656, 893656
2015, RAJASTHAN, 8, JAIPUR, 93, SANGANER, 1277, NARSINGH PURA, 38629, 1155289, Administrative & Technical Support, 0, 0, 0, 0, 0, 0, 443600, 443600
2015, RAJASTHAN, 8, JAIPUR, 93, SANGANER, 1277, NARSINGH PURA, 38629, 1155289, Drinking water, 0, 0, 0, 0, 0, 0, 1600000, 1600000
2015, RAJASTHAN, 8, JAIPUR, 93, SANGANER, 1277, NARSINGH PURA, 38629, 1155289, Roads, 0, 0, 0, 0, 0, 0, 200000, 200000
2015, RAJASTHAN, 8, JAIPUR, 93, SANGANER, 1277, NARSINGH PURA, 38629, 1155289, Total, 0, 0, 0, 0, 0, 0, 2243600, 2243600
2015, RAJASTHAN, 8, JAIPUR, 93, SANGANER, 1277, NEOTA, 38630, 1158580, Drinking water, 0, 0, 0, 0, 0, 0, 1611788, 1611788
2015, RAJASTHAN, 8, JAIPUR, 93, SANGANER, 1277, NEOTA, 38630, 1158580, Maintenance of community system, 0, 0, 0, 0, 0, 0, 63000, 63000
2015, RAJASTHAN, 8, JAIPUR, 93, SANGANER, 1277, NEOTA, 38630, 1158580, Roads, 0, 0, 0, 0, 0, 0, 1444549, 1444549
2015, RAJASTHAN, 8, JAIPUR, 93, SANGANER, 1277, NEOTA, 38630, 1158580, Total, 0, 0, 0, 0, 0, 0, 3119337, 3119337
2015, RAJASTHAN, 8, JAIPUR, 93, SANGANER, 1277, PANWALIYA, 38631, 1142912, Drinking water, 0, 0, 0, 0, 0, 0, 1407526, 1407526
2015, RAJASTHAN, 8, JAIPUR, 93, SANGANER, 1277, PANWALIYA, 38631, 1142912, Roads, 0, 0, 0, 0, 0, 0, 798090, 798090
2015, RAJASTHAN, 8, JAIPUR, 93, SANGANER, 1277, PANWALIYA, 38631, 1142912, Total, 0, 0, 0, 0, 0, 0, 2205616, 2205616
2015, RAJASTHAN, 8, JAIPUR, 93, SANGANER, 1277, RAMPURA   UNTI, 38634, 1142922, Drinking water, 0, 0, 0, 0, 0, 0, 1383674, 1383674
2015, RAJASTHAN, 8, JAIPUR, 93, SANGANER, 1277, RAMPURA   UNTI, 38634, 1142922, Land improvement, 0, 0, 0, 0, 0, 0, 100000, 100000
2015, RAJASTHAN, 8, JAIPUR, 93, SANGANER, 1277, RAMPURA   UNTI, 38634, 1142922, Roads, 0, 0, 0, 0, 0, 0, 841267, 841267
2015, RAJASTHAN, 8, JAIPUR, 93, SANGANER, 1277, RAMPURA   UNTI, 38634, 1142922, Total, 0, 0, 0, 0, 0, 0, 2324941, 2324941
2015, RAJASTHAN, 8, JAIPUR, 93, SANGANER, 1277, SHRIRAM KI NAGAL, 38632, 1172106, Administrative & Technical Support, 0, 0, 0, 0, 0, 0, 438268, 438268
2015, RAJASTHAN, 8, JAIPUR, 93, SANGANER, 1277, SHRIRAM KI NAGAL, 38632, 1172106, Drinking water, 0, 0, 0, 0, 0, 0, 2632028, 2632028
2015, RAJASTHAN, 8, JAIPUR, 93, SANGANER, 1277, SHRIRAM KI NAGAL, 38632, 1172106, Land improvement, 0, 0, 0, 0, 0, 0, 500000, 500000
2015, RAJASTHAN, 8, JAIPUR, 93, SANGANER, 1277, SHRIRAM KI NAGAL, 38632, 1172106, Roads, 0, 0, 0, 0, 0, 0, 1500000, 1500000
2015, RAJASTHAN, 8, JAIPUR, 93, SANGANER, 1277, SHRIRAM KI NAGAL, 38632, 1172106, Total, 0, 0, 0, 0, 0, 0, 5070296, 5070296
2015, RAJASTHAN, 8, JAIPUR, 93, SANGANER, 1277, THIKARIYA, 38633, 1139136, Drinking water, 0, 0, 0, 0, 0, 0, 1325595, 1325595
2015, RAJASTHAN, 8, JAIPUR, 93, SANGANER, 1277, THIKARIYA, 38633, 1139136, Roads, 0, 0, 0, 0, 0, 0, 1299813, 1299813
2015, RAJASTHAN, 8, JAIPUR, 93, SANGANER, 1277, THIKARIYA, 38633, 1139136, Total, 0, 0, 0, 0, 0, 0, 2625408, 2625408
2015, RAJASTHAN, 8, JAIPUR, 93, SANGANER, 1277, VIDHANI, 38635, 1155314, Administrative & Technical Support, 0, 0, 0, 0, 0, 0, 134762, 134762
2015, RAJASTHAN, 8, JAIPUR, 93, SANGANER, 1277, VIDHANI, 38635, 1155314, Drinking water, 0, 0, 0, 0, 0, 0, 2258080, 2258080
2015, RAJASTHAN, 8, JAIPUR, 93, SANGANER, 1277, VIDHANI, 38635, 1155314, Land improvement, 0, 0, 0, 0, 0, 0, 350000, 350000
2015, RAJASTHAN, 8, JAIPUR, 93, SANGANER, 1277, VIDHANI, 38635, 1155314, Roads, 0, 0, 0, 0, 0, 0, 650000, 650000
2015, RAJASTHAN, 8, JAIPUR, 93, SANGANER, 1277, VIDHANI, 38635, 1155314, Total, 0, 0, 0, 0, 0, 0, 3392842, 3392842
2015, RAJASTHAN, 8, JAIPUR, 93, SANGANER, 1277, WATIKA, 38636, 1174761, Drinking water, 0, 0, 0, 0, 0, 0, 2446974, 2446974
2015, RAJASTHAN, 8, JAIPUR, 93, SANGANER, 1277, WATIKA, 38636, 1174761, Roads, 0, 0, 0, 0, 0, 0, 1551908, 1551908
2015, RAJASTHAN, 8, JAIPUR, 93, SANGANER, 1277, WATIKA, 38636, 1174761, Total, 0, 0, 0, 0, 0, 0, 3998882, 3998882
2015, RAJASTHAN, 8, JAIPUR, 93, SHAHPURA, 1278, AMARSAR, 38637, 1214044, Administrative & Technical Support, 0, 0, 0, 0, 0, 0, 138670, 138670
2015, RAJASTHAN, 8, JAIPUR, 93, SHAHPURA, 1278, AMARSAR, 38637, 1214044, Drinking water, 0, 0, 0, 0, 0, 0, 113415, 113415
2015, RAJASTHAN, 8, JAIPUR, 93, SHAHPURA, 1278, AMARSAR, 38637, 1214044, Roads, 0, 0, 0, 0, 0, 0, 400000, 400000
2015, RAJASTHAN, 8, JAIPUR, 93, SHAHPURA, 1278, AMARSAR, 38637, 1214044, Total, 0, 0, 0, 0, 0, 0, 652085, 652085
2015, RAJASTHAN, 8, JAIPUR, 93, SHAHPURA, 1278, BARI JORI, 38638, 1187562, Roads, 0, 0, 0, 0, 0, 0, 767102, 767102
2015, RAJASTHAN, 8, JAIPUR, 93, SHAHPURA, 1278, BARI JORI, 38638, 1187562, Sanitation, 0, 0, 0, 0, 0, 0, 68588, 68588
2015, RAJASTHAN, 8, JAIPUR, 93, SHAHPURA, 1278, BARI JORI, 38638, 1187562, Total, 0, 0, 0, 0, 0, 0, 835690, 835690
2015, RAJASTHAN, 8, JAIPUR, 93, SHAHPURA, 1278, BIDARA, 38639, 1192213, Administrative & Technical Support, 0, 0, 0, 0, 0, 0, 29281, 29281
2015, RAJASTHAN, 8, JAIPUR, 93, SHAHPURA, 1278, BIDARA, 38639, 1192213, Drinking water, 0, 0, 0, 0, 0, 0, 542625, 542625
2015, RAJASTHAN, 8, JAIPUR, 93, SHAHPURA, 1278, BIDARA, 38639, 1192213, Roads, 0, 0, 0, 0, 0, 0, 36139, 36139
2015, RAJASTHAN, 8, JAIPUR, 93, SHAHPURA, 1278, BIDARA, 38639, 1192213, Total, 0, 0, 0, 0, 0, 0, 608045, 608045
2015, RAJASTHAN, 8, JAIPUR, 93, SHAHPURA, 1278, BISHANGARH, 38640, 1196293, Drinking water, 0, 0, 0, 0, 0, 0, 500000, 500000
2015, RAJASTHAN, 8, JAIPUR, 93, SHAHPURA, 1278, BISHANGARH, 38640, 1196293, Roads, 0, 0, 0, 0, 0, 0, 900000, 900000
2015, RAJASTHAN, 8, JAIPUR, 93, SHAHPURA, 1278, BISHANGARH, 38640, 1196293, Sanitation, 0, 0, 0, 0, 0, 0, 100000, 100000
2015, RAJASTHAN, 8, JAIPUR, 93, SHAHPURA, 1278, BISHANGARH, 38640, 1196293, Total, 0, 0, 0, 0, 0, 0, 1500000, 1500000
2015, RAJASTHAN, 8, JAIPUR, 93, SHAHPURA, 1278, BLINDERPUR, 38641, 1202362, Drinking water, 0, 0, 0, 0, 0, 0, 599910, 599910
2015, RAJASTHAN, 8, JAIPUR, 93, SHAHPURA, 1278, BLINDERPUR, 38641, 1202362, Total, 0, 0, 0, 0, 0, 0, 599910, 599910
2015, RAJASTHAN, 8, JAIPUR, 93, SHAHPURA, 1278, CHHARSA, 38642, 1202382, Drinking water, 0, 0, 0, 0, 0, 0, 88442, 88442
2015, RAJASTHAN, 8, JAIPUR, 93, SHAHPURA, 1278, CHHARSA, 38642, 1202382, Roads, 0, 0, 0, 0, 0, 0, 544394, 544394
2015, RAJASTHAN, 8, JAIPUR, 93, SHAHPURA, 1278, CHHARSA, 38642, 1202382, Total, 0, 0, 0, 0, 0, 0, 632836, 632836
2015, RAJASTHAN, 8, JAIPUR, 93, SHAHPURA, 1278, CHIMANPURA, 262291, 1192211, Drinking water, 0, 0, 0, 0, 0, 0, 297451, 297451
2015, RAJASTHAN, 8, JAIPUR, 93, SHAHPURA, 1278, CHIMANPURA, 262291, 1192211, Total, 0, 0, 0, 0, 0, 0, 297451, 297451
2015, RAJASTHAN, 8, JAIPUR, 93, SHAHPURA, 1278, DEVIPURA, 38643, 1196584, Drinking water, 0, 0, 0, 0, 0, 0, 943293, 943293
2015, RAJASTHAN, 8, JAIPUR, 93, SHAHPURA, 1278, DEVIPURA, 38643, 1196584, Total, 0, 0, 0, 0, 0, 0, 943293, 943293
2015, RAJASTHAN, 8, JAIPUR, 93, SHAHPURA, 1278, DEWAN, 38644, 1187014, Roads, 0, 0, 0, 0, 0, 0, 1900567, 1900567
2015, RAJASTHAN, 8, JAIPUR, 93, SHAHPURA, 1278, DEWAN, 38644, 1187014, Total, 0, 0, 0, 0, 0, 0, 1900567, 1900567
2015, RAJASTHAN, 8, JAIPUR, 93, SHAHPURA, 1278, DHANOTA, 38645, 1214051, Drinking water, 0, 0, 0, 0, 0, 0, 9500, 9500
2015, RAJASTHAN, 8, JAIPUR, 93, SHAHPURA, 1278, DHANOTA, 38645, 1214051, Health, 0, 0, 0, 0, 0, 0, 61200, 61200
2015, RAJASTHAN, 8, JAIPUR, 93, SHAHPURA, 1278, DHANOTA, 38645, 1214051, Roads, 0, 0, 0, 0, 0, 0, 891941, 891941
2015, RAJASTHAN, 8, JAIPUR, 93, SHAHPURA, 1278, DHANOTA, 38645, 1214051, Sanitation, 0, 0, 0, 0, 0, 0, 237359, 237359
2015, RAJASTHAN, 8, JAIPUR, 93, SHAHPURA, 1278, DHANOTA, 38645, 1214051, Total, 0, 0, 0, 0, 0, 0, 1200000, 1200000
2015, RAJASTHAN, 8, JAIPUR, 93, SHAHPURA, 1278, DHAWLI, 38646, 1233793, Administrative & Technical Support, 0, 0, 0, 0, 0, 0, 74378, 74378
2015, RAJASTHAN, 8, JAIPUR, 93, SHAHPURA, 1278, DHAWLI, 38646, 1233793, Drinking water, 0, 0, 0, 0, 0, 0, 219138, 219138
2015, RAJASTHAN, 8, JAIPUR, 93, SHAHPURA, 1278, DHAWLI, 38646, 1233793, Sanitation, 0, 0, 0, 0, 0, 0, 27430, 27430
2015, RAJASTHAN, 8, JAIPUR, 93, SHAHPURA, 1278, DHAWLI, 38646, 1233793, Total, 0, 0, 0, 0, 0, 0, 320946, 320946
2015, RAJASTHAN, 8, JAIPUR, 93, SHAHPURA, 1278, GHASIPURA, 38647, 1192202, Sanitation, 0, 0, 0, 0, 0, 0, 497486, 497486
2015, RAJASTHAN, 8, JAIPUR, 93, SHAHPURA, 1278, GHASIPURA, 38647, 1192202, Total, 0, 0, 0, 0, 0, 0, 497486, 497486
2015, RAJASTHAN, 8, JAIPUR, 93, SHAHPURA, 1278, GOVINDPURA BASRI, 38648, 1202369, Drinking water, 0, 0, 0, 0, 0, 0, 200000, 200000
2015, RAJASTHAN, 8, JAIPUR, 93, SHAHPURA, 1278, GOVINDPURA BASRI, 38648, 1202369, Total, 0, 0, 0, 0, 0, 0, 200000, 200000
2015, RAJASTHAN, 8, JAIPUR, 93, SHAHPURA, 1278, HANUT PURA, 38649, 1185635, Drinking water, 0, 0, 0, 0, 0, 0, 64521, 64521
2015, RAJASTHAN, 8, JAIPUR, 93, SHAHPURA, 1278, HANUT PURA, 38649, 1185635, Sanitation, 0, 0, 0, 0, 0, 0, 277081, 277081
2015, RAJASTHAN, 8, JAIPUR, 93, SHAHPURA, 1278, HANUT PURA, 38649, 1185635, Total, 0, 0, 0, 0, 0, 0, 341602, 341602
2015, RAJASTHAN, 8, JAIPUR, 93, SHAHPURA, 1278, JAGATPURA, 38651, 1202393, Roads, 0, 0, 0, 0, 0, 0, 325000, 325000
2015, RAJASTHAN, 8, JAIPUR, 93, SHAHPURA, 1278, JAGATPURA, 38651, 1202393, Total, 0, 0, 0, 0, 0, 0, 325000, 325000
2015, RAJASTHAN, 8, JAIPUR, 93, SHAHPURA, 1278, KANT, 38652, 1192207, Drinking water, 0, 0, 0, 0, 0, 0, 202628, 202628
2015, RAJASTHAN, 8, JAIPUR, 93, SHAHPURA, 1278, KANT, 38652, 1192207, Roads, 0, 0, 0, 0, 0, 0, 227351, 227351
2015, RAJASTHAN, 8, JAIPUR, 93, SHAHPURA, 1278, KANT, 38652, 1192207, Total, 0, 0, 0, 0, 0, 0, 429979, 429979
2015, RAJASTHAN, 8, JAIPUR, 93, SHAHPURA, 1278, KARIRI, 38653, 1214011, Roads, 0, 0, 0, 0, 0, 0, 795327, 795327
2015, RAJASTHAN, 8, JAIPUR, 93, SHAHPURA, 1278, KARIRI, 38653, 1214011, Total, 0, 0, 0, 0, 0, 0, 795327, 795327
2015, RAJASTHAN, 8, JAIPUR, 93, SHAHPURA, 1278, KHORALARKHANI, 38654, 1196317, Sanitation, 0, 0, 0, 0, 0, 0, 400000, 400000
2015, RAJASTHAN, 8, JAIPUR, 93, SHAHPURA, 1278, KHORALARKHANI, 38654, 1196317, Total, 0, 0, 0, 0, 0, 0, 400000, 400000
2015, RAJASTHAN, 8, JAIPUR, 93, SHAHPURA, 1278, KHORI, 38655, 1214019, Drinking water, 0, 0, 0, 0, 0, 0, 419059, 419059
2015, RAJASTHAN, 8, JAIPUR, 93, SHAHPURA, 1278, KHORI, 38655, 1214019, Roads, 0, 0, 0, 0, 0, 0, 459400, 459400
2015, RAJASTHAN, 8, JAIPUR, 93, SHAHPURA, 1278, KHORI, 38655, 1214019, Total, 0, 0, 0, 0, 0, 0, 878459, 878459
2015, RAJASTHAN, 8, JAIPUR, 93, SHAHPURA, 1278, MAHAR KHURD, 38657, 1192194, Drinking water, 0, 0, 0, 0, 0, 0, 126364, 126364
2015, RAJASTHAN, 8, JAIPUR, 93, SHAHPURA, 1278, MAHAR KHURD, 38657, 1192194, Roads, 0, 0, 0, 0, 0, 0, 404085, 404085
2015, RAJASTHAN, 8, JAIPUR, 93, SHAHPURA, 1278, MAHAR KHURD, 38657, 1192194, Total, 0, 0, 0, 0, 0, 0, 530449, 530449
2015, RAJASTHAN, 8, JAIPUR, 93, SHAHPURA, 1278, MANHORPUR, 38658, 1214026, Roads, 0, 0, 0, 0, 0, 0, 2697757, 2697757
2015, RAJASTHAN, 8, JAIPUR, 93, SHAHPURA, 1278, MANHORPUR, 38658, 1214026, Total, 0, 0, 0, 0, 0, 0, 2697757, 2697757
2015, RAJASTHAN, 8, JAIPUR, 93, SHAHPURA, 1278, MURLIPURA, 38659, 1234025, Drinking water, 0, 0, 0, 0, 0, 0, 837000, 837000
2015, RAJASTHAN, 8, JAIPUR, 93, SHAHPURA, 1278, MURLIPURA, 38659, 1234025, Total, 0, 0, 0, 0, 0, 0, 837000, 837000
2015, RAJASTHAN, 8, JAIPUR, 93, SHAHPURA, 1278, NATHAWALA, 38660, 1217977, Drinking water, 0, 0, 0, 0, 0, 0, 658575, 658575
2015, RAJASTHAN, 8, JAIPUR, 93, SHAHPURA, 1278, NATHAWALA, 38660, 1217977, Total, 0, 0, 0, 0, 0, 0, 658575, 658575
2015, RAJASTHAN, 8, JAIPUR, 93, SHAHPURA, 1278, NAWALPURA, 38661, 1214033, Drinking water, 0, 0, 0, 0, 0, 0, 1102810, 1102810
2015, RAJASTHAN, 8, JAIPUR, 93, SHAHPURA, 1278, NAWALPURA, 38661, 1214033, Roads, 0, 0, 0, 0, 0, 0, 515729, 515729
2015, RAJASTHAN, 8, JAIPUR, 93, SHAHPURA, 1278, NAWALPURA, 38661, 1214033, Sanitation, 0, 0, 0, 0, 0, 0, 408148, 408148
2015, RAJASTHAN, 8, JAIPUR, 93, SHAHPURA, 1278, NAWALPURA, 38661, 1214033, Total, 0, 0, 0, 0, 0, 0, 2026687, 2026687
2015, RAJASTHAN, 8, JAIPUR, 93, SHAHPURA, 1278, NAYAN, 38662, 1192114, Administrative & Technical Support, 0, 0, 0, 0, 0, 0, 30745, 30745
2015, RAJASTHAN, 8, JAIPUR, 93, SHAHPURA, 1278, NAYAN, 38662, 1192114, Drinking water, 0, 0, 0, 0, 0, 0, 385353, 385353
2015, RAJASTHAN, 8, JAIPUR, 93, SHAHPURA, 1278, NAYAN, 38662, 1192114, Rural electrification, 0, 0, 0, 0, 0, 0, 378838, 378838
2015, RAJASTHAN, 8, JAIPUR, 93, SHAHPURA, 1278, NAYAN, 38662, 1192114, Total, 0, 0, 0, 0, 0, 0, 794936, 794936
2015, RAJASTHAN, 8, JAIPUR, 93, SHAHPURA, 1278, NAYAWAS, 38663, 1214041, Administrative & Technical Support, 0, 0, 0, 0, 0, 0, 96103, 96103
2015, RAJASTHAN, 8, JAIPUR, 93, SHAHPURA, 1278, NAYAWAS, 38663, 1214041, Drinking water, 0, 0, 0, 0, 0, 0, 62200, 62200
2015, RAJASTHAN, 8, JAIPUR, 93, SHAHPURA, 1278, NAYAWAS, 38663, 1214041, Roads, 0, 0, 0, 0, 0, 0, 29484, 29484
2015, RAJASTHAN, 8, JAIPUR, 93, SHAHPURA, 1278, NAYAWAS, 38663, 1214041, Rural electrification, 0, 0, 0, 0, 0, 0, 805756, 805756
2015, RAJASTHAN, 8, JAIPUR, 93, SHAHPURA, 1278, NAYAWAS, 38663, 1214041, Total, 0, 0, 0, 0, 0, 0, 993543, 993543
2015, RAJASTHAN, 8, JAIPUR, 93, SHAHPURA, 1278, NITHARA LETKAWAS, 38656, 1214017, Drinking water, 0, 0, 0, 0, 0, 0, 503728, 503728
2015, RAJASTHAN, 8, JAIPUR, 93, SHAHPURA, 1278, NITHARA LETKAWAS, 38656, 1214017, Roads, 0, 0, 0, 0, 0, 0, 770975, 770975
2015, RAJASTHAN, 8, JAIPUR, 93, SHAHPURA, 1278, NITHARA LETKAWAS, 38656, 1214017, Total, 0, 0, 0, 0, 0, 0, 1274703, 1274703
2015, RAJASTHAN, 8, JAIPUR, 93, SHAHPURA, 1278, RADAWAS, 38664, 1176635, Drinking water, 0, 0, 0, 0, 0, 0, 200000, 200000
2015, RAJASTHAN, 8, JAIPUR, 93, SHAHPURA, 1278, RADAWAS, 38664, 1176635, Total, 0, 0, 0, 0, 0, 0, 200000, 200000
2015, RAJASTHAN, 8, JAIPUR, 93, SHAHPURA, 1278, SAIWAR, 38665, 1187605, Drinking water, 0, 0, 0, 0, 0, 0, 459193, 459193
2015, RAJASTHAN, 8, JAIPUR, 93, SHAHPURA, 1278, SAIWAR, 38665, 1187605, Roads, 0, 0, 0, 0, 0, 0, 277359, 277359
2015, RAJASTHAN, 8, JAIPUR, 93, SHAHPURA, 1278, SAIWAR, 38665, 1187605, Total, 0, 0, 0, 0, 0, 0, 736552, 736552
2015, RAJASTHAN, 8, JAIPUR, 93, SHAHPURA, 1278, SURANA, 38666, 1214014, Administrative & Technical Support, 0, 0, 0, 0, 0, 0, 32305, 32305
2015, RAJASTHAN, 8, JAIPUR, 93, SHAHPURA, 1278, SURANA, 38666, 1214014, Drinking water, 0, 0, 0, 0, 0, 0, 416531, 416531
2015, RAJASTHAN, 8, JAIPUR, 93, SHAHPURA, 1278, SURANA, 38666, 1214014, Sanitation, 0, 0, 0, 0, 0, 0, 75000, 75000
2015, RAJASTHAN, 8, JAIPUR, 93, SHAHPURA, 1278, SURANA, 38666, 1214014, Total, 0, 0, 0, 0, 0, 0, 523836, 523836
2015, RAJASTHAN, 8, JAIPUR, 93, SHAHPURA, 1278, TODI, 262285, 1161496, Drinking water, 0, 0, 0, 0, 0, 0, 536000, 536000
2015, RAJASTHAN, 8, JAIPUR, 93, SHAHPURA, 1278, TODI, 262285, 1161496, Total, 0, 0, 0, 0, 0, 0, 536000, 536000
2015, RAJASTHAN, 8, JAIPUR, 93, SHAHPURA, 1278, UDAWALA, 262288, 1196370, Drinking water, 0, 0, 0, 0, 0, 0, 530650, 530650
2015, RAJASTHAN, 8, JAIPUR, 93, SHAHPURA, 1278, UDAWALA, 262288, 1196370, Total, 0, 0, 0, 0, 0, 0, 530650, 530650
2015, RAJASTHAN, 8, JAIPUR, 93, VIRATNAGAR, 1279, AMLODA, 38667, 1176289, Drinking water, 0, 0, 0, 0, 0, 0, 100000, 100000
2015, RAJASTHAN, 8, JAIPUR, 93, VIRATNAGAR, 1279, AMLODA, 38667, 1176289, Maintenance of community system, 0, 0, 0, 0, 0, 0, 711859, 711859
2015, RAJASTHAN, 8, JAIPUR, 93, VIRATNAGAR, 1279, AMLODA, 38667, 1176289, Roads, 0, 0, 0, 0, 0, 0, 500000, 500000
2015, RAJASTHAN, 8, JAIPUR, 93, VIRATNAGAR, 1279, AMLODA, 38667, 1176289, Total, 0, 0, 0, 0, 0, 0, 1311859, 1311859
2015, RAJASTHAN, 8, JAIPUR, 93, VIRATNAGAR, 1279, ANTELA, 38668, 1177174, Drinking water, 0, 0, 0, 0, 0, 0, 282464, 282464
2015, RAJASTHAN, 8, JAIPUR, 93, VIRATNAGAR, 1279, ANTELA, 38668, 1177174, Maintenance of community system, 0, 0, 0, 0, 0, 0, 1100000, 1100000
2015, RAJASTHAN, 8, JAIPUR, 93, VIRATNAGAR, 1279, ANTELA, 38668, 1177174, Total, 0, 0, 0, 0, 0, 0, 1382464, 1382464
2015, RAJASTHAN, 8, JAIPUR, 93, VIRATNAGAR, 1279, BADODIYA, 38669, 1163073, Drinking water, 0, 0, 0, 0, 0, 0, 202350, 202350
2015, RAJASTHAN, 8, JAIPUR, 93, VIRATNAGAR, 1279, BADODIYA, 38669, 1163073, Maintenance of community system, 0, 0, 0, 0, 0, 0, 383710, 383710
2015, RAJASTHAN, 8, JAIPUR, 93, VIRATNAGAR, 1279, BADODIYA, 38669, 1163073, Roads, 0, 0, 0, 0, 0, 0, 300000, 300000
2015, RAJASTHAN, 8, JAIPUR, 93, VIRATNAGAR, 1279, BADODIYA, 38669, 1163073, Total, 0, 0, 0, 0, 0, 0, 886060, 886060
2015, RAJASTHAN, 8, JAIPUR, 93, VIRATNAGAR, 1279, BAGAWAS AHIRAN, 38670, 1188703, Drinking water, 0, 0, 0, 0, 0, 0, 612598, 612598
2015, RAJASTHAN, 8, JAIPUR, 93, VIRATNAGAR, 1279, BAGAWAS AHIRAN, 38670, 1188703, Maintenance of community system, 0, 0, 0, 0, 0, 0, 150000, 150000
2015, RAJASTHAN, 8, JAIPUR, 93, VIRATNAGAR, 1279, BAGAWAS AHIRAN, 38670, 1188703, Public distribution system, 0, 0, 0, 0, 0, 0, 300000, 300000
2015, RAJASTHAN, 8, JAIPUR, 93, VIRATNAGAR, 1279, BAGAWAS AHIRAN, 38670, 1188703, Roads, 0, 0, 0, 0, 0, 0, 650000, 650000
2015, RAJASTHAN, 8, JAIPUR, 93, VIRATNAGAR, 1279, BAGAWAS AHIRAN, 38670, 1188703, Total, 0, 0, 0, 0, 0, 0, 1712598, 1712598
2015, RAJASTHAN, 8, JAIPUR, 93, VIRATNAGAR, 1279, BAGAWAS CHORASI, 38671, 1171956, Roads, 0, 0, 0, 0, 0, 0, 1739828, 1739828
2015, RAJASTHAN, 8, JAIPUR, 93, VIRATNAGAR, 1279, BAGAWAS CHORASI, 38671, 1171956, Total, 0, 0, 0, 0, 0, 0, 1739828, 1739828
2015, RAJASTHAN, 8, JAIPUR, 93, VIRATNAGAR, 1279, BAJRANG PURA, 38672, 1143767, Drinking water, 0, 0, 0, 0, 0, 0, 1264628, 1264628
2015, RAJASTHAN, 8, JAIPUR, 93, VIRATNAGAR, 1279, BAJRANG PURA, 38672, 1143767, Total, 0, 0, 0, 0, 0, 0, 1264628, 1264628
2015, RAJASTHAN, 8, JAIPUR, 93, VIRATNAGAR, 1279, BEELWARI, 38674, 1171907, Drinking water, 0, 0, 0, 0, 0, 0, 135385, 135385
2015, RAJASTHAN, 8, JAIPUR, 93, VIRATNAGAR, 1279, BEELWARI, 38674, 1171907, Maintenance of community system, 0, 0, 0, 0, 0, 0, 605426, 605426
2015, RAJASTHAN, 8, JAIPUR, 93, VIRATNAGAR, 1279, BEELWARI, 38674, 1171907, Roads, 0, 0, 0, 0, 0, 0, 1500000, 1500000
2015, RAJASTHAN, 8, JAIPUR, 93, VIRATNAGAR, 1279, BEELWARI, 38674, 1171907, Total, 0, 0, 0, 0, 0, 0, 2240811, 2240811
2015, RAJASTHAN, 8, JAIPUR, 93, VIRATNAGAR, 1279, BHABROO, 38675, 1187080, Drinking water, 0, 0, 0, 0, 0, 0, 130164, 130164
2015, RAJASTHAN, 8, JAIPUR, 93, VIRATNAGAR, 1279, BHABROO, 38675, 1187080, Maintenance of community system, 0, 0, 0, 0, 0, 0, 800000, 800000
2015, RAJASTHAN, 8, JAIPUR, 93, VIRATNAGAR, 1279, BHABROO, 38675, 1187080, Total, 0, 0, 0, 0, 0, 0, 930164, 930164
2015, RAJASTHAN, 8, JAIPUR, 93, VIRATNAGAR, 1279, BHAMOD, 38676, 1162939, Total, 0, 0, 0, 0, 0, 0, 1111610, 1111610
2015, RAJASTHAN, 8, JAIPUR, 93, VIRATNAGAR, 1279, BHAMOD, 38676, 1162939, Welfare of the weaker sections, 0, 0, 0, 0, 0, 0, 1111610, 1111610
2015, RAJASTHAN, 8, JAIPUR, 93, VIRATNAGAR, 1279, CHAPRA KHURD, 38678, 1165499, Drinking water, 0, 0, 0, 0, 0, 0, 637000, 637000
2015, RAJASTHAN, 8, JAIPUR, 93, VIRATNAGAR, 1279, CHAPRA KHURD, 38678, 1165499, Total, 0, 0, 0, 0, 0, 0, 637000, 637000
2015, RAJASTHAN, 8, JAIPUR, 93, VIRATNAGAR, 1279, CHITHOLI, 38679, 1173351, Drinking water, 0, 0, 0, 0, 0, 0, 977260, 977260
2015, RAJASTHAN, 8, JAIPUR, 93, VIRATNAGAR, 1279, CHITHOLI, 38679, 1173351, Maintenance of community system, 0, 0, 0, 0, 0, 0, 471713, 471713
2015, RAJASTHAN, 8, JAIPUR, 93, VIRATNAGAR, 1279, CHITHOLI, 38679, 1173351, Total, 0, 0, 0, 0, 0, 0, 1448973, 1448973
2015, RAJASTHAN, 8, JAIPUR, 93, VIRATNAGAR, 1279, DHANI GAISKAN, 38680, 1173500, Drinking water, 0, 0, 0, 0, 0, 0, 639500, 639500
2015, RAJASTHAN, 8, JAIPUR, 93, VIRATNAGAR, 1279, DHANI GAISKAN, 38680, 1173500, Maintenance of community system, 0, 0, 0, 0, 0, 0, 607298, 607298
2015, RAJASTHAN, 8, JAIPUR, 93, VIRATNAGAR, 1279, DHANI GAISKAN, 38680, 1173500, Total, 0, 0, 0, 0, 0, 0, 1246798, 1246798
2015, RAJASTHAN, 8, JAIPUR, 93, VIRATNAGAR, 1279, GOVINDPURA DHABHAI, 38681, 1176474, Maintenance of community system, 0, 0, 0, 0, 0, 0, 494999, 494999
2015, RAJASTHAN, 8, JAIPUR, 93, VIRATNAGAR, 1279, GOVINDPURA DHABHAI, 38681, 1176474, Roads, 0, 0, 0, 0, 0, 0, 1000000, 1000000
2015, RAJASTHAN, 8, JAIPUR, 93, VIRATNAGAR, 1279, GOVINDPURA DHABHAI, 38681, 1176474, Total, 0, 0, 0, 0, 0, 0, 1494999, 1494999
2015, RAJASTHAN, 8, JAIPUR, 93, VIRATNAGAR, 1279, JAI SINGH PURA, 38682, 1162907, Drinking water, 0, 0, 0, 0, 0, 0, 787619, 787619
2015, RAJASTHAN, 8, JAIPUR, 93, VIRATNAGAR, 1279, JAI SINGH PURA, 38682, 1162907, Health, 0, 0, 0, 0, 0, 0, 100000, 100000
2015, RAJASTHAN, 8, JAIPUR, 93, VIRATNAGAR, 1279, JAI SINGH PURA, 38682, 1162907, Total, 0, 0, 0, 0, 0, 0, 887619, 887619
2015, RAJASTHAN, 8, JAIPUR, 93, VIRATNAGAR, 1279, JAJAIKALAN, 38683, 1139174, Drinking water, 0, 0, 0, 0, 0, 0, 217103, 217103
2015, RAJASTHAN, 8, JAIPUR, 93, VIRATNAGAR, 1279, JAJAIKALAN, 38683, 1139174, Maintenance of community system, 0, 0, 0, 0, 0, 0, 210159, 210159
2015, RAJASTHAN, 8, JAIPUR, 93, VIRATNAGAR, 1279, JAJAIKALAN, 38683, 1139174, Roads, 0, 0, 0, 0, 0, 0, 400000, 400000
2015, RAJASTHAN, 8, JAIPUR, 93, VIRATNAGAR, 1279, JAJAIKALAN, 38683, 1139174, Total, 0, 0, 0, 0, 0, 0, 827262, 827262
2015, RAJASTHAN, 8, JAIPUR, 93, VIRATNAGAR, 1279, JAWAN PURA, 38684, 1205339, Drinking water, 0, 0, 0, 0, 0, 0, 369904, 369904
2015, RAJASTHAN, 8, JAIPUR, 93, VIRATNAGAR, 1279, JAWAN PURA, 38684, 1205339, Total, 0, 0, 0, 0, 0, 0, 369904, 369904
2015, RAJASTHAN, 8, JAIPUR, 93, VIRATNAGAR, 1279, JODHULA, 38686, 1176484, Drinking water, 0, 0, 0, 0, 0, 0, 250000, 250000
2015, RAJASTHAN, 8, JAIPUR, 93, VIRATNAGAR, 1279, JODHULA, 38686, 1176484, Maintenance of community system, 0, 0, 0, 0, 0, 0, 345441, 345441
2015, RAJASTHAN, 8, JAIPUR, 93, VIRATNAGAR, 1279, JODHULA, 38686, 1176484, Total, 0, 0, 0, 0, 0, 0, 595441, 595441
2015, RAJASTHAN, 8, JAIPUR, 93, VIRATNAGAR, 1279, KUHADA, 38689, 1171869, Drinking water, 0, 0, 0, 0, 0, 0, 213454, 213454
2015, RAJASTHAN, 8, JAIPUR, 93, VIRATNAGAR, 1279, KUHADA, 38689, 1171869, Maintenance of community system, 0, 0, 0, 0, 0, 0, 156851, 156851
2015, RAJASTHAN, 8, JAIPUR, 93, VIRATNAGAR, 1279, KUHADA, 38689, 1171869, Roads, 0, 0, 0, 0, 0, 0, 798175, 798175
2015, RAJASTHAN, 8, JAIPUR, 93, VIRATNAGAR, 1279, KUHADA, 38689, 1171869, Total, 0, 0, 0, 0, 0, 0, 1168480, 1168480
2015, RAJASTHAN, 8, JAIPUR, 93, VIRATNAGAR, 1279, LUHAKANA KALAN, 38690, 1176467, Maintenance of community system, 0, 0, 0, 0, 0, 0, 1004629, 1004629
2015, RAJASTHAN, 8, JAIPUR, 93, VIRATNAGAR, 1279, LUHAKANA KALAN, 38690, 1176467, Roads, 0, 0, 0, 0, 0, 0, 280000, 280000
2015, RAJASTHAN, 8, JAIPUR, 93, VIRATNAGAR, 1279, LUHAKANA KALAN, 38690, 1176467, Total, 0, 0, 0, 0, 0, 0, 1284629, 1284629
2015, RAJASTHAN, 8, JAIPUR, 93, VIRATNAGAR, 1279, MED, 38692, 1176455, Drinking water, 0, 0, 0, 0, 0, 0, 1250000, 1250000
2015, RAJASTHAN, 8, JAIPUR, 93, VIRATNAGAR, 1279, MED, 38692, 1176455, Maintenance of community system, 0, 0, 0, 0, 0, 0, 1251063, 1251063
2015, RAJASTHAN, 8, JAIPUR, 93, VIRATNAGAR, 1279, MED, 38692, 1176455, Total, 0, 0, 0, 0, 0, 0, 2501063, 2501063
2015, RAJASTHAN, 8, JAIPUR, 93, VIRATNAGAR, 1279, NAVRANGPURA, 38693, 1162877, Drinking water, 0, 0, 0, 0, 0, 0, 300000, 300000
2015, RAJASTHAN, 8, JAIPUR, 93, VIRATNAGAR, 1279, NAVRANGPURA, 38693, 1162877, Maintenance of community system, 0, 0, 0, 0, 0, 0, 71606, 71606
2015, RAJASTHAN, 8, JAIPUR, 93, VIRATNAGAR, 1279, NAVRANGPURA, 38693, 1162877, Roads, 0, 0, 0, 0, 0, 0, 1063872, 1063872
2015, RAJASTHAN, 8, JAIPUR, 93, VIRATNAGAR, 1279, NAVRANGPURA, 38693, 1162877, Total, 0, 0, 0, 0, 0, 0, 1435478, 1435478
2015, RAJASTHAN, 8, JAIPUR, 93, VIRATNAGAR, 1279, PALDI, 38695, 1180151, Roads, 0, 0, 0, 0, 0, 0, 2777664, 2777664
2015, RAJASTHAN, 8, JAIPUR, 93, VIRATNAGAR, 1279, PALDI, 38695, 1180151, Total, 0, 0, 0, 0, 0, 0, 2777664, 2777664
2015, RAJASTHAN, 8, JAIPUR, 93, VIRATNAGAR, 1279, PAPRA, 262242, 1192755, Drinking water, 0, 0, 0, 0, 0, 0, 601007, 601007
2015, RAJASTHAN, 8, JAIPUR, 93, VIRATNAGAR, 1279, PAPRA, 262242, 1192755, Maintenance of community system, 0, 0, 0, 0, 0, 0, 500000, 500000
2015, RAJASTHAN, 8, JAIPUR, 93, VIRATNAGAR, 1279, PAPRA, 262242, 1192755, Total, 0, 0, 0, 0, 0, 0, 1101007, 1101007
2015, RAJASTHAN, 8, JAIPUR, 93, VIRATNAGAR, 1279, PURA WALA, 38698, 1190745, Roads, 0, 0, 0, 0, 0, 0, 1233061, 1233061
2015, RAJASTHAN, 8, JAIPUR, 93, VIRATNAGAR, 1279, PURA WALA, 38698, 1190745, Total, 0, 0, 0, 0, 0, 0, 1233061, 1233061
2015, RAJASTHAN, 8, JAIPUR, 93, VIRATNAGAR, 1279, RAM PURA, 38699, 1192746, Roads, 0, 0, 0, 0, 0, 0, 996666, 996666
2015, RAJASTHAN, 8, JAIPUR, 93, VIRATNAGAR, 1279, RAM PURA, 38699, 1192746, Total, 0, 0, 0, 0, 0, 0, 996666, 996666
2015, RAJASTHAN, 8, JAIPUR, 93, VIRATNAGAR, 1279, SOTHANA, 38700, 1171946, Roads, 0, 0, 0, 0, 0, 0, 1446564, 1446564
2015, RAJASTHAN, 8, JAIPUR, 93, VIRATNAGAR, 1279, SOTHANA, 38700, 1171946, Total, 0, 0, 0, 0, 0, 0, 1446564, 1446564
2015, RAJASTHAN, 8, JAIPUR, 93, VIRATNAGAR, 1279, TALWA, 38701, 1171891, Maintenance of community system, 0, 0, 0, 0, 0, 0, 823010, 823010
2015, RAJASTHAN, 8, JAIPUR, 93, VIRATNAGAR, 1279, TALWA, 38701, 1171891, Roads, 0, 0, 0, 0, 0, 0, 133413, 133413
2015, RAJASTHAN, 8, JAIPUR, 93, VIRATNAGAR, 1279, TALWA, 38701, 1171891, Total, 0, 0, 0, 0, 0, 0, 956423, 956423
2015, RAJASTHAN, 8, JAIPUR, 93, VIRATNAGAR, 1279, TEORI, 38702, 1185195, Drinking water, 0, 0, 0, 0, 0, 0, 1071067, 1071067
2015, RAJASTHAN, 8, JAIPUR, 93, VIRATNAGAR, 1279, TEORI, 38702, 1185195, Maintenance of community system, 0, 0, 0, 0, 0, 0, 300000, 300000
2015, RAJASTHAN, 8, JAIPUR, 93, VIRATNAGAR, 1279, TEORI, 38702, 1185195, Total, 0, 0, 0, 0, 0, 0, 1371067, 1371067
2015, RAJASTHAN, 8, JAISALMER, 94, JAISALMER, 1280, AJASAR, 38704, 1124295, Drinking water, 0, 0, 0, 0, 0, 0, 200000, 200000
2015, RAJASTHAN, 8, JAISALMER, 94, JAISALMER, 1280, AJASAR, 38704, 1124295, Education, 0, 0, 0, 0, 0, 0, 400000, 400000
2015, RAJASTHAN, 8, JAISALMER, 94, JAISALMER, 1280, AJASAR, 38704, 1124295, Land improvement, 0, 0, 0, 0, 0, 0, 2668616, 2668616
2015, RAJASTHAN, 8, JAISALMER, 94, JAISALMER, 1280, AJASAR, 38704, 1124295, Sanitation, 0, 0, 0, 0, 0, 0, 3580000, 3580000
2015, RAJASTHAN, 8, JAISALMER, 94, JAISALMER, 1280, AJASAR, 38704, 1124295, Total, 0, 0, 0, 0, 0, 0, 6848616, 6848616
2015, RAJASTHAN, 8, JAISALMER, 94, JAISALMER, 1280, AMAR SAGAR, 38705, 1122509, Drinking water, 0, 0, 0, 0, 0, 0, 415174, 415174
2015, RAJASTHAN, 8, JAISALMER, 94, JAISALMER, 1280, AMAR SAGAR, 38705, 1122509, Land improvement, 0, 0, 0, 0, 0, 0, 1000000, 1000000
2015, RAJASTHAN, 8, JAISALMER, 94, JAISALMER, 1280, AMAR SAGAR, 38705, 1122509, Roads, 0, 0, 0, 0, 0, 0, 4500000, 4500000
2015, RAJASTHAN, 8, JAISALMER, 94, JAISALMER, 1280, AMAR SAGAR, 38705, 1122509, Total, 0, 0, 0, 0, 0, 0, 5915174, 5915174
2015, RAJASTHAN, 8, JAISALMER, 94, JAISALMER, 1280, ASKANDRA, 38706, 1102016, Drinking water, 0, 0, 0, 0, 0, 0, 985000, 985000
2015, RAJASTHAN, 8, JAISALMER, 94, JAISALMER, 1280, ASKANDRA, 38706, 1102016, Education, 0, 0, 0, 0, 0, 0, 253155, 253155
2015, RAJASTHAN, 8, JAISALMER, 94, JAISALMER, 1280, ASKANDRA, 38706, 1102016, Health, 0, 0, 0, 0, 0, 0, 100000, 100000
2015, RAJASTHAN, 8, JAISALMER, 94, JAISALMER, 1280, ASKANDRA, 38706, 1102016, Land improvement, 0, 0, 0, 0, 0, 0, 2250000, 2250000
2015, RAJASTHAN, 8, JAISALMER, 94, JAISALMER, 1280, ASKANDRA, 38706, 1102016, Sanitation, 0, 0, 0, 0, 0, 0, 630000, 630000
2015, RAJASTHAN, 8, JAISALMER, 94, JAISALMER, 1280, ASKANDRA, 38706, 1102016, Total, 0, 0, 0, 0, 0, 0, 4218155, 4218155
2015, RAJASTHAN, 8, JAISALMER, 94, JAISALMER, 1280, AWAY, 38707, 1102082, Drinking water, 0, 0, 0, 0, 0, 0, 3242083, 3242083
2015, RAJASTHAN, 8, JAISALMER, 94, JAISALMER, 1280, AWAY, 38707, 1102082, Land improvement, 0, 0, 0, 0, 0, 0, 1550000, 1550000
2015, RAJASTHAN, 8, JAISALMER, 94, JAISALMER, 1280, AWAY, 38707, 1102082, Roads, 0, 0, 0, 0, 0, 0, 1000000, 1000000
2015, RAJASTHAN, 8, JAISALMER, 94, JAISALMER, 1280, AWAY, 38707, 1102082, Sanitation, 0, 0, 0, 0, 0, 0, 150000, 150000
2015, RAJASTHAN, 8, JAISALMER, 94, JAISALMER, 1280, AWAY, 38707, 1102082, Total, 0, 0, 0, 0, 0, 0, 5942083, 5942083
2015, RAJASTHAN, 8, JAISALMER, 94, JAISALMER, 1280, BADABAGH, 262691, 1122453, Drinking water, 0, 0, 0, 0, 0, 0, 200000, 200000
2015, RAJASTHAN, 8, JAISALMER, 94, JAISALMER, 1280, BADABAGH, 262691, 1122453, Land improvement, 0, 0, 0, 0, 0, 0, 2950000, 2950000
2015, RAJASTHAN, 8, JAISALMER, 94, JAISALMER, 1280, BADABAGH, 262691, 1122453, Maintenance of community system, 0, 0, 0, 0, 0, 0, 500000, 500000
2015, RAJASTHAN, 8, JAISALMER, 94, JAISALMER, 1280, BADABAGH, 262691, 1122453, Roads, 0, 0, 0, 0, 0, 0, 1263266, 1263266
2015, RAJASTHAN, 8, JAISALMER, 94, JAISALMER, 1280, BADABAGH, 262691, 1122453, Sanitation, 0, 0, 0, 0, 0, 0, 200000, 200000
2015, RAJASTHAN, 8, JAISALMER, 94, JAISALMER, 1280, BADABAGH, 262691, 1122453, Total, 0, 0, 0, 0, 0, 0, 5113266, 5113266
2015, RAJASTHAN, 8, JAISALMER, 94, JAISALMER, 1280, BADODA GAON, 38708, 1122488, Drinking water, 0, 0, 0, 0, 0, 0, 1000000, 1000000
2015, RAJASTHAN, 8, JAISALMER, 94, JAISALMER, 1280, BADODA GAON, 38708, 1122488, Education, 0, 0, 0, 0, 0, 0, 900000, 900000
2015, RAJASTHAN, 8, JAISALMER, 94, JAISALMER, 1280, BADODA GAON, 38708, 1122488, Land improvement, 0, 0, 0, 0, 0, 0, 1193546, 1193546
2015, RAJASTHAN, 8, JAISALMER, 94, JAISALMER, 1280, BADODA GAON, 38708, 1122488, Roads, 0, 0, 0, 0, 0, 0, 4300000, 4300000
2015, RAJASTHAN, 8, JAISALMER, 94, JAISALMER, 1280, BADODA GAON, 38708, 1122488, Total, 0, 0, 0, 0, 0, 0, 7393546, 7393546
2015, RAJASTHAN, 8, JAISALMER, 94, JAISALMER, 1280, BAHLA, 38709, 1122053, Drinking water, 0, 0, 0, 0, 0, 0, 400000, 400000
2015, RAJASTHAN, 8, JAISALMER, 94, JAISALMER, 1280, BAHLA, 38709, 1122053, Roads, 0, 0, 0, 0, 0, 0, 4088938, 4088938
2015, RAJASTHAN, 8, JAISALMER, 94, JAISALMER, 1280, BAHLA, 38709, 1122053, Total, 0, 0, 0, 0, 0, 0, 4488938, 4488938
2015, RAJASTHAN, 8, JAISALMER, 94, JAISALMER, 1280, BANKALSAR, 262698, 1122050, Drinking water, 0, 0, 0, 0, 0, 0, 2000000, 2000000
2015, RAJASTHAN, 8, JAISALMER, 94, JAISALMER, 1280, BANKALSAR, 262698, 1122050, Land improvement, 0, 0, 0, 0, 0, 0, 1101567, 1101567
2015, RAJASTHAN, 8, JAISALMER, 94, JAISALMER, 1280, BANKALSAR, 262698, 1122050, Roads, 0, 0, 0, 0, 0, 0, 3000000, 3000000
2015, RAJASTHAN, 8, JAISALMER, 94, JAISALMER, 1280, BANKALSAR, 262698, 1122050, Total, 0, 0, 0, 0, 0, 0, 6101567, 6101567
2015, RAJASTHAN, 8, JAISALMER, 94, JAISALMER, 1280, BARAMSAR WITH BAISAKHI, 38710, 1124129, Drinking water, 0, 0, 0, 0, 0, 0, 250000, 250000
2015, RAJASTHAN, 8, JAISALMER, 94, JAISALMER, 1280, BARAMSAR WITH BAISAKHI, 38710, 1124129, Education, 0, 0, 0, 0, 0, 0, 300000, 300000
2015, RAJASTHAN, 8, JAISALMER, 94, JAISALMER, 1280, BARAMSAR WITH BAISAKHI, 38710, 1124129, Land improvement, 0, 0, 0, 0, 0, 0, 650000, 650000
2015, RAJASTHAN, 8, JAISALMER, 94, JAISALMER, 1280, BARAMSAR WITH BAISAKHI, 38710, 1124129, Roads, 0, 0, 0, 0, 0, 0, 2306046, 2306046
2015, RAJASTHAN, 8, JAISALMER, 94, JAISALMER, 1280, BARAMSAR WITH BAISAKHI, 38710, 1124129, Sanitation, 0, 0, 0, 0, 0, 0, 1400000, 1400000
2015, RAJASTHAN, 8, JAISALMER, 94, JAISALMER, 1280, BARAMSAR WITH BAISAKHI, 38710, 1124129, Total, 0, 0, 0, 0, 0, 0, 4906046, 4906046
2015, RAJASTHAN, 8, JAISALMER, 94, JAISALMER, 1280, BASANPEER (JOONI), 38711, 1122498, Drinking water, 0, 0, 0, 0, 0, 0, 800000, 800000
2015, RAJASTHAN, 8, JAISALMER, 94, JAISALMER, 1280, BASANPEER (JOONI), 38711, 1122498, Education, 0, 0, 0, 0, 0, 0, 1000000, 1000000
2015, RAJASTHAN, 8, JAISALMER, 94, JAISALMER, 1280, BASANPEER (JOONI), 38711, 1122498, Land improvement, 0, 0, 0, 0, 0, 0, 1500000, 1500000
2015, RAJASTHAN, 8, JAISALMER, 94, JAISALMER, 1280, BASANPEER (JOONI), 38711, 1122498, Roads, 0, 0, 0, 0, 0, 0, 4783116, 4783116
2015, RAJASTHAN, 8, JAISALMER, 94, JAISALMER, 1280, BASANPEER (JOONI), 38711, 1122498, Total, 0, 0, 0, 0, 0, 0, 8083116, 8083116
2015, RAJASTHAN, 8, JAISALMER, 94, JAISALMER, 1280, BHAREWALA, 38712, 1124288, Health, 0, 0, 0, 0, 0, 0, 1500000, 1500000
2015, RAJASTHAN, 8, JAISALMER, 94, JAISALMER, 1280, BHAREWALA, 38712, 1124288, Land improvement, 0, 0, 0, 0, 0, 0, 450000, 450000
2015, RAJASTHAN, 8, JAISALMER, 94, JAISALMER, 1280, BHAREWALA, 38712, 1124288, Roads, 0, 0, 0, 0, 0, 0, 9050000, 9050000
2015, RAJASTHAN, 8, JAISALMER, 94, JAISALMER, 1280, BHAREWALA, 38712, 1124288, Total, 0, 0, 0, 0, 0, 0, 11754662, 11754662
2015, RAJASTHAN, 8, JAISALMER, 94, JAISALMER, 1280, BHAREWALA, 38712, 1124288, Welfare of the weaker sections, 0, 0, 0, 0, 0, 0, 754662, 754662
2015, RAJASTHAN, 8, JAISALMER, 94, JAISALMER, 1280, BHOO, 38713, 1122209, Drinking water, 0, 0, 0, 0, 0, 0, 500000, 500000
2015, RAJASTHAN, 8, JAISALMER, 94, JAISALMER, 1280, BHOO, 38713, 1122209, Land improvement, 0, 0, 0, 0, 0, 0, 1819356, 1819356
2015, RAJASTHAN, 8, JAISALMER, 94, JAISALMER, 1280, BHOO, 38713, 1122209, Maintenance of community system, 0, 0, 0, 0, 0, 0, 1400000, 1400000
2015, RAJASTHAN, 8, JAISALMER, 94, JAISALMER, 1280, BHOO, 38713, 1122209, Roads, 0, 0, 0, 0, 0, 0, 1000000, 1000000
2015, RAJASTHAN, 8, JAISALMER, 94, JAISALMER, 1280, BHOO, 38713, 1122209, Total, 0, 0, 0, 0, 0, 0, 4719356, 4719356
2015, RAJASTHAN, 8, JAISALMER, 94, JAISALMER, 1280, BODANA, 38714, 1124134, Drinking water, 0, 0, 0, 0, 0, 0, 528103, 528103
2015, RAJASTHAN, 8, JAISALMER, 94, JAISALMER, 1280, BODANA, 38714, 1124134, Education, 0, 0, 0, 0, 0, 0, 1000000, 1000000
2015, RAJASTHAN, 8, JAISALMER, 94, JAISALMER, 1280, BODANA, 38714, 1124134, Land improvement, 0, 0, 0, 0, 0, 0, 1000000, 1000000
2015, RAJASTHAN, 8, JAISALMER, 94, JAISALMER, 1280, BODANA, 38714, 1124134, Roads, 0, 0, 0, 0, 0, 0, 1500000, 1500000
2015, RAJASTHAN, 8, JAISALMER, 94, JAISALMER, 1280, BODANA, 38714, 1124134, Total, 0, 0, 0, 0, 0, 0, 4028103, 4028103
2015, RAJASTHAN, 8, JAISALMER, 94, JAISALMER, 1280, BOHA, 38715, 1124151, Land improvement, 0, 0, 0, 0, 0, 0, 2334256, 2334256
2015, RAJASTHAN, 8, JAISALMER, 94, JAISALMER, 1280, BOHA, 38715, 1124151, Roads, 0, 0, 0, 0, 0, 0, 900000, 900000
2015, RAJASTHAN, 8, JAISALMER, 94, JAISALMER, 1280, BOHA, 38715, 1124151, Total, 0, 0, 0, 0, 0, 0, 3234256, 3234256
2015, RAJASTHAN, 8, JAISALMER, 94, JAISALMER, 1280, CHANDHAN, 38716, 1124264, Drinking water, 0, 0, 0, 0, 0, 0, 2600000, 2600000
2015, RAJASTHAN, 8, JAISALMER, 94, JAISALMER, 1280, CHANDHAN, 38716, 1124264, Land improvement, 0, 0, 0, 0, 0, 0, 4048466, 4048466
2015, RAJASTHAN, 8, JAISALMER, 94, JAISALMER, 1280, CHANDHAN, 38716, 1124264, Roads, 0, 0, 0, 0, 0, 0, 1500000, 1500000
2015, RAJASTHAN, 8, JAISALMER, 94, JAISALMER, 1280, CHANDHAN, 38716, 1124264, Sanitation, 0, 0, 0, 0, 0, 0, 2000000, 2000000
2015, RAJASTHAN, 8, JAISALMER, 94, JAISALMER, 1280, CHANDHAN, 38716, 1124264, Total, 0, 0, 0, 0, 0, 0, 10148466, 10148466
2015, RAJASTHAN, 8, JAISALMER, 94, JAISALMER, 1280, CHHATREL, 38717, 1122227, Drinking water, 0, 0, 0, 0, 0, 0, 1950000, 1950000
2015, RAJASTHAN, 8, JAISALMER, 94, JAISALMER, 1280, CHHATREL, 38717, 1122227, Education, 0, 0, 0, 0, 0, 0, 650000, 650000
2015, RAJASTHAN, 8, JAISALMER, 94, JAISALMER, 1280, CHHATREL, 38717, 1122227, Land improvement, 0, 0, 0, 0, 0, 0, 1749486, 1749486
2015, RAJASTHAN, 8, JAISALMER, 94, JAISALMER, 1280, CHHATREL, 38717, 1122227, Roads, 0, 0, 0, 0, 0, 0, 200000, 200000
2015, RAJASTHAN, 8, JAISALMER, 94, JAISALMER, 1280, CHHATREL, 38717, 1122227, Total, 0, 0, 0, 0, 0, 0, 4549486, 4549486
2015, RAJASTHAN, 8, JAISALMER, 94, JAISALMER, 1280, CHINNOO, 38718, 1113907, Drinking water, 0, 0, 0, 0, 0, 0, 900000, 900000
2015, RAJASTHAN, 8, JAISALMER, 94, JAISALMER, 1280, CHINNOO, 38718, 1113907, Khadi, 0, 0, 0, 0, 0, 0, 2417387, 2417387
2015, RAJASTHAN, 8, JAISALMER, 94, JAISALMER, 1280, CHINNOO, 38718, 1113907, Roads, 0, 0, 0, 0, 0, 0, 1000000, 1000000
2015, RAJASTHAN, 8, JAISALMER, 94, JAISALMER, 1280, CHINNOO, 38718, 1113907, Total, 0, 0, 0, 0, 0, 0, 4317387, 4317387
2015, RAJASTHAN, 8, JAISALMER, 94, JAISALMER, 1280, DABLA, 38719, 1124292, Drinking water, 0, 0, 0, 0, 0, 0, 2500000, 2500000
2015, RAJASTHAN, 8, JAISALMER, 94, JAISALMER, 1280, DABLA, 38719, 1124292, Land improvement, 0, 0, 0, 0, 0, 0, 4850291, 4850291
2015, RAJASTHAN, 8, JAISALMER, 94, JAISALMER, 1280, DABLA, 38719, 1124292, Roads, 0, 0, 0, 0, 0, 0, 2500000, 2500000
2015, RAJASTHAN, 8, JAISALMER, 94, JAISALMER, 1280, DABLA, 38719, 1124292, Sanitation, 0, 0, 0, 0, 0, 0, 500000, 500000
2015, RAJASTHAN, 8, JAISALMER, 94, JAISALMER, 1280, DABLA, 38719, 1124292, Total, 0, 0, 0, 0, 0, 0, 10350291, 10350291
2015, RAJASTHAN, 8, JAISALMER, 94, JAISALMER, 1280, DEWA, 38720, 1101696, Drinking water, 0, 0, 0, 0, 0, 0, 1750000, 1750000
2015, RAJASTHAN, 8, JAISALMER, 94, JAISALMER, 1280, DEWA, 38720, 1101696, Education, 0, 0, 0, 0, 0, 0, 880529, 880529
2015, RAJASTHAN, 8, JAISALMER, 94, JAISALMER, 1280, DEWA, 38720, 1101696, Land improvement, 0, 0, 0, 0, 0, 0, 100000, 100000
2015, RAJASTHAN, 8, JAISALMER, 94, JAISALMER, 1280, DEWA, 38720, 1101696, Roads, 0, 0, 0, 0, 0, 0, 1750000, 1750000
2015, RAJASTHAN, 8, JAISALMER, 94, JAISALMER, 1280, DEWA, 38720, 1101696, Total, 0, 0, 0, 0, 0, 0, 4480529, 4480529
2015, RAJASTHAN, 8, JAISALMER, 94, JAISALMER, 1280, DHAYSAR, 38721, 1122432, Drinking water, 0, 0, 0, 0, 0, 0, 1675000, 1675000
2015, RAJASTHAN, 8, JAISALMER, 94, JAISALMER, 1280, DHAYSAR, 38721, 1122432, Land improvement, 0, 0, 0, 0, 0, 0, 2600000, 2600000
2015, RAJASTHAN, 8, JAISALMER, 94, JAISALMER, 1280, DHAYSAR, 38721, 1122432, Roads, 0, 0, 0, 0, 0, 0, 1498592, 1498592
2015, RAJASTHAN, 8, JAISALMER, 94, JAISALMER, 1280, DHAYSAR, 38721, 1122432, Sanitation, 0, 0, 0, 0, 0, 0, 1625000, 1625000
2015, RAJASTHAN, 8, JAISALMER, 94, JAISALMER, 1280, DHAYSAR, 38721, 1122432, Total, 0, 0, 0, 0, 0, 0, 7398592, 7398592
2015, RAJASTHAN, 8, JAISALMER, 94, JAISALMER, 1280, HAMEERA, 38722, 1122208, Drinking water, 0, 0, 0, 0, 0, 0, 1323870, 1323870
2015, RAJASTHAN, 8, JAISALMER, 94, JAISALMER, 1280, HAMEERA, 38722, 1122208, Land improvement, 0, 0, 0, 0, 0, 0, 1000000, 1000000
2015, RAJASTHAN, 8, JAISALMER, 94, JAISALMER, 1280, HAMEERA, 38722, 1122208, Roads, 0, 0, 0, 0, 0, 0, 4000000, 4000000
2015, RAJASTHAN, 8, JAISALMER, 94, JAISALMER, 1280, HAMEERA, 38722, 1122208, Total, 0, 0, 0, 0, 0, 0, 6323870, 6323870
2015, RAJASTHAN, 8, JAISALMER, 94, JAISALMER, 1280, JALOOWALA, 38723, 1122232, Drinking water, 0, 0, 0, 0, 0, 0, 4163229, 4163229
2015, RAJASTHAN, 8, JAISALMER, 94, JAISALMER, 1280, JALOOWALA, 38723, 1122232, Roads, 0, 0, 0, 0, 0, 0, 800000, 800000
2015, RAJASTHAN, 8, JAISALMER, 94, JAISALMER, 1280, JALOOWALA, 38723, 1122232, Total, 0, 0, 0, 0, 0, 0, 4963229, 4963229
2015, RAJASTHAN, 8, JAISALMER, 94, JAISALMER, 1280, JAWAHARNAGAR, 262703, 1124174, Land improvement, 0, 0, 0, 0, 0, 0, 1000000, 1000000
2015, RAJASTHAN, 8, JAISALMER, 94, JAISALMER, 1280, JAWAHARNAGAR, 262703, 1124174, Roads, 0, 0, 0, 0, 0, 0, 1721104, 1721104
2015, RAJASTHAN, 8, JAISALMER, 94, JAISALMER, 1280, JAWAHARNAGAR, 262703, 1124174, Sanitation, 0, 0, 0, 0, 0, 0, 1500000, 1500000
2015, RAJASTHAN, 8, JAISALMER, 94, JAISALMER, 1280, JAWAHARNAGAR, 262703, 1124174, Total, 0, 0, 0, 0, 0, 0, 4221104, 4221104
2015, RAJASTHAN, 8, JAISALMER, 94, JAISALMER, 1280, KANOD, 38724, 1124165, Drinking water, 0, 0, 0, 0, 0, 0, 1660246, 1660246
2015, RAJASTHAN, 8, JAISALMER, 94, JAISALMER, 1280, KANOD, 38724, 1124165, Land improvement, 0, 0, 0, 0, 0, 0, 2000000, 2000000
2015, RAJASTHAN, 8, JAISALMER, 94, JAISALMER, 1280, KANOD, 38724, 1124165, Roads, 0, 0, 0, 0, 0, 0, 3000000, 3000000
2015, RAJASTHAN, 8, JAISALMER, 94, JAISALMER, 1280, KANOD, 38724, 1124165, Total, 0, 0, 0, 0, 0, 0, 6660246, 6660246
2015, RAJASTHAN, 8, JAISALMER, 94, JAISALMER, 1280, KATHODI(G), 38725, 1122201, Drinking water, 0, 0, 0, 0, 0, 0, 500000, 500000
2015, RAJASTHAN, 8, JAISALMER, 94, JAISALMER, 1280, KATHODI(G), 38725, 1122201, Roads, 0, 0, 0, 0, 0, 0, 1400000, 1400000
2015, RAJASTHAN, 8, JAISALMER, 94, JAISALMER, 1280, KATHODI(G), 38725, 1122201, Sanitation, 0, 0, 0, 0, 0, 0, 992834, 992834
2015, RAJASTHAN, 8, JAISALMER, 94, JAISALMER, 1280, KATHODI(G), 38725, 1122201, Total, 0, 0, 0, 0, 0, 0, 2892834, 2892834
2015, RAJASTHAN, 8, JAISALMER, 94, JAISALMER, 1280, KEETA, 38726, 1122198, Cultural activities, 0, 0, 0, 0, 0, 0, 1000000, 1000000
2015, RAJASTHAN, 8, JAISALMER, 94, JAISALMER, 1280, KEETA, 38726, 1122198, Drinking water, 0, 0, 0, 0, 0, 0, 2800000, 2800000
2015, RAJASTHAN, 8, JAISALMER, 94, JAISALMER, 1280, KEETA, 38726, 1122198, Land improvement, 0, 0, 0, 0, 0, 0, 1794653, 1794653
2015, RAJASTHAN, 8, JAISALMER, 94, JAISALMER, 1280, KEETA, 38726, 1122198, Roads, 0, 0, 0, 0, 0, 0, 1000000, 1000000
2015, RAJASTHAN, 8, JAISALMER, 94, JAISALMER, 1280, KEETA, 38726, 1122198, Total, 0, 0, 0, 0, 0, 0, 6594653, 6594653
2015, RAJASTHAN, 8, JAISALMER, 94, JAISALMER, 1280, KHEENWSAR, 38727, 1122039, Land improvement, 0, 0, 0, 0, 0, 0, 1000000, 1000000
2015, RAJASTHAN, 8, JAISALMER, 94, JAISALMER, 1280, KHEENWSAR, 38727, 1122039, Roads, 0, 0, 0, 0, 0, 0, 2000000, 2000000
2015, RAJASTHAN, 8, JAISALMER, 94, JAISALMER, 1280, KHEENWSAR, 38727, 1122039, Sanitation, 0, 0, 0, 0, 0, 0, 37477, 37477
2015, RAJASTHAN, 8, JAISALMER, 94, JAISALMER, 1280, KHEENWSAR, 38727, 1122039, Total, 0, 0, 0, 0, 0, 0, 3037477, 3037477
2015, RAJASTHAN, 8, JAISALMER, 94, JAISALMER, 1280, KHEEYA, 38728, 1115226, Health, 0, 0, 0, 0, 0, 0, 500000, 500000
2015, RAJASTHAN, 8, JAISALMER, 94, JAISALMER, 1280, KHEEYA, 38728, 1115226, Land improvement, 0, 0, 0, 0, 0, 0, 2500000, 2500000
2015, RAJASTHAN, 8, JAISALMER, 94, JAISALMER, 1280, KHEEYA, 38728, 1115226, Roads, 0, 0, 0, 0, 0, 0, 1065104, 1065104
2015, RAJASTHAN, 8, JAISALMER, 94, JAISALMER, 1280, KHEEYA, 38728, 1115226, Total, 0, 0, 0, 0, 0, 0, 4065104, 4065104
2015, RAJASTHAN, 8, JAISALMER, 94, JAISALMER, 1280, MADASAR, 38729, 1101997, Education, 0, 0, 0, 0, 0, 0, 256913, 256913
2015, RAJASTHAN, 8, JAISALMER, 94, JAISALMER, 1280, MADASAR, 38729, 1101997, Land improvement, 0, 0, 0, 0, 0, 0, 3529000, 3529000
2015, RAJASTHAN, 8, JAISALMER, 94, JAISALMER, 1280, MADASAR, 38729, 1101997, Total, 0, 0, 0, 0, 0, 0, 3785913, 3785913
2015, RAJASTHAN, 8, JAISALMER, 94, JAISALMER, 1280, MOHANGARH, 38730, 1124283, Drinking water, 0, 0, 0, 0, 0, 0, 8975000, 8975000
2015, RAJASTHAN, 8, JAISALMER, 94, JAISALMER, 1280, MOHANGARH, 38730, 1124283, Education, 0, 0, 0, 0, 0, 0, 956575, 956575
2015, RAJASTHAN, 8, JAISALMER, 94, JAISALMER, 1280, MOHANGARH, 38730, 1124283, Health, 0, 0, 0, 0, 0, 0, 4700000, 4700000
2015, RAJASTHAN, 8, JAISALMER, 94, JAISALMER, 1280, MOHANGARH, 38730, 1124283, Land improvement, 0, 0, 0, 0, 0, 0, 2800000, 2800000
2015, RAJASTHAN, 8, JAISALMER, 94, JAISALMER, 1280, MOHANGARH, 38730, 1124283, Roads, 0, 0, 0, 0, 0, 0, 3100000, 3100000
2015, RAJASTHAN, 8, JAISALMER, 94, JAISALMER, 1280, MOHANGARH, 38730, 1124283, Sanitation, 0, 0, 0, 0, 0, 0, 1200000, 1200000
2015, RAJASTHAN, 8, JAISALMER, 94, JAISALMER, 1280, MOHANGARH, 38730, 1124283, Total, 0, 0, 0, 0, 0, 0, 21731575, 21731575
2015, RAJASTHAN, 8, JAISALMER, 94, JAISALMER, 1280, MOKLA, 38731, 1122202, Drinking water, 0, 0, 0, 0, 0, 0, 1300000, 1300000
2015, RAJASTHAN, 8, JAISALMER, 94, JAISALMER, 1280, MOKLA, 38731, 1122202, Land improvement, 0, 0, 0, 0, 0, 0, 455158, 455158
2015, RAJASTHAN, 8, JAISALMER, 94, JAISALMER, 1280, MOKLA, 38731, 1122202, Roads, 0, 0, 0, 0, 0, 0, 2500000, 2500000
2015, RAJASTHAN, 8, JAISALMER, 94, JAISALMER, 1280, MOKLA, 38731, 1122202, Total, 0, 0, 0, 0, 0, 0, 4255158, 4255158
2015, RAJASTHAN, 8, JAISALMER, 94, JAISALMER, 1280, NACHNA, 38732, 1124305, Drinking water, 0, 0, 0, 0, 0, 0, 900000, 900000
2015, RAJASTHAN, 8, JAISALMER, 94, JAISALMER, 1280, NACHNA, 38732, 1124305, Land improvement, 0, 0, 0, 0, 0, 0, 1746202, 1746202
2015, RAJASTHAN, 8, JAISALMER, 94, JAISALMER, 1280, NACHNA, 38732, 1124305, Roads, 0, 0, 0, 0, 0, 0, 8300000, 8300000
2015, RAJASTHAN, 8, JAISALMER, 94, JAISALMER, 1280, NACHNA, 38732, 1124305, Sanitation, 0, 0, 0, 0, 0, 0, 1900000, 1900000
2015, RAJASTHAN, 8, JAISALMER, 94, JAISALMER, 1280, NACHNA, 38732, 1124305, Total, 0, 0, 0, 0, 0, 0, 12846202, 12846202
2015, RAJASTHAN, 8, JAISALMER, 94, JAISALMER, 1280, NEDHAI, 38733, 1122459, Education, 0, 0, 0, 0, 0, 0, 603856, 603856
2015, RAJASTHAN, 8, JAISALMER, 94, JAISALMER, 1280, NEDHAI, 38733, 1122459, Land improvement, 0, 0, 0, 0, 0, 0, 2550000, 2550000
2015, RAJASTHAN, 8, JAISALMER, 94, JAISALMER, 1280, NEDHAI, 38733, 1122459, Roads, 0, 0, 0, 0, 0, 0, 2600000, 2600000
2015, RAJASTHAN, 8, JAISALMER, 94, JAISALMER, 1280, NEDHAI, 38733, 1122459, Sanitation, 0, 0, 0, 0, 0, 0, 200000, 200000
2015, RAJASTHAN, 8, JAISALMER, 94, JAISALMER, 1280, NEDHAI, 38733, 1122459, Total, 0, 0, 0, 0, 0, 0, 5953856, 5953856
2015, RAJASTHAN, 8, JAISALMER, 94, JAISALMER, 1280, NOKH, 38734, 1101992, Drinking water, 0, 0, 0, 0, 0, 0, 210000, 210000
2015, RAJASTHAN, 8, JAISALMER, 94, JAISALMER, 1280, NOKH, 38734, 1101992, Education, 0, 0, 0, 0, 0, 0, 4588869, 4588869
2015, RAJASTHAN, 8, JAISALMER, 94, JAISALMER, 1280, NOKH, 38734, 1101992, Health, 0, 0, 0, 0, 0, 0, 250000, 250000
2015, RAJASTHAN, 8, JAISALMER, 94, JAISALMER, 1280, NOKH, 38734, 1101992, Land improvement, 0, 0, 0, 0, 0, 0, 4600000, 4600000
2015, RAJASTHAN, 8, JAISALMER, 94, JAISALMER, 1280, NOKH, 38734, 1101992, Sanitation, 0, 0, 0, 0, 0, 0, 360000, 360000
2015, RAJASTHAN, 8, JAISALMER, 94, JAISALMER, 1280, NOKH, 38734, 1101992, Total, 0, 0, 0, 0, 0, 0, 10008869, 10008869
2015, RAJASTHAN, 8, JAISALMER, 94, JAISALMER, 1280, PANCHE KA TALA, 38735, 1122505, Health, 0, 0, 0, 0, 0, 0, 350000, 350000
2015, RAJASTHAN, 8, JAISALMER, 94, JAISALMER, 1280, PANCHE KA TALA, 38735, 1122505, Land improvement, 0, 0, 0, 0, 0, 0, 2150000, 2150000
2015, RAJASTHAN, 8, JAISALMER, 94, JAISALMER, 1280, PANCHE KA TALA, 38735, 1122505, Roads, 0, 0, 0, 0, 0, 0, 4658538, 4658538
2015, RAJASTHAN, 8, JAISALMER, 94, JAISALMER, 1280, PANCHE KA TALA, 38735, 1122505, Sanitation, 0, 0, 0, 0, 0, 0, 50000, 50000
2015, RAJASTHAN, 8, JAISALMER, 94, JAISALMER, 1280, PANCHE KA TALA, 38735, 1122505, Total, 0, 0, 0, 0, 0, 0, 7208538, 7208538
2015, RAJASTHAN, 8, JAISALMER, 94, JAISALMER, 1280, PAREWAR, 38736, 1124139, Drinking water, 0, 0, 0, 0, 0, 0, 1017531, 1017531
2015, RAJASTHAN, 8, JAISALMER, 94, JAISALMER, 1280, PAREWAR, 38736, 1124139, Education, 0, 0, 0, 0, 0, 0, 500000, 500000
2015, RAJASTHAN, 8, JAISALMER, 94, JAISALMER, 1280, PAREWAR, 38736, 1124139, Land improvement, 0, 0, 0, 0, 0, 0, 500000, 500000
2015, RAJASTHAN, 8, JAISALMER, 94, JAISALMER, 1280, PAREWAR, 38736, 1124139, Roads, 0, 0, 0, 0, 0, 0, 2500000, 2500000
2015, RAJASTHAN, 8, JAISALMER, 94, JAISALMER, 1280, PAREWAR, 38736, 1124139, Total, 0, 0, 0, 0, 0, 0, 4517531, 4517531
2015, RAJASTHAN, 8, JAISALMER, 94, JAISALMER, 1280, PITHLA, 38737, 1395367, Drinking water, 0, 0, 0, 0, 0, 0, 50000, 50000
2015, RAJASTHAN, 8, JAISALMER, 94, JAISALMER, 1280, PITHLA, 38737, 1395367, Education, 0, 0, 0, 0, 0, 0, 100000, 100000
2015, RAJASTHAN, 8, JAISALMER, 94, JAISALMER, 1280, PITHLA, 38737, 1395367, Total, 0, 0, 0, 0, 0, 0, 150000, 150000
2015, RAJASTHAN, 8, JAISALMER, 94, JAISALMER, 1280, ROOPSI, 38738, 1122447, Education, 0, 0, 0, 0, 0, 0, 1000000, 1000000
2015, RAJASTHAN, 8, JAISALMER, 94, JAISALMER, 1280, ROOPSI, 38738, 1122447, Land improvement, 0, 0, 0, 0, 0, 0, 1326083, 1326083
2015, RAJASTHAN, 8, JAISALMER, 94, JAISALMER, 1280, ROOPSI, 38738, 1122447, Libraries, 0, 0, 0, 0, 0, 0, 700000, 700000
2015, RAJASTHAN, 8, JAISALMER, 94, JAISALMER, 1280, ROOPSI, 38738, 1122447, Roads, 0, 0, 0, 0, 0, 0, 700000, 700000
2015, RAJASTHAN, 8, JAISALMER, 94, JAISALMER, 1280, ROOPSI, 38738, 1122447, Sanitation, 0, 0, 0, 0, 0, 0, 1000000, 1000000
2015, RAJASTHAN, 8, JAISALMER, 94, JAISALMER, 1280, ROOPSI, 38738, 1122447, Total, 0, 0, 0, 0, 0, 0, 4726083, 4726083
2015, RAJASTHAN, 8, JAISALMER, 94, JAISALMER, 1280, SATYAYA, 38739, 1102118, Drinking water, 0, 0, 0, 0, 0, 0, 1250000, 1250000
2015, RAJASTHAN, 8, JAISALMER, 94, JAISALMER, 1280, SATYAYA, 38739, 1102118, Education, 0, 0, 0, 0, 0, 0, 388645, 388645
2015, RAJASTHAN, 8, JAISALMER, 94, JAISALMER, 1280, SATYAYA, 38739, 1102118, Khadi, 0, 0, 0, 0, 0, 0, 4300000, 4300000
2015, RAJASTHAN, 8, JAISALMER, 94, JAISALMER, 1280, SATYAYA, 38739, 1102118, Libraries, 0, 0, 0, 0, 0, 0, 150000, 150000
2015, RAJASTHAN, 8, JAISALMER, 94, JAISALMER, 1280, SATYAYA, 38739, 1102118, Roads, 0, 0, 0, 0, 0, 0, 1500000, 1500000
2015, RAJASTHAN, 8, JAISALMER, 94, JAISALMER, 1280, SATYAYA, 38739, 1102118, Total, 0, 0, 0, 0, 0, 0, 7588645, 7588645
2015, RAJASTHAN, 8, JAISALMER, 94, JAISALMER, 1280, SHAKTINAGAR, 262694, 1098912, Land improvement, 0, 0, 0, 0, 0, 0, 2472089, 2472089
2015, RAJASTHAN, 8, JAISALMER, 94, JAISALMER, 1280, SHAKTINAGAR, 262694, 1098912, Roads, 0, 0, 0, 0, 0, 0, 963247, 963247
2015, RAJASTHAN, 8, JAISALMER, 94, JAISALMER, 1280, SHAKTINAGAR, 262694, 1098912, Total, 0, 0, 0, 0, 0, 0, 3435336, 3435336
2015, RAJASTHAN, 8, JAISALMER, 94, JAISALMER, 1280, SORHAKOR, 38740, 1122213, Drinking water, 0, 0, 0, 0, 0, 0, 450000, 450000
2015, RAJASTHAN, 8, JAISALMER, 94, JAISALMER, 1280, SORHAKOR, 38740, 1122213, Land improvement, 0, 0, 0, 0, 0, 0, 5063949, 5063949
2015, RAJASTHAN, 8, JAISALMER, 94, JAISALMER, 1280, SORHAKOR, 38740, 1122213, Sanitation, 0, 0, 0, 0, 0, 0, 450000, 450000
2015, RAJASTHAN, 8, JAISALMER, 94, JAISALMER, 1280, SORHAKOR, 38740, 1122213, Total, 0, 0, 0, 0, 0, 0, 5963949, 5963949
2015, RAJASTHAN, 8, JAISALMER, 94, JAISALMER, 1280, SULTANA, 38741, 1122216, Land improvement, 0, 0, 0, 0, 0, 0, 1000000, 1000000
2015, RAJASTHAN, 8, JAISALMER, 94, JAISALMER, 1280, SULTANA, 38741, 1122216, Roads, 0, 0, 0, 0, 0, 0, 5914210, 5914210
2015, RAJASTHAN, 8, JAISALMER, 94, JAISALMER, 1280, SULTANA, 38741, 1122216, Total, 0, 0, 0, 0, 0, 0, 6914210, 6914210
2015, RAJASTHAN, 8, JAISALMER, 94, JAISALMER, 1280, TADANA, 38742, 1122437, Drinking water, 0, 0, 0, 0, 0, 0, 500000, 500000
2015, RAJASTHAN, 8, JAISALMER, 94, JAISALMER, 1280, TADANA, 38742, 1122437, Land improvement, 0, 0, 0, 0, 0, 0, 500000, 500000
2015, RAJASTHAN, 8, JAISALMER, 94, JAISALMER, 1280, TADANA, 38742, 1122437, Roads, 0, 0, 0, 0, 0, 0, 727097, 727097
2015, RAJASTHAN, 8, JAISALMER, 94, JAISALMER, 1280, TADANA, 38742, 1122437, Sanitation, 0, 0, 0, 0, 0, 0, 900000, 900000
2015, RAJASTHAN, 8, JAISALMER, 94, JAISALMER, 1280, TADANA, 38742, 1122437, Total, 0, 0, 0, 0, 0, 0, 2627097, 2627097
2015, RAJASTHAN, 8, JAISALMER, 94, JAISALMER, 1280, TAWARIWALA, 38743, 1101349, Drinking water, 0, 0, 0, 0, 0, 0, 2852136, 2852136
2015, RAJASTHAN, 8, JAISALMER, 94, JAISALMER, 1280, TAWARIWALA, 38743, 1101349, Education, 0, 0, 0, 0, 0, 0, 2000000, 2000000
2015, RAJASTHAN, 8, JAISALMER, 94, JAISALMER, 1280, TAWARIWALA, 38743, 1101349, Land improvement, 0, 0, 0, 0, 0, 0, 500000, 500000
2015, RAJASTHAN, 8, JAISALMER, 94, JAISALMER, 1280, TAWARIWALA, 38743, 1101349, Maintenance of community system, 0, 0, 0, 0, 0, 0, 1649500, 1649500
2015, RAJASTHAN, 8, JAISALMER, 94, JAISALMER, 1280, TAWARIWALA, 38743, 1101349, Roads, 0, 0, 0, 0, 0, 0, 181676, 181676
2015, RAJASTHAN, 8, JAISALMER, 94, JAISALMER, 1280, TAWARIWALA, 38743, 1101349, Total, 0, 0, 0, 0, 0, 0, 7183312, 7183312
2015, RAJASTHAN, 8, JAISALMER, 94, SAM, 1281, ADBALA, 38744, 1128360, Drinking water, 0, 0, 0, 0, 0, 0, 1850000, 1850000
2015, RAJASTHAN, 8, JAISALMER, 94, SAM, 1281, ADBALA, 38744, 1128360, Maintenance of community system, 0, 0, 0, 0, 0, 0, 483000, 483000
2015, RAJASTHAN, 8, JAISALMER, 94, SAM, 1281, ADBALA, 38744, 1128360, Roads, 0, 0, 0, 0, 0, 0, 1446980, 1446980
2015, RAJASTHAN, 8, JAISALMER, 94, SAM, 1281, ADBALA, 38744, 1128360, Sanitation, 0, 0, 0, 0, 0, 0, 603000, 603000
2015, RAJASTHAN, 8, JAISALMER, 94, SAM, 1281, ADBALA, 38744, 1128360, Total, 0, 0, 0, 0, 0, 0, 4382980, 4382980
2015, RAJASTHAN, 8, JAISALMER, 94, SAM, 1281, BAIYA, 38745, 1181760, Cultural activities, 0, 0, 0, 0, 0, 0, 150000, 150000
2015, RAJASTHAN, 8, JAISALMER, 94, SAM, 1281, BAIYA, 38745, 1181760, Drinking water, 0, 0, 0, 0, 0, 0, 3494000, 3494000
2015, RAJASTHAN, 8, JAISALMER, 94, SAM, 1281, BAIYA, 38745, 1181760, Roads, 0, 0, 0, 0, 0, 0, 1559000, 1559000
2015, RAJASTHAN, 8, JAISALMER, 94, SAM, 1281, BAIYA, 38745, 1181760, Rural electrification, 0, 0, 0, 0, 0, 0, 335000, 335000
2015, RAJASTHAN, 8, JAISALMER, 94, SAM, 1281, BAIYA, 38745, 1181760, Sanitation, 0, 0, 0, 0, 0, 0, 1418257, 1418257
2015, RAJASTHAN, 8, JAISALMER, 94, SAM, 1281, BAIYA, 38745, 1181760, Total, 0, 0, 0, 0, 0, 0, 6956257, 6956257
2015, RAJASTHAN, 8, JAISALMER, 94, SAM, 1281, BANDHA, 38746, 1124321, Drinking water, 0, 0, 0, 0, 0, 0, 1300000, 1300000
2015, RAJASTHAN, 8, JAISALMER, 94, SAM, 1281, BANDHA, 38746, 1124321, Education, 0, 0, 0, 0, 0, 0, 1400000, 1400000
2015, RAJASTHAN, 8, JAISALMER, 94, SAM, 1281, BANDHA, 38746, 1124321, Roads, 0, 0, 0, 0, 0, 0, 1856769, 1856769
2015, RAJASTHAN, 8, JAISALMER, 94, SAM, 1281, BANDHA, 38746, 1124321, Sanitation, 0, 0, 0, 0, 0, 0, 245000, 245000
2015, RAJASTHAN, 8, JAISALMER, 94, SAM, 1281, BANDHA, 38746, 1124321, Total, 0, 0, 0, 0, 0, 0, 4801769, 4801769
2015, RAJASTHAN, 8, JAISALMER, 94, SAM, 1281, BERSIYALA, 38747, 1127073, Cultural activities, 0, 0, 0, 0, 0, 0, 300000, 300000
2015, RAJASTHAN, 8, JAISALMER, 94, SAM, 1281, BERSIYALA, 38747, 1127073, Drinking water, 0, 0, 0, 0, 0, 0, 1750000, 1750000
2015, RAJASTHAN, 8, JAISALMER, 94, SAM, 1281, BERSIYALA, 38747, 1127073, Education, 0, 0, 0, 0, 0, 0, 150000, 150000
2015, RAJASTHAN, 8, JAISALMER, 94, SAM, 1281, BERSIYALA, 38747, 1127073, Public distribution system, 0, 0, 0, 0, 0, 0, 56959, 56959
2015, RAJASTHAN, 8, JAISALMER, 94, SAM, 1281, BERSIYALA, 38747, 1127073, Roads, 0, 0, 0, 0, 0, 0, 1100000, 1100000
2015, RAJASTHAN, 8, JAISALMER, 94, SAM, 1281, BERSIYALA, 38747, 1127073, Sanitation, 0, 0, 0, 0, 0, 0, 585368, 585368
2015, RAJASTHAN, 8, JAISALMER, 94, SAM, 1281, BERSIYALA, 38747, 1127073, Total, 0, 0, 0, 0, 0, 0, 3942327, 3942327
2015, RAJASTHAN, 8, JAISALMER, 94, SAM, 1281, BIDA, 38748, 1120314, Cultural activities, 0, 0, 0, 0, 0, 0, 1340000, 1340000
2015, RAJASTHAN, 8, JAISALMER, 94, SAM, 1281, BIDA, 38748, 1120314, Drinking water, 0, 0, 0, 0, 0, 0, 385000, 385000
2015, RAJASTHAN, 8, JAISALMER, 94, SAM, 1281, BIDA, 38748, 1120314, Education, 0, 0, 0, 0, 0, 0, 1050000, 1050000
2015, RAJASTHAN, 8, JAISALMER, 94, SAM, 1281, BIDA, 38748, 1120314, Roads, 0, 0, 0, 0, 0, 0, 2216000, 2216000
2015, RAJASTHAN, 8, JAISALMER, 94, SAM, 1281, BIDA, 38748, 1120314, Sanitation, 0, 0, 0, 0, 0, 0, 3519314, 3519314
2015, RAJASTHAN, 8, JAISALMER, 94, SAM, 1281, BIDA, 38748, 1120314, Total, 0, 0, 0, 0, 0, 0, 8510314, 8510314
2015, RAJASTHAN, 8, JAISALMER, 94, SAM, 1281, CHELAK, 38749, 1131840, Drinking water, 0, 0, 0, 0, 0, 0, 2200000, 2200000
2015, RAJASTHAN, 8, JAISALMER, 94, SAM, 1281, CHELAK, 38749, 1131840, Roads, 0, 0, 0, 0, 0, 0, 2100000, 2100000
2015, RAJASTHAN, 8, JAISALMER, 94, SAM, 1281, CHELAK, 38749, 1131840, Sanitation, 0, 0, 0, 0, 0, 0, 752368, 752368
2015, RAJASTHAN, 8, JAISALMER, 94, SAM, 1281, CHELAK, 38749, 1131840, Total, 0, 0, 0, 0, 0, 0, 5052368, 5052368
2015, RAJASTHAN, 8, JAISALMER, 94, SAM, 1281, CHHATANGARH, 38750, 1121132, Cultural activities, 0, 0, 0, 0, 0, 0, 290000, 290000
2015, RAJASTHAN, 8, JAISALMER, 94, SAM, 1281, CHHATANGARH, 38750, 1121132, Drinking water, 0, 0, 0, 0, 0, 0, 2715404, 2715404
2015, RAJASTHAN, 8, JAISALMER, 94, SAM, 1281, CHHATANGARH, 38750, 1121132, Roads, 0, 0, 0, 0, 0, 0, 887864, 887864
2015, RAJASTHAN, 8, JAISALMER, 94, SAM, 1281, CHHATANGARH, 38750, 1121132, Sanitation, 0, 0, 0, 0, 0, 0, 890000, 890000
2015, RAJASTHAN, 8, JAISALMER, 94, SAM, 1281, CHHATANGARH, 38750, 1121132, Total, 0, 0, 0, 0, 0, 0, 4783268, 4783268
2015, RAJASTHAN, 8, JAISALMER, 94, SAM, 1281, DAMODRA, 38751, 1131855, Drinking water, 0, 0, 0, 0, 0, 0, 2475000, 2475000
2015, RAJASTHAN, 8, JAISALMER, 94, SAM, 1281, DAMODRA, 38751, 1131855, Roads, 0, 0, 0, 0, 0, 0, 1035802, 1035802
2015, RAJASTHAN, 8, JAISALMER, 94, SAM, 1281, DAMODRA, 38751, 1131855, Sanitation, 0, 0, 0, 0, 0, 0, 1000000, 1000000
2015, RAJASTHAN, 8, JAISALMER, 94, SAM, 1281, DAMODRA, 38751, 1131855, Total, 0, 0, 0, 0, 0, 0, 4510802, 4510802
2015, RAJASTHAN, 8, JAISALMER, 94, SAM, 1281, DANGRI, 38752, 1129223, Cultural activities, 0, 0, 0, 0, 0, 0, 1200000, 1200000
2015, RAJASTHAN, 8, JAISALMER, 94, SAM, 1281, DANGRI, 38752, 1129223, Drinking water, 0, 0, 0, 0, 0, 0, 6150000, 6150000
2015, RAJASTHAN, 8, JAISALMER, 94, SAM, 1281, DANGRI, 38752, 1129223, Education, 0, 0, 0, 0, 0, 0, 850000, 850000
2015, RAJASTHAN, 8, JAISALMER, 94, SAM, 1281, DANGRI, 38752, 1129223, Health, 0, 0, 0, 0, 0, 0, 250000, 250000
2015, RAJASTHAN, 8, JAISALMER, 94, SAM, 1281, DANGRI, 38752, 1129223, Maintenance of community system, 0, 0, 0, 0, 0, 0, 50000, 50000
2015, RAJASTHAN, 8, JAISALMER, 94, SAM, 1281, DANGRI, 38752, 1129223, Roads, 0, 0, 0, 0, 0, 0, 1000000, 1000000
2015, RAJASTHAN, 8, JAISALMER, 94, SAM, 1281, DANGRI, 38752, 1129223, Sanitation, 0, 0, 0, 0, 0, 0, 1436785, 1436785
2015, RAJASTHAN, 8, JAISALMER, 94, SAM, 1281, DANGRI, 38752, 1129223, Social welfare, 0, 0, 0, 0, 0, 0, 500000, 500000
2015, RAJASTHAN, 8, JAISALMER, 94, SAM, 1281, DANGRI, 38752, 1129223, Total, 0, 0, 0, 0, 0, 0, 11436785, 11436785
2015, RAJASTHAN, 8, JAISALMER, 94, SAM, 1281, DAV, 38753, 1104454, Cultural activities, 0, 0, 0, 0, 0, 0, 50000, 50000
2015, RAJASTHAN, 8, JAISALMER, 94, SAM, 1281, DAV, 38753, 1104454, Drinking water, 0, 0, 0, 0, 0, 0, 1678161, 1678161
2015, RAJASTHAN, 8, JAISALMER, 94, SAM, 1281, DAV, 38753, 1104454, Education, 0, 0, 0, 0, 0, 0, 450000, 450000
2015, RAJASTHAN, 8, JAISALMER, 94, SAM, 1281, DAV, 38753, 1104454, Health, 0, 0, 0, 0, 0, 0, 250000, 250000
2015, RAJASTHAN, 8, JAISALMER, 94, SAM, 1281, DAV, 38753, 1104454, Roads, 0, 0, 0, 0, 0, 0, 1188000, 1188000
2015, RAJASTHAN, 8, JAISALMER, 94, SAM, 1281, DAV, 38753, 1104454, Sanitation, 0, 0, 0, 0, 0, 0, 750000, 750000
2015, RAJASTHAN, 8, JAISALMER, 94, SAM, 1281, DAV, 38753, 1104454, Total, 0, 0, 0, 0, 0, 0, 4366161, 4366161
2015, RAJASTHAN, 8, JAISALMER, 94, SAM, 1281, DEDHA, 38754, 1103994, Drinking water, 0, 0, 0, 0, 0, 0, 475000, 475000
2015, RAJASTHAN, 8, JAISALMER, 94, SAM, 1281, DEDHA, 38754, 1103994, Education, 0, 0, 0, 0, 0, 0, 70358, 70358
2015, RAJASTHAN, 8, JAISALMER, 94, SAM, 1281, DEDHA, 38754, 1103994, Health, 0, 0, 0, 0, 0, 0, 250000, 250000
2015, RAJASTHAN, 8, JAISALMER, 94, SAM, 1281, DEDHA, 38754, 1103994, Land improvement, 0, 0, 0, 0, 0, 0, 250000, 250000
2015, RAJASTHAN, 8, JAISALMER, 94, SAM, 1281, DEDHA, 38754, 1103994, Roads, 0, 0, 0, 0, 0, 0, 1495000, 1495000
2015, RAJASTHAN, 8, JAISALMER, 94, SAM, 1281, DEDHA, 38754, 1103994, Sanitation, 0, 0, 0, 0, 0, 0, 1000000, 1000000
2015, RAJASTHAN, 8, JAISALMER, 94, SAM, 1281, DEDHA, 38754, 1103994, Total, 0, 0, 0, 0, 0, 0, 3540358, 3540358
2015, RAJASTHAN, 8, JAISALMER, 94, SAM, 1281, DEVIKOT, 38755, 1124101, Administrative & Technical Support, 0, 0, 0, 0, 0, 0, 100292, 100292
2015, RAJASTHAN, 8, JAISALMER, 94, SAM, 1281, DEVIKOT, 38755, 1124101, Cultural activities, 0, 0, 0, 0, 0, 0, 1350000, 1350000
2015, RAJASTHAN, 8, JAISALMER, 94, SAM, 1281, DEVIKOT, 38755, 1124101, Drinking water, 0, 0, 0, 0, 0, 0, 2252000, 2252000
2015, RAJASTHAN, 8, JAISALMER, 94, SAM, 1281, DEVIKOT, 38755, 1124101, Education, 0, 0, 0, 0, 0, 0, 1550000, 1550000
2015, RAJASTHAN, 8, JAISALMER, 94, SAM, 1281, DEVIKOT, 38755, 1124101, Health, 0, 0, 0, 0, 0, 0, 500000, 500000
2015, RAJASTHAN, 8, JAISALMER, 94, SAM, 1281, DEVIKOT, 38755, 1124101, Roads, 0, 0, 0, 0, 0, 0, 1616000, 1616000
2015, RAJASTHAN, 8, JAISALMER, 94, SAM, 1281, DEVIKOT, 38755, 1124101, Sanitation, 0, 0, 0, 0, 0, 0, 1766000, 1766000
2015, RAJASTHAN, 8, JAISALMER, 94, SAM, 1281, DEVIKOT, 38755, 1124101, Total, 0, 0, 0, 0, 0, 0, 9134292, 9134292
2015, RAJASTHAN, 8, JAISALMER, 94, SAM, 1281, DEVRA, 38756, 1135423, Drinking water, 0, 0, 0, 0, 0, 0, 467843, 467843
2015, RAJASTHAN, 8, JAISALMER, 94, SAM, 1281, DEVRA, 38756, 1135423, Education, 0, 0, 0, 0, 0, 0, 1000000, 1000000
2015, RAJASTHAN, 8, JAISALMER, 94, SAM, 1281, DEVRA, 38756, 1135423, Roads, 0, 0, 0, 0, 0, 0, 1700000, 1700000
2015, RAJASTHAN, 8, JAISALMER, 94, SAM, 1281, DEVRA, 38756, 1135423, Sanitation, 0, 0, 0, 0, 0, 0, 1200000, 1200000
2015, RAJASTHAN, 8, JAISALMER, 94, SAM, 1281, DEVRA, 38756, 1135423, Total, 0, 0, 0, 0, 0, 0, 4367843, 4367843
2015, RAJASTHAN, 8, JAISALMER, 94, SAM, 1281, DHANANA, 38757, 1131927, Administrative & Technical Support, 0, 0, 0, 0, 0, 0, 110399, 110399
2015, RAJASTHAN, 8, JAISALMER, 94, SAM, 1281, DHANANA, 38757, 1131927, Drinking water, 0, 0, 0, 0, 0, 0, 1640000, 1640000
2015, RAJASTHAN, 8, JAISALMER, 94, SAM, 1281, DHANANA, 38757, 1131927, Education, 0, 0, 0, 0, 0, 0, 800000, 800000
2015, RAJASTHAN, 8, JAISALMER, 94, SAM, 1281, DHANANA, 38757, 1131927, Roads, 0, 0, 0, 0, 0, 0, 2000000, 2000000
2015, RAJASTHAN, 8, JAISALMER, 94, SAM, 1281, DHANANA, 38757, 1131927, Sanitation, 0, 0, 0, 0, 0, 0, 100000, 100000
2015, RAJASTHAN, 8, JAISALMER, 94, SAM, 1281, DHANANA, 38757, 1131927, Total, 0, 0, 0, 0, 0, 0, 4650399, 4650399
2015, RAJASTHAN, 8, JAISALMER, 94, SAM, 1281, FATEHGARH, 38758, 1129375, Drinking water, 0, 0, 0, 0, 0, 0, 3887512, 3887512
2015, RAJASTHAN, 8, JAISALMER, 94, SAM, 1281, FATEHGARH, 38758, 1129375, Maintenance of community system, 0, 0, 0, 0, 0, 0, 650000, 650000
2015, RAJASTHAN, 8, JAISALMER, 94, SAM, 1281, FATEHGARH, 38758, 1129375, Roads, 0, 0, 0, 0, 0, 0, 843803, 843803
2015, RAJASTHAN, 8, JAISALMER, 94, SAM, 1281, FATEHGARH, 38758, 1129375, Sanitation, 0, 0, 0, 0, 0, 0, 1950000, 1950000
2015, RAJASTHAN, 8, JAISALMER, 94, SAM, 1281, FATEHGARH, 38758, 1129375, Total, 0, 0, 0, 0, 0, 0, 7331315, 7331315
2015, RAJASTHAN, 8, JAISALMER, 94, SAM, 1281, HABUR, 38759, 1129338, Administrative & Technical Support, 0, 0, 0, 0, 0, 0, 195000, 195000
2015, RAJASTHAN, 8, JAISALMER, 94, SAM, 1281, HABUR, 38759, 1129338, Cultural activities, 0, 0, 0, 0, 0, 0, 400000, 400000
2015, RAJASTHAN, 8, JAISALMER, 94, SAM, 1281, HABUR, 38759, 1129338, Drinking water, 0, 0, 0, 0, 0, 0, 1925000, 1925000
2015, RAJASTHAN, 8, JAISALMER, 94, SAM, 1281, HABUR, 38759, 1129338, Education, 0, 0, 0, 0, 0, 0, 1142000, 1142000
2015, RAJASTHAN, 8, JAISALMER, 94, SAM, 1281, HABUR, 38759, 1129338, Health, 0, 0, 0, 0, 0, 0, 70000, 70000
2015, RAJASTHAN, 8, JAISALMER, 94, SAM, 1281, HABUR, 38759, 1129338, Markets and fairs, 0, 0, 0, 0, 0, 0, 400155, 400155
2015, RAJASTHAN, 8, JAISALMER, 94, SAM, 1281, HABUR, 38759, 1129338, Roads, 0, 0, 0, 0, 0, 0, 1044136, 1044136
2015, RAJASTHAN, 8, JAISALMER, 94, SAM, 1281, HABUR, 38759, 1129338, Rural electrification, 0, 0, 0, 0, 0, 0, 50000, 50000
2015, RAJASTHAN, 8, JAISALMER, 94, SAM, 1281, HABUR, 38759, 1129338, Sanitation, 0, 0, 0, 0, 0, 0, 2450000, 2450000
2015, RAJASTHAN, 8, JAISALMER, 94, SAM, 1281, HABUR, 38759, 1129338, Social welfare, 0, 0, 0, 0, 0, 0, 205000, 205000
2015, RAJASTHAN, 8, JAISALMER, 94, SAM, 1281, HABUR, 38759, 1129338, Total, 0, 0, 0, 0, 0, 0, 7881291, 7881291
2015, RAJASTHAN, 8, JAISALMER, 94, SAM, 1281, HARNAU, 38760, 1131929, Administrative & Technical Support, 0, 0, 0, 0, 0, 0, 232583, 232583
2015, RAJASTHAN, 8, JAISALMER, 94, SAM, 1281, HARNAU, 38760, 1131929, Cultural activities, 0, 0, 0, 0, 0, 0, 425000, 425000
2015, RAJASTHAN, 8, JAISALMER, 94, SAM, 1281, HARNAU, 38760, 1131929, Drinking water, 0, 0, 0, 0, 0, 0, 2000000, 2000000
2015, RAJASTHAN, 8, JAISALMER, 94, SAM, 1281, HARNAU, 38760, 1131929, Roads, 0, 0, 0, 0, 0, 0, 1450000, 1450000
2015, RAJASTHAN, 8, JAISALMER, 94, SAM, 1281, HARNAU, 38760, 1131929, Sanitation, 0, 0, 0, 0, 0, 0, 600000, 600000
2015, RAJASTHAN, 8, JAISALMER, 94, SAM, 1281, HARNAU, 38760, 1131929, Total, 0, 0, 0, 0, 0, 0, 4707583, 4707583
2015, RAJASTHAN, 8, JAISALMER, 94, SAM, 1281, JHIJHANIYALI, 38761, 1130388, Administrative & Technical Support, 0, 0, 0, 0, 0, 0, 31089, 31089
2015, RAJASTHAN, 8, JAISALMER, 94, SAM, 1281, JHIJHANIYALI, 38761, 1130388, Drinking water, 0, 0, 0, 0, 0, 0, 1425000, 1425000
2015, RAJASTHAN, 8, JAISALMER, 94, SAM, 1281, JHIJHANIYALI, 38761, 1130388, Roads, 0, 0, 0, 0, 0, 0, 2503000, 2503000
2015, RAJASTHAN, 8, JAISALMER, 94, SAM, 1281, JHIJHANIYALI, 38761, 1130388, Sanitation, 0, 0, 0, 0, 0, 0, 4600000, 4600000
2015, RAJASTHAN, 8, JAISALMER, 94, SAM, 1281, JHIJHANIYALI, 38761, 1130388, Total, 0, 0, 0, 0, 0, 0, 8559089, 8559089
2015, RAJASTHAN, 8, JAISALMER, 94, SAM, 1281, KANOI, 38762, 1106877, Roads, 0, 0, 0, 0, 0, 0, 5607000, 5607000
2015, RAJASTHAN, 8, JAISALMER, 94, SAM, 1281, KANOI, 38762, 1106877, Sanitation, 0, 0, 0, 0, 0, 0, 1102020, 1102020
2015, RAJASTHAN, 8, JAISALMER, 94, SAM, 1281, KANOI, 38762, 1106877, Total, 0, 0, 0, 0, 0, 0, 6709020, 6709020
2015, RAJASTHAN, 8, JAISALMER, 94, SAM, 1281, KAPURIYA, 38763, 1238180, Administrative & Technical Support, 0, 0, 0, 0, 0, 0, 425348, 425348
2015, RAJASTHAN, 8, JAISALMER, 94, SAM, 1281, KAPURIYA, 38763, 1238180, Cultural activities, 0, 0, 0, 0, 0, 0, 860000, 860000
2015, RAJASTHAN, 8, JAISALMER, 94, SAM, 1281, KAPURIYA, 38763, 1238180, Drinking water, 0, 0, 0, 0, 0, 0, 2300000, 2300000
2015, RAJASTHAN, 8, JAISALMER, 94, SAM, 1281, KAPURIYA, 38763, 1238180, Education, 0, 0, 0, 0, 0, 0, 317000, 317000
2015, RAJASTHAN, 8, JAISALMER, 94, SAM, 1281, KAPURIYA, 38763, 1238180, Roads, 0, 0, 0, 0, 0, 0, 567000, 567000
2015, RAJASTHAN, 8, JAISALMER, 94, SAM, 1281, KAPURIYA, 38763, 1238180, Sanitation, 0, 0, 0, 0, 0, 0, 1281000, 1281000
2015, RAJASTHAN, 8, JAISALMER, 94, SAM, 1281, KAPURIYA, 38763, 1238180, Total, 0, 0, 0, 0, 0, 0, 5750348, 5750348
2015, RAJASTHAN, 8, JAISALMER, 94, SAM, 1281, KHOORI, 38765, 1122128, Administrative & Technical Support, 0, 0, 0, 0, 0, 0, 293042, 293042
2015, RAJASTHAN, 8, JAISALMER, 94, SAM, 1281, KHOORI, 38765, 1122128, Drinking water, 0, 0, 0, 0, 0, 0, 2110000, 2110000
2015, RAJASTHAN, 8, JAISALMER, 94, SAM, 1281, KHOORI, 38765, 1122128, Education, 0, 0, 0, 0, 0, 0, 330000, 330000
2015, RAJASTHAN, 8, JAISALMER, 94, SAM, 1281, KHOORI, 38765, 1122128, Health, 0, 0, 0, 0, 0, 0, 443000, 443000
2015, RAJASTHAN, 8, JAISALMER, 94, SAM, 1281, KHOORI, 38765, 1122128, Roads, 0, 0, 0, 0, 0, 0, 1350000, 1350000
2015, RAJASTHAN, 8, JAISALMER, 94, SAM, 1281, KHOORI, 38765, 1122128, Sanitation, 0, 0, 0, 0, 0, 0, 2775000, 2775000
2015, RAJASTHAN, 8, JAISALMER, 94, SAM, 1281, KHOORI, 38765, 1122128, Total, 0, 0, 0, 0, 0, 0, 7301042, 7301042
2015, RAJASTHAN, 8, JAISALMER, 94, SAM, 1281, KHUIYALA, 38764, 1129274, Cultural activities, 0, 0, 0, 0, 0, 0, 50000, 50000
2015, RAJASTHAN, 8, JAISALMER, 94, SAM, 1281, KHUIYALA, 38764, 1129274, Drinking water, 0, 0, 0, 0, 0, 0, 1260000, 1260000
2015, RAJASTHAN, 8, JAISALMER, 94, SAM, 1281, KHUIYALA, 38764, 1129274, Roads, 0, 0, 0, 0, 0, 0, 2880283, 2880283
2015, RAJASTHAN, 8, JAISALMER, 94, SAM, 1281, KHUIYALA, 38764, 1129274, Sanitation, 0, 0, 0, 0, 0, 0, 1000000, 1000000
2015, RAJASTHAN, 8, JAISALMER, 94, SAM, 1281, KHUIYALA, 38764, 1129274, Total, 0, 0, 0, 0, 0, 0, 5190283, 5190283
2015, RAJASTHAN, 8, JAISALMER, 94, SAM, 1281, KOTRI, 38766, 1131945, Administrative & Technical Support, 0, 0, 0, 0, 0, 0, 350000, 350000
2015, RAJASTHAN, 8, JAISALMER, 94, SAM, 1281, KOTRI, 38766, 1131945, Drinking water, 0, 0, 0, 0, 0, 0, 640000, 640000
2015, RAJASTHAN, 8, JAISALMER, 94, SAM, 1281, KOTRI, 38766, 1131945, Education, 0, 0, 0, 0, 0, 0, 1650000, 1650000
2015, RAJASTHAN, 8, JAISALMER, 94, SAM, 1281, KOTRI, 38766, 1131945, Roads, 0, 0, 0, 0, 0, 0, 1557000, 1557000
2015, RAJASTHAN, 8, JAISALMER, 94, SAM, 1281, KOTRI, 38766, 1131945, Sanitation, 0, 0, 0, 0, 0, 0, 1037156, 1037156
2015, RAJASTHAN, 8, JAISALMER, 94, SAM, 1281, KOTRI, 38766, 1131945, Social welfare, 0, 0, 0, 0, 0, 0, 200000, 200000
2015, RAJASTHAN, 8, JAISALMER, 94, SAM, 1281, KOTRI, 38766, 1131945, Total, 0, 0, 0, 0, 0, 0, 5434156, 5434156
2015, RAJASTHAN, 8, JAISALMER, 94, SAM, 1281, KUNDA, 38767, 1370293, Drinking water, 0, 0, 0, 0, 0, 0, 2969662, 2969662
2015, RAJASTHAN, 8, JAISALMER, 94, SAM, 1281, KUNDA, 38767, 1370293, Roads, 0, 0, 0, 0, 0, 0, 2944514, 2944514
2015, RAJASTHAN, 8, JAISALMER, 94, SAM, 1281, KUNDA, 38767, 1370293, Sanitation, 0, 0, 0, 0, 0, 0, 450000, 450000
2015, RAJASTHAN, 8, JAISALMER, 94, SAM, 1281, KUNDA, 38767, 1370293, Social welfare, 0, 0, 0, 0, 0, 0, 904910, 904910
2015, RAJASTHAN, 8, JAISALMER, 94, SAM, 1281, KUNDA, 38767, 1370293, Total, 0, 0, 0, 0, 0, 0, 7269086, 7269086
2015, RAJASTHAN, 8, JAISALMER, 94, SAM, 1281, LAKHA, 38768, 1131966, Administrative & Technical Support, 0, 0, 0, 0, 0, 0, 90406, 90406
2015, RAJASTHAN, 8, JAISALMER, 94, SAM, 1281, LAKHA, 38768, 1131966, Drinking water, 0, 0, 0, 0, 0, 0, 5908000, 5908000
2015, RAJASTHAN, 8, JAISALMER, 94, SAM, 1281, LAKHA, 38768, 1131966, Roads, 0, 0, 0, 0, 0, 0, 2500000, 2500000
2015, RAJASTHAN, 8, JAISALMER, 94, SAM, 1281, LAKHA, 38768, 1131966, Sanitation, 0, 0, 0, 0, 0, 0, 1275000, 1275000
2015, RAJASTHAN, 8, JAISALMER, 94, SAM, 1281, LAKHA, 38768, 1131966, Total, 0, 0, 0, 0, 0, 0, 9773406, 9773406
2015, RAJASTHAN, 8, JAISALMER, 94, SAM, 1281, LOONAR, 38769, 1350549, Administrative & Technical Support, 0, 0, 0, 0, 0, 0, 60963, 60963
2015, RAJASTHAN, 8, JAISALMER, 94, SAM, 1281, LOONAR, 38769, 1350549, Drinking water, 0, 0, 0, 0, 0, 0, 1900000, 1900000
2015, RAJASTHAN, 8, JAISALMER, 94, SAM, 1281, LOONAR, 38769, 1350549, Roads, 0, 0, 0, 0, 0, 0, 2000000, 2000000
2015, RAJASTHAN, 8, JAISALMER, 94, SAM, 1281, LOONAR, 38769, 1350549, Sanitation, 0, 0, 0, 0, 0, 0, 2210000, 2210000
2015, RAJASTHAN, 8, JAISALMER, 94, SAM, 1281, LOONAR, 38769, 1350549, Social welfare, 0, 0, 0, 0, 0, 0, 200000, 200000
2015, RAJASTHAN, 8, JAISALMER, 94, SAM, 1281, LOONAR, 38769, 1350549, Total, 0, 0, 0, 0, 0, 0, 6370963, 6370963
2015, RAJASTHAN, 8, JAISALMER, 94, SAM, 1281, MANDAI, 38770, 1130134, Cultural activities, 0, 0, 0, 0, 0, 0, 850000, 850000
2015, RAJASTHAN, 8, JAISALMER, 94, SAM, 1281, MANDAI, 38770, 1130134, Drinking water, 0, 0, 0, 0, 0, 0, 2656381, 2656381
2015, RAJASTHAN, 8, JAISALMER, 94, SAM, 1281, MANDAI, 38770, 1130134, Roads, 0, 0, 0, 0, 0, 0, 1632000, 1632000
2015, RAJASTHAN, 8, JAISALMER, 94, SAM, 1281, MANDAI, 38770, 1130134, Sanitation, 0, 0, 0, 0, 0, 0, 1500000, 1500000
2015, RAJASTHAN, 8, JAISALMER, 94, SAM, 1281, MANDAI, 38770, 1130134, Total, 0, 0, 0, 0, 0, 0, 6638381, 6638381
2015, RAJASTHAN, 8, JAISALMER, 94, SAM, 1281, MODHA, 38772, 1132013, Administrative & Technical Support, 0, 0, 0, 0, 0, 0, 87204, 87204
2015, RAJASTHAN, 8, JAISALMER, 94, SAM, 1281, MODHA, 38772, 1132013, Drinking water, 0, 0, 0, 0, 0, 0, 1950000, 1950000
2015, RAJASTHAN, 8, JAISALMER, 94, SAM, 1281, MODHA, 38772, 1132013, Maintenance of community system, 0, 0, 0, 0, 0, 0, 388000, 388000
2015, RAJASTHAN, 8, JAISALMER, 94, SAM, 1281, MODHA, 38772, 1132013, Roads, 0, 0, 0, 0, 0, 0, 1568000, 1568000
2015, RAJASTHAN, 8, JAISALMER, 94, SAM, 1281, MODHA, 38772, 1132013, Sanitation, 0, 0, 0, 0, 0, 0, 1520000, 1520000
2015, RAJASTHAN, 8, JAISALMER, 94, SAM, 1281, MODHA, 38772, 1132013, Total, 0, 0, 0, 0, 0, 0, 5513204, 5513204
2015, RAJASTHAN, 8, JAISALMER, 94, SAM, 1281, MOOLANA, 38773, 1130129, Drinking water, 0, 0, 0, 0, 0, 0, 4099311, 4099311
2015, RAJASTHAN, 8, JAISALMER, 94, SAM, 1281, MOOLANA, 38773, 1130129, Education, 0, 0, 0, 0, 0, 0, 50000, 50000
2015, RAJASTHAN, 8, JAISALMER, 94, SAM, 1281, MOOLANA, 38773, 1130129, Roads, 0, 0, 0, 0, 0, 0, 2155923, 2155923
2015, RAJASTHAN, 8, JAISALMER, 94, SAM, 1281, MOOLANA, 38773, 1130129, Sanitation, 0, 0, 0, 0, 0, 0, 1175000, 1175000
2015, RAJASTHAN, 8, JAISALMER, 94, SAM, 1281, MOOLANA, 38773, 1130129, Social welfare, 0, 0, 0, 0, 0, 0, 100000, 100000
2015, RAJASTHAN, 8, JAISALMER, 94, SAM, 1281, MOOLANA, 38773, 1130129, Total, 0, 0, 0, 0, 0, 0, 7580234, 7580234
2015, RAJASTHAN, 8, JAISALMER, 94, SAM, 1281, MYAZLAR, 38771, 1133111, Administrative & Technical Support, 0, 0, 0, 0, 0, 0, 200000, 200000
2015, RAJASTHAN, 8, JAISALMER, 94, SAM, 1281, MYAZLAR, 38771, 1133111, Drinking water, 0, 0, 0, 0, 0, 0, 2385000, 2385000
2015, RAJASTHAN, 8, JAISALMER, 94, SAM, 1281, MYAZLAR, 38771, 1133111, Roads, 0, 0, 0, 0, 0, 0, 2600000, 2600000
2015, RAJASTHAN, 8, JAISALMER, 94, SAM, 1281, MYAZLAR, 38771, 1133111, Sanitation, 0, 0, 0, 0, 0, 0, 1618205, 1618205
2015, RAJASTHAN, 8, JAISALMER, 94, SAM, 1281, MYAZLAR, 38771, 1133111, Total, 0, 0, 0, 0, 0, 0, 6803205, 6803205
2015, RAJASTHAN, 8, JAISALMER, 94, SAM, 1281, NARSDINGO KI DHANI, 38774, 1119934, Cultural activities, 0, 0, 0, 0, 0, 0, 200000, 200000
2015, RAJASTHAN, 8, JAISALMER, 94, SAM, 1281, NARSDINGO KI DHANI, 38774, 1119934, Drinking water, 0, 0, 0, 0, 0, 0, 320000, 320000
2015, RAJASTHAN, 8, JAISALMER, 94, SAM, 1281, NARSDINGO KI DHANI, 38774, 1119934, Education, 0, 0, 0, 0, 0, 0, 1000000, 1000000
2015, RAJASTHAN, 8, JAISALMER, 94, SAM, 1281, NARSDINGO KI DHANI, 38774, 1119934, Health, 0, 0, 0, 0, 0, 0, 511343, 511343
2015, RAJASTHAN, 8, JAISALMER, 94, SAM, 1281, NARSDINGO KI DHANI, 38774, 1119934, Roads, 0, 0, 0, 0, 0, 0, 351599, 351599
2015, RAJASTHAN, 8, JAISALMER, 94, SAM, 1281, NARSDINGO KI DHANI, 38774, 1119934, Sanitation, 0, 0, 0, 0, 0, 0, 284000, 284000
2015, RAJASTHAN, 8, JAISALMER, 94, SAM, 1281, NARSDINGO KI DHANI, 38774, 1119934, Social welfare, 0, 0, 0, 0, 0, 0, 680000, 680000
2015, RAJASTHAN, 8, JAISALMER, 94, SAM, 1281, NARSDINGO KI DHANI, 38774, 1119934, Total, 0, 0, 0, 0, 0, 0, 3346942, 3346942
2015, RAJASTHAN, 8, JAISALMER, 94, SAM, 1281, NETSI, 262707, 1104571, Agriculture, 0, 0, 0, 0, 0, 0, 270459, 270459
2015, RAJASTHAN, 8, JAISALMER, 94, SAM, 1281, NETSI, 262707, 1104571, Cultural activities, 0, 0, 0, 0, 0, 0, 855000, 855000
2015, RAJASTHAN, 8, JAISALMER, 94, SAM, 1281, NETSI, 262707, 1104571, Drinking water, 0, 0, 0, 0, 0, 0, 2411000, 2411000
2015, RAJASTHAN, 8, JAISALMER, 94, SAM, 1281, NETSI, 262707, 1104571, Health, 0, 0, 0, 0, 0, 0, 240000, 240000
2015, RAJASTHAN, 8, JAISALMER, 94, SAM, 1281, NETSI, 262707, 1104571, Public distribution system, 0, 0, 0, 0, 0, 0, 898564, 898564
2015, RAJASTHAN, 8, JAISALMER, 94, SAM, 1281, NETSI, 262707, 1104571, Sanitation, 0, 0, 0, 0, 0, 0, 705000, 705000
2015, RAJASTHAN, 8, JAISALMER, 94, SAM, 1281, NETSI, 262707, 1104571, Total, 0, 0, 0, 0, 0, 0, 5630023, 5630023
2015, RAJASTHAN, 8, JAISALMER, 94, SAM, 1281, NETSI, 262707, 1104571, Tribal Welfare, 0, 0, 0, 0, 0, 0, 250000, 250000
2015, RAJASTHAN, 8, JAISALMER, 94, SAM, 1281, POCHEENA, 38775, 1108772, Cultural activities, 0, 0, 0, 0, 0, 0, 700000, 700000
2015, RAJASTHAN, 8, JAISALMER, 94, SAM, 1281, POCHEENA, 38775, 1108772, Drinking water, 0, 0, 0, 0, 0, 0, 1250000, 1250000
2015, RAJASTHAN, 8, JAISALMER, 94, SAM, 1281, POCHEENA, 38775, 1108772, Roads, 0, 0, 0, 0, 0, 0, 653160, 653160
2015, RAJASTHAN, 8, JAISALMER, 94, SAM, 1281, POCHEENA, 38775, 1108772, Sanitation, 0, 0, 0, 0, 0, 0, 510000, 510000
2015, RAJASTHAN, 8, JAISALMER, 94, SAM, 1281, POCHEENA, 38775, 1108772, Total, 0, 0, 0, 0, 0, 0, 3113160, 3113160
2015, RAJASTHAN, 8, JAISALMER, 94, SAM, 1281, RAGHWA, 38776, 1130153, Administrative & Technical Support, 0, 0, 0, 0, 0, 0, 29828, 29828
2015, RAJASTHAN, 8, JAISALMER, 94, SAM, 1281, RAGHWA, 38776, 1130153, Animal husbandry, 0, 0, 0, 0, 0, 0, 100000, 100000
2015, RAJASTHAN, 8, JAISALMER, 94, SAM, 1281, RAGHWA, 38776, 1130153, Cultural activities, 0, 0, 0, 0, 0, 0, 600000, 600000
2015, RAJASTHAN, 8, JAISALMER, 94, SAM, 1281, RAGHWA, 38776, 1130153, Drinking water, 0, 0, 0, 0, 0, 0, 1600000, 1600000
2015, RAJASTHAN, 8, JAISALMER, 94, SAM, 1281, RAGHWA, 38776, 1130153, Education, 0, 0, 0, 0, 0, 0, 1100000, 1100000
2015, RAJASTHAN, 8, JAISALMER, 94, SAM, 1281, RAGHWA, 38776, 1130153, Maintenance of community system, 0, 0, 0, 0, 0, 0, 250000, 250000
2015, RAJASTHAN, 8, JAISALMER, 94, SAM, 1281, RAGHWA, 38776, 1130153, Roads, 0, 0, 0, 0, 0, 0, 1500000, 1500000
2015, RAJASTHAN, 8, JAISALMER, 94, SAM, 1281, RAGHWA, 38776, 1130153, Sanitation, 0, 0, 0, 0, 0, 0, 1250000, 1250000
2015, RAJASTHAN, 8, JAISALMER, 94, SAM, 1281, RAGHWA, 38776, 1130153, Total, 0, 0, 0, 0, 0, 0, 6429828, 6429828
2015, RAJASTHAN, 8, JAISALMER, 94, SAM, 1281, RAIMALA, 38777, 1113379, Drinking water, 0, 0, 0, 0, 0, 0, 280000, 280000
2015, RAJASTHAN, 8, JAISALMER, 94, SAM, 1281, RAIMALA, 38777, 1113379, Education, 0, 0, 0, 0, 0, 0, 100000, 100000
2015, RAJASTHAN, 8, JAISALMER, 94, SAM, 1281, RAIMALA, 38777, 1113379, Roads, 0, 0, 0, 0, 0, 0, 1683905, 1683905
2015, RAJASTHAN, 8, JAISALMER, 94, SAM, 1281, RAIMALA, 38777, 1113379, Sanitation, 0, 0, 0, 0, 0, 0, 400000, 400000
2015, RAJASTHAN, 8, JAISALMER, 94, SAM, 1281, RAIMALA, 38777, 1113379, Social welfare, 0, 0, 0, 0, 0, 0, 1100000, 1100000
2015, RAJASTHAN, 8, JAISALMER, 94, SAM, 1281, RAIMALA, 38777, 1113379, Total, 0, 0, 0, 0, 0, 0, 3563905, 3563905
2015, RAJASTHAN, 8, JAISALMER, 94, SAM, 1281, RAMA, 38778, 1108102, Drinking water, 0, 0, 0, 0, 0, 0, 30000, 30000
2015, RAJASTHAN, 8, JAISALMER, 94, SAM, 1281, RAMA, 38778, 1108102, Education, 0, 0, 0, 0, 0, 0, 75610, 75610
2015, RAJASTHAN, 8, JAISALMER, 94, SAM, 1281, RAMA, 38778, 1108102, Land improvement, 0, 0, 0, 0, 0, 0, 575000, 575000
2015, RAJASTHAN, 8, JAISALMER, 94, SAM, 1281, RAMA, 38778, 1108102, Roads, 0, 0, 0, 0, 0, 0, 3182000, 3182000
2015, RAJASTHAN, 8, JAISALMER, 94, SAM, 1281, RAMA, 38778, 1108102, Sanitation, 0, 0, 0, 0, 0, 0, 1061936, 1061936
2015, RAJASTHAN, 8, JAISALMER, 94, SAM, 1281, RAMA, 38778, 1108102, Total, 0, 0, 0, 0, 0, 0, 4924546, 4924546
2015, RAJASTHAN, 8, JAISALMER, 94, SAM, 1281, RAMGARH, 38779, 1130325, Administrative & Technical Support, 0, 0, 0, 0, 0, 0, 71019, 71019
2015, RAJASTHAN, 8, JAISALMER, 94, SAM, 1281, RAMGARH, 38779, 1130325, Agriculture, 0, 0, 0, 0, 0, 0, 814000, 814000
2015, RAJASTHAN, 8, JAISALMER, 94, SAM, 1281, RAMGARH, 38779, 1130325, Drinking water, 0, 0, 0, 0, 0, 0, 1200000, 1200000
2015, RAJASTHAN, 8, JAISALMER, 94, SAM, 1281, RAMGARH, 38779, 1130325, Education, 0, 0, 0, 0, 0, 0, 2655471, 2655471
2015, RAJASTHAN, 8, JAISALMER, 94, SAM, 1281, RAMGARH, 38779, 1130325, Public distribution system, 0, 0, 0, 0, 0, 0, 400000, 400000
2015, RAJASTHAN, 8, JAISALMER, 94, SAM, 1281, RAMGARH, 38779, 1130325, Roads, 0, 0, 0, 0, 0, 0, 2532000, 2532000
2015, RAJASTHAN, 8, JAISALMER, 94, SAM, 1281, RAMGARH, 38779, 1130325, Sanitation, 0, 0, 0, 0, 0, 0, 8080000, 8080000
2015, RAJASTHAN, 8, JAISALMER, 94, SAM, 1281, RAMGARH, 38779, 1130325, Total, 0, 0, 0, 0, 0, 0, 15752490, 15752490
2015, RAJASTHAN, 8, JAISALMER, 94, SAM, 1281, RASLA, 38780, 1128826, Administrative & Technical Support, 0, 0, 0, 0, 0, 0, 230758, 230758
2015, RAJASTHAN, 8, JAISALMER, 94, SAM, 1281, RASLA, 38780, 1128826, Cultural activities, 0, 0, 0, 0, 0, 0, 2100000, 2100000
2015, RAJASTHAN, 8, JAISALMER, 94, SAM, 1281, RASLA, 38780, 1128826, Drinking water, 0, 0, 0, 0, 0, 0, 300000, 300000
2015, RAJASTHAN, 8, JAISALMER, 94, SAM, 1281, RASLA, 38780, 1128826, Education, 0, 0, 0, 0, 0, 0, 3500000, 3500000
2015, RAJASTHAN, 8, JAISALMER, 94, SAM, 1281, RASLA, 38780, 1128826, Maintenance of community system, 0, 0, 0, 0, 0, 0, 300000, 300000
2015, RAJASTHAN, 8, JAISALMER, 94, SAM, 1281, RASLA, 38780, 1128826, Roads, 0, 0, 0, 0, 0, 0, 1550000, 1550000
2015, RAJASTHAN, 8, JAISALMER, 94, SAM, 1281, RASLA, 38780, 1128826, Sanitation, 0, 0, 0, 0, 0, 0, 1500000, 1500000
2015, RAJASTHAN, 8, JAISALMER, 94, SAM, 1281, RASLA, 38780, 1128826, Total, 0, 0, 0, 0, 0, 0, 9480758, 9480758
2015, RAJASTHAN, 8, JAISALMER, 94, SAM, 1281, REEWARI, 38781, 1130140, Administrative & Technical Support, 0, 0, 0, 0, 0, 0, 133308, 133308
2015, RAJASTHAN, 8, JAISALMER, 94, SAM, 1281, REEWARI, 38781, 1130140, Cultural activities, 0, 0, 0, 0, 0, 0, 1429000, 1429000
2015, RAJASTHAN, 8, JAISALMER, 94, SAM, 1281, REEWARI, 38781, 1130140, Drinking water, 0, 0, 0, 0, 0, 0, 1393000, 1393000
2015, RAJASTHAN, 8, JAISALMER, 94, SAM, 1281, REEWARI, 38781, 1130140, Education, 0, 0, 0, 0, 0, 0, 200000, 200000
2015, RAJASTHAN, 8, JAISALMER, 94, SAM, 1281, REEWARI, 38781, 1130140, Maintenance of community system, 0, 0, 0, 0, 0, 0, 260000, 260000
2015, RAJASTHAN, 8, JAISALMER, 94, SAM, 1281, REEWARI, 38781, 1130140, Roads, 0, 0, 0, 0, 0, 0, 2357000, 2357000
2015, RAJASTHAN, 8, JAISALMER, 94, SAM, 1281, REEWARI, 38781, 1130140, Sanitation, 0, 0, 0, 0, 0, 0, 121000, 121000
2015, RAJASTHAN, 8, JAISALMER, 94, SAM, 1281, REEWARI, 38781, 1130140, Total, 0, 0, 0, 0, 0, 0, 5893308, 5893308
2015, RAJASTHAN, 8, JAISALMER, 94, SAM, 1281, SAM, 38782, 1135067, Drinking water, 0, 0, 0, 0, 0, 0, 4890000, 4890000
2015, RAJASTHAN, 8, JAISALMER, 94, SAM, 1281, SAM, 38782, 1135067, Maintenance of community system, 0, 0, 0, 0, 0, 0, 100000, 100000
2015, RAJASTHAN, 8, JAISALMER, 94, SAM, 1281, SAM, 38782, 1135067, Roads, 0, 0, 0, 0, 0, 0, 5600000, 5600000
2015, RAJASTHAN, 8, JAISALMER, 94, SAM, 1281, SAM, 38782, 1135067, Sanitation, 0, 0, 0, 0, 0, 0, 2362160, 2362160
2015, RAJASTHAN, 8, JAISALMER, 94, SAM, 1281, SAM, 38782, 1135067, Total, 0, 0, 0, 0, 0, 0, 12952160, 12952160
2015, RAJASTHAN, 8, JAISALMER, 94, SAM, 1281, SANGAR, 38783, 1128674, Administrative & Technical Support, 0, 0, 0, 0, 0, 0, 100000, 100000
2015, RAJASTHAN, 8, JAISALMER, 94, SAM, 1281, SANGAR, 38783, 1128674, Adult and non-formal education, 0, 0, 0, 0, 0, 0, 400000, 400000
2015, RAJASTHAN, 8, JAISALMER, 94, SAM, 1281, SANGAR, 38783, 1128674, Cultural activities, 0, 0, 0, 0, 0, 0, 1200000, 1200000
2015, RAJASTHAN, 8, JAISALMER, 94, SAM, 1281, SANGAR, 38783, 1128674, Drinking water, 0, 0, 0, 0, 0, 0, 200000, 200000
2015, RAJASTHAN, 8, JAISALMER, 94, SAM, 1281, SANGAR, 38783, 1128674, Health, 0, 0, 0, 0, 0, 0, 100000, 100000
2015, RAJASTHAN, 8, JAISALMER, 94, SAM, 1281, SANGAR, 38783, 1128674, Roads, 0, 0, 0, 0, 0, 0, 1250000, 1250000
2015, RAJASTHAN, 8, JAISALMER, 94, SAM, 1281, SANGAR, 38783, 1128674, Sanitation, 0, 0, 0, 0, 0, 0, 953018, 953018
2015, RAJASTHAN, 8, JAISALMER, 94, SAM, 1281, SANGAR, 38783, 1128674, Total, 0, 0, 0, 0, 0, 0, 4203018, 4203018
2015, RAJASTHAN, 8, JAISALMER, 94, SAM, 1281, SATTO, 38784, 1129414, Administrative & Technical Support, 0, 0, 0, 0, 0, 0, 52000, 52000
2015, RAJASTHAN, 8, JAISALMER, 94, SAM, 1281, SATTO, 38784, 1129414, Cultural activities, 0, 0, 0, 0, 0, 0, 321495, 321495
2015, RAJASTHAN, 8, JAISALMER, 94, SAM, 1281, SATTO, 38784, 1129414, Drinking water, 0, 0, 0, 0, 0, 0, 2265761, 2265761
2015, RAJASTHAN, 8, JAISALMER, 94, SAM, 1281, SATTO, 38784, 1129414, Education, 0, 0, 0, 0, 0, 0, 1250000, 1250000
2015, RAJASTHAN, 8, JAISALMER, 94, SAM, 1281, SATTO, 38784, 1129414, Roads, 0, 0, 0, 0, 0, 0, 2250000, 2250000
2015, RAJASTHAN, 8, JAISALMER, 94, SAM, 1281, SATTO, 38784, 1129414, Sanitation, 0, 0, 0, 0, 0, 0, 780000, 780000
2015, RAJASTHAN, 8, JAISALMER, 94, SAM, 1281, SATTO, 38784, 1129414, Total, 0, 0, 0, 0, 0, 0, 6919256, 6919256
2015, RAJASTHAN, 8, JAISALMER, 94, SAM, 1281, SEETORAI, 38787, 1132081, Cultural activities, 0, 0, 0, 0, 0, 0, 800000, 800000
2015, RAJASTHAN, 8, JAISALMER, 94, SAM, 1281, SEETORAI, 38787, 1132081, Drinking water, 0, 0, 0, 0, 0, 0, 2517837, 2517837
2015, RAJASTHAN, 8, JAISALMER, 94, SAM, 1281, SEETORAI, 38787, 1132081, Roads, 0, 0, 0, 0, 0, 0, 852000, 852000
2015, RAJASTHAN, 8, JAISALMER, 94, SAM, 1281, SEETORAI, 38787, 1132081, Sanitation, 0, 0, 0, 0, 0, 0, 50000, 50000
2015, RAJASTHAN, 8, JAISALMER, 94, SAM, 1281, SEETORAI, 38787, 1132081, Total, 0, 0, 0, 0, 0, 0, 4219837, 4219837
2015, RAJASTHAN, 8, JAISALMER, 94, SAM, 1281, SHAHGARH, 38785, 1099247, Drinking water, 0, 0, 0, 0, 0, 0, 250000, 250000
2015, RAJASTHAN, 8, JAISALMER, 94, SAM, 1281, SHAHGARH, 38785, 1099247, Health, 0, 0, 0, 0, 0, 0, 250000, 250000
2015, RAJASTHAN, 8, JAISALMER, 94, SAM, 1281, SHAHGARH, 38785, 1099247, Roads, 0, 0, 0, 0, 0, 0, 1610515, 1610515
2015, RAJASTHAN, 8, JAISALMER, 94, SAM, 1281, SHAHGARH, 38785, 1099247, Sanitation, 0, 0, 0, 0, 0, 0, 2000000, 2000000
2015, RAJASTHAN, 8, JAISALMER, 94, SAM, 1281, SHAHGARH, 38785, 1099247, Total, 0, 0, 0, 0, 0, 0, 4110515, 4110515
2015, RAJASTHAN, 8, JAISALMER, 94, SAM, 1281, SIPALA, 38786, 1132262, Cultural activities, 0, 0, 0, 0, 0, 0, 250000, 250000
2015, RAJASTHAN, 8, JAISALMER, 94, SAM, 1281, SIPALA, 38786, 1132262, Drinking water, 0, 0, 0, 0, 0, 0, 3159670, 3159670
2015, RAJASTHAN, 8, JAISALMER, 94, SAM, 1281, SIPALA, 38786, 1132262, Education, 0, 0, 0, 0, 0, 0, 1550000, 1550000
2015, RAJASTHAN, 8, JAISALMER, 94, SAM, 1281, SIPALA, 38786, 1132262, Sanitation, 0, 0, 0, 0, 0, 0, 500000, 500000
2015, RAJASTHAN, 8, JAISALMER, 94, SAM, 1281, SIPALA, 38786, 1132262, Social welfare, 0, 0, 0, 0, 0, 0, 400000, 400000
2015, RAJASTHAN, 8, JAISALMER, 94, SAM, 1281, SIPALA, 38786, 1132262, Total, 0, 0, 0, 0, 0, 0, 5859670, 5859670
2015, RAJASTHAN, 8, JAISALMER, 94, SAM, 1281, SIYAMBAR, 38788, 1135143, Cultural activities, 0, 0, 0, 0, 0, 0, 50000, 50000
2015, RAJASTHAN, 8, JAISALMER, 94, SAM, 1281, SIYAMBAR, 38788, 1135143, Drinking water, 0, 0, 0, 0, 0, 0, 2584731, 2584731
2015, RAJASTHAN, 8, JAISALMER, 94, SAM, 1281, SIYAMBAR, 38788, 1135143, Education, 0, 0, 0, 0, 0, 0, 350000, 350000
2015, RAJASTHAN, 8, JAISALMER, 94, SAM, 1281, SIYAMBAR, 38788, 1135143, Roads, 0, 0, 0, 0, 0, 0, 524000, 524000
2015, RAJASTHAN, 8, JAISALMER, 94, SAM, 1281, SIYAMBAR, 38788, 1135143, Sanitation, 0, 0, 0, 0, 0, 0, 1197170, 1197170
2015, RAJASTHAN, 8, JAISALMER, 94, SAM, 1281, SIYAMBAR, 38788, 1135143, Total, 0, 0, 0, 0, 0, 0, 4705901, 4705901
2015, RAJASTHAN, 8, JAISALMER, 94, SAM, 1281, SONOO, 38789, 1131804, Administrative & Technical Support, 0, 0, 0, 0, 0, 0, 123398, 123398
2015, RAJASTHAN, 8, JAISALMER, 94, SAM, 1281, SONOO, 38789, 1131804, Roads, 0, 0, 0, 0, 0, 0, 2630000, 2630000
2015, RAJASTHAN, 8, JAISALMER, 94, SAM, 1281, SONOO, 38789, 1131804, Sanitation, 0, 0, 0, 0, 0, 0, 1860000, 1860000
2015, RAJASTHAN, 8, JAISALMER, 94, SAM, 1281, SONOO, 38789, 1131804, Total, 0, 0, 0, 0, 0, 0, 4613398, 4613398
2015, RAJASTHAN, 8, JAISALMER, 94, SAM, 1281, TANOT, 262709, 1106539, Drinking water, 0, 0, 0, 0, 0, 0, 625000, 625000
2015, RAJASTHAN, 8, JAISALMER, 94, SAM, 1281, TANOT, 262709, 1106539, Health, 0, 0, 0, 0, 0, 0, 580000, 580000
2015, RAJASTHAN, 8, JAISALMER, 94, SAM, 1281, TANOT, 262709, 1106539, Public distribution system, 0, 0, 0, 0, 0, 0, 1448427, 1448427
2015, RAJASTHAN, 8, JAISALMER, 94, SAM, 1281, TANOT, 262709, 1106539, Sanitation, 0, 0, 0, 0, 0, 0, 305000, 305000
2015, RAJASTHAN, 8, JAISALMER, 94, SAM, 1281, TANOT, 262709, 1106539, Total, 0, 0, 0, 0, 0, 0, 2958427, 2958427
2015, RAJASTHAN, 8, JAISALMER, 94, SAM, 1281, TEJMALTA, 38790, 1130554, Administrative & Technical Support, 0, 0, 0, 0, 0, 0, 217242, 217242
2015, RAJASTHAN, 8, JAISALMER, 94, SAM, 1281, TEJMALTA, 38790, 1130554, Cultural activities, 0, 0, 0, 0, 0, 0, 200000, 200000
2015, RAJASTHAN, 8, JAISALMER, 94, SAM, 1281, TEJMALTA, 38790, 1130554, Drinking water, 0, 0, 0, 0, 0, 0, 1790000, 1790000
2015, RAJASTHAN, 8, JAISALMER, 94, SAM, 1281, TEJMALTA, 38790, 1130554, Roads, 0, 0, 0, 0, 0, 0, 2326000, 2326000
2015, RAJASTHAN, 8, JAISALMER, 94, SAM, 1281, TEJMALTA, 38790, 1130554, Sanitation, 0, 0, 0, 0, 0, 0, 800000, 800000
2015, RAJASTHAN, 8, JAISALMER, 94, SAM, 1281, TEJMALTA, 38790, 1130554, Total, 0, 0, 0, 0, 0, 0, 5333242, 5333242
2015, RAJASTHAN, 8, JAISALMER, 94, SAM, 1281, TEJPALA, 38791, 1130161, Administrative & Technical Support, 0, 0, 0, 0, 0, 0, 41068, 41068
2015, RAJASTHAN, 8, JAISALMER, 94, SAM, 1281, TEJPALA, 38791, 1130161, Drinking water, 0, 0, 0, 0, 0, 0, 1150000, 1150000
2015, RAJASTHAN, 8, JAISALMER, 94, SAM, 1281, TEJPALA, 38791, 1130161, Maintenance of community system, 0, 0, 0, 0, 0, 0, 700000, 700000
2015, RAJASTHAN, 8, JAISALMER, 94, SAM, 1281, TEJPALA, 38791, 1130161, Roads, 0, 0, 0, 0, 0, 0, 3400000, 3400000
2015, RAJASTHAN, 8, JAISALMER, 94, SAM, 1281, TEJPALA, 38791, 1130161, Sanitation, 0, 0, 0, 0, 0, 0, 2750000, 2750000
2015, RAJASTHAN, 8, JAISALMER, 94, SAM, 1281, TEJPALA, 38791, 1130161, Total, 0, 0, 0, 0, 0, 0, 8041068, 8041068
2015, RAJASTHAN, 8, JAISALMER, 94, SAM, 1281, TEJRAWA, 38792, 1407093, Drinking water, 0, 0, 0, 0, 0, 0, 1033436, 1033436
2015, RAJASTHAN, 8, JAISALMER, 94, SAM, 1281, TEJRAWA, 38792, 1407093, Education, 0, 0, 0, 0, 0, 0, 500000, 500000
2015, RAJASTHAN, 8, JAISALMER, 94, SAM, 1281, TEJRAWA, 38792, 1407093, Maintenance of community system, 0, 0, 0, 0, 0, 0, 150000, 150000
2015, RAJASTHAN, 8, JAISALMER, 94, SAM, 1281, TEJRAWA, 38792, 1407093, Roads, 0, 0, 0, 0, 0, 0, 2000000, 2000000
2015, RAJASTHAN, 8, JAISALMER, 94, SAM, 1281, TEJRAWA, 38792, 1407093, Sanitation, 0, 0, 0, 0, 0, 0, 750000, 750000
2015, RAJASTHAN, 8, JAISALMER, 94, SAM, 1281, TEJRAWA, 38792, 1407093, Total, 0, 0, 0, 0, 0, 0, 4433436, 4433436
2015, RAJASTHAN, 8, JAISALMER, 94, SAM, 1281, UNDA, 262705, 1132729, Administrative & Technical Support, 0, 0, 0, 0, 0, 0, 67740, 67740
2015, RAJASTHAN, 8, JAISALMER, 94, SAM, 1281, UNDA, 262705, 1132729, Drinking water, 0, 0, 0, 0, 0, 0, 2210000, 2210000
2015, RAJASTHAN, 8, JAISALMER, 94, SAM, 1281, UNDA, 262705, 1132729, Roads, 0, 0, 0, 0, 0, 0, 2000000, 2000000
2015, RAJASTHAN, 8, JAISALMER, 94, SAM, 1281, UNDA, 262705, 1132729, Sanitation, 0, 0, 0, 0, 0, 0, 1000000, 1000000
2015, RAJASTHAN, 8, JAISALMER, 94, SAM, 1281, UNDA, 262705, 1132729, Total, 0, 0, 0, 0, 0, 0, 5277740, 5277740
2015, RAJASTHAN, 8, JAISALMER, 94, SANKRA, 1282, BALAR, 38793, 1115398, Agriculture, 0, 0, 0, 0, 0, 0, 500000, 500000
2015, RAJASTHAN, 8, JAISALMER, 94, SANKRA, 1282, BALAR, 38793, 1115398, Drinking water, 0, 0, 0, 0, 0, 0, 4600151, 4600151
2015, RAJASTHAN, 8, JAISALMER, 94, SANKRA, 1282, BALAR, 38793, 1115398, Education, 0, 0, 0, 0, 0, 0, 500000, 500000
2015, RAJASTHAN, 8, JAISALMER, 94, SANKRA, 1282, BALAR, 38793, 1115398, Maintenance of community system, 0, 0, 0, 0, 0, 0, 1286000, 1286000
2015, RAJASTHAN, 8, JAISALMER, 94, SANKRA, 1282, BALAR, 38793, 1115398, Sanitation, 0, 0, 0, 0, 0, 0, 1356743, 1356743
2015, RAJASTHAN, 8, JAISALMER, 94, SANKRA, 1282, BALAR, 38793, 1115398, Total, 0, 0, 0, 0, 0, 0, 8242894, 8242894
2015, RAJASTHAN, 8, JAISALMER, 94, SANKRA, 1282, BANDHEWA, 38794, 1115008, Agriculture, 0, 0, 0, 0, 0, 0, 3032896, 3032896
2015, RAJASTHAN, 8, JAISALMER, 94, SANKRA, 1282, BANDHEWA, 38794, 1115008, Drinking water, 0, 0, 0, 0, 0, 0, 779221, 779221
2015, RAJASTHAN, 8, JAISALMER, 94, SANKRA, 1282, BANDHEWA, 38794, 1115008, Roads, 0, 0, 0, 0, 0, 0, 5500000, 5500000
2015, RAJASTHAN, 8, JAISALMER, 94, SANKRA, 1282, BANDHEWA, 38794, 1115008, Sanitation, 0, 0, 0, 0, 0, 0, 1240000, 1240000
2015, RAJASTHAN, 8, JAISALMER, 94, SANKRA, 1282, BANDHEWA, 38794, 1115008, Total, 0, 0, 0, 0, 0, 0, 10552117, 10552117
2015, RAJASTHAN, 8, JAISALMER, 94, SANKRA, 1282, BARATH KA GAON, 38795, 1123173, Administrative & Technical Support, 0, 0, 0, 0, 0, 0, 263420, 263420
2015, RAJASTHAN, 8, JAISALMER, 94, SANKRA, 1282, BARATH KA GAON, 38795, 1123173, Drinking water, 0, 0, 0, 0, 0, 0, 6300000, 6300000
2015, RAJASTHAN, 8, JAISALMER, 94, SANKRA, 1282, BARATH KA GAON, 38795, 1123173, Sanitation, 0, 0, 0, 0, 0, 0, 3580000, 3580000
2015, RAJASTHAN, 8, JAISALMER, 94, SANKRA, 1282, BARATH KA GAON, 38795, 1123173, Total, 0, 0, 0, 0, 0, 0, 10143420, 10143420
2015, RAJASTHAN, 8, JAISALMER, 94, SANKRA, 1282, BHAINSARA, 38797, 1109656, Drinking water, 0, 0, 0, 0, 0, 0, 2774177, 2774177
2015, RAJASTHAN, 8, JAISALMER, 94, SANKRA, 1282, BHAINSARA, 38797, 1109656, Maintenance of community system, 0, 0, 0, 0, 0, 0, 500000, 500000
2015, RAJASTHAN, 8, JAISALMER, 94, SANKRA, 1282, BHAINSARA, 38797, 1109656, Roads, 0, 0, 0, 0, 0, 0, 1900000, 1900000
2015, RAJASTHAN, 8, JAISALMER, 94, SANKRA, 1282, BHAINSARA, 38797, 1109656, Sanitation, 0, 0, 0, 0, 0, 0, 3546372, 3546372
2015, RAJASTHAN, 8, JAISALMER, 94, SANKRA, 1282, BHAINSARA, 38797, 1109656, Total, 0, 0, 0, 0, 0, 0, 8720549, 8720549
2015, RAJASTHAN, 8, JAISALMER, 94, SANKRA, 1282, BHANIYANA, 38796, 1099150, Drinking water, 0, 0, 0, 0, 0, 0, 1460577, 1460577
2015, RAJASTHAN, 8, JAISALMER, 94, SANKRA, 1282, BHANIYANA, 38796, 1099150, Health, 0, 0, 0, 0, 0, 0, 4000000, 4000000
2015, RAJASTHAN, 8, JAISALMER, 94, SANKRA, 1282, BHANIYANA, 38796, 1099150, Maintenance of community system, 0, 0, 0, 0, 0, 0, 4384905, 4384905
2015, RAJASTHAN, 8, JAISALMER, 94, SANKRA, 1282, BHANIYANA, 38796, 1099150, Markets and fairs, 0, 0, 0, 0, 0, 0, 2000000, 2000000
2015, RAJASTHAN, 8, JAISALMER, 94, SANKRA, 1282, BHANIYANA, 38796, 1099150, Total, 0, 0, 0, 0, 0, 0, 11845482, 11845482
2015, RAJASTHAN, 8, JAISALMER, 94, SANKRA, 1282, BHEKHORAI JOONI, 38798, 1122679, Cultural activities, 0, 0, 0, 0, 0, 0, 500000, 500000
2015, RAJASTHAN, 8, JAISALMER, 94, SANKRA, 1282, BHEKHORAI JOONI, 38798, 1122679, Drinking water, 0, 0, 0, 0, 0, 0, 2450000, 2450000
2015, RAJASTHAN, 8, JAISALMER, 94, SANKRA, 1282, BHEKHORAI JOONI, 38798, 1122679, Roads, 0, 0, 0, 0, 0, 0, 1435255, 1435255
2015, RAJASTHAN, 8, JAISALMER, 94, SANKRA, 1282, BHEKHORAI JOONI, 38798, 1122679, Sanitation, 0, 0, 0, 0, 0, 0, 3750000, 3750000
2015, RAJASTHAN, 8, JAISALMER, 94, SANKRA, 1282, BHEKHORAI JOONI, 38798, 1122679, Total, 0, 0, 0, 0, 0, 0, 8135255, 8135255
2015, RAJASTHAN, 8, JAISALMER, 94, SANKRA, 1282, BHURAJGARH, 38799, 1104366, Cultural activities, 0, 0, 0, 0, 0, 0, 500000, 500000
2015, RAJASTHAN, 8, JAISALMER, 94, SANKRA, 1282, BHURAJGARH, 38799, 1104366, Drinking water, 0, 0, 0, 0, 0, 0, 3550000, 3550000
2015, RAJASTHAN, 8, JAISALMER, 94, SANKRA, 1282, BHURAJGARH, 38799, 1104366, Roads, 0, 0, 0, 0, 0, 0, 3400896, 3400896
2015, RAJASTHAN, 8, JAISALMER, 94, SANKRA, 1282, BHURAJGARH, 38799, 1104366, Sanitation, 0, 0, 0, 0, 0, 0, 3675943, 3675943
2015, RAJASTHAN, 8, JAISALMER, 94, SANKRA, 1282, BHURAJGARH, 38799, 1104366, Social welfare, 0, 0, 0, 0, 0, 0, 500000, 500000
2015, RAJASTHAN, 8, JAISALMER, 94, SANKRA, 1282, BHURAJGARH, 38799, 1104366, Total, 0, 0, 0, 0, 0, 0, 11626839, 11626839
2015, RAJASTHAN, 8, JAISALMER, 94, SANKRA, 1282, CHHAYAN, 38800, 1101614, Animal husbandry, 0, 0, 0, 0, 0, 0, 100000, 100000
2015, RAJASTHAN, 8, JAISALMER, 94, SANKRA, 1282, CHHAYAN, 38800, 1101614, Drinking water, 0, 0, 0, 0, 0, 0, 2280000, 2280000
2015, RAJASTHAN, 8, JAISALMER, 94, SANKRA, 1282, CHHAYAN, 38800, 1101614, Health, 0, 0, 0, 0, 0, 0, 200000, 200000
2015, RAJASTHAN, 8, JAISALMER, 94, SANKRA, 1282, CHHAYAN, 38800, 1101614, Maintenance of community system, 0, 0, 0, 0, 0, 0, 500000, 500000
2015, RAJASTHAN, 8, JAISALMER, 94, SANKRA, 1282, CHHAYAN, 38800, 1101614, Roads, 0, 0, 0, 0, 0, 0, 3154757, 3154757
2015, RAJASTHAN, 8, JAISALMER, 94, SANKRA, 1282, CHHAYAN, 38800, 1101614, Sanitation, 0, 0, 0, 0, 0, 0, 2120825, 2120825
2015, RAJASTHAN, 8, JAISALMER, 94, SANKRA, 1282, CHHAYAN, 38800, 1101614, Total, 0, 0, 0, 0, 0, 0, 8355582, 8355582
2015, RAJASTHAN, 8, JAISALMER, 94, SANKRA, 1282, CHOK, 38801, 1109049, Drinking water, 0, 0, 0, 0, 0, 0, 3131000, 3131000
2015, RAJASTHAN, 8, JAISALMER, 94, SANKRA, 1282, CHOK, 38801, 1109049, Roads, 0, 0, 0, 0, 0, 0, 727608, 727608
2015, RAJASTHAN, 8, JAISALMER, 94, SANKRA, 1282, CHOK, 38801, 1109049, Sanitation, 0, 0, 0, 0, 0, 0, 2621677, 2621677
2015, RAJASTHAN, 8, JAISALMER, 94, SANKRA, 1282, CHOK, 38801, 1109049, Total, 0, 0, 0, 0, 0, 0, 6480285, 6480285
2015, RAJASTHAN, 8, JAISALMER, 94, SANKRA, 1282, DANTAL, 38802, 1122762, Drinking water, 0, 0, 0, 0, 0, 0, 4459663, 4459663
2015, RAJASTHAN, 8, JAISALMER, 94, SANKRA, 1282, DANTAL, 38802, 1122762, Sanitation, 0, 0, 0, 0, 0, 0, 4900000, 4900000
2015, RAJASTHAN, 8, JAISALMER, 94, SANKRA, 1282, DANTAL, 38802, 1122762, Total, 0, 0, 0, 0, 0, 0, 9359663, 9359663
2015, RAJASTHAN, 8, JAISALMER, 94, SANKRA, 1282, DHOLASAR, 262618, 1122755, Cultural activities, 0, 0, 0, 0, 0, 0, 1200000, 1200000
2015, RAJASTHAN, 8, JAISALMER, 94, SANKRA, 1282, DHOLASAR, 262618, 1122755, Drinking water, 0, 0, 0, 0, 0, 0, 3176328, 3176328
2015, RAJASTHAN, 8, JAISALMER, 94, SANKRA, 1282, DHOLASAR, 262618, 1122755, Roads, 0, 0, 0, 0, 0, 0, 900000, 900000
2015, RAJASTHAN, 8, JAISALMER, 94, SANKRA, 1282, DHOLASAR, 262618, 1122755, Sanitation, 0, 0, 0, 0, 0, 0, 980266, 980266
2015, RAJASTHAN, 8, JAISALMER, 94, SANKRA, 1282, DHOLASAR, 262618, 1122755, Total, 0, 0, 0, 0, 0, 0, 6256594, 6256594
2015, RAJASTHAN, 8, JAISALMER, 94, SANKRA, 1282, DIDANIYA, 38803, 1122800, Cultural activities, 0, 0, 0, 0, 0, 0, 673214, 673214
2015, RAJASTHAN, 8, JAISALMER, 94, SANKRA, 1282, DIDANIYA, 38803, 1122800, Drinking water, 0, 0, 0, 0, 0, 0, 3075000, 3075000
2015, RAJASTHAN, 8, JAISALMER, 94, SANKRA, 1282, DIDANIYA, 38803, 1122800, Roads, 0, 0, 0, 0, 0, 0, 2699000, 2699000
2015, RAJASTHAN, 8, JAISALMER, 94, SANKRA, 1282, DIDANIYA, 38803, 1122800, Sanitation, 0, 0, 0, 0, 0, 0, 4300000, 4300000
2015, RAJASTHAN, 8, JAISALMER, 94, SANKRA, 1282, DIDANIYA, 38803, 1122800, Total, 0, 0, 0, 0, 0, 0, 10747214, 10747214
2015, RAJASTHAN, 8, JAISALMER, 94, SANKRA, 1282, GOMAT, 38804, 1123002, Drinking water, 0, 0, 0, 0, 0, 0, 2000000, 2000000
2015, RAJASTHAN, 8, JAISALMER, 94, SANKRA, 1282, GOMAT, 38804, 1123002, Roads, 0, 0, 0, 0, 0, 0, 2200000, 2200000
2015, RAJASTHAN, 8, JAISALMER, 94, SANKRA, 1282, GOMAT, 38804, 1123002, Sanitation, 0, 0, 0, 0, 0, 0, 3124589, 3124589
2015, RAJASTHAN, 8, JAISALMER, 94, SANKRA, 1282, GOMAT, 38804, 1123002, Total, 0, 0, 0, 0, 0, 0, 7324589, 7324589
2015, RAJASTHAN, 8, JAISALMER, 94, SANKRA, 1282, JAIMALAN, 38805, 1122521, Administrative & Technical Support, 0, 0, 0, 0, 0, 0, 95104, 95104
2015, RAJASTHAN, 8, JAISALMER, 94, SANKRA, 1282, JAIMALAN, 38805, 1122521, Drinking water, 0, 0, 0, 0, 0, 0, 5642703, 5642703
2015, RAJASTHAN, 8, JAISALMER, 94, SANKRA, 1282, JAIMALAN, 38805, 1122521, Sanitation, 0, 0, 0, 0, 0, 0, 1390000, 1390000
2015, RAJASTHAN, 8, JAISALMER, 94, SANKRA, 1282, JAIMALAN, 38805, 1122521, Total, 0, 0, 0, 0, 0, 0, 7127807, 7127807
2015, RAJASTHAN, 8, JAISALMER, 94, SANKRA, 1282, JHABRA, 38807, 1114643, Cultural activities, 0, 0, 0, 0, 0, 0, 700000, 700000
2015, RAJASTHAN, 8, JAISALMER, 94, SANKRA, 1282, JHABRA, 38807, 1114643, Drinking water, 0, 0, 0, 0, 0, 0, 3671000, 3671000
2015, RAJASTHAN, 8, JAISALMER, 94, SANKRA, 1282, JHABRA, 38807, 1114643, Health, 0, 0, 0, 0, 0, 0, 250000, 250000
2015, RAJASTHAN, 8, JAISALMER, 94, SANKRA, 1282, JHABRA, 38807, 1114643, Roads, 0, 0, 0, 0, 0, 0, 875000, 875000
2015, RAJASTHAN, 8, JAISALMER, 94, SANKRA, 1282, JHABRA, 38807, 1114643, Sanitation, 0, 0, 0, 0, 0, 0, 1132291, 1132291
2015, RAJASTHAN, 8, JAISALMER, 94, SANKRA, 1282, JHABRA, 38807, 1114643, Total, 0, 0, 0, 0, 0, 0, 6628291, 6628291
2015, RAJASTHAN, 8, JAISALMER, 94, SANKRA, 1282, JHALARIYA, 38808, 1122785, Drinking water, 0, 0, 0, 0, 0, 0, 4658338, 4658338
2015, RAJASTHAN, 8, JAISALMER, 94, SANKRA, 1282, JHALARIYA, 38808, 1122785, Sanitation, 0, 0, 0, 0, 0, 0, 1384658, 1384658
2015, RAJASTHAN, 8, JAISALMER, 94, SANKRA, 1282, JHALARIYA, 38808, 1122785, Total, 0, 0, 0, 0, 0, 0, 6042996, 6042996
2015, RAJASTHAN, 8, JAISALMER, 94, SANKRA, 1282, JHALORA POKARAN, 38806, 1117551, Administrative & Technical Support, 0, 0, 0, 0, 0, 0, 26271, 26271
2015, RAJASTHAN, 8, JAISALMER, 94, SANKRA, 1282, JHALORA POKARAN, 38806, 1117551, Drinking water, 0, 0, 0, 0, 0, 0, 5722000, 5722000
2015, RAJASTHAN, 8, JAISALMER, 94, SANKRA, 1282, JHALORA POKARAN, 38806, 1117551, Family welfare, 0, 0, 0, 0, 0, 0, 1000000, 1000000
2015, RAJASTHAN, 8, JAISALMER, 94, SANKRA, 1282, JHALORA POKARAN, 38806, 1117551, Roads, 0, 0, 0, 0, 0, 0, 1000468, 1000468
2015, RAJASTHAN, 8, JAISALMER, 94, SANKRA, 1282, JHALORA POKARAN, 38806, 1117551, Sanitation, 0, 0, 0, 0, 0, 0, 1234183, 1234183
2015, RAJASTHAN, 8, JAISALMER, 94, SANKRA, 1282, JHALORA POKARAN, 38806, 1117551, Total, 0, 0, 0, 0, 0, 0, 8982922, 8982922
2015, RAJASTHAN, 8, JAISALMER, 94, SANKRA, 1282, KELAWA, 38809, 1103336, Drinking water, 0, 0, 0, 0, 0, 0, 2934288, 2934288
2015, RAJASTHAN, 8, JAISALMER, 94, SANKRA, 1282, KELAWA, 38809, 1103336, Health, 0, 0, 0, 0, 0, 0, 2806688, 2806688
2015, RAJASTHAN, 8, JAISALMER, 94, SANKRA, 1282, KELAWA, 38809, 1103336, Roads, 0, 0, 0, 0, 0, 0, 1000000, 1000000
2015, RAJASTHAN, 8, JAISALMER, 94, SANKRA, 1282, KELAWA, 38809, 1103336, Total, 0, 0, 0, 0, 0, 0, 6740976, 6740976
2015, RAJASTHAN, 8, JAISALMER, 94, SANKRA, 1282, KHETOLAI, 38810, 1098688, Drinking water, 0, 0, 0, 0, 0, 0, 1641094, 1641094
2015, RAJASTHAN, 8, JAISALMER, 94, SANKRA, 1282, KHETOLAI, 38810, 1098688, Health, 0, 0, 0, 0, 0, 0, 1450000, 1450000
2015, RAJASTHAN, 8, JAISALMER, 94, SANKRA, 1282, KHETOLAI, 38810, 1098688, Maintenance of community system, 0, 0, 0, 0, 0, 0, 300000, 300000
2015, RAJASTHAN, 8, JAISALMER, 94, SANKRA, 1282, KHETOLAI, 38810, 1098688, Roads, 0, 0, 0, 0, 0, 0, 1500000, 1500000
2015, RAJASTHAN, 8, JAISALMER, 94, SANKRA, 1282, KHETOLAI, 38810, 1098688, Rural electrification, 0, 0, 0, 0, 0, 0, 400000, 400000
2015, RAJASTHAN, 8, JAISALMER, 94, SANKRA, 1282, KHETOLAI, 38810, 1098688, Small-scale industries, 0, 0, 0, 0, 0, 0, 413843, 413843
2015, RAJASTHAN, 8, JAISALMER, 94, SANKRA, 1282, KHETOLAI, 38810, 1098688, Total, 0, 0, 0, 0, 0, 0, 5704937, 5704937
2015, RAJASTHAN, 8, JAISALMER, 94, SANKRA, 1282, LATHI, 38811, 1122727, Administrative & Technical Support, 0, 0, 0, 0, 0, 0, 215799, 215799
2015, RAJASTHAN, 8, JAISALMER, 94, SANKRA, 1282, LATHI, 38811, 1122727, Cultural activities, 0, 0, 0, 0, 0, 0, 1750000, 1750000
2015, RAJASTHAN, 8, JAISALMER, 94, SANKRA, 1282, LATHI, 38811, 1122727, Drinking water, 0, 0, 0, 0, 0, 0, 2030000, 2030000
2015, RAJASTHAN, 8, JAISALMER, 94, SANKRA, 1282, LATHI, 38811, 1122727, Health, 0, 0, 0, 0, 0, 0, 650000, 650000
2015, RAJASTHAN, 8, JAISALMER, 94, SANKRA, 1282, LATHI, 38811, 1122727, Roads, 0, 0, 0, 0, 0, 0, 3500000, 3500000
2015, RAJASTHAN, 8, JAISALMER, 94, SANKRA, 1282, LATHI, 38811, 1122727, Sanitation, 0, 0, 0, 0, 0, 0, 6130000, 6130000
2015, RAJASTHAN, 8, JAISALMER, 94, SANKRA, 1282, LATHI, 38811, 1122727, Total, 0, 0, 0, 0, 0, 0, 14275799, 14275799
2015, RAJASTHAN, 8, JAISALMER, 94, SANKRA, 1282, LAWAN, 38812, 1122816, Cultural activities, 0, 0, 0, 0, 0, 0, 350000, 350000
2015, RAJASTHAN, 8, JAISALMER, 94, SANKRA, 1282, LAWAN, 38812, 1122816, Drinking water, 0, 0, 0, 0, 0, 0, 6270000, 6270000
2015, RAJASTHAN, 8, JAISALMER, 94, SANKRA, 1282, LAWAN, 38812, 1122816, Roads, 0, 0, 0, 0, 0, 0, 1214942, 1214942
2015, RAJASTHAN, 8, JAISALMER, 94, SANKRA, 1282, LAWAN, 38812, 1122816, Sanitation, 0, 0, 0, 0, 0, 0, 450000, 450000
2015, RAJASTHAN, 8, JAISALMER, 94, SANKRA, 1282, LAWAN, 38812, 1122816, Total, 0, 0, 0, 0, 0, 0, 8284942, 8284942
2015, RAJASTHAN, 8, JAISALMER, 94, SANKRA, 1282, LOHARKI, 38813, 1104810, Drinking water, 0, 0, 0, 0, 0, 0, 2615125, 2615125
2015, RAJASTHAN, 8, JAISALMER, 94, SANKRA, 1282, LOHARKI, 38813, 1104810, Health, 0, 0, 0, 0, 0, 0, 450000, 450000
2015, RAJASTHAN, 8, JAISALMER, 94, SANKRA, 1282, LOHARKI, 38813, 1104810, Khadi, 0, 0, 0, 0, 0, 0, 1000000, 1000000
2015, RAJASTHAN, 8, JAISALMER, 94, SANKRA, 1282, LOHARKI, 38813, 1104810, Roads, 0, 0, 0, 0, 0, 0, 3275474, 3275474
2015, RAJASTHAN, 8, JAISALMER, 94, SANKRA, 1282, LOHARKI, 38813, 1104810, Sanitation, 0, 0, 0, 0, 0, 0, 280000, 280000
2015, RAJASTHAN, 8, JAISALMER, 94, SANKRA, 1282, LOHARKI, 38813, 1104810, Total, 0, 0, 0, 0, 0, 0, 7620599, 7620599
2015, RAJASTHAN, 8, JAISALMER, 94, SANKRA, 1282, LOONA KALAN, 38814, 1120956, Administrative & Technical Support, 0, 0, 0, 0, 0, 0, 21000, 21000
2015, RAJASTHAN, 8, JAISALMER, 94, SANKRA, 1282, LOONA KALAN, 38814, 1120956, Drinking water, 0, 0, 0, 0, 0, 0, 4645067, 4645067
2015, RAJASTHAN, 8, JAISALMER, 94, SANKRA, 1282, LOONA KALAN, 38814, 1120956, Markets and fairs, 0, 0, 0, 0, 0, 0, 619, 619
2015, RAJASTHAN, 8, JAISALMER, 94, SANKRA, 1282, LOONA KALAN, 38814, 1120956, Sanitation, 0, 0, 0, 0, 0, 0, 1600000, 1600000
2015, RAJASTHAN, 8, JAISALMER, 94, SANKRA, 1282, LOONA KALAN, 38814, 1120956, Total, 0, 0, 0, 0, 0, 0, 6266686, 6266686
2015, RAJASTHAN, 8, JAISALMER, 94, SANKRA, 1282, MADWA, 38815, 1104021, Drinking water, 0, 0, 0, 0, 0, 0, 3328768, 3328768
2015, RAJASTHAN, 8, JAISALMER, 94, SANKRA, 1282, MADWA, 38815, 1104021, Maintenance of community system, 0, 0, 0, 0, 0, 0, 1300000, 1300000
2015, RAJASTHAN, 8, JAISALMER, 94, SANKRA, 1282, MADWA, 38815, 1104021, Roads, 0, 0, 0, 0, 0, 0, 1587892, 1587892
2015, RAJASTHAN, 8, JAISALMER, 94, SANKRA, 1282, MADWA, 38815, 1104021, Sanitation, 0, 0, 0, 0, 0, 0, 600000, 600000
2015, RAJASTHAN, 8, JAISALMER, 94, SANKRA, 1282, MADWA, 38815, 1104021, Total, 0, 0, 0, 0, 0, 0, 6816660, 6816660
2015, RAJASTHAN, 8, JAISALMER, 94, SANKRA, 1282, MANASAR, 38816, 1123175, Drinking water, 0, 0, 0, 0, 0, 0, 10347009, 10347009
2015, RAJASTHAN, 8, JAISALMER, 94, SANKRA, 1282, MANASAR, 38816, 1123175, Sanitation, 0, 0, 0, 0, 0, 0, 709672, 709672
2015, RAJASTHAN, 8, JAISALMER, 94, SANKRA, 1282, MANASAR, 38816, 1123175, Total, 0, 0, 0, 0, 0, 0, 11056681, 11056681
2015, RAJASTHAN, 8, JAISALMER, 94, SANKRA, 1282, MODARDI, 38817, 1114511, Drinking water, 0, 0, 0, 0, 0, 0, 4400000, 4400000
2015, RAJASTHAN, 8, JAISALMER, 94, SANKRA, 1282, MODARDI, 38817, 1114511, Sanitation, 0, 0, 0, 0, 0, 0, 1627858, 1627858
2015, RAJASTHAN, 8, JAISALMER, 94, SANKRA, 1282, MODARDI, 38817, 1114511, Total, 0, 0, 0, 0, 0, 0, 6027858, 6027858
2015, RAJASTHAN, 8, JAISALMER, 94, SANKRA, 1282, Madhopura, 262612, 1122569, Administrative & Technical Support, 0, 0, 0, 0, 0, 0, 150420, 150420
2015, RAJASTHAN, 8, JAISALMER, 94, SANKRA, 1282, Madhopura, 262612, 1122569, Cultural activities, 0, 0, 0, 0, 0, 0, 702538, 702538
2015, RAJASTHAN, 8, JAISALMER, 94, SANKRA, 1282, Madhopura, 262612, 1122569, Drinking water, 0, 0, 0, 0, 0, 0, 550000, 550000
2015, RAJASTHAN, 8, JAISALMER, 94, SANKRA, 1282, Madhopura, 262612, 1122569, Education, 0, 0, 0, 0, 0, 0, 195000, 195000
2015, RAJASTHAN, 8, JAISALMER, 94, SANKRA, 1282, Madhopura, 262612, 1122569, Sanitation, 0, 0, 0, 0, 0, 0, 4625000, 4625000
2015, RAJASTHAN, 8, JAISALMER, 94, SANKRA, 1282, Madhopura, 262612, 1122569, Total, 0, 0, 0, 0, 0, 0, 6222958, 6222958
2015, RAJASTHAN, 8, JAISALMER, 94, SANKRA, 1282, NERAN, 38818, 1113223, Agriculture, 0, 0, 0, 0, 0, 0, 1044000, 1044000
2015, RAJASTHAN, 8, JAISALMER, 94, SANKRA, 1282, NERAN, 38818, 1113223, Drinking water, 0, 0, 0, 0, 0, 0, 4660000, 4660000
2015, RAJASTHAN, 8, JAISALMER, 94, SANKRA, 1282, NERAN, 38818, 1113223, Roads, 0, 0, 0, 0, 0, 0, 430460, 430460
2015, RAJASTHAN, 8, JAISALMER, 94, SANKRA, 1282, NERAN, 38818, 1113223, Sanitation, 0, 0, 0, 0, 0, 0, 988303, 988303
2015, RAJASTHAN, 8, JAISALMER, 94, SANKRA, 1282, NERAN, 38818, 1113223, Total, 0, 0, 0, 0, 0, 0, 7122763, 7122763
2015, RAJASTHAN, 8, JAISALMER, 94, SANKRA, 1282, ODHANIYA, 262712, 1107492, Drinking water, 0, 0, 0, 0, 0, 0, 540000, 540000
2015, RAJASTHAN, 8, JAISALMER, 94, SANKRA, 1282, ODHANIYA, 262712, 1107492, Health, 0, 0, 0, 0, 0, 0, 807449, 807449
2015, RAJASTHAN, 8, JAISALMER, 94, SANKRA, 1282, ODHANIYA, 262712, 1107492, Maintenance of community system, 0, 0, 0, 0, 0, 0, 100000, 100000
2015, RAJASTHAN, 8, JAISALMER, 94, SANKRA, 1282, ODHANIYA, 262712, 1107492, Public distribution system, 0, 0, 0, 0, 0, 0, 1000000, 1000000
2015, RAJASTHAN, 8, JAISALMER, 94, SANKRA, 1282, ODHANIYA, 262712, 1107492, Roads, 0, 0, 0, 0, 0, 0, 365936, 365936
2015, RAJASTHAN, 8, JAISALMER, 94, SANKRA, 1282, ODHANIYA, 262712, 1107492, Sanitation, 0, 0, 0, 0, 0, 0, 3046285, 3046285
2015, RAJASTHAN, 8, JAISALMER, 94, SANKRA, 1282, ODHANIYA, 262712, 1107492, Total, 0, 0, 0, 0, 0, 0, 5859670, 5859670
2015, RAJASTHAN, 8, JAISALMER, 94, SANKRA, 1282, OLA, 38819, 1123277, Drinking water, 0, 0, 0, 0, 0, 0, 1586029, 1586029
2015, RAJASTHAN, 8, JAISALMER, 94, SANKRA, 1282, OLA, 38819, 1123277, Roads, 0, 0, 0, 0, 0, 0, 2500000, 2500000
2015, RAJASTHAN, 8, JAISALMER, 94, SANKRA, 1282, OLA, 38819, 1123277, Sanitation, 0, 0, 0, 0, 0, 0, 2510305, 2510305
2015, RAJASTHAN, 8, JAISALMER, 94, SANKRA, 1282, OLA, 38819, 1123277, Total, 0, 0, 0, 0, 0, 0, 6596334, 6596334
2015, RAJASTHAN, 8, JAISALMER, 94, SANKRA, 1282, PADAMPURA, 38820, 1106775, Drinking water, 0, 0, 0, 0, 0, 0, 3693000, 3693000
2015, RAJASTHAN, 8, JAISALMER, 94, SANKRA, 1282, PADAMPURA, 38820, 1106775, Roads, 0, 0, 0, 0, 0, 0, 1297953, 1297953
2015, RAJASTHAN, 8, JAISALMER, 94, SANKRA, 1282, PADAMPURA, 38820, 1106775, Sanitation, 0, 0, 0, 0, 0, 0, 3590000, 3590000
2015, RAJASTHAN, 8, JAISALMER, 94, SANKRA, 1282, PADAMPURA, 38820, 1106775, Total, 0, 0, 0, 0, 0, 0, 8580953, 8580953
2015, RAJASTHAN, 8, JAISALMER, 94, SANKRA, 1282, PANASAR, 38821, 1122710, Administrative & Technical Support, 0, 0, 0, 0, 0, 0, 1375, 1375
2015, RAJASTHAN, 8, JAISALMER, 94, SANKRA, 1282, PANASAR, 38821, 1122710, Cultural activities, 0, 0, 0, 0, 0, 0, 950000, 950000
2015, RAJASTHAN, 8, JAISALMER, 94, SANKRA, 1282, PANASAR, 38821, 1122710, Drinking water, 0, 0, 0, 0, 0, 0, 2830000, 2830000
2015, RAJASTHAN, 8, JAISALMER, 94, SANKRA, 1282, PANASAR, 38821, 1122710, Education, 0, 0, 0, 0, 0, 0, 500000, 500000
2015, RAJASTHAN, 8, JAISALMER, 94, SANKRA, 1282, PANASAR, 38821, 1122710, Family welfare, 0, 0, 0, 0, 0, 0, 400000, 400000
2015, RAJASTHAN, 8, JAISALMER, 94, SANKRA, 1282, PANASAR, 38821, 1122710, Sanitation, 0, 0, 0, 0, 0, 0, 2883723, 2883723
2015, RAJASTHAN, 8, JAISALMER, 94, SANKRA, 1282, PANASAR, 38821, 1122710, Total, 0, 0, 0, 0, 0, 0, 7565098, 7565098
2015, RAJASTHAN, 8, JAISALMER, 94, SANKRA, 1282, PHALSOOND, 38822, 1123177, Drinking water, 0, 0, 0, 0, 0, 0, 7987791, 7987791
2015, RAJASTHAN, 8, JAISALMER, 94, SANKRA, 1282, PHALSOOND, 38822, 1123177, Roads, 0, 0, 0, 0, 0, 0, 1350000, 1350000
2015, RAJASTHAN, 8, JAISALMER, 94, SANKRA, 1282, PHALSOOND, 38822, 1123177, Sanitation, 0, 0, 0, 0, 0, 0, 3500000, 3500000
2015, RAJASTHAN, 8, JAISALMER, 94, SANKRA, 1282, PHALSOOND, 38822, 1123177, Total, 0, 0, 0, 0, 0, 0, 12837791, 12837791
2015, RAJASTHAN, 8, JAISALMER, 94, SANKRA, 1282, RAJGARH, 38823, 1117652, Administrative & Technical Support, 0, 0, 0, 0, 0, 0, 59476, 59476
2015, RAJASTHAN, 8, JAISALMER, 94, SANKRA, 1282, RAJGARH, 38823, 1117652, Drinking water, 0, 0, 0, 0, 0, 0, 1350000, 1350000
2015, RAJASTHAN, 8, JAISALMER, 94, SANKRA, 1282, RAJGARH, 38823, 1117652, Education, 0, 0, 0, 0, 0, 0, 50000, 50000
2015, RAJASTHAN, 8, JAISALMER, 94, SANKRA, 1282, RAJGARH, 38823, 1117652, Sanitation, 0, 0, 0, 0, 0, 0, 5300000, 5300000
2015, RAJASTHAN, 8, JAISALMER, 94, SANKRA, 1282, RAJGARH, 38823, 1117652, Total, 0, 0, 0, 0, 0, 0, 6759476, 6759476
2015, RAJASTHAN, 8, JAISALMER, 94, SANKRA, 1282, RAJMATHAI, 38824, 1122737, Cultural activities, 0, 0, 0, 0, 0, 0, 1002283, 1002283
2015, RAJASTHAN, 8, JAISALMER, 94, SANKRA, 1282, RAJMATHAI, 38824, 1122737, Drinking water, 0, 0, 0, 0, 0, 0, 1727257, 1727257
2015, RAJASTHAN, 8, JAISALMER, 94, SANKRA, 1282, RAJMATHAI, 38824, 1122737, Roads, 0, 0, 0, 0, 0, 0, 500000, 500000
2015, RAJASTHAN, 8, JAISALMER, 94, SANKRA, 1282, RAJMATHAI, 38824, 1122737, Sanitation, 0, 0, 0, 0, 0, 0, 2800000, 2800000
2015, RAJASTHAN, 8, JAISALMER, 94, SANKRA, 1282, RAJMATHAI, 38824, 1122737, Total, 0, 0, 0, 0, 0, 0, 6029540, 6029540
2015, RAJASTHAN, 8, JAISALMER, 94, SANKRA, 1282, RAMDEORA, 38825, 1123200, Roads, 0, 0, 0, 0, 0, 0, 13987939, 13987939
2015, RAJASTHAN, 8, JAISALMER, 94, SANKRA, 1282, RAMDEORA, 38825, 1123200, Sanitation, 0, 0, 0, 0, 0, 0, 9000000, 9000000
2015, RAJASTHAN, 8, JAISALMER, 94, SANKRA, 1282, RAMDEORA, 38825, 1123200, Total, 0, 0, 0, 0, 0, 0, 22987939, 22987939
2015, RAJASTHAN, 8, JAISALMER, 94, SANKRA, 1282, RATARIYA, 38826, 1116705, Agriculture, 0, 0, 0, 0, 0, 0, 300000, 300000
2015, RAJASTHAN, 8, JAISALMER, 94, SANKRA, 1282, RATARIYA, 38826, 1116705, Drinking water, 0, 0, 0, 0, 0, 0, 6432801, 6432801
2015, RAJASTHAN, 8, JAISALMER, 94, SANKRA, 1282, RATARIYA, 38826, 1116705, Maintenance of community system, 0, 0, 0, 0, 0, 0, 100000, 100000
2015, RAJASTHAN, 8, JAISALMER, 94, SANKRA, 1282, RATARIYA, 38826, 1116705, Sanitation, 0, 0, 0, 0, 0, 0, 4141468, 4141468
2015, RAJASTHAN, 8, JAISALMER, 94, SANKRA, 1282, RATARIYA, 38826, 1116705, Total, 0, 0, 0, 0, 0, 0, 10974269, 10974269
2015, RAJASTHAN, 8, JAISALMER, 94, SANKRA, 1282, SADA, 38827, 1114113, Drinking water, 0, 0, 0, 0, 0, 0, 1650000, 1650000
2015, RAJASTHAN, 8, JAISALMER, 94, SANKRA, 1282, SADA, 38827, 1114113, Roads, 0, 0, 0, 0, 0, 0, 800000, 800000
2015, RAJASTHAN, 8, JAISALMER, 94, SANKRA, 1282, SADA, 38827, 1114113, Sanitation, 0, 0, 0, 0, 0, 0, 1934662, 1934662
2015, RAJASTHAN, 8, JAISALMER, 94, SANKRA, 1282, SADA, 38827, 1114113, Total, 0, 0, 0, 0, 0, 0, 4384662, 4384662
2015, RAJASTHAN, 8, JAISALMER, 94, SANKRA, 1282, SANAWARA, 262632, 1102850, Drinking water, 0, 0, 0, 0, 0, 0, 2311140, 2311140
2015, RAJASTHAN, 8, JAISALMER, 94, SANKRA, 1282, SANAWARA, 262632, 1102850, Poverty allevation programme, 0, 0, 0, 0, 0, 0, 45500, 45500
2015, RAJASTHAN, 8, JAISALMER, 94, SANKRA, 1282, SANAWARA, 262632, 1102850, Roads, 0, 0, 0, 0, 0, 0, 1393838, 1393838
2015, RAJASTHAN, 8, JAISALMER, 94, SANKRA, 1282, SANAWARA, 262632, 1102850, Sanitation, 0, 0, 0, 0, 0, 0, 1830000, 1830000
2015, RAJASTHAN, 8, JAISALMER, 94, SANKRA, 1282, SANAWARA, 262632, 1102850, Total, 0, 0, 0, 0, 0, 0, 5580478, 5580478
2015, RAJASTHAN, 8, JAISALMER, 94, SANKRA, 1282, SANKRA, 38828, 1112594, Drinking water, 0, 0, 0, 0, 0, 0, 6000000, 6000000
2015, RAJASTHAN, 8, JAISALMER, 94, SANKRA, 1282, SANKRA, 38828, 1112594, Maintenance of community system, 0, 0, 0, 0, 0, 0, 100000, 100000
2015, RAJASTHAN, 8, JAISALMER, 94, SANKRA, 1282, SANKRA, 38828, 1112594, Public distribution system, 0, 0, 0, 0, 0, 0, 1132074, 1132074
2015, RAJASTHAN, 8, JAISALMER, 94, SANKRA, 1282, SANKRA, 38828, 1112594, Roads, 0, 0, 0, 0, 0, 0, 221700, 221700
2015, RAJASTHAN, 8, JAISALMER, 94, SANKRA, 1282, SANKRA, 38828, 1112594, Sanitation, 0, 0, 0, 0, 0, 0, 3650000, 3650000
2015, RAJASTHAN, 8, JAISALMER, 94, SANKRA, 1282, SANKRA, 38828, 1112594, Total, 0, 0, 0, 0, 0, 0, 11103774, 11103774
2015, RAJASTHAN, 8, JAISALMER, 94, SANKRA, 1282, SARDAR SINGH KI DHANI, 38829, 1111285, Agriculture, 0, 0, 0, 0, 0, 0, 50000, 50000
2015, RAJASTHAN, 8, JAISALMER, 94, SANKRA, 1282, SARDAR SINGH KI DHANI, 38829, 1111285, Drinking water, 0, 0, 0, 0, 0, 0, 5100000, 5100000
2015, RAJASTHAN, 8, JAISALMER, 94, SANKRA, 1282, SARDAR SINGH KI DHANI, 38829, 1111285, Rural housing, 0, 0, 0, 0, 0, 0, 654755, 654755
2015, RAJASTHAN, 8, JAISALMER, 94, SANKRA, 1282, SARDAR SINGH KI DHANI, 38829, 1111285, Sanitation, 0, 0, 0, 0, 0, 0, 2508780, 2508780
2015, RAJASTHAN, 8, JAISALMER, 94, SANKRA, 1282, SARDAR SINGH KI DHANI, 38829, 1111285, Total, 0, 0, 0, 0, 0, 0, 8313535, 8313535
2015, RAJASTHAN, 8, JAISALMER, 94, SANKRA, 1282, SUBHASHNAGAR, 262630, 1122775, Cultural activities, 0, 0, 0, 0, 0, 0, 181885, 181885
2015, RAJASTHAN, 8, JAISALMER, 94, SANKRA, 1282, SUBHASHNAGAR, 262630, 1122775, Drinking water, 0, 0, 0, 0, 0, 0, 2974000, 2974000
2015, RAJASTHAN, 8, JAISALMER, 94, SANKRA, 1282, SUBHASHNAGAR, 262630, 1122775, Roads, 0, 0, 0, 0, 0, 0, 924543, 924543
2015, RAJASTHAN, 8, JAISALMER, 94, SANKRA, 1282, SUBHASHNAGAR, 262630, 1122775, Sanitation, 0, 0, 0, 0, 0, 0, 2600000, 2600000
2015, RAJASTHAN, 8, JAISALMER, 94, SANKRA, 1282, SUBHASHNAGAR, 262630, 1122775, Total, 0, 0, 0, 0, 0, 0, 6680428, 6680428
2015, RAJASTHAN, 8, JAISALMER, 94, SANKRA, 1282, SWAMIJI KI DHANI, 38830, 1103741, Drinking water, 0, 0, 0, 0, 0, 0, 5655408, 5655408
2015, RAJASTHAN, 8, JAISALMER, 94, SANKRA, 1282, SWAMIJI KI DHANI, 38830, 1103741, Roads, 0, 0, 0, 0, 0, 0, 2840001, 2840001
2015, RAJASTHAN, 8, JAISALMER, 94, SANKRA, 1282, SWAMIJI KI DHANI, 38830, 1103741, Sanitation, 0, 0, 0, 0, 0, 0, 846811, 846811
2015, RAJASTHAN, 8, JAISALMER, 94, SANKRA, 1282, SWAMIJI KI DHANI, 38830, 1103741, Social welfare, 0, 0, 0, 0, 0, 0, 300000, 300000
2015, RAJASTHAN, 8, JAISALMER, 94, SANKRA, 1282, SWAMIJI KI DHANI, 38830, 1103741, Total, 0, 0, 0, 0, 0, 0, 9642220, 9642220
2015, RAJASTHAN, 8, JAISALMER, 94, SANKRA, 1282, UJLAN, 38831, 1122641, Cultural activities, 0, 0, 0, 0, 0, 0, 1124637, 1124637
2015, RAJASTHAN, 8, JAISALMER, 94, SANKRA, 1282, UJLAN, 38831, 1122641, Drinking water, 0, 0, 0, 0, 0, 0, 3452796, 3452796
2015, RAJASTHAN, 8, JAISALMER, 94, SANKRA, 1282, UJLAN, 38831, 1122641, Roads, 0, 0, 0, 0, 0, 0, 3200000, 3200000
2015, RAJASTHAN, 8, JAISALMER, 94, SANKRA, 1282, UJLAN, 38831, 1122641, Sanitation, 0, 0, 0, 0, 0, 0, 1520000, 1520000
2015, RAJASTHAN, 8, JAISALMER, 94, SANKRA, 1282, UJLAN, 38831, 1122641, Total, 0, 0, 0, 0, 0, 0, 9297433, 9297433
2015, RAJASTHAN, 8, JALORE, 95, AHORE, 1283, AGWARI, 38832, 1208122, Sanitation, 0, 0, 0, 0, 0, 0, 971438, 971438
2015, RAJASTHAN, 8, JALORE, 95, AHORE, 1283, AGWARI, 38832, 1208122, Total, 0, 0, 0, 0, 0, 0, 971438, 971438
2015, RAJASTHAN, 8, JALORE, 95, AHORE, 1283, AHORE, 38833, 1215498, Drinking water, 0, 0, 0, 0, 0, 0, 600000, 600000
2015, RAJASTHAN, 8, JALORE, 95, AHORE, 1283, AHORE, 38833, 1215498, Sanitation, 0, 0, 0, 0, 0, 0, 3674783, 3674783
2015, RAJASTHAN, 8, JALORE, 95, AHORE, 1283, AHORE, 38833, 1215498, Total, 0, 0, 0, 0, 0, 0, 4274783, 4274783
2015, RAJASTHAN, 8, JALORE, 95, AHORE, 1283, AIPURA, 38834, 1200135, Sanitation, 0, 0, 0, 0, 0, 0, 1080164, 1080164
2015, RAJASTHAN, 8, JALORE, 95, AHORE, 1283, AIPURA, 38834, 1200135, Total, 0, 0, 0, 0, 0, 0, 1080164, 1080164
2015, RAJASTHAN, 8, JALORE, 95, AHORE, 1283, AJEETPURA, 38835, 1185342, Drinking water, 0, 0, 0, 0, 0, 0, 896673, 896673
2015, RAJASTHAN, 8, JALORE, 95, AHORE, 1283, AJEETPURA, 38835, 1185342, Total, 0, 0, 0, 0, 0, 0, 896673, 896673
2015, RAJASTHAN, 8, JALORE, 95, AHORE, 1283, BALA, 38836, 1112661, Drinking water, 0, 0, 0, 0, 0, 0, 401562, 401562
2015, RAJASTHAN, 8, JALORE, 95, AHORE, 1283, BALA, 38836, 1112661, Sanitation, 0, 0, 0, 0, 0, 0, 800000, 800000
2015, RAJASTHAN, 8, JALORE, 95, AHORE, 1283, BALA, 38836, 1112661, Total, 0, 0, 0, 0, 0, 0, 1201562, 1201562
2015, RAJASTHAN, 8, JALORE, 95, AHORE, 1283, BANKLI, 38837, 1099683, Drinking water, 0, 0, 0, 0, 0, 0, 660000, 660000
2015, RAJASTHAN, 8, JALORE, 95, AHORE, 1283, BANKLI, 38837, 1099683, Sanitation, 0, 0, 0, 0, 0, 0, 893591, 893591
2015, RAJASTHAN, 8, JALORE, 95, AHORE, 1283, BANKLI, 38837, 1099683, Total, 0, 0, 0, 0, 0, 0, 1553591, 1553591
2015, RAJASTHAN, 8, JALORE, 95, AHORE, 1283, BAVADI, 38838, 1100975, Drinking water, 0, 0, 0, 0, 0, 0, 253697, 253697
2015, RAJASTHAN, 8, JALORE, 95, AHORE, 1283, BAVADI, 38838, 1100975, Sanitation, 0, 0, 0, 0, 0, 0, 700000, 700000
2015, RAJASTHAN, 8, JALORE, 95, AHORE, 1283, BAVADI, 38838, 1100975, Total, 0, 0, 0, 0, 0, 0, 953697, 953697
2015, RAJASTHAN, 8, JALORE, 95, AHORE, 1283, BHADRAJUN, 38839, 1114598, Drinking water, 0, 0, 0, 0, 0, 0, 1584257, 1584257
2015, RAJASTHAN, 8, JALORE, 95, AHORE, 1283, BHADRAJUN, 38839, 1114598, Total, 0, 0, 0, 0, 0, 0, 1584257, 1584257
2015, RAJASTHAN, 8, JALORE, 95, AHORE, 1283, BHANWRANI, 38840, 1185337, Drinking water, 0, 0, 0, 0, 0, 0, 1000000, 1000000
2015, RAJASTHAN, 8, JALORE, 95, AHORE, 1283, BHANWRANI, 38840, 1185337, Sanitation, 0, 0, 0, 0, 0, 0, 819957, 819957
2015, RAJASTHAN, 8, JALORE, 95, AHORE, 1283, BHANWRANI, 38840, 1185337, Total, 0, 0, 0, 0, 0, 0, 1819957, 1819957
2015, RAJASTHAN, 8, JALORE, 95, AHORE, 1283, BHENSWARA, 38841, 1101709, Sanitation, 0, 0, 0, 0, 0, 0, 1348557, 1348557
2015, RAJASTHAN, 8, JALORE, 95, AHORE, 1283, BHENSWARA, 38841, 1101709, Total, 0, 0, 0, 0, 0, 0, 1348557, 1348557
2015, RAJASTHAN, 8, JALORE, 95, AHORE, 1283, BHOOTI, 38842, 1101459, Drinking water, 0, 0, 0, 0, 0, 0, 500000, 500000
2015, RAJASTHAN, 8, JALORE, 95, AHORE, 1283, BHOOTI, 38842, 1101459, Sanitation, 0, 0, 0, 0, 0, 0, 162240, 162240
2015, RAJASTHAN, 8, JALORE, 95, AHORE, 1283, BHOOTI, 38842, 1101459, Total, 0, 0, 0, 0, 0, 0, 662240, 662240
2015, RAJASTHAN, 8, JALORE, 95, AHORE, 1283, BHORDA, 38843, 1102698, Sanitation, 0, 0, 0, 0, 0, 0, 1522671, 1522671
2015, RAJASTHAN, 8, JALORE, 95, AHORE, 1283, BHORDA, 38843, 1102698, Total, 0, 0, 0, 0, 0, 0, 1522671, 1522671
2015, RAJASTHAN, 8, JALORE, 95, AHORE, 1283, BITHUDA, 38844, 1206991, Drinking water, 0, 0, 0, 0, 0, 0, 448519, 448519
2015, RAJASTHAN, 8, JALORE, 95, AHORE, 1283, BITHUDA, 38844, 1206991, Sanitation, 0, 0, 0, 0, 0, 0, 400000, 400000
2015, RAJASTHAN, 8, JALORE, 95, AHORE, 1283, BITHUDA, 38844, 1206991, Total, 0, 0, 0, 0, 0, 0, 848519, 848519
2015, RAJASTHAN, 8, JALORE, 95, AHORE, 1283, CHANDRAI, 38845, 1192301, Drinking water, 0, 0, 0, 0, 0, 0, 500000, 500000
2015, RAJASTHAN, 8, JALORE, 95, AHORE, 1283, CHANDRAI, 38845, 1192301, Sanitation, 0, 0, 0, 0, 0, 0, 491667, 491667
2015, RAJASTHAN, 8, JALORE, 95, AHORE, 1283, CHANDRAI, 38845, 1192301, Total, 0, 0, 0, 0, 0, 0, 991667, 991667
2015, RAJASTHAN, 8, JALORE, 95, AHORE, 1283, CHARLI, 38846, 1158510, Sanitation, 0, 0, 0, 0, 0, 0, 1317891, 1317891
2015, RAJASTHAN, 8, JALORE, 95, AHORE, 1283, CHARLI, 38846, 1158510, Total, 0, 0, 0, 0, 0, 0, 1317891, 1317891
2015, RAJASTHAN, 8, JALORE, 95, AHORE, 1283, CHAWARCHA, 38847, 1114619, Sanitation, 0, 0, 0, 0, 0, 0, 1082632, 1082632
2015, RAJASTHAN, 8, JALORE, 95, AHORE, 1283, CHAWARCHA, 38847, 1114619, Total, 0, 0, 0, 0, 0, 0, 1082632, 1082632
2015, RAJASTHAN, 8, JALORE, 95, AHORE, 1283, CHUNDA, 38848, 1192303, Drinking water, 0, 0, 0, 0, 0, 0, 166950, 166950
2015, RAJASTHAN, 8, JALORE, 95, AHORE, 1283, CHUNDA, 38848, 1192303, Sanitation, 0, 0, 0, 0, 0, 0, 1100000, 1100000
2015, RAJASTHAN, 8, JALORE, 95, AHORE, 1283, CHUNDA, 38848, 1192303, Total, 0, 0, 0, 0, 0, 0, 1266950, 1266950
2015, RAJASTHAN, 8, JALORE, 95, AHORE, 1283, DAYALPURA, 38849, 1111583, Drinking water, 0, 0, 0, 0, 0, 0, 90000, 90000
2015, RAJASTHAN, 8, JALORE, 95, AHORE, 1283, DAYALPURA, 38849, 1111583, Sanitation, 0, 0, 0, 0, 0, 0, 1374886, 1374886
2015, RAJASTHAN, 8, JALORE, 95, AHORE, 1283, DAYALPURA, 38849, 1111583, Total, 0, 0, 0, 0, 0, 0, 1464886, 1464886
2015, RAJASTHAN, 8, JALORE, 95, AHORE, 1283, DODIYALI, 38850, 1111087, Land improvement, 0, 0, 0, 0, 0, 0, 500000, 500000
2015, RAJASTHAN, 8, JALORE, 95, AHORE, 1283, DODIYALI, 38850, 1111087, Roads, 0, 0, 0, 0, 0, 0, 254000, 254000
2015, RAJASTHAN, 8, JALORE, 95, AHORE, 1283, DODIYALI, 38850, 1111087, Sanitation, 0, 0, 0, 0, 0, 0, 118090, 118090
2015, RAJASTHAN, 8, JALORE, 95, AHORE, 1283, DODIYALI, 38850, 1111087, Total, 0, 0, 0, 0, 0, 0, 872090, 872090
2015, RAJASTHAN, 8, JALORE, 95, AHORE, 1283, GHANA, 38851, 1192266, Drinking water, 0, 0, 0, 0, 0, 0, 921658, 921658
2015, RAJASTHAN, 8, JALORE, 95, AHORE, 1283, GHANA, 38851, 1192266, Sanitation, 0, 0, 0, 0, 0, 0, 600000, 600000
2015, RAJASTHAN, 8, JALORE, 95, AHORE, 1283, GHANA, 38851, 1192266, Total, 0, 0, 0, 0, 0, 0, 1521658, 1521658
2015, RAJASTHAN, 8, JALORE, 95, AHORE, 1283, GUDA BALOTAN, 38852, 1208293, Drinking water, 0, 0, 0, 0, 0, 0, 482409, 482409
2015, RAJASTHAN, 8, JALORE, 95, AHORE, 1283, GUDA BALOTAN, 38852, 1208293, Sanitation, 0, 0, 0, 0, 0, 0, 800000, 800000
2015, RAJASTHAN, 8, JALORE, 95, AHORE, 1283, GUDA BALOTAN, 38852, 1208293, Total, 0, 0, 0, 0, 0, 0, 1282409, 1282409
2015, RAJASTHAN, 8, JALORE, 95, AHORE, 1283, HARJI, 38853, 1112113, Drinking water, 0, 0, 0, 0, 0, 0, 449175, 449175
2015, RAJASTHAN, 8, JALORE, 95, AHORE, 1283, HARJI, 38853, 1112113, Health, 0, 0, 0, 0, 0, 0, 150000, 150000
2015, RAJASTHAN, 8, JALORE, 95, AHORE, 1283, HARJI, 38853, 1112113, Sanitation, 0, 0, 0, 0, 0, 0, 1200000, 1200000
2015, RAJASTHAN, 8, JALORE, 95, AHORE, 1283, HARJI, 38853, 1112113, Total, 0, 0, 0, 0, 0, 0, 1799175, 1799175
2015, RAJASTHAN, 8, JALORE, 95, AHORE, 1283, KAMBA, 38854, 1117278, Drinking water, 0, 0, 0, 0, 0, 0, 227160, 227160
2015, RAJASTHAN, 8, JALORE, 95, AHORE, 1283, KAMBA, 38854, 1117278, Sanitation, 0, 0, 0, 0, 0, 0, 1000000, 1000000
2015, RAJASTHAN, 8, JALORE, 95, AHORE, 1283, KAMBA, 38854, 1117278, Total, 0, 0, 0, 0, 0, 0, 1227160, 1227160
2015, RAJASTHAN, 8, JALORE, 95, AHORE, 1283, KANWLA, 38855, 1128773, Drinking water, 0, 0, 0, 0, 0, 0, 500000, 500000
2015, RAJASTHAN, 8, JALORE, 95, AHORE, 1283, KANWLA, 38855, 1128773, Sanitation, 0, 0, 0, 0, 0, 0, 585253, 585253
2015, RAJASTHAN, 8, JALORE, 95, AHORE, 1283, KANWLA, 38855, 1128773, Total, 0, 0, 0, 0, 0, 0, 1085253, 1085253
2015, RAJASTHAN, 8, JALORE, 95, AHORE, 1283, KAWRADA, 38856, 1213301, Drinking water, 0, 0, 0, 0, 0, 0, 218613, 218613
2015, RAJASTHAN, 8, JALORE, 95, AHORE, 1283, KAWRADA, 38856, 1213301, Sanitation, 0, 0, 0, 0, 0, 0, 600000, 600000
2015, RAJASTHAN, 8, JALORE, 95, AHORE, 1283, KAWRADA, 38856, 1213301, Total, 0, 0, 0, 0, 0, 0, 818613, 818613
2015, RAJASTHAN, 8, JALORE, 95, AHORE, 1283, NIMBLA, 38857, 1193567, Drinking water, 0, 0, 0, 0, 0, 0, 626399, 626399
2015, RAJASTHAN, 8, JALORE, 95, AHORE, 1283, NIMBLA, 38857, 1193567, Health, 0, 0, 0, 0, 0, 0, 600000, 600000
2015, RAJASTHAN, 8, JALORE, 95, AHORE, 1283, NIMBLA, 38857, 1193567, Total, 0, 0, 0, 0, 0, 0, 1226399, 1226399
2015, RAJASTHAN, 8, JALORE, 95, AHORE, 1283, NORWA, 38858, 1101099, Sanitation, 0, 0, 0, 0, 0, 0, 1424336, 1424336
2015, RAJASTHAN, 8, JALORE, 95, AHORE, 1283, NORWA, 38858, 1101099, Total, 0, 0, 0, 0, 0, 0, 1424336, 1424336
2015, RAJASTHAN, 8, JALORE, 95, AHORE, 1283, NOSRA, 38859, 1104686, Drinking water, 0, 0, 0, 0, 0, 0, 1349318, 1349318
2015, RAJASTHAN, 8, JALORE, 95, AHORE, 1283, NOSRA, 38859, 1104686, Total, 0, 0, 0, 0, 0, 0, 1349318, 1349318
2015, RAJASTHAN, 8, JALORE, 95, AHORE, 1283, PADARLI, 38860, 1195181, Drinking water, 0, 0, 0, 0, 0, 0, 500000, 500000
2015, RAJASTHAN, 8, JALORE, 95, AHORE, 1283, PADARLI, 38860, 1195181, Sanitation, 0, 0, 0, 0, 0, 0, 725639, 725639
2015, RAJASTHAN, 8, JALORE, 95, AHORE, 1283, PADARLI, 38860, 1195181, Total, 0, 0, 0, 0, 0, 0, 1225639, 1225639
2015, RAJASTHAN, 8, JALORE, 95, AHORE, 1283, PANCHOTA, 38861, 1209920, Drinking water, 0, 0, 0, 0, 0, 0, 1090301, 1090301
2015, RAJASTHAN, 8, JALORE, 95, AHORE, 1283, PANCHOTA, 38861, 1209920, Total, 0, 0, 0, 0, 0, 0, 1090301, 1090301
2015, RAJASTHAN, 8, JALORE, 95, AHORE, 1283, PAOTA, 38862, 1185361, Drinking water, 0, 0, 0, 0, 0, 0, 1078971, 1078971
2015, RAJASTHAN, 8, JALORE, 95, AHORE, 1283, PAOTA, 38862, 1185361, Sanitation, 0, 0, 0, 0, 0, 0, 300000, 300000
2015, RAJASTHAN, 8, JALORE, 95, AHORE, 1283, PAOTA, 38862, 1185361, Total, 0, 0, 0, 0, 0, 0, 1378971, 1378971
2015, RAJASTHAN, 8, JALORE, 95, AHORE, 1283, RAITHAL, 38863, 1213062, Drinking water, 0, 0, 0, 0, 0, 0, 700000, 700000
2015, RAJASTHAN, 8, JALORE, 95, AHORE, 1283, RAITHAL, 38863, 1213062, Sanitation, 0, 0, 0, 0, 0, 0, 598883, 598883
2015, RAJASTHAN, 8, JALORE, 95, AHORE, 1283, RAITHAL, 38863, 1213062, Total, 0, 0, 0, 0, 0, 0, 1298883, 1298883
2015, RAJASTHAN, 8, JALORE, 95, AHORE, 1283, RAMA, 38864, 1128763, Sanitation, 0, 0, 0, 0, 0, 0, 1294068, 1294068
2015, RAJASTHAN, 8, JALORE, 95, AHORE, 1283, RAMA, 38864, 1128763, Total, 0, 0, 0, 0, 0, 0, 1294068, 1294068
2015, RAJASTHAN, 8, JALORE, 95, AHORE, 1283, RODALA, 38865, 1111548, Drinking water, 0, 0, 0, 0, 0, 0, 1000000, 1000000
2015, RAJASTHAN, 8, JALORE, 95, AHORE, 1283, RODALA, 38865, 1111548, Sanitation, 0, 0, 0, 0, 0, 0, 174190, 174190
2015, RAJASTHAN, 8, JALORE, 95, AHORE, 1283, RODALA, 38865, 1111548, Total, 0, 0, 0, 0, 0, 0, 1174190, 1174190
2015, RAJASTHAN, 8, JALORE, 95, AHORE, 1283, SEDARIYA BALOTAN, 38866, 1157645, Drinking water, 0, 0, 0, 0, 0, 0, 593000, 593000
2015, RAJASTHAN, 8, JALORE, 95, AHORE, 1283, SEDARIYA BALOTAN, 38866, 1157645, Sanitation, 0, 0, 0, 0, 0, 0, 212181, 212181
2015, RAJASTHAN, 8, JALORE, 95, AHORE, 1283, SEDARIYA BALOTAN, 38866, 1157645, Total, 0, 0, 0, 0, 0, 0, 805181, 805181
2015, RAJASTHAN, 8, JALORE, 95, AHORE, 1283, SHANKHWALI, 38867, 1101046, Drinking water, 0, 0, 0, 0, 0, 0, 65000, 65000
2015, RAJASTHAN, 8, JALORE, 95, AHORE, 1283, SHANKHWALI, 38867, 1101046, Sanitation, 0, 0, 0, 0, 0, 0, 944201, 944201
2015, RAJASTHAN, 8, JALORE, 95, AHORE, 1283, SHANKHWALI, 38867, 1101046, Total, 0, 0, 0, 0, 0, 0, 1009201, 1009201
2015, RAJASTHAN, 8, JALORE, 95, AHORE, 1283, SUGALIYA JODHA, 38868, 1192315, Drinking water, 0, 0, 0, 0, 0, 0, 400000, 400000
2015, RAJASTHAN, 8, JALORE, 95, AHORE, 1283, SUGALIYA JODHA, 38868, 1192315, Sanitation, 0, 0, 0, 0, 0, 0, 404421, 404421
2015, RAJASTHAN, 8, JALORE, 95, AHORE, 1283, SUGALIYA JODHA, 38868, 1192315, Total, 0, 0, 0, 0, 0, 0, 804421, 804421
2015, RAJASTHAN, 8, JALORE, 95, AHORE, 1283, THANWALA, 38869, 1213109, Drinking water, 0, 0, 0, 0, 0, 0, 138599, 138599
2015, RAJASTHAN, 8, JALORE, 95, AHORE, 1283, THANWALA, 38869, 1213109, Sanitation, 0, 0, 0, 0, 0, 0, 900000, 900000
2015, RAJASTHAN, 8, JALORE, 95, AHORE, 1283, THANWALA, 38869, 1213109, Total, 0, 0, 0, 0, 0, 0, 1038599, 1038599
2015, RAJASTHAN, 8, JALORE, 95, AHORE, 1283, UMMEDPUR, 38870, 1112712, Drinking water, 0, 0, 0, 0, 0, 0, 750000, 750000
2015, RAJASTHAN, 8, JALORE, 95, AHORE, 1283, UMMEDPUR, 38870, 1112712, Sanitation, 0, 0, 0, 0, 0, 0, 1011158, 1011158
2015, RAJASTHAN, 8, JALORE, 95, AHORE, 1283, UMMEDPUR, 38870, 1112712, Total, 0, 0, 0, 0, 0, 0, 1761158, 1761158
2015, RAJASTHAN, 8, JALORE, 95, AHORE, 1283, VALDARA, 38871, 1192298, Sanitation, 0, 0, 0, 0, 0, 0, 1042147, 1042147
2015, RAJASTHAN, 8, JALORE, 95, AHORE, 1283, VALDARA, 38871, 1192298, Total, 0, 0, 0, 0, 0, 0, 1042147, 1042147
2015, RAJASTHAN, 8, JALORE, 95, AHORE, 1283, VEDIYA, 38872, 1192297, Drinking water, 0, 0, 0, 0, 0, 0, 52465, 52465
2015, RAJASTHAN, 8, JALORE, 95, AHORE, 1283, VEDIYA, 38872, 1192297, Sanitation, 0, 0, 0, 0, 0, 0, 700000, 700000
2015, RAJASTHAN, 8, JALORE, 95, AHORE, 1283, VEDIYA, 38872, 1192297, Total, 0, 0, 0, 0, 0, 0, 752465, 752465
2015, RAJASTHAN, 8, JALORE, 95, BHINMAL, 1284, BAGODA, 38873, 1156497, Drinking water, 0, 0, 0, 0, 0, 0, 2671071, 2671071
2015, RAJASTHAN, 8, JALORE, 95, BHINMAL, 1284, BAGODA, 38873, 1156497, Public distribution system, 0, 0, 0, 0, 0, 0, 702000, 702000
2015, RAJASTHAN, 8, JALORE, 95, BHINMAL, 1284, BAGODA, 38873, 1156497, Roads, 0, 0, 0, 0, 0, 0, 469000, 469000
2015, RAJASTHAN, 8, JALORE, 95, BHINMAL, 1284, BAGODA, 38873, 1156497, Total, 0, 0, 0, 0, 0, 0, 3842071, 3842071
2015, RAJASTHAN, 8, JALORE, 95, BHINMAL, 1284, BALI, 38874, 1156528, Drinking water, 0, 0, 0, 0, 0, 0, 428000, 428000
2015, RAJASTHAN, 8, JALORE, 95, BHINMAL, 1284, BALI, 38874, 1156528, Public distribution system, 0, 0, 0, 0, 0, 0, 314000, 314000
2015, RAJASTHAN, 8, JALORE, 95, BHINMAL, 1284, BALI, 38874, 1156528, Roads, 0, 0, 0, 0, 0, 0, 1471940, 1471940
2015, RAJASTHAN, 8, JALORE, 95, BHINMAL, 1284, BALI, 38874, 1156528, Total, 0, 0, 0, 0, 0, 0, 2213940, 2213940
2015, RAJASTHAN, 8, JALORE, 95, BHINMAL, 1284, BHAGAL BHEEM, 38875, 1156560, Drinking water, 0, 0, 0, 0, 0, 0, 2494000, 2494000
2015, RAJASTHAN, 8, JALORE, 95, BHINMAL, 1284, BHAGAL BHEEM, 38875, 1156560, Public distribution system, 0, 0, 0, 0, 0, 0, 450000, 450000
2015, RAJASTHAN, 8, JALORE, 95, BHINMAL, 1284, BHAGAL BHEEM, 38875, 1156560, Roads, 0, 0, 0, 0, 0, 0, 1924128, 1924128
2015, RAJASTHAN, 8, JALORE, 95, BHINMAL, 1284, BHAGAL BHEEM, 38875, 1156560, Total, 0, 0, 0, 0, 0, 0, 4868128, 4868128
2015, RAJASTHAN, 8, JALORE, 95, BHINMAL, 1284, BHAGAL SEPTA, 38876, 1156577, Drinking water, 0, 0, 0, 0, 0, 0, 2695526, 2695526
2015, RAJASTHAN, 8, JALORE, 95, BHINMAL, 1284, BHAGAL SEPTA, 38876, 1156577, Roads, 0, 0, 0, 0, 0, 0, 603333, 603333
2015, RAJASTHAN, 8, JALORE, 95, BHINMAL, 1284, BHAGAL SEPTA, 38876, 1156577, Total, 0, 0, 0, 0, 0, 0, 3298859, 3298859
2015, RAJASTHAN, 8, JALORE, 95, BHINMAL, 1284, BHALNI, 38877, 1156587, Drinking water, 0, 0, 0, 0, 0, 0, 1289250, 1289250
2015, RAJASTHAN, 8, JALORE, 95, BHINMAL, 1284, BHALNI, 38877, 1156587, Public distribution system, 0, 0, 0, 0, 0, 0, 373103, 373103
2015, RAJASTHAN, 8, JALORE, 95, BHINMAL, 1284, BHALNI, 38877, 1156587, Total, 0, 0, 0, 0, 0, 0, 1662353, 1662353
2015, RAJASTHAN, 8, JALORE, 95, BHINMAL, 1284, BORTA, 38878, 1160274, Drinking water, 0, 0, 0, 0, 0, 0, 500000, 500000
2015, RAJASTHAN, 8, JALORE, 95, BHINMAL, 1284, BORTA, 38878, 1160274, Roads, 0, 0, 0, 0, 0, 0, 1678332, 1678332
2015, RAJASTHAN, 8, JALORE, 95, BHINMAL, 1284, BORTA, 38878, 1160274, Total, 0, 0, 0, 0, 0, 0, 2178332, 2178332
2015, RAJASTHAN, 8, JALORE, 95, BHINMAL, 1284, CHAINPURA, 38879, 1156598, Drinking water, 0, 0, 0, 0, 0, 0, 428937, 428937
2015, RAJASTHAN, 8, JALORE, 95, BHINMAL, 1284, CHAINPURA, 38879, 1156598, Public distribution system, 0, 0, 0, 0, 0, 0, 361000, 361000
2015, RAJASTHAN, 8, JALORE, 95, BHINMAL, 1284, CHAINPURA, 38879, 1156598, Roads, 0, 0, 0, 0, 0, 0, 385000, 385000
2015, RAJASTHAN, 8, JALORE, 95, BHINMAL, 1284, CHAINPURA, 38879, 1156598, Total, 0, 0, 0, 0, 0, 0, 1174937, 1174937
2015, RAJASTHAN, 8, JALORE, 95, BHINMAL, 1284, DANTIWAS, 38880, 1156636, Drinking water, 0, 0, 0, 0, 0, 0, 1800000, 1800000
2015, RAJASTHAN, 8, JALORE, 95, BHINMAL, 1284, DANTIWAS, 38880, 1156636, Roads, 0, 0, 0, 0, 0, 0, 359567, 359567
2015, RAJASTHAN, 8, JALORE, 95, BHINMAL, 1284, DANTIWAS, 38880, 1156636, Total, 0, 0, 0, 0, 0, 0, 2159567, 2159567
2015, RAJASTHAN, 8, JALORE, 95, BHINMAL, 1284, DASPA, 38881, 1156644, Drinking water, 0, 0, 0, 0, 0, 0, 1152778, 1152778
2015, RAJASTHAN, 8, JALORE, 95, BHINMAL, 1284, DASPA, 38881, 1156644, Roads, 0, 0, 0, 0, 0, 0, 678332, 678332
2015, RAJASTHAN, 8, JALORE, 95, BHINMAL, 1284, DASPA, 38881, 1156644, Total, 0, 0, 0, 0, 0, 0, 1831110, 1831110
2015, RAJASTHAN, 8, JALORE, 95, BHINMAL, 1284, DHUMBARIYA, 38882, 1156616, Drinking water, 0, 0, 0, 0, 0, 0, 1300000, 1300000
2015, RAJASTHAN, 8, JALORE, 95, BHINMAL, 1284, DHUMBARIYA, 38882, 1156616, Public distribution system, 0, 0, 0, 0, 0, 0, 272000, 272000
2015, RAJASTHAN, 8, JALORE, 95, BHINMAL, 1284, DHUMBARIYA, 38882, 1156616, Roads, 0, 0, 0, 0, 0, 0, 380000, 380000
2015, RAJASTHAN, 8, JALORE, 95, BHINMAL, 1284, DHUMBARIYA, 38882, 1156616, Total, 0, 0, 0, 0, 0, 0, 1952000, 1952000
2015, RAJASTHAN, 8, JALORE, 95, BHINMAL, 1284, DOONGARWA, 38883, 1156652, Drinking water, 0, 0, 0, 0, 0, 0, 1710618, 1710618
2015, RAJASTHAN, 8, JALORE, 95, BHINMAL, 1284, DOONGARWA, 38883, 1156652, Roads, 0, 0, 0, 0, 0, 0, 304000, 304000
2015, RAJASTHAN, 8, JALORE, 95, BHINMAL, 1284, DOONGARWA, 38883, 1156652, Total, 0, 0, 0, 0, 0, 0, 2014618, 2014618
2015, RAJASTHAN, 8, JALORE, 95, BHINMAL, 1284, FAGOTRA, 38884, 1157590, Drinking water, 0, 0, 0, 0, 0, 0, 1818000, 1818000
2015, RAJASTHAN, 8, JALORE, 95, BHINMAL, 1284, FAGOTRA, 38884, 1157590, Roads, 0, 0, 0, 0, 0, 0, 1373333, 1373333
2015, RAJASTHAN, 8, JALORE, 95, BHINMAL, 1284, FAGOTRA, 38884, 1157590, Total, 0, 0, 0, 0, 0, 0, 3191333, 3191333
2015, RAJASTHAN, 8, JALORE, 95, BHINMAL, 1284, JAISAWAS, 38885, 1156654, Drinking water, 0, 0, 0, 0, 0, 0, 2003000, 2003000
2015, RAJASTHAN, 8, JALORE, 95, BHINMAL, 1284, JAISAWAS, 38885, 1156654, Public distribution system, 0, 0, 0, 0, 0, 0, 531603, 531603
2015, RAJASTHAN, 8, JALORE, 95, BHINMAL, 1284, JAISAWAS, 38885, 1156654, Roads, 0, 0, 0, 0, 0, 0, 228333, 228333
2015, RAJASTHAN, 8, JALORE, 95, BHINMAL, 1284, JAISAWAS, 38885, 1156654, Total, 0, 0, 0, 0, 0, 0, 2762936, 2762936
2015, RAJASTHAN, 8, JALORE, 95, BHINMAL, 1284, JERAN, 38886, 1156658, Drinking water, 0, 0, 0, 0, 0, 0, 1124755, 1124755
2015, RAJASTHAN, 8, JALORE, 95, BHINMAL, 1284, JERAN, 38886, 1156658, Roads, 0, 0, 0, 0, 0, 0, 373333, 373333
2015, RAJASTHAN, 8, JALORE, 95, BHINMAL, 1284, JERAN, 38886, 1156658, Total, 0, 0, 0, 0, 0, 0, 1498088, 1498088
2015, RAJASTHAN, 8, JALORE, 95, BHINMAL, 1284, JUNJANI, 38887, 1156663, Drinking water, 0, 0, 0, 0, 0, 0, 1408657, 1408657
2015, RAJASTHAN, 8, JALORE, 95, BHINMAL, 1284, JUNJANI, 38887, 1156663, Roads, 0, 0, 0, 0, 0, 0, 456666, 456666
2015, RAJASTHAN, 8, JALORE, 95, BHINMAL, 1284, JUNJANI, 38887, 1156663, Total, 0, 0, 0, 0, 0, 0, 1865323, 1865323
2015, RAJASTHAN, 8, JALORE, 95, BHINMAL, 1284, KALETI, 38888, 1156667, Drinking water, 0, 0, 0, 0, 0, 0, 1052130, 1052130
2015, RAJASTHAN, 8, JALORE, 95, BHINMAL, 1284, KALETI, 38888, 1156667, Public distribution system, 0, 0, 0, 0, 0, 0, 157000, 157000
2015, RAJASTHAN, 8, JALORE, 95, BHINMAL, 1284, KALETI, 38888, 1156667, Roads, 0, 0, 0, 0, 0, 0, 303333, 303333
2015, RAJASTHAN, 8, JALORE, 95, BHINMAL, 1284, KALETI, 38888, 1156667, Total, 0, 0, 0, 0, 0, 0, 1512463, 1512463
2015, RAJASTHAN, 8, JALORE, 95, BHINMAL, 1284, KAWATRA, 38889, 1156670, Drinking water, 0, 0, 0, 0, 0, 0, 1559767, 1559767
2015, RAJASTHAN, 8, JALORE, 95, BHINMAL, 1284, KAWATRA, 38889, 1156670, Total, 0, 0, 0, 0, 0, 0, 1559767, 1559767
2015, RAJASTHAN, 8, JALORE, 95, BHINMAL, 1284, KHOKHA, 38890, 1156606, Drinking water, 0, 0, 0, 0, 0, 0, 2317222, 2317222
2015, RAJASTHAN, 8, JALORE, 95, BHINMAL, 1284, KHOKHA, 38890, 1156606, Public distribution system, 0, 0, 0, 0, 0, 0, 314000, 314000
2015, RAJASTHAN, 8, JALORE, 95, BHINMAL, 1284, KHOKHA, 38890, 1156606, Total, 0, 0, 0, 0, 0, 0, 2631222, 2631222
2015, RAJASTHAN, 8, JALORE, 95, BHINMAL, 1284, KOOKA, 38891, 1156673, Drinking water, 0, 0, 0, 0, 0, 0, 908000, 908000
2015, RAJASTHAN, 8, JALORE, 95, BHINMAL, 1284, KOOKA, 38891, 1156673, Total, 0, 0, 0, 0, 0, 0, 908000, 908000
2015, RAJASTHAN, 8, JALORE, 95, BHINMAL, 1284, KORA, 38892, 1160269, Drinking water, 0, 0, 0, 0, 0, 0, 2304775, 2304775
2015, RAJASTHAN, 8, JALORE, 95, BHINMAL, 1284, KORA, 38892, 1160269, Roads, 0, 0, 0, 0, 0, 0, 1907333, 1907333
2015, RAJASTHAN, 8, JALORE, 95, BHINMAL, 1284, KORA, 38892, 1160269, Sanitation, 0, 0, 0, 0, 0, 0, 237000, 237000
2015, RAJASTHAN, 8, JALORE, 95, BHINMAL, 1284, KORA, 38892, 1160269, Total, 0, 0, 0, 0, 0, 0, 4449108, 4449108
2015, RAJASTHAN, 8, JALORE, 95, BHINMAL, 1284, KOT KASTA, 38893, 1161072, Drinking water, 0, 0, 0, 0, 0, 0, 2851000, 2851000
2015, RAJASTHAN, 8, JALORE, 95, BHINMAL, 1284, KOT KASTA, 38893, 1161072, Roads, 0, 0, 0, 0, 0, 0, 1976666, 1976666
2015, RAJASTHAN, 8, JALORE, 95, BHINMAL, 1284, KOT KASTA, 38893, 1161072, Total, 0, 0, 0, 0, 0, 0, 4827666, 4827666
2015, RAJASTHAN, 8, JALORE, 95, BHINMAL, 1284, LAKHNI, 38894, 1161082, Drinking water, 0, 0, 0, 0, 0, 0, 2780000, 2780000
2015, RAJASTHAN, 8, JALORE, 95, BHINMAL, 1284, LAKHNI, 38894, 1161082, Roads, 0, 0, 0, 0, 0, 0, 1180000, 1180000
2015, RAJASTHAN, 8, JALORE, 95, BHINMAL, 1284, LAKHNI, 38894, 1161082, Total, 0, 0, 0, 0, 0, 0, 3960000, 3960000
2015, RAJASTHAN, 8, JALORE, 95, BHINMAL, 1284, LUNAWAS, 38895, 1161110, Drinking water, 0, 0, 0, 0, 0, 0, 1477000, 1477000
2015, RAJASTHAN, 8, JALORE, 95, BHINMAL, 1284, LUNAWAS, 38895, 1161110, Public distribution system, 0, 0, 0, 0, 0, 0, 765000, 765000
2015, RAJASTHAN, 8, JALORE, 95, BHINMAL, 1284, LUNAWAS, 38895, 1161110, Total, 0, 0, 0, 0, 0, 0, 2242000, 2242000
2015, RAJASTHAN, 8, JALORE, 95, BHINMAL, 1284, MORSEEM, 38896, 1159307, Roads, 0, 0, 0, 0, 0, 0, 2561666, 2561666
2015, RAJASTHAN, 8, JALORE, 95, BHINMAL, 1284, MORSEEM, 38896, 1159307, Total, 0, 0, 0, 0, 0, 0, 2561666, 2561666
2015, RAJASTHAN, 8, JALORE, 95, BHINMAL, 1284, NANDIYA, 38897, 1157557, Drinking water, 0, 0, 0, 0, 0, 0, 17000, 17000
2015, RAJASTHAN, 8, JALORE, 95, BHINMAL, 1284, NANDIYA, 38897, 1157557, Health, 0, 0, 0, 0, 0, 0, 500000, 500000
2015, RAJASTHAN, 8, JALORE, 95, BHINMAL, 1284, NANDIYA, 38897, 1157557, Roads, 0, 0, 0, 0, 0, 0, 300000, 300000
2015, RAJASTHAN, 8, JALORE, 95, BHINMAL, 1284, NANDIYA, 38897, 1157557, Sanitation, 0, 0, 0, 0, 0, 0, 1150000, 1150000
2015, RAJASTHAN, 8, JALORE, 95, BHINMAL, 1284, NANDIYA, 38897, 1157557, Total, 0, 0, 0, 0, 0, 0, 1967000, 1967000
2015, RAJASTHAN, 8, JALORE, 95, BHINMAL, 1284, NARSANA, 38898, 1161097, Drinking water, 0, 0, 0, 0, 0, 0, 1614000, 1614000
2015, RAJASTHAN, 8, JALORE, 95, BHINMAL, 1284, NARSANA, 38898, 1161097, Roads, 0, 0, 0, 0, 0, 0, 1871666, 1871666
2015, RAJASTHAN, 8, JALORE, 95, BHINMAL, 1284, NARSANA, 38898, 1161097, Total, 0, 0, 0, 0, 0, 0, 3485666, 3485666
2015, RAJASTHAN, 8, JALORE, 95, BHINMAL, 1284, NARTA, 38899, 1158068, Drinking water, 0, 0, 0, 0, 0, 0, 964000, 964000
2015, RAJASTHAN, 8, JALORE, 95, BHINMAL, 1284, NARTA, 38899, 1158068, Health, 0, 0, 0, 0, 0, 0, 800000, 800000
2015, RAJASTHAN, 8, JALORE, 95, BHINMAL, 1284, NARTA, 38899, 1158068, Roads, 0, 0, 0, 0, 0, 0, 956000, 956000
2015, RAJASTHAN, 8, JALORE, 95, BHINMAL, 1284, NARTA, 38899, 1158068, Sanitation, 0, 0, 0, 0, 0, 0, 500000, 500000
2015, RAJASTHAN, 8, JALORE, 95, BHINMAL, 1284, NARTA, 38899, 1158068, Total, 0, 0, 0, 0, 0, 0, 3220000, 3220000
2015, RAJASTHAN, 8, JALORE, 95, BHINMAL, 1284, NIMBAWAS, 38900, 1161460, Drinking water, 0, 0, 0, 0, 0, 0, 2505000, 2505000
2015, RAJASTHAN, 8, JALORE, 95, BHINMAL, 1284, NIMBAWAS, 38900, 1161460, Roads, 0, 0, 0, 0, 0, 0, 376000, 376000
2015, RAJASTHAN, 8, JALORE, 95, BHINMAL, 1284, NIMBAWAS, 38900, 1161460, Sanitation, 0, 0, 0, 0, 0, 0, 1048000, 1048000
2015, RAJASTHAN, 8, JALORE, 95, BHINMAL, 1284, NIMBAWAS, 38900, 1161460, Total, 0, 0, 0, 0, 0, 0, 3929000, 3929000
2015, RAJASTHAN, 8, JALORE, 95, BHINMAL, 1284, Naya Morseem, 262169, 1161089, Public distribution system, 0, 0, 0, 0, 0, 0, 150000, 150000
2015, RAJASTHAN, 8, JALORE, 95, BHINMAL, 1284, Naya Morseem, 262169, 1161089, Roads, 0, 0, 0, 0, 0, 0, 3459999, 3459999
2015, RAJASTHAN, 8, JALORE, 95, BHINMAL, 1284, Naya Morseem, 262169, 1161089, Total, 0, 0, 0, 0, 0, 0, 3609999, 3609999
2015, RAJASTHAN, 8, JALORE, 95, BHINMAL, 1284, PUNASA, 38901, 1160146, Drinking water, 0, 0, 0, 0, 0, 0, 1821000, 1821000
2015, RAJASTHAN, 8, JALORE, 95, BHINMAL, 1284, PUNASA, 38901, 1160146, Public distribution system, 0, 0, 0, 0, 0, 0, 408000, 408000
2015, RAJASTHAN, 8, JALORE, 95, BHINMAL, 1284, PUNASA, 38901, 1160146, Roads, 0, 0, 0, 0, 0, 0, 3804000, 3804000
2015, RAJASTHAN, 8, JALORE, 95, BHINMAL, 1284, PUNASA, 38901, 1160146, Total, 0, 0, 0, 0, 0, 0, 6033000, 6033000
2015, RAJASTHAN, 8, JALORE, 95, BHINMAL, 1284, RAH, 38902, 1160153, Drinking water, 0, 0, 0, 0, 0, 0, 680000, 680000
2015, RAJASTHAN, 8, JALORE, 95, BHINMAL, 1284, RAH, 38902, 1160153, Roads, 0, 0, 0, 0, 0, 0, 1500000, 1500000
2015, RAJASTHAN, 8, JALORE, 95, BHINMAL, 1284, RAH, 38902, 1160153, Total, 0, 0, 0, 0, 0, 0, 2180000, 2180000
2015, RAJASTHAN, 8, JALORE, 95, BHINMAL, 1284, RANGALA, 38903, 1161061, Drinking water, 0, 0, 0, 0, 0, 0, 2063000, 2063000
2015, RAJASTHAN, 8, JALORE, 95, BHINMAL, 1284, RANGALA, 38903, 1161061, Sanitation, 0, 0, 0, 0, 0, 0, 157000, 157000
2015, RAJASTHAN, 8, JALORE, 95, BHINMAL, 1284, RANGALA, 38903, 1161061, Total, 0, 0, 0, 0, 0, 0, 2220000, 2220000
2015, RAJASTHAN, 8, JALORE, 95, BHINMAL, 1284, RAUTA, 38904, 1156679, Drinking water, 0, 0, 0, 0, 0, 0, 754000, 754000
2015, RAJASTHAN, 8, JALORE, 95, BHINMAL, 1284, RAUTA, 38904, 1156679, Roads, 0, 0, 0, 0, 0, 0, 1598451, 1598451
2015, RAJASTHAN, 8, JALORE, 95, BHINMAL, 1284, RAUTA, 38904, 1156679, Total, 0, 0, 0, 0, 0, 0, 2352451, 2352451
2015, RAJASTHAN, 8, JALORE, 95, BHINMAL, 1284, SEWARI, 38905, 1156680, Drinking water, 0, 0, 0, 0, 0, 0, 708316, 708316
2015, RAJASTHAN, 8, JALORE, 95, BHINMAL, 1284, SEWARI, 38905, 1156680, Total, 0, 0, 0, 0, 0, 0, 708316, 708316
2015, RAJASTHAN, 8, JALORE, 95, BHINMAL, 1284, THOBAU, 38906, 1161455, Drinking water, 0, 0, 0, 0, 0, 0, 341000, 341000
2015, RAJASTHAN, 8, JALORE, 95, BHINMAL, 1284, THOBAU, 38906, 1161455, Land improvement, 0, 0, 0, 0, 0, 0, 120000, 120000
2015, RAJASTHAN, 8, JALORE, 95, BHINMAL, 1284, THOBAU, 38906, 1161455, Roads, 0, 0, 0, 0, 0, 0, 2775000, 2775000
2015, RAJASTHAN, 8, JALORE, 95, BHINMAL, 1284, THOBAU, 38906, 1161455, Sanitation, 0, 0, 0, 0, 0, 0, 96000, 96000
2015, RAJASTHAN, 8, JALORE, 95, BHINMAL, 1284, THOBAU, 38906, 1161455, Total, 0, 0, 0, 0, 0, 0, 3332000, 3332000
2015, RAJASTHAN, 8, JALORE, 95, BHINMAL, 1284, VADA BHADVI, 38907, 1156681, Drinking water, 0, 0, 0, 0, 0, 0, 811765, 811765
2015, RAJASTHAN, 8, JALORE, 95, BHINMAL, 1284, VADA BHADVI, 38907, 1156681, Public distribution system, 0, 0, 0, 0, 0, 0, 85000, 85000
2015, RAJASTHAN, 8, JALORE, 95, BHINMAL, 1284, VADA BHADVI, 38907, 1156681, Roads, 0, 0, 0, 0, 0, 0, 750000, 750000
2015, RAJASTHAN, 8, JALORE, 95, BHINMAL, 1284, VADA BHADVI, 38907, 1156681, Total, 0, 0, 0, 0, 0, 0, 1646765, 1646765
2015, RAJASTHAN, 8, JALORE, 95, CHITALWANA, 6907, AAKOLI, 246042, 1172532, Drinking water, 0, 0, 0, 0, 0, 0, 932325, 932325
2015, RAJASTHAN, 8, JALORE, 95, CHITALWANA, 6907, AAKOLI, 246042, 1172532, Sanitation, 0, 0, 0, 0, 0, 0, 1283000, 1283000
2015, RAJASTHAN, 8, JALORE, 95, CHITALWANA, 6907, AAKOLI, 246042, 1172532, Total, 0, 0, 0, 0, 0, 0, 2215325, 2215325
2015, RAJASTHAN, 8, JALORE, 95, CHITALWANA, 6907, BHATAKI, 246043, 1170120, Drinking water, 0, 0, 0, 0, 0, 0, 280000, 280000
2015, RAJASTHAN, 8, JALORE, 95, CHITALWANA, 6907, BHATAKI, 246043, 1170120, Sanitation, 0, 0, 0, 0, 0, 0, 1060447, 1060447
2015, RAJASTHAN, 8, JALORE, 95, CHITALWANA, 6907, BHATAKI, 246043, 1170120, Total, 0, 0, 0, 0, 0, 0, 1340447, 1340447
2015, RAJASTHAN, 8, JALORE, 95, CHITALWANA, 6907, CHITALWANA, 246045, 1171390, Sanitation, 0, 0, 0, 0, 0, 0, 2978181, 2978181
2015, RAJASTHAN, 8, JALORE, 95, CHITALWANA, 6907, CHITALWANA, 246045, 1171390, Total, 0, 0, 0, 0, 0, 0, 2978181, 2978181
2015, RAJASTHAN, 8, JALORE, 95, CHITALWANA, 6907, DAVAL, 246046, 1170382, Drinking water, 0, 0, 0, 0, 0, 0, 622225, 622225
2015, RAJASTHAN, 8, JALORE, 95, CHITALWANA, 6907, DAVAL, 246046, 1170382, Sanitation, 0, 0, 0, 0, 0, 0, 886000, 886000
2015, RAJASTHAN, 8, JALORE, 95, CHITALWANA, 6907, DAVAL, 246046, 1170382, Total, 0, 0, 0, 0, 0, 0, 1508225, 1508225
2015, RAJASTHAN, 8, JALORE, 95, CHITALWANA, 6907, DEORA, 246047, 1169487, Drinking water, 0, 0, 0, 0, 0, 0, 1746137, 1746137
2015, RAJASTHAN, 8, JALORE, 95, CHITALWANA, 6907, DEORA, 246047, 1169487, Sanitation, 0, 0, 0, 0, 0, 0, 437000, 437000
2015, RAJASTHAN, 8, JALORE, 95, CHITALWANA, 6907, DEORA, 246047, 1169487, Total, 0, 0, 0, 0, 0, 0, 2183137, 2183137
2015, RAJASTHAN, 8, JALORE, 95, CHITALWANA, 6907, DOONGARI, 246048, 1168337, Drinking water, 0, 0, 0, 0, 0, 0, 1442876, 1442876
2015, RAJASTHAN, 8, JALORE, 95, CHITALWANA, 6907, DOONGARI, 246048, 1168337, Maintenance of community system, 0, 0, 0, 0, 0, 0, 100000, 100000
2015, RAJASTHAN, 8, JALORE, 95, CHITALWANA, 6907, DOONGARI, 246048, 1168337, Sanitation, 0, 0, 0, 0, 0, 0, 400000, 400000
2015, RAJASTHAN, 8, JALORE, 95, CHITALWANA, 6907, DOONGARI, 246048, 1168337, Total, 0, 0, 0, 0, 0, 0, 1942876, 1942876
2015, RAJASTHAN, 8, JALORE, 95, CHITALWANA, 6907, DOOTHAWA, 246049, 1190002, Drinking water, 0, 0, 0, 0, 0, 0, 124000, 124000
2015, RAJASTHAN, 8, JALORE, 95, CHITALWANA, 6907, DOOTHAWA, 246049, 1190002, Health, 0, 0, 0, 0, 0, 0, 50725, 50725
2015, RAJASTHAN, 8, JALORE, 95, CHITALWANA, 6907, DOOTHAWA, 246049, 1190002, Maintenance of community system, 0, 0, 0, 0, 0, 0, 247000, 247000
2015, RAJASTHAN, 8, JALORE, 95, CHITALWANA, 6907, DOOTHAWA, 246049, 1190002, Sanitation, 0, 0, 0, 0, 0, 0, 1731000, 1731000
2015, RAJASTHAN, 8, JALORE, 95, CHITALWANA, 6907, DOOTHAWA, 246049, 1190002, Total, 0, 0, 0, 0, 0, 0, 2152725, 2152725
2015, RAJASTHAN, 8, JALORE, 95, CHITALWANA, 6907, Daukiyaon aur sahu Ki Dhani, 262150, 1168411, Drinking water, 0, 0, 0, 0, 0, 0, 790918, 790918
2015, RAJASTHAN, 8, JALORE, 95, CHITALWANA, 6907, Daukiyaon aur sahu Ki Dhani, 262150, 1168411, Sanitation, 0, 0, 0, 0, 0, 0, 400000, 400000
2015, RAJASTHAN, 8, JALORE, 95, CHITALWANA, 6907, Daukiyaon aur sahu Ki Dhani, 262150, 1168411, Total, 0, 0, 0, 0, 0, 0, 1190918, 1190918
2015, RAJASTHAN, 8, JALORE, 95, CHITALWANA, 6907, GOMI, 246050, 1168360, Sanitation, 0, 0, 0, 0, 0, 0, 1397218, 1397218
2015, RAJASTHAN, 8, JALORE, 95, CHITALWANA, 6907, GOMI, 246050, 1168360, Total, 0, 0, 0, 0, 0, 0, 1397218, 1397218
2015, RAJASTHAN, 8, JALORE, 95, CHITALWANA, 6907, GURA HEMA, 246051, 1200458, Sanitation, 0, 0, 0, 0, 0, 0, 1295081, 1295081
2015, RAJASTHAN, 8, JALORE, 95, CHITALWANA, 6907, GURA HEMA, 246051, 1200458, Total, 0, 0, 0, 0, 0, 0, 1295081, 1295081
2015, RAJASTHAN, 8, JALORE, 95, CHITALWANA, 6907, HADECHA, 246052, 1173630, Drinking water, 0, 0, 0, 0, 0, 0, 400000, 400000
2015, RAJASTHAN, 8, JALORE, 95, CHITALWANA, 6907, HADECHA, 246052, 1173630, Sanitation, 0, 0, 0, 0, 0, 0, 1795809, 1795809
2015, RAJASTHAN, 8, JALORE, 95, CHITALWANA, 6907, HADECHA, 246052, 1173630, Total, 0, 0, 0, 0, 0, 0, 2195809, 2195809
2015, RAJASTHAN, 8, JALORE, 95, CHITALWANA, 6907, HOTIGAON, 246053, 1171031, Drinking water, 0, 0, 0, 0, 0, 0, 250000, 250000
2015, RAJASTHAN, 8, JALORE, 95, CHITALWANA, 6907, HOTIGAON, 246053, 1171031, Maintenance of community system, 0, 0, 0, 0, 0, 0, 190000, 190000
2015, RAJASTHAN, 8, JALORE, 95, CHITALWANA, 6907, HOTIGAON, 246053, 1171031, Sanitation, 0, 0, 0, 0, 0, 0, 589983, 589983
2015, RAJASTHAN, 8, JALORE, 95, CHITALWANA, 6907, HOTIGAON, 246053, 1171031, Total, 0, 0, 0, 0, 0, 0, 1029983, 1029983
2015, RAJASTHAN, 8, JALORE, 95, CHITALWANA, 6907, ITADA, 246054, 1201417, Drinking water, 0, 0, 0, 0, 0, 0, 480000, 480000
2015, RAJASTHAN, 8, JALORE, 95, CHITALWANA, 6907, ITADA, 246054, 1201417, Sanitation, 0, 0, 0, 0, 0, 0, 1354657, 1354657
2015, RAJASTHAN, 8, JALORE, 95, CHITALWANA, 6907, ITADA, 246054, 1201417, Total, 0, 0, 0, 0, 0, 0, 1834657, 1834657
2015, RAJASTHAN, 8, JALORE, 95, CHITALWANA, 6907, JANVI, 246055, 1192983, Drinking water, 0, 0, 0, 0, 0, 0, 1017072, 1017072
2015, RAJASTHAN, 8, JALORE, 95, CHITALWANA, 6907, JANVI, 246055, 1192983, Sanitation, 0, 0, 0, 0, 0, 0, 443000, 443000
2015, RAJASTHAN, 8, JALORE, 95, CHITALWANA, 6907, JANVI, 246055, 1192983, Total, 0, 0, 0, 0, 0, 0, 1460072, 1460072
2015, RAJASTHAN, 8, JALORE, 95, CHITALWANA, 6907, JHAB, 246056, 1183141, Drinking water, 0, 0, 0, 0, 0, 0, 90000, 90000
2015, RAJASTHAN, 8, JALORE, 95, CHITALWANA, 6907, JHAB, 246056, 1183141, Sanitation, 0, 0, 0, 0, 0, 0, 1342954, 1342954
2015, RAJASTHAN, 8, JALORE, 95, CHITALWANA, 6907, JHAB, 246056, 1183141, Total, 0, 0, 0, 0, 0, 0, 1432954, 1432954
2015, RAJASTHAN, 8, JALORE, 95, CHITALWANA, 6907, JODHAWAS, 246057, 1167562, Drinking water, 0, 0, 0, 0, 0, 0, 1020672, 1020672
2015, RAJASTHAN, 8, JALORE, 95, CHITALWANA, 6907, JODHAWAS, 246057, 1167562, Sanitation, 0, 0, 0, 0, 0, 0, 410000, 410000
2015, RAJASTHAN, 8, JALORE, 95, CHITALWANA, 6907, JODHAWAS, 246057, 1167562, Total, 0, 0, 0, 0, 0, 0, 1430672, 1430672
2015, RAJASTHAN, 8, JALORE, 95, CHITALWANA, 6907, JORADAR, 246058, 1189865, Drinking water, 0, 0, 0, 0, 0, 0, 244000, 244000
2015, RAJASTHAN, 8, JALORE, 95, CHITALWANA, 6907, JORADAR, 246058, 1189865, Sanitation, 0, 0, 0, 0, 0, 0, 967700, 967700
2015, RAJASTHAN, 8, JALORE, 95, CHITALWANA, 6907, JORADAR, 246058, 1189865, Total, 0, 0, 0, 0, 0, 0, 1211700, 1211700
2015, RAJASTHAN, 8, JALORE, 95, CHITALWANA, 6907, KACHHELA, 246059, 1175522, Drinking water, 0, 0, 0, 0, 0, 0, 500000, 500000
2015, RAJASTHAN, 8, JALORE, 95, CHITALWANA, 6907, KACHHELA, 246059, 1175522, Maintenance of community system, 0, 0, 0, 0, 0, 0, 471168, 471168
2015, RAJASTHAN, 8, JALORE, 95, CHITALWANA, 6907, KACHHELA, 246059, 1175522, Sanitation, 0, 0, 0, 0, 0, 0, 405521, 405521
2015, RAJASTHAN, 8, JALORE, 95, CHITALWANA, 6907, KACHHELA, 246059, 1175522, Total, 0, 0, 0, 0, 0, 0, 1376689, 1376689
2015, RAJASTHAN, 8, JALORE, 95, CHITALWANA, 6907, KERIYA, 246060, 1173615, Maintenance of community system, 0, 0, 0, 0, 0, 0, 88000, 88000
2015, RAJASTHAN, 8, JALORE, 95, CHITALWANA, 6907, KERIYA, 246060, 1173615, Sanitation, 0, 0, 0, 0, 0, 0, 1821421, 1821421
2015, RAJASTHAN, 8, JALORE, 95, CHITALWANA, 6907, KERIYA, 246060, 1173615, Total, 0, 0, 0, 0, 0, 0, 1909421, 1909421
2015, RAJASTHAN, 8, JALORE, 95, CHITALWANA, 6907, KESURI, 246061, 1168774, Drinking water, 0, 0, 0, 0, 0, 0, 1317711, 1317711
2015, RAJASTHAN, 8, JALORE, 95, CHITALWANA, 6907, KESURI, 246061, 1168774, Sanitation, 0, 0, 0, 0, 0, 0, 300000, 300000
2015, RAJASTHAN, 8, JALORE, 95, CHITALWANA, 6907, KESURI, 246061, 1168774, Total, 0, 0, 0, 0, 0, 0, 1617711, 1617711
2015, RAJASTHAN, 8, JALORE, 95, CHITALWANA, 6907, KHEJADIYALI, 246062, 1171110, Drinking water, 0, 0, 0, 0, 0, 0, 1733390, 1733390
2015, RAJASTHAN, 8, JALORE, 95, CHITALWANA, 6907, KHEJADIYALI, 246062, 1171110, Health, 0, 0, 0, 0, 0, 0, 100000, 100000
2015, RAJASTHAN, 8, JALORE, 95, CHITALWANA, 6907, KHEJADIYALI, 246062, 1171110, Total, 0, 0, 0, 0, 0, 0, 1833390, 1833390
2015, RAJASTHAN, 8, JALORE, 95, CHITALWANA, 6907, NIMBAU, 246063, 1171714, Drinking water, 0, 0, 0, 0, 0, 0, 750000, 750000
2015, RAJASTHAN, 8, JALORE, 95, CHITALWANA, 6907, NIMBAU, 246063, 1171714, Sanitation, 0, 0, 0, 0, 0, 0, 818037, 818037
2015, RAJASTHAN, 8, JALORE, 95, CHITALWANA, 6907, NIMBAU, 246063, 1171714, Total, 0, 0, 0, 0, 0, 0, 1568037, 1568037
2015, RAJASTHAN, 8, JALORE, 95, CHITALWANA, 6907, PARAWA, 246064, 1169061, Drinking water, 0, 0, 0, 0, 0, 0, 1693744, 1693744
2015, RAJASTHAN, 8, JALORE, 95, CHITALWANA, 6907, PARAWA, 246064, 1169061, Total, 0, 0, 0, 0, 0, 0, 1693744, 1693744
2015, RAJASTHAN, 8, JALORE, 95, CHITALWANA, 6907, RANODAR, 246065, 1171395, Sanitation, 0, 0, 0, 0, 0, 0, 1231722, 1231722
2015, RAJASTHAN, 8, JALORE, 95, CHITALWANA, 6907, RANODAR, 246065, 1171395, Total, 0, 0, 0, 0, 0, 0, 1231722, 1231722
2015, RAJASTHAN, 8, JALORE, 95, CHITALWANA, 6907, SENSAWA, 246066, 1171408, Drinking water, 0, 0, 0, 0, 0, 0, 1290000, 1290000
2015, RAJASTHAN, 8, JALORE, 95, CHITALWANA, 6907, SENSAWA, 246066, 1171408, Sanitation, 0, 0, 0, 0, 0, 0, 554034, 554034
2015, RAJASTHAN, 8, JALORE, 95, CHITALWANA, 6907, SENSAWA, 246066, 1171408, Total, 0, 0, 0, 0, 0, 0, 1844034, 1844034
2015, RAJASTHAN, 8, JALORE, 95, CHITALWANA, 6907, SIVADA, 246067, 1186851, Drinking water, 0, 0, 0, 0, 0, 0, 423251, 423251
2015, RAJASTHAN, 8, JALORE, 95, CHITALWANA, 6907, SIVADA, 246067, 1186851, Sanitation, 0, 0, 0, 0, 0, 0, 1713000, 1713000
2015, RAJASTHAN, 8, JALORE, 95, CHITALWANA, 6907, SIVADA, 246067, 1186851, Total, 0, 0, 0, 0, 0, 0, 2136251, 2136251
2015, RAJASTHAN, 8, JALORE, 95, CHITALWANA, 6907, SOONTHRI, 246068, 1168392, Drinking water, 0, 0, 0, 0, 0, 0, 1272000, 1272000
2015, RAJASTHAN, 8, JALORE, 95, CHITALWANA, 6907, SOONTHRI, 246068, 1168392, Health, 0, 0, 0, 0, 0, 0, 6062, 6062
2015, RAJASTHAN, 8, JALORE, 95, CHITALWANA, 6907, SOONTHRI, 246068, 1168392, Rural electrification, 0, 0, 0, 0, 0, 0, 40000, 40000
2015, RAJASTHAN, 8, JALORE, 95, CHITALWANA, 6907, SOONTHRI, 246068, 1168392, Sanitation, 0, 0, 0, 0, 0, 0, 215000, 215000
2015, RAJASTHAN, 8, JALORE, 95, CHITALWANA, 6907, SOONTHRI, 246068, 1168392, Total, 0, 0, 0, 0, 0, 0, 1533062, 1533062
2015, RAJASTHAN, 8, JALORE, 95, CHITALWANA, 6907, SURACHAND, 246069, 1171761, Drinking water, 0, 0, 0, 0, 0, 0, 1724156, 1724156
2015, RAJASTHAN, 8, JALORE, 95, CHITALWANA, 6907, SURACHAND, 246069, 1171761, Total, 0, 0, 0, 0, 0, 0, 1724156, 1724156
2015, RAJASTHAN, 8, JALORE, 95, CHITALWANA, 6907, TANPI, 246070, 1174216, Drinking water, 0, 0, 0, 0, 0, 0, 1791074, 1791074
2015, RAJASTHAN, 8, JALORE, 95, CHITALWANA, 6907, TANPI, 246070, 1174216, Sanitation, 0, 0, 0, 0, 0, 0, 240000, 240000
2015, RAJASTHAN, 8, JALORE, 95, CHITALWANA, 6907, TANPI, 246070, 1174216, Total, 0, 0, 0, 0, 0, 0, 2031074, 2031074
2015, RAJASTHAN, 8, JALORE, 95, CHITALWANA, 6907, VEERAVA, 246071, 1175992, Drinking water, 0, 0, 0, 0, 0, 0, 957500, 957500
2015, RAJASTHAN, 8, JALORE, 95, CHITALWANA, 6907, VEERAVA, 246071, 1175992, Maintenance of community system, 0, 0, 0, 0, 0, 0, 283000, 283000
2015, RAJASTHAN, 8, JALORE, 95, CHITALWANA, 6907, VEERAVA, 246071, 1175992, Sanitation, 0, 0, 0, 0, 0, 0, 982167, 982167
2015, RAJASTHAN, 8, JALORE, 95, CHITALWANA, 6907, VEERAVA, 246071, 1175992, Total, 0, 0, 0, 0, 0, 0, 2222667, 2222667
2015, RAJASTHAN, 8, JALORE, 95, JALORE, 1285, AAKOLI, 38908, 1139085, Roads, 0, 0, 0, 0, 0, 0, 1506475, 1506475
2015, RAJASTHAN, 8, JALORE, 95, JALORE, 1285, AAKOLI, 38908, 1139085, Sanitation, 0, 0, 0, 0, 0, 0, 1239672, 1239672
2015, RAJASTHAN, 8, JALORE, 95, JALORE, 1285, AAKOLI, 38908, 1139085, Total, 0, 0, 0, 0, 0, 0, 2746147, 2746147
2015, RAJASTHAN, 8, JALORE, 95, JALORE, 1285, BADANWARI, 38909, 1122818, Roads, 0, 0, 0, 0, 0, 0, 926000, 926000
2015, RAJASTHAN, 8, JALORE, 95, JALORE, 1285, BADANWARI, 38909, 1122818, Sanitation, 0, 0, 0, 0, 0, 0, 416000, 416000
2015, RAJASTHAN, 8, JALORE, 95, JALORE, 1285, BADANWARI, 38909, 1122818, Total, 0, 0, 0, 0, 0, 0, 1342000, 1342000
2015, RAJASTHAN, 8, JALORE, 95, JALORE, 1285, BAGRA, 38910, 1138798, Drinking water, 0, 0, 0, 0, 0, 0, 1204942, 1204942
2015, RAJASTHAN, 8, JALORE, 95, JALORE, 1285, BAGRA, 38910, 1138798, Roads, 0, 0, 0, 0, 0, 0, 2000000, 2000000
2015, RAJASTHAN, 8, JALORE, 95, JALORE, 1285, BAGRA, 38910, 1138798, Sanitation, 0, 0, 0, 0, 0, 0, 1834948, 1834948
2015, RAJASTHAN, 8, JALORE, 95, JALORE, 1285, BAGRA, 38910, 1138798, Total, 0, 0, 0, 0, 0, 0, 5039890, 5039890
2015, RAJASTHAN, 8, JALORE, 95, JALORE, 1285, BAKARA ROAD, 38911, 1132185, Roads, 0, 0, 0, 0, 0, 0, 998535, 998535
2015, RAJASTHAN, 8, JALORE, 95, JALORE, 1285, BAKARA ROAD, 38911, 1132185, Sanitation, 0, 0, 0, 0, 0, 0, 861952, 861952
2015, RAJASTHAN, 8, JALORE, 95, JALORE, 1285, BAKARA ROAD, 38911, 1132185, Total, 0, 0, 0, 0, 0, 0, 1860487, 1860487
2015, RAJASTHAN, 8, JALORE, 95, JALORE, 1285, BHAGLI SINDHLAN, 38912, 1138362, Drinking water, 0, 0, 0, 0, 0, 0, 684000, 684000
2015, RAJASTHAN, 8, JALORE, 95, JALORE, 1285, BHAGLI SINDHLAN, 38912, 1138362, Land improvement, 0, 0, 0, 0, 0, 0, 900000, 900000
2015, RAJASTHAN, 8, JALORE, 95, JALORE, 1285, BHAGLI SINDHLAN, 38912, 1138362, Roads, 0, 0, 0, 0, 0, 0, 657876, 657876
2015, RAJASTHAN, 8, JALORE, 95, JALORE, 1285, BHAGLI SINDHLAN, 38912, 1138362, Sanitation, 0, 0, 0, 0, 0, 0, 608041, 608041
2015, RAJASTHAN, 8, JALORE, 95, JALORE, 1285, BHAGLI SINDHLAN, 38912, 1138362, Total, 0, 0, 0, 0, 0, 0, 2849917, 2849917
2015, RAJASTHAN, 8, JALORE, 95, JALORE, 1285, BIBALSAR, 38913, 1135938, Roads, 0, 0, 0, 0, 0, 0, 2929748, 2929748
2015, RAJASTHAN, 8, JALORE, 95, JALORE, 1285, BIBALSAR, 38913, 1135938, Total, 0, 0, 0, 0, 0, 0, 2929748, 2929748
2015, RAJASTHAN, 8, JALORE, 95, JALORE, 1285, CHANDANA, 38914, 1138646, Drinking water, 0, 0, 0, 0, 0, 0, 227200, 227200
2015, RAJASTHAN, 8, JALORE, 95, JALORE, 1285, CHANDANA, 38914, 1138646, Roads, 0, 0, 0, 0, 0, 0, 1084520, 1084520
2015, RAJASTHAN, 8, JALORE, 95, JALORE, 1285, CHANDANA, 38914, 1138646, Sanitation, 0, 0, 0, 0, 0, 0, 834342, 834342
2015, RAJASTHAN, 8, JALORE, 95, JALORE, 1285, CHANDANA, 38914, 1138646, Total, 0, 0, 0, 0, 0, 0, 2146062, 2146062
2015, RAJASTHAN, 8, JALORE, 95, JALORE, 1285, CHURA, 38915, 1138736, Roads, 0, 0, 0, 0, 0, 0, 1500000, 1500000
2015, RAJASTHAN, 8, JALORE, 95, JALORE, 1285, CHURA, 38915, 1138736, Sanitation, 0, 0, 0, 0, 0, 0, 1337503, 1337503
2015, RAJASTHAN, 8, JALORE, 95, JALORE, 1285, CHURA, 38915, 1138736, Total, 0, 0, 0, 0, 0, 0, 2837503, 2837503
2015, RAJASTHAN, 8, JALORE, 95, JALORE, 1285, DEBAWAS, 38916, 1136969, Roads, 0, 0, 0, 0, 0, 0, 1375304, 1375304
2015, RAJASTHAN, 8, JALORE, 95, JALORE, 1285, DEBAWAS, 38916, 1136969, Sanitation, 0, 0, 0, 0, 0, 0, 419539, 419539
2015, RAJASTHAN, 8, JALORE, 95, JALORE, 1285, DEBAWAS, 38916, 1136969, Total, 0, 0, 0, 0, 0, 0, 1794843, 1794843
2015, RAJASTHAN, 8, JALORE, 95, JALORE, 1285, DECHHOO, 38917, 1132216, Roads, 0, 0, 0, 0, 0, 0, 1723497, 1723497
2015, RAJASTHAN, 8, JALORE, 95, JALORE, 1285, DECHHOO, 38917, 1132216, Sanitation, 0, 0, 0, 0, 0, 0, 150000, 150000
2015, RAJASTHAN, 8, JALORE, 95, JALORE, 1285, DECHHOO, 38917, 1132216, Total, 0, 0, 0, 0, 0, 0, 1873497, 1873497
2015, RAJASTHAN, 8, JALORE, 95, JALORE, 1285, DEE GAON, 38918, 1132540, Drinking water, 0, 0, 0, 0, 0, 0, 351145, 351145
2015, RAJASTHAN, 8, JALORE, 95, JALORE, 1285, DEE GAON, 38918, 1132540, Sanitation, 0, 0, 0, 0, 0, 0, 1643813, 1643813
2015, RAJASTHAN, 8, JALORE, 95, JALORE, 1285, DEE GAON, 38918, 1132540, Total, 0, 0, 0, 0, 0, 0, 1994958, 1994958
2015, RAJASTHAN, 8, JALORE, 95, JALORE, 1285, DEVAKI, 38919, 1130579, Roads, 0, 0, 0, 0, 0, 0, 1454474, 1454474
2015, RAJASTHAN, 8, JALORE, 95, JALORE, 1285, DEVAKI, 38919, 1130579, Sanitation, 0, 0, 0, 0, 0, 0, 438390, 438390
2015, RAJASTHAN, 8, JALORE, 95, JALORE, 1285, DEVAKI, 38919, 1130579, Total, 0, 0, 0, 0, 0, 0, 1892864, 1892864
2015, RAJASTHAN, 8, JALORE, 95, JALORE, 1285, DOODASI, 38920, 1139133, Roads, 0, 0, 0, 0, 0, 0, 1390726, 1390726
2015, RAJASTHAN, 8, JALORE, 95, JALORE, 1285, DOODASI, 38920, 1139133, Sanitation, 0, 0, 0, 0, 0, 0, 1077524, 1077524
2015, RAJASTHAN, 8, JALORE, 95, JALORE, 1285, DOODASI, 38920, 1139133, Total, 0, 0, 0, 0, 0, 0, 2468250, 2468250
2015, RAJASTHAN, 8, JALORE, 95, JALORE, 1285, GODAN, 38921, 1132562, Drinking water, 0, 0, 0, 0, 0, 0, 190000, 190000
2015, RAJASTHAN, 8, JALORE, 95, JALORE, 1285, GODAN, 38921, 1132562, Roads, 0, 0, 0, 0, 0, 0, 1231820, 1231820
2015, RAJASTHAN, 8, JALORE, 95, JALORE, 1285, GODAN, 38921, 1132562, Sanitation, 0, 0, 0, 0, 0, 0, 200700, 200700
2015, RAJASTHAN, 8, JALORE, 95, JALORE, 1285, GODAN, 38921, 1132562, Total, 0, 0, 0, 0, 0, 0, 1622520, 1622520
2015, RAJASTHAN, 8, JALORE, 95, JALORE, 1285, LETA, 38922, 1138431, Roads, 0, 0, 0, 0, 0, 0, 3325867, 3325867
2015, RAJASTHAN, 8, JALORE, 95, JALORE, 1285, LETA, 38922, 1138431, Sanitation, 0, 0, 0, 0, 0, 0, 797183, 797183
2015, RAJASTHAN, 8, JALORE, 95, JALORE, 1285, LETA, 38922, 1138431, Total, 0, 0, 0, 0, 0, 0, 4123050, 4123050
2015, RAJASTHAN, 8, JALORE, 95, JALORE, 1285, MADGAON, 38923, 1139164, Drinking water, 0, 0, 0, 0, 0, 0, 16600, 16600
2015, RAJASTHAN, 8, JALORE, 95, JALORE, 1285, MADGAON, 38923, 1139164, Roads, 0, 0, 0, 0, 0, 0, 1439949, 1439949
2015, RAJASTHAN, 8, JALORE, 95, JALORE, 1285, MADGAON, 38923, 1139164, Sanitation, 0, 0, 0, 0, 0, 0, 300000, 300000
2015, RAJASTHAN, 8, JALORE, 95, JALORE, 1285, MADGAON, 38923, 1139164, Total, 0, 0, 0, 0, 0, 0, 1756549, 1756549
2015, RAJASTHAN, 8, JALORE, 95, JALORE, 1285, MEDA UPRELA, 38924, 1139465, Roads, 0, 0, 0, 0, 0, 0, 2011566, 2011566
2015, RAJASTHAN, 8, JALORE, 95, JALORE, 1285, MEDA UPRELA, 38924, 1139465, Sanitation, 0, 0, 0, 0, 0, 0, 812261, 812261
2015, RAJASTHAN, 8, JALORE, 95, JALORE, 1285, MEDA UPRELA, 38924, 1139465, Total, 0, 0, 0, 0, 0, 0, 2823827, 2823827
2015, RAJASTHAN, 8, JALORE, 95, JALORE, 1285, NARANAWAS, 38925, 1136228, Roads, 0, 0, 0, 0, 0, 0, 1397617, 1397617
2015, RAJASTHAN, 8, JALORE, 95, JALORE, 1285, NARANAWAS, 38925, 1136228, Sanitation, 0, 0, 0, 0, 0, 0, 438800, 438800
2015, RAJASTHAN, 8, JALORE, 95, JALORE, 1285, NARANAWAS, 38925, 1136228, Total, 0, 0, 0, 0, 0, 0, 1836417, 1836417
2015, RAJASTHAN, 8, JALORE, 95, JALORE, 1285, NOON, 38926, 1138659, Drinking water, 0, 0, 0, 0, 0, 0, 975340, 975340
2015, RAJASTHAN, 8, JALORE, 95, JALORE, 1285, NOON, 38926, 1138659, Roads, 0, 0, 0, 0, 0, 0, 1503304, 1503304
2015, RAJASTHAN, 8, JALORE, 95, JALORE, 1285, NOON, 38926, 1138659, Total, 0, 0, 0, 0, 0, 0, 2478644, 2478644
2015, RAJASTHAN, 8, JALORE, 95, JALORE, 1285, ODWARA, 38927, 1132079, Roads, 0, 0, 0, 0, 0, 0, 1551496, 1551496
2015, RAJASTHAN, 8, JALORE, 95, JALORE, 1285, ODWARA, 38927, 1132079, Sanitation, 0, 0, 0, 0, 0, 0, 474774, 474774
2015, RAJASTHAN, 8, JALORE, 95, JALORE, 1285, ODWARA, 38927, 1132079, Total, 0, 0, 0, 0, 0, 0, 2026270, 2026270
2015, RAJASTHAN, 8, JALORE, 95, JALORE, 1285, REVAT, 38928, 1138627, Roads, 0, 0, 0, 0, 0, 0, 1592432, 1592432
2015, RAJASTHAN, 8, JALORE, 95, JALORE, 1285, REVAT, 38928, 1138627, Sanitation, 0, 0, 0, 0, 0, 0, 500000, 500000
2015, RAJASTHAN, 8, JALORE, 95, JALORE, 1285, REVAT, 38928, 1138627, Total, 0, 0, 0, 0, 0, 0, 2092432, 2092432
2015, RAJASTHAN, 8, JALORE, 95, JALORE, 1285, SAMATIPURA, 38929, 1136187, Drinking water, 0, 0, 0, 0, 0, 0, 504000, 504000
2015, RAJASTHAN, 8, JALORE, 95, JALORE, 1285, SAMATIPURA, 38929, 1136187, Roads, 0, 0, 0, 0, 0, 0, 1929239, 1929239
2015, RAJASTHAN, 8, JALORE, 95, JALORE, 1285, SAMATIPURA, 38929, 1136187, Total, 0, 0, 0, 0, 0, 0, 2433239, 2433239
2015, RAJASTHAN, 8, JALORE, 95, JALORE, 1285, SAMUJA, 38930, 1132595, Roads, 0, 0, 0, 0, 0, 0, 1103289, 1103289
2015, RAJASTHAN, 8, JALORE, 95, JALORE, 1285, SAMUJA, 38930, 1132595, Sanitation, 0, 0, 0, 0, 0, 0, 333789, 333789
2015, RAJASTHAN, 8, JALORE, 95, JALORE, 1285, SAMUJA, 38930, 1132595, Total, 0, 0, 0, 0, 0, 0, 1437078, 1437078
2015, RAJASTHAN, 8, JALORE, 95, JALORE, 1285, SANKARANA, 38931, 1132584, Roads, 0, 0, 0, 0, 0, 0, 1871451, 1871451
2015, RAJASTHAN, 8, JALORE, 95, JALORE, 1285, SANKARANA, 38931, 1132584, Sanitation, 0, 0, 0, 0, 0, 0, 389471, 389471
2015, RAJASTHAN, 8, JALORE, 95, JALORE, 1285, SANKARANA, 38931, 1132584, Total, 0, 0, 0, 0, 0, 0, 2260922, 2260922
2015, RAJASTHAN, 8, JALORE, 95, JALORE, 1285, SANTHU, 38932, 1139504, Drinking water, 0, 0, 0, 0, 0, 0, 500000, 500000
2015, RAJASTHAN, 8, JALORE, 95, JALORE, 1285, SANTHU, 38932, 1139504, Roads, 0, 0, 0, 0, 0, 0, 1949510, 1949510
2015, RAJASTHAN, 8, JALORE, 95, JALORE, 1285, SANTHU, 38932, 1139504, Sanitation, 0, 0, 0, 0, 0, 0, 2114455, 2114455
2015, RAJASTHAN, 8, JALORE, 95, JALORE, 1285, SANTHU, 38932, 1139504, Total, 0, 0, 0, 0, 0, 0, 4563965, 4563965
2015, RAJASTHAN, 8, JALORE, 95, JALORE, 1285, SIVNA, 38933, 1138635, Drinking water, 0, 0, 0, 0, 0, 0, 643855, 643855
2015, RAJASTHAN, 8, JALORE, 95, JALORE, 1285, SIVNA, 38933, 1138635, Roads, 0, 0, 0, 0, 0, 0, 1553440, 1553440
2015, RAJASTHAN, 8, JALORE, 95, JALORE, 1285, SIVNA, 38933, 1138635, Sanitation, 0, 0, 0, 0, 0, 0, 697100, 697100
2015, RAJASTHAN, 8, JALORE, 95, JALORE, 1285, SIVNA, 38933, 1138635, Total, 0, 0, 0, 0, 0, 0, 2894395, 2894395
2015, RAJASTHAN, 8, JALORE, 95, JALORE, 1285, SIYANA, 38934, 1138552, Drinking water, 0, 0, 0, 0, 0, 0, 49000, 49000
2015, RAJASTHAN, 8, JALORE, 95, JALORE, 1285, SIYANA, 38934, 1138552, Roads, 0, 0, 0, 0, 0, 0, 3519644, 3519644
2015, RAJASTHAN, 8, JALORE, 95, JALORE, 1285, SIYANA, 38934, 1138552, Sanitation, 0, 0, 0, 0, 0, 0, 1898485, 1898485
2015, RAJASTHAN, 8, JALORE, 95, JALORE, 1285, SIYANA, 38934, 1138552, Total, 0, 0, 0, 0, 0, 0, 5467129, 5467129
2015, RAJASTHAN, 8, JALORE, 95, JALORE, 1285, UNN, 38935, 1138470, Drinking water, 0, 0, 0, 0, 0, 0, 117035, 117035
2015, RAJASTHAN, 8, JALORE, 95, JALORE, 1285, UNN, 38935, 1138470, Roads, 0, 0, 0, 0, 0, 0, 1559102, 1559102
2015, RAJASTHAN, 8, JALORE, 95, JALORE, 1285, UNN, 38935, 1138470, Sanitation, 0, 0, 0, 0, 0, 0, 1016400, 1016400
2015, RAJASTHAN, 8, JALORE, 95, JALORE, 1285, UNN, 38935, 1138470, Total, 0, 0, 0, 0, 0, 0, 2692537, 2692537
2015, RAJASTHAN, 8, JALORE, 95, JASWANTPURA, 1286, BASRA DHANJI, 38936, 1161045, Roads, 0, 0, 0, 0, 0, 0, 743000, 743000
2015, RAJASTHAN, 8, JALORE, 95, JASWANTPURA, 1286, BASRA DHANJI, 38936, 1161045, Total, 0, 0, 0, 0, 0, 0, 743000, 743000
2015, RAJASTHAN, 8, JALORE, 95, JASWANTPURA, 1286, BHARUDI, 38937, 1161159, Drinking water, 0, 0, 0, 0, 0, 0, 99400, 99400
2015, RAJASTHAN, 8, JALORE, 95, JASWANTPURA, 1286, BHARUDI, 38937, 1161159, Health, 0, 0, 0, 0, 0, 0, 49800, 49800
2015, RAJASTHAN, 8, JALORE, 95, JASWANTPURA, 1286, BHARUDI, 38937, 1161159, Roads, 0, 0, 0, 0, 0, 0, 298200, 298200
2015, RAJASTHAN, 8, JALORE, 95, JASWANTPURA, 1286, BHARUDI, 38937, 1161159, Sanitation, 0, 0, 0, 0, 0, 0, 79200, 79200
2015, RAJASTHAN, 8, JALORE, 95, JASWANTPURA, 1286, BHARUDI, 38937, 1161159, Total, 0, 0, 0, 0, 0, 0, 526600, 526600
2015, RAJASTHAN, 8, JALORE, 95, JASWANTPURA, 1286, BUGAON, 38938, 1161285, Roads, 0, 0, 0, 0, 0, 0, 499000, 499000
2015, RAJASTHAN, 8, JALORE, 95, JASWANTPURA, 1286, BUGAON, 38938, 1161285, Sanitation, 0, 0, 0, 0, 0, 0, 551250, 551250
2015, RAJASTHAN, 8, JALORE, 95, JASWANTPURA, 1286, BUGAON, 38938, 1161285, Total, 0, 0, 0, 0, 0, 0, 1050250, 1050250
2015, RAJASTHAN, 8, JALORE, 95, JASWANTPURA, 1286, CHANDOOR, 38939, 1213395, Health & Sanitation, 0, 0, 0, 0, 0, 0, 998000, 998000
2015, RAJASTHAN, 8, JALORE, 95, JASWANTPURA, 1286, CHANDOOR, 38939, 1213395, Roads, 0, 0, 0, 0, 0, 0, 499000, 499000
2015, RAJASTHAN, 8, JALORE, 95, JASWANTPURA, 1286, CHANDOOR, 38939, 1213395, Total, 0, 0, 0, 0, 0, 0, 1497000, 1497000
2015, RAJASTHAN, 8, JALORE, 95, JASWANTPURA, 1286, DANTLAWAS, 38940, 1137783, Roads, 0, 0, 0, 0, 0, 0, 2106420, 2106420
2015, RAJASTHAN, 8, JALORE, 95, JASWANTPURA, 1286, DANTLAWAS, 38940, 1137783, Total, 0, 0, 0, 0, 0, 0, 2106420, 2106420
2015, RAJASTHAN, 8, JALORE, 95, JASWANTPURA, 1286, DHANSA, 38941, 1161175, Roads, 0, 0, 0, 0, 0, 0, 597807, 597807
2015, RAJASTHAN, 8, JALORE, 95, JASWANTPURA, 1286, DHANSA, 38941, 1161175, Total, 0, 0, 0, 0, 0, 0, 597807, 597807
2015, RAJASTHAN, 8, JALORE, 95, JASWANTPURA, 1286, DORDA, 38942, 1137777, Drinking water, 0, 0, 0, 0, 0, 0, 61700, 61700
2015, RAJASTHAN, 8, JALORE, 95, JASWANTPURA, 1286, DORDA, 38942, 1137777, Roads, 0, 0, 0, 0, 0, 0, 53969, 53969
2015, RAJASTHAN, 8, JALORE, 95, JASWANTPURA, 1286, DORDA, 38942, 1137777, Sanitation, 0, 0, 0, 0, 0, 0, 635530, 635530
2015, RAJASTHAN, 8, JALORE, 95, JASWANTPURA, 1286, DORDA, 38942, 1137777, Total, 0, 0, 0, 0, 0, 0, 751199, 751199
2015, RAJASTHAN, 8, JALORE, 95, JASWANTPURA, 1286, GAJAPURA, 38943, 1161171, Roads, 0, 0, 0, 0, 0, 0, 965000, 965000
2015, RAJASTHAN, 8, JALORE, 95, JASWANTPURA, 1286, GAJAPURA, 38943, 1161171, Total, 0, 0, 0, 0, 0, 0, 965000, 965000
2015, RAJASTHAN, 8, JALORE, 95, JASWANTPURA, 1286, GAJIPURA, 38944, 1160970, Roads, 0, 0, 0, 0, 0, 0, 497711, 497711
2015, RAJASTHAN, 8, JALORE, 95, JASWANTPURA, 1286, GAJIPURA, 38944, 1160970, Sanitation, 0, 0, 0, 0, 0, 0, 496881, 496881
2015, RAJASTHAN, 8, JALORE, 95, JASWANTPURA, 1286, GAJIPURA, 38944, 1160970, Total, 0, 0, 0, 0, 0, 0, 994592, 994592
2015, RAJASTHAN, 8, JALORE, 95, JASWANTPURA, 1286, JASWANTPURA, 38945, 1137786, Rural housing, 0, 0, 0, 0, 0, 0, 1000000, 1000000
2015, RAJASTHAN, 8, JALORE, 95, JASWANTPURA, 1286, JASWANTPURA, 38945, 1137786, Sanitation, 0, 0, 0, 0, 0, 0, 799990, 799990
2015, RAJASTHAN, 8, JALORE, 95, JASWANTPURA, 1286, JASWANTPURA, 38945, 1137786, Total, 0, 0, 0, 0, 0, 0, 1799990, 1799990
2015, RAJASTHAN, 8, JALORE, 95, JASWANTPURA, 1286, JODWARA, 38946, 1138091, Health, 0, 0, 0, 0, 0, 0, 586200, 586200
2015, RAJASTHAN, 8, JALORE, 95, JASWANTPURA, 1286, JODWARA, 38946, 1138091, Total, 0, 0, 0, 0, 0, 0, 586200, 586200
2015, RAJASTHAN, 8, JALORE, 95, JASWANTPURA, 1286, KALAPURA, 38947, 1137944, Drinking water, 0, 0, 0, 0, 0, 0, 322840, 322840
2015, RAJASTHAN, 8, JALORE, 95, JASWANTPURA, 1286, KALAPURA, 38947, 1137944, Roads, 0, 0, 0, 0, 0, 0, 1641680, 1641680
2015, RAJASTHAN, 8, JALORE, 95, JASWANTPURA, 1286, KALAPURA, 38947, 1137944, Sanitation, 0, 0, 0, 0, 0, 0, 481530, 481530
2015, RAJASTHAN, 8, JALORE, 95, JASWANTPURA, 1286, KALAPURA, 38947, 1137944, Total, 0, 0, 0, 0, 0, 0, 2446050, 2446050
2015, RAJASTHAN, 8, JALORE, 95, JASWANTPURA, 1286, KHANPUR, 38948, 1213291, Sanitation, 0, 0, 0, 0, 0, 0, 997000, 997000
2015, RAJASTHAN, 8, JALORE, 95, JASWANTPURA, 1286, KHANPUR, 38948, 1213291, Total, 0, 0, 0, 0, 0, 0, 997000, 997000
2015, RAJASTHAN, 8, JALORE, 95, JASWANTPURA, 1286, MANDOLI, 38949, 1137760, Sanitation, 0, 0, 0, 0, 0, 0, 1008515, 1008515
2015, RAJASTHAN, 8, JALORE, 95, JASWANTPURA, 1286, MANDOLI, 38949, 1137760, Total, 0, 0, 0, 0, 0, 0, 1008515, 1008515
2015, RAJASTHAN, 8, JALORE, 95, JASWANTPURA, 1286, MODRA, 38950, 1138022, Sanitation, 0, 0, 0, 0, 0, 0, 873800, 873800
2015, RAJASTHAN, 8, JALORE, 95, JASWANTPURA, 1286, MODRA, 38950, 1138022, Total, 0, 0, 0, 0, 0, 0, 873800, 873800
2015, RAJASTHAN, 8, JALORE, 95, JASWANTPURA, 1286, MUDTARA SILI, 38951, 1161017, Drinking water, 0, 0, 0, 0, 0, 0, 99800, 99800
2015, RAJASTHAN, 8, JALORE, 95, JASWANTPURA, 1286, MUDTARA SILI, 38951, 1161017, Roads, 0, 0, 0, 0, 0, 0, 238017, 238017
2015, RAJASTHAN, 8, JALORE, 95, JASWANTPURA, 1286, MUDTARA SILI, 38951, 1161017, Sanitation, 0, 0, 0, 0, 0, 0, 149000, 149000
2015, RAJASTHAN, 8, JALORE, 95, JASWANTPURA, 1286, MUDTARA SILI, 38951, 1161017, Total, 0, 0, 0, 0, 0, 0, 486817, 486817
2015, RAJASTHAN, 8, JALORE, 95, JASWANTPURA, 1286, PANSERI, 38952, 1213327, Roads, 0, 0, 0, 0, 0, 0, 200589, 200589
2015, RAJASTHAN, 8, JALORE, 95, JASWANTPURA, 1286, PANSERI, 38952, 1213327, Sanitation, 0, 0, 0, 0, 0, 0, 181547, 181547
2015, RAJASTHAN, 8, JALORE, 95, JASWANTPURA, 1286, PANSERI, 38952, 1213327, Total, 0, 0, 0, 0, 0, 0, 382136, 382136
2015, RAJASTHAN, 8, JALORE, 95, JASWANTPURA, 1286, PAWLI, 38953, 1137692, Roads, 0, 0, 0, 0, 0, 0, 436129, 436129
2015, RAJASTHAN, 8, JALORE, 95, JASWANTPURA, 1286, PAWLI, 38953, 1137692, Sanitation, 0, 0, 0, 0, 0, 0, 290010, 290010
2015, RAJASTHAN, 8, JALORE, 95, JASWANTPURA, 1286, PAWLI, 38953, 1137692, Total, 0, 0, 0, 0, 0, 0, 726139, 726139
2015, RAJASTHAN, 8, JALORE, 95, JASWANTPURA, 1286, POORAN, 38954, 1138054, Health, 0, 0, 0, 0, 0, 0, 395000, 395000
2015, RAJASTHAN, 8, JALORE, 95, JASWANTPURA, 1286, POORAN, 38954, 1138054, Roads, 0, 0, 0, 0, 0, 0, 524000, 524000
2015, RAJASTHAN, 8, JALORE, 95, JASWANTPURA, 1286, POORAN, 38954, 1138054, Total, 0, 0, 0, 0, 0, 0, 919000, 919000
2015, RAJASTHAN, 8, JALORE, 95, JASWANTPURA, 1286, PUNANG KALAN, 38955, 1137980, Drinking water, 0, 0, 0, 0, 0, 0, 206800, 206800
2015, RAJASTHAN, 8, JALORE, 95, JASWANTPURA, 1286, PUNANG KALAN, 38955, 1137980, Sanitation, 0, 0, 0, 0, 0, 0, 262300, 262300
2015, RAJASTHAN, 8, JALORE, 95, JASWANTPURA, 1286, PUNANG KALAN, 38955, 1137980, Total, 0, 0, 0, 0, 0, 0, 469100, 469100
2015, RAJASTHAN, 8, JALORE, 95, JASWANTPURA, 1286, RAJI KA BAS, 38956, 1161296, Roads, 0, 0, 0, 0, 0, 0, 900450, 900450
2015, RAJASTHAN, 8, JALORE, 95, JASWANTPURA, 1286, RAJI KA BAS, 38956, 1161296, Sanitation, 0, 0, 0, 0, 0, 0, 389500, 389500
2015, RAJASTHAN, 8, JALORE, 95, JASWANTPURA, 1286, RAJI KA BAS, 38956, 1161296, Total, 0, 0, 0, 0, 0, 0, 1289950, 1289950
2015, RAJASTHAN, 8, JALORE, 95, JASWANTPURA, 1286, RAMSEEN, 38957, 1137972, Health, 0, 0, 0, 0, 0, 0, 399761, 399761
2015, RAJASTHAN, 8, JALORE, 95, JASWANTPURA, 1286, RAMSEEN, 38957, 1137972, Roads, 0, 0, 0, 0, 0, 0, 803758, 803758
2015, RAJASTHAN, 8, JALORE, 95, JASWANTPURA, 1286, RAMSEEN, 38957, 1137972, Total, 0, 0, 0, 0, 0, 0, 1203519, 1203519
2015, RAJASTHAN, 8, JALORE, 95, JASWANTPURA, 1286, SAVIDAR, 38958, 1137701, Roads, 0, 0, 0, 0, 0, 0, 49005, 49005
2015, RAJASTHAN, 8, JALORE, 95, JASWANTPURA, 1286, SAVIDAR, 38958, 1137701, Rural electrification, 0, 0, 0, 0, 0, 0, 49000, 49000
2015, RAJASTHAN, 8, JALORE, 95, JASWANTPURA, 1286, SAVIDAR, 38958, 1137701, Sanitation, 0, 0, 0, 0, 0, 0, 1, 1
2015, RAJASTHAN, 8, JALORE, 95, JASWANTPURA, 1286, SAVIDAR, 38958, 1137701, Total, 0, 0, 0, 0, 0, 0, 98006, 98006
2015, RAJASTHAN, 8, JALORE, 95, JASWANTPURA, 1286, SERNA, 38960, 1138034, Roads, 0, 0, 0, 0, 0, 0, 199433, 199433
2015, RAJASTHAN, 8, JALORE, 95, JASWANTPURA, 1286, SERNA, 38960, 1138034, Sanitation, 0, 0, 0, 0, 0, 0, 135404, 135404
2015, RAJASTHAN, 8, JALORE, 95, JASWANTPURA, 1286, SERNA, 38960, 1138034, Total, 0, 0, 0, 0, 0, 0, 334837, 334837
2015, RAJASTHAN, 8, JALORE, 95, JASWANTPURA, 1286, SIKWARA, 38959, 1137729, Roads, 0, 0, 0, 0, 0, 0, 1701188, 1701188
2015, RAJASTHAN, 8, JALORE, 95, JASWANTPURA, 1286, SIKWARA, 38959, 1137729, Sanitation, 0, 0, 0, 0, 0, 0, 166851, 166851
2015, RAJASTHAN, 8, JALORE, 95, JASWANTPURA, 1286, SIKWARA, 38959, 1137729, Total, 0, 0, 0, 0, 0, 0, 1868039, 1868039
2015, RAJASTHAN, 8, JALORE, 95, JASWANTPURA, 1286, SOMTA, 38961, 1213375, Drinking water, 0, 0, 0, 0, 0, 0, 71000, 71000
2015, RAJASTHAN, 8, JALORE, 95, JASWANTPURA, 1286, SOMTA, 38961, 1213375, Roads, 0, 0, 0, 0, 0, 0, 799000, 799000
2015, RAJASTHAN, 8, JALORE, 95, JASWANTPURA, 1286, SOMTA, 38961, 1213375, Total, 0, 0, 0, 0, 0, 0, 870000, 870000
2015, RAJASTHAN, 8, JALORE, 95, JASWANTPURA, 1286, TATOL, 38962, 1161120, Drinking water, 0, 0, 0, 0, 0, 0, 119000, 119000
2015, RAJASTHAN, 8, JALORE, 95, JASWANTPURA, 1286, TATOL, 38962, 1161120, Roads, 0, 0, 0, 0, 0, 0, 99402, 99402
2015, RAJASTHAN, 8, JALORE, 95, JASWANTPURA, 1286, TATOL, 38962, 1161120, Total, 0, 0, 0, 0, 0, 0, 218402, 218402
2015, RAJASTHAN, 8, JALORE, 95, JASWANTPURA, 1286, TAWAB, 38963, 1138066, Roads, 0, 0, 0, 0, 0, 0, 765040, 765040
2015, RAJASTHAN, 8, JALORE, 95, JASWANTPURA, 1286, TAWAB, 38963, 1138066, Total, 0, 0, 0, 0, 0, 0, 765040, 765040
2015, RAJASTHAN, 8, JALORE, 95, JASWANTPURA, 1286, THOOR, 38964, 1137744, Health, 0, 0, 0, 0, 0, 0, 199864, 199864
2015, RAJASTHAN, 8, JALORE, 95, JASWANTPURA, 1286, THOOR, 38964, 1137744, Roads, 0, 0, 0, 0, 0, 0, 1855961, 1855961
2015, RAJASTHAN, 8, JALORE, 95, JASWANTPURA, 1286, THOOR, 38964, 1137744, Rural housing, 0, 0, 0, 0, 0, 0, 301857, 301857
2015, RAJASTHAN, 8, JALORE, 95, JASWANTPURA, 1286, THOOR, 38964, 1137744, Sanitation, 0, 0, 0, 0, 0, 0, 170228, 170228
2015, RAJASTHAN, 8, JALORE, 95, JASWANTPURA, 1286, THOOR, 38964, 1137744, Total, 0, 0, 0, 0, 0, 0, 2527910, 2527910
2015, RAJASTHAN, 8, JALORE, 95, RANIWARA, 1287, AJODAR, 38966, 1182814, Roads, 0, 0, 0, 0, 0, 0, 400348, 400348
2015, RAJASTHAN, 8, JALORE, 95, RANIWARA, 1287, AJODAR, 38966, 1182814, Social welfare, 0, 0, 0, 0, 0, 0, 1420000, 1420000
2015, RAJASTHAN, 8, JALORE, 95, RANIWARA, 1287, AJODAR, 38966, 1182814, Total, 0, 0, 0, 0, 0, 0, 1820348, 1820348
2015, RAJASTHAN, 8, JALORE, 95, RANIWARA, 1287, AKHRAD, 38965, 1182054, Drinking water, 0, 0, 0, 0, 0, 0, 450000, 450000
2015, RAJASTHAN, 8, JALORE, 95, RANIWARA, 1287, AKHRAD, 38965, 1182054, Roads, 0, 0, 0, 0, 0, 0, 1036851, 1036851
2015, RAJASTHAN, 8, JALORE, 95, RANIWARA, 1287, AKHRAD, 38965, 1182054, Social welfare, 0, 0, 0, 0, 0, 0, 120000, 120000
2015, RAJASTHAN, 8, JALORE, 95, RANIWARA, 1287, AKHRAD, 38965, 1182054, Total, 0, 0, 0, 0, 0, 0, 1606851, 1606851
2015, RAJASTHAN, 8, JALORE, 95, RANIWARA, 1287, Alri, 262166, 1182818, Drinking water, 0, 0, 0, 0, 0, 0, 120000, 120000
2015, RAJASTHAN, 8, JALORE, 95, RANIWARA, 1287, Alri, 262166, 1182818, Roads, 0, 0, 0, 0, 0, 0, 1328000, 1328000
2015, RAJASTHAN, 8, JALORE, 95, RANIWARA, 1287, Alri, 262166, 1182818, Social welfare, 0, 0, 0, 0, 0, 0, 360764, 360764
2015, RAJASTHAN, 8, JALORE, 95, RANIWARA, 1287, Alri, 262166, 1182818, Total, 0, 0, 0, 0, 0, 0, 1808764, 1808764
2015, RAJASTHAN, 8, JALORE, 95, RANIWARA, 1287, BARGAON, 38967, 1139975, Health, 0, 0, 0, 0, 0, 0, 2490307, 2490307
2015, RAJASTHAN, 8, JALORE, 95, RANIWARA, 1287, BARGAON, 38967, 1139975, Total, 0, 0, 0, 0, 0, 0, 2490307, 2490307
2015, RAJASTHAN, 8, JALORE, 95, RANIWARA, 1287, Bhateep, 262165, 1185791, Drinking water, 0, 0, 0, 0, 0, 0, 1323930, 1323930
2015, RAJASTHAN, 8, JALORE, 95, RANIWARA, 1287, Bhateep, 262165, 1185791, Roads, 0, 0, 0, 0, 0, 0, 400000, 400000
2015, RAJASTHAN, 8, JALORE, 95, RANIWARA, 1287, Bhateep, 262165, 1185791, Total, 0, 0, 0, 0, 0, 0, 1723930, 1723930
2015, RAJASTHAN, 8, JALORE, 95, RANIWARA, 1287, CHATWARA, 38968, 1182072, Health, 0, 0, 0, 0, 0, 0, 950129, 950129
2015, RAJASTHAN, 8, JALORE, 95, RANIWARA, 1287, CHATWARA, 38968, 1182072, Roads, 0, 0, 0, 0, 0, 0, 1000000, 1000000
2015, RAJASTHAN, 8, JALORE, 95, RANIWARA, 1287, CHATWARA, 38968, 1182072, Total, 0, 0, 0, 0, 0, 0, 1950129, 1950129
2015, RAJASTHAN, 8, JALORE, 95, RANIWARA, 1287, CHITRODI, 38969, 1154730, Drinking water, 0, 0, 0, 0, 0, 0, 800000, 800000
2015, RAJASTHAN, 8, JALORE, 95, RANIWARA, 1287, CHITRODI, 38969, 1154730, Roads, 0, 0, 0, 0, 0, 0, 398774, 398774
2015, RAJASTHAN, 8, JALORE, 95, RANIWARA, 1287, CHITRODI, 38969, 1154730, Total, 0, 0, 0, 0, 0, 0, 1198774, 1198774
2015, RAJASTHAN, 8, JALORE, 95, RANIWARA, 1287, DAIPUR, 38970, 1182083, Drinking water, 0, 0, 0, 0, 0, 0, 1476626, 1476626
2015, RAJASTHAN, 8, JALORE, 95, RANIWARA, 1287, DAIPUR, 38970, 1182083, Total, 0, 0, 0, 0, 0, 0, 1476626, 1476626
2015, RAJASTHAN, 8, JALORE, 95, RANIWARA, 1287, DANTWARA, 38971, 1182080, Roads, 0, 0, 0, 0, 0, 0, 1500000, 1500000
2015, RAJASTHAN, 8, JALORE, 95, RANIWARA, 1287, DANTWARA, 38971, 1182080, Sanitation, 0, 0, 0, 0, 0, 0, 240521, 240521
2015, RAJASTHAN, 8, JALORE, 95, RANIWARA, 1287, DANTWARA, 38971, 1182080, Total, 0, 0, 0, 0, 0, 0, 1740521, 1740521
2015, RAJASTHAN, 8, JALORE, 95, RANIWARA, 1287, DHAMSEEN, 38972, 1139171, Drinking water, 0, 0, 0, 0, 0, 0, 100000, 100000
2015, RAJASTHAN, 8, JALORE, 95, RANIWARA, 1287, DHAMSEEN, 38972, 1139171, Roads, 0, 0, 0, 0, 0, 0, 91247, 91247
2015, RAJASTHAN, 8, JALORE, 95, RANIWARA, 1287, DHAMSEEN, 38972, 1139171, Sanitation, 0, 0, 0, 0, 0, 0, 2000000, 2000000
2015, RAJASTHAN, 8, JALORE, 95, RANIWARA, 1287, DHAMSEEN, 38972, 1139171, Total, 0, 0, 0, 0, 0, 0, 2191247, 2191247
2015, RAJASTHAN, 8, JALORE, 95, RANIWARA, 1287, DHANOL, 38973, 1174539, Drinking water, 0, 0, 0, 0, 0, 0, 574769, 574769
2015, RAJASTHAN, 8, JALORE, 95, RANIWARA, 1287, DHANOL, 38973, 1174539, Roads, 0, 0, 0, 0, 0, 0, 500000, 500000
2015, RAJASTHAN, 8, JALORE, 95, RANIWARA, 1287, DHANOL, 38973, 1174539, Social welfare, 0, 0, 0, 0, 0, 0, 800000, 800000
2015, RAJASTHAN, 8, JALORE, 95, RANIWARA, 1287, DHANOL, 38973, 1174539, Total, 0, 0, 0, 0, 0, 0, 1874769, 1874769
2015, RAJASTHAN, 8, JALORE, 95, RANIWARA, 1287, DOONGRI, 38974, 1182084, Drinking water, 0, 0, 0, 0, 0, 0, 500000, 500000
2015, RAJASTHAN, 8, JALORE, 95, RANIWARA, 1287, DOONGRI, 38974, 1182084, Health, 0, 0, 0, 0, 0, 0, 950000, 950000
2015, RAJASTHAN, 8, JALORE, 95, RANIWARA, 1287, DOONGRI, 38974, 1182084, Roads, 0, 0, 0, 0, 0, 0, 536885, 536885
2015, RAJASTHAN, 8, JALORE, 95, RANIWARA, 1287, DOONGRI, 38974, 1182084, Total, 0, 0, 0, 0, 0, 0, 1986885, 1986885
2015, RAJASTHAN, 8, JALORE, 95, RANIWARA, 1287, GANG, 38975, 1183309, Drinking water, 0, 0, 0, 0, 0, 0, 562712, 562712
2015, RAJASTHAN, 8, JALORE, 95, RANIWARA, 1287, GANG, 38975, 1183309, Social welfare, 0, 0, 0, 0, 0, 0, 1000000, 1000000
2015, RAJASTHAN, 8, JALORE, 95, RANIWARA, 1287, GANG, 38975, 1183309, Total, 0, 0, 0, 0, 0, 0, 1562712, 1562712
2015, RAJASTHAN, 8, JALORE, 95, RANIWARA, 1287, JAKHRI, 38976, 1182067, Drinking water, 0, 0, 0, 0, 0, 0, 100000, 100000
2015, RAJASTHAN, 8, JALORE, 95, RANIWARA, 1287, JAKHRI, 38976, 1182067, Roads, 0, 0, 0, 0, 0, 0, 1800000, 1800000
2015, RAJASTHAN, 8, JALORE, 95, RANIWARA, 1287, JAKHRI, 38976, 1182067, Social welfare, 0, 0, 0, 0, 0, 0, 143859, 143859
2015, RAJASTHAN, 8, JALORE, 95, RANIWARA, 1287, JAKHRI, 38976, 1182067, Total, 0, 0, 0, 0, 0, 0, 2043859, 2043859
2015, RAJASTHAN, 8, JALORE, 95, RANIWARA, 1287, JALERA KHURD, 38977, 1182061, Drinking water, 0, 0, 0, 0, 0, 0, 430000, 430000
2015, RAJASTHAN, 8, JALORE, 95, RANIWARA, 1287, JALERA KHURD, 38977, 1182061, Roads, 0, 0, 0, 0, 0, 0, 1314903, 1314903
2015, RAJASTHAN, 8, JALORE, 95, RANIWARA, 1287, JALERA KHURD, 38977, 1182061, Total, 0, 0, 0, 0, 0, 0, 1744903, 1744903
2015, RAJASTHAN, 8, JALORE, 95, RANIWARA, 1287, JORWAS, 38978, 1182065, Roads, 0, 0, 0, 0, 0, 0, 1590886, 1590886
2015, RAJASTHAN, 8, JALORE, 95, RANIWARA, 1287, JORWAS, 38978, 1182065, Total, 0, 0, 0, 0, 0, 0, 1590886, 1590886
2015, RAJASTHAN, 8, JALORE, 95, RANIWARA, 1287, KAGMALA, 38979, 1143004, Health, 0, 0, 0, 0, 0, 0, 1311555, 1311555
2015, RAJASTHAN, 8, JALORE, 95, RANIWARA, 1287, KAGMALA, 38979, 1143004, Total, 0, 0, 0, 0, 0, 0, 1311555, 1311555
2015, RAJASTHAN, 8, JALORE, 95, RANIWARA, 1287, KARDA, 38980, 1140306, Health, 0, 0, 0, 0, 0, 0, 2392986, 2392986
2015, RAJASTHAN, 8, JALORE, 95, RANIWARA, 1287, KARDA, 38980, 1140306, Total, 0, 0, 0, 0, 0, 0, 2392986, 2392986
2015, RAJASTHAN, 8, JALORE, 95, RANIWARA, 1287, KARWARA, 38981, 1184051, Drinking water, 0, 0, 0, 0, 0, 0, 341982, 341982
2015, RAJASTHAN, 8, JALORE, 95, RANIWARA, 1287, KARWARA, 38981, 1184051, Roads, 0, 0, 0, 0, 0, 0, 1160000, 1160000
2015, RAJASTHAN, 8, JALORE, 95, RANIWARA, 1287, KARWARA, 38981, 1184051, Total, 0, 0, 0, 0, 0, 0, 1501982, 1501982
2015, RAJASTHAN, 8, JALORE, 95, RANIWARA, 1287, KORKA, 38982, 1142235, Health, 0, 0, 0, 0, 0, 0, 1244140, 1244140
2015, RAJASTHAN, 8, JALORE, 95, RANIWARA, 1287, KORKA, 38982, 1142235, Total, 0, 0, 0, 0, 0, 0, 1244140, 1244140
2015, RAJASTHAN, 8, JALORE, 95, RANIWARA, 1287, KOTRA, 38983, 1142867, Drinking water, 0, 0, 0, 0, 0, 0, 1486322, 1486322
2015, RAJASTHAN, 8, JALORE, 95, RANIWARA, 1287, KOTRA, 38983, 1142867, Education, 0, 0, 0, 0, 0, 0, 250000, 250000
2015, RAJASTHAN, 8, JALORE, 95, RANIWARA, 1287, KOTRA, 38983, 1142867, Total, 0, 0, 0, 0, 0, 0, 1736322, 1736322
2015, RAJASTHAN, 8, JALORE, 95, RANIWARA, 1287, KURA, 38984, 1143179, Sanitation, 0, 0, 0, 0, 0, 0, 1607827, 1607827
2015, RAJASTHAN, 8, JALORE, 95, RANIWARA, 1287, KURA, 38984, 1143179, Total, 0, 0, 0, 0, 0, 0, 1607827, 1607827
2015, RAJASTHAN, 8, JALORE, 95, RANIWARA, 1287, MALWARA, 38985, 1186259, Drinking water, 0, 0, 0, 0, 0, 0, 150000, 150000
2015, RAJASTHAN, 8, JALORE, 95, RANIWARA, 1287, MALWARA, 38985, 1186259, Roads, 0, 0, 0, 0, 0, 0, 1768129, 1768129
2015, RAJASTHAN, 8, JALORE, 95, RANIWARA, 1287, MALWARA, 38985, 1186259, Total, 0, 0, 0, 0, 0, 0, 1918129, 1918129
2015, RAJASTHAN, 8, JALORE, 95, RANIWARA, 1287, MERA, 38986, 1146472, Health, 0, 0, 0, 0, 0, 0, 1334910, 1334910
2015, RAJASTHAN, 8, JALORE, 95, RANIWARA, 1287, MERA, 38986, 1146472, Total, 0, 0, 0, 0, 0, 0, 1834910, 1834910
2015, RAJASTHAN, 8, JALORE, 95, RANIWARA, 1287, MERA, 38986, 1146472, Welfare of the weaker sections, 0, 0, 0, 0, 0, 0, 500000, 500000
2015, RAJASTHAN, 8, JALORE, 95, RANIWARA, 1287, Maitriwara, 262163, 1144160, Sanitation, 0, 0, 0, 0, 0, 0, 1584765, 1584765
2015, RAJASTHAN, 8, JALORE, 95, RANIWARA, 1287, Maitriwara, 262163, 1144160, Total, 0, 0, 0, 0, 0, 0, 1584765, 1584765
2015, RAJASTHAN, 8, JALORE, 95, RANIWARA, 1287, RANIWARA KALAN, 38987, 1183307, Drinking water, 0, 0, 0, 0, 0, 0, 450000, 450000
2015, RAJASTHAN, 8, JALORE, 95, RANIWARA, 1287, RANIWARA KALAN, 38987, 1183307, Roads, 0, 0, 0, 0, 0, 0, 3125041, 3125041
2015, RAJASTHAN, 8, JALORE, 95, RANIWARA, 1287, RANIWARA KALAN, 38987, 1183307, Social welfare, 0, 0, 0, 0, 0, 0, 950000, 950000
2015, RAJASTHAN, 8, JALORE, 95, RANIWARA, 1287, RANIWARA KALAN, 38987, 1183307, Total, 0, 0, 0, 0, 0, 0, 4525041, 4525041
2015, RAJASTHAN, 8, JALORE, 95, RANIWARA, 1287, RANIWARA KHURD, 38988, 1159266, Health, 0, 0, 0, 0, 0, 0, 682735, 682735
2015, RAJASTHAN, 8, JALORE, 95, RANIWARA, 1287, RANIWARA KHURD, 38988, 1159266, Roads, 0, 0, 0, 0, 0, 0, 550000, 550000
2015, RAJASTHAN, 8, JALORE, 95, RANIWARA, 1287, RANIWARA KHURD, 38988, 1159266, Total, 0, 0, 0, 0, 0, 0, 1232735, 1232735
2015, RAJASTHAN, 8, JALORE, 95, RANIWARA, 1287, RATANPUR, 38989, 1186300, Drinking water, 0, 0, 0, 0, 0, 0, 134540, 134540
2015, RAJASTHAN, 8, JALORE, 95, RANIWARA, 1287, RATANPUR, 38989, 1186300, Roads, 0, 0, 0, 0, 0, 0, 1500000, 1500000
2015, RAJASTHAN, 8, JALORE, 95, RANIWARA, 1287, RATANPUR, 38989, 1186300, Total, 0, 0, 0, 0, 0, 0, 1634540, 1634540
2015, RAJASTHAN, 8, JALORE, 95, RANIWARA, 1287, ROPSI, 38990, 1159025, Health, 0, 0, 0, 0, 0, 0, 400000, 400000
2015, RAJASTHAN, 8, JALORE, 95, RANIWARA, 1287, ROPSI, 38990, 1159025, Sanitation, 0, 0, 0, 0, 0, 0, 528535, 528535
2015, RAJASTHAN, 8, JALORE, 95, RANIWARA, 1287, ROPSI, 38990, 1159025, Social welfare, 0, 0, 0, 0, 0, 0, 400000, 400000
2015, RAJASTHAN, 8, JALORE, 95, RANIWARA, 1287, ROPSI, 38990, 1159025, Total, 0, 0, 0, 0, 0, 0, 1328535, 1328535
2015, RAJASTHAN, 8, JALORE, 95, RANIWARA, 1287, SEWARA, 38991, 1182516, Drinking water, 0, 0, 0, 0, 0, 0, 610000, 610000
2015, RAJASTHAN, 8, JALORE, 95, RANIWARA, 1287, SEWARA, 38991, 1182516, Roads, 0, 0, 0, 0, 0, 0, 805388, 805388
2015, RAJASTHAN, 8, JALORE, 95, RANIWARA, 1287, SEWARA, 38991, 1182516, Total, 0, 0, 0, 0, 0, 0, 1415388, 1415388
2015, RAJASTHAN, 8, JALORE, 95, RANIWARA, 1287, SILASAN, 38992, 1146666, Health, 0, 0, 0, 0, 0, 0, 998377, 998377
2015, RAJASTHAN, 8, JALORE, 95, RANIWARA, 1287, SILASAN, 38992, 1146666, Sanitation, 0, 0, 0, 0, 0, 0, 300000, 300000
2015, RAJASTHAN, 8, JALORE, 95, RANIWARA, 1287, SILASAN, 38992, 1146666, Total, 0, 0, 0, 0, 0, 0, 1298377, 1298377
2015, RAJASTHAN, 8, JALORE, 95, RANIWARA, 1287, SURAJWARA, 38993, 1174738, Roads, 0, 0, 0, 0, 0, 0, 960000, 960000
2015, RAJASTHAN, 8, JALORE, 95, RANIWARA, 1287, SURAJWARA, 38993, 1174738, Social welfare, 0, 0, 0, 0, 0, 0, 649981, 649981
2015, RAJASTHAN, 8, JALORE, 95, RANIWARA, 1287, SURAJWARA, 38993, 1174738, Total, 0, 0, 0, 0, 0, 0, 1609981, 1609981
2015, RAJASTHAN, 8, JALORE, 95, RANIWARA, 1287, VANDHAR, 38994, 1139656, Health, 0, 0, 0, 0, 0, 0, 5200000, 5200000
2015, RAJASTHAN, 8, JALORE, 95, RANIWARA, 1287, VANDHAR, 38994, 1139656, Sanitation, 0, 0, 0, 0, 0, 0, 775000, 775000
2015, RAJASTHAN, 8, JALORE, 95, RANIWARA, 1287, VANDHAR, 38994, 1139656, Total, 0, 0, 0, 0, 0, 0, 5975000, 5975000
2015, RAJASTHAN, 8, JALORE, 95, SANCHORE, 1288, ACHALPUR, 38995, 1192670, Drinking water, 0, 0, 0, 0, 0, 0, 172000, 172000
2015, RAJASTHAN, 8, JALORE, 95, SANCHORE, 1288, ACHALPUR, 38995, 1192670, Health, 0, 0, 0, 0, 0, 0, 199813, 199813
2015, RAJASTHAN, 8, JALORE, 95, SANCHORE, 1288, ACHALPUR, 38995, 1192670, Roads, 0, 0, 0, 0, 0, 0, 2224024, 2224024
2015, RAJASTHAN, 8, JALORE, 95, SANCHORE, 1288, ACHALPUR, 38995, 1192670, Sanitation, 0, 0, 0, 0, 0, 0, 1548000, 1548000
2015, RAJASTHAN, 8, JALORE, 95, SANCHORE, 1288, ACHALPUR, 38995, 1192670, Total, 0, 0, 0, 0, 0, 0, 4143837, 4143837
2015, RAJASTHAN, 8, JALORE, 95, SANCHORE, 1288, ARNAY, 38996, 1166697, Drinking water, 0, 0, 0, 0, 0, 0, 2546667, 2546667
2015, RAJASTHAN, 8, JALORE, 95, SANCHORE, 1288, ARNAY, 38996, 1166697, Roads, 0, 0, 0, 0, 0, 0, 1718000, 1718000
2015, RAJASTHAN, 8, JALORE, 95, SANCHORE, 1288, ARNAY, 38996, 1166697, Total, 0, 0, 0, 0, 0, 0, 4264667, 4264667
2015, RAJASTHAN, 8, JALORE, 95, SANCHORE, 1288, BAWARLA, 38997, 1203995, Drinking water, 0, 0, 0, 0, 0, 0, 450000, 450000
2015, RAJASTHAN, 8, JALORE, 95, SANCHORE, 1288, BAWARLA, 38997, 1203995, Sanitation, 0, 0, 0, 0, 0, 0, 1740995, 1740995
2015, RAJASTHAN, 8, JALORE, 95, SANCHORE, 1288, BAWARLA, 38997, 1203995, Total, 0, 0, 0, 0, 0, 0, 2190995, 2190995
2015, RAJASTHAN, 8, JALORE, 95, SANCHORE, 1288, BHADROONA, 39000, 1201955, Administrative & Technical Support, 0, 0, 0, 0, 0, 0, 101642, 101642
2015, RAJASTHAN, 8, JALORE, 95, SANCHORE, 1288, BHADROONA, 39000, 1201955, Agriculture, 0, 0, 0, 0, 0, 0, 34000, 34000
2015, RAJASTHAN, 8, JALORE, 95, SANCHORE, 1288, BHADROONA, 39000, 1201955, Drinking water, 0, 0, 0, 0, 0, 0, 650624, 650624
2015, RAJASTHAN, 8, JALORE, 95, SANCHORE, 1288, BHADROONA, 39000, 1201955, Sanitation, 0, 0, 0, 0, 0, 0, 1480000, 1480000
2015, RAJASTHAN, 8, JALORE, 95, SANCHORE, 1288, BHADROONA, 39000, 1201955, Total, 0, 0, 0, 0, 0, 0, 2266266, 2266266
2015, RAJASTHAN, 8, JALORE, 95, SANCHORE, 1288, BHARWAL, 38999, 1170052, Administrative & Technical Support, 0, 0, 0, 0, 0, 0, 150000, 150000
2015, RAJASTHAN, 8, JALORE, 95, SANCHORE, 1288, BHARWAL, 38999, 1170052, Cultural activities, 0, 0, 0, 0, 0, 0, 250000, 250000
2015, RAJASTHAN, 8, JALORE, 95, SANCHORE, 1288, BHARWAL, 38999, 1170052, Drinking water, 0, 0, 0, 0, 0, 0, 699571, 699571
2015, RAJASTHAN, 8, JALORE, 95, SANCHORE, 1288, BHARWAL, 38999, 1170052, Health, 0, 0, 0, 0, 0, 0, 100000, 100000
2015, RAJASTHAN, 8, JALORE, 95, SANCHORE, 1288, BHARWAL, 38999, 1170052, Roads, 0, 0, 0, 0, 0, 0, 1600000, 1600000
2015, RAJASTHAN, 8, JALORE, 95, SANCHORE, 1288, BHARWAL, 38999, 1170052, Sanitation, 0, 0, 0, 0, 0, 0, 113423, 113423
2015, RAJASTHAN, 8, JALORE, 95, SANCHORE, 1288, BHARWAL, 38999, 1170052, Total, 0, 0, 0, 0, 0, 0, 2912994, 2912994
2015, RAJASTHAN, 8, JALORE, 95, SANCHORE, 1288, BICHHAWARI, 39001, 1169879, Drinking water, 0, 0, 0, 0, 0, 0, 837000, 837000
2015, RAJASTHAN, 8, JALORE, 95, SANCHORE, 1288, BICHHAWARI, 39001, 1169879, Health, 0, 0, 0, 0, 0, 0, 211631, 211631
2015, RAJASTHAN, 8, JALORE, 95, SANCHORE, 1288, BICHHAWARI, 39001, 1169879, Roads, 0, 0, 0, 0, 0, 0, 1536000, 1536000
2015, RAJASTHAN, 8, JALORE, 95, SANCHORE, 1288, BICHHAWARI, 39001, 1169879, Sanitation, 0, 0, 0, 0, 0, 0, 857902, 857902
2015, RAJASTHAN, 8, JALORE, 95, SANCHORE, 1288, BICHHAWARI, 39001, 1169879, Total, 0, 0, 0, 0, 0, 0, 3442533, 3442533
2015, RAJASTHAN, 8, JALORE, 95, SANCHORE, 1288, BIJROL KHEDA, 38998, 1226552, Drinking water, 0, 0, 0, 0, 0, 0, 840000, 840000
2015, RAJASTHAN, 8, JALORE, 95, SANCHORE, 1288, BIJROL KHEDA, 38998, 1226552, Total, 0, 0, 0, 0, 0, 0, 840000, 840000
2015, RAJASTHAN, 8, JALORE, 95, SANCHORE, 1288, CHOURA, 39002, 1204029, Drinking water, 0, 0, 0, 0, 0, 0, 1616000, 1616000
2015, RAJASTHAN, 8, JALORE, 95, SANCHORE, 1288, CHOURA, 39002, 1204029, Total, 0, 0, 0, 0, 0, 0, 1616000, 1616000
2015, RAJASTHAN, 8, JALORE, 95, SANCHORE, 1288, DABHAL, 39005, 1166911, Drinking water, 0, 0, 0, 0, 0, 0, 1229440, 1229440
2015, RAJASTHAN, 8, JALORE, 95, SANCHORE, 1288, DABHAL, 39005, 1166911, Roads, 0, 0, 0, 0, 0, 0, 1424257, 1424257
2015, RAJASTHAN, 8, JALORE, 95, SANCHORE, 1288, DABHAL, 39005, 1166911, Total, 0, 0, 0, 0, 0, 0, 2653697, 2653697
2015, RAJASTHAN, 8, JALORE, 95, SANCHORE, 1288, DANTA, 39003, 1203985, Drinking water, 0, 0, 0, 0, 0, 0, 838000, 838000
2015, RAJASTHAN, 8, JALORE, 95, SANCHORE, 1288, DANTA, 39003, 1203985, Roads, 0, 0, 0, 0, 0, 0, 100000, 100000
2015, RAJASTHAN, 8, JALORE, 95, SANCHORE, 1288, DANTA, 39003, 1203985, Sanitation, 0, 0, 0, 0, 0, 0, 974644, 974644
2015, RAJASTHAN, 8, JALORE, 95, SANCHORE, 1288, DANTA, 39003, 1203985, Social welfare, 0, 0, 0, 0, 0, 0, 50000, 50000
2015, RAJASTHAN, 8, JALORE, 95, SANCHORE, 1288, DANTA, 39003, 1203985, Total, 0, 0, 0, 0, 0, 0, 1962644, 1962644
2015, RAJASTHAN, 8, JALORE, 95, SANCHORE, 1288, DANTIYA, 39004, 1169890, Public distribution system, 0, 0, 0, 0, 0, 0, 49155, 49155
2015, RAJASTHAN, 8, JALORE, 95, SANCHORE, 1288, DANTIYA, 39004, 1169890, Roads, 0, 0, 0, 0, 0, 0, 2090000, 2090000
2015, RAJASTHAN, 8, JALORE, 95, SANCHORE, 1288, DANTIYA, 39004, 1169890, Sanitation, 0, 0, 0, 0, 0, 0, 585790, 585790
2015, RAJASTHAN, 8, JALORE, 95, SANCHORE, 1288, DANTIYA, 39004, 1169890, Total, 0, 0, 0, 0, 0, 0, 2724945, 2724945
2015, RAJASTHAN, 8, JALORE, 95, SANCHORE, 1288, DHAMANA, 39006, 1204035, Drinking water, 0, 0, 0, 0, 0, 0, 850000, 850000
2015, RAJASTHAN, 8, JALORE, 95, SANCHORE, 1288, DHAMANA, 39006, 1204035, Sanitation, 0, 0, 0, 0, 0, 0, 385000, 385000
2015, RAJASTHAN, 8, JALORE, 95, SANCHORE, 1288, DHAMANA, 39006, 1204035, Total, 0, 0, 0, 0, 0, 0, 1235000, 1235000
2015, RAJASTHAN, 8, JALORE, 95, SANCHORE, 1288, DHANTA, 39007, 1169915, Drinking water, 0, 0, 0, 0, 0, 0, 770000, 770000
2015, RAJASTHAN, 8, JALORE, 95, SANCHORE, 1288, DHANTA, 39007, 1169915, Maintenance of community system, 0, 0, 0, 0, 0, 0, 200000, 200000
2015, RAJASTHAN, 8, JALORE, 95, SANCHORE, 1288, DHANTA, 39007, 1169915, Roads, 0, 0, 0, 0, 0, 0, 2325550, 2325550
2015, RAJASTHAN, 8, JALORE, 95, SANCHORE, 1288, DHANTA, 39007, 1169915, Sanitation, 0, 0, 0, 0, 0, 0, 478487, 478487
2015, RAJASTHAN, 8, JALORE, 95, SANCHORE, 1288, DHANTA, 39007, 1169915, Total, 0, 0, 0, 0, 0, 0, 3774037, 3774037
2015, RAJASTHAN, 8, JALORE, 95, SANCHORE, 1288, Dugawa, 262151, 1201901, Drinking water, 0, 0, 0, 0, 0, 0, 489253, 489253
2015, RAJASTHAN, 8, JALORE, 95, SANCHORE, 1288, Dugawa, 262151, 1201901, Maintenance of community system, 0, 0, 0, 0, 0, 0, 635546, 635546
2015, RAJASTHAN, 8, JALORE, 95, SANCHORE, 1288, Dugawa, 262151, 1201901, Roads, 0, 0, 0, 0, 0, 0, 1658000, 1658000
2015, RAJASTHAN, 8, JALORE, 95, SANCHORE, 1288, Dugawa, 262151, 1201901, Total, 0, 0, 0, 0, 0, 0, 2782799, 2782799
2015, RAJASTHAN, 8, JALORE, 95, SANCHORE, 1288, GOLASAN, 39008, 1168594, Drinking water, 0, 0, 0, 0, 0, 0, 1327000, 1327000
2015, RAJASTHAN, 8, JALORE, 95, SANCHORE, 1288, GOLASAN, 39008, 1168594, Education, 0, 0, 0, 0, 0, 0, 200000, 200000
2015, RAJASTHAN, 8, JALORE, 95, SANCHORE, 1288, GOLASAN, 39008, 1168594, Health, 0, 0, 0, 0, 0, 0, 367000, 367000
2015, RAJASTHAN, 8, JALORE, 95, SANCHORE, 1288, GOLASAN, 39008, 1168594, Maintenance of community system, 0, 0, 0, 0, 0, 0, 200000, 200000
2015, RAJASTHAN, 8, JALORE, 95, SANCHORE, 1288, GOLASAN, 39008, 1168594, Roads, 0, 0, 0, 0, 0, 0, 1558264, 1558264
2015, RAJASTHAN, 8, JALORE, 95, SANCHORE, 1288, GOLASAN, 39008, 1168594, Sanitation, 0, 0, 0, 0, 0, 0, 200000, 200000
2015, RAJASTHAN, 8, JALORE, 95, SANCHORE, 1288, GOLASAN, 39008, 1168594, Total, 0, 0, 0, 0, 0, 0, 3852264, 3852264
2015, RAJASTHAN, 8, JALORE, 95, SANCHORE, 1288, GUNDAU, 39009, 1166720, Administrative & Technical Support, 0, 0, 0, 0, 0, 0, 79337, 79337
2015, RAJASTHAN, 8, JALORE, 95, SANCHORE, 1288, GUNDAU, 39009, 1166720, Drinking water, 0, 0, 0, 0, 0, 0, 990000, 990000
2015, RAJASTHAN, 8, JALORE, 95, SANCHORE, 1288, GUNDAU, 39009, 1166720, Health, 0, 0, 0, 0, 0, 0, 97500, 97500
2015, RAJASTHAN, 8, JALORE, 95, SANCHORE, 1288, GUNDAU, 39009, 1166720, Land improvement, 0, 0, 0, 0, 0, 0, 155000, 155000
2015, RAJASTHAN, 8, JALORE, 95, SANCHORE, 1288, GUNDAU, 39009, 1166720, Maintenance of community system, 0, 0, 0, 0, 0, 0, 360000, 360000
2015, RAJASTHAN, 8, JALORE, 95, SANCHORE, 1288, GUNDAU, 39009, 1166720, Roads, 0, 0, 0, 0, 0, 0, 1448000, 1448000
2015, RAJASTHAN, 8, JALORE, 95, SANCHORE, 1288, GUNDAU, 39009, 1166720, Sanitation, 0, 0, 0, 0, 0, 0, 450000, 450000
2015, RAJASTHAN, 8, JALORE, 95, SANCHORE, 1288, GUNDAU, 39009, 1166720, Total, 0, 0, 0, 0, 0, 0, 3579837, 3579837
2015, RAJASTHAN, 8, JALORE, 95, SANCHORE, 1288, HADETAR, 39010, 1170202, Drinking water, 0, 0, 0, 0, 0, 0, 1923361, 1923361
2015, RAJASTHAN, 8, JALORE, 95, SANCHORE, 1288, HADETAR, 39010, 1170202, Health, 0, 0, 0, 0, 0, 0, 722000, 722000
2015, RAJASTHAN, 8, JALORE, 95, SANCHORE, 1288, HADETAR, 39010, 1170202, Roads, 0, 0, 0, 0, 0, 0, 1506135, 1506135
2015, RAJASTHAN, 8, JALORE, 95, SANCHORE, 1288, HADETAR, 39010, 1170202, Total, 0, 0, 0, 0, 0, 0, 4151496, 4151496
2015, RAJASTHAN, 8, JALORE, 95, SANCHORE, 1288, HARIYALI, 39011, 1174838, Administrative & Technical Support, 0, 0, 0, 0, 0, 0, 26290, 26290
2015, RAJASTHAN, 8, JALORE, 95, SANCHORE, 1288, HARIYALI, 39011, 1174838, Drinking water, 0, 0, 0, 0, 0, 0, 860000, 860000
2015, RAJASTHAN, 8, JALORE, 95, SANCHORE, 1288, HARIYALI, 39011, 1174838, Health, 0, 0, 0, 0, 0, 0, 485000, 485000
2015, RAJASTHAN, 8, JALORE, 95, SANCHORE, 1288, HARIYALI, 39011, 1174838, Maintenance of community system, 0, 0, 0, 0, 0, 0, 177000, 177000
2015, RAJASTHAN, 8, JALORE, 95, SANCHORE, 1288, HARIYALI, 39011, 1174838, Roads, 0, 0, 0, 0, 0, 0, 1634000, 1634000
2015, RAJASTHAN, 8, JALORE, 95, SANCHORE, 1288, HARIYALI, 39011, 1174838, Sanitation, 0, 0, 0, 0, 0, 0, 240000, 240000
2015, RAJASTHAN, 8, JALORE, 95, SANCHORE, 1288, HARIYALI, 39011, 1174838, Total, 0, 0, 0, 0, 0, 0, 3422290, 3422290
2015, RAJASTHAN, 8, JALORE, 95, SANCHORE, 1288, JAKHAL, 39012, 1162945, Drinking water, 0, 0, 0, 0, 0, 0, 2075243, 2075243
2015, RAJASTHAN, 8, JALORE, 95, SANCHORE, 1288, JAKHAL, 39012, 1162945, Education, 0, 0, 0, 0, 0, 0, 574700, 574700
2015, RAJASTHAN, 8, JALORE, 95, SANCHORE, 1288, JAKHAL, 39012, 1162945, Roads, 0, 0, 0, 0, 0, 0, 961000, 961000
2015, RAJASTHAN, 8, JALORE, 95, SANCHORE, 1288, JAKHAL, 39012, 1162945, Total, 0, 0, 0, 0, 0, 0, 3610943, 3610943
2015, RAJASTHAN, 8, JALORE, 95, SANCHORE, 1288, KAROLA, 39013, 1170163, Administrative & Technical Support, 0, 0, 0, 0, 0, 0, 44507, 44507
2015, RAJASTHAN, 8, JALORE, 95, SANCHORE, 1288, KAROLA, 39013, 1170163, Drinking water, 0, 0, 0, 0, 0, 0, 851548, 851548
2015, RAJASTHAN, 8, JALORE, 95, SANCHORE, 1288, KAROLA, 39013, 1170163, Roads, 0, 0, 0, 0, 0, 0, 2452384, 2452384
2015, RAJASTHAN, 8, JALORE, 95, SANCHORE, 1288, KAROLA, 39013, 1170163, Total, 0, 0, 0, 0, 0, 0, 3348439, 3348439
2015, RAJASTHAN, 8, JALORE, 95, SANCHORE, 1288, KHARA, 39015, 1170178, Drinking water, 0, 0, 0, 0, 0, 0, 3137801, 3137801
2015, RAJASTHAN, 8, JALORE, 95, SANCHORE, 1288, KHARA, 39015, 1170178, Maintenance of community system, 0, 0, 0, 0, 0, 0, 575000, 575000
2015, RAJASTHAN, 8, JALORE, 95, SANCHORE, 1288, KHARA, 39015, 1170178, Roads, 0, 0, 0, 0, 0, 0, 534000, 534000
2015, RAJASTHAN, 8, JALORE, 95, SANCHORE, 1288, KHARA, 39015, 1170178, Sanitation, 0, 0, 0, 0, 0, 0, 292000, 292000
2015, RAJASTHAN, 8, JALORE, 95, SANCHORE, 1288, KHARA, 39015, 1170178, Total, 0, 0, 0, 0, 0, 0, 4538801, 4538801
2015, RAJASTHAN, 8, JALORE, 95, SANCHORE, 1288, KILAWA, 39014, 1186284, Administrative & Technical Support, 0, 0, 0, 0, 0, 0, 51562, 51562
2015, RAJASTHAN, 8, JALORE, 95, SANCHORE, 1288, KILAWA, 39014, 1186284, Drinking water, 0, 0, 0, 0, 0, 0, 140000, 140000
2015, RAJASTHAN, 8, JALORE, 95, SANCHORE, 1288, KILAWA, 39014, 1186284, Maintenance of community system, 0, 0, 0, 0, 0, 0, 400000, 400000
2015, RAJASTHAN, 8, JALORE, 95, SANCHORE, 1288, KILAWA, 39014, 1186284, Roads, 0, 0, 0, 0, 0, 0, 1866960, 1866960
2015, RAJASTHAN, 8, JALORE, 95, SANCHORE, 1288, KILAWA, 39014, 1186284, Sanitation, 0, 0, 0, 0, 0, 0, 135000, 135000
2015, RAJASTHAN, 8, JALORE, 95, SANCHORE, 1288, KILAWA, 39014, 1186284, Total, 0, 0, 0, 0, 0, 0, 2593522, 2593522
2015, RAJASTHAN, 8, JALORE, 95, SANCHORE, 1288, KOD, 39016, 1166766, Maintenance of community system, 0, 0, 0, 0, 0, 0, 200000, 200000
2015, RAJASTHAN, 8, JALORE, 95, SANCHORE, 1288, KOD, 39016, 1166766, Roads, 0, 0, 0, 0, 0, 0, 2894064, 2894064
2015, RAJASTHAN, 8, JALORE, 95, SANCHORE, 1288, KOD, 39016, 1166766, Total, 0, 0, 0, 0, 0, 0, 3094064, 3094064
2015, RAJASTHAN, 8, JALORE, 95, SANCHORE, 1288, Lachhiwar, 262160, 1202011, Drinking water, 0, 0, 0, 0, 0, 0, 884884, 884884
2015, RAJASTHAN, 8, JALORE, 95, SANCHORE, 1288, Lachhiwar, 262160, 1202011, Education, 0, 0, 0, 0, 0, 0, 222000, 222000
2015, RAJASTHAN, 8, JALORE, 95, SANCHORE, 1288, Lachhiwar, 262160, 1202011, Maintenance of community system, 0, 0, 0, 0, 0, 0, 100000, 100000
2015, RAJASTHAN, 8, JALORE, 95, SANCHORE, 1288, Lachhiwar, 262160, 1202011, Total, 0, 0, 0, 0, 0, 0, 1206884, 1206884
2015, RAJASTHAN, 8, JALORE, 95, SANCHORE, 1288, NAINOL, 39017, 1185711, Administrative & Technical Support, 0, 0, 0, 0, 0, 0, 53004, 53004
2015, RAJASTHAN, 8, JALORE, 95, SANCHORE, 1288, NAINOL, 39017, 1185711, Maintenance of community system, 0, 0, 0, 0, 0, 0, 660000, 660000
2015, RAJASTHAN, 8, JALORE, 95, SANCHORE, 1288, NAINOL, 39017, 1185711, Roads, 0, 0, 0, 0, 0, 0, 3660043, 3660043
2015, RAJASTHAN, 8, JALORE, 95, SANCHORE, 1288, NAINOL, 39017, 1185711, Total, 0, 0, 0, 0, 0, 0, 4373047, 4373047
2015, RAJASTHAN, 8, JALORE, 95, SANCHORE, 1288, PALRI SOLANKIYAN, 39018, 1166747, Drinking water, 0, 0, 0, 0, 0, 0, 1728500, 1728500
2015, RAJASTHAN, 8, JALORE, 95, SANCHORE, 1288, PALRI SOLANKIYAN, 39018, 1166747, Maintenance of community system, 0, 0, 0, 0, 0, 0, 100000, 100000
2015, RAJASTHAN, 8, JALORE, 95, SANCHORE, 1288, PALRI SOLANKIYAN, 39018, 1166747, Roads, 0, 0, 0, 0, 0, 0, 1470705, 1470705
2015, RAJASTHAN, 8, JALORE, 95, SANCHORE, 1288, PALRI SOLANKIYAN, 39018, 1166747, Total, 0, 0, 0, 0, 0, 0, 3299205, 3299205
2015, RAJASTHAN, 8, JALORE, 95, SANCHORE, 1288, PAMANA, 39019, 1204027, Drinking water, 0, 0, 0, 0, 0, 0, 925897, 925897
2015, RAJASTHAN, 8, JALORE, 95, SANCHORE, 1288, PAMANA, 39019, 1204027, Maintenance of community system, 0, 0, 0, 0, 0, 0, 300000, 300000
2015, RAJASTHAN, 8, JALORE, 95, SANCHORE, 1288, PAMANA, 39019, 1204027, Sanitation, 0, 0, 0, 0, 0, 0, 1050000, 1050000
2015, RAJASTHAN, 8, JALORE, 95, SANCHORE, 1288, PAMANA, 39019, 1204027, Total, 0, 0, 0, 0, 0, 0, 2275897, 2275897
2015, RAJASTHAN, 8, JALORE, 95, SANCHORE, 1288, PANCHALA, 39020, 1203897, Administrative & Technical Support, 0, 0, 0, 0, 0, 0, 115679, 115679
2015, RAJASTHAN, 8, JALORE, 95, SANCHORE, 1288, PANCHALA, 39020, 1203897, Drinking water, 0, 0, 0, 0, 0, 0, 505000, 505000
2015, RAJASTHAN, 8, JALORE, 95, SANCHORE, 1288, PANCHALA, 39020, 1203897, Roads, 0, 0, 0, 0, 0, 0, 1803000, 1803000
2015, RAJASTHAN, 8, JALORE, 95, SANCHORE, 1288, PANCHALA, 39020, 1203897, Sanitation, 0, 0, 0, 0, 0, 0, 1151235, 1151235
2015, RAJASTHAN, 8, JALORE, 95, SANCHORE, 1288, PANCHALA, 39020, 1203897, Total, 0, 0, 0, 0, 0, 0, 3574914, 3574914
2015, RAJASTHAN, 8, JALORE, 95, SANCHORE, 1288, PRATAPPURA, 39021, 1204040, Drinking water, 0, 0, 0, 0, 0, 0, 1659276, 1659276
2015, RAJASTHAN, 8, JALORE, 95, SANCHORE, 1288, PRATAPPURA, 39021, 1204040, Total, 0, 0, 0, 0, 0, 0, 1659276, 1659276
2015, RAJASTHAN, 8, JALORE, 95, SANCHORE, 1288, PUR, 39022, 1226172, Drinking water, 0, 0, 0, 0, 0, 0, 2565347, 2565347
2015, RAJASTHAN, 8, JALORE, 95, SANCHORE, 1288, PUR, 39022, 1226172, Roads, 0, 0, 0, 0, 0, 0, 2730559, 2730559
2015, RAJASTHAN, 8, JALORE, 95, SANCHORE, 1288, PUR, 39022, 1226172, Total, 0, 0, 0, 0, 0, 0, 5295906, 5295906
2015, RAJASTHAN, 8, JALORE, 95, SANCHORE, 1288, SANKAD, 39023, 1163683, Administrative & Technical Support, 0, 0, 0, 0, 0, 0, 14420, 14420
2015, RAJASTHAN, 8, JALORE, 95, SANCHORE, 1288, SANKAD, 39023, 1163683, Drinking water, 0, 0, 0, 0, 0, 0, 1892732, 1892732
2015, RAJASTHAN, 8, JALORE, 95, SANCHORE, 1288, SANKAD, 39023, 1163683, Roads, 0, 0, 0, 0, 0, 0, 2502000, 2502000
2015, RAJASTHAN, 8, JALORE, 95, SANCHORE, 1288, SANKAD, 39023, 1163683, Total, 0, 0, 0, 0, 0, 0, 4409152, 4409152
2015, RAJASTHAN, 8, JALORE, 95, SANCHORE, 1288, SARNAU, 39024, 1201991, Drinking water, 0, 0, 0, 0, 0, 0, 120031, 120031
2015, RAJASTHAN, 8, JALORE, 95, SANCHORE, 1288, SARNAU, 39024, 1201991, Health, 0, 0, 0, 0, 0, 0, 1000000, 1000000
2015, RAJASTHAN, 8, JALORE, 95, SANCHORE, 1288, SARNAU, 39024, 1201991, Roads, 0, 0, 0, 0, 0, 0, 1000000, 1000000
2015, RAJASTHAN, 8, JALORE, 95, SANCHORE, 1288, SARNAU, 39024, 1201991, Total, 0, 0, 0, 0, 0, 0, 2120031, 2120031
2015, RAJASTHAN, 8, JALORE, 95, SANCHORE, 1288, SARWANA, 39025, 1226599, Administrative & Technical Support, 0, 0, 0, 0, 0, 0, 3730, 3730
2015, RAJASTHAN, 8, JALORE, 95, SANCHORE, 1288, SARWANA, 39025, 1226599, Roads, 0, 0, 0, 0, 0, 0, 1339960, 1339960
2015, RAJASTHAN, 8, JALORE, 95, SANCHORE, 1288, SARWANA, 39025, 1226599, Sanitation, 0, 0, 0, 0, 0, 0, 1254765, 1254765
2015, RAJASTHAN, 8, JALORE, 95, SANCHORE, 1288, SARWANA, 39025, 1226599, Total, 0, 0, 0, 0, 0, 0, 2598455, 2598455
2015, RAJASTHAN, 8, JALORE, 95, SANCHORE, 1288, SURAWA, 39026, 1160262, Health, 0, 0, 0, 0, 0, 0, 910000, 910000
2015, RAJASTHAN, 8, JALORE, 95, SANCHORE, 1288, SURAWA, 39026, 1160262, Roads, 0, 0, 0, 0, 0, 0, 903114, 903114
2015, RAJASTHAN, 8, JALORE, 95, SANCHORE, 1288, SURAWA, 39026, 1160262, Total, 0, 0, 0, 0, 0, 0, 1813114, 1813114
2015, RAJASTHAN, 8, JALORE, 95, SANCHORE, 1288, SURAWA, 39026, 1160471, Drinking water, 0, 0, 0, 0, 0, 0, 100000, 100000
2015, RAJASTHAN, 8, JALORE, 95, SANCHORE, 1288, SURAWA, 39026, 1160471, Roads, 0, 0, 0, 0, 0, 0, 1878000, 1878000
2015, RAJASTHAN, 8, JALORE, 95, SANCHORE, 1288, SURAWA, 39026, 1160471, Rural electrification, 0, 0, 0, 0, 0, 0, 50000, 50000
2015, RAJASTHAN, 8, JALORE, 95, SANCHORE, 1288, SURAWA, 39026, 1160471, Sanitation, 0, 0, 0, 0, 0, 0, 72418, 72418
2015, RAJASTHAN, 8, JALORE, 95, SANCHORE, 1288, SURAWA, 39026, 1160471, Total, 0, 0, 0, 0, 0, 0, 2100418, 2100418
2015, RAJASTHAN, 8, JALORE, 95, SANCHORE, 1288, Sediya, 262158, 1170217, Drinking water, 0, 0, 0, 0, 0, 0, 1416777, 1416777
2015, RAJASTHAN, 8, JALORE, 95, SANCHORE, 1288, Sediya, 262158, 1170217, Roads, 0, 0, 0, 0, 0, 0, 1196000, 1196000
2015, RAJASTHAN, 8, JALORE, 95, SANCHORE, 1288, Sediya, 262158, 1170217, Sanitation, 0, 0, 0, 0, 0, 0, 100000, 100000
2015, RAJASTHAN, 8, JALORE, 95, SANCHORE, 1288, Sediya, 262158, 1170217, Total, 0, 0, 0, 0, 0, 0, 2712777, 2712777
2015, RAJASTHAN, 8, JALORE, 95, SANCHORE, 1288, VIROL BARI, 39027, 1201934, Drinking water, 0, 0, 0, 0, 0, 0, 946000, 946000
2015, RAJASTHAN, 8, JALORE, 95, SANCHORE, 1288, VIROL BARI, 39027, 1201934, Roads, 0, 0, 0, 0, 0, 0, 1146000, 1146000
2015, RAJASTHAN, 8, JALORE, 95, SANCHORE, 1288, VIROL BARI, 39027, 1201934, Sanitation, 0, 0, 0, 0, 0, 0, 229770, 229770
2015, RAJASTHAN, 8, JALORE, 95, SANCHORE, 1288, VIROL BARI, 39027, 1201934, Total, 0, 0, 0, 0, 0, 0, 2321770, 2321770
2015, RAJASTHAN, 8, JALORE, 95, SAYLA, 1289, AANWLOJ, 39028, 1202815, Roads, 0, 0, 0, 0, 0, 0, 1797129, 1797129
2015, RAJASTHAN, 8, JALORE, 95, SAYLA, 1289, AANWLOJ, 39028, 1202815, Sanitation, 0, 0, 0, 0, 0, 0, 1303310, 1303310
2015, RAJASTHAN, 8, JALORE, 95, SAYLA, 1289, AANWLOJ, 39028, 1202815, Social welfare, 0, 0, 0, 0, 0, 0, 250000, 250000
2015, RAJASTHAN, 8, JALORE, 95, SAYLA, 1289, AANWLOJ, 39028, 1202815, Total, 0, 0, 0, 0, 0, 0, 3350439, 3350439
2015, RAJASTHAN, 8, JALORE, 95, SAYLA, 1289, AASANA, 39029, 1207838, Drinking water, 0, 0, 0, 0, 0, 0, 1400000, 1400000
2015, RAJASTHAN, 8, JALORE, 95, SAYLA, 1289, AASANA, 39029, 1207838, Roads, 0, 0, 0, 0, 0, 0, 571261, 571261
2015, RAJASTHAN, 8, JALORE, 95, SAYLA, 1289, AASANA, 39029, 1207838, Social welfare, 0, 0, 0, 0, 0, 0, 1884034, 1884034
2015, RAJASTHAN, 8, JALORE, 95, SAYLA, 1289, AASANA, 39029, 1207838, Total, 0, 0, 0, 0, 0, 0, 3855295, 3855295
2015, RAJASTHAN, 8, JALORE, 95, SAYLA, 1289, ALASAN, 39030, 1202694, Roads, 0, 0, 0, 0, 0, 0, 2283625, 2283625
2015, RAJASTHAN, 8, JALORE, 95, SAYLA, 1289, ALASAN, 39030, 1202694, Social welfare, 0, 0, 0, 0, 0, 0, 1971261, 1971261
2015, RAJASTHAN, 8, JALORE, 95, SAYLA, 1289, ALASAN, 39030, 1202694, Total, 0, 0, 0, 0, 0, 0, 4254886, 4254886
2015, RAJASTHAN, 8, JALORE, 95, SAYLA, 1289, BAIRATH, 39032, 1203124, Roads, 0, 0, 0, 0, 0, 0, 2668467, 2668467
2015, RAJASTHAN, 8, JALORE, 95, SAYLA, 1289, BAIRATH, 39032, 1203124, Total, 0, 0, 0, 0, 0, 0, 2668467, 2668467
2015, RAJASTHAN, 8, JALORE, 95, SAYLA, 1289, BAKARA, 39033, 1203100, Roads, 0, 0, 0, 0, 0, 0, 1417435, 1417435
2015, RAJASTHAN, 8, JALORE, 95, SAYLA, 1289, BAKARA, 39033, 1203100, Social welfare, 0, 0, 0, 0, 0, 0, 1839101, 1839101
2015, RAJASTHAN, 8, JALORE, 95, SAYLA, 1289, BAKARA, 39033, 1203100, Total, 0, 0, 0, 0, 0, 0, 3256536, 3256536
2015, RAJASTHAN, 8, JALORE, 95, SAYLA, 1289, BALWARA, 39034, 1203121, Roads, 0, 0, 0, 0, 0, 0, 1528484, 1528484
2015, RAJASTHAN, 8, JALORE, 95, SAYLA, 1289, BALWARA, 39034, 1203121, Social welfare, 0, 0, 0, 0, 0, 0, 1319411, 1319411
2015, RAJASTHAN, 8, JALORE, 95, SAYLA, 1289, BALWARA, 39034, 1203121, Total, 0, 0, 0, 0, 0, 0, 2847895, 2847895
2015, RAJASTHAN, 8, JALORE, 95, SAYLA, 1289, BAVATARA, 39031, 1187567, Drinking water, 0, 0, 0, 0, 0, 0, 4034242, 4034242
2015, RAJASTHAN, 8, JALORE, 95, SAYLA, 1289, BAVATARA, 39031, 1187567, Total, 0, 0, 0, 0, 0, 0, 4034242, 4034242
2015, RAJASTHAN, 8, JALORE, 95, SAYLA, 1289, BHUNDAWA, 39035, 1203277, Drinking water, 0, 0, 0, 0, 0, 0, 973012, 973012
2015, RAJASTHAN, 8, JALORE, 95, SAYLA, 1289, BHUNDAWA, 39035, 1203277, Roads, 0, 0, 0, 0, 0, 0, 1344984, 1344984
2015, RAJASTHAN, 8, JALORE, 95, SAYLA, 1289, BHUNDAWA, 39035, 1203277, Social welfare, 0, 0, 0, 0, 0, 0, 188000, 188000
2015, RAJASTHAN, 8, JALORE, 95, SAYLA, 1289, BHUNDAWA, 39035, 1203277, Total, 0, 0, 0, 0, 0, 0, 2505996, 2505996
2015, RAJASTHAN, 8, JALORE, 95, SAYLA, 1289, BISHANGARH, 39036, 1201092, Roads, 0, 0, 0, 0, 0, 0, 2228646, 2228646
2015, RAJASTHAN, 8, JALORE, 95, SAYLA, 1289, BISHANGARH, 39036, 1201092, Total, 0, 0, 0, 0, 0, 0, 2228646, 2228646
2015, RAJASTHAN, 8, JALORE, 95, SAYLA, 1289, CHORAU, 39037, 1204335, Drinking water, 0, 0, 0, 0, 0, 0, 1454848, 1454848
2015, RAJASTHAN, 8, JALORE, 95, SAYLA, 1289, CHORAU, 39037, 1204335, Roads, 0, 0, 0, 0, 0, 0, 1435719, 1435719
2015, RAJASTHAN, 8, JALORE, 95, SAYLA, 1289, CHORAU, 39037, 1204335, Total, 0, 0, 0, 0, 0, 0, 2890567, 2890567
2015, RAJASTHAN, 8, JALORE, 95, SAYLA, 1289, DADAL, 39038, 1193797, Drinking water, 0, 0, 0, 0, 0, 0, 3259272, 3259272
2015, RAJASTHAN, 8, JALORE, 95, SAYLA, 1289, DADAL, 39038, 1193797, Total, 0, 0, 0, 0, 0, 0, 3259272, 3259272
2015, RAJASTHAN, 8, JALORE, 95, SAYLA, 1289, DANGARA, 39039, 1206809, Drinking water, 0, 0, 0, 0, 0, 0, 396095, 396095
2015, RAJASTHAN, 8, JALORE, 95, SAYLA, 1289, DANGARA, 39039, 1206809, Roads, 0, 0, 0, 0, 0, 0, 2401473, 2401473
2015, RAJASTHAN, 8, JALORE, 95, SAYLA, 1289, DANGARA, 39039, 1206809, Total, 0, 0, 0, 0, 0, 0, 2797568, 2797568
2015, RAJASTHAN, 8, JALORE, 95, SAYLA, 1289, DETAKALAN, 39040, 1186246, Administrative & Technical Support, 0, 0, 0, 0, 0, 0, 150000, 150000
2015, RAJASTHAN, 8, JALORE, 95, SAYLA, 1289, DETAKALAN, 39040, 1186246, Drinking water, 0, 0, 0, 0, 0, 0, 1712322, 1712322
2015, RAJASTHAN, 8, JALORE, 95, SAYLA, 1289, DETAKALAN, 39040, 1186246, Fisheries, 0, 0, 0, 0, 0, 0, 516524, 516524
2015, RAJASTHAN, 8, JALORE, 95, SAYLA, 1289, DETAKALAN, 39040, 1186246, Roads, 0, 0, 0, 0, 0, 0, 765000, 765000
2015, RAJASTHAN, 8, JALORE, 95, SAYLA, 1289, DETAKALAN, 39040, 1186246, Total, 0, 0, 0, 0, 0, 0, 3143846, 3143846
2015, RAJASTHAN, 8, JALORE, 95, SAYLA, 1289, Dabli, 262194, 1208965, Drinking water, 0, 0, 0, 0, 0, 0, 1451454, 1451454
2015, RAJASTHAN, 8, JALORE, 95, SAYLA, 1289, Dabli, 262194, 1208965, Roads, 0, 0, 0, 0, 0, 0, 1720669, 1720669
2015, RAJASTHAN, 8, JALORE, 95, SAYLA, 1289, Dabli, 262194, 1208965, Total, 0, 0, 0, 0, 0, 0, 3172123, 3172123
2015, RAJASTHAN, 8, JALORE, 95, SAYLA, 1289, ELANA, 39041, 1201678, Drinking water, 0, 0, 0, 0, 0, 0, 100000, 100000
2015, RAJASTHAN, 8, JALORE, 95, SAYLA, 1289, ELANA, 39041, 1201678, Roads, 0, 0, 0, 0, 0, 0, 1799185, 1799185
2015, RAJASTHAN, 8, JALORE, 95, SAYLA, 1289, ELANA, 39041, 1201678, Sanitation, 0, 0, 0, 0, 0, 0, 300000, 300000
2015, RAJASTHAN, 8, JALORE, 95, SAYLA, 1289, ELANA, 39041, 1201678, Social welfare, 0, 0, 0, 0, 0, 0, 1153084, 1153084
2015, RAJASTHAN, 8, JALORE, 95, SAYLA, 1289, ELANA, 39041, 1201678, Total, 0, 0, 0, 0, 0, 0, 3352269, 3352269
2015, RAJASTHAN, 8, JALORE, 95, SAYLA, 1289, JEEVANA, 39042, 1192022, Drinking water, 0, 0, 0, 0, 0, 0, 4401155, 4401155
2015, RAJASTHAN, 8, JALORE, 95, SAYLA, 1289, JEEVANA, 39042, 1192022, Total, 0, 0, 0, 0, 0, 0, 4401155, 4401155
2015, RAJASTHAN, 8, JALORE, 95, SAYLA, 1289, KESHAWANA, 39043, 1203528, Drinking water, 0, 0, 0, 0, 0, 0, 888502, 888502
2015, RAJASTHAN, 8, JALORE, 95, SAYLA, 1289, KESHAWANA, 39043, 1203528, Roads, 0, 0, 0, 0, 0, 0, 2153128, 2153128
2015, RAJASTHAN, 8, JALORE, 95, SAYLA, 1289, KESHAWANA, 39043, 1203528, Social welfare, 0, 0, 0, 0, 0, 0, 59000, 59000
2015, RAJASTHAN, 8, JALORE, 95, SAYLA, 1289, KESHAWANA, 39043, 1203528, Total, 0, 0, 0, 0, 0, 0, 3100630, 3100630
2015, RAJASTHAN, 8, JALORE, 95, SAYLA, 1289, KHETALAWAS, 39044, 1201209, Drinking water, 0, 0, 0, 0, 0, 0, 2975904, 2975904
2015, RAJASTHAN, 8, JALORE, 95, SAYLA, 1289, KHETALAWAS, 39044, 1201209, Total, 0, 0, 0, 0, 0, 0, 2975904, 2975904
2015, RAJASTHAN, 8, JALORE, 95, SAYLA, 1289, KOMTA, 39045, 1202753, Roads, 0, 0, 0, 0, 0, 0, 2722347, 2722347
2015, RAJASTHAN, 8, JALORE, 95, SAYLA, 1289, KOMTA, 39045, 1202753, Social welfare, 0, 0, 0, 0, 0, 0, 1426960, 1426960
2015, RAJASTHAN, 8, JALORE, 95, SAYLA, 1289, KOMTA, 39045, 1202753, Total, 0, 0, 0, 0, 0, 0, 4149307, 4149307
2015, RAJASTHAN, 8, JALORE, 95, SAYLA, 1289, MANDAWALA, 39046, 1203129, Roads, 0, 0, 0, 0, 0, 0, 2061956, 2061956
2015, RAJASTHAN, 8, JALORE, 95, SAYLA, 1289, MANDAWALA, 39046, 1203129, Social welfare, 0, 0, 0, 0, 0, 0, 1779914, 1779914
2015, RAJASTHAN, 8, JALORE, 95, SAYLA, 1289, MANDAWALA, 39046, 1203129, Total, 0, 0, 0, 0, 0, 0, 3841870, 3841870
2015, RAJASTHAN, 8, JALORE, 95, SAYLA, 1289, MENGALWA, 39047, 1204201, Drinking water, 0, 0, 0, 0, 0, 0, 9483, 9483
2015, RAJASTHAN, 8, JALORE, 95, SAYLA, 1289, MENGALWA, 39047, 1204201, Roads, 0, 0, 0, 0, 0, 0, 2370692, 2370692
2015, RAJASTHAN, 8, JALORE, 95, SAYLA, 1289, MENGALWA, 39047, 1204201, Total, 0, 0, 0, 0, 0, 0, 2380175, 2380175
2015, RAJASTHAN, 8, JALORE, 95, SAYLA, 1289, NARASANA, 39048, 1206133, Drinking water, 0, 0, 0, 0, 0, 0, 1506110, 1506110
2015, RAJASTHAN, 8, JALORE, 95, SAYLA, 1289, NARASANA, 39048, 1206133, Roads, 0, 0, 0, 0, 0, 0, 600000, 600000
2015, RAJASTHAN, 8, JALORE, 95, SAYLA, 1289, NARASANA, 39048, 1206133, Total, 0, 0, 0, 0, 0, 0, 2106110, 2106110
2015, RAJASTHAN, 8, JALORE, 95, SAYLA, 1289, OTWALA, 39049, 1202927, Drinking water, 0, 0, 0, 0, 0, 0, 1038319, 1038319
2015, RAJASTHAN, 8, JALORE, 95, SAYLA, 1289, OTWALA, 39049, 1202927, Roads, 0, 0, 0, 0, 0, 0, 1753592, 1753592
2015, RAJASTHAN, 8, JALORE, 95, SAYLA, 1289, OTWALA, 39049, 1202927, Sanitation, 0, 0, 0, 0, 0, 0, 366000, 366000
2015, RAJASTHAN, 8, JALORE, 95, SAYLA, 1289, OTWALA, 39049, 1202927, Social welfare, 0, 0, 0, 0, 0, 0, 510000, 510000
2015, RAJASTHAN, 8, JALORE, 95, SAYLA, 1289, OTWALA, 39049, 1202927, Total, 0, 0, 0, 0, 0, 0, 3667911, 3667911
2015, RAJASTHAN, 8, JALORE, 95, SAYLA, 1289, PANTHERI, 39050, 1204106, Administrative & Technical Support, 0, 0, 0, 0, 0, 0, 182990, 182990
2015, RAJASTHAN, 8, JALORE, 95, SAYLA, 1289, PANTHERI, 39050, 1204106, Drinking water, 0, 0, 0, 0, 0, 0, 1250000, 1250000
2015, RAJASTHAN, 8, JALORE, 95, SAYLA, 1289, PANTHERI, 39050, 1204106, Roads, 0, 0, 0, 0, 0, 0, 1150000, 1150000
2015, RAJASTHAN, 8, JALORE, 95, SAYLA, 1289, PANTHERI, 39050, 1204106, Social welfare, 0, 0, 0, 0, 0, 0, 833829, 833829
2015, RAJASTHAN, 8, JALORE, 95, SAYLA, 1289, PANTHERI, 39050, 1204106, Total, 0, 0, 0, 0, 0, 0, 3416819, 3416819
2015, RAJASTHAN, 8, JALORE, 95, SAYLA, 1289, POSANA, 39051, 1203050, Drinking water, 0, 0, 0, 0, 0, 0, 447453, 447453
2015, RAJASTHAN, 8, JALORE, 95, SAYLA, 1289, POSANA, 39051, 1203050, Roads, 0, 0, 0, 0, 0, 0, 1926496, 1926496
2015, RAJASTHAN, 8, JALORE, 95, SAYLA, 1289, POSANA, 39051, 1203050, Social welfare, 0, 0, 0, 0, 0, 0, 242000, 242000
2015, RAJASTHAN, 8, JALORE, 95, SAYLA, 1289, POSANA, 39051, 1203050, Total, 0, 0, 0, 0, 0, 0, 2615949, 2615949
2015, RAJASTHAN, 8, JALORE, 95, SAYLA, 1289, REOTARA, 39052, 1203452, Drinking water, 0, 0, 0, 0, 0, 0, 2048022, 2048022
2015, RAJASTHAN, 8, JALORE, 95, SAYLA, 1289, REOTARA, 39052, 1203452, Roads, 0, 0, 0, 0, 0, 0, 2867546, 2867546
2015, RAJASTHAN, 8, JALORE, 95, SAYLA, 1289, REOTARA, 39052, 1203452, Social welfare, 0, 0, 0, 0, 0, 0, 295000, 295000
2015, RAJASTHAN, 8, JALORE, 95, SAYLA, 1289, REOTARA, 39052, 1203452, Total, 0, 0, 0, 0, 0, 0, 5210568, 5210568
2015, RAJASTHAN, 8, JALORE, 95, SAYLA, 1289, SAFARA, 39053, 1204162, Drinking water, 0, 0, 0, 0, 0, 0, 3351722, 3351722
2015, RAJASTHAN, 8, JALORE, 95, SAYLA, 1289, SAFARA, 39053, 1204162, Total, 0, 0, 0, 0, 0, 0, 3351722, 3351722
2015, RAJASTHAN, 8, JALORE, 95, SAYLA, 1289, SANGANA, 39054, 1203799, Drinking water, 0, 0, 0, 0, 0, 0, 4499415, 4499415
2015, RAJASTHAN, 8, JALORE, 95, SAYLA, 1289, SANGANA, 39054, 1203799, Total, 0, 0, 0, 0, 0, 0, 4499415, 4499415
2015, RAJASTHAN, 8, JALORE, 95, SAYLA, 1289, SAYLA, 39055, 1204591, Drinking water, 0, 0, 0, 0, 0, 0, 8530327, 8530327
2015, RAJASTHAN, 8, JALORE, 95, SAYLA, 1289, SAYLA, 39055, 1204591, Social welfare, 0, 0, 0, 0, 0, 0, 108000, 108000
2015, RAJASTHAN, 8, JALORE, 95, SAYLA, 1289, SAYLA, 39055, 1204591, Total, 0, 0, 0, 0, 0, 0, 8638327, 8638327
2015, RAJASTHAN, 8, JALORE, 95, SAYLA, 1289, SIRANA, 39056, 1208988, Drinking water, 0, 0, 0, 0, 0, 0, 1548015, 1548015
2015, RAJASTHAN, 8, JALORE, 95, SAYLA, 1289, SIRANA, 39056, 1208988, Roads, 0, 0, 0, 0, 0, 0, 1793312, 1793312
2015, RAJASTHAN, 8, JALORE, 95, SAYLA, 1289, SIRANA, 39056, 1208988, Total, 0, 0, 0, 0, 0, 0, 3341327, 3341327
2015, RAJASTHAN, 8, JALORE, 95, SAYLA, 1289, SURANA, 39057, 1201759, Roads, 0, 0, 0, 0, 0, 0, 2573703, 2573703
2015, RAJASTHAN, 8, JALORE, 95, SAYLA, 1289, SURANA, 39057, 1201759, Sanitation, 0, 0, 0, 0, 0, 0, 1621661, 1621661
2015, RAJASTHAN, 8, JALORE, 95, SAYLA, 1289, SURANA, 39057, 1201759, Social welfare, 0, 0, 0, 0, 0, 0, 200000, 200000
2015, RAJASTHAN, 8, JALORE, 95, SAYLA, 1289, SURANA, 39057, 1201759, Total, 0, 0, 0, 0, 0, 0, 4395364, 4395364
2015, RAJASTHAN, 8, JALORE, 95, SAYLA, 1289, TALIYANA, 39058, 1203296, Drinking water, 0, 0, 0, 0, 0, 0, 2395231, 2395231
2015, RAJASTHAN, 8, JALORE, 95, SAYLA, 1289, TALIYANA, 39058, 1203296, Roads, 0, 0, 0, 0, 0, 0, 500000, 500000
2015, RAJASTHAN, 8, JALORE, 95, SAYLA, 1289, TALIYANA, 39058, 1203296, Total, 0, 0, 0, 0, 0, 0, 2895231, 2895231
2015, RAJASTHAN, 8, JALORE, 95, SAYLA, 1289, TEEKHI, 39059, 1191913, Drinking water, 0, 0, 0, 0, 0, 0, 2256099, 2256099
2015, RAJASTHAN, 8, JALORE, 95, SAYLA, 1289, TEEKHI, 39059, 1191913, Khadi, 0, 0, 0, 0, 0, 0, 50000, 50000
2015, RAJASTHAN, 8, JALORE, 95, SAYLA, 1289, TEEKHI, 39059, 1191913, Land improvement, 0, 0, 0, 0, 0, 0, 800000, 800000
2015, RAJASTHAN, 8, JALORE, 95, SAYLA, 1289, TEEKHI, 39059, 1191913, Total, 0, 0, 0, 0, 0, 0, 3106099, 3106099
2015, RAJASTHAN, 8, JALORE, 95, SAYLA, 1289, THALWAR, 39060, 1203741, Drinking water, 0, 0, 0, 0, 0, 0, 674240, 674240
2015, RAJASTHAN, 8, JALORE, 95, SAYLA, 1289, THALWAR, 39060, 1203741, Roads, 0, 0, 0, 0, 0, 0, 1973000, 1973000
2015, RAJASTHAN, 8, JALORE, 95, SAYLA, 1289, THALWAR, 39060, 1203741, Social welfare, 0, 0, 0, 0, 0, 0, 520674, 520674
2015, RAJASTHAN, 8, JALORE, 95, SAYLA, 1289, THALWAR, 39060, 1203741, Total, 0, 0, 0, 0, 0, 0, 3167914, 3167914
2015, RAJASTHAN, 8, JALORE, 95, SAYLA, 1289, TILORA, 39061, 1201673, Health, 0, 0, 0, 0, 0, 0, 669199, 669199
2015, RAJASTHAN, 8, JALORE, 95, SAYLA, 1289, TILORA, 39061, 1201673, Roads, 0, 0, 0, 0, 0, 0, 2512927, 2512927
2015, RAJASTHAN, 8, JALORE, 95, SAYLA, 1289, TILORA, 39061, 1201673, Sanitation, 0, 0, 0, 0, 0, 0, 1500000, 1500000
2015, RAJASTHAN, 8, JALORE, 95, SAYLA, 1289, TILORA, 39061, 1201673, Total, 0, 0, 0, 0, 0, 0, 4682126, 4682126
2015, RAJASTHAN, 8, JALORE, 95, SAYLA, 1289, TURA, 39062, 1207833, Drinking water, 0, 0, 0, 0, 0, 0, 2218833, 2218833
2015, RAJASTHAN, 8, JALORE, 95, SAYLA, 1289, TURA, 39062, 1207833, Roads, 0, 0, 0, 0, 0, 0, 735737, 735737
2015, RAJASTHAN, 8, JALORE, 95, SAYLA, 1289, TURA, 39062, 1207833, Total, 0, 0, 0, 0, 0, 0, 2954570, 2954570
2015, RAJASTHAN, 8, JALORE, 95, SAYLA, 1289, Teja Ki Beri, 262188, 1204365, Drinking water, 0, 0, 0, 0, 0, 0, 1302178, 1302178
2015, RAJASTHAN, 8, JALORE, 95, SAYLA, 1289, Teja Ki Beri, 262188, 1204365, Roads, 0, 0, 0, 0, 0, 0, 1509520, 1509520
2015, RAJASTHAN, 8, JALORE, 95, SAYLA, 1289, Teja Ki Beri, 262188, 1204365, Total, 0, 0, 0, 0, 0, 0, 2811698, 2811698
2015, RAJASTHAN, 8, JALORE, 95, SAYLA, 1289, UMMEDABAD, 39063, 1204600, Drinking water, 0, 0, 0, 0, 0, 0, 323233, 323233
2015, RAJASTHAN, 8, JALORE, 95, SAYLA, 1289, UMMEDABAD, 39063, 1204600, Roads, 0, 0, 0, 0, 0, 0, 5387984, 5387984
2015, RAJASTHAN, 8, JALORE, 95, SAYLA, 1289, UMMEDABAD, 39063, 1204600, Social welfare, 0, 0, 0, 0, 0, 0, 1462000, 1462000
2015, RAJASTHAN, 8, JALORE, 95, SAYLA, 1289, UMMEDABAD, 39063, 1204600, Total, 0, 0, 0, 0, 0, 0, 7173217, 7173217
2015, RAJASTHAN, 8, JALORE, 95, SAYLA, 1289, UNARI, 39064, 1207402, Roads, 0, 0, 0, 0, 0, 0, 3106249, 3106249
2015, RAJASTHAN, 8, JALORE, 95, SAYLA, 1289, UNARI, 39064, 1207402, Social welfare, 0, 0, 0, 0, 0, 0, 490000, 490000
2015, RAJASTHAN, 8, JALORE, 95, SAYLA, 1289, UNARI, 39064, 1207402, Total, 0, 0, 0, 0, 0, 0, 3596249, 3596249
2015, RAJASTHAN, 8, JALORE, 95, SAYLA, 1289, VALERA, 39065, 1201567, Drinking water, 0, 0, 0, 0, 0, 0, 3136176, 3136176
2015, RAJASTHAN, 8, JALORE, 95, SAYLA, 1289, VALERA, 39065, 1201567, Total, 0, 0, 0, 0, 0, 0, 3136176, 3136176
2015, RAJASTHAN, 8, JHALAWAR, 96, AKLERA, 262180, AMETHA, 39234, 1139328, Drinking water, 0, 0, 0, 0, 0, 0, 795932, 795932
2015, RAJASTHAN, 8, JHALAWAR, 96, AKLERA, 262180, AMETHA, 39234, 1139328, Roads, 0, 0, 0, 0, 0, 0, 500000, 500000
2015, RAJASTHAN, 8, JHALAWAR, 96, AKLERA, 262180, AMETHA, 39234, 1139328, Rural electrification, 0, 0, 0, 0, 0, 0, 500000, 500000
2015, RAJASTHAN, 8, JHALAWAR, 96, AKLERA, 262180, AMETHA, 39234, 1139328, Total, 0, 0, 0, 0, 0, 0, 1795932, 1795932
2015, RAJASTHAN, 8, JHALAWAR, 96, AKLERA, 262180, AMRIT KHERI, 39067, 1194993, Roads, 0, 0, 0, 0, 0, 0, 800000, 800000
2015, RAJASTHAN, 8, JHALAWAR, 96, AKLERA, 262180, AMRIT KHERI, 39067, 1194993, Social welfare, 0, 0, 0, 0, 0, 0, 406586, 406586
2015, RAJASTHAN, 8, JHALAWAR, 96, AKLERA, 262180, AMRIT KHERI, 39067, 1194993, Total, 0, 0, 0, 0, 0, 0, 1206586, 1206586
2015, RAJASTHAN, 8, JHALAWAR, 96, AKLERA, 262180, ASAL PUR, 39068, 1139319, Roads, 0, 0, 0, 0, 0, 0, 1519210, 1519210
2015, RAJASTHAN, 8, JHALAWAR, 96, AKLERA, 262180, ASAL PUR, 39068, 1139319, Total, 0, 0, 0, 0, 0, 0, 1519210, 1519210
2015, RAJASTHAN, 8, JHALAWAR, 96, AKLERA, 262180, BAIRA GARH, 39069, 1141555, Drinking water, 0, 0, 0, 0, 0, 0, 90987, 90987
2015, RAJASTHAN, 8, JHALAWAR, 96, AKLERA, 262180, BAIRA GARH, 39069, 1141555, Roads, 0, 0, 0, 0, 0, 0, 1600000, 1600000
2015, RAJASTHAN, 8, JHALAWAR, 96, AKLERA, 262180, BAIRA GARH, 39069, 1141555, Total, 0, 0, 0, 0, 0, 0, 1690987, 1690987
2015, RAJASTHAN, 8, JHALAWAR, 96, AKLERA, 262180, BANS KHERI LODAN, 39071, 1137248, Drinking water, 0, 0, 0, 0, 0, 0, 1610622, 1610622
2015, RAJASTHAN, 8, JHALAWAR, 96, AKLERA, 262180, BANS KHERI LODAN, 39071, 1137248, Total, 0, 0, 0, 0, 0, 0, 1610622, 1610622
2015, RAJASTHAN, 8, JHALAWAR, 96, AKLERA, 262180, BHALTA, 39075, 1184522, Drinking water, 0, 0, 0, 0, 0, 0, 589713, 589713
2015, RAJASTHAN, 8, JHALAWAR, 96, AKLERA, 262180, BHALTA, 39075, 1184522, Rural electrification, 0, 0, 0, 0, 0, 0, 700000, 700000
2015, RAJASTHAN, 8, JHALAWAR, 96, AKLERA, 262180, BHALTA, 39075, 1184522, Total, 0, 0, 0, 0, 0, 0, 1289713, 1289713
2015, RAJASTHAN, 8, JHALAWAR, 96, AKLERA, 262180, BINDA KHERA, 39076, 1143148, Roads, 0, 0, 0, 0, 0, 0, 932492, 932492
2015, RAJASTHAN, 8, JHALAWAR, 96, AKLERA, 262180, BINDA KHERA, 39076, 1143148, Rural electrification, 0, 0, 0, 0, 0, 0, 500000, 500000
2015, RAJASTHAN, 8, JHALAWAR, 96, AKLERA, 262180, BINDA KHERA, 39076, 1143148, Total, 0, 0, 0, 0, 0, 0, 1432492, 1432492
2015, RAJASTHAN, 8, JHALAWAR, 96, AKLERA, 262180, BORBAND, 39077, 1190911, Roads, 0, 0, 0, 0, 0, 0, 409624, 409624
2015, RAJASTHAN, 8, JHALAWAR, 96, AKLERA, 262180, BORBAND, 39077, 1190911, Social welfare, 0, 0, 0, 0, 0, 0, 800000, 800000
2015, RAJASTHAN, 8, JHALAWAR, 96, AKLERA, 262180, BORBAND, 39077, 1190911, Total, 0, 0, 0, 0, 0, 0, 1209624, 1209624
2015, RAJASTHAN, 8, JHALAWAR, 96, AKLERA, 262180, BORKHERI GOOJRAN, 39078, 1185297, Drinking water, 0, 0, 0, 0, 0, 0, 1000000, 1000000
2015, RAJASTHAN, 8, JHALAWAR, 96, AKLERA, 262180, BORKHERI GOOJRAN, 39078, 1185297, Roads, 0, 0, 0, 0, 0, 0, 407637, 407637
2015, RAJASTHAN, 8, JHALAWAR, 96, AKLERA, 262180, BORKHERI GOOJRAN, 39078, 1185297, Total, 0, 0, 0, 0, 0, 0, 1407637, 1407637
2015, RAJASTHAN, 8, JHALAWAR, 96, AKLERA, 262180, CHURELIYA, 39242, 1137001, Drinking water, 0, 0, 0, 0, 0, 0, 41463, 41463
2015, RAJASTHAN, 8, JHALAWAR, 96, AKLERA, 262180, CHURELIYA, 39242, 1137001, Roads, 0, 0, 0, 0, 0, 0, 900000, 900000
2015, RAJASTHAN, 8, JHALAWAR, 96, AKLERA, 262180, CHURELIYA, 39242, 1137001, Total, 0, 0, 0, 0, 0, 0, 941463, 941463
2015, RAJASTHAN, 8, JHALAWAR, 96, AKLERA, 262180, DEOLI, 39080, 1139196, Drinking water, 0, 0, 0, 0, 0, 0, 63556, 63556
2015, RAJASTHAN, 8, JHALAWAR, 96, AKLERA, 262180, DEOLI, 39080, 1139196, Maintenance of community system, 0, 0, 0, 0, 0, 0, 100000, 100000
2015, RAJASTHAN, 8, JHALAWAR, 96, AKLERA, 262180, DEOLI, 39080, 1139196, Roads, 0, 0, 0, 0, 0, 0, 800000, 800000
2015, RAJASTHAN, 8, JHALAWAR, 96, AKLERA, 262180, DEOLI, 39080, 1139196, Total, 0, 0, 0, 0, 0, 0, 963556, 963556
2015, RAJASTHAN, 8, JHALAWAR, 96, AKLERA, 262180, DEORI CHANCHAL, 39244, 1185330, Drinking water, 0, 0, 0, 0, 0, 0, 230888, 230888
2015, RAJASTHAN, 8, JHALAWAR, 96, AKLERA, 262180, DEORI CHANCHAL, 39244, 1185330, Roads, 0, 0, 0, 0, 0, 0, 1000000, 1000000
2015, RAJASTHAN, 8, JHALAWAR, 96, AKLERA, 262180, DEORI CHANCHAL, 39244, 1185330, Total, 0, 0, 0, 0, 0, 0, 1230888, 1230888
2015, RAJASTHAN, 8, JHALAWAR, 96, AKLERA, 262180, DEORI KALAN, 39245, 1141900, Roads, 0, 0, 0, 0, 0, 0, 800000, 800000
2015, RAJASTHAN, 8, JHALAWAR, 96, AKLERA, 262180, DEORI KALAN, 39245, 1141900, Social welfare, 0, 0, 0, 0, 0, 0, 151681, 151681
2015, RAJASTHAN, 8, JHALAWAR, 96, AKLERA, 262180, DEORI KALAN, 39245, 1141900, Total, 0, 0, 0, 0, 0, 0, 951681, 951681
2015, RAJASTHAN, 8, JHALAWAR, 96, AKLERA, 262180, GEHOON KHERI, 39083, 1135546, Maintenance of community system, 0, 0, 0, 0, 0, 0, 100000, 100000
2015, RAJASTHAN, 8, JHALAWAR, 96, AKLERA, 262180, GEHOON KHERI, 39083, 1135546, Roads, 0, 0, 0, 0, 0, 0, 945499, 945499
2015, RAJASTHAN, 8, JHALAWAR, 96, AKLERA, 262180, GEHOON KHERI, 39083, 1135546, Sanitation, 0, 0, 0, 0, 0, 0, 300000, 300000
2015, RAJASTHAN, 8, JHALAWAR, 96, AKLERA, 262180, GEHOON KHERI, 39083, 1135546, Total, 0, 0, 0, 0, 0, 0, 1345499, 1345499
2015, RAJASTHAN, 8, JHALAWAR, 96, AKLERA, 262180, GHATOLI, 39084, 1139123, Drinking water, 0, 0, 0, 0, 0, 0, 803941, 803941
2015, RAJASTHAN, 8, JHALAWAR, 96, AKLERA, 262180, GHATOLI, 39084, 1139123, Roads, 0, 0, 0, 0, 0, 0, 1000000, 1000000
2015, RAJASTHAN, 8, JHALAWAR, 96, AKLERA, 262180, GHATOLI, 39084, 1139123, Total, 0, 0, 0, 0, 0, 0, 1803941, 1803941
2015, RAJASTHAN, 8, JHALAWAR, 96, AKLERA, 262180, GOPALPURA, 39085, 1158865, Roads, 0, 0, 0, 0, 0, 0, 1438568, 1438568
2015, RAJASTHAN, 8, JHALAWAR, 96, AKLERA, 262180, GOPALPURA, 39085, 1158865, Total, 0, 0, 0, 0, 0, 0, 1438568, 1438568
2015, RAJASTHAN, 8, JHALAWAR, 96, AKLERA, 262180, GUL KHERI, 39086, 1195003, Roads, 0, 0, 0, 0, 0, 0, 1873535, 1873535
2015, RAJASTHAN, 8, JHALAWAR, 96, AKLERA, 262180, GUL KHERI, 39086, 1195003, Total, 0, 0, 0, 0, 0, 0, 1873535, 1873535
2015, RAJASTHAN, 8, JHALAWAR, 96, AKLERA, 262180, KHARPA, 39249, 1185444, Roads, 0, 0, 0, 0, 0, 0, 1245802, 1245802
2015, RAJASTHAN, 8, JHALAWAR, 96, AKLERA, 262180, KHARPA, 39249, 1185444, Total, 0, 0, 0, 0, 0, 0, 1245802, 1245802
2015, RAJASTHAN, 8, JHALAWAR, 96, AKLERA, 262180, KOHARI JHAR, 39093, 1141910, Roads, 0, 0, 0, 0, 0, 0, 1802284, 1802284
2015, RAJASTHAN, 8, JHALAWAR, 96, AKLERA, 262180, KOHARI JHAR, 39093, 1141910, Total, 0, 0, 0, 0, 0, 0, 1802284, 1802284
2015, RAJASTHAN, 8, JHALAWAR, 96, AKLERA, 262180, LAHAS, 39254, 1141905, Drinking water, 0, 0, 0, 0, 0, 0, 93802, 93802
2015, RAJASTHAN, 8, JHALAWAR, 96, AKLERA, 262180, LAHAS, 39254, 1141905, Roads, 0, 0, 0, 0, 0, 0, 1400000, 1400000
2015, RAJASTHAN, 8, JHALAWAR, 96, AKLERA, 262180, LAHAS, 39254, 1141905, Total, 0, 0, 0, 0, 0, 0, 1493802, 1493802
2015, RAJASTHAN, 8, JHALAWAR, 96, AKLERA, 262180, LASOORIYA SHAH, 39255, 1187050, Drinking water, 0, 0, 0, 0, 0, 0, 300000, 300000
2015, RAJASTHAN, 8, JHALAWAR, 96, AKLERA, 262180, LASOORIYA SHAH, 39255, 1187050, Roads, 0, 0, 0, 0, 0, 0, 832296, 832296
2015, RAJASTHAN, 8, JHALAWAR, 96, AKLERA, 262180, LASOORIYA SHAH, 39255, 1187050, Total, 0, 0, 0, 0, 0, 0, 1132296, 1132296
2015, RAJASTHAN, 8, JHALAWAR, 96, AKLERA, 262180, METHOON, 39258, 1187525, Roads, 0, 0, 0, 0, 0, 0, 1169302, 1169302
2015, RAJASTHAN, 8, JHALAWAR, 96, AKLERA, 262180, METHOON, 39258, 1187525, Total, 0, 0, 0, 0, 0, 0, 1169302, 1169302
2015, RAJASTHAN, 8, JHALAWAR, 96, AKLERA, 262180, MISHROLI, 39259, 1138093, Drinking water, 0, 0, 0, 0, 0, 0, 50221, 50221
2015, RAJASTHAN, 8, JHALAWAR, 96, AKLERA, 262180, MISHROLI, 39259, 1138093, Roads, 0, 0, 0, 0, 0, 0, 1200000, 1200000
2015, RAJASTHAN, 8, JHALAWAR, 96, AKLERA, 262180, MISHROLI, 39259, 1138093, Total, 0, 0, 0, 0, 0, 0, 1250221, 1250221
2015, RAJASTHAN, 8, JHALAWAR, 96, AKLERA, 262180, NAYA PURA, 39260, 1163798, Drinking water, 0, 0, 0, 0, 0, 0, 200000, 200000
2015, RAJASTHAN, 8, JHALAWAR, 96, AKLERA, 262180, NAYA PURA, 39260, 1163798, Roads, 0, 0, 0, 0, 0, 0, 600000, 600000
2015, RAJASTHAN, 8, JHALAWAR, 96, AKLERA, 262180, NAYA PURA, 39260, 1163798, Social welfare, 0, 0, 0, 0, 0, 0, 146986, 146986
2015, RAJASTHAN, 8, JHALAWAR, 96, AKLERA, 262180, NAYA PURA, 39260, 1163798, Total, 0, 0, 0, 0, 0, 0, 946986, 946986
2015, RAJASTHAN, 8, JHALAWAR, 96, AKLERA, 262180, PACHOLA, 39098, 1191437, Drinking water, 0, 0, 0, 0, 0, 0, 970184, 970184
2015, RAJASTHAN, 8, JHALAWAR, 96, AKLERA, 262180, PACHOLA, 39098, 1191437, Total, 0, 0, 0, 0, 0, 0, 970184, 970184
2015, RAJASTHAN, 8, JHALAWAR, 96, AKLERA, 262180, SAR KHANDIYA, 39265, 1185263, Roads, 0, 0, 0, 0, 0, 0, 1322025, 1322025
2015, RAJASTHAN, 8, JHALAWAR, 96, AKLERA, 262180, SAR KHANDIYA, 39265, 1185263, Total, 0, 0, 0, 0, 0, 0, 1322025, 1322025
2015, RAJASTHAN, 8, JHALAWAR, 96, AKLERA, 262180, SARDA, 39105, 1139206, Drinking water, 0, 0, 0, 0, 0, 0, 1449062, 1449062
2015, RAJASTHAN, 8, JHALAWAR, 96, AKLERA, 262180, SARDA, 39105, 1139206, Total, 0, 0, 0, 0, 0, 0, 1449062, 1449062
2015, RAJASTHAN, 8, JHALAWAR, 96, AKLERA, 262180, THANAWAD, 39268, 1194995, Drinking water, 0, 0, 0, 0, 0, 0, 635334, 635334
2015, RAJASTHAN, 8, JHALAWAR, 96, AKLERA, 262180, THANAWAD, 39268, 1194995, Roads, 0, 0, 0, 0, 0, 0, 500000, 500000
2015, RAJASTHAN, 8, JHALAWAR, 96, AKLERA, 262180, THANAWAD, 39268, 1194995, Total, 0, 0, 0, 0, 0, 0, 1135334, 1135334
2015, RAJASTHAN, 8, JHALAWAR, 96, AKLERA, 262180, THARAUL, 39269, 1140203, Education, 0, 0, 0, 0, 0, 0, 81572, 81572
2015, RAJASTHAN, 8, JHALAWAR, 96, AKLERA, 262180, THARAUL, 39269, 1140203, Roads, 0, 0, 0, 0, 0, 0, 1700000, 1700000
2015, RAJASTHAN, 8, JHALAWAR, 96, AKLERA, 262180, THARAUL, 39269, 1140203, Total, 0, 0, 0, 0, 0, 0, 1781572, 1781572
2015, RAJASTHAN, 8, JHALAWAR, 96, AKLERA, 262180, TURKARIYA, 39273, 1163950, Roads, 0, 0, 0, 0, 0, 0, 997116, 997116
2015, RAJASTHAN, 8, JHALAWAR, 96, AKLERA, 262180, TURKARIYA, 39273, 1163950, Social welfare, 0, 0, 0, 0, 0, 0, 500000, 500000
2015, RAJASTHAN, 8, JHALAWAR, 96, AKLERA, 262180, TURKARIYA, 39273, 1163950, Total, 0, 0, 0, 0, 0, 0, 1497116, 1497116
2015, RAJASTHAN, 8, JHALAWAR, 96, AKLERA, 262180, UMARIA, 39107, 1195002, Drinking water, 0, 0, 0, 0, 0, 0, 1161294, 1161294
2015, RAJASTHAN, 8, JHALAWAR, 96, AKLERA, 262180, UMARIA, 39107, 1195002, Total, 0, 0, 0, 0, 0, 0, 1161294, 1161294
2015, RAJASTHAN, 8, JHALAWAR, 96, BAKANI, 1290, AGARIYA, 39066, 1105364, Drinking water, 0, 0, 0, 0, 0, 0, 845842, 845842
2015, RAJASTHAN, 8, JHALAWAR, 96, BAKANI, 1290, AGARIYA, 39066, 1105364, Roads, 0, 0, 0, 0, 0, 0, 198079, 198079
2015, RAJASTHAN, 8, JHALAWAR, 96, BAKANI, 1290, AGARIYA, 39066, 1105364, Total, 0, 0, 0, 0, 0, 0, 1043921, 1043921
2015, RAJASTHAN, 8, JHALAWAR, 96, BAKANI, 1290, BAKANI, 39070, 1106835, Cultural activities, 0, 0, 0, 0, 0, 0, 750000, 750000
2015, RAJASTHAN, 8, JHALAWAR, 96, BAKANI, 1290, BAKANI, 39070, 1106835, Drinking water, 0, 0, 0, 0, 0, 0, 800000, 800000
2015, RAJASTHAN, 8, JHALAWAR, 96, BAKANI, 1290, BAKANI, 39070, 1106835, Roads, 0, 0, 0, 0, 0, 0, 800000, 800000
2015, RAJASTHAN, 8, JHALAWAR, 96, BAKANI, 1290, BAKANI, 39070, 1106835, Sanitation, 0, 0, 0, 0, 0, 0, 359778, 359778
2015, RAJASTHAN, 8, JHALAWAR, 96, BAKANI, 1290, BAKANI, 39070, 1106835, Total, 0, 0, 0, 0, 0, 0, 2709778, 2709778
2015, RAJASTHAN, 8, JHALAWAR, 96, BAKANI, 1290, BARAY, 39072, 1106846, Drinking water, 0, 0, 0, 0, 0, 0, 206087, 206087
2015, RAJASTHAN, 8, JHALAWAR, 96, BAKANI, 1290, BARAY, 39072, 1106846, Roads, 0, 0, 0, 0, 0, 0, 500000, 500000
2015, RAJASTHAN, 8, JHALAWAR, 96, BAKANI, 1290, BARAY, 39072, 1106846, Sanitation, 0, 0, 0, 0, 0, 0, 300000, 300000
2015, RAJASTHAN, 8, JHALAWAR, 96, BAKANI, 1290, BARAY, 39072, 1106846, Total, 0, 0, 0, 0, 0, 0, 1006087, 1006087
2015, RAJASTHAN, 8, JHALAWAR, 96, BAKANI, 1290, BARBAR, 39073, 1103970, Roads, 0, 0, 0, 0, 0, 0, 1006087, 1006087
2015, RAJASTHAN, 8, JHALAWAR, 96, BAKANI, 1290, BARBAR, 39073, 1103970, Total, 0, 0, 0, 0, 0, 0, 1006087, 1006087
2015, RAJASTHAN, 8, JHALAWAR, 96, BAKANI, 1290, BARKHERA KALAN, 39074, 1105911, Cultural activities, 0, 0, 0, 0, 0, 0, 363543, 363543
2015, RAJASTHAN, 8, JHALAWAR, 96, BAKANI, 1290, BARKHERA KALAN, 39074, 1105911, Drinking water, 0, 0, 0, 0, 0, 0, 650000, 650000
2015, RAJASTHAN, 8, JHALAWAR, 96, BAKANI, 1290, BARKHERA KALAN, 39074, 1105911, Total, 0, 0, 0, 0, 0, 0, 1013543, 1013543
2015, RAJASTHAN, 8, JHALAWAR, 96, BAKANI, 1290, DEO NAGAR, 39079, 1105841, Roads, 0, 0, 0, 0, 0, 0, 1068225, 1068225
2015, RAJASTHAN, 8, JHALAWAR, 96, BAKANI, 1290, DEO NAGAR, 39079, 1105841, Total, 0, 0, 0, 0, 0, 0, 1068225, 1068225
2015, RAJASTHAN, 8, JHALAWAR, 96, BAKANI, 1290, DEVRI, 39081, 1105876, Cultural activities, 0, 0, 0, 0, 0, 0, 400000, 400000
2015, RAJASTHAN, 8, JHALAWAR, 96, BAKANI, 1290, DEVRI, 39081, 1105876, Drinking water, 0, 0, 0, 0, 0, 0, 200000, 200000
2015, RAJASTHAN, 8, JHALAWAR, 96, BAKANI, 1290, DEVRI, 39081, 1105876, Sanitation, 0, 0, 0, 0, 0, 0, 458283, 458283
2015, RAJASTHAN, 8, JHALAWAR, 96, BAKANI, 1290, DEVRI, 39081, 1105876, Total, 0, 0, 0, 0, 0, 0, 1058283, 1058283
2015, RAJASTHAN, 8, JHALAWAR, 96, BAKANI, 1290, GARWARA, 39082, 1105931, Roads, 0, 0, 0, 0, 0, 0, 827903, 827903
2015, RAJASTHAN, 8, JHALAWAR, 96, BAKANI, 1290, GARWARA, 39082, 1105931, Sanitation, 0, 0, 0, 0, 0, 0, 200000, 200000
2015, RAJASTHAN, 8, JHALAWAR, 96, BAKANI, 1290, GARWARA, 39082, 1105931, Total, 0, 0, 0, 0, 0, 0, 1027903, 1027903
2015, RAJASTHAN, 8, JHALAWAR, 96, BAKANI, 1290, GURAD KHERA, 39087, 1105498, Cultural activities, 0, 0, 0, 0, 0, 0, 407165, 407165
2015, RAJASTHAN, 8, JHALAWAR, 96, BAKANI, 1290, GURAD KHERA, 39087, 1105498, Roads, 0, 0, 0, 0, 0, 0, 700000, 700000
2015, RAJASTHAN, 8, JHALAWAR, 96, BAKANI, 1290, GURAD KHERA, 39087, 1105498, Total, 0, 0, 0, 0, 0, 0, 1107165, 1107165
2015, RAJASTHAN, 8, JHALAWAR, 96, BAKANI, 1290, JHEEJHANIYA, 39088, 1105604, Cultural activities, 0, 0, 0, 0, 0, 0, 600000, 600000
2015, RAJASTHAN, 8, JHALAWAR, 96, BAKANI, 1290, JHEEJHANIYA, 39088, 1105604, Drinking water, 0, 0, 0, 0, 0, 0, 277062, 277062
2015, RAJASTHAN, 8, JHALAWAR, 96, BAKANI, 1290, JHEEJHANIYA, 39088, 1105604, Roads, 0, 0, 0, 0, 0, 0, 357141, 357141
2015, RAJASTHAN, 8, JHALAWAR, 96, BAKANI, 1290, JHEEJHANIYA, 39088, 1105604, Total, 0, 0, 0, 0, 0, 0, 1234203, 1234203
2015, RAJASTHAN, 8, JHALAWAR, 96, BAKANI, 1290, JHEEKARIYA, 39089, 1105474, Drinking water, 0, 0, 0, 0, 0, 0, 136978, 136978
2015, RAJASTHAN, 8, JHALAWAR, 96, BAKANI, 1290, JHEEKARIYA, 39089, 1105474, Roads, 0, 0, 0, 0, 0, 0, 1050000, 1050000
2015, RAJASTHAN, 8, JHALAWAR, 96, BAKANI, 1290, JHEEKARIYA, 39089, 1105474, Total, 0, 0, 0, 0, 0, 0, 1186978, 1186978
2015, RAJASTHAN, 8, JHALAWAR, 96, BAKANI, 1290, KARAL GAON, 39090, 1105890, Drinking water, 0, 0, 0, 0, 0, 0, 350000, 350000
2015, RAJASTHAN, 8, JHALAWAR, 96, BAKANI, 1290, KARAL GAON, 39090, 1105890, Roads, 0, 0, 0, 0, 0, 0, 781468, 781468
2015, RAJASTHAN, 8, JHALAWAR, 96, BAKANI, 1290, KARAL GAON, 39090, 1105890, Total, 0, 0, 0, 0, 0, 0, 1131468, 1131468
2015, RAJASTHAN, 8, JHALAWAR, 96, BAKANI, 1290, KHERIYA, 39091, 1103512, Drinking water, 0, 0, 0, 0, 0, 0, 400000, 400000
2015, RAJASTHAN, 8, JHALAWAR, 96, BAKANI, 1290, KHERIYA, 39091, 1103512, Sanitation, 0, 0, 0, 0, 0, 0, 856296, 856296
2015, RAJASTHAN, 8, JHALAWAR, 96, BAKANI, 1290, KHERIYA, 39091, 1103512, Total, 0, 0, 0, 0, 0, 0, 1256296, 1256296
2015, RAJASTHAN, 8, JHALAWAR, 96, BAKANI, 1290, KISHANPURA, 39092, 1105429, Drinking water, 0, 0, 0, 0, 0, 0, 300000, 300000
2015, RAJASTHAN, 8, JHALAWAR, 96, BAKANI, 1290, KISHANPURA, 39092, 1105429, Maintenance of community system, 0, 0, 0, 0, 0, 0, 264647, 264647
2015, RAJASTHAN, 8, JHALAWAR, 96, BAKANI, 1290, KISHANPURA, 39092, 1105429, Sanitation, 0, 0, 0, 0, 0, 0, 450000, 450000
2015, RAJASTHAN, 8, JHALAWAR, 96, BAKANI, 1290, KISHANPURA, 39092, 1105429, Total, 0, 0, 0, 0, 0, 0, 1014647, 1014647
2015, RAJASTHAN, 8, JHALAWAR, 96, BAKANI, 1290, KUSHALPURA, 39094, 1105898, Drinking water, 0, 0, 0, 0, 0, 0, 450000, 450000
2015, RAJASTHAN, 8, JHALAWAR, 96, BAKANI, 1290, KUSHALPURA, 39094, 1105898, Roads, 0, 0, 0, 0, 0, 0, 740844, 740844
2015, RAJASTHAN, 8, JHALAWAR, 96, BAKANI, 1290, KUSHALPURA, 39094, 1105898, Total, 0, 0, 0, 0, 0, 0, 1190844, 1190844
2015, RAJASTHAN, 8, JHALAWAR, 96, BAKANI, 1290, MORI, 39095, 1127371, Drinking water, 0, 0, 0, 0, 0, 0, 564385, 564385
2015, RAJASTHAN, 8, JHALAWAR, 96, BAKANI, 1290, MORI, 39095, 1127371, Roads, 0, 0, 0, 0, 0, 0, 400000, 400000
2015, RAJASTHAN, 8, JHALAWAR, 96, BAKANI, 1290, MORI, 39095, 1127371, Total, 0, 0, 0, 0, 0, 0, 964385, 964385
2015, RAJASTHAN, 8, JHALAWAR, 96, BAKANI, 1290, NANOR, 39096, 1105926, Drinking water, 0, 0, 0, 0, 0, 0, 104577, 104577
2015, RAJASTHAN, 8, JHALAWAR, 96, BAKANI, 1290, NANOR, 39096, 1105926, Roads, 0, 0, 0, 0, 0, 0, 620000, 620000
2015, RAJASTHAN, 8, JHALAWAR, 96, BAKANI, 1290, NANOR, 39096, 1105926, Sanitation, 0, 0, 0, 0, 0, 0, 350000, 350000
2015, RAJASTHAN, 8, JHALAWAR, 96, BAKANI, 1290, NANOR, 39096, 1105926, Total, 0, 0, 0, 0, 0, 0, 1074577, 1074577
2015, RAJASTHAN, 8, JHALAWAR, 96, BAKANI, 1290, NASIRABAD, 39097, 1105905, Cultural activities, 0, 0, 0, 0, 0, 0, 200000, 200000
2015, RAJASTHAN, 8, JHALAWAR, 96, BAKANI, 1290, NASIRABAD, 39097, 1105905, Drinking water, 0, 0, 0, 0, 0, 0, 314109, 314109
2015, RAJASTHAN, 8, JHALAWAR, 96, BAKANI, 1290, NASIRABAD, 39097, 1105905, Roads, 0, 0, 0, 0, 0, 0, 450000, 450000
2015, RAJASTHAN, 8, JHALAWAR, 96, BAKANI, 1290, NASIRABAD, 39097, 1105905, Total, 0, 0, 0, 0, 0, 0, 964109, 964109
2015, RAJASTHAN, 8, JHALAWAR, 96, BAKANI, 1290, PADLYA KULMI, 39099, 1105524, Roads, 0, 0, 0, 0, 0, 0, 926274, 926274
2015, RAJASTHAN, 8, JHALAWAR, 96, BAKANI, 1290, PADLYA KULMI, 39099, 1105524, Total, 0, 0, 0, 0, 0, 0, 926274, 926274
2015, RAJASTHAN, 8, JHALAWAR, 96, BAKANI, 1290, RATLAI, 39100, 1106959, Cultural activities, 0, 0, 0, 0, 0, 0, 431376, 431376
2015, RAJASTHAN, 8, JHALAWAR, 96, BAKANI, 1290, RATLAI, 39100, 1106959, Drinking water, 0, 0, 0, 0, 0, 0, 300000, 300000
2015, RAJASTHAN, 8, JHALAWAR, 96, BAKANI, 1290, RATLAI, 39100, 1106959, Roads, 0, 0, 0, 0, 0, 0, 1494000, 1494000
2015, RAJASTHAN, 8, JHALAWAR, 96, BAKANI, 1290, RATLAI, 39100, 1106959, Total, 0, 0, 0, 0, 0, 0, 2225376, 2225376
2015, RAJASTHAN, 8, JHALAWAR, 96, BAKANI, 1290, REECHHWA, 39101, 1105869, Cultural activities, 0, 0, 0, 0, 0, 0, 86109, 86109
2015, RAJASTHAN, 8, JHALAWAR, 96, BAKANI, 1290, REECHHWA, 39101, 1105869, Roads, 0, 0, 0, 0, 0, 0, 1000000, 1000000
2015, RAJASTHAN, 8, JHALAWAR, 96, BAKANI, 1290, REECHHWA, 39101, 1105869, Sanitation, 0, 0, 0, 0, 0, 0, 250000, 250000
2015, RAJASTHAN, 8, JHALAWAR, 96, BAKANI, 1290, REECHHWA, 39101, 1105869, Total, 0, 0, 0, 0, 0, 0, 1336109, 1336109
2015, RAJASTHAN, 8, JHALAWAR, 96, BAKANI, 1290, REEJON, 39102, 1106895, Cultural activities, 0, 0, 0, 0, 0, 0, 634768, 634768
2015, RAJASTHAN, 8, JHALAWAR, 96, BAKANI, 1290, REEJON, 39102, 1106895, Drinking water, 0, 0, 0, 0, 0, 0, 150000, 150000
2015, RAJASTHAN, 8, JHALAWAR, 96, BAKANI, 1290, REEJON, 39102, 1106895, Roads, 0, 0, 0, 0, 0, 0, 400000, 400000
2015, RAJASTHAN, 8, JHALAWAR, 96, BAKANI, 1290, REEJON, 39102, 1106895, Total, 0, 0, 0, 0, 0, 0, 1184768, 1184768
2015, RAJASTHAN, 8, JHALAWAR, 96, BAKANI, 1290, RENPLA, 39103, 1105853, Cultural activities, 0, 0, 0, 0, 0, 0, 546630, 546630
2015, RAJASTHAN, 8, JHALAWAR, 96, BAKANI, 1290, RENPLA, 39103, 1105853, Drinking water, 0, 0, 0, 0, 0, 0, 200000, 200000
2015, RAJASTHAN, 8, JHALAWAR, 96, BAKANI, 1290, RENPLA, 39103, 1105853, Roads, 0, 0, 0, 0, 0, 0, 500000, 500000
2015, RAJASTHAN, 8, JHALAWAR, 96, BAKANI, 1290, RENPLA, 39103, 1105853, Total, 0, 0, 0, 0, 0, 0, 1246630, 1246630
2015, RAJASTHAN, 8, JHALAWAR, 96, BAKANI, 1290, SALAWAD, 39104, 1106925, Drinking water, 0, 0, 0, 0, 0, 0, 1149694, 1149694
2015, RAJASTHAN, 8, JHALAWAR, 96, BAKANI, 1290, SALAWAD, 39104, 1106925, Total, 0, 0, 0, 0, 0, 0, 1149694, 1149694
2015, RAJASTHAN, 8, JHALAWAR, 96, BAKANI, 1290, THOBARIYA KHURD, 39106, 1105630, Cultural activities, 0, 0, 0, 0, 0, 0, 333730, 333730
2015, RAJASTHAN, 8, JHALAWAR, 96, BAKANI, 1290, THOBARIYA KHURD, 39106, 1105630, Drinking water, 0, 0, 0, 0, 0, 0, 600000, 600000
2015, RAJASTHAN, 8, JHALAWAR, 96, BAKANI, 1290, THOBARIYA KHURD, 39106, 1105630, Total, 0, 0, 0, 0, 0, 0, 933730, 933730
2015, RAJASTHAN, 8, JHALAWAR, 96, BHAWANI  MANDI, 262161, ALAWA, 39148, 1110607, Animal husbandry, 0, 0, 0, 0, 0, 0, 100000, 100000
2015, RAJASTHAN, 8, JHALAWAR, 96, BHAWANI  MANDI, 262161, ALAWA, 39148, 1110607, Health, 0, 0, 0, 0, 0, 0, 800000, 800000
2015, RAJASTHAN, 8, JHALAWAR, 96, BHAWANI  MANDI, 262161, ALAWA, 39148, 1110607, Roads, 0, 0, 0, 0, 0, 0, 144197, 144197
2015, RAJASTHAN, 8, JHALAWAR, 96, BHAWANI  MANDI, 262161, ALAWA, 39148, 1110607, Total, 0, 0, 0, 0, 0, 0, 1044197, 1044197
2015, RAJASTHAN, 8, JHALAWAR, 96, BHAWANI  MANDI, 262161, ANK KHERI, 39149, 1520570, Drinking water, 0, 0, 0, 0, 0, 0, 1210000, 1210000
2015, RAJASTHAN, 8, JHALAWAR, 96, BHAWANI  MANDI, 262161, ANK KHERI, 39149, 1520570, Land improvement, 0, 0, 0, 0, 0, 0, 40000, 40000
2015, RAJASTHAN, 8, JHALAWAR, 96, BHAWANI  MANDI, 262161, ANK KHERI, 39149, 1520570, Roads, 0, 0, 0, 0, 0, 0, 880906, 880906
2015, RAJASTHAN, 8, JHALAWAR, 96, BHAWANI  MANDI, 262161, ANK KHERI, 39149, 1520570, Sanitation, 0, 0, 0, 0, 0, 0, 571755, 571755
2015, RAJASTHAN, 8, JHALAWAR, 96, BHAWANI  MANDI, 262161, ANK KHERI, 39149, 1520570, Total, 0, 0, 0, 0, 0, 0, 2702661, 2702661
2015, RAJASTHAN, 8, JHALAWAR, 96, BHAWANI  MANDI, 262161, ANWALI KALAN, 39150, 1110753, Roads, 0, 0, 0, 0, 0, 0, 944224, 944224
2015, RAJASTHAN, 8, JHALAWAR, 96, BHAWANI  MANDI, 262161, ANWALI KALAN, 39150, 1110753, Total, 0, 0, 0, 0, 0, 0, 944224, 944224
2015, RAJASTHAN, 8, JHALAWAR, 96, BHAWANI  MANDI, 262161, AWAR, 39108, 1110736, Drinking water, 0, 0, 0, 0, 0, 0, 350000, 350000
2015, RAJASTHAN, 8, JHALAWAR, 96, BHAWANI  MANDI, 262161, AWAR, 39108, 1110736, Sanitation, 0, 0, 0, 0, 0, 0, 1180257, 1180257
2015, RAJASTHAN, 8, JHALAWAR, 96, BHAWANI  MANDI, 262161, AWAR, 39108, 1110736, Total, 0, 0, 0, 0, 0, 0, 1530257, 1530257
2015, RAJASTHAN, 8, JHALAWAR, 96, BHAWANI  MANDI, 262161, BHAISANI, 39153, 1111113, Drinking water, 0, 0, 0, 0, 0, 0, 181757, 181757
2015, RAJASTHAN, 8, JHALAWAR, 96, BHAWANI  MANDI, 262161, BHAISANI, 39153, 1111113, Health, 0, 0, 0, 0, 0, 0, 900000, 900000
2015, RAJASTHAN, 8, JHALAWAR, 96, BHAWANI  MANDI, 262161, BHAISANI, 39153, 1111113, Total, 0, 0, 0, 0, 0, 0, 1081757, 1081757
2015, RAJASTHAN, 8, JHALAWAR, 96, BHAWANI  MANDI, 262161, BHILWARI, 39154, 1110711, Health, 0, 0, 0, 0, 0, 0, 1104644, 1104644
2015, RAJASTHAN, 8, JHALAWAR, 96, BHAWANI  MANDI, 262161, BHILWARI, 39154, 1110711, Maintenance of community system, 0, 0, 0, 0, 0, 0, 171601, 171601
2015, RAJASTHAN, 8, JHALAWAR, 96, BHAWANI  MANDI, 262161, BHILWARI, 39154, 1110711, Roads, 0, 0, 0, 0, 0, 0, 343214, 343214
2015, RAJASTHAN, 8, JHALAWAR, 96, BHAWANI  MANDI, 262161, BHILWARI, 39154, 1110711, Total, 0, 0, 0, 0, 0, 0, 1619459, 1619459
2015, RAJASTHAN, 8, JHALAWAR, 96, BHAWANI  MANDI, 262161, GANESHPURA, 39160, 1193767, Roads, 0, 0, 0, 0, 0, 0, 685464, 685464
2015, RAJASTHAN, 8, JHALAWAR, 96, BHAWANI  MANDI, 262161, GANESHPURA, 39160, 1193767, Sanitation, 0, 0, 0, 0, 0, 0, 1000000, 1000000
2015, RAJASTHAN, 8, JHALAWAR, 96, BHAWANI  MANDI, 262161, GANESHPURA, 39160, 1193767, Total, 0, 0, 0, 0, 0, 0, 1685464, 1685464
2015, RAJASTHAN, 8, JHALAWAR, 96, BHAWANI  MANDI, 262161, GHATOD, 39161, 1110414, Drinking water, 0, 0, 0, 0, 0, 0, 186928, 186928
2015, RAJASTHAN, 8, JHALAWAR, 96, BHAWANI  MANDI, 262161, GHATOD, 39161, 1110414, Health, 0, 0, 0, 0, 0, 0, 373856, 373856
2015, RAJASTHAN, 8, JHALAWAR, 96, BHAWANI  MANDI, 262161, GHATOD, 39161, 1110414, Roads, 0, 0, 0, 0, 0, 0, 747709, 747709
2015, RAJASTHAN, 8, JHALAWAR, 96, BHAWANI  MANDI, 262161, GHATOD, 39161, 1110414, Total, 0, 0, 0, 0, 0, 0, 1308493, 1308493
2015, RAJASTHAN, 8, JHALAWAR, 96, BHAWANI  MANDI, 262161, GURADIYA JOGA, 39165, 1189618, Drinking water, 0, 0, 0, 0, 0, 0, 400000, 400000
2015, RAJASTHAN, 8, JHALAWAR, 96, BHAWANI  MANDI, 262161, GURADIYA JOGA, 39165, 1189618, Health, 0, 0, 0, 0, 0, 0, 400000, 400000
2015, RAJASTHAN, 8, JHALAWAR, 96, BHAWANI  MANDI, 262161, GURADIYA JOGA, 39165, 1189618, Roads, 0, 0, 0, 0, 0, 0, 646578, 646578
2015, RAJASTHAN, 8, JHALAWAR, 96, BHAWANI  MANDI, 262161, GURADIYA JOGA, 39165, 1189618, Total, 0, 0, 0, 0, 0, 0, 1446578, 1446578
2015, RAJASTHAN, 8, JHALAWAR, 96, BHAWANI  MANDI, 262161, GURADIYA KALAN, 39119, 1110660, Drinking water, 0, 0, 0, 0, 0, 0, 430000, 430000
2015, RAJASTHAN, 8, JHALAWAR, 96, BHAWANI  MANDI, 262161, GURADIYA KALAN, 39119, 1110660, Roads, 0, 0, 0, 0, 0, 0, 891735, 891735
2015, RAJASTHAN, 8, JHALAWAR, 96, BHAWANI  MANDI, 262161, GURADIYA KALAN, 39119, 1110660, Sanitation, 0, 0, 0, 0, 0, 0, 50000, 50000
2015, RAJASTHAN, 8, JHALAWAR, 96, BHAWANI  MANDI, 262161, GURADIYA KALAN, 39119, 1110660, Total, 0, 0, 0, 0, 0, 0, 1371735, 1371735
2015, RAJASTHAN, 8, JHALAWAR, 96, BHAWANI  MANDI, 262161, GURADIYA MANA, 39166, 1111313, Health, 0, 0, 0, 0, 0, 0, 1565948, 1565948
2015, RAJASTHAN, 8, JHALAWAR, 96, BHAWANI  MANDI, 262161, GURADIYA MANA, 39166, 1111313, Roads, 0, 0, 0, 0, 0, 0, 498698, 498698
2015, RAJASTHAN, 8, JHALAWAR, 96, BHAWANI  MANDI, 262161, GURADIYA MANA, 39166, 1111313, Total, 0, 0, 0, 0, 0, 0, 2064646, 2064646
2015, RAJASTHAN, 8, JHALAWAR, 96, BHAWANI  MANDI, 262161, GURAH, 39167, 1194567, Drinking water, 0, 0, 0, 0, 0, 0, 1100000, 1100000
2015, RAJASTHAN, 8, JHALAWAR, 96, BHAWANI  MANDI, 262161, GURAH, 39167, 1194567, Roads, 0, 0, 0, 0, 0, 0, 816065, 816065
2015, RAJASTHAN, 8, JHALAWAR, 96, BHAWANI  MANDI, 262161, GURAH, 39167, 1194567, Total, 0, 0, 0, 0, 0, 0, 1916065, 1916065
2015, RAJASTHAN, 8, JHALAWAR, 96, BHAWANI  MANDI, 262161, KARAWAN, 39123, 1110421, Roads, 0, 0, 0, 0, 0, 0, 1035913, 1035913
2015, RAJASTHAN, 8, JHALAWAR, 96, BHAWANI  MANDI, 262161, KARAWAN, 39123, 1110421, Total, 0, 0, 0, 0, 0, 0, 1035913, 1035913
2015, RAJASTHAN, 8, JHALAWAR, 96, BHAWANI  MANDI, 262161, KHOKHARIYA KHURD, 39126, 1111238, Drinking water, 0, 0, 0, 0, 0, 0, 300000, 300000
2015, RAJASTHAN, 8, JHALAWAR, 96, BHAWANI  MANDI, 262161, KHOKHARIYA KHURD, 39126, 1111238, Health, 0, 0, 0, 0, 0, 0, 500000, 500000
2015, RAJASTHAN, 8, JHALAWAR, 96, BHAWANI  MANDI, 262161, KHOKHARIYA KHURD, 39126, 1111238, Roads, 0, 0, 0, 0, 0, 0, 186755, 186755
2015, RAJASTHAN, 8, JHALAWAR, 96, BHAWANI  MANDI, 262161, KHOKHARIYA KHURD, 39126, 1111238, Total, 0, 0, 0, 0, 0, 0, 986755, 986755
2015, RAJASTHAN, 8, JHALAWAR, 96, BHAWANI  MANDI, 262161, KUNDI KHERA, 39176, 1110640, Drinking water, 0, 0, 0, 0, 0, 0, 125695, 125695
2015, RAJASTHAN, 8, JHALAWAR, 96, BHAWANI  MANDI, 262161, KUNDI KHERA, 39176, 1110640, Roads, 0, 0, 0, 0, 0, 0, 1759716, 1759716
2015, RAJASTHAN, 8, JHALAWAR, 96, BHAWANI  MANDI, 262161, KUNDI KHERA, 39176, 1110640, Total, 0, 0, 0, 0, 0, 0, 1885411, 1885411
2015, RAJASTHAN, 8, JHALAWAR, 96, BHAWANI  MANDI, 262161, MISHROLI, 39179, 1110580, Drinking water, 0, 0, 0, 0, 0, 0, 150000, 150000
2015, RAJASTHAN, 8, JHALAWAR, 96, BHAWANI  MANDI, 262161, MISHROLI, 39179, 1110580, Roads, 0, 0, 0, 0, 0, 0, 1158662, 1158662
2015, RAJASTHAN, 8, JHALAWAR, 96, BHAWANI  MANDI, 262161, MISHROLI, 39179, 1110580, Rural housing, 0, 0, 0, 0, 0, 0, 100000, 100000
2015, RAJASTHAN, 8, JHALAWAR, 96, BHAWANI  MANDI, 262161, MISHROLI, 39179, 1110580, Sanitation, 0, 0, 0, 0, 0, 0, 300000, 300000
2015, RAJASTHAN, 8, JHALAWAR, 96, BHAWANI  MANDI, 262161, MISHROLI, 39179, 1110580, Total, 0, 0, 0, 0, 0, 0, 1708662, 1708662
2015, RAJASTHAN, 8, JHALAWAR, 96, BHAWANI  MANDI, 262161, MOGRA, 39180, 1110073, Roads, 0, 0, 0, 0, 0, 0, 500000, 500000
2015, RAJASTHAN, 8, JHALAWAR, 96, BHAWANI  MANDI, 262161, MOGRA, 39180, 1110073, Sanitation, 0, 0, 0, 0, 0, 0, 937464, 937464
2015, RAJASTHAN, 8, JHALAWAR, 96, BHAWANI  MANDI, 262161, MOGRA, 39180, 1110073, Total, 0, 0, 0, 0, 0, 0, 1437464, 1437464
2015, RAJASTHAN, 8, JHALAWAR, 96, BHAWANI  MANDI, 262161, NAHAR GHATTA, 39181, 1110424, Health, 0, 0, 0, 0, 0, 0, 500000, 500000
2015, RAJASTHAN, 8, JHALAWAR, 96, BHAWANI  MANDI, 262161, NAHAR GHATTA, 39181, 1110424, Roads, 0, 0, 0, 0, 0, 0, 431244, 431244
2015, RAJASTHAN, 8, JHALAWAR, 96, BHAWANI  MANDI, 262161, NAHAR GHATTA, 39181, 1110424, Total, 0, 0, 0, 0, 0, 0, 931244, 931244
2015, RAJASTHAN, 8, JHALAWAR, 96, BHAWANI  MANDI, 262161, NARAYAN KHERA, 39182, 1110724, Health, 0, 0, 0, 0, 0, 0, 1015642, 1015642
2015, RAJASTHAN, 8, JHALAWAR, 96, BHAWANI  MANDI, 262161, NARAYAN KHERA, 39182, 1110724, Roads, 0, 0, 0, 0, 0, 0, 253911, 253911
2015, RAJASTHAN, 8, JHALAWAR, 96, BHAWANI  MANDI, 262161, NARAYAN KHERA, 39182, 1110724, Total, 0, 0, 0, 0, 0, 0, 1269553, 1269553
2015, RAJASTHAN, 8, JHALAWAR, 96, BHAWANI  MANDI, 262161, PAGARIYA, 39133, 1111443, Health, 0, 0, 0, 0, 0, 0, 1521090, 1521090
2015, RAJASTHAN, 8, JHALAWAR, 96, BHAWANI  MANDI, 262161, PAGARIYA, 39133, 1111443, Roads, 0, 0, 0, 0, 0, 0, 200000, 200000
2015, RAJASTHAN, 8, JHALAWAR, 96, BHAWANI  MANDI, 262161, PAGARIYA, 39133, 1111443, Total, 0, 0, 0, 0, 0, 0, 1721090, 1721090
2015, RAJASTHAN, 8, JHALAWAR, 96, BHAWANI  MANDI, 262161, PEEPLIYA, 39184, 1110552, Health, 0, 0, 0, 0, 0, 0, 200000, 200000
2015, RAJASTHAN, 8, JHALAWAR, 96, BHAWANI  MANDI, 262161, PEEPLIYA, 39184, 1110552, Roads, 0, 0, 0, 0, 0, 0, 1449838, 1449838
2015, RAJASTHAN, 8, JHALAWAR, 96, BHAWANI  MANDI, 262161, PEEPLIYA, 39184, 1110552, Total, 0, 0, 0, 0, 0, 0, 1649838, 1649838
2015, RAJASTHAN, 8, JHALAWAR, 96, BHAWANI  MANDI, 262161, SAROD, 39191, 1110739, Health, 0, 0, 0, 0, 0, 0, 1332795, 1332795
2015, RAJASTHAN, 8, JHALAWAR, 96, BHAWANI  MANDI, 262161, SAROD, 39191, 1110739, Total, 0, 0, 0, 0, 0, 0, 1332795, 1332795
2015, RAJASTHAN, 8, JHALAWAR, 96, BHAWANI  MANDI, 262161, SHRI CHHATRAPUR, 39192, 1110546, Health, 0, 0, 0, 0, 0, 0, 381784, 381784
2015, RAJASTHAN, 8, JHALAWAR, 96, BHAWANI  MANDI, 262161, SHRI CHHATRAPUR, 39192, 1110546, Public distribution system, 0, 0, 0, 0, 0, 0, 190892, 190892
2015, RAJASTHAN, 8, JHALAWAR, 96, BHAWANI  MANDI, 262161, SHRI CHHATRAPUR, 39192, 1110546, Roads, 0, 0, 0, 0, 0, 0, 628880, 628880
2015, RAJASTHAN, 8, JHALAWAR, 96, BHAWANI  MANDI, 262161, SHRI CHHATRAPUR, 39192, 1110546, Rural electrification, 0, 0, 0, 0, 0, 0, 190892, 190892
2015, RAJASTHAN, 8, JHALAWAR, 96, BHAWANI  MANDI, 262161, SHRI CHHATRAPUR, 39192, 1110546, Total, 0, 0, 0, 0, 0, 0, 1392448, 1392448
2015, RAJASTHAN, 8, JHALAWAR, 96, BHAWANI  MANDI, 262161, SILEHGARH, 39141, 1110771, Drinking water, 0, 0, 0, 0, 0, 0, 1475022, 1475022
2015, RAJASTHAN, 8, JHALAWAR, 96, BHAWANI  MANDI, 262161, SILEHGARH, 39141, 1110771, Total, 0, 0, 0, 0, 0, 0, 1475022, 1475022
2015, RAJASTHAN, 8, JHALAWAR, 96, BHAWANI  MANDI, 262161, SINGHPUR, 39142, 1194298, Drinking water, 0, 0, 0, 0, 0, 0, 496131, 496131
2015, RAJASTHAN, 8, JHALAWAR, 96, BHAWANI  MANDI, 262161, SINGHPUR, 39142, 1194298, Roads, 0, 0, 0, 0, 0, 0, 550000, 550000
2015, RAJASTHAN, 8, JHALAWAR, 96, BHAWANI  MANDI, 262161, SINGHPUR, 39142, 1194298, Total, 0, 0, 0, 0, 0, 0, 1046131, 1046131
2015, RAJASTHAN, 8, JHALAWAR, 96, BHAWANI  MANDI, 262161, SOOLIYA, 39193, 1110572, Roads, 0, 0, 0, 0, 0, 0, 1310149, 1310149
2015, RAJASTHAN, 8, JHALAWAR, 96, BHAWANI  MANDI, 262161, SOOLIYA, 39193, 1110572, Total, 0, 0, 0, 0, 0, 0, 1310149, 1310149
2015, RAJASTHAN, 8, JHALAWAR, 96, BHAWANI  MANDI, 262161, THEEKARIYA, 39145, 1110785, Drinking water, 0, 0, 0, 0, 0, 0, 150000, 150000
2015, RAJASTHAN, 8, JHALAWAR, 96, BHAWANI  MANDI, 262161, THEEKARIYA, 39145, 1110785, Roads, 0, 0, 0, 0, 0, 0, 1255704, 1255704
2015, RAJASTHAN, 8, JHALAWAR, 96, BHAWANI  MANDI, 262161, THEEKARIYA, 39145, 1110785, Total, 0, 0, 0, 0, 0, 0, 1405704, 1405704
2015, RAJASTHAN, 8, JHALAWAR, 96, DAG, 1291, BARDIYA BEERJI, 39109, 1140039, Roads, 0, 0, 0, 0, 0, 0, 347825, 347825
2015, RAJASTHAN, 8, JHALAWAR, 96, DAG, 1291, BARDIYA BEERJI, 39109, 1140039, Sanitation, 0, 0, 0, 0, 0, 0, 980000, 980000
2015, RAJASTHAN, 8, JHALAWAR, 96, DAG, 1291, BARDIYA BEERJI, 39109, 1140039, Total, 0, 0, 0, 0, 0, 0, 1327825, 1327825
2015, RAJASTHAN, 8, JHALAWAR, 96, DAG, 1291, CHARA, 39110, 1138224, Drinking water, 0, 0, 0, 0, 0, 0, 1219566, 1219566
2015, RAJASTHAN, 8, JHALAWAR, 96, DAG, 1291, CHARA, 39110, 1138224, Total, 0, 0, 0, 0, 0, 0, 1219566, 1219566
2015, RAJASTHAN, 8, JHALAWAR, 96, DAG, 1291, DAG, 39116, 1174765, Drinking water, 0, 0, 0, 0, 0, 0, 648426, 648426
2015, RAJASTHAN, 8, JHALAWAR, 96, DAG, 1291, DAG, 39116, 1174765, Sanitation, 0, 0, 0, 0, 0, 0, 3200000, 3200000
2015, RAJASTHAN, 8, JHALAWAR, 96, DAG, 1291, DAG, 39116, 1174765, Total, 0, 0, 0, 0, 0, 0, 3848426, 3848426
2015, RAJASTHAN, 8, JHALAWAR, 96, DAG, 1291, DEOGARH, 39111, 1141619, Drinking water, 0, 0, 0, 0, 0, 0, 120091, 120091
2015, RAJASTHAN, 8, JHALAWAR, 96, DAG, 1291, DEOGARH, 39111, 1141619, Roads, 0, 0, 0, 0, 0, 0, 1000000, 1000000
2015, RAJASTHAN, 8, JHALAWAR, 96, DAG, 1291, DEOGARH, 39111, 1141619, Sanitation, 0, 0, 0, 0, 0, 0, 200000, 200000
2015, RAJASTHAN, 8, JHALAWAR, 96, DAG, 1291, DEOGARH, 39111, 1141619, Total, 0, 0, 0, 0, 0, 0, 1320091, 1320091
2015, RAJASTHAN, 8, JHALAWAR, 96, DAG, 1291, DHATOORIYA, 39112, 1174442, Drinking water, 0, 0, 0, 0, 0, 0, 50000, 50000
2015, RAJASTHAN, 8, JHALAWAR, 96, DAG, 1291, DHATOORIYA, 39112, 1174442, Maintenance of community system, 0, 0, 0, 0, 0, 0, 100000, 100000
2015, RAJASTHAN, 8, JHALAWAR, 96, DAG, 1291, DHATOORIYA, 39112, 1174442, Roads, 0, 0, 0, 0, 0, 0, 700000, 700000
2015, RAJASTHAN, 8, JHALAWAR, 96, DAG, 1291, DHATOORIYA, 39112, 1174442, Rural electrification, 0, 0, 0, 0, 0, 0, 50000, 50000
2015, RAJASTHAN, 8, JHALAWAR, 96, DAG, 1291, DHATOORIYA, 39112, 1174442, Sanitation, 0, 0, 0, 0, 0, 0, 455441, 455441
2015, RAJASTHAN, 8, JHALAWAR, 96, DAG, 1291, DHATOORIYA, 39112, 1174442, Total, 0, 0, 0, 0, 0, 0, 1355441, 1355441
2015, RAJASTHAN, 8, JHALAWAR, 96, DAG, 1291, DOBRA, 39113, 1271533, Drinking water, 0, 0, 0, 0, 0, 0, 100000, 100000
2015, RAJASTHAN, 8, JHALAWAR, 96, DAG, 1291, DOBRA, 39113, 1271533, Sanitation, 0, 0, 0, 0, 0, 0, 1079244, 1079244
2015, RAJASTHAN, 8, JHALAWAR, 96, DAG, 1291, DOBRA, 39113, 1271533, Total, 0, 0, 0, 0, 0, 0, 1179244, 1179244
2015, RAJASTHAN, 8, JHALAWAR, 96, DAG, 1291, DORI, 39114, 1163827, Drinking water, 0, 0, 0, 0, 0, 0, 450000, 450000
2015, RAJASTHAN, 8, JHALAWAR, 96, DAG, 1291, DORI, 39114, 1163827, Roads, 0, 0, 0, 0, 0, 0, 214809, 214809
2015, RAJASTHAN, 8, JHALAWAR, 96, DAG, 1291, DORI, 39114, 1163827, Sanitation, 0, 0, 0, 0, 0, 0, 370000, 370000
2015, RAJASTHAN, 8, JHALAWAR, 96, DAG, 1291, DORI, 39114, 1163827, Total, 0, 0, 0, 0, 0, 0, 1034809, 1034809
2015, RAJASTHAN, 8, JHALAWAR, 96, DAG, 1291, DUDHA LIYA, 39115, 1136759, Drinking water, 0, 0, 0, 0, 0, 0, 842172, 842172
2015, RAJASTHAN, 8, JHALAWAR, 96, DAG, 1291, DUDHA LIYA, 39115, 1136759, Sanitation, 0, 0, 0, 0, 0, 0, 550000, 550000
2015, RAJASTHAN, 8, JHALAWAR, 96, DAG, 1291, DUDHA LIYA, 39115, 1136759, Total, 0, 0, 0, 0, 0, 0, 1392172, 1392172
2015, RAJASTHAN, 8, JHALAWAR, 96, DAG, 1291, GANGDHAR, 39117, 1144079, Drinking water, 0, 0, 0, 0, 0, 0, 385000, 385000
2015, RAJASTHAN, 8, JHALAWAR, 96, DAG, 1291, GANGDHAR, 39117, 1144079, Health, 0, 0, 0, 0, 0, 0, 185591, 185591
2015, RAJASTHAN, 8, JHALAWAR, 96, DAG, 1291, GANGDHAR, 39117, 1144079, Roads, 0, 0, 0, 0, 0, 0, 500000, 500000
2015, RAJASTHAN, 8, JHALAWAR, 96, DAG, 1291, GANGDHAR, 39117, 1144079, Sanitation, 0, 0, 0, 0, 0, 0, 450000, 450000
2015, RAJASTHAN, 8, JHALAWAR, 96, DAG, 1291, GANGDHAR, 39117, 1144079, Total, 0, 0, 0, 0, 0, 0, 1520591, 1520591
2015, RAJASTHAN, 8, JHALAWAR, 96, DAG, 1291, GURADIYA JHALA, 39118, 1521816, Drinking water, 0, 0, 0, 0, 0, 0, 450000, 450000
2015, RAJASTHAN, 8, JHALAWAR, 96, DAG, 1291, GURADIYA JHALA, 39118, 1521816, Roads, 0, 0, 0, 0, 0, 0, 829000, 829000
2015, RAJASTHAN, 8, JHALAWAR, 96, DAG, 1291, GURADIYA JHALA, 39118, 1521816, Sanitation, 0, 0, 0, 0, 0, 0, 200442, 200442
2015, RAJASTHAN, 8, JHALAWAR, 96, DAG, 1291, GURADIYA JHALA, 39118, 1521816, Total, 0, 0, 0, 0, 0, 0, 1479442, 1479442
2015, RAJASTHAN, 8, JHALAWAR, 96, DAG, 1291, HARNAWADA, 39120, 1139740, Drinking water, 0, 0, 0, 0, 0, 0, 1110000, 1110000
2015, RAJASTHAN, 8, JHALAWAR, 96, DAG, 1291, HARNAWADA, 39120, 1139740, Sanitation, 0, 0, 0, 0, 0, 0, 112051, 112051
2015, RAJASTHAN, 8, JHALAWAR, 96, DAG, 1291, HARNAWADA, 39120, 1139740, Total, 0, 0, 0, 0, 0, 0, 1222051, 1222051
2015, RAJASTHAN, 8, JHALAWAR, 96, DAG, 1291, JAGDISHPURA, 39121, 1158631, Drinking water, 0, 0, 0, 0, 0, 0, 689917, 689917
2015, RAJASTHAN, 8, JHALAWAR, 96, DAG, 1291, JAGDISHPURA, 39121, 1158631, Roads, 0, 0, 0, 0, 0, 0, 500000, 500000
2015, RAJASTHAN, 8, JHALAWAR, 96, DAG, 1291, JAGDISHPURA, 39121, 1158631, Sanitation, 0, 0, 0, 0, 0, 0, 160000, 160000
2015, RAJASTHAN, 8, JHALAWAR, 96, DAG, 1291, JAGDISHPURA, 39121, 1158631, Total, 0, 0, 0, 0, 0, 0, 1349917, 1349917
2015, RAJASTHAN, 8, JHALAWAR, 96, DAG, 1291, KACHHNARA, 39122, 1172114, Drinking water, 0, 0, 0, 0, 0, 0, 646867, 646867
2015, RAJASTHAN, 8, JHALAWAR, 96, DAG, 1291, KACHHNARA, 39122, 1172114, Roads, 0, 0, 0, 0, 0, 0, 750000, 750000
2015, RAJASTHAN, 8, JHALAWAR, 96, DAG, 1291, KACHHNARA, 39122, 1172114, Total, 0, 0, 0, 0, 0, 0, 1396867, 1396867
2015, RAJASTHAN, 8, JHALAWAR, 96, DAG, 1291, KEETIYA, 39124, 1103724, Drinking water, 0, 0, 0, 0, 0, 0, 1144567, 1144567
2015, RAJASTHAN, 8, JHALAWAR, 96, DAG, 1291, KEETIYA, 39124, 1103724, Maintenance of community system, 0, 0, 0, 0, 0, 0, 244567, 244567
2015, RAJASTHAN, 8, JHALAWAR, 96, DAG, 1291, KEETIYA, 39124, 1103724, Total, 0, 0, 0, 0, 0, 0, 1389134, 1389134
2015, RAJASTHAN, 8, JHALAWAR, 96, DAG, 1291, KELOO KHERA, 39125, 1090271, Drinking water, 0, 0, 0, 0, 0, 0, 1469723, 1469723
2015, RAJASTHAN, 8, JHALAWAR, 96, DAG, 1291, KELOO KHERA, 39125, 1090271, Sanitation, 0, 0, 0, 0, 0, 0, 200000, 200000
2015, RAJASTHAN, 8, JHALAWAR, 96, DAG, 1291, KELOO KHERA, 39125, 1090271, Total, 0, 0, 0, 0, 0, 0, 1669723, 1669723
2015, RAJASTHAN, 8, JHALAWAR, 96, DAG, 1291, KOLVI URF MANDI RAJENDERPUR, 39127, 1524608, Administrative & Technical Support, 0, 0, 0, 0, 0, 0, 294588, 294588
2015, RAJASTHAN, 8, JHALAWAR, 96, DAG, 1291, KOLVI URF MANDI RAJENDERPUR, 39127, 1524608, Drinking water, 0, 0, 0, 0, 0, 0, 50000, 50000
2015, RAJASTHAN, 8, JHALAWAR, 96, DAG, 1291, KOLVI URF MANDI RAJENDERPUR, 39127, 1524608, Roads, 0, 0, 0, 0, 0, 0, 150000, 150000
2015, RAJASTHAN, 8, JHALAWAR, 96, DAG, 1291, KOLVI URF MANDI RAJENDERPUR, 39127, 1524608, Sanitation, 0, 0, 0, 0, 0, 0, 2200000, 2200000
2015, RAJASTHAN, 8, JHALAWAR, 96, DAG, 1291, KOLVI URF MANDI RAJENDERPUR, 39127, 1524608, Total, 0, 0, 0, 0, 0, 0, 2694588, 2694588
2015, RAJASTHAN, 8, JHALAWAR, 96, DAG, 1291, KOONDLA, 39128, 1116623, Drinking water, 0, 0, 0, 0, 0, 0, 1295841, 1295841
2015, RAJASTHAN, 8, JHALAWAR, 96, DAG, 1291, KOONDLA, 39128, 1116623, Total, 0, 0, 0, 0, 0, 0, 1295841, 1295841
2015, RAJASTHAN, 8, JHALAWAR, 96, DAG, 1291, KUMATHIYA, 39129, 1312306, Administrative & Technical Support, 0, 0, 0, 0, 0, 0, 84229, 84229
2015, RAJASTHAN, 8, JHALAWAR, 96, DAG, 1291, KUMATHIYA, 39129, 1312306, Drinking water, 0, 0, 0, 0, 0, 0, 800000, 800000
2015, RAJASTHAN, 8, JHALAWAR, 96, DAG, 1291, KUMATHIYA, 39129, 1312306, Sanitation, 0, 0, 0, 0, 0, 0, 250000, 250000
2015, RAJASTHAN, 8, JHALAWAR, 96, DAG, 1291, KUMATHIYA, 39129, 1312306, Total, 0, 0, 0, 0, 0, 0, 1134229, 1134229
2015, RAJASTHAN, 8, JHALAWAR, 96, DAG, 1291, KYASRA, 39130, 1114173, Drinking water, 0, 0, 0, 0, 0, 0, 886123, 886123
2015, RAJASTHAN, 8, JHALAWAR, 96, DAG, 1291, KYASRA, 39130, 1114173, Health, 0, 0, 0, 0, 0, 0, 200000, 200000
2015, RAJASTHAN, 8, JHALAWAR, 96, DAG, 1291, KYASRA, 39130, 1114173, Sanitation, 0, 0, 0, 0, 0, 0, 200000, 200000
2015, RAJASTHAN, 8, JHALAWAR, 96, DAG, 1291, KYASRA, 39130, 1114173, Total, 0, 0, 0, 0, 0, 0, 1286123, 1286123
2015, RAJASTHAN, 8, JHALAWAR, 96, DAG, 1291, LUHARIYA, 39131, 1139024, Drinking water, 0, 0, 0, 0, 0, 0, 468777, 468777
2015, RAJASTHAN, 8, JHALAWAR, 96, DAG, 1291, LUHARIYA, 39131, 1139024, Sanitation, 0, 0, 0, 0, 0, 0, 600000, 600000
2015, RAJASTHAN, 8, JHALAWAR, 96, DAG, 1291, LUHARIYA, 39131, 1139024, Total, 0, 0, 0, 0, 0, 0, 1068777, 1068777
2015, RAJASTHAN, 8, JHALAWAR, 96, DAG, 1291, MANDIRPUR, 39132, 1164768, Drinking water, 0, 0, 0, 0, 0, 0, 794114, 794114
2015, RAJASTHAN, 8, JHALAWAR, 96, DAG, 1291, MANDIRPUR, 39132, 1164768, Roads, 0, 0, 0, 0, 0, 0, 360000, 360000
2015, RAJASTHAN, 8, JHALAWAR, 96, DAG, 1291, MANDIRPUR, 39132, 1164768, Total, 0, 0, 0, 0, 0, 0, 1154114, 1154114
2015, RAJASTHAN, 8, JHALAWAR, 96, DAG, 1291, PARA PEEPLI, 39134, 1136978, Drinking water, 0, 0, 0, 0, 0, 0, 1026176, 1026176
2015, RAJASTHAN, 8, JHALAWAR, 96, DAG, 1291, PARA PEEPLI, 39134, 1136978, Sanitation, 0, 0, 0, 0, 0, 0, 62485, 62485
2015, RAJASTHAN, 8, JHALAWAR, 96, DAG, 1291, PARA PEEPLI, 39134, 1136978, Total, 0, 0, 0, 0, 0, 0, 1088661, 1088661
2015, RAJASTHAN, 8, JHALAWAR, 96, DAG, 1291, PARALIYA, 39135, 1137892, Drinking water, 0, 0, 0, 0, 0, 0, 440000, 440000
2015, RAJASTHAN, 8, JHALAWAR, 96, DAG, 1291, PARALIYA, 39135, 1137892, Sanitation, 0, 0, 0, 0, 0, 0, 793926, 793926
2015, RAJASTHAN, 8, JHALAWAR, 96, DAG, 1291, PARALIYA, 39135, 1137892, Total, 0, 0, 0, 0, 0, 0, 1233926, 1233926
2015, RAJASTHAN, 8, JHALAWAR, 96, DAG, 1291, PEEPLYA KHURD, 39136, 1097808, Drinking water, 0, 0, 0, 0, 0, 0, 475000, 475000
2015, RAJASTHAN, 8, JHALAWAR, 96, DAG, 1291, PEEPLYA KHURD, 39136, 1097808, Roads, 0, 0, 0, 0, 0, 0, 1099998, 1099998
2015, RAJASTHAN, 8, JHALAWAR, 96, DAG, 1291, PEEPLYA KHURD, 39136, 1097808, Sanitation, 0, 0, 0, 0, 0, 0, 81060, 81060
2015, RAJASTHAN, 8, JHALAWAR, 96, DAG, 1291, PEEPLYA KHURD, 39136, 1097808, Total, 0, 0, 0, 0, 0, 0, 1656058, 1656058
2015, RAJASTHAN, 8, JHALAWAR, 96, DAG, 1291, RAMPURA, 39137, 1142893, Drinking water, 0, 0, 0, 0, 0, 0, 1070000, 1070000
2015, RAJASTHAN, 8, JHALAWAR, 96, DAG, 1291, RAMPURA, 39137, 1142893, Sanitation, 0, 0, 0, 0, 0, 0, 181325, 181325
2015, RAJASTHAN, 8, JHALAWAR, 96, DAG, 1291, RAMPURA, 39137, 1142893, Total, 0, 0, 0, 0, 0, 0, 1251325, 1251325
2015, RAJASTHAN, 8, JHALAWAR, 96, DAG, 1291, RANAYRA, 39138, 1225266, Roads, 0, 0, 0, 0, 0, 0, 1218461, 1218461
2015, RAJASTHAN, 8, JHALAWAR, 96, DAG, 1291, RANAYRA, 39138, 1225266, Total, 0, 0, 0, 0, 0, 0, 1218461, 1218461
2015, RAJASTHAN, 8, JHALAWAR, 96, DAG, 1291, RAWAN GURARI, 39139, 1119221, Drinking water, 0, 0, 0, 0, 0, 0, 952417, 952417
2015, RAJASTHAN, 8, JHALAWAR, 96, DAG, 1291, RAWAN GURARI, 39139, 1119221, Sanitation, 0, 0, 0, 0, 0, 0, 350000, 350000
2015, RAJASTHAN, 8, JHALAWAR, 96, DAG, 1291, RAWAN GURARI, 39139, 1119221, Total, 0, 0, 0, 0, 0, 0, 1302417, 1302417
2015, RAJASTHAN, 8, JHALAWAR, 96, DAG, 1291, ROJHANA, 39140, 1103871, Drinking water, 0, 0, 0, 0, 0, 0, 1143669, 1143669
2015, RAJASTHAN, 8, JHALAWAR, 96, DAG, 1291, ROJHANA, 39140, 1103871, Sanitation, 0, 0, 0, 0, 0, 0, 230000, 230000
2015, RAJASTHAN, 8, JHALAWAR, 96, DAG, 1291, ROJHANA, 39140, 1103871, Total, 0, 0, 0, 0, 0, 0, 1373669, 1373669
2015, RAJASTHAN, 8, JHALAWAR, 96, DAG, 1291, SUNARI, 39143, 1521477, Drinking water, 0, 0, 0, 0, 0, 0, 187254, 187254
2015, RAJASTHAN, 8, JHALAWAR, 96, DAG, 1291, SUNARI, 39143, 1521477, Roads, 0, 0, 0, 0, 0, 0, 800000, 800000
2015, RAJASTHAN, 8, JHALAWAR, 96, DAG, 1291, SUNARI, 39143, 1521477, Sanitation, 0, 0, 0, 0, 0, 0, 200000, 200000
2015, RAJASTHAN, 8, JHALAWAR, 96, DAG, 1291, SUNARI, 39143, 1521477, Total, 0, 0, 0, 0, 0, 0, 1187254, 1187254
2015, RAJASTHAN, 8, JHALAWAR, 96, DAG, 1291, TALAWALI, 39144, 1192332, Drinking water, 0, 0, 0, 0, 0, 0, 811318, 811318
2015, RAJASTHAN, 8, JHALAWAR, 96, DAG, 1291, TALAWALI, 39144, 1192332, Roads, 0, 0, 0, 0, 0, 0, 1300000, 1300000
2015, RAJASTHAN, 8, JHALAWAR, 96, DAG, 1291, TALAWALI, 39144, 1192332, Total, 0, 0, 0, 0, 0, 0, 2111318, 2111318
2015, RAJASTHAN, 8, JHALAWAR, 96, DAG, 1291, TISAI, 39146, 1171904, Drinking water, 0, 0, 0, 0, 0, 0, 240000, 240000
2015, RAJASTHAN, 8, JHALAWAR, 96, DAG, 1291, TISAI, 39146, 1171904, Roads, 0, 0, 0, 0, 0, 0, 1000000, 1000000
2015, RAJASTHAN, 8, JHALAWAR, 96, DAG, 1291, TISAI, 39146, 1171904, Sanitation, 0, 0, 0, 0, 0, 0, 156867, 156867
2015, RAJASTHAN, 8, JHALAWAR, 96, DAG, 1291, TISAI, 39146, 1171904, Total, 0, 0, 0, 0, 0, 0, 1396867, 1396867
2015, RAJASTHAN, 8, JHALAWAR, 96, DAG, 1291, UNHEL, 39147, 1114058, Drinking water, 0, 0, 0, 0, 0, 0, 1100000, 1100000
2015, RAJASTHAN, 8, JHALAWAR, 96, DAG, 1291, UNHEL, 39147, 1114058, Roads, 0, 0, 0, 0, 0, 0, 372814, 372814
2015, RAJASTHAN, 8, JHALAWAR, 96, DAG, 1291, UNHEL, 39147, 1114058, Total, 0, 0, 0, 0, 0, 0, 1472814, 1472814
2015, RAJASTHAN, 8, JHALAWAR, 96, JHALRAPATAN, 1292, ASNAWAR, 39151, 1153865, Drinking water, 0, 0, 0, 0, 0, 0, 247381, 247381
2015, RAJASTHAN, 8, JHALAWAR, 96, JHALRAPATAN, 1292, ASNAWAR, 39151, 1153865, Roads, 0, 0, 0, 0, 0, 0, 281143, 281143
2015, RAJASTHAN, 8, JHALAWAR, 96, JHALRAPATAN, 1292, ASNAWAR, 39151, 1153865, Social welfare, 0, 0, 0, 0, 0, 0, 1925245, 1925245
2015, RAJASTHAN, 8, JHALAWAR, 96, JHALRAPATAN, 1292, ASNAWAR, 39151, 1153865, Total, 0, 0, 0, 0, 0, 0, 2453769, 2453769
2015, RAJASTHAN, 8, JHALAWAR, 96, JHALRAPATAN, 1292, BARODIYA, 39152, 1152764, Drinking water, 0, 0, 0, 0, 0, 0, 24629, 24629
2015, RAJASTHAN, 8, JHALAWAR, 96, JHALRAPATAN, 1292, BARODIYA, 39152, 1152764, Roads, 0, 0, 0, 0, 0, 0, 502255, 502255
2015, RAJASTHAN, 8, JHALAWAR, 96, JHALRAPATAN, 1292, BARODIYA, 39152, 1152764, Social welfare, 0, 0, 0, 0, 0, 0, 599336, 599336
2015, RAJASTHAN, 8, JHALAWAR, 96, JHALRAPATAN, 1292, BARODIYA, 39152, 1152764, Total, 0, 0, 0, 0, 0, 0, 1126220, 1126220
2015, RAJASTHAN, 8, JHALAWAR, 96, JHALRAPATAN, 1292, BORDA, 39155, 1153417, Roads, 0, 0, 0, 0, 0, 0, 745291, 745291
2015, RAJASTHAN, 8, JHALAWAR, 96, JHALRAPATAN, 1292, BORDA, 39155, 1153417, Social welfare, 0, 0, 0, 0, 0, 0, 404956, 404956
2015, RAJASTHAN, 8, JHALAWAR, 96, JHALRAPATAN, 1292, BORDA, 39155, 1153417, Total, 0, 0, 0, 0, 0, 0, 1150247, 1150247
2015, RAJASTHAN, 8, JHALAWAR, 96, JHALRAPATAN, 1292, DONDA, 39156, 1151784, Drinking water, 0, 0, 0, 0, 0, 0, 150214, 150214
2015, RAJASTHAN, 8, JHALAWAR, 96, JHALRAPATAN, 1292, DONDA, 39156, 1151784, Roads, 0, 0, 0, 0, 0, 0, 680000, 680000
2015, RAJASTHAN, 8, JHALAWAR, 96, JHALRAPATAN, 1292, DONDA, 39156, 1151784, Social welfare, 0, 0, 0, 0, 0, 0, 631000, 631000
2015, RAJASTHAN, 8, JHALAWAR, 96, JHALRAPATAN, 1292, DONDA, 39156, 1151784, Total, 0, 0, 0, 0, 0, 0, 1461214, 1461214
2015, RAJASTHAN, 8, JHALAWAR, 96, JHALRAPATAN, 1292, DOONGAR GAON, 39157, 1152681, Drinking water, 0, 0, 0, 0, 0, 0, 884170, 884170
2015, RAJASTHAN, 8, JHALAWAR, 96, JHALRAPATAN, 1292, DOONGAR GAON, 39157, 1152681, Roads, 0, 0, 0, 0, 0, 0, 499950, 499950
2015, RAJASTHAN, 8, JHALAWAR, 96, JHALRAPATAN, 1292, DOONGAR GAON, 39157, 1152681, Social welfare, 0, 0, 0, 0, 0, 0, 131500, 131500
2015, RAJASTHAN, 8, JHALAWAR, 96, JHALRAPATAN, 1292, DOONGAR GAON, 39157, 1152681, Total, 0, 0, 0, 0, 0, 0, 1515620, 1515620
2015, RAJASTHAN, 8, JHALAWAR, 96, JHALRAPATAN, 1292, DURGPURA, 39158, 1158226, Roads, 0, 0, 0, 0, 0, 0, 1070333, 1070333
2015, RAJASTHAN, 8, JHALAWAR, 96, JHALRAPATAN, 1292, DURGPURA, 39158, 1158226, Social welfare, 0, 0, 0, 0, 0, 0, 493064, 493064
2015, RAJASTHAN, 8, JHALAWAR, 96, JHALRAPATAN, 1292, DURGPURA, 39158, 1158226, Total, 0, 0, 0, 0, 0, 0, 1563397, 1563397
2015, RAJASTHAN, 8, JHALAWAR, 96, JHALRAPATAN, 1292, GAGRON, 39159, 1162114, Drinking water, 0, 0, 0, 0, 0, 0, 181972, 181972
2015, RAJASTHAN, 8, JHALAWAR, 96, JHALRAPATAN, 1292, GAGRON, 39159, 1162114, Roads, 0, 0, 0, 0, 0, 0, 529284, 529284
2015, RAJASTHAN, 8, JHALAWAR, 96, JHALRAPATAN, 1292, GAGRON, 39159, 1162114, Social welfare, 0, 0, 0, 0, 0, 0, 628719, 628719
2015, RAJASTHAN, 8, JHALAWAR, 96, JHALRAPATAN, 1292, GAGRON, 39159, 1162114, Total, 0, 0, 0, 0, 0, 0, 1339975, 1339975
2015, RAJASTHAN, 8, JHALAWAR, 96, JHALRAPATAN, 1292, GIRDHARPURA, 39162, 1158569, Roads, 0, 0, 0, 0, 0, 0, 959258, 959258
2015, RAJASTHAN, 8, JHALAWAR, 96, JHALRAPATAN, 1292, GIRDHARPURA, 39162, 1158569, Social welfare, 0, 0, 0, 0, 0, 0, 102615, 102615
2015, RAJASTHAN, 8, JHALAWAR, 96, JHALRAPATAN, 1292, GIRDHARPURA, 39162, 1158569, Total, 0, 0, 0, 0, 0, 0, 1061873, 1061873
2015, RAJASTHAN, 8, JHALAWAR, 96, JHALRAPATAN, 1292, GORDHANPURA, 39163, 1156454, Social welfare, 0, 0, 0, 0, 0, 0, 1182282, 1182282
2015, RAJASTHAN, 8, JHALAWAR, 96, JHALRAPATAN, 1292, GORDHANPURA, 39163, 1156454, Total, 0, 0, 0, 0, 0, 0, 1182282, 1182282
2015, RAJASTHAN, 8, JHALAWAR, 96, JHALRAPATAN, 1292, GOVINDPURA, 39164, 1152281, Roads, 0, 0, 0, 0, 0, 0, 395000, 395000
2015, RAJASTHAN, 8, JHALAWAR, 96, JHALRAPATAN, 1292, GOVINDPURA, 39164, 1152281, Social welfare, 0, 0, 0, 0, 0, 0, 853840, 853840
2015, RAJASTHAN, 8, JHALAWAR, 96, JHALRAPATAN, 1292, GOVINDPURA, 39164, 1152281, Total, 0, 0, 0, 0, 0, 0, 1248840, 1248840
2015, RAJASTHAN, 8, JHALAWAR, 96, JHALRAPATAN, 1292, IKTASA, 39168, 1092892, Sanitation, 0, 0, 0, 0, 0, 0, 1447130, 1447130
2015, RAJASTHAN, 8, JHALAWAR, 96, JHALRAPATAN, 1292, IKTASA, 39168, 1092892, Total, 0, 0, 0, 0, 0, 0, 1447130, 1447130
2015, RAJASTHAN, 8, JHALAWAR, 96, JHALRAPATAN, 1292, JHOOMKI, 39169, 1167735, Drinking water, 0, 0, 0, 0, 0, 0, 660956, 660956
2015, RAJASTHAN, 8, JHALAWAR, 96, JHALRAPATAN, 1292, JHOOMKI, 39169, 1167735, Roads, 0, 0, 0, 0, 0, 0, 699739, 699739
2015, RAJASTHAN, 8, JHALAWAR, 96, JHALRAPATAN, 1292, JHOOMKI, 39169, 1167735, Social welfare, 0, 0, 0, 0, 0, 0, 83121, 83121
2015, RAJASTHAN, 8, JHALAWAR, 96, JHALRAPATAN, 1292, JHOOMKI, 39169, 1167735, Total, 0, 0, 0, 0, 0, 0, 1443816, 1443816
2015, RAJASTHAN, 8, JHALAWAR, 96, JHALRAPATAN, 1292, JOONA KHERA, 39170, 1151548, Roads, 0, 0, 0, 0, 0, 0, 1166939, 1166939
2015, RAJASTHAN, 8, JHALAWAR, 96, JHALRAPATAN, 1292, JOONA KHERA, 39170, 1151548, Social welfare, 0, 0, 0, 0, 0, 0, 278257, 278257
2015, RAJASTHAN, 8, JHALAWAR, 96, JHALRAPATAN, 1292, JOONA KHERA, 39170, 1151548, Total, 0, 0, 0, 0, 0, 0, 1445196, 1445196
2015, RAJASTHAN, 8, JHALAWAR, 96, JHALRAPATAN, 1292, KALMANDI KALAN, 39171, 1091866, Drinking water, 0, 0, 0, 0, 0, 0, 361015, 361015
2015, RAJASTHAN, 8, JHALAWAR, 96, JHALRAPATAN, 1292, KALMANDI KALAN, 39171, 1091866, Sanitation, 0, 0, 0, 0, 0, 0, 1619122, 1619122
2015, RAJASTHAN, 8, JHALAWAR, 96, JHALRAPATAN, 1292, KALMANDI KALAN, 39171, 1091866, Total, 0, 0, 0, 0, 0, 0, 1980137, 1980137
2015, RAJASTHAN, 8, JHALAWAR, 96, JHALRAPATAN, 1292, KANWARA, 39172, 1163126, Roads, 0, 0, 0, 0, 0, 0, 1508548, 1508548
2015, RAJASTHAN, 8, JHALAWAR, 96, JHALRAPATAN, 1292, KANWARA, 39172, 1163126, Social welfare, 0, 0, 0, 0, 0, 0, 294288, 294288
2015, RAJASTHAN, 8, JHALAWAR, 96, JHALRAPATAN, 1292, KANWARA, 39172, 1163126, Total, 0, 0, 0, 0, 0, 0, 1802836, 1802836
2015, RAJASTHAN, 8, JHALAWAR, 96, JHALRAPATAN, 1292, KHANPURIYA, 39173, 1519148, Roads, 0, 0, 0, 0, 0, 0, 1339147, 1339147
2015, RAJASTHAN, 8, JHALAWAR, 96, JHALRAPATAN, 1292, KHANPURIYA, 39173, 1519148, Total, 0, 0, 0, 0, 0, 0, 1339147, 1339147
2015, RAJASTHAN, 8, JHALAWAR, 96, JHALRAPATAN, 1292, KHERLA, 39174, 1156408, Social welfare, 0, 0, 0, 0, 0, 0, 939806, 939806
2015, RAJASTHAN, 8, JHALAWAR, 96, JHALRAPATAN, 1292, KHERLA, 39174, 1156408, Total, 0, 0, 0, 0, 0, 0, 939806, 939806
2015, RAJASTHAN, 8, JHALAWAR, 96, JHALRAPATAN, 1292, KOLANA, 39175, 1152508, Drinking water, 0, 0, 0, 0, 0, 0, 794015, 794015
2015, RAJASTHAN, 8, JHALAWAR, 96, JHALRAPATAN, 1292, KOLANA, 39175, 1152508, Social welfare, 0, 0, 0, 0, 0, 0, 272000, 272000
2015, RAJASTHAN, 8, JHALAWAR, 96, JHALRAPATAN, 1292, KOLANA, 39175, 1152508, Total, 0, 0, 0, 0, 0, 0, 1066015, 1066015
2015, RAJASTHAN, 8, JHALAWAR, 96, JHALRAPATAN, 1292, LAWASAL, 39177, 1092917, Health, 0, 0, 0, 0, 0, 0, 966594, 966594
2015, RAJASTHAN, 8, JHALAWAR, 96, JHALRAPATAN, 1292, LAWASAL, 39177, 1092917, Total, 0, 0, 0, 0, 0, 0, 966594, 966594
2015, RAJASTHAN, 8, JHALAWAR, 96, JHALRAPATAN, 1292, MANDAWAR, 39178, 1517480, Roads, 0, 0, 0, 0, 0, 0, 1306559, 1306559
2015, RAJASTHAN, 8, JHALAWAR, 96, JHALRAPATAN, 1292, MANDAWAR, 39178, 1517480, Total, 0, 0, 0, 0, 0, 0, 1306559, 1306559
2015, RAJASTHAN, 8, JHALAWAR, 96, JHALRAPATAN, 1292, PANWASA, 39183, 1106327, Drinking water, 0, 0, 0, 0, 0, 0, 270000, 270000
2015, RAJASTHAN, 8, JHALAWAR, 96, JHALRAPATAN, 1292, PANWASA, 39183, 1106327, Land improvement, 0, 0, 0, 0, 0, 0, 200000, 200000
2015, RAJASTHAN, 8, JHALAWAR, 96, JHALRAPATAN, 1292, PANWASA, 39183, 1106327, Maintenance of community system, 0, 0, 0, 0, 0, 0, 130000, 130000
2015, RAJASTHAN, 8, JHALAWAR, 96, JHALRAPATAN, 1292, PANWASA, 39183, 1106327, Sanitation, 0, 0, 0, 0, 0, 0, 333178, 333178
2015, RAJASTHAN, 8, JHALAWAR, 96, JHALRAPATAN, 1292, PANWASA, 39183, 1106327, Total, 0, 0, 0, 0, 0, 0, 933178, 933178
2015, RAJASTHAN, 8, JHALAWAR, 96, JHALRAPATAN, 1292, PIPLOD, 39185, 1099218, Drinking water, 0, 0, 0, 0, 0, 0, 300000, 300000
2015, RAJASTHAN, 8, JHALAWAR, 96, JHALRAPATAN, 1292, PIPLOD, 39185, 1099218, Maintenance of community system, 0, 0, 0, 0, 0, 0, 400000, 400000
2015, RAJASTHAN, 8, JHALAWAR, 96, JHALRAPATAN, 1292, PIPLOD, 39185, 1099218, Sanitation, 0, 0, 0, 0, 0, 0, 807334, 807334
2015, RAJASTHAN, 8, JHALAWAR, 96, JHALRAPATAN, 1292, PIPLOD, 39185, 1099218, Total, 0, 0, 0, 0, 0, 0, 1507334, 1507334
2015, RAJASTHAN, 8, JHALAWAR, 96, JHALRAPATAN, 1292, ROOPAREL, 39186, 1515905, Drinking water, 0, 0, 0, 0, 0, 0, 300000, 300000
2015, RAJASTHAN, 8, JHALAWAR, 96, JHALRAPATAN, 1292, ROOPAREL, 39186, 1515905, Roads, 0, 0, 0, 0, 0, 0, 1083611, 1083611
2015, RAJASTHAN, 8, JHALAWAR, 96, JHALRAPATAN, 1292, ROOPAREL, 39186, 1515905, Total, 0, 0, 0, 0, 0, 0, 1383611, 1383611
2015, RAJASTHAN, 8, JHALAWAR, 96, JHALRAPATAN, 1292, RUNDLAO, 39187, 1158939, Drinking water, 0, 0, 0, 0, 0, 0, 80839, 80839
2015, RAJASTHAN, 8, JHALAWAR, 96, JHALRAPATAN, 1292, RUNDLAO, 39187, 1158939, Roads, 0, 0, 0, 0, 0, 0, 1209638, 1209638
2015, RAJASTHAN, 8, JHALAWAR, 96, JHALRAPATAN, 1292, RUNDLAO, 39187, 1158939, Social welfare, 0, 0, 0, 0, 0, 0, 295842, 295842
2015, RAJASTHAN, 8, JHALAWAR, 96, JHALRAPATAN, 1292, RUNDLAO, 39187, 1158939, Total, 0, 0, 0, 0, 0, 0, 1586319, 1586319
2015, RAJASTHAN, 8, JHALAWAR, 96, JHALRAPATAN, 1292, SALOTYA, 39188, 1158653, Drinking water, 0, 0, 0, 0, 0, 0, 48502, 48502
2015, RAJASTHAN, 8, JHALAWAR, 96, JHALRAPATAN, 1292, SALOTYA, 39188, 1158653, Roads, 0, 0, 0, 0, 0, 0, 1421097, 1421097
2015, RAJASTHAN, 8, JHALAWAR, 96, JHALRAPATAN, 1292, SALOTYA, 39188, 1158653, Social welfare, 0, 0, 0, 0, 0, 0, 202609, 202609
2015, RAJASTHAN, 8, JHALAWAR, 96, JHALRAPATAN, 1292, SALOTYA, 39188, 1158653, Total, 0, 0, 0, 0, 0, 0, 1672208, 1672208
2015, RAJASTHAN, 8, JHALAWAR, 96, JHALRAPATAN, 1292, SALRIYA, 39189, 1155545, Roads, 0, 0, 0, 0, 0, 0, 335600, 335600
2015, RAJASTHAN, 8, JHALAWAR, 96, JHALRAPATAN, 1292, SALRIYA, 39189, 1155545, Social welfare, 0, 0, 0, 0, 0, 0, 575760, 575760
2015, RAJASTHAN, 8, JHALAWAR, 96, JHALRAPATAN, 1292, SALRIYA, 39189, 1155545, Total, 0, 0, 0, 0, 0, 0, 911360, 911360
2015, RAJASTHAN, 8, JHALAWAR, 96, JHALRAPATAN, 1292, SAMRAI, 39190, 1519540, Roads, 0, 0, 0, 0, 0, 0, 389515, 389515
2015, RAJASTHAN, 8, JHALAWAR, 96, JHALRAPATAN, 1292, SAMRAI, 39190, 1519540, Social forestry and farm forestry, 0, 0, 0, 0, 0, 0, 1125000, 1125000
2015, RAJASTHAN, 8, JHALAWAR, 96, JHALRAPATAN, 1292, SAMRAI, 39190, 1519540, Total, 0, 0, 0, 0, 0, 0, 1514515, 1514515
2015, RAJASTHAN, 8, JHALAWAR, 96, JHALRAPATAN, 1292, TANDI SOHAN PURA, 39194, 1098449, Health, 0, 0, 0, 0, 0, 0, 1067673, 1067673
2015, RAJASTHAN, 8, JHALAWAR, 96, JHALRAPATAN, 1292, TANDI SOHAN PURA, 39194, 1098449, Total, 0, 0, 0, 0, 0, 0, 1067673, 1067673
2015, RAJASTHAN, 8, JHALAWAR, 96, JHALRAPATAN, 1292, TEETARWASA, 39195, 1153703, Social welfare, 0, 0, 0, 0, 0, 0, 1104955, 1104955
2015, RAJASTHAN, 8, JHALAWAR, 96, JHALRAPATAN, 1292, TEETARWASA, 39195, 1153703, Total, 0, 0, 0, 0, 0, 0, 1104955, 1104955
2015, RAJASTHAN, 8, JHALAWAR, 96, KHANPUR, 1293, AKAWAD KHURD, 39196, 1092957, Drinking water, 0, 0, 0, 0, 0, 0, 198701, 198701
2015, RAJASTHAN, 8, JHALAWAR, 96, KHANPUR, 1293, AKAWAD KHURD, 39196, 1092957, Rural electrification, 0, 0, 0, 0, 0, 0, 270000, 270000
2015, RAJASTHAN, 8, JHALAWAR, 96, KHANPUR, 1293, AKAWAD KHURD, 39196, 1092957, Sanitation, 0, 0, 0, 0, 0, 0, 470000, 470000
2015, RAJASTHAN, 8, JHALAWAR, 96, KHANPUR, 1293, AKAWAD KHURD, 39196, 1092957, Total, 0, 0, 0, 0, 0, 0, 938701, 938701
2015, RAJASTHAN, 8, JHALAWAR, 96, KHANPUR, 1293, AKODIYA, 39197, 1091522, Rural electrification, 0, 0, 0, 0, 0, 0, 410000, 410000
2015, RAJASTHAN, 8, JHALAWAR, 96, KHANPUR, 1293, AKODIYA, 39197, 1091522, Sanitation, 0, 0, 0, 0, 0, 0, 667338, 667338
2015, RAJASTHAN, 8, JHALAWAR, 96, KHANPUR, 1293, AKODIYA, 39197, 1091522, Total, 0, 0, 0, 0, 0, 0, 1077338, 1077338
2015, RAJASTHAN, 8, JHALAWAR, 96, KHANPUR, 1293, BAGHER, 39198, 1095961, Drinking water, 0, 0, 0, 0, 0, 0, 50000, 50000
2015, RAJASTHAN, 8, JHALAWAR, 96, KHANPUR, 1293, BAGHER, 39198, 1095961, Health, 0, 0, 0, 0, 0, 0, 1196248, 1196248
2015, RAJASTHAN, 8, JHALAWAR, 96, KHANPUR, 1293, BAGHER, 39198, 1095961, Rural electrification, 0, 0, 0, 0, 0, 0, 400000, 400000
2015, RAJASTHAN, 8, JHALAWAR, 96, KHANPUR, 1293, BAGHER, 39198, 1095961, Total, 0, 0, 0, 0, 0, 0, 1646248, 1646248
2015, RAJASTHAN, 8, JHALAWAR, 96, KHANPUR, 1293, BAISAR, 39200, 1093928, Drinking water, 0, 0, 0, 0, 0, 0, 140000, 140000
2015, RAJASTHAN, 8, JHALAWAR, 96, KHANPUR, 1293, BAISAR, 39200, 1093928, Rural electrification, 0, 0, 0, 0, 0, 0, 360000, 360000
2015, RAJASTHAN, 8, JHALAWAR, 96, KHANPUR, 1293, BAISAR, 39200, 1093928, Sanitation, 0, 0, 0, 0, 0, 0, 316082, 316082
2015, RAJASTHAN, 8, JHALAWAR, 96, KHANPUR, 1293, BAISAR, 39200, 1093928, Total, 0, 0, 0, 0, 0, 0, 816082, 816082
2015, RAJASTHAN, 8, JHALAWAR, 96, KHANPUR, 1293, BAREDA, 39199, 1103967, Rural electrification, 0, 0, 0, 0, 0, 0, 750000, 750000
2015, RAJASTHAN, 8, JHALAWAR, 96, KHANPUR, 1293, BAREDA, 39199, 1103967, Sanitation, 0, 0, 0, 0, 0, 0, 643000, 643000
2015, RAJASTHAN, 8, JHALAWAR, 96, KHANPUR, 1293, BAREDA, 39199, 1103967, Total, 0, 0, 0, 0, 0, 0, 1393000, 1393000
2015, RAJASTHAN, 8, JHALAWAR, 96, KHANPUR, 1293, BHAGWAN PURA, 39201, 1099552, Drinking water, 0, 0, 0, 0, 0, 0, 195000, 195000
2015, RAJASTHAN, 8, JHALAWAR, 96, KHANPUR, 1293, BHAGWAN PURA, 39201, 1099552, Rural electrification, 0, 0, 0, 0, 0, 0, 539793, 539793
2015, RAJASTHAN, 8, JHALAWAR, 96, KHANPUR, 1293, BHAGWAN PURA, 39201, 1099552, Sanitation, 0, 0, 0, 0, 0, 0, 627000, 627000
2015, RAJASTHAN, 8, JHALAWAR, 96, KHANPUR, 1293, BHAGWAN PURA, 39201, 1099552, Total, 0, 0, 0, 0, 0, 0, 1361793, 1361793
2015, RAJASTHAN, 8, JHALAWAR, 96, KHANPUR, 1293, BISHAN KHERI, 39202, 1092450, Drinking water, 0, 0, 0, 0, 0, 0, 100000, 100000
2015, RAJASTHAN, 8, JHALAWAR, 96, KHANPUR, 1293, BISHAN KHERI, 39202, 1092450, Rural electrification, 0, 0, 0, 0, 0, 0, 730000, 730000
2015, RAJASTHAN, 8, JHALAWAR, 96, KHANPUR, 1293, BISHAN KHERI, 39202, 1092450, Sanitation, 0, 0, 0, 0, 0, 0, 228283, 228283
2015, RAJASTHAN, 8, JHALAWAR, 96, KHANPUR, 1293, BISHAN KHERI, 39202, 1092450, Total, 0, 0, 0, 0, 0, 0, 1058283, 1058283
2015, RAJASTHAN, 8, JHALAWAR, 96, KHANPUR, 1293, DAHI KHERA, 39204, 1093930, Rural electrification, 0, 0, 0, 0, 0, 0, 1146380, 1146380
2015, RAJASTHAN, 8, JHALAWAR, 96, KHANPUR, 1293, DAHI KHERA, 39204, 1093930, Total, 0, 0, 0, 0, 0, 0, 1146380, 1146380
2015, RAJASTHAN, 8, JHALAWAR, 96, KHANPUR, 1293, DHANODA KALAN, 39205, 1101276, Drinking water, 0, 0, 0, 0, 0, 0, 80000, 80000
2015, RAJASTHAN, 8, JHALAWAR, 96, KHANPUR, 1293, DHANODA KALAN, 39205, 1101276, Education, 0, 0, 0, 0, 0, 0, 25231, 25231
2015, RAJASTHAN, 8, JHALAWAR, 96, KHANPUR, 1293, DHANODA KALAN, 39205, 1101276, Sanitation, 0, 0, 0, 0, 0, 0, 1000000, 1000000
2015, RAJASTHAN, 8, JHALAWAR, 96, KHANPUR, 1293, DHANODA KALAN, 39205, 1101276, Total, 0, 0, 0, 0, 0, 0, 1105231, 1105231
2015, RAJASTHAN, 8, JHALAWAR, 96, KHANPUR, 1293, DOBRA, 39206, 1093539, Drinking water, 0, 0, 0, 0, 0, 0, 600000, 600000
2015, RAJASTHAN, 8, JHALAWAR, 96, KHANPUR, 1293, DOBRA, 39206, 1093539, Sanitation, 0, 0, 0, 0, 0, 0, 221605, 221605
2015, RAJASTHAN, 8, JHALAWAR, 96, KHANPUR, 1293, DOBRA, 39206, 1093539, Total, 0, 0, 0, 0, 0, 0, 821605, 821605
2015, RAJASTHAN, 8, JHALAWAR, 96, KHANPUR, 1293, GADARWARA DOONDI, 39207, 1093919, Drinking water, 0, 0, 0, 0, 0, 0, 265883, 265883
2015, RAJASTHAN, 8, JHALAWAR, 96, KHANPUR, 1293, GADARWARA DOONDI, 39207, 1093919, Health, 0, 0, 0, 0, 0, 0, 105000, 105000
2015, RAJASTHAN, 8, JHALAWAR, 96, KHANPUR, 1293, GADARWARA DOONDI, 39207, 1093919, Rural electrification, 0, 0, 0, 0, 0, 0, 520000, 520000
2015, RAJASTHAN, 8, JHALAWAR, 96, KHANPUR, 1293, GADARWARA DOONDI, 39207, 1093919, Sanitation, 0, 0, 0, 0, 0, 0, 150000, 150000
2015, RAJASTHAN, 8, JHALAWAR, 96, KHANPUR, 1293, GADARWARA DOONDI, 39207, 1093919, Total, 0, 0, 0, 0, 0, 0, 1040883, 1040883
2015, RAJASTHAN, 8, JHALAWAR, 96, KHANPUR, 1293, GADARWARA NOORJI, 39208, 1104483, Drinking water, 0, 0, 0, 0, 0, 0, 195000, 195000
2015, RAJASTHAN, 8, JHALAWAR, 96, KHANPUR, 1293, GADARWARA NOORJI, 39208, 1104483, Sanitation, 0, 0, 0, 0, 0, 0, 1240530, 1240530
2015, RAJASTHAN, 8, JHALAWAR, 96, KHANPUR, 1293, GADARWARA NOORJI, 39208, 1104483, Total, 0, 0, 0, 0, 0, 0, 1435530, 1435530
2015, RAJASTHAN, 8, JHALAWAR, 96, KHANPUR, 1293, GOLANA, 39209, 1099823, Rural electrification, 0, 0, 0, 0, 0, 0, 600000, 600000
2015, RAJASTHAN, 8, JHALAWAR, 96, KHANPUR, 1293, GOLANA, 39209, 1099823, Sanitation, 0, 0, 0, 0, 0, 0, 429009, 429009
2015, RAJASTHAN, 8, JHALAWAR, 96, KHANPUR, 1293, GOLANA, 39209, 1099823, Total, 0, 0, 0, 0, 0, 0, 1029009, 1029009
2015, RAJASTHAN, 8, JHALAWAR, 96, KHANPUR, 1293, HARIGARH, 39210, 1092263, Drinking water, 0, 0, 0, 0, 0, 0, 131171, 131171
2015, RAJASTHAN, 8, JHALAWAR, 96, KHANPUR, 1293, HARIGARH, 39210, 1092263, Rural electrification, 0, 0, 0, 0, 0, 0, 250000, 250000
2015, RAJASTHAN, 8, JHALAWAR, 96, KHANPUR, 1293, HARIGARH, 39210, 1092263, Sanitation, 0, 0, 0, 0, 0, 0, 887000, 887000
2015, RAJASTHAN, 8, JHALAWAR, 96, KHANPUR, 1293, HARIGARH, 39210, 1092263, Total, 0, 0, 0, 0, 0, 0, 1268171, 1268171
2015, RAJASTHAN, 8, JHALAWAR, 96, KHANPUR, 1293, JARGA, 39211, 1103572, Drinking water, 0, 0, 0, 0, 0, 0, 135000, 135000
2015, RAJASTHAN, 8, JHALAWAR, 96, KHANPUR, 1293, JARGA, 39211, 1103572, Health, 0, 0, 0, 0, 0, 0, 100000, 100000
2015, RAJASTHAN, 8, JHALAWAR, 96, KHANPUR, 1293, JARGA, 39211, 1103572, Land improvement, 0, 0, 0, 0, 0, 0, 50000, 50000
2015, RAJASTHAN, 8, JHALAWAR, 96, KHANPUR, 1293, JARGA, 39211, 1103572, Rural electrification, 0, 0, 0, 0, 0, 0, 182462, 182462
2015, RAJASTHAN, 8, JHALAWAR, 96, KHANPUR, 1293, JARGA, 39211, 1103572, Sanitation, 0, 0, 0, 0, 0, 0, 350000, 350000
2015, RAJASTHAN, 8, JHALAWAR, 96, KHANPUR, 1293, JARGA, 39211, 1103572, Total, 0, 0, 0, 0, 0, 0, 817462, 817462
2015, RAJASTHAN, 8, JHALAWAR, 96, KHANPUR, 1293, JOLPA, 39212, 1096196, Drinking water, 0, 0, 0, 0, 0, 0, 240555, 240555
2015, RAJASTHAN, 8, JHALAWAR, 96, KHANPUR, 1293, JOLPA, 39212, 1096196, Rural electrification, 0, 0, 0, 0, 0, 0, 1000000, 1000000
2015, RAJASTHAN, 8, JHALAWAR, 96, KHANPUR, 1293, JOLPA, 39212, 1096196, Total, 0, 0, 0, 0, 0, 0, 1240555, 1240555
2015, RAJASTHAN, 8, JHALAWAR, 96, KHANPUR, 1293, KANWALDA, 39213, 1095823, Administrative & Technical Support, 0, 0, 0, 0, 0, 0, 400000, 400000
2015, RAJASTHAN, 8, JHALAWAR, 96, KHANPUR, 1293, KANWALDA, 39213, 1095823, Education, 0, 0, 0, 0, 0, 0, 110000, 110000
2015, RAJASTHAN, 8, JHALAWAR, 96, KHANPUR, 1293, KANWALDA, 39213, 1095823, Rural electrification, 0, 0, 0, 0, 0, 0, 299000, 299000
2015, RAJASTHAN, 8, JHALAWAR, 96, KHANPUR, 1293, KANWALDA, 39213, 1095823, Sanitation, 0, 0, 0, 0, 0, 0, 86894, 86894
2015, RAJASTHAN, 8, JHALAWAR, 96, KHANPUR, 1293, KANWALDA, 39213, 1095823, Total, 0, 0, 0, 0, 0, 0, 895894, 895894
2015, RAJASTHAN, 8, JHALAWAR, 96, KHANPUR, 1293, KANWARPURA MANDWALAN, 39214, 1100848, Drinking water, 0, 0, 0, 0, 0, 0, 400000, 400000
2015, RAJASTHAN, 8, JHALAWAR, 96, KHANPUR, 1293, KANWARPURA MANDWALAN, 39214, 1100848, Rural electrification, 0, 0, 0, 0, 0, 0, 250000, 250000
2015, RAJASTHAN, 8, JHALAWAR, 96, KHANPUR, 1293, KANWARPURA MANDWALAN, 39214, 1100848, Total, 0, 0, 0, 0, 0, 0, 906942, 906942
2015, RAJASTHAN, 8, JHALAWAR, 96, KHANPUR, 1293, KANWARPURA MANDWALAN, 39214, 1100848, Women and child development, 0, 0, 0, 0, 0, 0, 256942, 256942
2015, RAJASTHAN, 8, JHALAWAR, 96, KHANPUR, 1293, KARANWAS, 39215, 1094801, Sanitation, 0, 0, 0, 0, 0, 0, 279574, 279574
2015, RAJASTHAN, 8, JHALAWAR, 96, KHANPUR, 1293, KARANWAS, 39215, 1094801, Total, 0, 0, 0, 0, 0, 0, 979574, 979574
2015, RAJASTHAN, 8, JHALAWAR, 96, KHANPUR, 1293, KARANWAS, 39215, 1094801, Women and child development, 0, 0, 0, 0, 0, 0, 700000, 700000
2015, RAJASTHAN, 8, JHALAWAR, 96, KHANPUR, 1293, KHANDI, 39216, 1104501, Rural electrification, 0, 0, 0, 0, 0, 0, 903904, 903904
2015, RAJASTHAN, 8, JHALAWAR, 96, KHANPUR, 1293, KHANDI, 39216, 1104501, Total, 0, 0, 0, 0, 0, 0, 903904, 903904
2015, RAJASTHAN, 8, JHALAWAR, 96, KHANPUR, 1293, KHANPUR, 39217, 1116765, Drinking water, 0, 0, 0, 0, 0, 0, 265285, 265285
2015, RAJASTHAN, 8, JHALAWAR, 96, KHANPUR, 1293, KHANPUR, 39217, 1116765, Land improvement, 0, 0, 0, 0, 0, 0, 500000, 500000
2015, RAJASTHAN, 8, JHALAWAR, 96, KHANPUR, 1293, KHANPUR, 39217, 1116765, Rural electrification, 0, 0, 0, 0, 0, 0, 300000, 300000
2015, RAJASTHAN, 8, JHALAWAR, 96, KHANPUR, 1293, KHANPUR, 39217, 1116765, Sanitation, 0, 0, 0, 0, 0, 0, 3799998, 3799998
2015, RAJASTHAN, 8, JHALAWAR, 96, KHANPUR, 1293, KHANPUR, 39217, 1116765, Total, 0, 0, 0, 0, 0, 0, 4865283, 4865283
2015, RAJASTHAN, 8, JHALAWAR, 96, KHANPUR, 1293, KHERA, 39218, 1093719, Drinking water, 0, 0, 0, 0, 0, 0, 70000, 70000
2015, RAJASTHAN, 8, JHALAWAR, 96, KHANPUR, 1293, KHERA, 39218, 1093719, Maintenance of community system, 0, 0, 0, 0, 0, 0, 50000, 50000
2015, RAJASTHAN, 8, JHALAWAR, 96, KHANPUR, 1293, KHERA, 39218, 1093719, Rural electrification, 0, 0, 0, 0, 0, 0, 232000, 232000
2015, RAJASTHAN, 8, JHALAWAR, 96, KHANPUR, 1293, KHERA, 39218, 1093719, Sanitation, 0, 0, 0, 0, 0, 0, 300589, 300589
2015, RAJASTHAN, 8, JHALAWAR, 96, KHANPUR, 1293, KHERA, 39218, 1093719, Total, 0, 0, 0, 0, 0, 0, 652589, 652589
2015, RAJASTHAN, 8, JHALAWAR, 96, KHANPUR, 1293, LAYPHAL, 39219, 1093787, Drinking water, 0, 0, 0, 0, 0, 0, 240000, 240000
2015, RAJASTHAN, 8, JHALAWAR, 96, KHANPUR, 1293, LAYPHAL, 39219, 1093787, Rural electrification, 0, 0, 0, 0, 0, 0, 408170, 408170
2015, RAJASTHAN, 8, JHALAWAR, 96, KHANPUR, 1293, LAYPHAL, 39219, 1093787, Total, 0, 0, 0, 0, 0, 0, 648170, 648170
2015, RAJASTHAN, 8, JHALAWAR, 96, KHANPUR, 1293, LEEMI, 39220, 1091785, Drinking water, 0, 0, 0, 0, 0, 0, 210000, 210000
2015, RAJASTHAN, 8, JHALAWAR, 96, KHANPUR, 1293, LEEMI, 39220, 1091785, Rural electrification, 0, 0, 0, 0, 0, 0, 420000, 420000
2015, RAJASTHAN, 8, JHALAWAR, 96, KHANPUR, 1293, LEEMI, 39220, 1091785, Sanitation, 0, 0, 0, 0, 0, 0, 589566, 589566
2015, RAJASTHAN, 8, JHALAWAR, 96, KHANPUR, 1293, LEEMI, 39220, 1091785, Total, 0, 0, 0, 0, 0, 0, 1219566, 1219566
2015, RAJASTHAN, 8, JHALAWAR, 96, KHANPUR, 1293, MALAN WASA, 39221, 1114319, Sanitation, 0, 0, 0, 0, 0, 0, 1289989, 1289989
2015, RAJASTHAN, 8, JHALAWAR, 96, KHANPUR, 1293, MALAN WASA, 39221, 1114319, Total, 0, 0, 0, 0, 0, 0, 1289989, 1289989
2015, RAJASTHAN, 8, JHALAWAR, 96, KHANPUR, 1293, MARAITA, 39222, 1095917, Drinking water, 0, 0, 0, 0, 0, 0, 471899, 471899
2015, RAJASTHAN, 8, JHALAWAR, 96, KHANPUR, 1293, MARAITA, 39222, 1095917, Sanitation, 0, 0, 0, 0, 0, 0, 490000, 490000
2015, RAJASTHAN, 8, JHALAWAR, 96, KHANPUR, 1293, MARAITA, 39222, 1095917, Total, 0, 0, 0, 0, 0, 0, 961899, 961899
2015, RAJASTHAN, 8, JHALAWAR, 96, KHANPUR, 1293, MAUBORDA, 39203, 1095979, Drinking water, 0, 0, 0, 0, 0, 0, 463094, 463094
2015, RAJASTHAN, 8, JHALAWAR, 96, KHANPUR, 1293, MAUBORDA, 39203, 1095979, Health, 0, 0, 0, 0, 0, 0, 800000, 800000
2015, RAJASTHAN, 8, JHALAWAR, 96, KHANPUR, 1293, MAUBORDA, 39203, 1095979, Sanitation, 0, 0, 0, 0, 0, 0, 152000, 152000
2015, RAJASTHAN, 8, JHALAWAR, 96, KHANPUR, 1293, MAUBORDA, 39203, 1095979, Total, 0, 0, 0, 0, 0, 0, 1415094, 1415094
2015, RAJASTHAN, 8, JHALAWAR, 96, KHANPUR, 1293, MOONDLA, 39223, 1101082, Drinking water, 0, 0, 0, 0, 0, 0, 306415, 306415
2015, RAJASTHAN, 8, JHALAWAR, 96, KHANPUR, 1293, MOONDLA, 39223, 1101082, Rural electrification, 0, 0, 0, 0, 0, 0, 900000, 900000
2015, RAJASTHAN, 8, JHALAWAR, 96, KHANPUR, 1293, MOONDLA, 39223, 1101082, Sanitation, 0, 0, 0, 0, 0, 0, 125000, 125000
2015, RAJASTHAN, 8, JHALAWAR, 96, KHANPUR, 1293, MOONDLA, 39223, 1101082, Total, 0, 0, 0, 0, 0, 0, 1331415, 1331415
2015, RAJASTHAN, 8, JHALAWAR, 96, KHANPUR, 1293, MORI, 39224, 1092929, Rural electrification, 0, 0, 0, 0, 0, 0, 480000, 480000
2015, RAJASTHAN, 8, JHALAWAR, 96, KHANPUR, 1293, MORI, 39224, 1092929, Sanitation, 0, 0, 0, 0, 0, 0, 160162, 160162
2015, RAJASTHAN, 8, JHALAWAR, 96, KHANPUR, 1293, MORI, 39224, 1092929, Total, 0, 0, 0, 0, 0, 0, 640162, 640162
2015, RAJASTHAN, 8, JHALAWAR, 96, KHANPUR, 1293, PAKHRANA, 39225, 1103935, Rural electrification, 0, 0, 0, 0, 0, 0, 450000, 450000
2015, RAJASTHAN, 8, JHALAWAR, 96, KHANPUR, 1293, PAKHRANA, 39225, 1103935, Sanitation, 0, 0, 0, 0, 0, 0, 358349, 358349
2015, RAJASTHAN, 8, JHALAWAR, 96, KHANPUR, 1293, PAKHRANA, 39225, 1103935, Total, 0, 0, 0, 0, 0, 0, 808349, 808349
2015, RAJASTHAN, 8, JHALAWAR, 96, KHANPUR, 1293, PANWAR, 39226, 1092479, Drinking water, 0, 0, 0, 0, 0, 0, 190000, 190000
2015, RAJASTHAN, 8, JHALAWAR, 96, KHANPUR, 1293, PANWAR, 39226, 1092479, Health, 0, 0, 0, 0, 0, 0, 250000, 250000
2015, RAJASTHAN, 8, JHALAWAR, 96, KHANPUR, 1293, PANWAR, 39226, 1092479, Maintenance of community system, 0, 0, 0, 0, 0, 0, 205000, 205000
2015, RAJASTHAN, 8, JHALAWAR, 96, KHANPUR, 1293, PANWAR, 39226, 1092479, Public distribution system, 0, 0, 0, 0, 0, 0, 220000, 220000
2015, RAJASTHAN, 8, JHALAWAR, 96, KHANPUR, 1293, PANWAR, 39226, 1092479, Rural electrification, 0, 0, 0, 0, 0, 0, 584000, 584000
2015, RAJASTHAN, 8, JHALAWAR, 96, KHANPUR, 1293, PANWAR, 39226, 1092479, Sanitation, 0, 0, 0, 0, 0, 0, 267671, 267671
2015, RAJASTHAN, 8, JHALAWAR, 96, KHANPUR, 1293, PANWAR, 39226, 1092479, Total, 0, 0, 0, 0, 0, 0, 1716671, 1716671
2015, RAJASTHAN, 8, JHALAWAR, 96, KHANPUR, 1293, PIPLAJ, 39227, 1094731, Drinking water, 0, 0, 0, 0, 0, 0, 1499536, 1499536
2015, RAJASTHAN, 8, JHALAWAR, 96, KHANPUR, 1293, PIPLAJ, 39227, 1094731, Sanitation, 0, 0, 0, 0, 0, 0, 250000, 250000
2015, RAJASTHAN, 8, JHALAWAR, 96, KHANPUR, 1293, PIPLAJ, 39227, 1094731, Total, 0, 0, 0, 0, 0, 0, 1749536, 1749536
2015, RAJASTHAN, 8, JHALAWAR, 96, KHANPUR, 1293, SARKHANDIYA, 39228, 1094820, Education, 0, 0, 0, 0, 0, 0, 527396, 527396
2015, RAJASTHAN, 8, JHALAWAR, 96, KHANPUR, 1293, SARKHANDIYA, 39228, 1094820, Sanitation, 0, 0, 0, 0, 0, 0, 540000, 540000
2015, RAJASTHAN, 8, JHALAWAR, 96, KHANPUR, 1293, SARKHANDIYA, 39228, 1094820, Total, 0, 0, 0, 0, 0, 0, 1067396, 1067396
2015, RAJASTHAN, 8, JHALAWAR, 96, KHANPUR, 1293, SAROLA KALAN, 39229, 1095793, Drinking water, 0, 0, 0, 0, 0, 0, 177000, 177000
2015, RAJASTHAN, 8, JHALAWAR, 96, KHANPUR, 1293, SAROLA KALAN, 39229, 1095793, Sanitation, 0, 0, 0, 0, 0, 0, 2019655, 2019655
2015, RAJASTHAN, 8, JHALAWAR, 96, KHANPUR, 1293, SAROLA KALAN, 39229, 1095793, Total, 0, 0, 0, 0, 0, 0, 2196655, 2196655
2015, RAJASTHAN, 8, JHALAWAR, 96, KHANPUR, 1293, SHYONAGAR DHANI, 39230, 1099741, Drinking water, 0, 0, 0, 0, 0, 0, 725000, 725000
2015, RAJASTHAN, 8, JHALAWAR, 96, KHANPUR, 1293, SHYONAGAR DHANI, 39230, 1099741, Sanitation, 0, 0, 0, 0, 0, 0, 619947, 619947
2015, RAJASTHAN, 8, JHALAWAR, 96, KHANPUR, 1293, SHYONAGAR DHANI, 39230, 1099741, Total, 0, 0, 0, 0, 0, 0, 1344947, 1344947
2015, RAJASTHAN, 8, JHALAWAR, 96, KHANPUR, 1293, SOJ PUR, 39231, 1101055, Drinking water, 0, 0, 0, 0, 0, 0, 350000, 350000
2015, RAJASTHAN, 8, JHALAWAR, 96, KHANPUR, 1293, SOJ PUR, 39231, 1101055, Maintenance of community system, 0, 0, 0, 0, 0, 0, 200000, 200000
2015, RAJASTHAN, 8, JHALAWAR, 96, KHANPUR, 1293, SOJ PUR, 39231, 1101055, Rural electrification, 0, 0, 0, 0, 0, 0, 150000, 150000
2015, RAJASTHAN, 8, JHALAWAR, 96, KHANPUR, 1293, SOJ PUR, 39231, 1101055, Sanitation, 0, 0, 0, 0, 0, 0, 359387, 359387
2015, RAJASTHAN, 8, JHALAWAR, 96, KHANPUR, 1293, SOJ PUR, 39231, 1101055, Total, 0, 0, 0, 0, 0, 0, 1059387, 1059387
2015, RAJASTHAN, 8, JHALAWAR, 96, KHANPUR, 1293, SOOMAR, 39232, 1091256, Drinking water, 0, 0, 0, 0, 0, 0, 754730, 754730
2015, RAJASTHAN, 8, JHALAWAR, 96, KHANPUR, 1293, SOOMAR, 39232, 1091256, Maintenance of community system, 0, 0, 0, 0, 0, 0, 100000, 100000
2015, RAJASTHAN, 8, JHALAWAR, 96, KHANPUR, 1293, SOOMAR, 39232, 1091256, Roads, 0, 0, 0, 0, 0, 0, 52000, 52000
2015, RAJASTHAN, 8, JHALAWAR, 96, KHANPUR, 1293, SOOMAR, 39232, 1091256, Sanitation, 0, 0, 0, 0, 0, 0, 275000, 275000
2015, RAJASTHAN, 8, JHALAWAR, 96, KHANPUR, 1293, SOOMAR, 39232, 1091256, Total, 0, 0, 0, 0, 0, 0, 1181730, 1181730
2015, RAJASTHAN, 8, JHALAWAR, 96, KHANPUR, 1293, TARAJ, 39233, 1096261, Drinking water, 0, 0, 0, 0, 0, 0, 499246, 499246
2015, RAJASTHAN, 8, JHALAWAR, 96, KHANPUR, 1293, TARAJ, 39233, 1096261, Education, 0, 0, 0, 0, 0, 0, 1300000, 1300000
2015, RAJASTHAN, 8, JHALAWAR, 96, KHANPUR, 1293, TARAJ, 39233, 1096261, Total, 0, 0, 0, 0, 0, 0, 1799246, 1799246
2015, RAJASTHAN, 8, JHALAWAR, 96, MANOHARTHANA, 1294, ANWAL HERA, 39235, 1117298, Roads, 0, 0, 0, 0, 0, 0, 1555664, 1555664
2015, RAJASTHAN, 8, JHALAWAR, 96, MANOHARTHANA, 1294, ANWAL HERA, 39235, 1117298, Total, 0, 0, 0, 0, 0, 0, 1555664, 1555664
2015, RAJASTHAN, 8, JHALAWAR, 96, MANOHARTHANA, 1294, BANETH, 39236, 1119964, Cultural activities, 0, 0, 0, 0, 0, 0, 192137, 192137
2015, RAJASTHAN, 8, JHALAWAR, 96, MANOHARTHANA, 1294, BANETH, 39236, 1119964, Drinking water, 0, 0, 0, 0, 0, 0, 192135, 192135
2015, RAJASTHAN, 8, JHALAWAR, 96, MANOHARTHANA, 1294, BANETH, 39236, 1119964, Roads, 0, 0, 0, 0, 0, 0, 960675, 960675
2015, RAJASTHAN, 8, JHALAWAR, 96, MANOHARTHANA, 1294, BANETH, 39236, 1119964, Total, 0, 0, 0, 0, 0, 0, 1344947, 1344947
2015, RAJASTHAN, 8, JHALAWAR, 96, MANOHARTHANA, 1294, BANS KHERA, 39237, 1118139, Sanitation, 0, 0, 0, 0, 0, 0, 1846195, 1846195
2015, RAJASTHAN, 8, JHALAWAR, 96, MANOHARTHANA, 1294, BANS KHERA, 39237, 1118139, Total, 0, 0, 0, 0, 0, 0, 1846195, 1846195
2015, RAJASTHAN, 8, JHALAWAR, 96, MANOHARTHANA, 1294, BANSKHERI MEWATIYAN, 39238, 1117363, Drinking water, 0, 0, 0, 0, 0, 0, 766665, 766665
2015, RAJASTHAN, 8, JHALAWAR, 96, MANOHARTHANA, 1294, BANSKHERI MEWATIYAN, 39238, 1117363, Sanitation, 0, 0, 0, 0, 0, 0, 867432, 867432
2015, RAJASTHAN, 8, JHALAWAR, 96, MANOHARTHANA, 1294, BANSKHERI MEWATIYAN, 39238, 1117363, Total, 0, 0, 0, 0, 0, 0, 1634097, 1634097
2015, RAJASTHAN, 8, JHALAWAR, 96, MANOHARTHANA, 1294, BARRAWADA, 39239, 1118017, Drinking water, 0, 0, 0, 0, 0, 0, 871406, 871406
2015, RAJASTHAN, 8, JHALAWAR, 96, MANOHARTHANA, 1294, BARRAWADA, 39239, 1118017, Sanitation, 0, 0, 0, 0, 0, 0, 435705, 435705
2015, RAJASTHAN, 8, JHALAWAR, 96, MANOHARTHANA, 1294, BARRAWADA, 39239, 1118017, Total, 0, 0, 0, 0, 0, 0, 1307111, 1307111
2015, RAJASTHAN, 8, JHALAWAR, 96, MANOHARTHANA, 1294, CHANDIPUR, 39241, 1117376, Drinking water, 0, 0, 0, 0, 0, 0, 1032875, 1032875
2015, RAJASTHAN, 8, JHALAWAR, 96, MANOHARTHANA, 1294, CHANDIPUR, 39241, 1117376, Sanitation, 0, 0, 0, 0, 0, 0, 516437, 516437
2015, RAJASTHAN, 8, JHALAWAR, 96, MANOHARTHANA, 1294, CHANDIPUR, 39241, 1117376, Total, 0, 0, 0, 0, 0, 0, 1549312, 1549312
2015, RAJASTHAN, 8, JHALAWAR, 96, MANOHARTHANA, 1294, CHANDPURABHEELAN, 39240, 1119263, Cultural activities, 0, 0, 0, 0, 0, 0, 150000, 150000
2015, RAJASTHAN, 8, JHALAWAR, 96, MANOHARTHANA, 1294, CHANDPURABHEELAN, 39240, 1119263, Drinking water, 0, 0, 0, 0, 0, 0, 185860, 185860
2015, RAJASTHAN, 8, JHALAWAR, 96, MANOHARTHANA, 1294, CHANDPURABHEELAN, 39240, 1119263, Roads, 0, 0, 0, 0, 0, 0, 900000, 900000
2015, RAJASTHAN, 8, JHALAWAR, 96, MANOHARTHANA, 1294, CHANDPURABHEELAN, 39240, 1119263, Total, 0, 0, 0, 0, 0, 0, 1235860, 1235860
2015, RAJASTHAN, 8, JHALAWAR, 96, MANOHARTHANA, 1294, DANGIPURA, 39243, 1118588, Drinking water, 0, 0, 0, 0, 0, 0, 492000, 492000
2015, RAJASTHAN, 8, JHALAWAR, 96, MANOHARTHANA, 1294, DANGIPURA, 39243, 1118588, Roads, 0, 0, 0, 0, 0, 0, 617650, 617650
2015, RAJASTHAN, 8, JHALAWAR, 96, MANOHARTHANA, 1294, DANGIPURA, 39243, 1118588, Total, 0, 0, 0, 0, 0, 0, 1109650, 1109650
2015, RAJASTHAN, 8, JHALAWAR, 96, MANOHARTHANA, 1294, GARBOLIYA, 39246, 1125789, Roads, 0, 0, 0, 0, 0, 0, 1646248, 1646248
2015, RAJASTHAN, 8, JHALAWAR, 96, MANOHARTHANA, 1294, GARBOLIYA, 39246, 1125789, Total, 0, 0, 0, 0, 0, 0, 1646248, 1646248
2015, RAJASTHAN, 8, JHALAWAR, 96, MANOHARTHANA, 1294, JAWAR, 39247, 1117620, Roads, 0, 0, 0, 0, 0, 0, 1293358, 1293358
2015, RAJASTHAN, 8, JHALAWAR, 96, MANOHARTHANA, 1294, JAWAR, 39247, 1117620, Sanitation, 0, 0, 0, 0, 0, 0, 323339, 323339
2015, RAJASTHAN, 8, JHALAWAR, 96, MANOHARTHANA, 1294, JAWAR, 39247, 1117620, Total, 0, 0, 0, 0, 0, 0, 1616697, 1616697
2015, RAJASTHAN, 8, JHALAWAR, 96, MANOHARTHANA, 1294, KAMKHERA, 39248, 1117946, Drinking water, 0, 0, 0, 0, 0, 0, 745104, 745104
2015, RAJASTHAN, 8, JHALAWAR, 96, MANOHARTHANA, 1294, KAMKHERA, 39248, 1117946, Roads, 0, 0, 0, 0, 0, 0, 248372, 248372
2015, RAJASTHAN, 8, JHALAWAR, 96, MANOHARTHANA, 1294, KAMKHERA, 39248, 1117946, Sanitation, 0, 0, 0, 0, 0, 0, 496736, 496736
2015, RAJASTHAN, 8, JHALAWAR, 96, MANOHARTHANA, 1294, KAMKHERA, 39248, 1117946, Total, 0, 0, 0, 0, 0, 0, 1490212, 1490212
2015, RAJASTHAN, 8, JHALAWAR, 96, MANOHARTHANA, 1294, KHATA KHERI, 39250, 1118106, Rural housing, 0, 0, 0, 0, 0, 0, 1312911, 1312911
2015, RAJASTHAN, 8, JHALAWAR, 96, MANOHARTHANA, 1294, KHATA KHERI, 39250, 1118106, Total, 0, 0, 0, 0, 0, 0, 1312911, 1312911
2015, RAJASTHAN, 8, JHALAWAR, 96, MANOHARTHANA, 1294, KHER KHERA, 39251, 1125798, Roads, 0, 0, 0, 0, 0, 0, 1522800, 1522800
2015, RAJASTHAN, 8, JHALAWAR, 96, MANOHARTHANA, 1294, KHER KHERA, 39251, 1125798, Total, 0, 0, 0, 0, 0, 0, 1522800, 1522800
2015, RAJASTHAN, 8, JHALAWAR, 96, MANOHARTHANA, 1294, KOLOO KHERI MALIYAN, 39253, 1118043, Roads, 0, 0, 0, 0, 0, 0, 1537161, 1537161
2015, RAJASTHAN, 8, JHALAWAR, 96, MANOHARTHANA, 1294, KOLOO KHERI MALIYAN, 39253, 1118043, Total, 0, 0, 0, 0, 0, 0, 1537161, 1537161
2015, RAJASTHAN, 8, JHALAWAR, 96, MANOHARTHANA, 1294, KOLOOKHERI KALAN, 39252, 1125846, Roads, 0, 0, 0, 0, 0, 0, 1621945, 1621945
2015, RAJASTHAN, 8, JHALAWAR, 96, MANOHARTHANA, 1294, KOLOOKHERI KALAN, 39252, 1125846, Total, 0, 0, 0, 0, 0, 0, 1621945, 1621945
2015, RAJASTHAN, 8, JHALAWAR, 96, MANOHARTHANA, 1294, MANAPSAR, 39256, 1159282, Roads, 0, 0, 0, 0, 0, 0, 265134, 265134
2015, RAJASTHAN, 8, JHALAWAR, 96, MANOHARTHANA, 1294, MANAPSAR, 39256, 1159282, Rural housing, 0, 0, 0, 0, 0, 0, 1000000, 1000000
2015, RAJASTHAN, 8, JHALAWAR, 96, MANOHARTHANA, 1294, MANAPSAR, 39256, 1159282, Total, 0, 0, 0, 0, 0, 0, 1265134, 1265134
2015, RAJASTHAN, 8, JHALAWAR, 96, MANOHARTHANA, 1294, MANOHARTHANA, 39257, 1125804, Roads, 0, 0, 0, 0, 0, 0, 3118509, 3118509
2015, RAJASTHAN, 8, JHALAWAR, 96, MANOHARTHANA, 1294, MANOHARTHANA, 39257, 1125804, Total, 0, 0, 0, 0, 0, 0, 3118509, 3118509
2015, RAJASTHAN, 8, JHALAWAR, 96, MANOHARTHANA, 1294, PINDOLA, 39261, 1119201, Roads, 0, 0, 0, 0, 0, 0, 1397143, 1397143
2015, RAJASTHAN, 8, JHALAWAR, 96, MANOHARTHANA, 1294, PINDOLA, 39261, 1119201, Total, 0, 0, 0, 0, 0, 0, 1397143, 1397143
2015, RAJASTHAN, 8, JHALAWAR, 96, MANOHARTHANA, 1294, RANWASYA, 39262, 1125812, Roads, 0, 0, 0, 0, 0, 0, 1525838, 1525838
2015, RAJASTHAN, 8, JHALAWAR, 96, MANOHARTHANA, 1294, RANWASYA, 39262, 1125812, Total, 0, 0, 0, 0, 0, 0, 1525838, 1525838
2015, RAJASTHAN, 8, JHALAWAR, 96, MANOHARTHANA, 1294, SAMROL, 39263, 1125830, Drinking water, 0, 0, 0, 0, 0, 0, 350390, 350390
2015, RAJASTHAN, 8, JHALAWAR, 96, MANOHARTHANA, 1294, SAMROL, 39263, 1125830, Roads, 0, 0, 0, 0, 0, 0, 700782, 700782
2015, RAJASTHAN, 8, JHALAWAR, 96, MANOHARTHANA, 1294, SAMROL, 39263, 1125830, Sanitation, 0, 0, 0, 0, 0, 0, 350390, 350390
2015, RAJASTHAN, 8, JHALAWAR, 96, MANOHARTHANA, 1294, SAMROL, 39263, 1125830, Total, 0, 0, 0, 0, 0, 0, 1401562, 1401562
2015, RAJASTHAN, 8, JHALAWAR, 96, MANOHARTHANA, 1294, SARERI, 39264, 1159695, Roads, 0, 0, 0, 0, 0, 0, 1009898, 1009898
2015, RAJASTHAN, 8, JHALAWAR, 96, MANOHARTHANA, 1294, SARERI, 39264, 1159695, Sanitation, 0, 0, 0, 0, 0, 0, 252474, 252474
2015, RAJASTHAN, 8, JHALAWAR, 96, MANOHARTHANA, 1294, SARERI, 39264, 1159695, Total, 0, 0, 0, 0, 0, 0, 1262372, 1262372
2015, RAJASTHAN, 8, JHALAWAR, 96, MANOHARTHANA, 1294, SEMLIHAT, 39266, 1118128, Roads, 0, 0, 0, 0, 0, 0, 1462872, 1462872
2015, RAJASTHAN, 8, JHALAWAR, 96, MANOHARTHANA, 1294, SEMLIHAT, 39266, 1118128, Total, 0, 0, 0, 0, 0, 0, 1462872, 1462872
2015, RAJASTHAN, 8, JHALAWAR, 96, MANOHARTHANA, 1294, SHORTI, 39267, 1118092, Drinking water, 0, 0, 0, 0, 0, 0, 516437, 516437
2015, RAJASTHAN, 8, JHALAWAR, 96, MANOHARTHANA, 1294, SHORTI, 39267, 1118092, Roads, 0, 0, 0, 0, 0, 0, 516439, 516439
2015, RAJASTHAN, 8, JHALAWAR, 96, MANOHARTHANA, 1294, SHORTI, 39267, 1118092, Sanitation, 0, 0, 0, 0, 0, 0, 1032874, 1032874
2015, RAJASTHAN, 8, JHALAWAR, 96, MANOHARTHANA, 1294, SHORTI, 39267, 1118092, Total, 0, 0, 0, 0, 0, 0, 2065750, 2065750
2015, RAJASTHAN, 8, JHALAWAR, 96, MANOHARTHANA, 1294, THEEKRIYA, 39270, 1117114, Roads, 0, 0, 0, 0, 0, 0, 772171, 772171
2015, RAJASTHAN, 8, JHALAWAR, 96, MANOHARTHANA, 1294, THEEKRIYA, 39270, 1117114, Sanitation, 0, 0, 0, 0, 0, 0, 386085, 386085
2015, RAJASTHAN, 8, JHALAWAR, 96, MANOHARTHANA, 1294, THEEKRIYA, 39270, 1117114, Total, 0, 0, 0, 0, 0, 0, 1158256, 1158256
2015, RAJASTHAN, 8, JHALAWAR, 96, MANOHARTHANA, 1294, TODRI JAGANNATH, 39271, 1125840, Roads, 0, 0, 0, 0, 0, 0, 1398800, 1398800
2015, RAJASTHAN, 8, JHALAWAR, 96, MANOHARTHANA, 1294, TODRI JAGANNATH, 39271, 1125840, Total, 0, 0, 0, 0, 0, 0, 1398800, 1398800
2015, RAJASTHAN, 8, JHALAWAR, 96, MANOHARTHANA, 1294, TODRI MEERAN, 39272, 1118771, Roads, 0, 0, 0, 0, 0, 0, 675568, 675568
2015, RAJASTHAN, 8, JHALAWAR, 96, MANOHARTHANA, 1294, TODRI MEERAN, 39272, 1118771, Sanitation, 0, 0, 0, 0, 0, 0, 450376, 450376
2015, RAJASTHAN, 8, JHALAWAR, 96, MANOHARTHANA, 1294, TODRI MEERAN, 39272, 1118771, Total, 0, 0, 0, 0, 0, 0, 1125944, 1125944
2015, RAJASTHAN, 8, JHALAWAR, 96, PIRAWA (SUNEL), 1295, BANOR, 39274, 1104827, Cultural activities, 0, 0, 0, 0, 0, 0, 121667, 121667
2015, RAJASTHAN, 8, JHALAWAR, 96, PIRAWA (SUNEL), 1295, BANOR, 39274, 1104827, Drinking water, 0, 0, 0, 0, 0, 0, 245099, 245099
2015, RAJASTHAN, 8, JHALAWAR, 96, PIRAWA (SUNEL), 1295, BANOR, 39274, 1104827, Roads, 0, 0, 0, 0, 0, 0, 662795, 662795
2015, RAJASTHAN, 8, JHALAWAR, 96, PIRAWA (SUNEL), 1295, BANOR, 39274, 1104827, Total, 0, 0, 0, 0, 0, 0, 1029561, 1029561
2015, RAJASTHAN, 8, JHALAWAR, 96, PIRAWA (SUNEL), 1295, BOLIYA BUJURG, 39275, 1104231, Roads, 0, 0, 0, 0, 0, 0, 1019619, 1019619
2015, RAJASTHAN, 8, JHALAWAR, 96, PIRAWA (SUNEL), 1295, BOLIYA BUJURG, 39275, 1104231, Total, 0, 0, 0, 0, 0, 0, 1019619, 1019619
2015, RAJASTHAN, 8, JHALAWAR, 96, PIRAWA (SUNEL), 1295, CHACHHLAO, 39276, 1115198, Cultural activities, 0, 0, 0, 0, 0, 0, 251520, 251520
2015, RAJASTHAN, 8, JHALAWAR, 96, PIRAWA (SUNEL), 1295, CHACHHLAO, 39276, 1115198, Roads, 0, 0, 0, 0, 0, 0, 503047, 503047
2015, RAJASTHAN, 8, JHALAWAR, 96, PIRAWA (SUNEL), 1295, CHACHHLAO, 39276, 1115198, Social welfare, 0, 0, 0, 0, 0, 0, 251520, 251520
2015, RAJASTHAN, 8, JHALAWAR, 96, PIRAWA (SUNEL), 1295, CHACHHLAO, 39276, 1115198, Total, 0, 0, 0, 0, 0, 0, 1006087, 1006087
2015, RAJASTHAN, 8, JHALAWAR, 96, PIRAWA (SUNEL), 1295, DABLA BHOJ, 39277, 1115089, Drinking water, 0, 0, 0, 0, 0, 0, 751410, 751410
2015, RAJASTHAN, 8, JHALAWAR, 96, PIRAWA (SUNEL), 1295, DABLA BHOJ, 39277, 1115089, Roads, 0, 0, 0, 0, 0, 0, 150284, 150284
2015, RAJASTHAN, 8, JHALAWAR, 96, PIRAWA (SUNEL), 1295, DABLA BHOJ, 39277, 1115089, Total, 0, 0, 0, 0, 0, 0, 901694, 901694
2015, RAJASTHAN, 8, JHALAWAR, 96, PIRAWA (SUNEL), 1295, DANTA, 39278, 1115153, Drinking water, 0, 0, 0, 0, 0, 0, 723075, 723075
2015, RAJASTHAN, 8, JHALAWAR, 96, PIRAWA (SUNEL), 1295, DANTA, 39278, 1115153, Roads, 0, 0, 0, 0, 0, 0, 697266, 697266
2015, RAJASTHAN, 8, JHALAWAR, 96, PIRAWA (SUNEL), 1295, DANTA, 39278, 1115153, Total, 0, 0, 0, 0, 0, 0, 1420341, 1420341
2015, RAJASTHAN, 8, JHALAWAR, 96, PIRAWA (SUNEL), 1295, DEEWAL KHERA, 39279, 1115231, Roads, 0, 0, 0, 0, 0, 0, 963280, 963280
2015, RAJASTHAN, 8, JHALAWAR, 96, PIRAWA (SUNEL), 1295, DEEWAL KHERA, 39279, 1115231, Total, 0, 0, 0, 0, 0, 0, 963280, 963280
2015, RAJASTHAN, 8, JHALAWAR, 96, PIRAWA (SUNEL), 1295, DHABLA KHEENCHI, 39280, 1115227, Cultural activities, 0, 0, 0, 0, 0, 0, 550000, 550000
2015, RAJASTHAN, 8, JHALAWAR, 96, PIRAWA (SUNEL), 1295, DHABLA KHEENCHI, 39280, 1115227, Roads, 0, 0, 0, 0, 0, 0, 564069, 564069
2015, RAJASTHAN, 8, JHALAWAR, 96, PIRAWA (SUNEL), 1295, DHABLA KHEENCHI, 39280, 1115227, Total, 0, 0, 0, 0, 0, 0, 1114069, 1114069
2015, RAJASTHAN, 8, JHALAWAR, 96, PIRAWA (SUNEL), 1295, DHARONIYA, 39281, 1098911, Public distribution system, 0, 0, 0, 0, 0, 0, 700000, 700000
2015, RAJASTHAN, 8, JHALAWAR, 96, PIRAWA (SUNEL), 1295, DHARONIYA, 39281, 1098911, Roads, 0, 0, 0, 0, 0, 0, 349721, 349721
2015, RAJASTHAN, 8, JHALAWAR, 96, PIRAWA (SUNEL), 1295, DHARONIYA, 39281, 1098911, Total, 0, 0, 0, 0, 0, 0, 1049721, 1049721
2015, RAJASTHAN, 8, JHALAWAR, 96, PIRAWA (SUNEL), 1295, DOLA, 39282, 1115188, Roads, 0, 0, 0, 0, 0, 0, 1444920, 1444920
2015, RAJASTHAN, 8, JHALAWAR, 96, PIRAWA (SUNEL), 1295, DOLA, 39282, 1115188, Total, 0, 0, 0, 0, 0, 0, 1444920, 1444920
2015, RAJASTHAN, 8, JHALAWAR, 96, PIRAWA (SUNEL), 1295, DUBALIYA, 39283, 1115224, Cultural activities, 0, 0, 0, 0, 0, 0, 239223, 239223
2015, RAJASTHAN, 8, JHALAWAR, 96, PIRAWA (SUNEL), 1295, DUBALIYA, 39283, 1115224, Roads, 0, 0, 0, 0, 0, 0, 856895, 856895
2015, RAJASTHAN, 8, JHALAWAR, 96, PIRAWA (SUNEL), 1295, DUBALIYA, 39283, 1115224, Total, 0, 0, 0, 0, 0, 0, 1096118, 1096118
2015, RAJASTHAN, 8, JHALAWAR, 96, PIRAWA (SUNEL), 1295, FATEHGARH, 39284, 1104933, Roads, 0, 0, 0, 0, 0, 0, 1151628, 1151628
2015, RAJASTHAN, 8, JHALAWAR, 96, PIRAWA (SUNEL), 1295, FATEHGARH, 39284, 1104933, Total, 0, 0, 0, 0, 0, 0, 1151628, 1151628
2015, RAJASTHAN, 8, JHALAWAR, 96, PIRAWA (SUNEL), 1295, GADIYA, 39285, 1119245, Cultural activities, 0, 0, 0, 0, 0, 0, 1248564, 1248564
2015, RAJASTHAN, 8, JHALAWAR, 96, PIRAWA (SUNEL), 1295, GADIYA, 39285, 1119245, Total, 0, 0, 0, 0, 0, 0, 1248564, 1248564
2015, RAJASTHAN, 8, JHALAWAR, 96, PIRAWA (SUNEL), 1295, GELANI, 39286, 1103723, Drinking water, 0, 0, 0, 0, 0, 0, 1037569, 1037569
2015, RAJASTHAN, 8, JHALAWAR, 96, PIRAWA (SUNEL), 1295, GELANI, 39286, 1103723, Total, 0, 0, 0, 0, 0, 0, 1037569, 1037569
2015, RAJASTHAN, 8, JHALAWAR, 96, PIRAWA (SUNEL), 1295, GOVINDPURA, 39287, 1117895, Drinking water, 0, 0, 0, 0, 0, 0, 449971, 449971
2015, RAJASTHAN, 8, JHALAWAR, 96, PIRAWA (SUNEL), 1295, GOVINDPURA, 39287, 1117895, Roads, 0, 0, 0, 0, 0, 0, 749987, 749987
2015, RAJASTHAN, 8, JHALAWAR, 96, PIRAWA (SUNEL), 1295, GOVINDPURA, 39287, 1117895, Total, 0, 0, 0, 0, 0, 0, 1199958, 1199958
2015, RAJASTHAN, 8, JHALAWAR, 96, PIRAWA (SUNEL), 1295, HARNAWADA GAJA, 39288, 1104315, Cultural activities, 0, 0, 0, 0, 0, 0, 171616, 171616
2015, RAJASTHAN, 8, JHALAWAR, 96, PIRAWA (SUNEL), 1295, HARNAWADA GAJA, 39288, 1104315, Drinking water, 0, 0, 0, 0, 0, 0, 450200, 450200
2015, RAJASTHAN, 8, JHALAWAR, 96, PIRAWA (SUNEL), 1295, HARNAWADA GAJA, 39288, 1104315, Roads, 0, 0, 0, 0, 0, 0, 471816, 471816
2015, RAJASTHAN, 8, JHALAWAR, 96, PIRAWA (SUNEL), 1295, HARNAWADA GAJA, 39288, 1104315, Total, 0, 0, 0, 0, 0, 0, 1093632, 1093632
2015, RAJASTHAN, 8, JHALAWAR, 96, PIRAWA (SUNEL), 1295, HEMRA, 39289, 1104974, Cultural activities, 0, 0, 0, 0, 0, 0, 274773, 274773
2015, RAJASTHAN, 8, JHALAWAR, 96, PIRAWA (SUNEL), 1295, HEMRA, 39289, 1104974, Drinking water, 0, 0, 0, 0, 0, 0, 100000, 100000
2015, RAJASTHAN, 8, JHALAWAR, 96, PIRAWA (SUNEL), 1295, HEMRA, 39289, 1104974, Roads, 0, 0, 0, 0, 0, 0, 1000000, 1000000
2015, RAJASTHAN, 8, JHALAWAR, 96, PIRAWA (SUNEL), 1295, HEMRA, 39289, 1104974, Total, 0, 0, 0, 0, 0, 0, 1374773, 1374773
2015, RAJASTHAN, 8, JHALAWAR, 96, PIRAWA (SUNEL), 1295, HIMMATGARH, 39290, 1115142, Drinking water, 0, 0, 0, 0, 0, 0, 997170, 997170
2015, RAJASTHAN, 8, JHALAWAR, 96, PIRAWA (SUNEL), 1295, HIMMATGARH, 39290, 1115142, Maintenance of community system, 0, 0, 0, 0, 0, 0, 398868, 398868
2015, RAJASTHAN, 8, JHALAWAR, 96, PIRAWA (SUNEL), 1295, HIMMATGARH, 39290, 1115142, Total, 0, 0, 0, 0, 0, 0, 1396038, 1396038
2015, RAJASTHAN, 8, JHALAWAR, 96, PIRAWA (SUNEL), 1295, KADODIYA, 39291, 1115209, Cultural activities, 0, 0, 0, 0, 0, 0, 656591, 656591
2015, RAJASTHAN, 8, JHALAWAR, 96, PIRAWA (SUNEL), 1295, KADODIYA, 39291, 1115209, Roads, 0, 0, 0, 0, 0, 0, 656596, 656596
2015, RAJASTHAN, 8, JHALAWAR, 96, PIRAWA (SUNEL), 1295, KADODIYA, 39291, 1115209, Total, 0, 0, 0, 0, 0, 0, 1313187, 1313187
2015, RAJASTHAN, 8, JHALAWAR, 96, PIRAWA (SUNEL), 1295, KALI TALAI, 39292, 1104354, Cultural activities, 0, 0, 0, 0, 0, 0, 1000000, 1000000
2015, RAJASTHAN, 8, JHALAWAR, 96, PIRAWA (SUNEL), 1295, KALI TALAI, 39292, 1104354, Roads, 0, 0, 0, 0, 0, 0, 446854, 446854
2015, RAJASTHAN, 8, JHALAWAR, 96, PIRAWA (SUNEL), 1295, KALI TALAI, 39292, 1104354, Total, 0, 0, 0, 0, 0, 0, 1446854, 1446854
2015, RAJASTHAN, 8, JHALAWAR, 96, PIRAWA (SUNEL), 1295, KANWARI, 39293, 1115052, Drinking water, 0, 0, 0, 0, 0, 0, 348594, 348594
2015, RAJASTHAN, 8, JHALAWAR, 96, PIRAWA (SUNEL), 1295, KANWARI, 39293, 1115052, Roads, 0, 0, 0, 0, 0, 0, 1116486, 1116486
2015, RAJASTHAN, 8, JHALAWAR, 96, PIRAWA (SUNEL), 1295, KANWARI, 39293, 1115052, Total, 0, 0, 0, 0, 0, 0, 1465080, 1465080
2015, RAJASTHAN, 8, JHALAWAR, 96, PIRAWA (SUNEL), 1295, KHAIRANA, 39294, 1117865, Drinking water, 0, 0, 0, 0, 0, 0, 490000, 490000
2015, RAJASTHAN, 8, JHALAWAR, 96, PIRAWA (SUNEL), 1295, KHAIRANA, 39294, 1117865, Roads, 0, 0, 0, 0, 0, 0, 596728, 596728
2015, RAJASTHAN, 8, JHALAWAR, 96, PIRAWA (SUNEL), 1295, KHAIRANA, 39294, 1117865, Total, 0, 0, 0, 0, 0, 0, 1086728, 1086728
2015, RAJASTHAN, 8, JHALAWAR, 96, PIRAWA (SUNEL), 1295, KHARPA KALAN, 39295, 1104941, Drinking water, 0, 0, 0, 0, 0, 0, 507116, 507116
2015, RAJASTHAN, 8, JHALAWAR, 96, PIRAWA (SUNEL), 1295, KHARPA KALAN, 39295, 1104941, Roads, 0, 0, 0, 0, 0, 0, 505122, 505122
2015, RAJASTHAN, 8, JHALAWAR, 96, PIRAWA (SUNEL), 1295, KHARPA KALAN, 39295, 1104941, Rural housing, 0, 0, 0, 0, 0, 0, 130000, 130000
2015, RAJASTHAN, 8, JHALAWAR, 96, PIRAWA (SUNEL), 1295, KHARPA KALAN, 39295, 1104941, Total, 0, 0, 0, 0, 0, 0, 1142238, 1142238
2015, RAJASTHAN, 8, JHALAWAR, 96, PIRAWA (SUNEL), 1295, KOTRI, 39296, 1117906, Cultural activities, 0, 0, 0, 0, 0, 0, 398000, 398000
2015, RAJASTHAN, 8, JHALAWAR, 96, PIRAWA (SUNEL), 1295, KOTRI, 39296, 1117906, Drinking water, 0, 0, 0, 0, 0, 0, 50000, 50000
2015, RAJASTHAN, 8, JHALAWAR, 96, PIRAWA (SUNEL), 1295, KOTRI, 39296, 1117906, Roads, 0, 0, 0, 0, 0, 0, 670211, 670211
2015, RAJASTHAN, 8, JHALAWAR, 96, PIRAWA (SUNEL), 1295, KOTRI, 39296, 1117906, Total, 0, 0, 0, 0, 0, 0, 1118211, 1118211
2015, RAJASTHAN, 8, JHALAWAR, 96, PIRAWA (SUNEL), 1295, MAGEESPUR, 39297, 1103866, Drinking water, 0, 0, 0, 0, 0, 0, 314700, 314700
2015, RAJASTHAN, 8, JHALAWAR, 96, PIRAWA (SUNEL), 1295, MAGEESPUR, 39297, 1103866, Education, 0, 0, 0, 0, 0, 0, 340571, 340571
2015, RAJASTHAN, 8, JHALAWAR, 96, PIRAWA (SUNEL), 1295, MAGEESPUR, 39297, 1103866, Public distribution system, 0, 0, 0, 0, 0, 0, 300000, 300000
2015, RAJASTHAN, 8, JHALAWAR, 96, PIRAWA (SUNEL), 1295, MAGEESPUR, 39297, 1103866, Total, 0, 0, 0, 0, 0, 0, 955271, 955271
2015, RAJASTHAN, 8, JHALAWAR, 96, PIRAWA (SUNEL), 1295, MATHANIYA, 39298, 1117869, Drinking water, 0, 0, 0, 0, 0, 0, 180000, 180000
2015, RAJASTHAN, 8, JHALAWAR, 96, PIRAWA (SUNEL), 1295, MATHANIYA, 39298, 1117869, Roads, 0, 0, 0, 0, 0, 0, 1177098, 1177098
2015, RAJASTHAN, 8, JHALAWAR, 96, PIRAWA (SUNEL), 1295, MATHANIYA, 39298, 1117869, Total, 0, 0, 0, 0, 0, 0, 1357098, 1357098
2015, RAJASTHAN, 8, JHALAWAR, 96, PIRAWA (SUNEL), 1295, NAULAI, 39299, 1117853, Drinking water, 0, 0, 0, 0, 0, 0, 750205, 750205
2015, RAJASTHAN, 8, JHALAWAR, 96, PIRAWA (SUNEL), 1295, NAULAI, 39299, 1117853, Roads, 0, 0, 0, 0, 0, 0, 450029, 450029
2015, RAJASTHAN, 8, JHALAWAR, 96, PIRAWA (SUNEL), 1295, NAULAI, 39299, 1117853, Total, 0, 0, 0, 0, 0, 0, 1200234, 1200234
2015, RAJASTHAN, 8, JHALAWAR, 96, PIRAWA (SUNEL), 1295, ODIYA KHERI, 39300, 1103702, Drinking water, 0, 0, 0, 0, 0, 0, 1248011, 1248011
2015, RAJASTHAN, 8, JHALAWAR, 96, PIRAWA (SUNEL), 1295, ODIYA KHERI, 39300, 1103702, Total, 0, 0, 0, 0, 0, 0, 1248011, 1248011
2015, RAJASTHAN, 8, JHALAWAR, 96, PIRAWA (SUNEL), 1295, OSAV, 39301, 1104988, Roads, 0, 0, 0, 0, 0, 0, 1012715, 1012715
2015, RAJASTHAN, 8, JHALAWAR, 96, PIRAWA (SUNEL), 1295, OSAV, 39301, 1104988, Total, 0, 0, 0, 0, 0, 0, 1012715, 1012715
2015, RAJASTHAN, 8, JHALAWAR, 96, PIRAWA (SUNEL), 1295, RAIPUR, 39302, 1115240, Drinking water, 0, 0, 0, 0, 0, 0, 59400, 59400
2015, RAJASTHAN, 8, JHALAWAR, 96, PIRAWA (SUNEL), 1295, RAIPUR, 39302, 1115240, Roads, 0, 0, 0, 0, 0, 0, 2734609, 2734609
2015, RAJASTHAN, 8, JHALAWAR, 96, PIRAWA (SUNEL), 1295, RAIPUR, 39302, 1115240, Total, 0, 0, 0, 0, 0, 0, 2794009, 2794009
2015, RAJASTHAN, 8, JHALAWAR, 96, PIRAWA (SUNEL), 1295, RAMAY DALPAT, 39303, 1117876, Cultural activities, 0, 0, 0, 0, 0, 0, 310000, 310000
2015, RAJASTHAN, 8, JHALAWAR, 96, PIRAWA (SUNEL), 1295, RAMAY DALPAT, 39303, 1117876, Drinking water, 0, 0, 0, 0, 0, 0, 326830, 326830
2015, RAJASTHAN, 8, JHALAWAR, 96, PIRAWA (SUNEL), 1295, RAMAY DALPAT, 39303, 1117876, Roads, 0, 0, 0, 0, 0, 0, 480000, 480000
2015, RAJASTHAN, 8, JHALAWAR, 96, PIRAWA (SUNEL), 1295, RAMAY DALPAT, 39303, 1117876, Total, 0, 0, 0, 0, 0, 0, 1116830, 1116830
2015, RAJASTHAN, 8, JHALAWAR, 96, PIRAWA (SUNEL), 1295, RAMPURIYA, 39304, 1104668, Drinking water, 0, 0, 0, 0, 0, 0, 756868, 756868
2015, RAJASTHAN, 8, JHALAWAR, 96, PIRAWA (SUNEL), 1295, RAMPURIYA, 39304, 1104668, Roads, 0, 0, 0, 0, 0, 0, 204755, 204755
2015, RAJASTHAN, 8, JHALAWAR, 96, PIRAWA (SUNEL), 1295, RAMPURIYA, 39304, 1104668, Total, 0, 0, 0, 0, 0, 0, 961623, 961623
2015, RAJASTHAN, 8, JHALAWAR, 96, PIRAWA (SUNEL), 1295, SALOTIYA, 39305, 1103863, Drinking water, 0, 0, 0, 0, 0, 0, 1476680, 1476680
2015, RAJASTHAN, 8, JHALAWAR, 96, PIRAWA (SUNEL), 1295, SALOTIYA, 39305, 1103863, Total, 0, 0, 0, 0, 0, 0, 1476680, 1476680
2015, RAJASTHAN, 8, JHALAWAR, 96, PIRAWA (SUNEL), 1295, SALRI, 39306, 1092801, Education, 0, 0, 0, 0, 0, 0, 200000, 200000
2015, RAJASTHAN, 8, JHALAWAR, 96, PIRAWA (SUNEL), 1295, SALRI, 39306, 1092801, Roads, 0, 0, 0, 0, 0, 0, 868684, 868684
2015, RAJASTHAN, 8, JHALAWAR, 96, PIRAWA (SUNEL), 1295, SALRI, 39306, 1092801, Total, 0, 0, 0, 0, 0, 0, 1418684, 1418684
2015, RAJASTHAN, 8, JHALAWAR, 96, PIRAWA (SUNEL), 1295, SALRI, 39306, 1092801, Women and child development, 0, 0, 0, 0, 0, 0, 350000, 350000
2015, RAJASTHAN, 8, JHALAWAR, 96, PIRAWA (SUNEL), 1295, SAMARIYA, 39307, 1104964, Drinking water, 0, 0, 0, 0, 0, 0, 246983, 246983
2015, RAJASTHAN, 8, JHALAWAR, 96, PIRAWA (SUNEL), 1295, SAMARIYA, 39307, 1104964, Roads, 0, 0, 0, 0, 0, 0, 781198, 781198
2015, RAJASTHAN, 8, JHALAWAR, 96, PIRAWA (SUNEL), 1295, SAMARIYA, 39307, 1104964, Total, 0, 0, 0, 0, 0, 0, 1028181, 1028181
2015, RAJASTHAN, 8, JHALAWAR, 96, PIRAWA (SUNEL), 1295, SAMLI KHAM, 39308, 1103982, Social welfare, 0, 0, 0, 0, 0, 0, 1020171, 1020171
2015, RAJASTHAN, 8, JHALAWAR, 96, PIRAWA (SUNEL), 1295, SAMLI KHAM, 39308, 1103982, Total, 0, 0, 0, 0, 0, 0, 1020171, 1020171
2015, RAJASTHAN, 8, JHALAWAR, 96, PIRAWA (SUNEL), 1295, SANGARIYA, 39309, 1117940, Roads, 0, 0, 0, 0, 0, 0, 1067120, 1067120
2015, RAJASTHAN, 8, JHALAWAR, 96, PIRAWA (SUNEL), 1295, SANGARIYA, 39309, 1117940, Total, 0, 0, 0, 0, 0, 0, 1067120, 1067120
2015, RAJASTHAN, 8, JHALAWAR, 96, PIRAWA (SUNEL), 1295, SAR KHERI, 39310, 1115107, Drinking water, 0, 0, 0, 0, 0, 0, 963280, 963280
2015, RAJASTHAN, 8, JHALAWAR, 96, PIRAWA (SUNEL), 1295, SAR KHERI, 39310, 1115107, Total, 0, 0, 0, 0, 0, 0, 963280, 963280
2015, RAJASTHAN, 8, JHALAWAR, 96, PIRAWA (SUNEL), 1295, SEMLA, 39311, 1115174, Drinking water, 0, 0, 0, 0, 0, 0, 188134, 188134
2015, RAJASTHAN, 8, JHALAWAR, 96, PIRAWA (SUNEL), 1295, SEMLA, 39311, 1115174, Roads, 0, 0, 0, 0, 0, 0, 752500, 752500
2015, RAJASTHAN, 8, JHALAWAR, 96, PIRAWA (SUNEL), 1295, SEMLA, 39311, 1115174, Total, 0, 0, 0, 0, 0, 0, 940634, 940634
2015, RAJASTHAN, 8, JHALAWAR, 96, PIRAWA (SUNEL), 1295, SHERPUR, 39312, 1105027, Cultural activities, 0, 0, 0, 0, 0, 0, 843659, 843659
2015, RAJASTHAN, 8, JHALAWAR, 96, PIRAWA (SUNEL), 1295, SHERPUR, 39312, 1105027, Drinking water, 0, 0, 0, 0, 0, 0, 150000, 150000
2015, RAJASTHAN, 8, JHALAWAR, 96, PIRAWA (SUNEL), 1295, SHERPUR, 39312, 1105027, Total, 0, 0, 0, 0, 0, 0, 993659, 993659
2015, RAJASTHAN, 8, JHALAWAR, 96, PIRAWA (SUNEL), 1295, SIRPOI, 39313, 1115207, Cultural activities, 0, 0, 0, 0, 0, 0, 477083, 477083
2015, RAJASTHAN, 8, JHALAWAR, 96, PIRAWA (SUNEL), 1295, SIRPOI, 39313, 1115207, Education, 0, 0, 0, 0, 0, 0, 238544, 238544
2015, RAJASTHAN, 8, JHALAWAR, 96, PIRAWA (SUNEL), 1295, SIRPOI, 39313, 1115207, Roads, 0, 0, 0, 0, 0, 0, 238540, 238540
2015, RAJASTHAN, 8, JHALAWAR, 96, PIRAWA (SUNEL), 1295, SIRPOI, 39313, 1115207, Total, 0, 0, 0, 0, 0, 0, 954167, 954167
2015, RAJASTHAN, 8, JHALAWAR, 96, PIRAWA (SUNEL), 1295, SOYLA, 39314, 1105097, Roads, 0, 0, 0, 0, 0, 0, 1173722, 1173722
2015, RAJASTHAN, 8, JHALAWAR, 96, PIRAWA (SUNEL), 1295, SOYLA, 39314, 1105097, Total, 0, 0, 0, 0, 0, 0, 1173722, 1173722
2015, RAJASTHAN, 8, JHALAWAR, 96, PIRAWA (SUNEL), 1295, SUNEL, 39315, 1105380, Drinking water, 0, 0, 0, 0, 0, 0, 2181295, 2181295
2015, RAJASTHAN, 8, JHALAWAR, 96, PIRAWA (SUNEL), 1295, SUNEL, 39315, 1105380, Roads, 0, 0, 0, 0, 0, 0, 1877296, 1877296
2015, RAJASTHAN, 8, JHALAWAR, 96, PIRAWA (SUNEL), 1295, SUNEL, 39315, 1105380, Total, 0, 0, 0, 0, 0, 0, 4058591, 4058591
2015, RAJASTHAN, 8, JHALAWAR, 96, PIRAWA (SUNEL), 1295, SUNWAS, 39316, 1105390, Roads, 0, 0, 0, 0, 0, 0, 1265134, 1265134
2015, RAJASTHAN, 8, JHALAWAR, 96, PIRAWA (SUNEL), 1295, SUNWAS, 39316, 1105390, Total, 0, 0, 0, 0, 0, 0, 1265134, 1265134
2015, RAJASTHAN, 8, JHALAWAR, 96, PIRAWA (SUNEL), 1295, UNHEL, 39317, 1115120, Drinking water, 0, 0, 0, 0, 0, 0, 515000, 515000
2015, RAJASTHAN, 8, JHALAWAR, 96, PIRAWA (SUNEL), 1295, UNHEL, 39317, 1115120, Maintenance of community system, 0, 0, 0, 0, 0, 0, 55000, 55000
2015, RAJASTHAN, 8, JHALAWAR, 96, PIRAWA (SUNEL), 1295, UNHEL, 39317, 1115120, Roads, 0, 0, 0, 0, 0, 0, 492976, 492976
2015, RAJASTHAN, 8, JHALAWAR, 96, PIRAWA (SUNEL), 1295, UNHEL, 39317, 1115120, Total, 0, 0, 0, 0, 0, 0, 1062976, 1062976
2015, RAJASTHAN, 8, JHUNJHUNU, 97, ALSISAR, 1296, ALSISAR, 39318, 1090256, Sanitation, 0, 0, 0, 0, 0, 0, 700000, 700000
2015, RAJASTHAN, 8, JHUNJHUNU, 97, ALSISAR, 1296, ALSISAR, 39318, 1090256, Total, 0, 0, 0, 0, 0, 0, 700000, 700000
2015, RAJASTHAN, 8, JHUNJHUNU, 97, ALSISAR, 1296, BADET, 39319, 1086892, Drinking water, 0, 0, 0, 0, 0, 0, 650000, 650000
2015, RAJASTHAN, 8, JHUNJHUNU, 97, ALSISAR, 1296, BADET, 39319, 1086892, Roads, 0, 0, 0, 0, 0, 0, 1000000, 1000000
2015, RAJASTHAN, 8, JHUNJHUNU, 97, ALSISAR, 1296, BADET, 39319, 1086892, Sanitation, 0, 0, 0, 0, 0, 0, 200000, 200000
2015, RAJASTHAN, 8, JHUNJHUNU, 97, ALSISAR, 1296, BADET, 39319, 1086892, Total, 0, 0, 0, 0, 0, 0, 1850000, 1850000
2015, RAJASTHAN, 8, JHUNJHUNU, 97, ALSISAR, 1296, BAJLA, 39320, 1083501, Drinking water, 0, 0, 0, 0, 0, 0, 30000, 30000
2015, RAJASTHAN, 8, JHUNJHUNU, 97, ALSISAR, 1296, BAJLA, 39320, 1083501, Sanitation, 0, 0, 0, 0, 0, 0, 330000, 330000
2015, RAJASTHAN, 8, JHUNJHUNU, 97, ALSISAR, 1296, BAJLA, 39320, 1083501, Total, 0, 0, 0, 0, 0, 0, 360000, 360000
2015, RAJASTHAN, 8, JHUNJHUNU, 97, ALSISAR, 1296, BHEEKHANSAR, 39321, 1091375, Drinking water, 0, 0, 0, 0, 0, 0, 50000, 50000
2015, RAJASTHAN, 8, JHUNJHUNU, 97, ALSISAR, 1296, BHEEKHANSAR, 39321, 1091375, Sanitation, 0, 0, 0, 0, 0, 0, 100000, 100000
2015, RAJASTHAN, 8, JHUNJHUNU, 97, ALSISAR, 1296, BHEEKHANSAR, 39321, 1091375, Total, 0, 0, 0, 0, 0, 0, 150000, 150000
2015, RAJASTHAN, 8, JHUNJHUNU, 97, ALSISAR, 1296, BIRMI, 39323, 1120566, Drinking water, 0, 0, 0, 0, 0, 0, 280000, 280000
2015, RAJASTHAN, 8, JHUNJHUNU, 97, ALSISAR, 1296, BIRMI, 39323, 1120566, Health, 0, 0, 0, 0, 0, 0, 40000, 40000
2015, RAJASTHAN, 8, JHUNJHUNU, 97, ALSISAR, 1296, BIRMI, 39323, 1120566, Roads, 0, 0, 0, 0, 0, 0, 250000, 250000
2015, RAJASTHAN, 8, JHUNJHUNU, 97, ALSISAR, 1296, BIRMI, 39323, 1120566, Sanitation, 0, 0, 0, 0, 0, 0, 745000, 745000
2015, RAJASTHAN, 8, JHUNJHUNU, 97, ALSISAR, 1296, BIRMI, 39323, 1120566, Total, 0, 0, 0, 0, 0, 0, 1315000, 1315000
2015, RAJASTHAN, 8, JHUNJHUNU, 97, ALSISAR, 1296, BUDhA KA BAS, 39322, 1082979, Roads, 0, 0, 0, 0, 0, 0, 825000, 825000
2015, RAJASTHAN, 8, JHUNJHUNU, 97, ALSISAR, 1296, BUDhA KA BAS, 39322, 1082979, Total, 0, 0, 0, 0, 0, 0, 825000, 825000
2015, RAJASTHAN, 8, JHUNJHUNU, 97, ALSISAR, 1296, CHURELA, 39324, 1124061, Drinking water, 0, 0, 0, 0, 0, 0, 610000, 610000
2015, RAJASTHAN, 8, JHUNJHUNU, 97, ALSISAR, 1296, CHURELA, 39324, 1124061, Sanitation, 0, 0, 0, 0, 0, 0, 950000, 950000
2015, RAJASTHAN, 8, JHUNJHUNU, 97, ALSISAR, 1296, CHURELA, 39324, 1124061, Total, 0, 0, 0, 0, 0, 0, 1560000, 1560000
2015, RAJASTHAN, 8, JHUNJHUNU, 97, ALSISAR, 1296, DABRI DHEERSINGH, 39325, 1117324, Drinking water, 0, 0, 0, 0, 0, 0, 700000, 700000
2015, RAJASTHAN, 8, JHUNJHUNU, 97, ALSISAR, 1296, DABRI DHEERSINGH, 39325, 1117324, Roads, 0, 0, 0, 0, 0, 0, 500000, 500000
2015, RAJASTHAN, 8, JHUNJHUNU, 97, ALSISAR, 1296, DABRI DHEERSINGH, 39325, 1117324, Rural electrification, 0, 0, 0, 0, 0, 0, 500000, 500000
2015, RAJASTHAN, 8, JHUNJHUNU, 97, ALSISAR, 1296, DABRI DHEERSINGH, 39325, 1117324, Sanitation, 0, 0, 0, 0, 0, 0, 600000, 600000
2015, RAJASTHAN, 8, JHUNJHUNU, 97, ALSISAR, 1296, DABRI DHEERSINGH, 39325, 1117324, Total, 0, 0, 0, 0, 0, 0, 2300000, 2300000
2015, RAJASTHAN, 8, JHUNJHUNU, 97, ALSISAR, 1296, DHANURI, 39327, 1106794, Roads, 0, 0, 0, 0, 0, 0, 991000, 991000
2015, RAJASTHAN, 8, JHUNJHUNU, 97, ALSISAR, 1296, DHANURI, 39327, 1106794, Sanitation, 0, 0, 0, 0, 0, 0, 230000, 230000
2015, RAJASTHAN, 8, JHUNJHUNU, 97, ALSISAR, 1296, DHANURI, 39327, 1106794, Total, 0, 0, 0, 0, 0, 0, 1221000, 1221000
2015, RAJASTHAN, 8, JHUNJHUNU, 97, ALSISAR, 1296, DHEELSAR, 39328, 1083023, Maintenance of community system, 0, 0, 0, 0, 0, 0, 88000, 88000
2015, RAJASTHAN, 8, JHUNJHUNU, 97, ALSISAR, 1296, DHEELSAR, 39328, 1083023, Sanitation, 0, 0, 0, 0, 0, 0, 238000, 238000
2015, RAJASTHAN, 8, JHUNJHUNU, 97, ALSISAR, 1296, DHEELSAR, 39328, 1083023, Total, 0, 0, 0, 0, 0, 0, 326000, 326000
2015, RAJASTHAN, 8, JHUNJHUNU, 97, ALSISAR, 1296, DILOI, 39326, 1141822, Drinking water, 0, 0, 0, 0, 0, 0, 105000, 105000
2015, RAJASTHAN, 8, JHUNJHUNU, 97, ALSISAR, 1296, DILOI, 39326, 1141822, Fuel and fodder, 0, 0, 0, 0, 0, 0, 44000, 44000
2015, RAJASTHAN, 8, JHUNJHUNU, 97, ALSISAR, 1296, DILOI, 39326, 1141822, Roads, 0, 0, 0, 0, 0, 0, 394000, 394000
2015, RAJASTHAN, 8, JHUNJHUNU, 97, ALSISAR, 1296, DILOI, 39326, 1141822, Sanitation, 0, 0, 0, 0, 0, 0, 816000, 816000
2015, RAJASTHAN, 8, JHUNJHUNU, 97, ALSISAR, 1296, DILOI, 39326, 1141822, Total, 0, 0, 0, 0, 0, 0, 1359000, 1359000
2015, RAJASTHAN, 8, JHUNJHUNU, 97, ALSISAR, 1296, GANGIYASAR, 39329, 1117195, Drinking water, 0, 0, 0, 0, 0, 0, 489000, 489000
2015, RAJASTHAN, 8, JHUNJHUNU, 97, ALSISAR, 1296, GANGIYASAR, 39329, 1117195, Sanitation, 0, 0, 0, 0, 0, 0, 499000, 499000
2015, RAJASTHAN, 8, JHUNJHUNU, 97, ALSISAR, 1296, GANGIYASAR, 39329, 1117195, Total, 0, 0, 0, 0, 0, 0, 988000, 988000
2015, RAJASTHAN, 8, JHUNJHUNU, 97, ALSISAR, 1296, GOKHRI, 39330, 1086456, Drinking water, 0, 0, 0, 0, 0, 0, 162000, 162000
2015, RAJASTHAN, 8, JHUNJHUNU, 97, ALSISAR, 1296, GOKHRI, 39330, 1086456, Sanitation, 0, 0, 0, 0, 0, 0, 200000, 200000
2015, RAJASTHAN, 8, JHUNJHUNU, 97, ALSISAR, 1296, GOKHRI, 39330, 1086456, Total, 0, 0, 0, 0, 0, 0, 362000, 362000
2015, RAJASTHAN, 8, JHUNJHUNU, 97, ALSISAR, 1296, HAMEERI KALAN, 39331, 1086461, Roads, 0, 0, 0, 0, 0, 0, 350000, 350000
2015, RAJASTHAN, 8, JHUNJHUNU, 97, ALSISAR, 1296, HAMEERI KALAN, 39331, 1086461, Sanitation, 0, 0, 0, 0, 0, 0, 400000, 400000
2015, RAJASTHAN, 8, JHUNJHUNU, 97, ALSISAR, 1296, HAMEERI KALAN, 39331, 1086461, Total, 0, 0, 0, 0, 0, 0, 750000, 750000
2015, RAJASTHAN, 8, JHUNJHUNU, 97, ALSISAR, 1296, HANSASAR, 39332, 1121646, Drinking water, 0, 0, 0, 0, 0, 0, 150000, 150000
2015, RAJASTHAN, 8, JHUNJHUNU, 97, ALSISAR, 1296, HANSASAR, 39332, 1121646, Roads, 0, 0, 0, 0, 0, 0, 700000, 700000
2015, RAJASTHAN, 8, JHUNJHUNU, 97, ALSISAR, 1296, HANSASAR, 39332, 1121646, Sanitation, 0, 0, 0, 0, 0, 0, 400000, 400000
2015, RAJASTHAN, 8, JHUNJHUNU, 97, ALSISAR, 1296, HANSASAR, 39332, 1121646, Total, 0, 0, 0, 0, 0, 0, 1250000, 1250000
2015, RAJASTHAN, 8, JHUNJHUNU, 97, ALSISAR, 1296, HARIPURA, 39333, 1123504, Drinking water, 0, 0, 0, 0, 0, 0, 410000, 410000
2015, RAJASTHAN, 8, JHUNJHUNU, 97, ALSISAR, 1296, HARIPURA, 39333, 1123504, Sanitation, 0, 0, 0, 0, 0, 0, 200000, 200000
2015, RAJASTHAN, 8, JHUNJHUNU, 97, ALSISAR, 1296, HARIPURA, 39333, 1123504, Total, 0, 0, 0, 0, 0, 0, 610000, 610000
2015, RAJASTHAN, 8, JHUNJHUNU, 97, ALSISAR, 1296, JABASAR, 39334, 1141848, Drinking water, 0, 0, 0, 0, 0, 0, 330000, 330000
2015, RAJASTHAN, 8, JHUNJHUNU, 97, ALSISAR, 1296, JABASAR, 39334, 1141848, Roads, 0, 0, 0, 0, 0, 0, 240000, 240000
2015, RAJASTHAN, 8, JHUNJHUNU, 97, ALSISAR, 1296, JABASAR, 39334, 1141848, Total, 0, 0, 0, 0, 0, 0, 570000, 570000
2015, RAJASTHAN, 8, JHUNJHUNU, 97, ALSISAR, 1296, JHATAWA KHURD, 39335, 1104406, Roads, 0, 0, 0, 0, 0, 0, 800000, 800000
2015, RAJASTHAN, 8, JHUNJHUNU, 97, ALSISAR, 1296, JHATAWA KHURD, 39335, 1104406, Total, 0, 0, 0, 0, 0, 0, 800000, 800000
2015, RAJASTHAN, 8, JHUNJHUNU, 97, ALSISAR, 1296, KAKREU KALAN, 39337, 1090234, Roads, 0, 0, 0, 0, 0, 0, 400000, 400000
2015, RAJASTHAN, 8, JHUNJHUNU, 97, ALSISAR, 1296, KAKREU KALAN, 39337, 1090234, Sanitation, 0, 0, 0, 0, 0, 0, 1100000, 1100000
2015, RAJASTHAN, 8, JHUNJHUNU, 97, ALSISAR, 1296, KAKREU KALAN, 39337, 1090234, Total, 0, 0, 0, 0, 0, 0, 1500000, 1500000
2015, RAJASTHAN, 8, JHUNJHUNU, 97, ALSISAR, 1296, KALIYASAR, 39336, 1116604, Drinking water, 0, 0, 0, 0, 1480000, 0, 1400000, 2880000
2015, RAJASTHAN, 8, JHUNJHUNU, 97, ALSISAR, 1296, KALIYASAR, 39336, 1116604, Total, 0, 0, 0, 0, 1480000, 0, 1400000, 2880000
2015, RAJASTHAN, 8, JHUNJHUNU, 97, ALSISAR, 1296, KANT, 39338, 1083425, Drinking water, 0, 0, 0, 0, 0, 0, 50000, 50000
2015, RAJASTHAN, 8, JHUNJHUNU, 97, ALSISAR, 1296, KANT, 39338, 1083425, Sanitation, 0, 0, 0, 0, 0, 0, 165000, 165000
2015, RAJASTHAN, 8, JHUNJHUNU, 97, ALSISAR, 1296, KANT, 39338, 1083425, Total, 0, 0, 0, 0, 0, 0, 215000, 215000
2015, RAJASTHAN, 8, JHUNJHUNU, 97, ALSISAR, 1296, KODESAR, 39339, 1123576, Drinking water, 0, 0, 0, 0, 0, 0, 32000, 32000
2015, RAJASTHAN, 8, JHUNJHUNU, 97, ALSISAR, 1296, KODESAR, 39339, 1123576, Roads, 0, 0, 0, 0, 0, 0, 325000, 325000
2015, RAJASTHAN, 8, JHUNJHUNU, 97, ALSISAR, 1296, KODESAR, 39339, 1123576, Total, 0, 0, 0, 0, 0, 0, 357000, 357000
2015, RAJASTHAN, 8, JHUNJHUNU, 97, ALSISAR, 1296, KOLINDA, 39340, 1142839, Roads, 0, 0, 0, 0, 0, 0, 1100000, 1100000
2015, RAJASTHAN, 8, JHUNJHUNU, 97, ALSISAR, 1296, KOLINDA, 39340, 1142839, Total, 0, 0, 0, 0, 0, 0, 1100000, 1100000
2015, RAJASTHAN, 8, JHUNJHUNU, 97, ALSISAR, 1296, LADUSAR, 39341, 1116948, Drinking water, 0, 0, 0, 0, 0, 0, 171000, 171000
2015, RAJASTHAN, 8, JHUNJHUNU, 97, ALSISAR, 1296, LADUSAR, 39341, 1116948, Health, 0, 0, 0, 0, 0, 0, 500000, 500000
2015, RAJASTHAN, 8, JHUNJHUNU, 97, ALSISAR, 1296, LADUSAR, 39341, 1116948, Sanitation, 0, 0, 0, 0, 0, 0, 1020000, 1020000
2015, RAJASTHAN, 8, JHUNJHUNU, 97, ALSISAR, 1296, LADUSAR, 39341, 1116948, Total, 0, 0, 0, 0, 0, 0, 1691000, 1691000
2015, RAJASTHAN, 8, JHUNJHUNU, 97, ALSISAR, 1296, LOONA, 39342, 1083393, Drinking water, 0, 0, 0, 0, 0, 0, 520000, 520000
2015, RAJASTHAN, 8, JHUNJHUNU, 97, ALSISAR, 1296, LOONA, 39342, 1083393, Sanitation, 0, 0, 0, 0, 0, 0, 15000, 15000
2015, RAJASTHAN, 8, JHUNJHUNU, 97, ALSISAR, 1296, LOONA, 39342, 1083393, Total, 0, 0, 0, 0, 0, 0, 535000, 535000
2015, RAJASTHAN, 8, JHUNJHUNU, 97, ALSISAR, 1296, MAHANSAR, 39343, 1089818, Drinking water, 0, 0, 0, 0, 0, 0, 100000, 100000
2015, RAJASTHAN, 8, JHUNJHUNU, 97, ALSISAR, 1296, MAHANSAR, 39343, 1089818, Roads, 0, 0, 0, 0, 0, 0, 250000, 250000
2015, RAJASTHAN, 8, JHUNJHUNU, 97, ALSISAR, 1296, MAHANSAR, 39343, 1089818, Sanitation, 0, 0, 0, 0, 0, 0, 40000, 40000
2015, RAJASTHAN, 8, JHUNJHUNU, 97, ALSISAR, 1296, MAHANSAR, 39343, 1089818, Total, 0, 0, 0, 0, 0, 0, 390000, 390000
2015, RAJASTHAN, 8, JHUNJHUNU, 97, ALSISAR, 1296, MALSISAR, 39344, 1132511, Drinking water, 0, 0, 0, 0, 0, 0, 98000, 98000
2015, RAJASTHAN, 8, JHUNJHUNU, 97, ALSISAR, 1296, MALSISAR, 39344, 1132511, Sanitation, 0, 0, 0, 0, 0, 0, 2313000, 2313000
2015, RAJASTHAN, 8, JHUNJHUNU, 97, ALSISAR, 1296, MALSISAR, 39344, 1132511, Total, 0, 0, 0, 0, 0, 0, 2411000, 2411000
2015, RAJASTHAN, 8, JHUNJHUNU, 97, ALSISAR, 1296, NIRADHANU, 39345, 1126476, Drinking water, 0, 0, 0, 0, 0, 0, 100000, 100000
2015, RAJASTHAN, 8, JHUNJHUNU, 97, ALSISAR, 1296, NIRADHANU, 39345, 1126476, Roads, 0, 0, 0, 0, 0, 0, 495000, 495000
2015, RAJASTHAN, 8, JHUNJHUNU, 97, ALSISAR, 1296, NIRADHANU, 39345, 1126476, Sanitation, 0, 0, 0, 0, 0, 0, 335000, 335000
2015, RAJASTHAN, 8, JHUNJHUNU, 97, ALSISAR, 1296, NIRADHANU, 39345, 1126476, Total, 0, 0, 0, 0, 0, 0, 930000, 930000
2015, RAJASTHAN, 8, JHUNJHUNU, 97, ALSISAR, 1296, PATODA, 39346, 1132554, Roads, 0, 0, 0, 0, 0, 0, 578000, 578000
2015, RAJASTHAN, 8, JHUNJHUNU, 97, ALSISAR, 1296, PATODA, 39346, 1132554, Total, 0, 0, 0, 0, 0, 0, 578000, 578000
2015, RAJASTHAN, 8, JHUNJHUNU, 97, ALSISAR, 1296, PILANI KHURD, 39347, 1117059, Drinking water, 0, 0, 0, 0, 0, 0, 67000, 67000
2015, RAJASTHAN, 8, JHUNJHUNU, 97, ALSISAR, 1296, PILANI KHURD, 39347, 1117059, Roads, 0, 0, 0, 0, 0, 0, 325000, 325000
2015, RAJASTHAN, 8, JHUNJHUNU, 97, ALSISAR, 1296, PILANI KHURD, 39347, 1117059, Sanitation, 0, 0, 0, 0, 0, 0, 550000, 550000
2015, RAJASTHAN, 8, JHUNJHUNU, 97, ALSISAR, 1296, PILANI KHURD, 39347, 1117059, Total, 0, 0, 0, 0, 0, 0, 942000, 942000
2015, RAJASTHAN, 8, JHUNJHUNU, 97, ALSISAR, 1296, RAMPURA, 39348, 1121686, Drinking water, 0, 0, 0, 0, 0, 0, 450000, 450000
2015, RAJASTHAN, 8, JHUNJHUNU, 97, ALSISAR, 1296, RAMPURA, 39348, 1121686, Sanitation, 0, 0, 0, 0, 0, 0, 350000, 350000
2015, RAJASTHAN, 8, JHUNJHUNU, 97, ALSISAR, 1296, RAMPURA, 39348, 1121686, Total, 0, 0, 0, 0, 0, 0, 800000, 800000
2015, RAJASTHAN, 8, JHUNJHUNU, 97, ALSISAR, 1296, SONASAR, 39349, 1123746, Drinking water, 0, 0, 0, 0, 0, 0, 450000, 450000
2015, RAJASTHAN, 8, JHUNJHUNU, 97, ALSISAR, 1296, SONASAR, 39349, 1123746, Sanitation, 0, 0, 0, 0, 0, 0, 550000, 550000
2015, RAJASTHAN, 8, JHUNJHUNU, 97, ALSISAR, 1296, SONASAR, 39349, 1123746, Total, 0, 0, 0, 0, 0, 0, 1000000, 1000000
2015, RAJASTHAN, 8, JHUNJHUNU, 97, ALSISAR, 1296, TAMKOR, 39350, 1083324, Drinking water, 0, 0, 0, 0, 0, 0, 324000, 324000
2015, RAJASTHAN, 8, JHUNJHUNU, 97, ALSISAR, 1296, TAMKOR, 39350, 1083324, Sanitation, 0, 0, 0, 0, 0, 0, 550000, 550000
2015, RAJASTHAN, 8, JHUNJHUNU, 97, ALSISAR, 1296, TAMKOR, 39350, 1083324, Total, 0, 0, 0, 0, 0, 0, 874000, 874000
2015, RAJASTHAN, 8, JHUNJHUNU, 97, ALSISAR, 1296, TANEE, 39351, 1103895, Land improvement, 0, 0, 0, 0, 0, 0, 150000, 150000
2015, RAJASTHAN, 8, JHUNJHUNU, 97, ALSISAR, 1296, TANEE, 39351, 1103895, Total, 0, 0, 0, 0, 0, 0, 150000, 150000
2015, RAJASTHAN, 8, JHUNJHUNU, 97, BUHANA, 1297, BADBAR, 39352, 1183290, Drinking water, 0, 0, 0, 0, 0, 0, 290492, 290492
2015, RAJASTHAN, 8, JHUNJHUNU, 97, BUHANA, 1297, BADBAR, 39352, 1183290, Health, 0, 0, 0, 0, 0, 0, 36500, 36500
2015, RAJASTHAN, 8, JHUNJHUNU, 97, BUHANA, 1297, BADBAR, 39352, 1183290, Maintenance of community system, 0, 0, 0, 0, 0, 0, 99800, 99800
2015, RAJASTHAN, 8, JHUNJHUNU, 97, BUHANA, 1297, BADBAR, 39352, 1183290, Roads, 0, 0, 0, 0, 0, 0, 1793711, 1793711
2015, RAJASTHAN, 8, JHUNJHUNU, 97, BUHANA, 1297, BADBAR, 39352, 1183290, Sanitation, 0, 0, 1080000, 1080000, 0, 0, 173000, 173000
2015, RAJASTHAN, 8, JHUNJHUNU, 97, BUHANA, 1297, BADBAR, 39352, 1183290, Total, 0, 0, 1080000, 1080000, 0, 0, 2393503, 2393503
2015, RAJASTHAN, 8, JHUNJHUNU, 97, BUHANA, 1297, BHAINSAWAT KHURD, 39353, 1072873, Drinking water, 0, 0, 0, 0, 0, 0, 100000, 100000
2015, RAJASTHAN, 8, JHUNJHUNU, 97, BUHANA, 1297, BHAINSAWAT KHURD, 39353, 1072873, Sanitation, 0, 0, 0, 0, 0, 0, 320000, 320000
2015, RAJASTHAN, 8, JHUNJHUNU, 97, BUHANA, 1297, BHAINSAWAT KHURD, 39353, 1072873, Total, 0, 0, 0, 0, 0, 0, 420000, 420000
2015, RAJASTHAN, 8, JHUNJHUNU, 97, BUHANA, 1297, BHALOTH, 39354, 1079353, Drinking water, 0, 0, 0, 0, 0, 0, 790000, 790000
2015, RAJASTHAN, 8, JHUNJHUNU, 97, BUHANA, 1297, BHALOTH, 39354, 1079353, Sanitation, 0, 0, 0, 0, 0, 0, 250000, 250000
2015, RAJASTHAN, 8, JHUNJHUNU, 97, BUHANA, 1297, BHALOTH, 39354, 1079353, Total, 0, 0, 0, 0, 0, 0, 1040000, 1040000
2015, RAJASTHAN, 8, JHUNJHUNU, 97, BUHANA, 1297, BHIRR, 39355, 1072878, Drinking water, 0, 0, 0, 0, 0, 0, 370470, 370470
2015, RAJASTHAN, 8, JHUNJHUNU, 97, BUHANA, 1297, BHIRR, 39355, 1072878, Roads, 0, 0, 0, 0, 0, 0, 149982, 149982
2015, RAJASTHAN, 8, JHUNJHUNU, 97, BUHANA, 1297, BHIRR, 39355, 1072878, Sanitation, 0, 0, 0, 0, 0, 0, 348793, 348793
2015, RAJASTHAN, 8, JHUNJHUNU, 97, BUHANA, 1297, BHIRR, 39355, 1072878, Total, 0, 0, 0, 0, 0, 0, 869245, 869245
2015, RAJASTHAN, 8, JHUNJHUNU, 97, BUHANA, 1297, BUHANA, 39356, 1074101, Drinking water, 0, 0, 0, 0, 50000, 0, 300000, 350000
2015, RAJASTHAN, 8, JHUNJHUNU, 97, BUHANA, 1297, BUHANA, 39356, 1074101, Sanitation, 0, 0, 0, 0, 200000, 0, 1730000, 1930000
2015, RAJASTHAN, 8, JHUNJHUNU, 97, BUHANA, 1297, BUHANA, 39356, 1074101, Total, 0, 0, 0, 0, 250000, 0, 2030000, 2280000
2015, RAJASTHAN, 8, JHUNJHUNU, 97, BUHANA, 1297, DHADHOT KALAN, 39357, 1174300, Drinking water, 0, 0, 0, 0, 0, 0, 800000, 800000
2015, RAJASTHAN, 8, JHUNJHUNU, 97, BUHANA, 1297, DHADHOT KALAN, 39357, 1174300, Maintenance of community system, 0, 0, 0, 0, 0, 0, 250000, 250000
2015, RAJASTHAN, 8, JHUNJHUNU, 97, BUHANA, 1297, DHADHOT KALAN, 39357, 1174300, Roads, 0, 0, 0, 0, 0, 0, 1651000, 1651000
2015, RAJASTHAN, 8, JHUNJHUNU, 97, BUHANA, 1297, DHADHOT KALAN, 39357, 1174300, Sanitation, 0, 0, 0, 0, 0, 0, 1460000, 1460000
2015, RAJASTHAN, 8, JHUNJHUNU, 97, BUHANA, 1297, DHADHOT KALAN, 39357, 1174300, Total, 0, 0, 0, 0, 0, 0, 4161000, 4161000
2015, RAJASTHAN, 8, JHUNJHUNU, 97, BUHANA, 1297, DHANA, 262663, 1175204, Drinking water, 0, 0, 0, 0, 0, 0, 1170000, 1170000
2015, RAJASTHAN, 8, JHUNJHUNU, 97, BUHANA, 1297, DHANA, 262663, 1175204, Roads, 0, 0, 0, 0, 0, 0, 632000, 632000
2015, RAJASTHAN, 8, JHUNJHUNU, 97, BUHANA, 1297, DHANA, 262663, 1175204, Total, 0, 0, 0, 0, 0, 0, 1802000, 1802000
2015, RAJASTHAN, 8, JHUNJHUNU, 97, BUHANA, 1297, DHANI BHALOTH, 39358, 1072884, Drinking water, 0, 0, 0, 0, 100000, 0, 608733, 708733
2015, RAJASTHAN, 8, JHUNJHUNU, 97, BUHANA, 1297, DHANI BHALOTH, 39358, 1072884, Roads, 0, 0, 0, 0, 0, 0, 579110, 579110
2015, RAJASTHAN, 8, JHUNJHUNU, 97, BUHANA, 1297, DHANI BHALOTH, 39358, 1072884, Sanitation, 0, 0, 0, 0, 0, 0, 499938, 499938
2015, RAJASTHAN, 8, JHUNJHUNU, 97, BUHANA, 1297, DHANI BHALOTH, 39358, 1072884, Total, 0, 0, 0, 0, 100000, 0, 1687781, 1787781
2015, RAJASTHAN, 8, JHUNJHUNU, 97, BUHANA, 1297, DHOOLWA, 39359, 1175590, Drinking water, 0, 0, 0, 0, 0, 0, 130000, 130000
2015, RAJASTHAN, 8, JHUNJHUNU, 97, BUHANA, 1297, DHOOLWA, 39359, 1175590, Rural electrification, 0, 0, 0, 0, 0, 0, 725452, 725452
2015, RAJASTHAN, 8, JHUNJHUNU, 97, BUHANA, 1297, DHOOLWA, 39359, 1175590, Total, 0, 0, 0, 0, 0, 0, 855452, 855452
2015, RAJASTHAN, 8, JHUNJHUNU, 97, BUHANA, 1297, DOOMOLI KALAN, 39360, 1175753, Roads, 0, 0, 0, 0, 0, 0, 400000, 400000
2015, RAJASTHAN, 8, JHUNJHUNU, 97, BUHANA, 1297, DOOMOLI KALAN, 39360, 1175753, Sanitation, 0, 0, 0, 0, 0, 0, 500000, 500000
2015, RAJASTHAN, 8, JHUNJHUNU, 97, BUHANA, 1297, DOOMOLI KALAN, 39360, 1175753, Total, 0, 0, 0, 0, 0, 0, 900000, 900000
2015, RAJASTHAN, 8, JHUNJHUNU, 97, BUHANA, 1297, DOOMOLI KHURD, 39361, 1172228, Drinking water, 0, 0, 0, 0, 0, 0, 737000, 737000
2015, RAJASTHAN, 8, JHUNJHUNU, 97, BUHANA, 1297, DOOMOLI KHURD, 39361, 1172228, Total, 0, 0, 0, 0, 0, 0, 737000, 737000
2015, RAJASTHAN, 8, JHUNJHUNU, 97, BUHANA, 1297, GADA KHERA, 39362, 1175750, Roads, 0, 0, 0, 0, 0, 0, 500000, 500000
2015, RAJASTHAN, 8, JHUNJHUNU, 97, BUHANA, 1297, GADA KHERA, 39362, 1175750, Sanitation, 0, 0, 0, 0, 0, 0, 146605, 146605
2015, RAJASTHAN, 8, JHUNJHUNU, 97, BUHANA, 1297, GADA KHERA, 39362, 1175750, Total, 0, 0, 0, 0, 0, 0, 646605, 646605
2015, RAJASTHAN, 8, JHUNJHUNU, 97, BUHANA, 1297, GHARDANA KALAN, 39363, 1175662, Drinking water, 0, 0, 0, 0, 0, 0, 840000, 840000
2015, RAJASTHAN, 8, JHUNJHUNU, 97, BUHANA, 1297, GHARDANA KALAN, 39363, 1175662, Sanitation, 0, 0, 0, 0, 0, 0, 1520000, 1520000
2015, RAJASTHAN, 8, JHUNJHUNU, 97, BUHANA, 1297, GHARDANA KALAN, 39363, 1175662, Total, 0, 0, 0, 0, 0, 0, 2360000, 2360000
2015, RAJASTHAN, 8, JHUNJHUNU, 97, BUHANA, 1297, GHARDANA KHURD, 39364, 1072892, Administrative & Technical Support, 0, 0, 0, 0, 0, 0, 200000, 200000
2015, RAJASTHAN, 8, JHUNJHUNU, 97, BUHANA, 1297, GHARDANA KHURD, 39364, 1072892, Drinking water, 0, 0, 0, 0, 0, 0, 950000, 950000
2015, RAJASTHAN, 8, JHUNJHUNU, 97, BUHANA, 1297, GHARDANA KHURD, 39364, 1072892, Sanitation, 0, 0, 0, 0, 0, 0, 250000, 250000
2015, RAJASTHAN, 8, JHUNJHUNU, 97, BUHANA, 1297, GHARDANA KHURD, 39364, 1072892, Total, 0, 0, 0, 0, 0, 0, 1400000, 1400000
2015, RAJASTHAN, 8, JHUNJHUNU, 97, BUHANA, 1297, GHASERA, 39365, 1067055, Health, 0, 0, 0, 0, 0, 0, 50000, 50000
2015, RAJASTHAN, 8, JHUNJHUNU, 97, BUHANA, 1297, GHASERA, 39365, 1067055, Roads, 0, 0, 0, 0, 0, 0, 60000, 60000
2015, RAJASTHAN, 8, JHUNJHUNU, 97, BUHANA, 1297, GHASERA, 39365, 1067055, Sanitation, 0, 0, 0, 0, 400000, 0, 420000, 820000
2015, RAJASTHAN, 8, JHUNJHUNU, 97, BUHANA, 1297, GHASERA, 39365, 1067055, Total, 0, 0, 0, 0, 400000, 0, 530000, 930000
2015, RAJASTHAN, 8, JHUNJHUNU, 97, BUHANA, 1297, GUJARWAS, 39366, 1172489, Drinking water, 0, 0, 0, 0, 0, 0, 941877, 941877
2015, RAJASTHAN, 8, JHUNJHUNU, 97, BUHANA, 1297, GUJARWAS, 39366, 1172489, Maintenance of community system, 0, 0, 0, 0, 0, 0, 50000, 50000
2015, RAJASTHAN, 8, JHUNJHUNU, 97, BUHANA, 1297, GUJARWAS, 39366, 1172489, Sanitation, 0, 0, 0, 0, 0, 0, 650000, 650000
2015, RAJASTHAN, 8, JHUNJHUNU, 97, BUHANA, 1297, GUJARWAS, 39366, 1172489, Total, 0, 0, 0, 0, 0, 0, 1641877, 1641877
2015, RAJASTHAN, 8, JHUNJHUNU, 97, BUHANA, 1297, GUNTI, 39367, 1175640, Rural electrification, 0, 0, 0, 0, 0, 0, 550000, 550000
2015, RAJASTHAN, 8, JHUNJHUNU, 97, BUHANA, 1297, GUNTI, 39367, 1175640, Total, 0, 0, 0, 0, 0, 0, 550000, 550000
2015, RAJASTHAN, 8, JHUNJHUNU, 97, BUHANA, 1297, HEERWA, 39368, 1175584, Drinking water, 0, 0, 0, 0, 0, 0, 450000, 450000
2015, RAJASTHAN, 8, JHUNJHUNU, 97, BUHANA, 1297, HEERWA, 39368, 1175584, Roads, 0, 0, 0, 0, 0, 0, 1350000, 1350000
2015, RAJASTHAN, 8, JHUNJHUNU, 97, BUHANA, 1297, HEERWA, 39368, 1175584, Total, 0, 0, 0, 0, 0, 0, 1800000, 1800000
2015, RAJASTHAN, 8, JHUNJHUNU, 97, BUHANA, 1297, JHANJHA, 39369, 1174753, Drinking water, 0, 0, 0, 0, 0, 0, 2500000, 2500000
2015, RAJASTHAN, 8, JHUNJHUNU, 97, BUHANA, 1297, JHANJHA, 39369, 1174753, Roads, 0, 0, 0, 0, 0, 0, 4000000, 4000000
2015, RAJASTHAN, 8, JHUNJHUNU, 97, BUHANA, 1297, JHANJHA, 39369, 1174753, Total, 0, 0, 0, 0, 0, 0, 6500000, 6500000
2015, RAJASTHAN, 8, JHUNJHUNU, 97, BUHANA, 1297, JHARODA, 39370, 1072859, Drinking water, 0, 0, 0, 0, 0, 0, 327716, 327716
2015, RAJASTHAN, 8, JHUNJHUNU, 97, BUHANA, 1297, JHARODA, 39370, 1072859, Total, 0, 0, 0, 0, 0, 0, 327716, 327716
2015, RAJASTHAN, 8, JHUNJHUNU, 97, BUHANA, 1297, KAJLAN, 39371, 1072893, Drinking water, 0, 0, 0, 0, 0, 0, 500013, 500013
2015, RAJASTHAN, 8, JHUNJHUNU, 97, BUHANA, 1297, KAJLAN, 39371, 1072893, Total, 0, 0, 0, 0, 0, 0, 500013, 500013
2015, RAJASTHAN, 8, JHUNJHUNU, 97, BUHANA, 1297, KALAKHARI, 39372, 1175224, Drinking water, 0, 0, 0, 0, 0, 0, 125000, 125000
2015, RAJASTHAN, 8, JHUNJHUNU, 97, BUHANA, 1297, KALAKHARI, 39372, 1175224, Roads, 0, 0, 0, 0, 0, 0, 500000, 500000
2015, RAJASTHAN, 8, JHUNJHUNU, 97, BUHANA, 1297, KALAKHARI, 39372, 1175224, Sanitation, 0, 0, 0, 0, 0, 0, 1050000, 1050000
2015, RAJASTHAN, 8, JHUNJHUNU, 97, BUHANA, 1297, KALAKHARI, 39372, 1175224, Total, 0, 0, 0, 0, 0, 0, 1675000, 1675000
2015, RAJASTHAN, 8, JHUNJHUNU, 97, BUHANA, 1297, KHANDWA, 39373, 1175670, Cultural activities, 0, 0, 0, 0, 0, 0, 80000, 80000
2015, RAJASTHAN, 8, JHUNJHUNU, 97, BUHANA, 1297, KHANDWA, 39373, 1175670, Drinking water, 0, 0, 0, 0, 0, 0, 254130, 254130
2015, RAJASTHAN, 8, JHUNJHUNU, 97, BUHANA, 1297, KHANDWA, 39373, 1175670, Sanitation, 0, 0, 0, 0, 0, 0, 787938, 787938
2015, RAJASTHAN, 8, JHUNJHUNU, 97, BUHANA, 1297, KHANDWA, 39373, 1175670, Total, 0, 0, 0, 0, 0, 0, 1122068, 1122068
2015, RAJASTHAN, 8, JHUNJHUNU, 97, BUHANA, 1297, KHANPUR, 39374, 1077644, Drinking water, 0, 0, 0, 0, 100000, 0, 215000, 315000
2015, RAJASTHAN, 8, JHUNJHUNU, 97, BUHANA, 1297, KHANPUR, 39374, 1077644, Sanitation, 0, 0, 0, 0, 0, 0, 1015000, 1015000
2015, RAJASTHAN, 8, JHUNJHUNU, 97, BUHANA, 1297, KHANPUR, 39374, 1077644, Total, 0, 0, 0, 0, 100000, 0, 1230000, 1330000
2015, RAJASTHAN, 8, JHUNJHUNU, 97, BUHANA, 1297, KUHARWAS, 39375, 1175675, Drinking water, 0, 0, 0, 0, 0, 0, 296977, 296977
2015, RAJASTHAN, 8, JHUNJHUNU, 97, BUHANA, 1297, KUHARWAS, 39375, 1175675, Roads, 0, 0, 0, 0, 0, 0, 914289, 914289
2015, RAJASTHAN, 8, JHUNJHUNU, 97, BUHANA, 1297, KUHARWAS, 39375, 1175675, Total, 0, 0, 0, 0, 0, 0, 1211266, 1211266
2015, RAJASTHAN, 8, JHUNJHUNU, 97, BUHANA, 1297, LAMBI AHEER, 39376, 1175754, Drinking water, 0, 0, 0, 0, 0, 0, 90000, 90000
2015, RAJASTHAN, 8, JHUNJHUNU, 97, BUHANA, 1297, LAMBI AHEER, 39376, 1175754, Maintenance of community system, 0, 0, 0, 0, 0, 0, 99000, 99000
2015, RAJASTHAN, 8, JHUNJHUNU, 97, BUHANA, 1297, LAMBI AHEER, 39376, 1175754, Sanitation, 0, 0, 0, 0, 0, 0, 50000, 50000
2015, RAJASTHAN, 8, JHUNJHUNU, 97, BUHANA, 1297, LAMBI AHEER, 39376, 1175754, Total, 0, 0, 0, 0, 0, 0, 239000, 239000
2015, RAJASTHAN, 8, JHUNJHUNU, 97, BUHANA, 1297, MANKDO, 39378, 1187059, Drinking water, 0, 0, 0, 0, 0, 0, 2790000, 2790000
2015, RAJASTHAN, 8, JHUNJHUNU, 97, BUHANA, 1297, MANKDO, 39378, 1187059, Maintenance of community system, 0, 0, 0, 0, 0, 0, 750000, 750000
2015, RAJASTHAN, 8, JHUNJHUNU, 97, BUHANA, 1297, MANKDO, 39378, 1187059, Sanitation, 0, 0, 0, 0, 0, 0, 1900000, 1900000
2015, RAJASTHAN, 8, JHUNJHUNU, 97, BUHANA, 1297, MANKDO, 39378, 1187059, Total, 0, 0, 0, 0, 0, 0, 5440000, 5440000
2015, RAJASTHAN, 8, JHUNJHUNU, 97, BUHANA, 1297, MOI SADDA, 39379, 1175749, Drinking water, 0, 0, 0, 0, 0, 0, 610000, 610000
2015, RAJASTHAN, 8, JHUNJHUNU, 97, BUHANA, 1297, MOI SADDA, 39379, 1175749, Total, 0, 0, 0, 0, 0, 0, 610000, 610000
2015, RAJASTHAN, 8, JHUNJHUNU, 97, BUHANA, 1297, MURADPUR, 39380, 1175578, Drinking water, 0, 0, 0, 0, 0, 0, 500000, 500000
2015, RAJASTHAN, 8, JHUNJHUNU, 97, BUHANA, 1297, MURADPUR, 39380, 1175578, Roads, 0, 0, 0, 0, 0, 0, 1050000, 1050000
2015, RAJASTHAN, 8, JHUNJHUNU, 97, BUHANA, 1297, MURADPUR, 39380, 1175578, Total, 0, 0, 0, 0, 0, 0, 1550000, 1550000
2015, RAJASTHAN, 8, JHUNJHUNU, 97, BUHANA, 1297, PACHERI KALAN, 39381, 1187130, Drinking water, 0, 0, 0, 0, 0, 0, 1496209, 1496209
2015, RAJASTHAN, 8, JHUNJHUNU, 97, BUHANA, 1297, PACHERI KALAN, 39381, 1187130, Roads, 0, 0, 0, 0, 0, 0, 427518, 427518
2015, RAJASTHAN, 8, JHUNJHUNU, 97, BUHANA, 1297, PACHERI KALAN, 39381, 1187130, Total, 0, 0, 0, 0, 0, 0, 1923727, 1923727
2015, RAJASTHAN, 8, JHUNJHUNU, 97, BUHANA, 1297, PACHERI KHURD, 39382, 1175650, Drinking water, 0, 0, 0, 0, 0, 0, 764300, 764300
2015, RAJASTHAN, 8, JHUNJHUNU, 97, BUHANA, 1297, PACHERI KHURD, 39382, 1175650, Roads, 0, 0, 0, 0, 0, 0, 2000000, 2000000
2015, RAJASTHAN, 8, JHUNJHUNU, 97, BUHANA, 1297, PACHERI KHURD, 39382, 1175650, Sanitation, 0, 0, 0, 0, 0, 0, 340000, 340000
2015, RAJASTHAN, 8, JHUNJHUNU, 97, BUHANA, 1297, PACHERI KHURD, 39382, 1175650, Total, 0, 0, 0, 0, 0, 0, 3104300, 3104300
2015, RAJASTHAN, 8, JHUNJHUNU, 97, BUHANA, 1297, PANTHROLI, 39383, 1175614, Cultural activities, 0, 0, 0, 0, 0, 0, 50000, 50000
2015, RAJASTHAN, 8, JHUNJHUNU, 97, BUHANA, 1297, PANTHROLI, 39383, 1175614, Drinking water, 0, 0, 0, 0, 0, 0, 91463, 91463
2015, RAJASTHAN, 8, JHUNJHUNU, 97, BUHANA, 1297, PANTHROLI, 39383, 1175614, Roads, 0, 0, 0, 0, 0, 0, 397499, 397499
2015, RAJASTHAN, 8, JHUNJHUNU, 97, BUHANA, 1297, PANTHROLI, 39383, 1175614, Total, 0, 0, 0, 0, 0, 0, 538962, 538962
2015, RAJASTHAN, 8, JHUNJHUNU, 97, BUHANA, 1297, PUHANIYA, 39384, 1077831, Drinking water, 0, 0, 0, 0, 0, 0, 70000, 70000
2015, RAJASTHAN, 8, JHUNJHUNU, 97, BUHANA, 1297, PUHANIYA, 39384, 1077831, Roads, 0, 0, 0, 0, 0, 0, 250000, 250000
2015, RAJASTHAN, 8, JHUNJHUNU, 97, BUHANA, 1297, PUHANIYA, 39384, 1077831, Sanitation, 0, 0, 0, 0, 0, 0, 560000, 560000
2015, RAJASTHAN, 8, JHUNJHUNU, 97, BUHANA, 1297, PUHANIYA, 39384, 1077831, Total, 0, 0, 0, 0, 0, 0, 880000, 880000
2015, RAJASTHAN, 8, JHUNJHUNU, 97, BUHANA, 1297, RAIPUR (AHEERAN), 39385, 1185646, Drinking water, 0, 0, 0, 0, 0, 0, 283663, 283663
2015, RAJASTHAN, 8, JHUNJHUNU, 97, BUHANA, 1297, RAIPUR (AHEERAN), 39385, 1185646, Health, 0, 0, 0, 0, 0, 0, 1192451, 1192451
2015, RAJASTHAN, 8, JHUNJHUNU, 97, BUHANA, 1297, RAIPUR (AHEERAN), 39385, 1185646, Roads, 0, 0, 0, 0, 0, 0, 485813, 485813
2015, RAJASTHAN, 8, JHUNJHUNU, 97, BUHANA, 1297, RAIPUR (AHEERAN), 39385, 1185646, Total, 0, 0, 0, 0, 0, 0, 1961927, 1961927
2015, RAJASTHAN, 8, JHUNJHUNU, 97, BUHANA, 1297, SANTOR, 39386, 1175576, Drinking water, 0, 0, 0, 0, 0, 0, 1500000, 1500000
2015, RAJASTHAN, 8, JHUNJHUNU, 97, BUHANA, 1297, SANTOR, 39386, 1175576, Roads, 0, 0, 0, 0, 0, 0, 400000, 400000
2015, RAJASTHAN, 8, JHUNJHUNU, 97, BUHANA, 1297, SANTOR, 39386, 1175576, Total, 0, 0, 0, 0, 0, 0, 1900000, 1900000
2015, RAJASTHAN, 8, JHUNJHUNU, 97, BUHANA, 1297, SANWLOD, 39387, 1175464, Roads, 0, 0, 0, 0, 0, 0, 1800000, 1800000
2015, RAJASTHAN, 8, JHUNJHUNU, 97, BUHANA, 1297, SANWLOD, 39387, 1175464, Rural electrification, 0, 0, 0, 0, 0, 0, 215000, 215000
2015, RAJASTHAN, 8, JHUNJHUNU, 97, BUHANA, 1297, SANWLOD, 39387, 1175464, Sanitation, 0, 0, 0, 0, 0, 0, 250000, 250000
2015, RAJASTHAN, 8, JHUNJHUNU, 97, BUHANA, 1297, SANWLOD, 39387, 1175464, Total, 0, 0, 0, 0, 0, 0, 2265000, 2265000
2015, RAJASTHAN, 8, JHUNJHUNU, 97, BUHANA, 1297, SHAHPURA, 39388, 1175581, Drinking water, 0, 0, 0, 0, 0, 0, 600000, 600000
2015, RAJASTHAN, 8, JHUNJHUNU, 97, BUHANA, 1297, SHAHPURA, 39388, 1175581, Roads, 0, 0, 0, 0, 0, 0, 300000, 300000
2015, RAJASTHAN, 8, JHUNJHUNU, 97, BUHANA, 1297, SHAHPURA, 39388, 1175581, Sanitation, 0, 0, 0, 0, 0, 0, 1000000, 1000000
2015, RAJASTHAN, 8, JHUNJHUNU, 97, BUHANA, 1297, SHAHPURA, 39388, 1175581, Total, 0, 0, 0, 0, 0, 0, 1900000, 1900000
2015, RAJASTHAN, 8, JHUNJHUNU, 97, BUHANA, 1297, SHYAMPURA, 39377, 1175751, Drinking water, 0, 0, 0, 0, 0, 0, 200000, 200000
2015, RAJASTHAN, 8, JHUNJHUNU, 97, BUHANA, 1297, SHYAMPURA, 39377, 1175751, Sanitation, 0, 0, 0, 0, 0, 0, 380000, 380000
2015, RAJASTHAN, 8, JHUNJHUNU, 97, BUHANA, 1297, SHYAMPURA, 39377, 1175751, Total, 0, 0, 0, 0, 0, 0, 580000, 580000
2015, RAJASTHAN, 8, JHUNJHUNU, 97, BUHANA, 1297, SINGHANA, 39389, 1174379, Drinking water, 0, 0, 0, 0, 0, 0, 3200000, 3200000
2015, RAJASTHAN, 8, JHUNJHUNU, 97, BUHANA, 1297, SINGHANA, 39389, 1174379, Rural electrification, 0, 0, 0, 0, 0, 0, 230000, 230000
2015, RAJASTHAN, 8, JHUNJHUNU, 97, BUHANA, 1297, SINGHANA, 39389, 1174379, Sanitation, 0, 0, 0, 0, 0, 0, 1700000, 1700000
2015, RAJASTHAN, 8, JHUNJHUNU, 97, BUHANA, 1297, SINGHANA, 39389, 1174379, Total, 0, 0, 0, 0, 0, 0, 5130000, 5130000
2015, RAJASTHAN, 8, JHUNJHUNU, 97, BUHANA, 1297, SOHLI, 39390, 1078994, Drinking water, 0, 0, 0, 0, 10000, 0, 30000, 40000
2015, RAJASTHAN, 8, JHUNJHUNU, 97, BUHANA, 1297, SOHLI, 39390, 1078994, Sanitation, 0, 0, 0, 0, 80000, 0, 120000, 200000
2015, RAJASTHAN, 8, JHUNJHUNU, 97, BUHANA, 1297, SOHLI, 39390, 1078994, Total, 0, 0, 0, 0, 90000, 0, 150000, 240000
2015, RAJASTHAN, 8, JHUNJHUNU, 97, BUHANA, 1297, SULTANA, 39391, 1131318, Cultural activities, 0, 0, 0, 0, 0, 0, 890739, 890739
2015, RAJASTHAN, 8, JHUNJHUNU, 97, BUHANA, 1297, SULTANA, 39391, 1131318, Drinking water, 0, 0, 0, 0, 0, 0, 1013088, 1013088
2015, RAJASTHAN, 8, JHUNJHUNU, 97, BUHANA, 1297, SULTANA, 39391, 1131318, Roads, 0, 0, 0, 0, 0, 0, 73000, 73000
2015, RAJASTHAN, 8, JHUNJHUNU, 97, BUHANA, 1297, SULTANA, 39391, 1131318, Sanitation, 0, 0, 0, 0, 0, 0, 2249189, 2249189
2015, RAJASTHAN, 8, JHUNJHUNU, 97, BUHANA, 1297, SULTANA, 39391, 1131318, Total, 0, 0, 0, 0, 0, 0, 4226016, 4226016
2015, RAJASTHAN, 8, JHUNJHUNU, 97, BUHANA, 1297, THALI, 39392, 1133200, Drinking water, 0, 0, 0, 0, 0, 0, 500000, 500000
2015, RAJASTHAN, 8, JHUNJHUNU, 97, BUHANA, 1297, THALI, 39392, 1133200, Sanitation, 0, 0, 0, 0, 0, 0, 20000, 20000
2015, RAJASTHAN, 8, JHUNJHUNU, 97, BUHANA, 1297, THALI, 39392, 1133200, Total, 0, 0, 0, 0, 0, 0, 520000, 520000
2015, RAJASTHAN, 8, JHUNJHUNU, 97, BUHANA, 1297, UDAMANDI, 39393, 1172320, Drinking water, 0, 0, 0, 0, 0, 0, 1055000, 1055000
2015, RAJASTHAN, 8, JHUNJHUNU, 97, BUHANA, 1297, UDAMANDI, 39393, 1172320, Sanitation, 0, 0, 0, 0, 0, 0, 250000, 250000
2015, RAJASTHAN, 8, JHUNJHUNU, 97, BUHANA, 1297, UDAMANDI, 39393, 1172320, Total, 0, 0, 0, 0, 0, 0, 1305000, 1305000
2015, RAJASTHAN, 8, JHUNJHUNU, 97, CHIRAWA, 1298, ALIPUR, 39394, 1080029, Drinking water, 0, 0, 0, 0, 0, 0, 33544, 33544
2015, RAJASTHAN, 8, JHUNJHUNU, 97, CHIRAWA, 1298, ALIPUR, 39394, 1080029, Khadi, 0, 0, 0, 0, 0, 0, 28595, 28595
2015, RAJASTHAN, 8, JHUNJHUNU, 97, CHIRAWA, 1298, ALIPUR, 39394, 1080029, Sanitation, 0, 0, 0, 0, 0, 0, 9400, 9400
2015, RAJASTHAN, 8, JHUNJHUNU, 97, CHIRAWA, 1298, ALIPUR, 39394, 1080029, Total, 0, 0, 0, 0, 0, 0, 71539, 71539
2015, RAJASTHAN, 8, JHUNJHUNU, 97, CHIRAWA, 1298, ARDAWATA, 39395, 1101597, Drinking water, 0, 0, 0, 0, 0, 0, 75870, 75870
2015, RAJASTHAN, 8, JHUNJHUNU, 97, CHIRAWA, 1298, ARDAWATA, 39395, 1101597, Sanitation, 0, 0, 0, 0, 0, 0, 155491, 155491
2015, RAJASTHAN, 8, JHUNJHUNU, 97, CHIRAWA, 1298, ARDAWATA, 39395, 1101597, Total, 0, 0, 0, 0, 0, 0, 231361, 231361
2015, RAJASTHAN, 8, JHUNJHUNU, 97, CHIRAWA, 1298, BADANGARH, 39396, 1080398, Drinking water, 0, 0, 0, 0, 0, 0, 1030390, 1030390
2015, RAJASTHAN, 8, JHUNJHUNU, 97, CHIRAWA, 1298, BADANGARH, 39396, 1080398, Land improvement, 0, 0, 0, 0, 0, 0, 71237, 71237
2015, RAJASTHAN, 8, JHUNJHUNU, 97, CHIRAWA, 1298, BADANGARH, 39396, 1080398, Roads, 0, 0, 0, 0, 0, 0, 1646267, 1646267
2015, RAJASTHAN, 8, JHUNJHUNU, 97, CHIRAWA, 1298, BADANGARH, 39396, 1080398, Sanitation, 0, 0, 0, 0, 0, 0, 75500, 75500
2015, RAJASTHAN, 8, JHUNJHUNU, 97, CHIRAWA, 1298, BADANGARH, 39396, 1080398, Total, 0, 0, 0, 0, 0, 0, 2823394, 2823394
2015, RAJASTHAN, 8, JHUNJHUNU, 97, CHIRAWA, 1298, BAJAWA, 39397, 1130565, Drinking water, 0, 0, 0, 0, 0, 0, 290673, 290673
2015, RAJASTHAN, 8, JHUNJHUNU, 97, CHIRAWA, 1298, BAJAWA, 39397, 1130565, Maintenance of community system, 0, 0, 0, 0, 0, 0, 12425, 12425
2015, RAJASTHAN, 8, JHUNJHUNU, 97, CHIRAWA, 1298, BAJAWA, 39397, 1130565, Sanitation, 0, 0, 0, 0, 0, 0, 466492, 466492
2015, RAJASTHAN, 8, JHUNJHUNU, 97, CHIRAWA, 1298, BAJAWA, 39397, 1130565, Total, 0, 0, 0, 0, 0, 0, 769590, 769590
2015, RAJASTHAN, 8, JHUNJHUNU, 97, CHIRAWA, 1298, BAKHTAWARPURA, 39398, 1087381, Sanitation, 0, 0, 0, 0, 0, 0, 369172, 369172
2015, RAJASTHAN, 8, JHUNJHUNU, 97, CHIRAWA, 1298, BAKHTAWARPURA, 39398, 1087381, Total, 0, 0, 0, 0, 0, 0, 369172, 369172
2015, RAJASTHAN, 8, JHUNJHUNU, 97, CHIRAWA, 1298, BHAMARWASI, 39399, 1079626, Drinking water, 0, 0, 0, 0, 0, 0, 135000, 135000
2015, RAJASTHAN, 8, JHUNJHUNU, 97, CHIRAWA, 1298, BHAMARWASI, 39399, 1079626, Health, 0, 0, 0, 0, 0, 0, 220000, 220000
2015, RAJASTHAN, 8, JHUNJHUNU, 97, CHIRAWA, 1298, BHAMARWASI, 39399, 1079626, Roads, 0, 0, 0, 0, 0, 0, 879000, 879000
2015, RAJASTHAN, 8, JHUNJHUNU, 97, CHIRAWA, 1298, BHAMARWASI, 39399, 1079626, Rural housing, 0, 0, 0, 0, 0, 0, 57000, 57000
2015, RAJASTHAN, 8, JHUNJHUNU, 97, CHIRAWA, 1298, BHAMARWASI, 39399, 1079626, Sanitation, 0, 0, 0, 0, 0, 0, 30000, 30000
2015, RAJASTHAN, 8, JHUNJHUNU, 97, CHIRAWA, 1298, BHAMARWASI, 39399, 1079626, Total, 0, 0, 0, 0, 0, 0, 1321000, 1321000
2015, RAJASTHAN, 8, JHUNJHUNU, 97, CHIRAWA, 1298, BHUKANA, 39401, 1075453, Drinking water, 0, 0, 0, 0, 0, 0, 19964, 19964
2015, RAJASTHAN, 8, JHUNJHUNU, 97, CHIRAWA, 1298, BHUKANA, 39401, 1075453, Roads, 0, 0, 0, 0, 0, 0, 973623, 973623
2015, RAJASTHAN, 8, JHUNJHUNU, 97, CHIRAWA, 1298, BHUKANA, 39401, 1075453, Total, 0, 0, 0, 0, 0, 0, 993587, 993587
2015, RAJASTHAN, 8, JHUNJHUNU, 97, CHIRAWA, 1298, BUDANIYA, 39402, 1078918, Drinking water, 0, 0, 0, 0, 0, 0, 116880, 116880
2015, RAJASTHAN, 8, JHUNJHUNU, 97, CHIRAWA, 1298, BUDANIYA, 39402, 1078918, Total, 0, 0, 0, 0, 0, 0, 116880, 116880
2015, RAJASTHAN, 8, JHUNJHUNU, 97, CHIRAWA, 1298, CHANDANA, 39403, 1136986, Roads, 0, 0, 0, 0, 0, 0, 1448301, 1448301
2015, RAJASTHAN, 8, JHUNJHUNU, 97, CHIRAWA, 1298, CHANDANA, 39403, 1136986, Sanitation, 0, 0, 0, 0, 0, 0, 16182, 16182
2015, RAJASTHAN, 8, JHUNJHUNU, 97, CHIRAWA, 1298, CHANDANA, 39403, 1136986, Total, 0, 0, 0, 0, 0, 0, 1464483, 1464483
2015, RAJASTHAN, 8, JHUNJHUNU, 97, CHIRAWA, 1298, DHATARWALA, 39404, 1073869, Drinking water, 0, 0, 0, 0, 0, 0, 510000, 510000
2015, RAJASTHAN, 8, JHUNJHUNU, 97, CHIRAWA, 1298, DHATARWALA, 39404, 1073869, Land improvement, 0, 0, 0, 0, 0, 0, 400000, 400000
2015, RAJASTHAN, 8, JHUNJHUNU, 97, CHIRAWA, 1298, DHATARWALA, 39404, 1073869, Roads, 0, 0, 0, 0, 0, 0, 2400000, 2400000
2015, RAJASTHAN, 8, JHUNJHUNU, 97, CHIRAWA, 1298, DHATARWALA, 39404, 1073869, Sanitation, 0, 0, 0, 0, 0, 0, 255000, 255000
2015, RAJASTHAN, 8, JHUNJHUNU, 97, CHIRAWA, 1298, DHATARWALA, 39404, 1073869, Total, 0, 0, 0, 0, 0, 0, 3565000, 3565000
2015, RAJASTHAN, 8, JHUNJHUNU, 97, CHIRAWA, 1298, GADANIYA, 39405, 1107774, Drinking water, 0, 0, 0, 0, 0, 0, 144593, 144593
2015, RAJASTHAN, 8, JHUNJHUNU, 97, CHIRAWA, 1298, GADANIYA, 39405, 1107774, Sanitation, 0, 0, 0, 0, 0, 0, 1195105, 1195105
2015, RAJASTHAN, 8, JHUNJHUNU, 97, CHIRAWA, 1298, GADANIYA, 39405, 1107774, Total, 0, 0, 0, 0, 0, 0, 1339698, 1339698
2015, RAJASTHAN, 8, JHUNJHUNU, 97, CHIRAWA, 1298, GOTHRA LAMBA, 39412, 1129929, Drinking water, 0, 0, 0, 0, 0, 0, 200000, 200000
2015, RAJASTHAN, 8, JHUNJHUNU, 97, CHIRAWA, 1298, GOTHRA LAMBA, 39412, 1129929, Sanitation, 0, 0, 24000, 24000, 0, 0, 0, 0
2015, RAJASTHAN, 8, JHUNJHUNU, 97, CHIRAWA, 1298, GOTHRA LAMBA, 39412, 1129929, Total, 0, 0, 24000, 24000, 0, 0, 200000, 200000
2015, RAJASTHAN, 8, JHUNJHUNU, 97, CHIRAWA, 1298, GOTHRA NOONIYA, 39416, 1106209, Drinking water, 0, 0, 0, 0, 0, 0, 60000, 60000
2015, RAJASTHAN, 8, JHUNJHUNU, 97, CHIRAWA, 1298, GOTHRA NOONIYA, 39416, 1106209, Roads, 0, 0, 0, 0, 0, 0, 500000, 500000
2015, RAJASTHAN, 8, JHUNJHUNU, 97, CHIRAWA, 1298, GOTHRA NOONIYA, 39416, 1106209, Sanitation, 0, 0, 0, 0, 0, 0, 100000, 100000
2015, RAJASTHAN, 8, JHUNJHUNU, 97, CHIRAWA, 1298, GOTHRA NOONIYA, 39416, 1106209, Total, 0, 0, 0, 0, 0, 0, 660000, 660000
2015, RAJASTHAN, 8, JHUNJHUNU, 97, CHIRAWA, 1298, GOWLA, 39406, 1136961, Maintenance of community system, 0, 0, 0, 0, 0, 0, 60000, 60000
2015, RAJASTHAN, 8, JHUNJHUNU, 97, CHIRAWA, 1298, GOWLA, 39406, 1136961, Roads, 0, 0, 0, 0, 0, 0, 181190, 181190
2015, RAJASTHAN, 8, JHUNJHUNU, 97, CHIRAWA, 1298, GOWLA, 39406, 1136961, Sanitation, 0, 0, 0, 0, 0, 0, 35000, 35000
2015, RAJASTHAN, 8, JHUNJHUNU, 97, CHIRAWA, 1298, GOWLA, 39406, 1136961, Total, 0, 0, 0, 0, 0, 0, 276190, 276190
2015, RAJASTHAN, 8, JHUNJHUNU, 97, CHIRAWA, 1298, KEHARPURA KALAN, 39407, 1087366, Drinking water, 0, 0, 0, 0, 0, 0, 542876, 542876
2015, RAJASTHAN, 8, JHUNJHUNU, 97, CHIRAWA, 1298, KEHARPURA KALAN, 39407, 1087366, Total, 0, 0, 0, 0, 0, 0, 542876, 542876
2015, RAJASTHAN, 8, JHUNJHUNU, 97, CHIRAWA, 1298, KHUDANA, 39408, 1129955, Drinking water, 0, 0, 0, 0, 0, 0, 350379, 350379
2015, RAJASTHAN, 8, JHUNJHUNU, 97, CHIRAWA, 1298, KHUDANA, 39408, 1129955, Sanitation, 0, 0, 0, 0, 0, 0, 903715, 903715
2015, RAJASTHAN, 8, JHUNJHUNU, 97, CHIRAWA, 1298, KHUDANA, 39408, 1129955, Total, 0, 0, 0, 0, 0, 0, 1254094, 1254094
2015, RAJASTHAN, 8, JHUNJHUNU, 97, CHIRAWA, 1298, KISHORPURA, 39409, 1078728, Cultural activities, 0, 0, 0, 0, 0, 0, 48625, 48625
2015, RAJASTHAN, 8, JHUNJHUNU, 97, CHIRAWA, 1298, KISHORPURA, 39409, 1078728, Drinking water, 0, 0, 0, 0, 0, 0, 458147, 458147
2015, RAJASTHAN, 8, JHUNJHUNU, 97, CHIRAWA, 1298, KISHORPURA, 39409, 1078728, Maintenance of community system, 0, 0, 0, 0, 0, 0, 20350, 20350
2015, RAJASTHAN, 8, JHUNJHUNU, 97, CHIRAWA, 1298, KISHORPURA, 39409, 1078728, Public distribution system, 0, 0, 0, 0, 0, 0, 25887, 25887
2015, RAJASTHAN, 8, JHUNJHUNU, 97, CHIRAWA, 1298, KISHORPURA, 39409, 1078728, Roads, 0, 0, 0, 0, 0, 0, 1189510, 1189510
2015, RAJASTHAN, 8, JHUNJHUNU, 97, CHIRAWA, 1298, KISHORPURA, 39409, 1078728, Sanitation, 0, 0, 0, 0, 0, 0, 246981, 246981
2015, RAJASTHAN, 8, JHUNJHUNU, 97, CHIRAWA, 1298, KISHORPURA, 39409, 1078728, Total, 0, 0, 0, 0, 0, 0, 1989500, 1989500
2015, RAJASTHAN, 8, JHUNJHUNU, 97, CHIRAWA, 1298, KITHANA, 39410, 1135228, Health, 0, 0, 0, 0, 0, 0, 256612, 256612
2015, RAJASTHAN, 8, JHUNJHUNU, 97, CHIRAWA, 1298, KITHANA, 39410, 1135228, Total, 0, 0, 0, 0, 0, 0, 256612, 256612
2015, RAJASTHAN, 8, JHUNJHUNU, 97, CHIRAWA, 1298, LAMBA, 39411, 1080176, Drinking water, 0, 0, 0, 0, 0, 0, 903188, 903188
2015, RAJASTHAN, 8, JHUNJHUNU, 97, CHIRAWA, 1298, LAMBA, 39411, 1080176, Health, 0, 0, 0, 0, 0, 0, 272628, 272628
2015, RAJASTHAN, 8, JHUNJHUNU, 97, CHIRAWA, 1298, LAMBA, 39411, 1080176, Roads, 0, 0, 0, 0, 0, 0, 500000, 500000
2015, RAJASTHAN, 8, JHUNJHUNU, 97, CHIRAWA, 1298, LAMBA, 39411, 1080176, Total, 0, 0, 0, 0, 0, 0, 1675816, 1675816
2015, RAJASTHAN, 8, JHUNJHUNU, 97, CHIRAWA, 1298, MANDRELA, 39413, 1137916, Roads, 0, 0, 0, 0, 0, 0, 1943483, 1943483
2015, RAJASTHAN, 8, JHUNJHUNU, 97, CHIRAWA, 1298, MANDRELA, 39413, 1137916, Sanitation, 0, 0, 0, 0, 0, 0, 762469, 762469
2015, RAJASTHAN, 8, JHUNJHUNU, 97, CHIRAWA, 1298, MANDRELA, 39413, 1137916, Total, 0, 0, 0, 0, 0, 0, 2705952, 2705952
2015, RAJASTHAN, 8, JHUNJHUNU, 97, CHIRAWA, 1298, NARHAR, 39414, 1101313, Drinking water, 0, 0, 0, 0, 0, 0, 75000, 75000
2015, RAJASTHAN, 8, JHUNJHUNU, 97, CHIRAWA, 1298, NARHAR, 39414, 1101313, Roads, 0, 0, 0, 0, 0, 0, 800000, 800000
2015, RAJASTHAN, 8, JHUNJHUNU, 97, CHIRAWA, 1298, NARHAR, 39414, 1101313, Sanitation, 0, 0, 0, 0, 0, 0, 180000, 180000
2015, RAJASTHAN, 8, JHUNJHUNU, 97, CHIRAWA, 1298, NARHAR, 39414, 1101313, Total, 0, 0, 0, 0, 0, 0, 1055000, 1055000
2015, RAJASTHAN, 8, JHUNJHUNU, 97, CHIRAWA, 1298, NARI, 39415, 1081891, Administrative & Technical Support, 0, 0, 0, 0, 0, 0, 23750, 23750
2015, RAJASTHAN, 8, JHUNJHUNU, 97, CHIRAWA, 1298, NARI, 39415, 1081891, Drinking water, 0, 0, 0, 0, 0, 0, 235969, 235969
2015, RAJASTHAN, 8, JHUNJHUNU, 97, CHIRAWA, 1298, NARI, 39415, 1081891, Roads, 0, 0, 0, 0, 0, 0, 354220, 354220
2015, RAJASTHAN, 8, JHUNJHUNU, 97, CHIRAWA, 1298, NARI, 39415, 1081891, Total, 0, 0, 0, 0, 0, 0, 613939, 613939
2015, RAJASTHAN, 8, JHUNJHUNU, 97, CHIRAWA, 1298, OJTU, 39417, 1132594, Drinking water, 0, 0, 0, 0, 0, 0, 140000, 140000
2015, RAJASTHAN, 8, JHUNJHUNU, 97, CHIRAWA, 1298, OJTU, 39417, 1132594, Maintenance of community system, 0, 0, 0, 0, 0, 0, 140000, 140000
2015, RAJASTHAN, 8, JHUNJHUNU, 97, CHIRAWA, 1298, OJTU, 39417, 1132594, Roads, 0, 0, 0, 0, 0, 0, 50000, 50000
2015, RAJASTHAN, 8, JHUNJHUNU, 97, CHIRAWA, 1298, OJTU, 39417, 1132594, Sanitation, 0, 0, 0, 0, 0, 0, 50000, 50000
2015, RAJASTHAN, 8, JHUNJHUNU, 97, CHIRAWA, 1298, OJTU, 39417, 1132594, Total, 0, 0, 0, 0, 0, 0, 380000, 380000
2015, RAJASTHAN, 8, JHUNJHUNU, 97, CHIRAWA, 1298, SARI, 39418, 1086117, Drinking water, 0, 0, 0, 0, 0, 0, 65000, 65000
2015, RAJASTHAN, 8, JHUNJHUNU, 97, CHIRAWA, 1298, SARI, 39418, 1086117, Maintenance of community system, 0, 0, 0, 0, 0, 0, 50000, 50000
2015, RAJASTHAN, 8, JHUNJHUNU, 97, CHIRAWA, 1298, SARI, 39418, 1086117, Sanitation, 0, 0, 0, 0, 0, 0, 376000, 376000
2015, RAJASTHAN, 8, JHUNJHUNU, 97, CHIRAWA, 1298, SARI, 39418, 1086117, Total, 0, 0, 0, 0, 0, 0, 491000, 491000
2015, RAJASTHAN, 8, JHUNJHUNU, 97, CHIRAWA, 1298, SHYOLANA, 39420, 1145695, Drinking water, 0, 0, 0, 0, 0, 0, 250000, 250000
2015, RAJASTHAN, 8, JHUNJHUNU, 97, CHIRAWA, 1298, SHYOLANA, 39420, 1145695, Roads, 0, 0, 0, 0, 0, 0, 250000, 250000
2015, RAJASTHAN, 8, JHUNJHUNU, 97, CHIRAWA, 1298, SHYOLANA, 39420, 1145695, Sanitation, 0, 0, 0, 0, 0, 0, 75000, 75000
2015, RAJASTHAN, 8, JHUNJHUNU, 97, CHIRAWA, 1298, SHYOLANA, 39420, 1145695, Total, 0, 0, 0, 0, 0, 0, 575000, 575000
2015, RAJASTHAN, 8, JHUNJHUNU, 97, CHIRAWA, 1298, SHYOPURA, 39419, 1074014, Drinking water, 0, 0, 0, 0, 0, 0, 20000, 20000
2015, RAJASTHAN, 8, JHUNJHUNU, 97, CHIRAWA, 1298, SHYOPURA, 39419, 1074014, Roads, 0, 0, 0, 0, 0, 0, 1500000, 1500000
2015, RAJASTHAN, 8, JHUNJHUNU, 97, CHIRAWA, 1298, SHYOPURA, 39419, 1074014, Total, 0, 0, 0, 0, 0, 0, 1520000, 1520000
2015, RAJASTHAN, 8, JHUNJHUNU, 97, CHIRAWA, 1298, SULTANA, 39421, 1139147, Drinking water, 0, 0, 0, 0, 0, 0, 586466, 586466
2015, RAJASTHAN, 8, JHUNJHUNU, 97, CHIRAWA, 1298, SULTANA, 39421, 1139147, Roads, 0, 0, 0, 0, 0, 0, 1065623, 1065623
2015, RAJASTHAN, 8, JHUNJHUNU, 97, CHIRAWA, 1298, SULTANA, 39421, 1139147, Sanitation, 0, 0, 0, 0, 0, 0, 1671323, 1671323
2015, RAJASTHAN, 8, JHUNJHUNU, 97, CHIRAWA, 1298, SULTANA, 39421, 1139147, Total, 0, 0, 0, 0, 0, 0, 3323412, 3323412
2015, RAJASTHAN, 8, JHUNJHUNU, 97, CHIRAWA, 1298, TIGIYAS, 39422, 1080459, Drinking water, 0, 0, 0, 0, 0, 0, 46000, 46000
2015, RAJASTHAN, 8, JHUNJHUNU, 97, CHIRAWA, 1298, TIGIYAS, 39422, 1080459, Roads, 0, 0, 0, 0, 0, 0, 103000, 103000
2015, RAJASTHAN, 8, JHUNJHUNU, 97, CHIRAWA, 1298, TIGIYAS, 39422, 1080459, Sanitation, 0, 0, 0, 0, 0, 0, 32000, 32000
2015, RAJASTHAN, 8, JHUNJHUNU, 97, CHIRAWA, 1298, TIGIYAS, 39422, 1080459, Total, 0, 0, 0, 0, 0, 0, 181000, 181000
2015, RAJASTHAN, 8, JHUNJHUNU, 97, JHUNJHUNU, 1299, ABUSAR, 39423, 1159856, Drinking water, 0, 0, 0, 0, 0, 0, 281273, 281273
2015, RAJASTHAN, 8, JHUNJHUNU, 97, JHUNJHUNU, 1299, ABUSAR, 39423, 1159856, Maintenance of community system, 0, 0, 0, 0, 0, 0, 49996, 49996
2015, RAJASTHAN, 8, JHUNJHUNU, 97, JHUNJHUNU, 1299, ABUSAR, 39423, 1159856, Rural electrification, 0, 0, 0, 0, 0, 0, 112796, 112796
2015, RAJASTHAN, 8, JHUNJHUNU, 97, JHUNJHUNU, 1299, ABUSAR, 39423, 1159856, Sanitation, 0, 0, 0, 0, 0, 0, 976913, 976913
2015, RAJASTHAN, 8, JHUNJHUNU, 97, JHUNJHUNU, 1299, ABUSAR, 39423, 1159856, Total, 0, 0, 0, 0, 0, 0, 1420978, 1420978
2015, RAJASTHAN, 8, JHUNJHUNU, 97, JHUNJHUNU, 1299, AJARI KALAN, 39424, 1117830, Drinking water, 0, 0, 0, 0, 0, 0, 142970, 142970
2015, RAJASTHAN, 8, JHUNJHUNU, 97, JHUNJHUNU, 1299, AJARI KALAN, 39424, 1117830, Sanitation, 0, 0, 0, 0, 0, 0, 124096, 124096
2015, RAJASTHAN, 8, JHUNJHUNU, 97, JHUNJHUNU, 1299, AJARI KALAN, 39424, 1117830, Total, 0, 0, 0, 0, 0, 0, 267066, 267066
2015, RAJASTHAN, 8, JHUNJHUNU, 97, JHUNJHUNU, 1299, AJEETGARH, 39435, 1113754, Drinking water, 0, 0, 0, 0, 0, 0, 258233, 258233
2015, RAJASTHAN, 8, JHUNJHUNU, 97, JHUNJHUNU, 1299, AJEETGARH, 39435, 1113754, Land improvement, 0, 0, 0, 0, 0, 0, 20000, 20000
2015, RAJASTHAN, 8, JHUNJHUNU, 97, JHUNJHUNU, 1299, AJEETGARH, 39435, 1113754, Roads, 0, 0, 0, 0, 0, 0, 229844, 229844
2015, RAJASTHAN, 8, JHUNJHUNU, 97, JHUNJHUNU, 1299, AJEETGARH, 39435, 1113754, Sanitation, 0, 0, 0, 0, 0, 0, 99839, 99839
2015, RAJASTHAN, 8, JHUNJHUNU, 97, JHUNJHUNU, 1299, AJEETGARH, 39435, 1113754, Total, 0, 0, 0, 0, 0, 0, 607916, 607916
2015, RAJASTHAN, 8, JHUNJHUNU, 97, JHUNJHUNU, 1299, BAS NANAG, 39426, 1112769, Drinking water, 0, 0, 0, 0, 0, 0, 548640, 548640
2015, RAJASTHAN, 8, JHUNJHUNU, 97, JHUNJHUNU, 1299, BAS NANAG, 39426, 1112769, Roads, 0, 0, 0, 0, 0, 0, 307838, 307838
2015, RAJASTHAN, 8, JHUNJHUNU, 97, JHUNJHUNU, 1299, BAS NANAG, 39426, 1112769, Sanitation, 0, 0, 0, 0, 0, 0, 28966, 28966
2015, RAJASTHAN, 8, JHUNJHUNU, 97, JHUNJHUNU, 1299, BAS NANAG, 39426, 1112769, Total, 0, 0, 0, 0, 0, 0, 885444, 885444
2015, RAJASTHAN, 8, JHUNJHUNU, 97, JHUNJHUNU, 1299, BEEBASAR, 39432, 1114880, Drinking water, 0, 0, 0, 0, 0, 0, 214377, 214377
2015, RAJASTHAN, 8, JHUNJHUNU, 97, JHUNJHUNU, 1299, BEEBASAR, 39432, 1114880, Roads, 0, 0, 0, 0, 0, 0, 349700, 349700
2015, RAJASTHAN, 8, JHUNJHUNU, 97, JHUNJHUNU, 1299, BEEBASAR, 39432, 1114880, Sanitation, 0, 0, 0, 0, 0, 0, 334067, 334067
2015, RAJASTHAN, 8, JHUNJHUNU, 97, JHUNJHUNU, 1299, BEEBASAR, 39432, 1114880, Total, 0, 0, 0, 0, 0, 0, 898144, 898144
2015, RAJASTHAN, 8, JHUNJHUNU, 97, JHUNJHUNU, 1299, BHADUNDA KHURD, 39429, 1112624, Drinking water, 0, 0, 0, 0, 0, 0, 109316, 109316
2015, RAJASTHAN, 8, JHUNJHUNU, 97, JHUNJHUNU, 1299, BHADUNDA KHURD, 39429, 1112624, Land improvement, 0, 0, 0, 0, 0, 0, 250793, 250793
2015, RAJASTHAN, 8, JHUNJHUNU, 97, JHUNJHUNU, 1299, BHADUNDA KHURD, 39429, 1112624, Roads, 0, 0, 0, 0, 0, 0, 391000, 391000
2015, RAJASTHAN, 8, JHUNJHUNU, 97, JHUNJHUNU, 1299, BHADUNDA KHURD, 39429, 1112624, Sanitation, 0, 0, 0, 0, 0, 0, 1014677, 1014677
2015, RAJASTHAN, 8, JHUNJHUNU, 97, JHUNJHUNU, 1299, BHADUNDA KHURD, 39429, 1112624, Total, 0, 0, 0, 0, 0, 0, 1765786, 1765786
2015, RAJASTHAN, 8, JHUNJHUNU, 97, JHUNJHUNU, 1299, BHADUNDAKALAN, 39400, 1097779, Roads, 0, 0, 0, 0, 0, 0, 1248810, 1248810
2015, RAJASTHAN, 8, JHUNJHUNU, 97, JHUNJHUNU, 1299, BHADUNDAKALAN, 39400, 1097779, Sanitation, 0, 0, 0, 0, 0, 0, 202168, 202168
2015, RAJASTHAN, 8, JHUNJHUNU, 97, JHUNJHUNU, 1299, BHADUNDAKALAN, 39400, 1097779, Total, 0, 0, 0, 0, 0, 0, 1450978, 1450978
2015, RAJASTHAN, 8, JHUNJHUNU, 97, JHUNJHUNU, 1299, BHAROO, 39428, 1112755, Drinking water, 0, 0, 0, 0, 0, 0, 901154, 901154
2015, RAJASTHAN, 8, JHUNJHUNU, 97, JHUNJHUNU, 1299, BHAROO, 39428, 1112755, Sanitation, 0, 0, 0, 0, 0, 0, 463818, 463818
2015, RAJASTHAN, 8, JHUNJHUNU, 97, JHUNJHUNU, 1299, BHAROO, 39428, 1112755, Total, 0, 0, 0, 0, 0, 0, 1364972, 1364972
2015, RAJASTHAN, 8, JHUNJHUNU, 97, JHUNJHUNU, 1299, BHEEMSAR, 39430, 1112590, Drinking water, 0, 0, 0, 0, 0, 0, 47315, 47315
2015, RAJASTHAN, 8, JHUNJHUNU, 97, JHUNJHUNU, 1299, BHEEMSAR, 39430, 1112590, Roads, 0, 0, 0, 0, 0, 0, 572255, 572255
2015, RAJASTHAN, 8, JHUNJHUNU, 97, JHUNJHUNU, 1299, BHEEMSAR, 39430, 1112590, Sanitation, 0, 0, 0, 0, 0, 0, 41245, 41245
2015, RAJASTHAN, 8, JHUNJHUNU, 97, JHUNJHUNU, 1299, BHEEMSAR, 39430, 1112590, Total, 0, 0, 0, 0, 0, 0, 660815, 660815
2015, RAJASTHAN, 8, JHUNJHUNU, 97, JHUNJHUNU, 1299, BHOJASAR, 39431, 1113800, Drinking water, 0, 0, 0, 0, 0, 0, 43000, 43000
2015, RAJASTHAN, 8, JHUNJHUNU, 97, JHUNJHUNU, 1299, BHOJASAR, 39431, 1113800, Roads, 0, 0, 0, 0, 0, 0, 250000, 250000
2015, RAJASTHAN, 8, JHUNJHUNU, 97, JHUNJHUNU, 1299, BHOJASAR, 39431, 1113800, Sanitation, 0, 0, 0, 0, 0, 0, 215500, 215500
2015, RAJASTHAN, 8, JHUNJHUNU, 97, JHUNJHUNU, 1299, BHOJASAR, 39431, 1113800, Social welfare, 0, 0, 0, 0, 0, 0, 49911, 49911
2015, RAJASTHAN, 8, JHUNJHUNU, 97, JHUNJHUNU, 1299, BHOJASAR, 39431, 1113800, Total, 0, 0, 0, 0, 0, 0, 558411, 558411
2015, RAJASTHAN, 8, JHUNJHUNU, 97, JHUNJHUNU, 1299, BISHANPURA, 39433, 1102734, Drinking water, 0, 0, 13603, 13603, 0, 0, 303800, 303800
2015, RAJASTHAN, 8, JHUNJHUNU, 97, JHUNJHUNU, 1299, BISHANPURA, 39433, 1102734, Sanitation, 0, 0, 406098, 406098, 0, 0, 314417, 314417
2015, RAJASTHAN, 8, JHUNJHUNU, 97, JHUNJHUNU, 1299, BISHANPURA, 39433, 1102734, Total, 0, 0, 419701, 419701, 0, 0, 618217, 618217
2015, RAJASTHAN, 8, JHUNJHUNU, 97, JHUNJHUNU, 1299, BUDANA, 39434, 2336051, Health, 0, 0, 0, 0, 0, 0, 20016, 20016
2015, RAJASTHAN, 8, JHUNJHUNU, 97, JHUNJHUNU, 1299, BUDANA, 39434, 2336051, Maintenance of community system, 0, 0, 0, 0, 0, 0, 3652, 3652
2015, RAJASTHAN, 8, JHUNJHUNU, 97, JHUNJHUNU, 1299, BUDANA, 39434, 2336051, Roads, 0, 0, 0, 0, 0, 0, 1000000, 1000000
2015, RAJASTHAN, 8, JHUNJHUNU, 97, JHUNJHUNU, 1299, BUDANA, 39434, 2336051, Rural electrification, 0, 0, 0, 0, 0, 0, 146699, 146699
2015, RAJASTHAN, 8, JHUNJHUNU, 97, JHUNJHUNU, 1299, BUDANA, 39434, 2336051, Sanitation, 0, 0, 0, 0, 0, 0, 1461712, 1461712
2015, RAJASTHAN, 8, JHUNJHUNU, 97, JHUNJHUNU, 1299, BUDANA, 39434, 2336051, Total, 0, 0, 0, 0, 0, 0, 2632079, 2632079
2015, RAJASTHAN, 8, JHUNJHUNU, 97, JHUNJHUNU, 1299, DERWALA, 39437, 1103329, Drinking water, 0, 0, 0, 0, 365016, 0, 148107, 513123
2015, RAJASTHAN, 8, JHUNJHUNU, 97, JHUNJHUNU, 1299, DERWALA, 39437, 1103329, Sanitation, 0, 0, 0, 0, 0, 0, 318138, 318138
2015, RAJASTHAN, 8, JHUNJHUNU, 97, JHUNJHUNU, 1299, DERWALA, 39437, 1103329, Total, 0, 0, 0, 0, 365016, 0, 466245, 831261
2015, RAJASTHAN, 8, JHUNJHUNU, 97, JHUNJHUNU, 1299, HANUMAN PURA, 39438, 1160942, Sanitation, 0, 0, 0, 0, 0, 0, 653800, 653800
2015, RAJASTHAN, 8, JHUNJHUNU, 97, JHUNJHUNU, 1299, HANUMAN PURA, 39438, 1160942, Total, 0, 0, 0, 0, 0, 0, 653800, 653800
2015, RAJASTHAN, 8, JHUNJHUNU, 97, JHUNJHUNU, 1299, INDALI, 39439, 1103163, Drinking water, 0, 0, 0, 0, 0, 0, 49884, 49884
2015, RAJASTHAN, 8, JHUNJHUNU, 97, JHUNJHUNU, 1299, INDALI, 39439, 1103163, Roads, 0, 0, 0, 0, 0, 0, 242638, 242638
2015, RAJASTHAN, 8, JHUNJHUNU, 97, JHUNJHUNU, 1299, INDALI, 39439, 1103163, Total, 0, 0, 0, 0, 0, 0, 292522, 292522
2015, RAJASTHAN, 8, JHUNJHUNU, 97, JHUNJHUNU, 1299, ISLAMPUR, 39440, 1113337, Health, 0, 0, 0, 0, 0, 0, 127518, 127518
2015, RAJASTHAN, 8, JHUNJHUNU, 97, JHUNJHUNU, 1299, ISLAMPUR, 39440, 1113337, Roads, 0, 0, 0, 0, 0, 0, 13183, 13183
2015, RAJASTHAN, 8, JHUNJHUNU, 97, JHUNJHUNU, 1299, ISLAMPUR, 39440, 1113337, Sanitation, 0, 0, 0, 0, 0, 0, 872447, 872447
2015, RAJASTHAN, 8, JHUNJHUNU, 97, JHUNJHUNU, 1299, ISLAMPUR, 39440, 1113337, Total, 0, 0, 0, 0, 0, 0, 1045628, 1045628
2015, RAJASTHAN, 8, JHUNJHUNU, 97, JHUNJHUNU, 1299, ISLAMPUR, 39440, 1113337, Welfare of the weaker sections, 0, 0, 0, 0, 0, 0, 32480, 32480
2015, RAJASTHAN, 8, JHUNJHUNU, 97, JHUNJHUNU, 1299, JEI PAHARI, 39441, 1113156, Drinking water, 0, 0, 0, 0, 0, 0, 99860, 99860
2015, RAJASTHAN, 8, JHUNJHUNU, 97, JHUNJHUNU, 1299, JEI PAHARI, 39441, 1113156, Land improvement, 0, 0, 0, 0, 0, 0, 47809, 47809
2015, RAJASTHAN, 8, JHUNJHUNU, 97, JHUNJHUNU, 1299, JEI PAHARI, 39441, 1113156, Sanitation, 0, 0, 0, 0, 0, 0, 201763, 201763
2015, RAJASTHAN, 8, JHUNJHUNU, 97, JHUNJHUNU, 1299, JEI PAHARI, 39441, 1113156, Total, 0, 0, 0, 0, 0, 0, 349432, 349432
2015, RAJASTHAN, 8, JHUNJHUNU, 97, JHUNJHUNU, 1299, KASIMPURA, 39442, 1120209, Drinking water, 0, 0, 0, 0, 0, 0, 56851, 56851
2015, RAJASTHAN, 8, JHUNJHUNU, 97, JHUNJHUNU, 1299, KASIMPURA, 39442, 1120209, Roads, 0, 0, 0, 0, 0, 0, 194017, 194017
2015, RAJASTHAN, 8, JHUNJHUNU, 97, JHUNJHUNU, 1299, KASIMPURA, 39442, 1120209, Sanitation, 0, 0, 0, 0, 0, 0, 564828, 564828
2015, RAJASTHAN, 8, JHUNJHUNU, 97, JHUNJHUNU, 1299, KASIMPURA, 39442, 1120209, Social welfare, 0, 0, 0, 0, 0, 0, 47903, 47903
2015, RAJASTHAN, 8, JHUNJHUNU, 97, JHUNJHUNU, 1299, KASIMPURA, 39442, 1120209, Total, 0, 0, 0, 0, 0, 0, 863599, 863599
2015, RAJASTHAN, 8, JHUNJHUNU, 97, JHUNJHUNU, 1299, KHAJPUR  NAYA, 39443, 1113227, Sanitation, 0, 0, 0, 0, 0, 0, 147075, 147075
2015, RAJASTHAN, 8, JHUNJHUNU, 97, JHUNJHUNU, 1299, KHAJPUR  NAYA, 39443, 1113227, Total, 0, 0, 0, 0, 0, 0, 147075, 147075
2015, RAJASTHAN, 8, JHUNJHUNU, 97, JHUNJHUNU, 1299, KUHAROO, 39444, 1113247, Drinking water, 0, 0, 0, 0, 0, 0, 148693, 148693
2015, RAJASTHAN, 8, JHUNJHUNU, 97, JHUNJHUNU, 1299, KUHAROO, 39444, 1113247, Sanitation, 0, 0, 0, 0, 0, 0, 841930, 841930
2015, RAJASTHAN, 8, JHUNJHUNU, 97, JHUNJHUNU, 1299, KUHAROO, 39444, 1113247, Total, 0, 0, 0, 0, 0, 0, 990623, 990623
2015, RAJASTHAN, 8, JHUNJHUNU, 97, JHUNJHUNU, 1299, KULOD KALAN, 39445, 1120965, Drinking water, 0, 0, 0, 0, 0, 0, 116707, 116707
2015, RAJASTHAN, 8, JHUNJHUNU, 97, JHUNJHUNU, 1299, KULOD KALAN, 39445, 1120965, Roads, 0, 0, 0, 0, 0, 0, 432239, 432239
2015, RAJASTHAN, 8, JHUNJHUNU, 97, JHUNJHUNU, 1299, KULOD KALAN, 39445, 1120965, Total, 0, 0, 0, 0, 0, 0, 548946, 548946
2015, RAJASTHAN, 8, JHUNJHUNU, 97, JHUNJHUNU, 1299, LALPUR, 39446, 1102180, Drinking water, 0, 0, 50000, 50000, 0, 0, 0, 0
2015, RAJASTHAN, 8, JHUNJHUNU, 97, JHUNJHUNU, 1299, LALPUR, 39446, 1102180, Health, 0, 0, 30000, 30000, 0, 0, 0, 0
2015, RAJASTHAN, 8, JHUNJHUNU, 97, JHUNJHUNU, 1299, LALPUR, 39446, 1102180, Sanitation, 0, 0, 538000, 538000, 0, 0, 230000, 230000
2015, RAJASTHAN, 8, JHUNJHUNU, 97, JHUNJHUNU, 1299, LALPUR, 39446, 1102180, Total, 0, 0, 618000, 618000, 0, 0, 230000, 230000
2015, RAJASTHAN, 8, JHUNJHUNU, 97, JHUNJHUNU, 1299, MAHRADASI, 39448, 1102985, Sanitation, 0, 0, 0, 0, 0, 0, 159544, 159544
2015, RAJASTHAN, 8, JHUNJHUNU, 97, JHUNJHUNU, 1299, MAHRADASI, 39448, 1102985, Total, 0, 0, 0, 0, 0, 0, 159544, 159544
2015, RAJASTHAN, 8, JHUNJHUNU, 97, JHUNJHUNU, 1299, MAKHAR, 39447, 1163896, Drinking water, 0, 0, 0, 0, 0, 0, 309646, 309646
2015, RAJASTHAN, 8, JHUNJHUNU, 97, JHUNJHUNU, 1299, MAKHAR, 39447, 1163896, Roads, 0, 0, 0, 0, 0, 0, 249686, 249686
2015, RAJASTHAN, 8, JHUNJHUNU, 97, JHUNJHUNU, 1299, MAKHAR, 39447, 1163896, Sanitation, 0, 0, 0, 0, 0, 0, 49570, 49570
2015, RAJASTHAN, 8, JHUNJHUNU, 97, JHUNJHUNU, 1299, MAKHAR, 39447, 1163896, Total, 0, 0, 0, 0, 0, 0, 608902, 608902
2015, RAJASTHAN, 8, JHUNJHUNU, 97, JHUNJHUNU, 1299, NAYASAR, 39449, 1112792, Drinking water, 0, 0, 0, 0, 0, 0, 406301, 406301
2015, RAJASTHAN, 8, JHUNJHUNU, 97, JHUNJHUNU, 1299, NAYASAR, 39449, 1112792, Rural electrification, 0, 0, 0, 0, 0, 0, 426022, 426022
2015, RAJASTHAN, 8, JHUNJHUNU, 97, JHUNJHUNU, 1299, NAYASAR, 39449, 1112792, Sanitation, 0, 0, 0, 0, 0, 0, 40983, 40983
2015, RAJASTHAN, 8, JHUNJHUNU, 97, JHUNJHUNU, 1299, NAYASAR, 39449, 1112792, Total, 0, 0, 0, 0, 0, 0, 873306, 873306
2015, RAJASTHAN, 8, JHUNJHUNU, 97, JHUNJHUNU, 1299, NOOAN, 39450, 1161289, Drinking water, 0, 0, 0, 0, 0, 0, 111308, 111308
2015, RAJASTHAN, 8, JHUNJHUNU, 97, JHUNJHUNU, 1299, NOOAN, 39450, 1161289, Roads, 0, 0, 0, 0, 0, 0, 248900, 248900
2015, RAJASTHAN, 8, JHUNJHUNU, 97, JHUNJHUNU, 1299, NOOAN, 39450, 1161289, Sanitation, 0, 0, 0, 0, 0, 0, 1111200, 1111200
2015, RAJASTHAN, 8, JHUNJHUNU, 97, JHUNJHUNU, 1299, NOOAN, 39450, 1161289, Total, 0, 0, 0, 0, 0, 0, 1471408, 1471408
2015, RAJASTHAN, 8, JHUNJHUNU, 97, JHUNJHUNU, 1299, PATUSARI, 39451, 1115282, Drinking water, 0, 0, 0, 0, 0, 0, 9000, 9000
2015, RAJASTHAN, 8, JHUNJHUNU, 97, JHUNJHUNU, 1299, PATUSARI, 39451, 1115282, Land improvement, 0, 0, 0, 0, 0, 0, 6500, 6500
2015, RAJASTHAN, 8, JHUNJHUNU, 97, JHUNJHUNU, 1299, PATUSARI, 39451, 1115282, Roads, 0, 0, 0, 0, 0, 0, 250000, 250000
2015, RAJASTHAN, 8, JHUNJHUNU, 97, JHUNJHUNU, 1299, PATUSARI, 39451, 1115282, Sanitation, 0, 0, 0, 0, 0, 0, 800000, 800000
2015, RAJASTHAN, 8, JHUNJHUNU, 97, JHUNJHUNU, 1299, PATUSARI, 39451, 1115282, Total, 0, 0, 0, 0, 0, 0, 1065500, 1065500
2015, RAJASTHAN, 8, JHUNJHUNU, 97, JHUNJHUNU, 1299, PRATAPPURA, 39452, 1163867, Drinking water, 0, 0, 0, 0, 0, 0, 96538, 96538
2015, RAJASTHAN, 8, JHUNJHUNU, 97, JHUNJHUNU, 1299, PRATAPPURA, 39452, 1163867, Roads, 0, 0, 0, 0, 0, 0, 1055971, 1055971
2015, RAJASTHAN, 8, JHUNJHUNU, 97, JHUNJHUNU, 1299, PRATAPPURA, 39452, 1163867, Total, 0, 0, 0, 0, 0, 0, 1152509, 1152509
2015, RAJASTHAN, 8, JHUNJHUNU, 97, JHUNJHUNU, 1299, SEEGRI, 39455, 1162543, Roads, 0, 0, 0, 0, 0, 0, 249799, 249799
2015, RAJASTHAN, 8, JHUNJHUNU, 97, JHUNJHUNU, 1299, SEEGRI, 39455, 1162543, Total, 0, 0, 0, 0, 0, 0, 249799, 249799
2015, RAJASTHAN, 8, JHUNJHUNU, 97, JHUNJHUNU, 1299, SHEKHSAR, 39454, 1114949, Drinking water, 0, 0, 0, 0, 0, 0, 230108, 230108
2015, RAJASTHAN, 8, JHUNJHUNU, 97, JHUNJHUNU, 1299, SHEKHSAR, 39454, 1114949, Roads, 0, 0, 0, 0, 0, 0, 995859, 995859
2015, RAJASTHAN, 8, JHUNJHUNU, 97, JHUNJHUNU, 1299, SHEKHSAR, 39454, 1114949, Sanitation, 0, 0, 0, 0, 0, 0, 150000, 150000
2015, RAJASTHAN, 8, JHUNJHUNU, 97, JHUNJHUNU, 1299, SHEKHSAR, 39454, 1114949, Total, 0, 0, 0, 0, 0, 0, 1375967, 1375967
2015, RAJASTHAN, 8, JHUNJHUNU, 97, JHUNJHUNU, 1299, SIRIYASAR, 39456, 1112663, Drinking water, 0, 0, 0, 0, 0, 0, 146582, 146582
2015, RAJASTHAN, 8, JHUNJHUNU, 97, JHUNJHUNU, 1299, SIRIYASAR, 39456, 1112663, Rural electrification, 0, 0, 0, 0, 0, 0, 100755, 100755
2015, RAJASTHAN, 8, JHUNJHUNU, 97, JHUNJHUNU, 1299, SIRIYASAR, 39456, 1112663, Sanitation, 0, 0, 0, 0, 0, 0, 193037, 193037
2015, RAJASTHAN, 8, JHUNJHUNU, 97, JHUNJHUNU, 1299, SIRIYASAR, 39456, 1112663, Total, 0, 0, 0, 0, 0, 0, 440374, 440374
2015, RAJASTHAN, 8, JHUNJHUNU, 97, JHUNJHUNU, 1299, UDAWAS, 39457, 1113104, Sanitation, 0, 0, 0, 0, 0, 0, 136167, 136167
2015, RAJASTHAN, 8, JHUNJHUNU, 97, JHUNJHUNU, 1299, UDAWAS, 39457, 1113104, Total, 0, 0, 0, 0, 0, 0, 136167, 136167
2015, RAJASTHAN, 8, JHUNJHUNU, 97, JHUNJHUNU, 1299, WAHIDPURA, 39458, 1109714, Drinking water, 0, 0, 165631, 165631, 0, 0, 22254, 22254
2015, RAJASTHAN, 8, JHUNJHUNU, 97, JHUNJHUNU, 1299, WAHIDPURA, 39458, 1109714, Total, 0, 0, 165631, 165631, 0, 0, 22254, 22254
2015, RAJASTHAN, 8, JHUNJHUNU, 97, KHETRI, 1300, BABAI, 39459, 1137588, Drinking water, 0, 0, 0, 0, 0, 0, 591441, 591441
2015, RAJASTHAN, 8, JHUNJHUNU, 97, KHETRI, 1300, BABAI, 39459, 1137588, Land improvement, 0, 0, 0, 0, 0, 0, 1803902, 1803902
2015, RAJASTHAN, 8, JHUNJHUNU, 97, KHETRI, 1300, BABAI, 39459, 1137588, Sanitation, 0, 0, 0, 0, 0, 0, 135947, 135947
2015, RAJASTHAN, 8, JHUNJHUNU, 97, KHETRI, 1300, BABAI, 39459, 1137588, Total, 0, 0, 0, 0, 0, 0, 2531290, 2531290
2015, RAJASTHAN, 8, JHUNJHUNU, 97, KHETRI, 1300, BARAU, 39460, 1104495, Drinking water, 0, 0, 0, 0, 0, 0, 1909376, 1909376
2015, RAJASTHAN, 8, JHUNJHUNU, 97, KHETRI, 1300, BARAU, 39460, 1104495, Maintenance of community system, 0, 0, 0, 0, 0, 0, 299690, 299690
2015, RAJASTHAN, 8, JHUNJHUNU, 97, KHETRI, 1300, BARAU, 39460, 1104495, Total, 0, 0, 0, 0, 0, 0, 2209066, 2209066
2015, RAJASTHAN, 8, JHUNJHUNU, 97, KHETRI, 1300, BASAI, 39461, 1115639, Drinking water, 0, 0, 0, 0, 0, 0, 748829, 748829
2015, RAJASTHAN, 8, JHUNJHUNU, 97, KHETRI, 1300, BASAI, 39461, 1115639, Social welfare, 0, 0, 0, 0, 0, 0, 1470009, 1470009
2015, RAJASTHAN, 8, JHUNJHUNU, 97, KHETRI, 1300, BASAI, 39461, 1115639, Total, 0, 0, 0, 0, 0, 0, 2218838, 2218838
2015, RAJASTHAN, 8, JHUNJHUNU, 97, KHETRI, 1300, BEELWA, 39462, 1104623, Drinking water, 0, 0, 0, 0, 0, 0, 796928, 796928
2015, RAJASTHAN, 8, JHUNJHUNU, 97, KHETRI, 1300, BEELWA, 39462, 1104623, Roads, 0, 0, 0, 0, 0, 0, 280000, 280000
2015, RAJASTHAN, 8, JHUNJHUNU, 97, KHETRI, 1300, BEELWA, 39462, 1104623, Total, 0, 0, 0, 0, 0, 0, 1076928, 1076928
2015, RAJASTHAN, 8, JHUNJHUNU, 97, KHETRI, 1300, BESARDA, 262609, 1115640, Drinking water, 0, 0, 0, 0, 0, 0, 1000000, 1000000
2015, RAJASTHAN, 8, JHUNJHUNU, 97, KHETRI, 1300, BESARDA, 262609, 1115640, Roads, 0, 0, 0, 0, 0, 0, 500000, 500000
2015, RAJASTHAN, 8, JHUNJHUNU, 97, KHETRI, 1300, BESARDA, 262609, 1115640, Total, 0, 0, 0, 0, 0, 0, 1500000, 1500000
2015, RAJASTHAN, 8, JHUNJHUNU, 97, KHETRI, 1300, CHARAWAS, 39463, 1103619, Animal husbandry, 0, 0, 0, 0, 0, 0, 30654, 30654
2015, RAJASTHAN, 8, JHUNJHUNU, 97, KHETRI, 1300, CHARAWAS, 39463, 1103619, Drinking water, 0, 0, 0, 0, 0, 0, 987727, 987727
2015, RAJASTHAN, 8, JHUNJHUNU, 97, KHETRI, 1300, CHARAWAS, 39463, 1103619, Health, 0, 0, 0, 0, 0, 0, 242614, 242614
2015, RAJASTHAN, 8, JHUNJHUNU, 97, KHETRI, 1300, CHARAWAS, 39463, 1103619, Maintenance of community system, 0, 0, 0, 0, 0, 0, 17359, 17359
2015, RAJASTHAN, 8, JHUNJHUNU, 97, KHETRI, 1300, CHARAWAS, 39463, 1103619, Total, 0, 0, 0, 0, 0, 0, 1278354, 1278354
2015, RAJASTHAN, 8, JHUNJHUNU, 97, KHETRI, 1300, DADA FATEHPURA, 39464, 1172063, Administrative & Technical Support, 0, 0, 0, 0, 0, 0, 60000, 60000
2015, RAJASTHAN, 8, JHUNJHUNU, 97, KHETRI, 1300, DADA FATEHPURA, 39464, 1172063, Drinking water, 0, 0, 0, 0, 0, 0, 61490, 61490
2015, RAJASTHAN, 8, JHUNJHUNU, 97, KHETRI, 1300, DADA FATEHPURA, 39464, 1172063, Roads, 0, 0, 0, 0, 0, 0, 400000, 400000
2015, RAJASTHAN, 8, JHUNJHUNU, 97, KHETRI, 1300, DADA FATEHPURA, 39464, 1172063, Social welfare, 0, 0, 0, 0, 0, 0, 648893, 648893
2015, RAJASTHAN, 8, JHUNJHUNU, 97, KHETRI, 1300, DADA FATEHPURA, 39464, 1172063, Total, 0, 0, 0, 0, 0, 0, 1170383, 1170383
2015, RAJASTHAN, 8, JHUNJHUNU, 97, KHETRI, 1300, DALELPURA, 39465, 1114441, Drinking water, 0, 0, 0, 0, 0, 0, 442609, 442609
2015, RAJASTHAN, 8, JHUNJHUNU, 97, KHETRI, 1300, DALELPURA, 39465, 1114441, Education, 0, 0, 0, 0, 0, 0, 83937, 83937
2015, RAJASTHAN, 8, JHUNJHUNU, 97, KHETRI, 1300, DALELPURA, 39465, 1114441, Social welfare, 0, 0, 0, 0, 0, 0, 173335, 173335
2015, RAJASTHAN, 8, JHUNJHUNU, 97, KHETRI, 1300, DALELPURA, 39465, 1114441, Total, 0, 0, 0, 0, 0, 0, 699881, 699881
2015, RAJASTHAN, 8, JHUNJHUNU, 97, KHETRI, 1300, DOODHWA NANGLIYA, 39466, 1115637, Drinking water, 0, 0, 0, 0, 0, 0, 342224, 342224
2015, RAJASTHAN, 8, JHUNJHUNU, 97, KHETRI, 1300, DOODHWA NANGLIYA, 39466, 1115637, Roads, 0, 0, 0, 0, 0, 0, 120110, 120110
2015, RAJASTHAN, 8, JHUNJHUNU, 97, KHETRI, 1300, DOODHWA NANGLIYA, 39466, 1115637, Total, 0, 0, 0, 0, 0, 0, 462334, 462334
2015, RAJASTHAN, 8, JHUNJHUNU, 97, KHETRI, 1300, GADRATA, 39467, 1114593, Drinking water, 0, 0, 0, 0, 0, 0, 1900000, 1900000
2015, RAJASTHAN, 8, JHUNJHUNU, 97, KHETRI, 1300, GADRATA, 39467, 1114593, Roads, 0, 0, 0, 0, 0, 0, 750000, 750000
2015, RAJASTHAN, 8, JHUNJHUNU, 97, KHETRI, 1300, GADRATA, 39467, 1114593, Total, 0, 0, 0, 0, 0, 0, 2650000, 2650000
2015, RAJASTHAN, 8, JHUNJHUNU, 97, KHETRI, 1300, GORIR, 39468, 1169138, Drinking water, 0, 0, 0, 0, 0, 0, 100000, 100000
2015, RAJASTHAN, 8, JHUNJHUNU, 97, KHETRI, 1300, GORIR, 39468, 1169138, Roads, 0, 0, 0, 0, 0, 0, 2050000, 2050000
2015, RAJASTHAN, 8, JHUNJHUNU, 97, KHETRI, 1300, GORIR, 39468, 1169138, Social welfare, 0, 0, 0, 0, 0, 0, 200250, 200250
2015, RAJASTHAN, 8, JHUNJHUNU, 97, KHETRI, 1300, GORIR, 39468, 1169138, Total, 0, 0, 0, 0, 0, 0, 2350250, 2350250
2015, RAJASTHAN, 8, JHUNJHUNU, 97, KHETRI, 1300, GOTHRA, 39480, 1115645, Drinking water, 0, 0, 0, 0, 0, 0, 3522999, 3522999
2015, RAJASTHAN, 8, JHUNJHUNU, 97, KHETRI, 1300, GOTHRA, 39480, 1115645, Roads, 0, 0, 0, 0, 0, 0, 222054, 222054
2015, RAJASTHAN, 8, JHUNJHUNU, 97, KHETRI, 1300, GOTHRA, 39480, 1115645, Social welfare, 0, 0, 0, 0, 0, 0, 199352, 199352
2015, RAJASTHAN, 8, JHUNJHUNU, 97, KHETRI, 1300, GOTHRA, 39480, 1115645, Total, 0, 0, 0, 0, 0, 0, 3944405, 3944405
2015, RAJASTHAN, 8, JHUNJHUNU, 97, KHETRI, 1300, HARDIYA, 39469, 1110910, Drinking water, 0, 0, 0, 0, 0, 0, 1200000, 1200000
2015, RAJASTHAN, 8, JHUNJHUNU, 97, KHETRI, 1300, HARDIYA, 39469, 1110910, Roads, 0, 0, 0, 0, 0, 0, 400000, 400000
2015, RAJASTHAN, 8, JHUNJHUNU, 97, KHETRI, 1300, HARDIYA, 39469, 1110910, Total, 0, 0, 0, 0, 0, 0, 1600000, 1600000
2015, RAJASTHAN, 8, JHUNJHUNU, 97, KHETRI, 1300, JASRAPUR, 39470, 1137587, Drinking water, 0, 0, 0, 0, 0, 0, 1250793, 1250793
2015, RAJASTHAN, 8, JHUNJHUNU, 97, KHETRI, 1300, JASRAPUR, 39470, 1137587, Land improvement, 0, 0, 0, 0, 0, 0, 275995, 275995
2015, RAJASTHAN, 8, JHUNJHUNU, 97, KHETRI, 1300, JASRAPUR, 39470, 1137587, Total, 0, 0, 0, 0, 0, 0, 1526788, 1526788
2015, RAJASTHAN, 8, JHUNJHUNU, 97, KHETRI, 1300, KALOTA, 39471, 1169688, Drinking water, 0, 0, 0, 0, 0, 0, 286979, 286979
2015, RAJASTHAN, 8, JHUNJHUNU, 97, KHETRI, 1300, KALOTA, 39471, 1169688, Family welfare, 0, 0, 0, 0, 0, 0, 456367, 456367
2015, RAJASTHAN, 8, JHUNJHUNU, 97, KHETRI, 1300, KALOTA, 39471, 1169688, Non-conventional energy sources, 0, 0, 0, 0, 0, 0, 286979, 286979
2015, RAJASTHAN, 8, JHUNJHUNU, 97, KHETRI, 1300, KALOTA, 39471, 1169688, Total, 0, 0, 0, 0, 0, 0, 1030325, 1030325
2015, RAJASTHAN, 8, JHUNJHUNU, 97, KHETRI, 1300, KANKARIYA, 39472, 1111131, Drinking water, 0, 0, 0, 0, 0, 0, 658000, 658000
2015, RAJASTHAN, 8, JHUNJHUNU, 97, KHETRI, 1300, KANKARIYA, 39472, 1111131, Health, 0, 0, 0, 0, 0, 0, 200000, 200000
2015, RAJASTHAN, 8, JHUNJHUNU, 97, KHETRI, 1300, KANKARIYA, 39472, 1111131, Roads, 0, 0, 0, 0, 0, 0, 250000, 250000
2015, RAJASTHAN, 8, JHUNJHUNU, 97, KHETRI, 1300, KANKARIYA, 39472, 1111131, Total, 0, 0, 0, 0, 0, 0, 1108000, 1108000
2015, RAJASTHAN, 8, JHUNJHUNU, 97, KHETRI, 1300, KHARKHARA, 39473, 1096314, Drinking water, 0, 0, 0, 0, 0, 0, 255879, 255879
2015, RAJASTHAN, 8, JHUNJHUNU, 97, KHETRI, 1300, KHARKHARA, 39473, 1096314, Roads, 0, 0, 0, 0, 0, 0, 566967, 566967
2015, RAJASTHAN, 8, JHUNJHUNU, 97, KHETRI, 1300, KHARKHARA, 39473, 1096314, Total, 0, 0, 0, 0, 0, 0, 822846, 822846
2015, RAJASTHAN, 8, JHUNJHUNU, 97, KHETRI, 1300, LOYAL, 39474, 1158272, Drinking water, 0, 0, 0, 0, 0, 0, 100000, 100000
2015, RAJASTHAN, 8, JHUNJHUNU, 97, KHETRI, 1300, LOYAL, 39474, 1158272, Maintenance of community system, 0, 0, 0, 0, 0, 0, 480000, 480000
2015, RAJASTHAN, 8, JHUNJHUNU, 97, KHETRI, 1300, LOYAL, 39474, 1158272, Total, 0, 0, 0, 0, 0, 0, 580000, 580000
2015, RAJASTHAN, 8, JHUNJHUNU, 97, KHETRI, 1300, MADHOGARH, 39475, 1145701, Drinking water, 0, 0, 0, 0, 0, 0, 100000, 100000
2015, RAJASTHAN, 8, JHUNJHUNU, 97, KHETRI, 1300, MADHOGARH, 39475, 1145701, Maintenance of community system, 0, 0, 0, 0, 0, 0, 1050000, 1050000
2015, RAJASTHAN, 8, JHUNJHUNU, 97, KHETRI, 1300, MADHOGARH, 39475, 1145701, Total, 0, 0, 0, 0, 0, 0, 1150000, 1150000
2015, RAJASTHAN, 8, JHUNJHUNU, 97, KHETRI, 1300, MANDRI, 39476, 1102896, Drinking water, 0, 0, 0, 0, 0, 0, 584690, 584690
2015, RAJASTHAN, 8, JHUNJHUNU, 97, KHETRI, 1300, MANDRI, 39476, 1102896, Roads, 0, 0, 0, 0, 0, 0, 499910, 499910
2015, RAJASTHAN, 8, JHUNJHUNU, 97, KHETRI, 1300, MANDRI, 39476, 1102896, Sanitation, 0, 0, 0, 0, 0, 0, 246600, 246600
2015, RAJASTHAN, 8, JHUNJHUNU, 97, KHETRI, 1300, MANDRI, 39476, 1102896, Total, 0, 0, 0, 0, 0, 0, 1331200, 1331200
2015, RAJASTHAN, 8, JHUNJHUNU, 97, KHETRI, 1300, MANOTA (JATAN), 39477, 1145703, Libraries, 0, 0, 0, 0, 0, 0, 20000, 20000
2015, RAJASTHAN, 8, JHUNJHUNU, 97, KHETRI, 1300, MANOTA (JATAN), 39477, 1145703, Maintenance of community system, 0, 0, 0, 0, 0, 0, 620000, 620000
2015, RAJASTHAN, 8, JHUNJHUNU, 97, KHETRI, 1300, MANOTA (JATAN), 39477, 1145703, Public distribution system, 0, 0, 0, 0, 0, 0, 250000, 250000
2015, RAJASTHAN, 8, JHUNJHUNU, 97, KHETRI, 1300, MANOTA (JATAN), 39477, 1145703, Roads, 0, 0, 0, 0, 0, 0, 500000, 500000
2015, RAJASTHAN, 8, JHUNJHUNU, 97, KHETRI, 1300, MANOTA (JATAN), 39477, 1145703, Rural electrification, 0, 0, 0, 0, 0, 0, 20000, 20000
2015, RAJASTHAN, 8, JHUNJHUNU, 97, KHETRI, 1300, MANOTA (JATAN), 39477, 1145703, Total, 0, 0, 0, 0, 0, 0, 1410000, 1410000
2015, RAJASTHAN, 8, JHUNJHUNU, 97, KHETRI, 1300, MANOTA KALAN, 39478, 1096909, Drinking water, 0, 0, 0, 0, 0, 0, 1907340, 1907340
2015, RAJASTHAN, 8, JHUNJHUNU, 97, KHETRI, 1300, MANOTA KALAN, 39478, 1096909, Roads, 0, 0, 0, 0, 0, 0, 1384726, 1384726
2015, RAJASTHAN, 8, JHUNJHUNU, 97, KHETRI, 1300, MANOTA KALAN, 39478, 1096909, Social welfare, 0, 0, 0, 0, 0, 0, 735006, 735006
2015, RAJASTHAN, 8, JHUNJHUNU, 97, KHETRI, 1300, MANOTA KALAN, 39478, 1096909, Total, 0, 0, 0, 0, 0, 0, 4027072, 4027072
2015, RAJASTHAN, 8, JHUNJHUNU, 97, KHETRI, 1300, MEHARA JATOOWAS, 39479, 1104492, Roads, 0, 0, 0, 0, 0, 0, 2050000, 2050000
2015, RAJASTHAN, 8, JHUNJHUNU, 97, KHETRI, 1300, MEHARA JATOOWAS, 39479, 1104492, Total, 0, 0, 0, 0, 0, 0, 2050000, 2050000
2015, RAJASTHAN, 8, JHUNJHUNU, 97, KHETRI, 1300, NALPUR, 39482, 1137591, Drinking water, 0, 0, 0, 0, 0, 0, 185860, 185860
2015, RAJASTHAN, 8, JHUNJHUNU, 97, KHETRI, 1300, NALPUR, 39482, 1137591, Total, 0, 0, 0, 0, 0, 0, 185860, 185860
2015, RAJASTHAN, 8, JHUNJHUNU, 97, KHETRI, 1300, NANGALIYA, 39483, 1172048, Drinking water, 0, 0, 0, 0, 0, 0, 882731, 882731
2015, RAJASTHAN, 8, JHUNJHUNU, 97, KHETRI, 1300, NANGALIYA, 39483, 1172048, Education, 0, 0, 0, 0, 0, 0, 246968, 246968
2015, RAJASTHAN, 8, JHUNJHUNU, 97, KHETRI, 1300, NANGALIYA, 39483, 1172048, Roads, 0, 0, 0, 0, 0, 0, 1421734, 1421734
2015, RAJASTHAN, 8, JHUNJHUNU, 97, KHETRI, 1300, NANGALIYA, 39483, 1172048, Total, 0, 0, 0, 0, 0, 0, 2551433, 2551433
2015, RAJASTHAN, 8, JHUNJHUNU, 97, KHETRI, 1300, NANGLI SALEDISINGH, 39481, 1166378, Drinking water, 0, 0, 0, 0, 0, 0, 1300000, 1300000
2015, RAJASTHAN, 8, JHUNJHUNU, 97, KHETRI, 1300, NANGLI SALEDISINGH, 39481, 1166378, Maintenance of community system, 0, 0, 0, 0, 0, 0, 251440, 251440
2015, RAJASTHAN, 8, JHUNJHUNU, 97, KHETRI, 1300, NANGLI SALEDISINGH, 39481, 1166378, Roads, 0, 0, 0, 0, 0, 0, 50000, 50000
2015, RAJASTHAN, 8, JHUNJHUNU, 97, KHETRI, 1300, NANGLI SALEDISINGH, 39481, 1166378, Social welfare, 0, 0, 0, 0, 0, 0, 179850, 179850
2015, RAJASTHAN, 8, JHUNJHUNU, 97, KHETRI, 1300, NANGLI SALEDISINGH, 39481, 1166378, Total, 0, 0, 0, 0, 0, 0, 1781290, 1781290
2015, RAJASTHAN, 8, JHUNJHUNU, 97, KHETRI, 1300, NANOOWALI BAORI, 39484, 1104376, Drinking water, 0, 0, 0, 0, 0, 0, 154241, 154241
2015, RAJASTHAN, 8, JHUNJHUNU, 97, KHETRI, 1300, NANOOWALI BAORI, 39484, 1104376, Sanitation, 0, 0, 0, 0, 0, 0, 40000, 40000
2015, RAJASTHAN, 8, JHUNJHUNU, 97, KHETRI, 1300, NANOOWALI BAORI, 39484, 1104376, Total, 0, 0, 0, 0, 0, 0, 194241, 194241
2015, RAJASTHAN, 8, JHUNJHUNU, 97, KHETRI, 1300, NORANGPURA, 39485, 1104581, Drinking water, 0, 0, 0, 0, 0, 0, 1320000, 1320000
2015, RAJASTHAN, 8, JHUNJHUNU, 97, KHETRI, 1300, NORANGPURA, 39485, 1104581, Roads, 0, 0, 0, 0, 0, 0, 250000, 250000
2015, RAJASTHAN, 8, JHUNJHUNU, 97, KHETRI, 1300, NORANGPURA, 39485, 1104581, Sanitation, 0, 0, 0, 0, 0, 0, 125000, 125000
2015, RAJASTHAN, 8, JHUNJHUNU, 97, KHETRI, 1300, NORANGPURA, 39485, 1104581, Total, 0, 0, 0, 0, 0, 0, 1695000, 1695000
2015, RAJASTHAN, 8, JHUNJHUNU, 97, KHETRI, 1300, PAPURANA, 39486, 1145650, Drinking water, 0, 0, 0, 0, 0, 0, 2880166, 2880166
2015, RAJASTHAN, 8, JHUNJHUNU, 97, KHETRI, 1300, PAPURANA, 39486, 1145650, Roads, 0, 0, 0, 0, 0, 0, 850000, 850000
2015, RAJASTHAN, 8, JHUNJHUNU, 97, KHETRI, 1300, PAPURANA, 39486, 1145650, Total, 0, 0, 0, 0, 0, 0, 3730166, 3730166
2015, RAJASTHAN, 8, JHUNJHUNU, 97, KHETRI, 1300, RAJOTA, 39487, 1103627, Drinking water, 0, 0, 0, 0, 0, 0, 821618, 821618
2015, RAJASTHAN, 8, JHUNJHUNU, 97, KHETRI, 1300, RAJOTA, 39487, 1103627, Land improvement, 0, 0, 0, 0, 0, 0, 99923, 99923
2015, RAJASTHAN, 8, JHUNJHUNU, 97, KHETRI, 1300, RAJOTA, 39487, 1103627, Maintenance of community system, 0, 0, 0, 0, 0, 0, 99967, 99967
2015, RAJASTHAN, 8, JHUNJHUNU, 97, KHETRI, 1300, RAJOTA, 39487, 1103627, Total, 0, 0, 0, 0, 0, 0, 1021508, 1021508
2015, RAJASTHAN, 8, JHUNJHUNU, 97, KHETRI, 1300, RAMKUMARPURA, 262637, 1104639, Drinking water, 0, 0, 0, 0, 0, 0, 1500315, 1500315
2015, RAJASTHAN, 8, JHUNJHUNU, 97, KHETRI, 1300, RAMKUMARPURA, 262637, 1104639, Total, 0, 0, 0, 0, 0, 0, 1500315, 1500315
2015, RAJASTHAN, 8, JHUNJHUNU, 97, KHETRI, 1300, RASOOLPUR, 39488, 1110897, Drinking water, 0, 0, 0, 0, 0, 0, 549055, 549055
2015, RAJASTHAN, 8, JHUNJHUNU, 97, KHETRI, 1300, RASOOLPUR, 39488, 1110897, Roads, 0, 0, 0, 0, 0, 0, 449569, 449569
2015, RAJASTHAN, 8, JHUNJHUNU, 97, KHETRI, 1300, RASOOLPUR, 39488, 1110897, Sanitation, 0, 0, 0, 0, 0, 0, 739327, 739327
2015, RAJASTHAN, 8, JHUNJHUNU, 97, KHETRI, 1300, RASOOLPUR, 39488, 1110897, Total, 0, 0, 0, 0, 0, 0, 1737951, 1737951
2015, RAJASTHAN, 8, JHUNJHUNU, 97, KHETRI, 1300, RAWAN, 39489, 1168671, Drinking water, 0, 0, 0, 0, 0, 0, 463961, 463961
2015, RAJASTHAN, 8, JHUNJHUNU, 97, KHETRI, 1300, RAWAN, 39489, 1168671, Maintenance of community system, 0, 0, 0, 0, 0, 0, 147663, 147663
2015, RAJASTHAN, 8, JHUNJHUNU, 97, KHETRI, 1300, RAWAN, 39489, 1168671, Social welfare, 0, 0, 0, 0, 0, 0, 351757, 351757
2015, RAJASTHAN, 8, JHUNJHUNU, 97, KHETRI, 1300, RAWAN, 39489, 1168671, Total, 0, 0, 0, 0, 0, 0, 963381, 963381
2015, RAJASTHAN, 8, JHUNJHUNU, 97, KHETRI, 1300, SANJAY NAGAR, 262639, 1104395, Drinking water, 0, 0, 0, 0, 0, 0, 1498921, 1498921
2015, RAJASTHAN, 8, JHUNJHUNU, 97, KHETRI, 1300, SANJAY NAGAR, 262639, 1104395, Maintenance of community system, 0, 0, 0, 0, 0, 0, 46750, 46750
2015, RAJASTHAN, 8, JHUNJHUNU, 97, KHETRI, 1300, SANJAY NAGAR, 262639, 1104395, Total, 0, 0, 0, 0, 0, 0, 1545671, 1545671
2015, RAJASTHAN, 8, JHUNJHUNU, 97, KHETRI, 1300, SEPHARA GUNWAR, 39490, 1114440, Drinking water, 0, 0, 0, 0, 0, 0, 1000000, 1000000
2015, RAJASTHAN, 8, JHUNJHUNU, 97, KHETRI, 1300, SEPHARA GUNWAR, 39490, 1114440, Total, 0, 0, 0, 0, 0, 0, 1000000, 1000000
2015, RAJASTHAN, 8, JHUNJHUNU, 97, KHETRI, 1300, SHIMLA, 39491, 1172050, Drinking water, 0, 0, 0, 0, 0, 0, 1230000, 1230000
2015, RAJASTHAN, 8, JHUNJHUNU, 97, KHETRI, 1300, SHIMLA, 39491, 1172050, Maintenance of community system, 0, 0, 0, 0, 0, 0, 250000, 250000
2015, RAJASTHAN, 8, JHUNJHUNU, 97, KHETRI, 1300, SHIMLA, 39491, 1172050, Roads, 0, 0, 0, 0, 0, 0, 410000, 410000
2015, RAJASTHAN, 8, JHUNJHUNU, 97, KHETRI, 1300, SHIMLA, 39491, 1172050, Total, 0, 0, 0, 0, 0, 0, 1890000, 1890000
2015, RAJASTHAN, 8, JHUNJHUNU, 97, KHETRI, 1300, SIHOR, 39492, 1103073, Drinking water, 0, 0, 0, 0, 0, 0, 250000, 250000
2015, RAJASTHAN, 8, JHUNJHUNU, 97, KHETRI, 1300, SIHOR, 39492, 1103073, Maintenance of community system, 0, 0, 0, 0, 0, 0, 30000, 30000
2015, RAJASTHAN, 8, JHUNJHUNU, 97, KHETRI, 1300, SIHOR, 39492, 1103073, Sanitation, 0, 0, 0, 0, 0, 0, 79000, 79000
2015, RAJASTHAN, 8, JHUNJHUNU, 97, KHETRI, 1300, SIHOR, 39492, 1103073, Total, 0, 0, 0, 0, 0, 0, 359000, 359000
2015, RAJASTHAN, 8, JHUNJHUNU, 97, KHETRI, 1300, TATEEJA, 39493, 1110904, Drinking water, 0, 0, 0, 0, 0, 0, 164673, 164673
2015, RAJASTHAN, 8, JHUNJHUNU, 97, KHETRI, 1300, TATEEJA, 39493, 1110904, Land improvement, 0, 0, 0, 0, 0, 0, 49984, 49984
2015, RAJASTHAN, 8, JHUNJHUNU, 97, KHETRI, 1300, TATEEJA, 39493, 1110904, Roads, 0, 0, 0, 0, 0, 0, 450000, 450000
2015, RAJASTHAN, 8, JHUNJHUNU, 97, KHETRI, 1300, TATEEJA, 39493, 1110904, Social welfare, 0, 0, 0, 0, 0, 0, 68643, 68643
2015, RAJASTHAN, 8, JHUNJHUNU, 97, KHETRI, 1300, TATEEJA, 39493, 1110904, Total, 0, 0, 0, 0, 0, 0, 733300, 733300
2015, RAJASTHAN, 8, JHUNJHUNU, 97, KHETRI, 1300, THATHWARI, 39494, 1173314, Drinking water, 0, 0, 0, 0, 0, 0, 125000, 125000
2015, RAJASTHAN, 8, JHUNJHUNU, 97, KHETRI, 1300, THATHWARI, 39494, 1173314, Roads, 0, 0, 0, 0, 0, 0, 1299912, 1299912
2015, RAJASTHAN, 8, JHUNJHUNU, 97, KHETRI, 1300, THATHWARI, 39494, 1173314, Total, 0, 0, 0, 0, 0, 0, 1424912, 1424912
2015, RAJASTHAN, 8, JHUNJHUNU, 97, KHETRI, 1300, TIBA, 39495, 1103637, Drinking water, 0, 0, 0, 0, 0, 0, 1341086, 1341086
2015, RAJASTHAN, 8, JHUNJHUNU, 97, KHETRI, 1300, TIBA, 39495, 1103637, Social welfare, 0, 0, 0, 0, 0, 0, 909185, 909185
2015, RAJASTHAN, 8, JHUNJHUNU, 97, KHETRI, 1300, TIBA, 39495, 1103637, Total, 0, 0, 0, 0, 0, 0, 2373302, 2373302
2015, RAJASTHAN, 8, JHUNJHUNU, 97, KHETRI, 1300, TIBA, 39495, 1103637, Water Conservation, 0, 0, 0, 0, 0, 0, 123031, 123031
2015, RAJASTHAN, 8, JHUNJHUNU, 97, KHETRI, 1300, TYONDA, 39496, 1169139, Drinking water, 0, 0, 0, 0, 0, 0, 900000, 900000
2015, RAJASTHAN, 8, JHUNJHUNU, 97, KHETRI, 1300, TYONDA, 39496, 1169139, Maintenance of community system, 0, 0, 0, 0, 0, 0, 100000, 100000
2015, RAJASTHAN, 8, JHUNJHUNU, 97, KHETRI, 1300, TYONDA, 39496, 1169139, Roads, 0, 0, 0, 0, 0, 0, 250000, 250000
2015, RAJASTHAN, 8, JHUNJHUNU, 97, KHETRI, 1300, TYONDA, 39496, 1169139, Total, 0, 0, 0, 0, 0, 0, 1250000, 1250000
2015, RAJASTHAN, 8, JHUNJHUNU, 97, NAWALGARH, 1301, BAGORIYON KI DHANI, 262595, 1107234, Drinking water, 0, 0, 0, 0, 0, 0, 970001, 970001
2015, RAJASTHAN, 8, JHUNJHUNU, 97, NAWALGARH, 1301, BAGORIYON KI DHANI, 262595, 1107234, Roads, 0, 0, 0, 0, 0, 0, 931000, 931000
2015, RAJASTHAN, 8, JHUNJHUNU, 97, NAWALGARH, 1301, BAGORIYON KI DHANI, 262595, 1107234, Sanitation, 0, 0, 0, 0, 0, 0, 747000, 747000
2015, RAJASTHAN, 8, JHUNJHUNU, 97, NAWALGARH, 1301, BAGORIYON KI DHANI, 262595, 1107234, Total, 0, 0, 0, 0, 0, 0, 2648001, 2648001
2015, RAJASTHAN, 8, JHUNJHUNU, 97, NAWALGARH, 1301, BARWASI, 39497, 1109983, Drinking water, 0, 0, 0, 0, 0, 0, 196000, 196000
2015, RAJASTHAN, 8, JHUNJHUNU, 97, NAWALGARH, 1301, BARWASI, 39497, 1109983, Poverty allevation programme, 0, 0, 0, 0, 0, 0, 169000, 169000
2015, RAJASTHAN, 8, JHUNJHUNU, 97, NAWALGARH, 1301, BARWASI, 39497, 1109983, Roads, 0, 0, 0, 0, 0, 0, 1559000, 1559000
2015, RAJASTHAN, 8, JHUNJHUNU, 97, NAWALGARH, 1301, BARWASI, 39497, 1109983, Social welfare, 0, 0, 0, 0, 0, 0, 10000, 10000
2015, RAJASTHAN, 8, JHUNJHUNU, 97, NAWALGARH, 1301, BARWASI, 39497, 1109983, Total, 0, 0, 0, 0, 0, 0, 1934000, 1934000
2015, RAJASTHAN, 8, JHUNJHUNU, 97, NAWALGARH, 1301, BASAWA, 39498, 1088177, Drinking water, 0, 0, 0, 0, 0, 0, 1027782, 1027782
2015, RAJASTHAN, 8, JHUNJHUNU, 97, NAWALGARH, 1301, BASAWA, 39498, 1088177, Roads, 0, 0, 0, 0, 0, 0, 2299379, 2299379
2015, RAJASTHAN, 8, JHUNJHUNU, 97, NAWALGARH, 1301, BASAWA, 39498, 1088177, Sanitation, 0, 0, 0, 0, 0, 0, 119868, 119868
2015, RAJASTHAN, 8, JHUNJHUNU, 97, NAWALGARH, 1301, BASAWA, 39498, 1088177, Total, 0, 0, 0, 0, 0, 0, 3447029, 3447029
2015, RAJASTHAN, 8, JHUNJHUNU, 97, NAWALGARH, 1301, BAY, 39499, 1103709, Drinking water, 0, 0, 0, 0, 0, 0, 396000, 396000
2015, RAJASTHAN, 8, JHUNJHUNU, 97, NAWALGARH, 1301, BAY, 39499, 1103709, Roads, 0, 0, 0, 0, 0, 0, 750000, 750000
2015, RAJASTHAN, 8, JHUNJHUNU, 97, NAWALGARH, 1301, BAY, 39499, 1103709, Social welfare, 0, 0, 0, 0, 0, 0, 497000, 497000
2015, RAJASTHAN, 8, JHUNJHUNU, 97, NAWALGARH, 1301, BAY, 39499, 1103709, Total, 0, 0, 0, 0, 0, 0, 1643000, 1643000
2015, RAJASTHAN, 8, JHUNJHUNU, 97, NAWALGARH, 1301, BIROL, 39500, 1082320, Cultural activities, 0, 0, 0, 0, 0, 0, 72000, 72000
2015, RAJASTHAN, 8, JHUNJHUNU, 97, NAWALGARH, 1301, BIROL, 39500, 1082320, Roads, 0, 0, 0, 0, 0, 0, 3377999, 3377999
2015, RAJASTHAN, 8, JHUNJHUNU, 97, NAWALGARH, 1301, BIROL, 39500, 1082320, Total, 0, 0, 0, 0, 0, 0, 3449999, 3449999
2015, RAJASTHAN, 8, JHUNJHUNU, 97, NAWALGARH, 1301, BUGALA, 39501, 1098050, Roads, 0, 0, 0, 0, 658119, 0, 0, 658119
2015, RAJASTHAN, 8, JHUNJHUNU, 97, NAWALGARH, 1301, BUGALA, 39501, 1098050, Total, 0, 0, 0, 0, 658119, 0, 0, 658119
2015, RAJASTHAN, 8, JHUNJHUNU, 97, NAWALGARH, 1301, BUGALA, 39501, 1101751, Drinking water, 0, 0, 0, 0, 0, 0, 498000, 498000
2015, RAJASTHAN, 8, JHUNJHUNU, 97, NAWALGARH, 1301, BUGALA, 39501, 1101751, Roads, 0, 0, 0, 0, 0, 0, 1540000, 1540000
2015, RAJASTHAN, 8, JHUNJHUNU, 97, NAWALGARH, 1301, BUGALA, 39501, 1101751, Total, 0, 0, 0, 0, 0, 0, 2038000, 2038000
2015, RAJASTHAN, 8, JHUNJHUNU, 97, NAWALGARH, 1301, CHELASI, 39502, 1104907, Drinking water, 0, 0, 0, 0, 0, 0, 713000, 713000
2015, RAJASTHAN, 8, JHUNJHUNU, 97, NAWALGARH, 1301, CHELASI, 39502, 1104907, Roads, 0, 0, 0, 0, 0, 0, 6881000, 6881000
2015, RAJASTHAN, 8, JHUNJHUNU, 97, NAWALGARH, 1301, CHELASI, 39502, 1104907, Total, 0, 0, 0, 0, 0, 0, 7594000, 7594000
2015, RAJASTHAN, 8, JHUNJHUNU, 97, NAWALGARH, 1301, CHIRANA, 39503, 1105646, Cultural activities, 0, 0, 0, 0, 0, 0, 813000, 813000
2015, RAJASTHAN, 8, JHUNJHUNU, 97, NAWALGARH, 1301, CHIRANA, 39503, 1105646, Drinking water, 0, 0, 0, 0, 0, 0, 2491000, 2491000
2015, RAJASTHAN, 8, JHUNJHUNU, 97, NAWALGARH, 1301, CHIRANA, 39503, 1105646, Sanitation, 0, 0, 0, 0, 0, 0, 768000, 768000
2015, RAJASTHAN, 8, JHUNJHUNU, 97, NAWALGARH, 1301, CHIRANA, 39503, 1105646, Total, 0, 0, 0, 0, 0, 0, 4072000, 4072000
2015, RAJASTHAN, 8, JHUNJHUNU, 97, NAWALGARH, 1301, DEOGAON (NOONA), 39504, 1102928, Drinking water, 0, 0, 0, 0, 0, 0, 404000, 404000
2015, RAJASTHAN, 8, JHUNJHUNU, 97, NAWALGARH, 1301, DEOGAON (NOONA), 39504, 1102928, Social welfare, 0, 0, 0, 0, 0, 0, 130000, 130000
2015, RAJASTHAN, 8, JHUNJHUNU, 97, NAWALGARH, 1301, DEOGAON (NOONA), 39504, 1102928, Total, 0, 0, 0, 0, 0, 0, 534000, 534000
2015, RAJASTHAN, 8, JHUNJHUNU, 97, NAWALGARH, 1301, DEVIPURA, 262592, 1107520, Drinking water, 0, 0, 0, 0, 0, 0, 147000, 147000
2015, RAJASTHAN, 8, JHUNJHUNU, 97, NAWALGARH, 1301, DEVIPURA, 262592, 1107520, Sanitation, 0, 0, 0, 0, 0, 0, 229000, 229000
2015, RAJASTHAN, 8, JHUNJHUNU, 97, NAWALGARH, 1301, DEVIPURA, 262592, 1107520, Total, 0, 0, 0, 0, 0, 0, 376000, 376000
2015, RAJASTHAN, 8, JHUNJHUNU, 97, NAWALGARH, 1301, DHAKA KI DHANI, 262602, 1101631, Drinking water, 0, 0, 0, 0, 0, 0, 326000, 326000
2015, RAJASTHAN, 8, JHUNJHUNU, 97, NAWALGARH, 1301, DHAKA KI DHANI, 262602, 1101631, Roads, 0, 0, 0, 0, 0, 0, 750000, 750000
2015, RAJASTHAN, 8, JHUNJHUNU, 97, NAWALGARH, 1301, DHAKA KI DHANI, 262602, 1101631, Total, 0, 0, 0, 0, 0, 0, 1076000, 1076000
2015, RAJASTHAN, 8, JHUNJHUNU, 97, NAWALGARH, 1301, DHANIA NAWALGARH, 39523, 1105506, Drinking water, 0, 0, 0, 0, 0, 0, 1723000, 1723000
2015, RAJASTHAN, 8, JHUNJHUNU, 97, NAWALGARH, 1301, DHANIA NAWALGARH, 39523, 1105506, Land improvement, 0, 0, 0, 0, 0, 0, 73000, 73000
2015, RAJASTHAN, 8, JHUNJHUNU, 97, NAWALGARH, 1301, DHANIA NAWALGARH, 39523, 1105506, Roads, 0, 0, 0, 0, 0, 0, 1027000, 1027000
2015, RAJASTHAN, 8, JHUNJHUNU, 97, NAWALGARH, 1301, DHANIA NAWALGARH, 39523, 1105506, Total, 0, 0, 0, 0, 0, 0, 2823000, 2823000
2015, RAJASTHAN, 8, JHUNJHUNU, 97, NAWALGARH, 1301, DHEVA KI DHANI, 262575, 1107539, Drinking water, 0, 0, 0, 0, 0, 0, 487000, 487000
2015, RAJASTHAN, 8, JHUNJHUNU, 97, NAWALGARH, 1301, DHEVA KI DHANI, 262575, 1107539, Total, 0, 0, 0, 0, 0, 0, 487000, 487000
2015, RAJASTHAN, 8, JHUNJHUNU, 97, NAWALGARH, 1301, DHIGAL, 39505, 1104027, Drinking water, 0, 0, 0, 0, 0, 0, 184000, 184000
2015, RAJASTHAN, 8, JHUNJHUNU, 97, NAWALGARH, 1301, DHIGAL, 39505, 1104027, Sanitation, 0, 0, 0, 0, 0, 0, 130000, 130000
2015, RAJASTHAN, 8, JHUNJHUNU, 97, NAWALGARH, 1301, DHIGAL, 39505, 1104027, Social welfare, 0, 0, 0, 0, 0, 0, 377000, 377000
2015, RAJASTHAN, 8, JHUNJHUNU, 97, NAWALGARH, 1301, DHIGAL, 39505, 1104027, Total, 0, 0, 0, 0, 0, 0, 691000, 691000
2015, RAJASTHAN, 8, JHUNJHUNU, 97, NAWALGARH, 1301, DOOMRA, 39506, 1104824, Cultural activities, 0, 0, 0, 0, 0, 0, 1519000, 1519000
2015, RAJASTHAN, 8, JHUNJHUNU, 97, NAWALGARH, 1301, DOOMRA, 39506, 1104824, Drinking water, 0, 0, 0, 0, 0, 0, 125000, 125000
2015, RAJASTHAN, 8, JHUNJHUNU, 97, NAWALGARH, 1301, DOOMRA, 39506, 1104824, Total, 0, 0, 0, 0, 0, 0, 1644000, 1644000
2015, RAJASTHAN, 8, JHUNJHUNU, 97, NAWALGARH, 1301, DUNDLOD, 39507, 1104789, Drinking water, 0, 0, 0, 0, 0, 0, 1403000, 1403000
2015, RAJASTHAN, 8, JHUNJHUNU, 97, NAWALGARH, 1301, DUNDLOD, 39507, 1104789, Roads, 0, 0, 0, 0, 0, 0, 3997000, 3997000
2015, RAJASTHAN, 8, JHUNJHUNU, 97, NAWALGARH, 1301, DUNDLOD, 39507, 1104789, Total, 0, 0, 0, 0, 0, 0, 5400000, 5400000
2015, RAJASTHAN, 8, JHUNJHUNU, 97, NAWALGARH, 1301, GHORIBARA KHURD, 39508, 1105054, Drinking water, 0, 0, 0, 0, 0, 0, 537000, 537000
2015, RAJASTHAN, 8, JHUNJHUNU, 97, NAWALGARH, 1301, GHORIBARA KHURD, 39508, 1105054, Roads, 0, 0, 0, 0, 0, 0, 1022000, 1022000
2015, RAJASTHAN, 8, JHUNJHUNU, 97, NAWALGARH, 1301, GHORIBARA KHURD, 39508, 1105054, Social welfare, 0, 0, 0, 0, 0, 0, 943000, 943000
2015, RAJASTHAN, 8, JHUNJHUNU, 97, NAWALGARH, 1301, GHORIBARA KHURD, 39508, 1105054, Total, 0, 0, 0, 0, 0, 0, 2502000, 2502000
2015, RAJASTHAN, 8, JHUNJHUNU, 97, NAWALGARH, 1301, GOTHRA, 39509, 1100819, Drinking water, 0, 0, 0, 0, 0, 0, 62000, 62000
2015, RAJASTHAN, 8, JHUNJHUNU, 97, NAWALGARH, 1301, GOTHRA, 39509, 1100819, Roads, 0, 0, 0, 0, 0, 0, 1042000, 1042000
2015, RAJASTHAN, 8, JHUNJHUNU, 97, NAWALGARH, 1301, GOTHRA, 39509, 1100819, Total, 0, 0, 0, 0, 0, 0, 1104000, 1104000
2015, RAJASTHAN, 8, JHUNJHUNU, 97, NAWALGARH, 1301, JAKHAL, 39510, 1102810, Drinking water, 0, 0, 0, 0, 0, 0, 14000, 14000
2015, RAJASTHAN, 8, JHUNJHUNU, 97, NAWALGARH, 1301, JAKHAL, 39510, 1102810, Roads, 0, 0, 0, 0, 0, 0, 2163000, 2163000
2015, RAJASTHAN, 8, JHUNJHUNU, 97, NAWALGARH, 1301, JAKHAL, 39510, 1102810, Social welfare, 0, 0, 0, 0, 0, 0, 318000, 318000
2015, RAJASTHAN, 8, JHUNJHUNU, 97, NAWALGARH, 1301, JAKHAL, 39510, 1102810, Total, 0, 0, 0, 0, 0, 0, 2495000, 2495000
2015, RAJASTHAN, 8, JHUNJHUNU, 97, NAWALGARH, 1301, JEJUSAR, 39511, 1109261, Drinking water, 0, 0, 0, 0, 0, 0, 101000, 101000
2015, RAJASTHAN, 8, JHUNJHUNU, 97, NAWALGARH, 1301, JEJUSAR, 39511, 1109261, Roads, 0, 0, 0, 0, 0, 0, 2404000, 2404000
2015, RAJASTHAN, 8, JHUNJHUNU, 97, NAWALGARH, 1301, JEJUSAR, 39511, 1109261, Sanitation, 0, 0, 0, 0, 0, 0, 461000, 461000
2015, RAJASTHAN, 8, JHUNJHUNU, 97, NAWALGARH, 1301, JEJUSAR, 39511, 1109261, Total, 0, 0, 0, 0, 0, 0, 2966000, 2966000
2015, RAJASTHAN, 8, JHUNJHUNU, 97, NAWALGARH, 1301, JHAJHAR, 39512, 1103768, Roads, 0, 0, 0, 0, 0, 0, 1000000, 1000000
2015, RAJASTHAN, 8, JHUNJHUNU, 97, NAWALGARH, 1301, JHAJHAR, 39512, 1103768, Social welfare, 0, 0, 0, 0, 0, 0, 575000, 575000
2015, RAJASTHAN, 8, JHUNJHUNU, 97, NAWALGARH, 1301, JHAJHAR, 39512, 1103768, Total, 0, 0, 0, 0, 0, 0, 1575000, 1575000
2015, RAJASTHAN, 8, JHUNJHUNU, 97, NAWALGARH, 1301, KAIRU, 39513, 1104044, Drinking water, 0, 0, 0, 0, 0, 0, 182500, 182500
2015, RAJASTHAN, 8, JHUNJHUNU, 97, NAWALGARH, 1301, KAIRU, 39513, 1104044, Roads, 0, 0, 0, 0, 0, 0, 1500000, 1500000
2015, RAJASTHAN, 8, JHUNJHUNU, 97, NAWALGARH, 1301, KAIRU, 39513, 1104044, Total, 0, 0, 0, 0, 0, 0, 1682500, 1682500
2015, RAJASTHAN, 8, JHUNJHUNU, 97, NAWALGARH, 1301, KARI, 39514, 1104373, Drinking water, 0, 0, 0, 0, 0, 0, 1492000, 1492000
2015, RAJASTHAN, 8, JHUNJHUNU, 97, NAWALGARH, 1301, KARI, 39514, 1104373, Roads, 0, 0, 0, 0, 0, 0, 1999000, 1999000
2015, RAJASTHAN, 8, JHUNJHUNU, 97, NAWALGARH, 1301, KARI, 39514, 1104373, Total, 0, 0, 0, 0, 0, 0, 3491000, 3491000
2015, RAJASTHAN, 8, JHUNJHUNU, 97, NAWALGARH, 1301, KASERU, 39515, 1104636, Roads, 0, 0, 0, 0, 0, 0, 1923000, 1923000
2015, RAJASTHAN, 8, JHUNJHUNU, 97, NAWALGARH, 1301, KASERU, 39515, 1104636, Total, 0, 0, 0, 0, 0, 0, 1923000, 1923000
2015, RAJASTHAN, 8, JHUNJHUNU, 97, NAWALGARH, 1301, KHIROR, 39516, 1105579, Drinking water, 0, 0, 0, 0, 0, 0, 3006000, 3006000
2015, RAJASTHAN, 8, JHUNJHUNU, 97, NAWALGARH, 1301, KHIROR, 39516, 1105579, Roads, 0, 0, 0, 0, 0, 0, 3607000, 3607000
2015, RAJASTHAN, 8, JHUNJHUNU, 97, NAWALGARH, 1301, KHIROR, 39516, 1105579, Sanitation, 0, 0, 0, 0, 0, 0, 1908000, 1908000
2015, RAJASTHAN, 8, JHUNJHUNU, 97, NAWALGARH, 1301, KHIROR, 39516, 1105579, Social welfare, 0, 0, 0, 0, 0, 0, 1644000, 1644000
2015, RAJASTHAN, 8, JHUNJHUNU, 97, NAWALGARH, 1301, KHIROR, 39516, 1105579, Total, 0, 0, 0, 0, 0, 0, 10165000, 10165000
2015, RAJASTHAN, 8, JHUNJHUNU, 97, NAWALGARH, 1301, KOLSIYA, 39517, 1101538, Roads, 0, 0, 0, 0, 0, 0, 704000, 704000
2015, RAJASTHAN, 8, JHUNJHUNU, 97, NAWALGARH, 1301, KOLSIYA, 39517, 1101538, Total, 0, 0, 0, 0, 0, 0, 704000, 704000
2015, RAJASTHAN, 8, JHUNJHUNU, 97, NAWALGARH, 1301, KUMAWAS, 39518, 1101601, Roads, 0, 0, 0, 0, 0, 0, 500000, 500000
2015, RAJASTHAN, 8, JHUNJHUNU, 97, NAWALGARH, 1301, KUMAWAS, 39518, 1101601, Total, 0, 0, 0, 0, 0, 0, 500000, 500000
2015, RAJASTHAN, 8, JHUNJHUNU, 97, NAWALGARH, 1301, KUMAWAS, 39518, 1101624, Drinking water, 0, 0, 0, 0, 0, 0, 73500, 73500
2015, RAJASTHAN, 8, JHUNJHUNU, 97, NAWALGARH, 1301, KUMAWAS, 39518, 1101624, Total, 0, 0, 0, 0, 0, 0, 73500, 73500
2015, RAJASTHAN, 8, JHUNJHUNU, 97, NAWALGARH, 1301, LOHARGAL, 39519, 1103580, Drinking water, 0, 0, 0, 0, 0, 0, 2312933, 2312933
2015, RAJASTHAN, 8, JHUNJHUNU, 97, NAWALGARH, 1301, LOHARGAL, 39519, 1103580, Maintenance of community system, 0, 0, 0, 0, 0, 0, 100000, 100000
2015, RAJASTHAN, 8, JHUNJHUNU, 97, NAWALGARH, 1301, LOHARGAL, 39519, 1103580, Rural housing, 0, 0, 0, 0, 0, 0, 50000, 50000
2015, RAJASTHAN, 8, JHUNJHUNU, 97, NAWALGARH, 1301, LOHARGAL, 39519, 1103580, Sanitation, 0, 0, 0, 0, 0, 0, 250000, 250000
2015, RAJASTHAN, 8, JHUNJHUNU, 97, NAWALGARH, 1301, LOHARGAL, 39519, 1103580, Total, 0, 0, 0, 0, 0, 0, 2762933, 2762933
2015, RAJASTHAN, 8, JHUNJHUNU, 97, NAWALGARH, 1301, LOHARGAL, 39519, 1103580, Women and child development, 0, 0, 0, 0, 0, 0, 50000, 50000
2015, RAJASTHAN, 8, JHUNJHUNU, 97, NAWALGARH, 1301, LOHARGAL, 39519, 1104463, Drinking water, 0, 0, 0, 0, 0, 0, 200000, 200000
2015, RAJASTHAN, 8, JHUNJHUNU, 97, NAWALGARH, 1301, LOHARGAL, 39519, 1104463, Maintenance of community system, 0, 0, 0, 0, 0, 0, 50000, 50000
2015, RAJASTHAN, 8, JHUNJHUNU, 97, NAWALGARH, 1301, LOHARGAL, 39519, 1104463, Roads, 0, 0, 0, 0, 0, 0, 250000, 250000
2015, RAJASTHAN, 8, JHUNJHUNU, 97, NAWALGARH, 1301, LOHARGAL, 39519, 1104463, Rural housing, 0, 0, 0, 0, 0, 0, 50000, 50000
2015, RAJASTHAN, 8, JHUNJHUNU, 97, NAWALGARH, 1301, LOHARGAL, 39519, 1104463, Total, 0, 0, 0, 0, 0, 0, 550000, 550000
2015, RAJASTHAN, 8, JHUNJHUNU, 97, NAWALGARH, 1301, MANDASI, 39520, 1110136, Drinking water, 0, 0, 0, 0, 0, 0, 285000, 285000
2015, RAJASTHAN, 8, JHUNJHUNU, 97, NAWALGARH, 1301, MANDASI, 39520, 1110136, Roads, 0, 0, 0, 0, 0, 0, 715000, 715000
2015, RAJASTHAN, 8, JHUNJHUNU, 97, NAWALGARH, 1301, MANDASI, 39520, 1110136, Total, 0, 0, 0, 0, 0, 0, 1000000, 1000000
2015, RAJASTHAN, 8, JHUNJHUNU, 97, NAWALGARH, 1301, MOHANBARI, 39521, 1104183, Drinking water, 0, 0, 0, 0, 0, 0, 278000, 278000
2015, RAJASTHAN, 8, JHUNJHUNU, 97, NAWALGARH, 1301, MOHANBARI, 39521, 1104183, Roads, 0, 0, 0, 0, 0, 0, 3430000, 3430000
2015, RAJASTHAN, 8, JHUNJHUNU, 97, NAWALGARH, 1301, MOHANBARI, 39521, 1104183, Total, 0, 0, 0, 0, 0, 0, 3708000, 3708000
2015, RAJASTHAN, 8, JHUNJHUNU, 97, NAWALGARH, 1301, NAWALRI, 39522, 1103990, Drinking water, 0, 0, 0, 0, 0, 0, 1022000, 1022000
2015, RAJASTHAN, 8, JHUNJHUNU, 97, NAWALGARH, 1301, NAWALRI, 39522, 1103990, Roads, 0, 0, 0, 0, 0, 0, 1167000, 1167000
2015, RAJASTHAN, 8, JHUNJHUNU, 97, NAWALGARH, 1301, NAWALRI, 39522, 1103990, Total, 0, 0, 0, 0, 0, 0, 2233000, 2233000
2015, RAJASTHAN, 8, JHUNJHUNU, 97, NAWALGARH, 1301, NAWALRI, 39522, 1103990, Tribal Welfare, 0, 0, 0, 0, 0, 0, 44000, 44000
2015, RAJASTHAN, 8, JHUNJHUNU, 97, NAWALGARH, 1301, NIWAI, 39524, 1105294, Drinking water, 0, 0, 0, 0, 0, 0, 549000, 549000
2015, RAJASTHAN, 8, JHUNJHUNU, 97, NAWALGARH, 1301, NIWAI, 39524, 1105294, Roads, 0, 0, 0, 0, 0, 0, 1727000, 1727000
2015, RAJASTHAN, 8, JHUNJHUNU, 97, NAWALGARH, 1301, NIWAI, 39524, 1105294, Social welfare, 0, 0, 0, 0, 0, 0, 422000, 422000
2015, RAJASTHAN, 8, JHUNJHUNU, 97, NAWALGARH, 1301, NIWAI, 39524, 1105294, Total, 0, 0, 0, 0, 0, 0, 2698000, 2698000
2015, RAJASTHAN, 8, JHUNJHUNU, 97, NAWALGARH, 1301, PABANA (RURAL), 39525, 1108783, Drinking water, 0, 0, 0, 0, 0, 0, 594000, 594000
2015, RAJASTHAN, 8, JHUNJHUNU, 97, NAWALGARH, 1301, PABANA (RURAL), 39525, 1108783, Roads, 0, 0, 0, 0, 0, 0, 2279000, 2279000
2015, RAJASTHAN, 8, JHUNJHUNU, 97, NAWALGARH, 1301, PABANA (RURAL), 39525, 1108783, Sanitation, 0, 0, 0, 0, 0, 0, 150000, 150000
2015, RAJASTHAN, 8, JHUNJHUNU, 97, NAWALGARH, 1301, PABANA (RURAL), 39525, 1108783, Social welfare, 0, 0, 0, 0, 0, 0, 30000, 30000
2015, RAJASTHAN, 8, JHUNJHUNU, 97, NAWALGARH, 1301, PABANA (RURAL), 39525, 1108783, Total, 0, 0, 0, 0, 0, 0, 3053000, 3053000
2015, RAJASTHAN, 8, JHUNJHUNU, 97, NAWALGARH, 1301, PARASRAMPURA, 39526, 1105636, Drinking water, 0, 0, 0, 0, 0, 0, 2771000, 2771000
2015, RAJASTHAN, 8, JHUNJHUNU, 97, NAWALGARH, 1301, PARASRAMPURA, 39526, 1105636, Health, 0, 0, 0, 0, 0, 0, 500000, 500000
2015, RAJASTHAN, 8, JHUNJHUNU, 97, NAWALGARH, 1301, PARASRAMPURA, 39526, 1105636, Roads, 0, 0, 0, 0, 0, 0, 7030000, 7030000
2015, RAJASTHAN, 8, JHUNJHUNU, 97, NAWALGARH, 1301, PARASRAMPURA, 39526, 1105636, Sanitation, 0, 0, 0, 0, 0, 0, 483000, 483000
2015, RAJASTHAN, 8, JHUNJHUNU, 97, NAWALGARH, 1301, PARASRAMPURA, 39526, 1105636, Total, 0, 0, 0, 0, 0, 0, 10784000, 10784000
2015, RAJASTHAN, 8, JHUNJHUNU, 97, NAWALGARH, 1301, POOJARI KI DHANI, 262579, 1110120, Drinking water, 0, 0, 0, 0, 0, 0, 183000, 183000
2015, RAJASTHAN, 8, JHUNJHUNU, 97, NAWALGARH, 1301, POOJARI KI DHANI, 262579, 1110120, Roads, 0, 0, 0, 0, 0, 0, 1000000, 1000000
2015, RAJASTHAN, 8, JHUNJHUNU, 97, NAWALGARH, 1301, POOJARI KI DHANI, 262579, 1110120, Total, 0, 0, 0, 0, 0, 0, 1183000, 1183000
2015, RAJASTHAN, 8, JHUNJHUNU, 97, NAWALGARH, 1301, RANASAR, 39527, 1104500, Drinking water, 0, 0, 0, 0, 0, 0, 249000, 249000
2015, RAJASTHAN, 8, JHUNJHUNU, 97, NAWALGARH, 1301, RANASAR, 39527, 1104500, Roads, 0, 0, 0, 0, 0, 0, 498000, 498000
2015, RAJASTHAN, 8, JHUNJHUNU, 97, NAWALGARH, 1301, RANASAR, 39527, 1104500, Total, 0, 0, 0, 0, 0, 0, 747000, 747000
2015, RAJASTHAN, 8, JHUNJHUNU, 97, NAWALGARH, 1301, SOTWARA, 39528, 1104474, Drinking water, 0, 0, 0, 0, 0, 0, 407000, 407000
2015, RAJASTHAN, 8, JHUNJHUNU, 97, NAWALGARH, 1301, SOTWARA, 39528, 1104474, Roads, 0, 0, 0, 0, 0, 0, 23000, 23000
2015, RAJASTHAN, 8, JHUNJHUNU, 97, NAWALGARH, 1301, SOTWARA, 39528, 1104474, Social welfare, 0, 0, 0, 0, 0, 0, 244000, 244000
2015, RAJASTHAN, 8, JHUNJHUNU, 97, NAWALGARH, 1301, SOTWARA, 39528, 1104474, Total, 0, 0, 0, 0, 0, 0, 674000, 674000
2015, RAJASTHAN, 8, JHUNJHUNU, 97, NAWALGARH, 1301, TODPURA, 39529, 1104498, Drinking water, 0, 0, 0, 0, 0, 0, 1315688, 1315688
2015, RAJASTHAN, 8, JHUNJHUNU, 97, NAWALGARH, 1301, TODPURA, 39529, 1104498, Roads, 0, 0, 0, 0, 0, 0, 500000, 500000
2015, RAJASTHAN, 8, JHUNJHUNU, 97, NAWALGARH, 1301, TODPURA, 39529, 1104498, Total, 0, 0, 0, 0, 0, 0, 1815688, 1815688
2015, RAJASTHAN, 8, JHUNJHUNU, 97, NAWALGARH, 1301, TOGRA KALAN, 39530, 1104276, Drinking water, 0, 0, 0, 0, 0, 0, 1434000, 1434000
2015, RAJASTHAN, 8, JHUNJHUNU, 97, NAWALGARH, 1301, TOGRA KALAN, 39530, 1104276, Roads, 0, 0, 0, 0, 0, 0, 401000, 401000
2015, RAJASTHAN, 8, JHUNJHUNU, 97, NAWALGARH, 1301, TOGRA KALAN, 39530, 1104276, Total, 0, 0, 0, 0, 0, 0, 1835000, 1835000
2015, RAJASTHAN, 8, JHUNJHUNU, 97, NAWALGARH, 1301, TONK CHHILARI, 39531, 1103791, Drinking water, 0, 0, 0, 0, 0, 0, 828000, 828000
2015, RAJASTHAN, 8, JHUNJHUNU, 97, NAWALGARH, 1301, TONK CHHILARI, 39531, 1103791, Roads, 0, 0, 0, 0, 0, 0, 1392000, 1392000
2015, RAJASTHAN, 8, JHUNJHUNU, 97, NAWALGARH, 1301, TONK CHHILARI, 39531, 1103791, Social welfare, 0, 0, 0, 0, 0, 0, 117000, 117000
2015, RAJASTHAN, 8, JHUNJHUNU, 97, NAWALGARH, 1301, TONK CHHILARI, 39531, 1103791, Total, 0, 0, 0, 0, 0, 0, 2337000, 2337000
2015, RAJASTHAN, 8, JHUNJHUNU, 97, SURAJGARH, 1302, ADOOKA, 39532, 1109740, Drinking water, 0, 0, 0, 0, 0, 0, 160000, 160000
2015, RAJASTHAN, 8, JHUNJHUNU, 97, SURAJGARH, 1302, ADOOKA, 39532, 1109740, Non-conventional energy sources, 0, 0, 0, 0, 0, 0, 100000, 100000
2015, RAJASTHAN, 8, JHUNJHUNU, 97, SURAJGARH, 1302, ADOOKA, 39532, 1109740, Roads, 0, 0, 0, 0, 0, 0, 1600000, 1600000
2015, RAJASTHAN, 8, JHUNJHUNU, 97, SURAJGARH, 1302, ADOOKA, 39532, 1109740, Sanitation, 0, 0, 0, 0, 0, 0, 330000, 330000
2015, RAJASTHAN, 8, JHUNJHUNU, 97, SURAJGARH, 1302, ADOOKA, 39532, 1109740, Total, 0, 0, 0, 0, 0, 0, 2190000, 2190000
2015, RAJASTHAN, 8, JHUNJHUNU, 97, SURAJGARH, 1302, AGWANA KHURD, 39533, 1073681, Administrative & Technical Support, 0, 0, 0, 0, 0, 0, 50000, 50000
2015, RAJASTHAN, 8, JHUNJHUNU, 97, SURAJGARH, 1302, AGWANA KHURD, 39533, 1073681, Drinking water, 0, 0, 0, 0, 0, 0, 525000, 525000
2015, RAJASTHAN, 8, JHUNJHUNU, 97, SURAJGARH, 1302, AGWANA KHURD, 39533, 1073681, Education, 0, 0, 0, 0, 0, 0, 60000, 60000
2015, RAJASTHAN, 8, JHUNJHUNU, 97, SURAJGARH, 1302, AGWANA KHURD, 39533, 1073681, Maintenance of community system, 0, 0, 0, 0, 0, 0, 200000, 200000
2015, RAJASTHAN, 8, JHUNJHUNU, 97, SURAJGARH, 1302, AGWANA KHURD, 39533, 1073681, Roads, 0, 0, 0, 0, 0, 0, 250000, 250000
2015, RAJASTHAN, 8, JHUNJHUNU, 97, SURAJGARH, 1302, AGWANA KHURD, 39533, 1073681, Total, 0, 0, 0, 0, 0, 0, 1085000, 1085000
2015, RAJASTHAN, 8, JHUNJHUNU, 97, SURAJGARH, 1302, BALODA, 39535, 1092372, Drinking water, 0, 0, 0, 0, 0, 0, 250000, 250000
2015, RAJASTHAN, 8, JHUNJHUNU, 97, SURAJGARH, 1302, BALODA, 39535, 1092372, Maintenance of community system, 0, 0, 0, 0, 0, 0, 250000, 250000
2015, RAJASTHAN, 8, JHUNJHUNU, 97, SURAJGARH, 1302, BALODA, 39535, 1092372, Roads, 0, 0, 0, 0, 0, 0, 2530000, 2530000
2015, RAJASTHAN, 8, JHUNJHUNU, 97, SURAJGARH, 1302, BALODA, 39535, 1092372, Sanitation, 0, 0, 0, 0, 0, 0, 200000, 200000
2015, RAJASTHAN, 8, JHUNJHUNU, 97, SURAJGARH, 1302, BALODA, 39535, 1092372, Total, 0, 0, 0, 0, 0, 0, 3230000, 3230000
2015, RAJASTHAN, 8, JHUNJHUNU, 97, SURAJGARH, 1302, BANGOTHRI KALAN, 39536, 1108846, Drinking water, 0, 0, 0, 0, 0, 0, 615000, 615000
2015, RAJASTHAN, 8, JHUNJHUNU, 97, SURAJGARH, 1302, BANGOTHRI KALAN, 39536, 1108846, Land improvement, 0, 0, 0, 0, 0, 0, 10000, 10000
2015, RAJASTHAN, 8, JHUNJHUNU, 97, SURAJGARH, 1302, BANGOTHRI KALAN, 39536, 1108846, Sanitation, 0, 0, 0, 0, 0, 0, 700000, 700000
2015, RAJASTHAN, 8, JHUNJHUNU, 97, SURAJGARH, 1302, BANGOTHRI KALAN, 39536, 1108846, Total, 0, 0, 0, 0, 0, 0, 1325000, 1325000
2015, RAJASTHAN, 8, JHUNJHUNU, 97, SURAJGARH, 1302, BARSARI KA BAS, 39534, 1093259, Drinking water, 0, 0, 0, 0, 0, 0, 520000, 520000
2015, RAJASTHAN, 8, JHUNJHUNU, 97, SURAJGARH, 1302, BARSARI KA BAS, 39534, 1093259, Maintenance of community system, 0, 0, 0, 0, 0, 0, 50000, 50000
2015, RAJASTHAN, 8, JHUNJHUNU, 97, SURAJGARH, 1302, BARSARI KA BAS, 39534, 1093259, Roads, 0, 0, 0, 0, 0, 0, 1500000, 1500000
2015, RAJASTHAN, 8, JHUNJHUNU, 97, SURAJGARH, 1302, BARSARI KA BAS, 39534, 1093259, Sanitation, 0, 0, 0, 0, 0, 0, 975000, 975000
2015, RAJASTHAN, 8, JHUNJHUNU, 97, SURAJGARH, 1302, BARSARI KA BAS, 39534, 1093259, Total, 0, 0, 0, 0, 0, 0, 3045000, 3045000
2015, RAJASTHAN, 8, JHUNJHUNU, 97, SURAJGARH, 1302, BERI, 39537, 1102957, Drinking water, 0, 0, 0, 0, 0, 0, 857000, 857000
2015, RAJASTHAN, 8, JHUNJHUNU, 97, SURAJGARH, 1302, BERI, 39537, 1102957, Health, 0, 0, 0, 0, 0, 0, 60000, 60000
2015, RAJASTHAN, 8, JHUNJHUNU, 97, SURAJGARH, 1302, BERI, 39537, 1102957, Land improvement, 0, 0, 0, 0, 0, 0, 520000, 520000
2015, RAJASTHAN, 8, JHUNJHUNU, 97, SURAJGARH, 1302, BERI, 39537, 1102957, Roads, 0, 0, 0, 0, 0, 0, 550000, 550000
2015, RAJASTHAN, 8, JHUNJHUNU, 97, SURAJGARH, 1302, BERI, 39537, 1102957, Sanitation, 0, 0, 0, 0, 0, 0, 1646000, 1646000
2015, RAJASTHAN, 8, JHUNJHUNU, 97, SURAJGARH, 1302, BERI, 39537, 1102957, Total, 0, 0, 0, 0, 0, 0, 3633000, 3633000
2015, RAJASTHAN, 8, JHUNJHUNU, 97, SURAJGARH, 1302, BERLA, 39538, 1077045, Administrative & Technical Support, 0, 0, 0, 0, 0, 0, 75000, 75000
2015, RAJASTHAN, 8, JHUNJHUNU, 97, SURAJGARH, 1302, BERLA, 39538, 1077045, Agriculture, 0, 0, 0, 0, 0, 0, 1059000, 1059000
2015, RAJASTHAN, 8, JHUNJHUNU, 97, SURAJGARH, 1302, BERLA, 39538, 1077045, Drinking water, 0, 0, 0, 0, 0, 0, 405000, 405000
2015, RAJASTHAN, 8, JHUNJHUNU, 97, SURAJGARH, 1302, BERLA, 39538, 1077045, Education, 0, 0, 0, 0, 0, 0, 250000, 250000
2015, RAJASTHAN, 8, JHUNJHUNU, 97, SURAJGARH, 1302, BERLA, 39538, 1077045, Maintenance of community system, 0, 0, 0, 0, 0, 0, 800000, 800000
2015, RAJASTHAN, 8, JHUNJHUNU, 97, SURAJGARH, 1302, BERLA, 39538, 1077045, Roads, 0, 0, 0, 0, 0, 0, 1300000, 1300000
2015, RAJASTHAN, 8, JHUNJHUNU, 97, SURAJGARH, 1302, BERLA, 39538, 1077045, Total, 0, 0, 0, 0, 0, 0, 3889000, 3889000
2015, RAJASTHAN, 8, JHUNJHUNU, 97, SURAJGARH, 1302, BHAOTHARI, 39540, 1102248, Administrative & Technical Support, 0, 0, 0, 0, 0, 0, 310000, 310000
2015, RAJASTHAN, 8, JHUNJHUNU, 97, SURAJGARH, 1302, BHAOTHARI, 39540, 1102248, Drinking water, 0, 0, 0, 0, 0, 0, 486000, 486000
2015, RAJASTHAN, 8, JHUNJHUNU, 97, SURAJGARH, 1302, BHAOTHARI, 39540, 1102248, Maintenance of community system, 0, 0, 0, 0, 0, 0, 300000, 300000
2015, RAJASTHAN, 8, JHUNJHUNU, 97, SURAJGARH, 1302, BHAOTHARI, 39540, 1102248, Roads, 0, 0, 0, 0, 0, 0, 1060000, 1060000
2015, RAJASTHAN, 8, JHUNJHUNU, 97, SURAJGARH, 1302, BHAOTHARI, 39540, 1102248, Sanitation, 0, 0, 0, 0, 0, 0, 381000, 381000
2015, RAJASTHAN, 8, JHUNJHUNU, 97, SURAJGARH, 1302, BHAOTHARI, 39540, 1102248, Total, 0, 0, 0, 0, 0, 0, 2537000, 2537000
2015, RAJASTHAN, 8, JHUNJHUNU, 97, SURAJGARH, 1302, BHGINA, 39539, 1108952, Administrative & Technical Support, 0, 0, 0, 0, 0, 0, 100000, 100000
2015, RAJASTHAN, 8, JHUNJHUNU, 97, SURAJGARH, 1302, BHGINA, 39539, 1108952, Drinking water, 0, 0, 0, 0, 0, 0, 820000, 820000
2015, RAJASTHAN, 8, JHUNJHUNU, 97, SURAJGARH, 1302, BHGINA, 39539, 1108952, Maintenance of community system, 0, 0, 0, 0, 0, 0, 500000, 500000
2015, RAJASTHAN, 8, JHUNJHUNU, 97, SURAJGARH, 1302, BHGINA, 39539, 1108952, Roads, 0, 0, 0, 0, 0, 0, 650000, 650000
2015, RAJASTHAN, 8, JHUNJHUNU, 97, SURAJGARH, 1302, BHGINA, 39539, 1108952, Total, 0, 0, 0, 0, 0, 0, 2070000, 2070000
2015, RAJASTHAN, 8, JHUNJHUNU, 97, SURAJGARH, 1302, DALMIYON KI DHANI, 262641, 1094489, Drinking water, 0, 0, 0, 0, 0, 0, 570000, 570000
2015, RAJASTHAN, 8, JHUNJHUNU, 97, SURAJGARH, 1302, DALMIYON KI DHANI, 262641, 1094489, Roads, 0, 0, 0, 0, 0, 0, 250000, 250000
2015, RAJASTHAN, 8, JHUNJHUNU, 97, SURAJGARH, 1302, DALMIYON KI DHANI, 262641, 1094489, Sanitation, 0, 0, 0, 0, 0, 0, 490000, 490000
2015, RAJASTHAN, 8, JHUNJHUNU, 97, SURAJGARH, 1302, DALMIYON KI DHANI, 262641, 1094489, Total, 0, 0, 0, 0, 0, 0, 1310000, 1310000
2015, RAJASTHAN, 8, JHUNJHUNU, 97, SURAJGARH, 1302, DEVROAD, 39541, 1077112, Drinking water, 0, 0, 0, 0, 0, 0, 480000, 480000
2015, RAJASTHAN, 8, JHUNJHUNU, 97, SURAJGARH, 1302, DEVROAD, 39541, 1077112, Education, 0, 0, 0, 0, 0, 0, 250000, 250000
2015, RAJASTHAN, 8, JHUNJHUNU, 97, SURAJGARH, 1302, DEVROAD, 39541, 1077112, Land improvement, 0, 0, 0, 0, 0, 0, 30000, 30000
2015, RAJASTHAN, 8, JHUNJHUNU, 97, SURAJGARH, 1302, DEVROAD, 39541, 1077112, Maintenance of community system, 0, 0, 0, 0, 0, 0, 1450000, 1450000
2015, RAJASTHAN, 8, JHUNJHUNU, 97, SURAJGARH, 1302, DEVROAD, 39541, 1077112, Roads, 0, 0, 0, 0, 0, 0, 800000, 800000
2015, RAJASTHAN, 8, JHUNJHUNU, 97, SURAJGARH, 1302, DEVROAD, 39541, 1077112, Total, 0, 0, 0, 0, 0, 0, 3010000, 3010000
2015, RAJASTHAN, 8, JHUNJHUNU, 97, SURAJGARH, 1302, DHEEGARIYA, 39542, 1096412, Administrative & Technical Support, 0, 0, 0, 0, 0, 0, 715000, 715000
2015, RAJASTHAN, 8, JHUNJHUNU, 97, SURAJGARH, 1302, DHEEGARIYA, 39542, 1096412, Drinking water, 0, 0, 0, 0, 0, 0, 932000, 932000
2015, RAJASTHAN, 8, JHUNJHUNU, 97, SURAJGARH, 1302, DHEEGARIYA, 39542, 1096412, Maintenance of community system, 0, 0, 0, 0, 0, 0, 35000, 35000
2015, RAJASTHAN, 8, JHUNJHUNU, 97, SURAJGARH, 1302, DHEEGARIYA, 39542, 1096412, Sanitation, 0, 0, 0, 0, 0, 0, 40000, 40000
2015, RAJASTHAN, 8, JHUNJHUNU, 97, SURAJGARH, 1302, DHEEGARIYA, 39542, 1096412, Total, 0, 0, 0, 0, 0, 0, 1722000, 1722000
2015, RAJASTHAN, 8, JHUNJHUNU, 97, SURAJGARH, 1302, DOODWA, 39543, 1092352, Drinking water, 0, 0, 0, 0, 0, 0, 445000, 445000
2015, RAJASTHAN, 8, JHUNJHUNU, 97, SURAJGARH, 1302, DOODWA, 39543, 1092352, Maintenance of community system, 0, 0, 0, 0, 0, 0, 50000, 50000
2015, RAJASTHAN, 8, JHUNJHUNU, 97, SURAJGARH, 1302, DOODWA, 39543, 1092352, Sanitation, 0, 0, 0, 0, 0, 0, 575000, 575000
2015, RAJASTHAN, 8, JHUNJHUNU, 97, SURAJGARH, 1302, DOODWA, 39543, 1092352, Total, 0, 0, 0, 0, 0, 0, 1070000, 1070000
2015, RAJASTHAN, 8, JHUNJHUNU, 97, SURAJGARH, 1302, DULANIYA, 39544, 1094444, Administrative & Technical Support, 0, 0, 0, 0, 0, 0, 50000, 50000
2015, RAJASTHAN, 8, JHUNJHUNU, 97, SURAJGARH, 1302, DULANIYA, 39544, 1094444, Drinking water, 0, 0, 0, 0, 0, 0, 483000, 483000
2015, RAJASTHAN, 8, JHUNJHUNU, 97, SURAJGARH, 1302, DULANIYA, 39544, 1094444, Roads, 0, 0, 0, 0, 0, 0, 900000, 900000
2015, RAJASTHAN, 8, JHUNJHUNU, 97, SURAJGARH, 1302, DULANIYA, 39544, 1094444, Sanitation, 0, 0, 0, 0, 0, 0, 890000, 890000
2015, RAJASTHAN, 8, JHUNJHUNU, 97, SURAJGARH, 1302, DULANIYA, 39544, 1094444, Total, 0, 0, 0, 0, 0, 0, 2323000, 2323000
2015, RAJASTHAN, 8, JHUNJHUNU, 97, SURAJGARH, 1302, FARAT, 39545, 1089340, Drinking water, 0, 0, 0, 0, 0, 0, 891000, 891000
2015, RAJASTHAN, 8, JHUNJHUNU, 97, SURAJGARH, 1302, FARAT, 39545, 1089340, Education, 0, 0, 0, 0, 0, 0, 60000, 60000
2015, RAJASTHAN, 8, JHUNJHUNU, 97, SURAJGARH, 1302, FARAT, 39545, 1089340, Maintenance of community system, 0, 0, 0, 0, 0, 0, 300000, 300000
2015, RAJASTHAN, 8, JHUNJHUNU, 97, SURAJGARH, 1302, FARAT, 39545, 1089340, Roads, 0, 0, 0, 0, 0, 0, 1175000, 1175000
2015, RAJASTHAN, 8, JHUNJHUNU, 97, SURAJGARH, 1302, FARAT, 39545, 1089340, Sanitation, 0, 0, 0, 0, 0, 0, 985000, 985000
2015, RAJASTHAN, 8, JHUNJHUNU, 97, SURAJGARH, 1302, FARAT, 39545, 1089340, Social welfare, 0, 0, 0, 0, 0, 0, 250000, 250000
2015, RAJASTHAN, 8, JHUNJHUNU, 97, SURAJGARH, 1302, FARAT, 39545, 1089340, Total, 0, 0, 0, 0, 0, 0, 3661000, 3661000
2015, RAJASTHAN, 8, JHUNJHUNU, 97, SURAJGARH, 1302, GHADAWA, 39546, 1076536, Drinking water, 0, 0, 0, 0, 0, 0, 50000, 50000
2015, RAJASTHAN, 8, JHUNJHUNU, 97, SURAJGARH, 1302, GHADAWA, 39546, 1076536, Maintenance of community system, 0, 0, 0, 0, 0, 0, 280000, 280000
2015, RAJASTHAN, 8, JHUNJHUNU, 97, SURAJGARH, 1302, GHADAWA, 39546, 1076536, Total, 0, 0, 0, 0, 0, 0, 330000, 330000
2015, RAJASTHAN, 8, JHUNJHUNU, 97, SURAJGARH, 1302, GHUMANSAR KALAN, 39547, 1100491, Drinking water, 0, 0, 0, 0, 0, 0, 735000, 735000
2015, RAJASTHAN, 8, JHUNJHUNU, 97, SURAJGARH, 1302, GHUMANSAR KALAN, 39547, 1100491, Land improvement, 0, 0, 0, 0, 0, 0, 125000, 125000
2015, RAJASTHAN, 8, JHUNJHUNU, 97, SURAJGARH, 1302, GHUMANSAR KALAN, 39547, 1100491, Roads, 0, 0, 0, 0, 0, 0, 450000, 450000
2015, RAJASTHAN, 8, JHUNJHUNU, 97, SURAJGARH, 1302, GHUMANSAR KALAN, 39547, 1100491, Sanitation, 0, 0, 0, 0, 0, 0, 215000, 215000
2015, RAJASTHAN, 8, JHUNJHUNU, 97, SURAJGARH, 1302, GHUMANSAR KALAN, 39547, 1100491, Total, 0, 0, 0, 0, 0, 0, 1525000, 1525000
2015, RAJASTHAN, 8, JHUNJHUNU, 97, SURAJGARH, 1302, HAMEENPUR, 39548, 1087975, Drinking water, 0, 0, 0, 0, 0, 0, 1590646, 1590646
2015, RAJASTHAN, 8, JHUNJHUNU, 97, SURAJGARH, 1302, HAMEENPUR, 39548, 1087975, Land improvement, 0, 0, 0, 0, 0, 0, 1502501, 1502501
2015, RAJASTHAN, 8, JHUNJHUNU, 97, SURAJGARH, 1302, HAMEENPUR, 39548, 1087975, Roads, 0, 0, 0, 0, 0, 0, 126982, 126982
2015, RAJASTHAN, 8, JHUNJHUNU, 97, SURAJGARH, 1302, HAMEENPUR, 39548, 1087975, Technical training and vocational education, 0, 0, 0, 0, 0, 0, 49974, 49974
2015, RAJASTHAN, 8, JHUNJHUNU, 97, SURAJGARH, 1302, HAMEENPUR, 39548, 1087975, Total, 0, 0, 0, 0, 0, 0, 3270103, 3270103
2015, RAJASTHAN, 8, JHUNJHUNU, 97, SURAJGARH, 1302, JAKHOD, 39549, 1115901, Administrative & Technical Support, 0, 0, 0, 0, 0, 0, 150000, 150000
2015, RAJASTHAN, 8, JHUNJHUNU, 97, SURAJGARH, 1302, JAKHOD, 39549, 1115901, Drinking water, 0, 0, 0, 0, 0, 0, 969000, 969000
2015, RAJASTHAN, 8, JHUNJHUNU, 97, SURAJGARH, 1302, JAKHOD, 39549, 1115901, Roads, 0, 0, 0, 0, 0, 0, 2760000, 2760000
2015, RAJASTHAN, 8, JHUNJHUNU, 97, SURAJGARH, 1302, JAKHOD, 39549, 1115901, Sanitation, 0, 0, 0, 0, 0, 0, 100000, 100000
2015, RAJASTHAN, 8, JHUNJHUNU, 97, SURAJGARH, 1302, JAKHOD, 39549, 1115901, Total, 0, 0, 0, 0, 0, 0, 3979000, 3979000
2015, RAJASTHAN, 8, JHUNJHUNU, 97, SURAJGARH, 1302, JEENI, 39550, 1096235, Drinking water, 0, 0, 0, 0, 0, 0, 471800, 471800
2015, RAJASTHAN, 8, JHUNJHUNU, 97, SURAJGARH, 1302, JEENI, 39550, 1096235, Roads, 0, 0, 0, 0, 0, 0, 550000, 550000
2015, RAJASTHAN, 8, JHUNJHUNU, 97, SURAJGARH, 1302, JEENI, 39550, 1096235, Rural electrification, 0, 0, 0, 0, 0, 0, 110000, 110000
2015, RAJASTHAN, 8, JHUNJHUNU, 97, SURAJGARH, 1302, JEENI, 39550, 1096235, Sanitation, 0, 0, 0, 0, 0, 0, 360000, 360000
2015, RAJASTHAN, 8, JHUNJHUNU, 97, SURAJGARH, 1302, JEENI, 39550, 1096235, Total, 0, 0, 0, 0, 0, 0, 1491800, 1491800
2015, RAJASTHAN, 8, JHUNJHUNU, 97, SURAJGARH, 1302, JHERLI, 39551, 1101686, Drinking water, 0, 0, 0, 0, 0, 0, 402000, 402000
2015, RAJASTHAN, 8, JHUNJHUNU, 97, SURAJGARH, 1302, JHERLI, 39551, 1101686, Roads, 0, 0, 0, 0, 0, 0, 1210000, 1210000
2015, RAJASTHAN, 8, JHUNJHUNU, 97, SURAJGARH, 1302, JHERLI, 39551, 1101686, Sanitation, 0, 0, 0, 0, 0, 0, 1725000, 1725000
2015, RAJASTHAN, 8, JHUNJHUNU, 97, SURAJGARH, 1302, JHERLI, 39551, 1101686, Total, 0, 0, 0, 0, 0, 0, 3337000, 3337000
2015, RAJASTHAN, 8, JHUNJHUNU, 97, SURAJGARH, 1302, KAJRA, 39552, 1088480, Administrative & Technical Support, 0, 0, 0, 0, 0, 0, 50000, 50000
2015, RAJASTHAN, 8, JHUNJHUNU, 97, SURAJGARH, 1302, KAJRA, 39552, 1088480, Drinking water, 0, 0, 0, 0, 0, 0, 900000, 900000
2015, RAJASTHAN, 8, JHUNJHUNU, 97, SURAJGARH, 1302, KAJRA, 39552, 1088480, Maintenance of community system, 0, 0, 0, 0, 0, 0, 14000, 14000
2015, RAJASTHAN, 8, JHUNJHUNU, 97, SURAJGARH, 1302, KAJRA, 39552, 1088480, Roads, 0, 0, 0, 0, 0, 0, 1780000, 1780000
2015, RAJASTHAN, 8, JHUNJHUNU, 97, SURAJGARH, 1302, KAJRA, 39552, 1088480, Sanitation, 0, 0, 0, 0, 0, 0, 640000, 640000
2015, RAJASTHAN, 8, JHUNJHUNU, 97, SURAJGARH, 1302, KAJRA, 39552, 1088480, Social welfare, 0, 0, 0, 0, 0, 0, 10000, 10000
2015, RAJASTHAN, 8, JHUNJHUNU, 97, SURAJGARH, 1302, KAJRA, 39552, 1088480, Total, 0, 0, 0, 0, 0, 0, 3394000, 3394000
2015, RAJASTHAN, 8, JHUNJHUNU, 97, SURAJGARH, 1302, KAKORA, 39553, 1109686, Administrative & Technical Support, 0, 0, 0, 0, 0, 0, 480000, 480000
2015, RAJASTHAN, 8, JHUNJHUNU, 97, SURAJGARH, 1302, KAKORA, 39553, 1109686, Drinking water, 0, 0, 0, 0, 0, 0, 855000, 855000
2015, RAJASTHAN, 8, JHUNJHUNU, 97, SURAJGARH, 1302, KAKORA, 39553, 1109686, Maintenance of community system, 0, 0, 0, 0, 0, 0, 550000, 550000
2015, RAJASTHAN, 8, JHUNJHUNU, 97, SURAJGARH, 1302, KAKORA, 39553, 1109686, Roads, 0, 0, 0, 0, 0, 0, 1650000, 1650000
2015, RAJASTHAN, 8, JHUNJHUNU, 97, SURAJGARH, 1302, KAKORA, 39553, 1109686, Sanitation, 0, 0, 0, 0, 0, 0, 500000, 500000
2015, RAJASTHAN, 8, JHUNJHUNU, 97, SURAJGARH, 1302, KAKORA, 39553, 1109686, Total, 0, 0, 0, 0, 0, 0, 4035000, 4035000
2015, RAJASTHAN, 8, JHUNJHUNU, 97, SURAJGARH, 1302, KHERLA, 39554, 1076197, Drinking water, 0, 0, 0, 0, 0, 0, 360000, 360000
2015, RAJASTHAN, 8, JHUNJHUNU, 97, SURAJGARH, 1302, KHERLA, 39554, 1076197, Maintenance of community system, 0, 0, 0, 0, 0, 0, 360000, 360000
2015, RAJASTHAN, 8, JHUNJHUNU, 97, SURAJGARH, 1302, KHERLA, 39554, 1076197, Roads, 0, 0, 0, 0, 0, 0, 400000, 400000
2015, RAJASTHAN, 8, JHUNJHUNU, 97, SURAJGARH, 1302, KHERLA, 39554, 1076197, Total, 0, 0, 0, 0, 0, 0, 1120000, 1120000
2015, RAJASTHAN, 8, JHUNJHUNU, 97, SURAJGARH, 1302, KHUDANIYA, 39555, 1101526, Drinking water, 0, 0, 0, 0, 0, 0, 325000, 325000
2015, RAJASTHAN, 8, JHUNJHUNU, 97, SURAJGARH, 1302, KHUDANIYA, 39555, 1101526, Land improvement, 0, 0, 0, 0, 0, 0, 50000, 50000
2015, RAJASTHAN, 8, JHUNJHUNU, 97, SURAJGARH, 1302, KHUDANIYA, 39555, 1101526, Roads, 0, 0, 0, 0, 0, 0, 250000, 250000
2015, RAJASTHAN, 8, JHUNJHUNU, 97, SURAJGARH, 1302, KHUDANIYA, 39555, 1101526, Total, 0, 0, 0, 0, 0, 0, 625000, 625000
2015, RAJASTHAN, 8, JHUNJHUNU, 97, SURAJGARH, 1302, KIRWANA, 39565, 1099914, Drinking water, 0, 0, 0, 0, 0, 0, 755000, 755000
2015, RAJASTHAN, 8, JHUNJHUNU, 97, SURAJGARH, 1302, KIRWANA, 39565, 1099914, Maintenance of community system, 0, 0, 0, 0, 0, 0, 260000, 260000
2015, RAJASTHAN, 8, JHUNJHUNU, 97, SURAJGARH, 1302, KIRWANA, 39565, 1099914, Roads, 0, 0, 0, 0, 0, 0, 3153000, 3153000
2015, RAJASTHAN, 8, JHUNJHUNU, 97, SURAJGARH, 1302, KIRWANA, 39565, 1099914, Sanitation, 0, 0, 0, 0, 0, 0, 1365000, 1365000
2015, RAJASTHAN, 8, JHUNJHUNU, 97, SURAJGARH, 1302, KIRWANA, 39565, 1099914, Total, 0, 0, 0, 0, 0, 0, 5533000, 5533000
2015, RAJASTHAN, 8, JHUNJHUNU, 97, SURAJGARH, 1302, KULOTH KALAN, 39556, 1108753, Drinking water, 0, 0, 0, 0, 0, 0, 315000, 315000
2015, RAJASTHAN, 8, JHUNJHUNU, 97, SURAJGARH, 1302, KULOTH KALAN, 39556, 1108753, Roads, 0, 0, 0, 0, 0, 0, 1100000, 1100000
2015, RAJASTHAN, 8, JHUNJHUNU, 97, SURAJGARH, 1302, KULOTH KALAN, 39556, 1108753, Total, 0, 0, 0, 0, 0, 0, 1415000, 1415000
2015, RAJASTHAN, 8, JHUNJHUNU, 97, SURAJGARH, 1302, LAKHOO, 39557, 1100425, Administrative & Technical Support, 0, 0, 0, 0, 0, 0, 300000, 300000
2015, RAJASTHAN, 8, JHUNJHUNU, 97, SURAJGARH, 1302, LAKHOO, 39557, 1100425, Drinking water, 0, 0, 0, 0, 0, 0, 1540000, 1540000
2015, RAJASTHAN, 8, JHUNJHUNU, 97, SURAJGARH, 1302, LAKHOO, 39557, 1100425, Roads, 0, 0, 0, 0, 0, 0, 850000, 850000
2015, RAJASTHAN, 8, JHUNJHUNU, 97, SURAJGARH, 1302, LAKHOO, 39557, 1100425, Sanitation, 0, 0, 0, 0, 0, 0, 1800000, 1800000
2015, RAJASTHAN, 8, JHUNJHUNU, 97, SURAJGARH, 1302, LAKHOO, 39557, 1100425, Total, 0, 0, 0, 0, 0, 0, 4490000, 4490000
2015, RAJASTHAN, 8, JHUNJHUNU, 97, SURAJGARH, 1302, LEEKHWA, 39558, 1093229, Agriculture, 0, 0, 0, 0, 0, 0, 1050000, 1050000
2015, RAJASTHAN, 8, JHUNJHUNU, 97, SURAJGARH, 1302, LEEKHWA, 39558, 1093229, Drinking water, 0, 0, 0, 0, 0, 0, 500000, 500000
2015, RAJASTHAN, 8, JHUNJHUNU, 97, SURAJGARH, 1302, LEEKHWA, 39558, 1093229, Land improvement, 0, 0, 0, 0, 0, 0, 25000, 25000
2015, RAJASTHAN, 8, JHUNJHUNU, 97, SURAJGARH, 1302, LEEKHWA, 39558, 1093229, Maintenance of community system, 0, 0, 0, 0, 0, 0, 576000, 576000
2015, RAJASTHAN, 8, JHUNJHUNU, 97, SURAJGARH, 1302, LEEKHWA, 39558, 1093229, Roads, 0, 0, 0, 0, 0, 0, 2650000, 2650000
2015, RAJASTHAN, 8, JHUNJHUNU, 97, SURAJGARH, 1302, LEEKHWA, 39558, 1093229, Sanitation, 0, 0, 0, 0, 0, 0, 40000, 40000
2015, RAJASTHAN, 8, JHUNJHUNU, 97, SURAJGARH, 1302, LEEKHWA, 39558, 1093229, Total, 0, 0, 0, 0, 0, 0, 4841000, 4841000
2015, RAJASTHAN, 8, JHUNJHUNU, 97, SURAJGARH, 1302, LOTIYA, 39567, 1067649, Administrative & Technical Support, 0, 0, 0, 0, 0, 0, 50000, 50000
2015, RAJASTHAN, 8, JHUNJHUNU, 97, SURAJGARH, 1302, LOTIYA, 39567, 1067649, Drinking water, 0, 0, 0, 0, 0, 0, 455000, 455000
2015, RAJASTHAN, 8, JHUNJHUNU, 97, SURAJGARH, 1302, LOTIYA, 39567, 1067649, Maintenance of community system, 0, 0, 0, 0, 0, 0, 250000, 250000
2015, RAJASTHAN, 8, JHUNJHUNU, 97, SURAJGARH, 1302, LOTIYA, 39567, 1067649, Roads, 0, 0, 0, 0, 0, 0, 1750000, 1750000
2015, RAJASTHAN, 8, JHUNJHUNU, 97, SURAJGARH, 1302, LOTIYA, 39567, 1067649, Total, 0, 0, 0, 0, 0, 0, 2505000, 2505000
2015, RAJASTHAN, 8, JHUNJHUNU, 97, SURAJGARH, 1302, MAHPALWAS, 39559, 1091809, Agriculture, 0, 0, 0, 0, 0, 0, 250000, 250000
2015, RAJASTHAN, 8, JHUNJHUNU, 97, SURAJGARH, 1302, MAHPALWAS, 39559, 1091809, Drinking water, 0, 0, 0, 0, 0, 0, 110000, 110000
2015, RAJASTHAN, 8, JHUNJHUNU, 97, SURAJGARH, 1302, MAHPALWAS, 39559, 1091809, Roads, 0, 0, 0, 0, 0, 0, 1310000, 1310000
2015, RAJASTHAN, 8, JHUNJHUNU, 97, SURAJGARH, 1302, MAHPALWAS, 39559, 1091809, Sanitation, 0, 0, 0, 0, 0, 0, 300000, 300000
2015, RAJASTHAN, 8, JHUNJHUNU, 97, SURAJGARH, 1302, MAHPALWAS, 39559, 1091809, Total, 0, 0, 0, 0, 0, 0, 1970000, 1970000
2015, RAJASTHAN, 8, JHUNJHUNU, 97, SURAJGARH, 1302, MORWA, 39560, 1091523, Drinking water, 0, 0, 0, 0, 0, 0, 636477, 636477
2015, RAJASTHAN, 8, JHUNJHUNU, 97, SURAJGARH, 1302, MORWA, 39560, 1091523, Land improvement, 0, 0, 0, 0, 0, 0, 113100, 113100
2015, RAJASTHAN, 8, JHUNJHUNU, 97, SURAJGARH, 1302, MORWA, 39560, 1091523, Maintenance of community system, 0, 0, 0, 0, 0, 0, 174762, 174762
2015, RAJASTHAN, 8, JHUNJHUNU, 97, SURAJGARH, 1302, MORWA, 39560, 1091523, Public distribution system, 0, 0, 0, 0, 0, 0, 49974, 49974
2015, RAJASTHAN, 8, JHUNJHUNU, 97, SURAJGARH, 1302, MORWA, 39560, 1091523, Roads, 0, 0, 0, 0, 0, 0, 1254531, 1254531
2015, RAJASTHAN, 8, JHUNJHUNU, 97, SURAJGARH, 1302, MORWA, 39560, 1091523, Sanitation, 0, 0, 0, 0, 0, 0, 686758, 686758
2015, RAJASTHAN, 8, JHUNJHUNU, 97, SURAJGARH, 1302, MORWA, 39560, 1091523, Total, 0, 0, 0, 0, 0, 0, 2915602, 2915602
2015, RAJASTHAN, 8, JHUNJHUNU, 97, SURAJGARH, 1302, PEEPLI, 39561, 1101578, Drinking water, 0, 0, 0, 0, 0, 0, 500000, 500000
2015, RAJASTHAN, 8, JHUNJHUNU, 97, SURAJGARH, 1302, PEEPLI, 39561, 1101578, Education, 0, 0, 0, 0, 0, 0, 100000, 100000
2015, RAJASTHAN, 8, JHUNJHUNU, 97, SURAJGARH, 1302, PEEPLI, 39561, 1101578, Land improvement, 0, 0, 0, 0, 0, 0, 800000, 800000
2015, RAJASTHAN, 8, JHUNJHUNU, 97, SURAJGARH, 1302, PEEPLI, 39561, 1101578, Sanitation, 0, 0, 0, 0, 0, 0, 500000, 500000
2015, RAJASTHAN, 8, JHUNJHUNU, 97, SURAJGARH, 1302, PEEPLI, 39561, 1101578, Total, 0, 0, 0, 0, 0, 0, 1900000, 1900000
2015, RAJASTHAN, 8, JHUNJHUNU, 97, SURAJGARH, 1302, PILOD, 39562, 1065363, Administrative & Technical Support, 0, 0, 0, 0, 0, 0, 118000, 118000
2015, RAJASTHAN, 8, JHUNJHUNU, 97, SURAJGARH, 1302, PILOD, 39562, 1065363, Drinking water, 0, 0, 0, 0, 0, 0, 751000, 751000
2015, RAJASTHAN, 8, JHUNJHUNU, 97, SURAJGARH, 1302, PILOD, 39562, 1065363, Maintenance of community system, 0, 0, 0, 0, 0, 0, 515000, 515000
2015, RAJASTHAN, 8, JHUNJHUNU, 97, SURAJGARH, 1302, PILOD, 39562, 1065363, Roads, 0, 0, 0, 0, 0, 0, 450000, 450000
2015, RAJASTHAN, 8, JHUNJHUNU, 97, SURAJGARH, 1302, PILOD, 39562, 1065363, Total, 0, 0, 0, 0, 0, 0, 1834000, 1834000
2015, RAJASTHAN, 8, JHUNJHUNU, 97, SURAJGARH, 1302, SEHI KALAN, 39563, 1097163, Drinking water, 0, 0, 0, 0, 0, 0, 460000, 460000
2015, RAJASTHAN, 8, JHUNJHUNU, 97, SURAJGARH, 1302, SEHI KALAN, 39563, 1097163, Maintenance of community system, 0, 0, 0, 0, 0, 0, 700000, 700000
2015, RAJASTHAN, 8, JHUNJHUNU, 97, SURAJGARH, 1302, SEHI KALAN, 39563, 1097163, Roads, 0, 0, 0, 0, 0, 0, 2150000, 2150000
2015, RAJASTHAN, 8, JHUNJHUNU, 97, SURAJGARH, 1302, SEHI KALAN, 39563, 1097163, Sanitation, 0, 0, 0, 0, 0, 0, 650000, 650000
2015, RAJASTHAN, 8, JHUNJHUNU, 97, SURAJGARH, 1302, SEHI KALAN, 39563, 1097163, Total, 0, 0, 0, 0, 0, 0, 3960000, 3960000
2015, RAJASTHAN, 8, JHUNJHUNU, 97, SURAJGARH, 1302, SUJDOLA, 39564, 1103839, Drinking water, 0, 0, 0, 0, 0, 0, 450000, 450000
2015, RAJASTHAN, 8, JHUNJHUNU, 97, SURAJGARH, 1302, SUJDOLA, 39564, 1103839, Land improvement, 0, 0, 0, 0, 0, 0, 200000, 200000
2015, RAJASTHAN, 8, JHUNJHUNU, 97, SURAJGARH, 1302, SUJDOLA, 39564, 1103839, Roads, 0, 0, 0, 0, 0, 0, 950000, 950000
2015, RAJASTHAN, 8, JHUNJHUNU, 97, SURAJGARH, 1302, SUJDOLA, 39564, 1103839, Sanitation, 0, 0, 0, 0, 0, 0, 220000, 220000
2015, RAJASTHAN, 8, JHUNJHUNU, 97, SURAJGARH, 1302, SUJDOLA, 39564, 1103839, Total, 0, 0, 0, 0, 0, 0, 1820000, 1820000
2015, RAJASTHAN, 8, JHUNJHUNU, 97, SURAJGARH, 1302, SWAMI SEHI, 39566, 1094518, Drinking water, 0, 0, 0, 0, 0, 0, 805000, 805000
2015, RAJASTHAN, 8, JHUNJHUNU, 97, SURAJGARH, 1302, SWAMI SEHI, 39566, 1094518, Maintenance of community system, 0, 0, 0, 0, 0, 0, 149000, 149000
2015, RAJASTHAN, 8, JHUNJHUNU, 97, SURAJGARH, 1302, SWAMI SEHI, 39566, 1094518, Roads, 0, 0, 0, 0, 0, 0, 3380000, 3380000
2015, RAJASTHAN, 8, JHUNJHUNU, 97, SURAJGARH, 1302, SWAMI SEHI, 39566, 1094518, Total, 0, 0, 0, 0, 0, 0, 4334000, 4334000
2015, RAJASTHAN, 8, JHUNJHUNU, 97, SURAJGARH, 1302, UREEKA, 39568, 1096322, Drinking water, 0, 0, 0, 0, 0, 0, 206000, 206000
2015, RAJASTHAN, 8, JHUNJHUNU, 97, SURAJGARH, 1302, UREEKA, 39568, 1096322, Maintenance of community system, 0, 0, 0, 0, 0, 0, 50000, 50000
2015, RAJASTHAN, 8, JHUNJHUNU, 97, SURAJGARH, 1302, UREEKA, 39568, 1096322, Total, 0, 0, 0, 0, 0, 0, 256000, 256000
2015, RAJASTHAN, 8, JHUNJHUNU, 97, UDAIPURWATI, 1303, BAGOLI, 39569, 1106826, Drinking water, 0, 0, 0, 0, 0, 0, 670000, 670000
2015, RAJASTHAN, 8, JHUNJHUNU, 97, UDAIPURWATI, 1303, BAGOLI, 39569, 1106826, Total, 0, 0, 0, 0, 0, 0, 670000, 670000
2015, RAJASTHAN, 8, JHUNJHUNU, 97, UDAIPURWATI, 1303, BAGORA, 39570, 1117676, Drinking water, 0, 0, 0, 0, 0, 0, 1270000, 1270000
2015, RAJASTHAN, 8, JHUNJHUNU, 97, UDAIPURWATI, 1303, BAGORA, 39570, 1117676, Maintenance of community system, 0, 0, 0, 0, 0, 0, 250000, 250000
2015, RAJASTHAN, 8, JHUNJHUNU, 97, UDAIPURWATI, 1303, BAGORA, 39570, 1117676, Roads, 0, 0, 0, 0, 0, 0, 700000, 700000
2015, RAJASTHAN, 8, JHUNJHUNU, 97, UDAIPURWATI, 1303, BAGORA, 39570, 1117676, Total, 0, 0, 0, 0, 0, 0, 2220000, 2220000
2015, RAJASTHAN, 8, JHUNJHUNU, 97, UDAIPURWATI, 1303, BAJAWA, 39571, 1101778, Drinking water, 0, 0, 0, 0, 0, 0, 160000, 160000
2015, RAJASTHAN, 8, JHUNJHUNU, 97, UDAIPURWATI, 1303, BAJAWA, 39571, 1101778, Roads, 0, 0, 0, 0, 0, 0, 200000, 200000
2015, RAJASTHAN, 8, JHUNJHUNU, 97, UDAIPURWATI, 1303, BAJAWA, 39571, 1101778, Total, 0, 0, 0, 0, 0, 0, 360000, 360000
2015, RAJASTHAN, 8, JHUNJHUNU, 97, UDAIPURWATI, 1303, BAMLAS, 39572, 1101708, Drinking water, 0, 0, 0, 0, 0, 0, 360000, 360000
2015, RAJASTHAN, 8, JHUNJHUNU, 97, UDAIPURWATI, 1303, BAMLAS, 39572, 1101708, Total, 0, 0, 0, 0, 0, 0, 360000, 360000
2015, RAJASTHAN, 8, JHUNJHUNU, 97, UDAIPURWATI, 1303, BARA GAON, 39573, 1111484, Drinking water, 0, 0, 0, 0, 0, 0, 322000, 322000
2015, RAJASTHAN, 8, JHUNJHUNU, 97, UDAIPURWATI, 1303, BARA GAON, 39573, 1111484, Maintenance of community system, 0, 0, 0, 0, 0, 0, 250000, 250000
2015, RAJASTHAN, 8, JHUNJHUNU, 97, UDAIPURWATI, 1303, BARA GAON, 39573, 1111484, Total, 0, 0, 0, 0, 0, 0, 572000, 572000
2015, RAJASTHAN, 8, JHUNJHUNU, 97, UDAIPURWATI, 1303, BHATIWAR, 39574, 1117231, Drinking water, 0, 0, 0, 0, 0, 0, 2100000, 2100000
2015, RAJASTHAN, 8, JHUNJHUNU, 97, UDAIPURWATI, 1303, BHATIWAR, 39574, 1117231, Maintenance of community system, 0, 0, 0, 0, 0, 0, 180000, 180000
2015, RAJASTHAN, 8, JHUNJHUNU, 97, UDAIPURWATI, 1303, BHATIWAR, 39574, 1117231, Roads, 0, 0, 0, 0, 0, 0, 550000, 550000
2015, RAJASTHAN, 8, JHUNJHUNU, 97, UDAIPURWATI, 1303, BHATIWAR, 39574, 1117231, Total, 0, 0, 0, 0, 0, 0, 2830000, 2830000
2015, RAJASTHAN, 8, JHUNJHUNU, 97, UDAIPURWATI, 1303, BHORKI, 39575, 1101792, Drinking water, 0, 0, 0, 0, 0, 0, 480000, 480000
2015, RAJASTHAN, 8, JHUNJHUNU, 97, UDAIPURWATI, 1303, BHORKI, 39575, 1101792, Maintenance of community system, 0, 0, 0, 0, 0, 0, 240000, 240000
2015, RAJASTHAN, 8, JHUNJHUNU, 97, UDAIPURWATI, 1303, BHORKI, 39575, 1101792, Total, 0, 0, 0, 0, 0, 0, 720000, 720000
2015, RAJASTHAN, 8, JHUNJHUNU, 97, UDAIPURWATI, 1303, CHANWARA, 39576, 1118468, Roads, 0, 0, 0, 0, 0, 0, 9600000, 9600000
2015, RAJASTHAN, 8, JHUNJHUNU, 97, UDAIPURWATI, 1303, CHANWARA, 39576, 1118468, Total, 0, 0, 0, 0, 0, 0, 9600000, 9600000
2015, RAJASTHAN, 8, JHUNJHUNU, 97, UDAIPURWATI, 1303, CHHAOSARI, 39579, 1101783, Drinking water, 0, 0, 0, 0, 0, 0, 225000, 225000
2015, RAJASTHAN, 8, JHUNJHUNU, 97, UDAIPURWATI, 1303, CHHAOSARI, 39579, 1101783, Total, 0, 0, 0, 0, 0, 0, 225000, 225000
2015, RAJASTHAN, 8, JHUNJHUNU, 97, UDAIPURWATI, 1303, CHHAPOLI, 39577, 1118688, Drinking water, 0, 0, 0, 0, 0, 0, 645000, 645000
2015, RAJASTHAN, 8, JHUNJHUNU, 97, UDAIPURWATI, 1303, CHHAPOLI, 39577, 1118688, Maintenance of community system, 0, 0, 0, 0, 0, 0, 160000, 160000
2015, RAJASTHAN, 8, JHUNJHUNU, 97, UDAIPURWATI, 1303, CHHAPOLI, 39577, 1118688, Total, 0, 0, 0, 0, 0, 0, 805000, 805000
2015, RAJASTHAN, 8, JHUNJHUNU, 97, UDAIPURWATI, 1303, CHHAU, 39578, 1101754, Drinking water, 0, 0, 0, 0, 0, 0, 240000, 240000
2015, RAJASTHAN, 8, JHUNJHUNU, 97, UDAIPURWATI, 1303, CHHAU, 39578, 1101754, Maintenance of community system, 0, 0, 0, 0, 0, 0, 100000, 100000
2015, RAJASTHAN, 8, JHUNJHUNU, 97, UDAIPURWATI, 1303, CHHAU, 39578, 1101754, Roads, 0, 0, 0, 0, 0, 0, 240000, 240000
2015, RAJASTHAN, 8, JHUNJHUNU, 97, UDAIPURWATI, 1303, CHHAU, 39578, 1101754, Total, 0, 0, 0, 0, 0, 0, 780000, 780000
2015, RAJASTHAN, 8, JHUNJHUNU, 97, UDAIPURWATI, 1303, CHHAU, 39578, 1101754, Tribal Welfare, 0, 0, 0, 0, 0, 0, 200000, 200000
2015, RAJASTHAN, 8, JHUNJHUNU, 97, UDAIPURWATI, 1303, DHAMORA, 39580, 1101619, Drinking water, 0, 0, 0, 0, 0, 0, 290000, 290000
2015, RAJASTHAN, 8, JHUNJHUNU, 97, UDAIPURWATI, 1303, DHAMORA, 39580, 1101619, Maintenance of community system, 0, 0, 0, 0, 0, 0, 40000, 40000
2015, RAJASTHAN, 8, JHUNJHUNU, 97, UDAIPURWATI, 1303, DHAMORA, 39580, 1101619, Total, 0, 0, 0, 0, 0, 0, 330000, 330000
2015, RAJASTHAN, 8, JHUNJHUNU, 97, UDAIPURWATI, 1303, DHANIA BHORKI, 262661, 1101604, Drinking water, 0, 0, 0, 0, 0, 0, 1400000, 1400000
2015, RAJASTHAN, 8, JHUNJHUNU, 97, UDAIPURWATI, 1303, DHANIA BHORKI, 262661, 1101604, Total, 0, 0, 0, 0, 0, 0, 1400000, 1400000
2015, RAJASTHAN, 8, JHUNJHUNU, 97, UDAIPURWATI, 1303, DURIYA, 39581, 1170784, Drinking water, 0, 0, 0, 0, 0, 0, 250000, 250000
2015, RAJASTHAN, 8, JHUNJHUNU, 97, UDAIPURWATI, 1303, DURIYA, 39581, 1170784, Roads, 0, 0, 0, 0, 0, 0, 350000, 350000
2015, RAJASTHAN, 8, JHUNJHUNU, 97, UDAIPURWATI, 1303, DURIYA, 39581, 1170784, Total, 0, 0, 0, 0, 0, 0, 600000, 600000
2015, RAJASTHAN, 8, JHUNJHUNU, 97, UDAIPURWATI, 1303, GUDA, 39582, 1101691, Drinking water, 0, 0, 0, 0, 0, 0, 1040000, 1040000
2015, RAJASTHAN, 8, JHUNJHUNU, 97, UDAIPURWATI, 1303, GUDA, 39582, 1101691, Total, 0, 0, 0, 0, 0, 0, 1040000, 1040000
2015, RAJASTHAN, 8, JHUNJHUNU, 97, UDAIPURWATI, 1303, GUDHA GORJI, 39583, 1121634, Drinking water, 0, 0, 0, 0, 0, 0, 500000, 500000
2015, RAJASTHAN, 8, JHUNJHUNU, 97, UDAIPURWATI, 1303, GUDHA GORJI, 39583, 1121634, Maintenance of community system, 0, 0, 0, 0, 0, 0, 100000, 100000
2015, RAJASTHAN, 8, JHUNJHUNU, 97, UDAIPURWATI, 1303, GUDHA GORJI, 39583, 1121634, Roads, 0, 0, 0, 0, 0, 0, 2800000, 2800000
2015, RAJASTHAN, 8, JHUNJHUNU, 97, UDAIPURWATI, 1303, GUDHA GORJI, 39583, 1121634, Total, 0, 0, 0, 0, 0, 0, 3400000, 3400000
2015, RAJASTHAN, 8, JHUNJHUNU, 97, UDAIPURWATI, 1303, GUDHABAONI, 262659, 1101662, Drinking water, 0, 0, 0, 0, 0, 0, 480000, 480000
2015, RAJASTHAN, 8, JHUNJHUNU, 97, UDAIPURWATI, 1303, GUDHABAONI, 262659, 1101662, Total, 0, 0, 0, 0, 0, 0, 480000, 480000
2015, RAJASTHAN, 8, JHUNJHUNU, 97, UDAIPURWATI, 1303, HANSALSAR, 39584, 1101799, Drinking water, 0, 0, 0, 0, 0, 0, 480000, 480000
2015, RAJASTHAN, 8, JHUNJHUNU, 97, UDAIPURWATI, 1303, HANSALSAR, 39584, 1101799, Maintenance of community system, 0, 0, 0, 0, 0, 0, 280000, 280000
2015, RAJASTHAN, 8, JHUNJHUNU, 97, UDAIPURWATI, 1303, HANSALSAR, 39584, 1101799, Roads, 0, 0, 0, 0, 0, 0, 100000, 100000
2015, RAJASTHAN, 8, JHUNJHUNU, 97, UDAIPURWATI, 1303, HANSALSAR, 39584, 1101799, Total, 0, 0, 0, 0, 0, 0, 860000, 860000
2015, RAJASTHAN, 8, JHUNJHUNU, 97, UDAIPURWATI, 1303, INDRAPURA, 39585, 1111080, Drinking water, 0, 0, 0, 0, 0, 0, 1400000, 1400000
2015, RAJASTHAN, 8, JHUNJHUNU, 97, UDAIPURWATI, 1303, INDRAPURA, 39585, 1111080, Maintenance of community system, 0, 0, 0, 0, 0, 0, 300000, 300000
2015, RAJASTHAN, 8, JHUNJHUNU, 97, UDAIPURWATI, 1303, INDRAPURA, 39585, 1111080, Total, 0, 0, 0, 0, 0, 0, 1700000, 1700000
2015, RAJASTHAN, 8, JHUNJHUNU, 97, UDAIPURWATI, 1303, JAHAZ, 236074, 1116941, Maintenance of community system, 0, 0, 0, 0, 0, 0, 100000, 100000
2015, RAJASTHAN, 8, JHUNJHUNU, 97, UDAIPURWATI, 1303, JAHAZ, 236074, 1116941, Roads, 0, 0, 0, 0, 0, 0, 1200000, 1200000
2015, RAJASTHAN, 8, JHUNJHUNU, 97, UDAIPURWATI, 1303, JAHAZ, 236074, 1116941, Total, 0, 0, 0, 0, 0, 0, 1300000, 1300000
2015, RAJASTHAN, 8, JHUNJHUNU, 97, UDAIPURWATI, 1303, JODHPURA, 39586, 1106561, Roads, 0, 0, 0, 0, 0, 0, 1450000, 1450000
2015, RAJASTHAN, 8, JHUNJHUNU, 97, UDAIPURWATI, 1303, JODHPURA, 39586, 1106561, Total, 0, 0, 0, 0, 0, 0, 1450000, 1450000
2015, RAJASTHAN, 8, JHUNJHUNU, 97, UDAIPURWATI, 1303, KAKRANA, 39587, 1101665, Drinking water, 0, 0, 0, 0, 0, 0, 161000, 161000
2015, RAJASTHAN, 8, JHUNJHUNU, 97, UDAIPURWATI, 1303, KAKRANA, 39587, 1101665, Total, 0, 0, 0, 0, 0, 0, 161000, 161000
2015, RAJASTHAN, 8, JHUNJHUNU, 97, UDAIPURWATI, 1303, KED, 39588, 1103541, Roads, 0, 0, 0, 0, 0, 0, 5800000, 5800000
2015, RAJASTHAN, 8, JHUNJHUNU, 97, UDAIPURWATI, 1303, KED, 39588, 1103541, Total, 0, 0, 0, 0, 0, 0, 5800000, 5800000
2015, RAJASTHAN, 8, JHUNJHUNU, 97, UDAIPURWATI, 1303, KISHORPURA, 39589, 1101669, Drinking water, 0, 0, 0, 0, 0, 0, 40000, 40000
2015, RAJASTHAN, 8, JHUNJHUNU, 97, UDAIPURWATI, 1303, KISHORPURA, 39589, 1101669, Maintenance of community system, 0, 0, 0, 0, 0, 0, 229000, 229000
2015, RAJASTHAN, 8, JHUNJHUNU, 97, UDAIPURWATI, 1303, KISHORPURA, 39589, 1101669, Total, 0, 0, 0, 0, 0, 0, 269000, 269000
2015, RAJASTHAN, 8, JHUNJHUNU, 97, UDAIPURWATI, 1303, MAINPURA, 39590, 1117714, Drinking water, 0, 0, 0, 0, 0, 0, 225000, 225000
2015, RAJASTHAN, 8, JHUNJHUNU, 97, UDAIPURWATI, 1303, MAINPURA, 39590, 1117714, Maintenance of community system, 0, 0, 0, 0, 0, 0, 25000, 25000
2015, RAJASTHAN, 8, JHUNJHUNU, 97, UDAIPURWATI, 1303, MAINPURA, 39590, 1117714, Roads, 0, 0, 0, 0, 0, 0, 20000, 20000
2015, RAJASTHAN, 8, JHUNJHUNU, 97, UDAIPURWATI, 1303, MAINPURA, 39590, 1117714, Total, 0, 0, 0, 0, 0, 0, 270000, 270000
2015, RAJASTHAN, 8, JHUNJHUNU, 97, UDAIPURWATI, 1303, MANAKSAS, 39591, 1101699, Drinking water, 0, 0, 0, 0, 0, 0, 1300000, 1300000
2015, RAJASTHAN, 8, JHUNJHUNU, 97, UDAIPURWATI, 1303, MANAKSAS, 39591, 1101699, Total, 0, 0, 0, 0, 0, 0, 1300000, 1300000
2015, RAJASTHAN, 8, JHUNJHUNU, 97, UDAIPURWATI, 1303, MANDAWARA, 39592, 1101744, Drinking water, 0, 0, 0, 0, 0, 0, 475000, 475000
2015, RAJASTHAN, 8, JHUNJHUNU, 97, UDAIPURWATI, 1303, MANDAWARA, 39592, 1101744, Total, 0, 0, 0, 0, 0, 0, 475000, 475000
2015, RAJASTHAN, 8, JHUNJHUNU, 97, UDAIPURWATI, 1303, NANGAL, 39593, 1170788, Drinking water, 0, 0, 0, 0, 0, 0, 180000, 180000
2015, RAJASTHAN, 8, JHUNJHUNU, 97, UDAIPURWATI, 1303, NANGAL, 39593, 1170788, Total, 0, 0, 0, 0, 0, 0, 180000, 180000
2015, RAJASTHAN, 8, JHUNJHUNU, 97, UDAIPURWATI, 1303, NATAS, 39594, 1101763, Drinking water, 0, 0, 0, 0, 0, 0, 655000, 655000
2015, RAJASTHAN, 8, JHUNJHUNU, 97, UDAIPURWATI, 1303, NATAS, 39594, 1101763, Maintenance of community system, 0, 0, 0, 0, 0, 0, 1450000, 1450000
2015, RAJASTHAN, 8, JHUNJHUNU, 97, UDAIPURWATI, 1303, NATAS, 39594, 1101763, Total, 0, 0, 0, 0, 0, 0, 2105000, 2105000
2015, RAJASTHAN, 8, JHUNJHUNU, 97, UDAIPURWATI, 1303, NEORI, 39595, 1103445, Drinking water, 0, 0, 0, 0, 0, 0, 280000, 280000
2015, RAJASTHAN, 8, JHUNJHUNU, 97, UDAIPURWATI, 1303, NEORI, 39595, 1103445, Maintenance of community system, 0, 0, 0, 0, 0, 0, 150000, 150000
2015, RAJASTHAN, 8, JHUNJHUNU, 97, UDAIPURWATI, 1303, NEORI, 39595, 1103445, Roads, 0, 0, 0, 0, 0, 0, 250000, 250000
2015, RAJASTHAN, 8, JHUNJHUNU, 97, UDAIPURWATI, 1303, NEORI, 39595, 1103445, Total, 0, 0, 0, 0, 0, 0, 680000, 680000
2015, RAJASTHAN, 8, JHUNJHUNU, 97, UDAIPURWATI, 1303, PACHLANGI, 39596, 1101635, Drinking water, 0, 0, 0, 0, 0, 0, 367000, 367000
2015, RAJASTHAN, 8, JHUNJHUNU, 97, UDAIPURWATI, 1303, PACHLANGI, 39596, 1101635, Maintenance of community system, 0, 0, 0, 0, 0, 0, 98000, 98000
2015, RAJASTHAN, 8, JHUNJHUNU, 97, UDAIPURWATI, 1303, PACHLANGI, 39596, 1101635, Total, 0, 0, 0, 0, 0, 0, 465000, 465000
2015, RAJASTHAN, 8, JHUNJHUNU, 97, UDAIPURWATI, 1303, PAPRA, 39597, 1116972, Drinking water, 0, 0, 0, 0, 0, 0, 1350000, 1350000
2015, RAJASTHAN, 8, JHUNJHUNU, 97, UDAIPURWATI, 1303, PAPRA, 39597, 1116972, Roads, 0, 0, 0, 0, 0, 0, 200000, 200000
2015, RAJASTHAN, 8, JHUNJHUNU, 97, UDAIPURWATI, 1303, PAPRA, 39597, 1116972, Total, 0, 0, 0, 0, 0, 0, 1550000, 1550000
2015, RAJASTHAN, 8, JHUNJHUNU, 97, UDAIPURWATI, 1303, PONKH, 39598, 1103349, Drinking water, 0, 0, 0, 0, 0, 0, 1080000, 1080000
2015, RAJASTHAN, 8, JHUNJHUNU, 97, UDAIPURWATI, 1303, PONKH, 39598, 1103349, Total, 0, 0, 0, 0, 0, 0, 1080000, 1080000
2015, RAJASTHAN, 8, JHUNJHUNU, 97, UDAIPURWATI, 1303, POSANA, 39599, 1118652, Drinking water, 0, 0, 0, 0, 0, 0, 1240000, 1240000
2015, RAJASTHAN, 8, JHUNJHUNU, 97, UDAIPURWATI, 1303, POSANA, 39599, 1118652, Maintenance of community system, 0, 0, 0, 0, 0, 0, 20000, 20000
2015, RAJASTHAN, 8, JHUNJHUNU, 97, UDAIPURWATI, 1303, POSANA, 39599, 1118652, Roads, 0, 0, 0, 0, 0, 0, 250000, 250000
2015, RAJASTHAN, 8, JHUNJHUNU, 97, UDAIPURWATI, 1303, POSANA, 39599, 1118652, Total, 0, 0, 0, 0, 0, 0, 1510000, 1510000
2015, RAJASTHAN, 8, JHUNJHUNU, 97, UDAIPURWATI, 1303, RAGHUNATHPURA, 39600, 1101734, Drinking water, 0, 0, 0, 0, 0, 0, 409000, 409000
2015, RAJASTHAN, 8, JHUNJHUNU, 97, UDAIPURWATI, 1303, RAGHUNATHPURA, 39600, 1101734, Maintenance of community system, 0, 0, 0, 0, 0, 0, 140000, 140000
2015, RAJASTHAN, 8, JHUNJHUNU, 97, UDAIPURWATI, 1303, RAGHUNATHPURA, 39600, 1101734, Total, 0, 0, 0, 0, 0, 0, 659000, 659000
2015, RAJASTHAN, 8, JHUNJHUNU, 97, UDAIPURWATI, 1303, RAGHUNATHPURA, 39600, 1101734, Tribal Welfare, 0, 0, 0, 0, 0, 0, 110000, 110000
2015, RAJASTHAN, 8, JHUNJHUNU, 97, UDAIPURWATI, 1303, SARAI, 39601, 1110970, Drinking water, 0, 0, 0, 0, 0, 0, 790000, 790000
2015, RAJASTHAN, 8, JHUNJHUNU, 97, UDAIPURWATI, 1303, SARAI, 39601, 1110970, Roads, 0, 0, 0, 0, 0, 0, 425000, 425000
2015, RAJASTHAN, 8, JHUNJHUNU, 97, UDAIPURWATI, 1303, SARAI, 39601, 1110970, Total, 0, 0, 0, 0, 0, 0, 1215000, 1215000
2015, RAJASTHAN, 8, JHUNJHUNU, 97, UDAIPURWATI, 1303, SEETHAL, 39602, 1118336, Agriculture, 0, 0, 0, 0, 0, 0, 200000, 200000
2015, RAJASTHAN, 8, JHUNJHUNU, 97, UDAIPURWATI, 1303, SEETHAL, 39602, 1118336, Drinking water, 0, 0, 0, 0, 0, 0, 150000, 150000
2015, RAJASTHAN, 8, JHUNJHUNU, 97, UDAIPURWATI, 1303, SEETHAL, 39602, 1118336, Maintenance of community system, 0, 0, 0, 0, 0, 0, 2600000, 2600000
2015, RAJASTHAN, 8, JHUNJHUNU, 97, UDAIPURWATI, 1303, SEETHAL, 39602, 1118336, Roads, 0, 0, 0, 0, 0, 0, 300000, 300000
2015, RAJASTHAN, 8, JHUNJHUNU, 97, UDAIPURWATI, 1303, SEETHAL, 39602, 1118336, Total, 0, 0, 0, 0, 0, 0, 3250000, 3250000
2015, RAJASTHAN, 8, JHUNJHUNU, 97, UDAIPURWATI, 1303, SIGNOR, 39603, 1170794, Drinking water, 0, 0, 0, 0, 0, 0, 300000, 300000
2015, RAJASTHAN, 8, JHUNJHUNU, 97, UDAIPURWATI, 1303, SIGNOR, 39603, 1170794, Roads, 0, 0, 0, 0, 0, 0, 515000, 515000
2015, RAJASTHAN, 8, JHUNJHUNU, 97, UDAIPURWATI, 1303, SIGNOR, 39603, 1170794, Small-scale industries, 0, 0, 0, 0, 0, 0, 100000, 100000
2015, RAJASTHAN, 8, JHUNJHUNU, 97, UDAIPURWATI, 1303, SIGNOR, 39603, 1170794, Total, 0, 0, 0, 0, 0, 0, 915000, 915000
2015, RAJASTHAN, 8, JHUNJHUNU, 97, UDAIPURWATI, 1303, TEETANWAR, 39604, 1101747, Drinking water, 0, 0, 0, 0, 0, 0, 600000, 600000
2015, RAJASTHAN, 8, JHUNJHUNU, 97, UDAIPURWATI, 1303, TEETANWAR, 39604, 1101747, Maintenance of community system, 0, 0, 0, 0, 0, 0, 140000, 140000
2015, RAJASTHAN, 8, JHUNJHUNU, 97, UDAIPURWATI, 1303, TEETANWAR, 39604, 1101747, Small-scale industries, 0, 0, 0, 0, 0, 0, 60000, 60000
2015, RAJASTHAN, 8, JHUNJHUNU, 97, UDAIPURWATI, 1303, TEETANWAR, 39604, 1101747, Total, 0, 0, 0, 0, 0, 0, 800000, 800000
2015, RAJASTHAN, 8, JHUNJHUNU, 97, UDAIPURWATI, 1303, TODI, 262657, 1119111, Drinking water, 0, 0, 0, 0, 0, 0, 250000, 250000
2015, RAJASTHAN, 8, JHUNJHUNU, 97, UDAIPURWATI, 1303, TODI, 262657, 1119111, Maintenance of community system, 0, 0, 0, 0, 0, 0, 60000, 60000
2015, RAJASTHAN, 8, JHUNJHUNU, 97, UDAIPURWATI, 1303, TODI, 262657, 1119111, Roads, 0, 0, 0, 0, 0, 0, 500000, 500000
2015, RAJASTHAN, 8, JHUNJHUNU, 97, UDAIPURWATI, 1303, TODI, 262657, 1119111, Total, 0, 0, 0, 0, 0, 0, 810000, 810000
2015, RAJASTHAN, 8, JODHPUR, 98, BALESAR, 1304, AGOLAI, 39605, 1127779, Drinking water, 0, 0, 0, 0, 0, 0, 160000, 160000
2015, RAJASTHAN, 8, JODHPUR, 98, BALESAR, 1304, AGOLAI, 39605, 1127779, Total, 0, 0, 0, 0, 0, 0, 160000, 160000
2015, RAJASTHAN, 8, JODHPUR, 98, BALESAR, 1304, BALESAR DURGAWATA, 39606, 1139190, Drinking water, 0, 0, 0, 0, 0, 0, 895000, 895000
2015, RAJASTHAN, 8, JODHPUR, 98, BALESAR, 1304, BALESAR DURGAWATA, 39606, 1139190, Total, 0, 0, 0, 0, 0, 0, 895000, 895000
2015, RAJASTHAN, 8, JODHPUR, 98, BALESAR, 1304, BALESAR SATTA, 39607, 1130373, Drinking water, 0, 0, 0, 0, 0, 0, 1250000, 1250000
2015, RAJASTHAN, 8, JODHPUR, 98, BALESAR, 1304, BALESAR SATTA, 39607, 1130373, Total, 0, 0, 0, 0, 0, 0, 1250000, 1250000
2015, RAJASTHAN, 8, JODHPUR, 98, BALESAR, 1304, BASTAWA, 39609, 1130311, Drinking water, 0, 0, 0, 0, 0, 0, 580000, 580000
2015, RAJASTHAN, 8, JODHPUR, 98, BALESAR, 1304, BASTAWA, 39609, 1130311, Total, 0, 0, 0, 0, 0, 0, 580000, 580000
2015, RAJASTHAN, 8, JODHPUR, 98, BALESAR, 1304, BAWARLI, 39610, 1140294, Adult and non-formal education, 0, 0, 0, 0, 0, 0, 1000, 1000
2015, RAJASTHAN, 8, JODHPUR, 98, BALESAR, 1304, BAWARLI, 39610, 1140294, Drinking water, 0, 0, 0, 0, 0, 0, 109950, 109950
2015, RAJASTHAN, 8, JODHPUR, 98, BALESAR, 1304, BAWARLI, 39610, 1140294, Total, 0, 0, 0, 0, 0, 0, 110950, 110950
2015, RAJASTHAN, 8, JODHPUR, 98, BALESAR, 1304, BELWA KHATRIYA, 39611, 1138415, Drinking water, 0, 0, 0, 0, 0, 0, 75000, 75000
2015, RAJASTHAN, 8, JODHPUR, 98, BALESAR, 1304, BELWA KHATRIYA, 39611, 1138415, Khadi, 0, 0, 0, 0, 0, 0, 150000, 150000
2015, RAJASTHAN, 8, JODHPUR, 98, BALESAR, 1304, BELWA KHATRIYA, 39611, 1138415, Roads, 0, 0, 0, 0, 0, 0, 1000000, 1000000
2015, RAJASTHAN, 8, JODHPUR, 98, BALESAR, 1304, BELWA KHATRIYA, 39611, 1138415, Total, 0, 0, 0, 0, 0, 0, 1225000, 1225000
2015, RAJASTHAN, 8, JODHPUR, 98, BALESAR, 1304, BELWA RANAJI, 39612, 1138720, Drinking water, 0, 0, 0, 0, 0, 0, 1018000, 1018000
2015, RAJASTHAN, 8, JODHPUR, 98, BALESAR, 1304, BELWA RANAJI, 39612, 1138720, Total, 0, 0, 0, 0, 0, 0, 1018000, 1018000
2015, RAJASTHAN, 8, JODHPUR, 98, BALESAR, 1304, BHATELAI PUROHITAN, 39615, 1139180, Drinking water, 0, 0, 0, 0, 0, 0, 860000, 860000
2015, RAJASTHAN, 8, JODHPUR, 98, BALESAR, 1304, BHATELAI PUROHITAN, 39615, 1139180, Total, 0, 0, 0, 0, 0, 0, 860000, 860000
2015, RAJASTHAN, 8, JODHPUR, 98, BALESAR, 1304, BIRAI, 39616, 1139021, Drinking water, 0, 0, 0, 0, 0, 0, 941000, 941000
2015, RAJASTHAN, 8, JODHPUR, 98, BALESAR, 1304, BIRAI, 39616, 1139021, Total, 0, 0, 0, 0, 0, 0, 941000, 941000
2015, RAJASTHAN, 8, JODHPUR, 98, BALESAR, 1304, CHIRWAI, 262100, 1142170, Adult and non-formal education, 0, 0, 0, 0, 0, 0, 500, 500
2015, RAJASTHAN, 8, JODHPUR, 98, BALESAR, 1304, CHIRWAI, 262100, 1142170, Drinking water, 0, 0, 0, 0, 0, 0, 145000, 145000
2015, RAJASTHAN, 8, JODHPUR, 98, BALESAR, 1304, CHIRWAI, 262100, 1142170, Total, 0, 0, 0, 0, 0, 0, 145500, 145500
2015, RAJASTHAN, 8, JODHPUR, 98, BALESAR, 1304, DEO NAGAR, 262074, 1127748, Drinking water, 0, 0, 0, 0, 0, 0, 155000, 155000
2015, RAJASTHAN, 8, JODHPUR, 98, BALESAR, 1304, DEO NAGAR, 262074, 1127748, Maintenance of community system, 0, 0, 0, 0, 0, 0, 405000, 405000
2015, RAJASTHAN, 8, JODHPUR, 98, BALESAR, 1304, DEO NAGAR, 262074, 1127748, Total, 0, 0, 0, 0, 0, 0, 560000, 560000
2015, RAJASTHAN, 8, JODHPUR, 98, BALESAR, 1304, DHADHANIYA BHAYLA, 39621, 1139463, Drinking water, 0, 0, 0, 0, 0, 0, 499000, 499000
2015, RAJASTHAN, 8, JODHPUR, 98, BALESAR, 1304, DHADHANIYA BHAYLA, 39621, 1139463, Education, 0, 0, 0, 0, 0, 0, 108000, 108000
2015, RAJASTHAN, 8, JODHPUR, 98, BALESAR, 1304, DHADHANIYA BHAYLA, 39621, 1139463, Total, 0, 0, 0, 0, 0, 0, 607000, 607000
2015, RAJASTHAN, 8, JODHPUR, 98, BALESAR, 1304, DHADHANIYA SANSAN, 39622, 1142847, Drinking water, 0, 0, 0, 0, 0, 0, 2000000, 2000000
2015, RAJASTHAN, 8, JODHPUR, 98, BALESAR, 1304, DHADHANIYA SANSAN, 39622, 1142847, Total, 0, 0, 0, 0, 0, 0, 2000000, 2000000
2015, RAJASTHAN, 8, JODHPUR, 98, BALESAR, 1304, DUGAR, 39623, 1130258, Roads, 0, 0, 0, 0, 0, 0, 1000000, 1000000
2015, RAJASTHAN, 8, JODHPUR, 98, BALESAR, 1304, DUGAR, 39623, 1130258, Total, 0, 0, 0, 0, 0, 0, 1000000, 1000000
2015, RAJASTHAN, 8, JODHPUR, 98, BALESAR, 1304, GOPALSAR, 39626, 1140030, Drinking water, 0, 0, 0, 0, 0, 0, 810000, 810000
2015, RAJASTHAN, 8, JODHPUR, 98, BALESAR, 1304, GOPALSAR, 39626, 1140030, Total, 0, 0, 0, 0, 0, 0, 810000, 810000
2015, RAJASTHAN, 8, JODHPUR, 98, BALESAR, 1304, HARMATNAGAR, 262080, 1139137, Drinking water, 0, 0, 0, 0, 0, 0, 407000, 407000
2015, RAJASTHAN, 8, JODHPUR, 98, BALESAR, 1304, HARMATNAGAR, 262080, 1139137, Total, 0, 0, 0, 0, 0, 0, 407000, 407000
2015, RAJASTHAN, 8, JODHPUR, 98, BALESAR, 1304, JEEYABERI, 262818, 1139496, Adult and non-formal education, 0, 0, 0, 0, 0, 0, 1000, 1000
2015, RAJASTHAN, 8, JODHPUR, 98, BALESAR, 1304, JEEYABERI, 262818, 1139496, Total, 0, 0, 0, 0, 0, 0, 1000, 1000
2015, RAJASTHAN, 8, JODHPUR, 98, BALESAR, 1304, JUDIYA, 262144, 1146760, Drinking water, 0, 0, 0, 0, 0, 0, 310000, 310000
2015, RAJASTHAN, 8, JODHPUR, 98, BALESAR, 1304, JUDIYA, 262144, 1146760, Total, 0, 0, 0, 0, 0, 0, 310000, 310000
2015, RAJASTHAN, 8, JODHPUR, 98, BALESAR, 1304, Jalandhar Nagar, 262073, 1130850, Drinking water, 0, 0, 0, 0, 0, 0, 1070000, 1070000
2015, RAJASTHAN, 8, JODHPUR, 98, BALESAR, 1304, Jalandhar Nagar, 262073, 1130850, Total, 0, 0, 0, 0, 0, 0, 1070000, 1070000
2015, RAJASTHAN, 8, JODHPUR, 98, BALESAR, 1304, KHARIBERI, 39630, 1139764, Drinking water, 0, 0, 0, 0, 0, 0, 1600000, 1600000
2015, RAJASTHAN, 8, JODHPUR, 98, BALESAR, 1304, KHARIBERI, 39630, 1139764, Total, 0, 0, 0, 0, 0, 0, 1700000, 1700000
2015, RAJASTHAN, 8, JODHPUR, 98, BALESAR, 1304, KHARIBERI, 39630, 1139764, Women and child development, 0, 0, 0, 0, 0, 0, 100000, 100000
2015, RAJASTHAN, 8, JODHPUR, 98, BALESAR, 1304, KHUDIYALA, 39631, 1138711, Drinking water, 0, 0, 0, 0, 0, 0, 2500000, 2500000
2015, RAJASTHAN, 8, JODHPUR, 98, BALESAR, 1304, KHUDIYALA, 39631, 1138711, Total, 0, 0, 0, 0, 0, 0, 2500000, 2500000
2015, RAJASTHAN, 8, JODHPUR, 98, BALESAR, 1304, KONARI, 262102, 1139661, Adult and non-formal education, 0, 0, 0, 0, 0, 0, 1000, 1000
2015, RAJASTHAN, 8, JODHPUR, 98, BALESAR, 1304, KONARI, 262102, 1139661, Drinking water, 0, 0, 0, 0, 0, 0, 1254000, 1254000
2015, RAJASTHAN, 8, JODHPUR, 98, BALESAR, 1304, KONARI, 262102, 1139661, Total, 0, 0, 0, 0, 0, 0, 1255000, 1255000
2015, RAJASTHAN, 8, JODHPUR, 98, BALESAR, 1304, KUI INDA, 39632, 1142383, Drinking water, 0, 0, 0, 0, 0, 0, 997000, 997000
2015, RAJASTHAN, 8, JODHPUR, 98, BALESAR, 1304, KUI INDA, 39632, 1142383, Total, 0, 0, 0, 0, 0, 0, 997000, 997000
2015, RAJASTHAN, 8, JODHPUR, 98, BALESAR, 1304, NIMBON KA GAON, 39635, 1138447, Drinking water, 0, 0, 0, 0, 0, 0, 1155000, 1155000
2015, RAJASTHAN, 8, JODHPUR, 98, BALESAR, 1304, NIMBON KA GAON, 39635, 1138447, Total, 0, 0, 0, 0, 0, 0, 1155000, 1155000
2015, RAJASTHAN, 8, JODHPUR, 98, BALESAR, 1304, RAWALGARH, 262076, 1140229, Drinking water, 0, 0, 0, 0, 0, 0, 729000, 729000
2015, RAJASTHAN, 8, JODHPUR, 98, BALESAR, 1304, RAWALGARH, 262076, 1140229, Total, 0, 0, 0, 0, 0, 0, 729000, 729000
2015, RAJASTHAN, 8, JODHPUR, 98, BALESAR, 1304, UTAMBAR, 39637, 1138844, Drinking water, 0, 0, 0, 0, 0, 0, 943000, 943000
2015, RAJASTHAN, 8, JODHPUR, 98, BALESAR, 1304, UTAMBAR, 39637, 1138844, Total, 0, 0, 0, 0, 0, 0, 943000, 943000
2015, RAJASTHAN, 8, JODHPUR, 98, BAP, 1305, BADI SID, 39638, 1019021, Roads, 0, 0, 0, 0, 0, 0, 500000, 500000
2015, RAJASTHAN, 8, JODHPUR, 98, BAP, 1305, BADI SID, 39638, 1019021, Total, 0, 0, 0, 0, 0, 0, 500000, 500000
2015, RAJASTHAN, 8, JODHPUR, 98, BAP, 1305, BADI SID, 39638, 1157319, Roads, 0, 0, 0, 0, 0, 0, 438000, 438000
2015, RAJASTHAN, 8, JODHPUR, 98, BAP, 1305, BADI SID, 39638, 1157319, Sanitation, 0, 0, 0, 0, 0, 0, 50000, 50000
2015, RAJASTHAN, 8, JODHPUR, 98, BAP, 1305, BADI SID, 39638, 1157319, Total, 0, 0, 0, 0, 0, 0, 488000, 488000
2015, RAJASTHAN, 8, JODHPUR, 98, BAP, 1305, BAP, 39639, 1156459, Roads, 0, 0, 0, 0, 0, 0, 621000, 621000
2015, RAJASTHAN, 8, JODHPUR, 98, BAP, 1305, BAP, 39639, 1156459, Sanitation, 0, 0, 0, 0, 0, 0, 582000, 582000
2015, RAJASTHAN, 8, JODHPUR, 98, BAP, 1305, BAP, 39639, 1156459, Total, 0, 0, 0, 0, 0, 0, 1203000, 1203000
2015, RAJASTHAN, 8, JODHPUR, 98, BAP, 1305, BAROO, 39640, 1156115, Roads, 0, 0, 0, 0, 0, 0, 879000, 879000
2015, RAJASTHAN, 8, JODHPUR, 98, BAP, 1305, BAROO, 39640, 1156115, Sanitation, 0, 0, 0, 0, 0, 0, 200000, 200000
2015, RAJASTHAN, 8, JODHPUR, 98, BAP, 1305, BAROO, 39640, 1156115, Total, 0, 0, 0, 0, 0, 0, 1079000, 1079000
2015, RAJASTHAN, 8, JODHPUR, 98, BAP, 1305, BOOGADI, 39642, 1150073, Drinking water, 0, 0, 0, 0, 0, 0, 578000, 578000
2015, RAJASTHAN, 8, JODHPUR, 98, BAP, 1305, BOOGADI, 39642, 1150073, Sanitation, 0, 0, 0, 0, 0, 0, 199918, 199918
2015, RAJASTHAN, 8, JODHPUR, 98, BAP, 1305, BOOGADI, 39642, 1150073, Total, 0, 0, 0, 0, 0, 0, 777918, 777918
2015, RAJASTHAN, 8, JODHPUR, 98, BAP, 1305, CHAKHU, 39643, 1147244, Drinking water, 0, 0, 0, 0, 0, 0, 25896, 25896
2015, RAJASTHAN, 8, JODHPUR, 98, BAP, 1305, CHAKHU, 39643, 1147244, Sanitation, 0, 0, 0, 0, 0, 0, 1049918, 1049918
2015, RAJASTHAN, 8, JODHPUR, 98, BAP, 1305, CHAKHU, 39643, 1147244, Total, 0, 0, 0, 0, 0, 0, 1075814, 1075814
2015, RAJASTHAN, 8, JODHPUR, 98, BAP, 1305, CHAMPASAR, 39644, 1156981, Drinking water, 0, 0, 0, 0, 0, 0, 1141303, 1141303
2015, RAJASTHAN, 8, JODHPUR, 98, BAP, 1305, CHAMPASAR, 39644, 1156981, Roads, 0, 0, 0, 0, 0, 0, 384785, 384785
2015, RAJASTHAN, 8, JODHPUR, 98, BAP, 1305, CHAMPASAR, 39644, 1156981, Sanitation, 0, 0, 0, 0, 0, 0, 304410, 304410
2015, RAJASTHAN, 8, JODHPUR, 98, BAP, 1305, CHAMPASAR, 39644, 1156981, Total, 0, 0, 0, 0, 0, 0, 1830498, 1830498
2015, RAJASTHAN, 8, JODHPUR, 98, BAP, 1305, CHARNAI, 39645, 1148611, Drinking water, 0, 0, 0, 0, 0, 0, 148000, 148000
2015, RAJASTHAN, 8, JODHPUR, 98, BAP, 1305, CHARNAI, 39645, 1148611, Maintenance of community system, 0, 0, 0, 0, 0, 0, 105000, 105000
2015, RAJASTHAN, 8, JODHPUR, 98, BAP, 1305, CHARNAI, 39645, 1148611, Roads, 0, 0, 0, 0, 0, 0, 500000, 500000
2015, RAJASTHAN, 8, JODHPUR, 98, BAP, 1305, CHARNAI, 39645, 1148611, Total, 0, 0, 0, 0, 0, 0, 753000, 753000
2015, RAJASTHAN, 8, JODHPUR, 98, BAP, 1305, CHEEMANA, 39646, 1150489, Drinking water, 0, 0, 0, 0, 0, 0, 472000, 472000
2015, RAJASTHAN, 8, JODHPUR, 98, BAP, 1305, CHEEMANA, 39646, 1150489, Roads, 0, 0, 0, 0, 0, 0, 441000, 441000
2015, RAJASTHAN, 8, JODHPUR, 98, BAP, 1305, CHEEMANA, 39646, 1150489, Sanitation, 0, 0, 0, 0, 0, 0, 180000, 180000
2015, RAJASTHAN, 8, JODHPUR, 98, BAP, 1305, CHEEMANA, 39646, 1150489, Total, 0, 0, 0, 0, 0, 0, 1093000, 1093000
2015, RAJASTHAN, 8, JODHPUR, 98, BAP, 1305, DEDASARI, 39647, 1149787, Maintenance of community system, 0, 0, 0, 0, 0, 0, 100000, 100000
2015, RAJASTHAN, 8, JODHPUR, 98, BAP, 1305, DEDASARI, 39647, 1149787, Roads, 0, 0, 0, 0, 0, 0, 947000, 947000
2015, RAJASTHAN, 8, JODHPUR, 98, BAP, 1305, DEDASARI, 39647, 1149787, Total, 0, 0, 0, 0, 0, 0, 1047000, 1047000
2015, RAJASTHAN, 8, JODHPUR, 98, BAP, 1305, GHANTIYALI, 39648, 1159466, Sanitation, 0, 0, 0, 0, 0, 0, 1546000, 1546000
2015, RAJASTHAN, 8, JODHPUR, 98, BAP, 1305, GHANTIYALI, 39648, 1159466, Total, 0, 0, 0, 0, 0, 0, 1546000, 1546000
2015, RAJASTHAN, 8, JODHPUR, 98, BAP, 1305, GHATOR, 39649, 1158502, Drinking water, 0, 0, 0, 0, 0, 0, 440000, 440000
2015, RAJASTHAN, 8, JODHPUR, 98, BAP, 1305, GHATOR, 39649, 1158502, Sanitation, 0, 0, 0, 0, 0, 0, 350000, 350000
2015, RAJASTHAN, 8, JODHPUR, 98, BAP, 1305, GHATOR, 39649, 1158502, Total, 0, 0, 0, 0, 0, 0, 790000, 790000
2015, RAJASTHAN, 8, JODHPUR, 98, BAP, 1305, JAISALA, 39650, 1157945, Drinking water, 0, 0, 0, 0, 0, 0, 630000, 630000
2015, RAJASTHAN, 8, JODHPUR, 98, BAP, 1305, JAISALA, 39650, 1157945, Roads, 0, 0, 0, 0, 0, 0, 391000, 391000
2015, RAJASTHAN, 8, JODHPUR, 98, BAP, 1305, JAISALA, 39650, 1157945, Sanitation, 0, 0, 0, 0, 0, 0, 850000, 850000
2015, RAJASTHAN, 8, JODHPUR, 98, BAP, 1305, JAISALA, 39650, 1157945, Total, 0, 0, 0, 0, 0, 0, 1871000, 1871000
2015, RAJASTHAN, 8, JODHPUR, 98, BAP, 1305, JAMBA, 39651, 1160910, Roads, 0, 0, 0, 0, 0, 0, 500000, 500000
2015, RAJASTHAN, 8, JODHPUR, 98, BAP, 1305, JAMBA, 39651, 1160910, Sanitation, 0, 0, 0, 0, 0, 0, 500000, 500000
2015, RAJASTHAN, 8, JODHPUR, 98, BAP, 1305, JAMBA, 39651, 1160910, Total, 0, 0, 0, 0, 0, 0, 1000000, 1000000
2015, RAJASTHAN, 8, JODHPUR, 98, BAP, 1305, JOR, 39652, 1150637, Drinking water, 0, 0, 0, 0, 0, 0, 205000, 205000
2015, RAJASTHAN, 8, JODHPUR, 98, BAP, 1305, JOR, 39652, 1150637, Total, 0, 0, 0, 0, 0, 0, 205000, 205000
2015, RAJASTHAN, 8, JODHPUR, 98, BAP, 1305, KALYANSINGH KI SID, 39653, 1149825, Maintenance of community system, 0, 0, 0, 0, 0, 0, 300000, 300000
2015, RAJASTHAN, 8, JODHPUR, 98, BAP, 1305, KALYANSINGH KI SID, 39653, 1149825, Total, 0, 0, 0, 0, 0, 0, 300000, 300000
2015, RAJASTHAN, 8, JODHPUR, 98, BAP, 1305, KANASAR, 39655, 1149852, Drinking water, 0, 0, 0, 0, 0, 0, 354430, 354430
2015, RAJASTHAN, 8, JODHPUR, 98, BAP, 1305, KANASAR, 39655, 1149852, Maintenance of community system, 0, 0, 0, 0, 0, 0, 272494, 272494
2015, RAJASTHAN, 8, JODHPUR, 98, BAP, 1305, KANASAR, 39655, 1149852, Roads, 0, 0, 0, 0, 0, 0, 438000, 438000
2015, RAJASTHAN, 8, JODHPUR, 98, BAP, 1305, KANASAR, 39655, 1149852, Total, 0, 0, 0, 0, 0, 0, 1064924, 1064924
2015, RAJASTHAN, 8, JODHPUR, 98, BAP, 1305, KANSINGH SEER, 39654, 1157027, Drinking water, 0, 0, 0, 0, 0, 0, 849260, 849260
2015, RAJASTHAN, 8, JODHPUR, 98, BAP, 1305, KANSINGH SEER, 39654, 1157027, Maintenance of community system, 0, 0, 0, 0, 0, 0, 499928, 499928
2015, RAJASTHAN, 8, JODHPUR, 98, BAP, 1305, KANSINGH SEER, 39654, 1157027, Roads, 0, 0, 0, 0, 0, 0, 337910, 337910
2015, RAJASTHAN, 8, JODHPUR, 98, BAP, 1305, KANSINGH SEER, 39654, 1157027, Total, 0, 0, 0, 0, 0, 0, 1687098, 1687098
2015, RAJASTHAN, 8, JODHPUR, 98, BAP, 1305, KELANSAR, 39656, 1149884, Drinking water, 0, 0, 0, 0, 0, 0, 1010904, 1010904
2015, RAJASTHAN, 8, JODHPUR, 98, BAP, 1305, KELANSAR, 39656, 1149884, Roads, 0, 0, 0, 0, 0, 0, 447000, 447000
2015, RAJASTHAN, 8, JODHPUR, 98, BAP, 1305, KELANSAR, 39656, 1149884, Total, 0, 0, 0, 0, 0, 0, 1457904, 1457904
2015, RAJASTHAN, 8, JODHPUR, 98, BAP, 1305, KHEERWA, 262411, 1155976, Drinking water, 0, 0, 0, 0, 0, 0, 178000, 178000
2015, RAJASTHAN, 8, JODHPUR, 98, BAP, 1305, KHEERWA, 262411, 1155976, Roads, 0, 0, 0, 0, 0, 0, 212000, 212000
2015, RAJASTHAN, 8, JODHPUR, 98, BAP, 1305, KHEERWA, 262411, 1155976, Sanitation, 0, 0, 0, 0, 0, 0, 400000, 400000
2015, RAJASTHAN, 8, JODHPUR, 98, BAP, 1305, KHEERWA, 262411, 1155976, Total, 0, 0, 0, 0, 0, 0, 790000, 790000
2015, RAJASTHAN, 8, JODHPUR, 98, BAP, 1305, LUNA, 39657, 1157085, Animal husbandry, 0, 0, 0, 0, 0, 0, 50000, 50000
2015, RAJASTHAN, 8, JODHPUR, 98, BAP, 1305, LUNA, 39657, 1157085, Drinking water, 0, 0, 0, 0, 0, 0, 500000, 500000
2015, RAJASTHAN, 8, JODHPUR, 98, BAP, 1305, LUNA, 39657, 1157085, Total, 0, 0, 0, 0, 0, 0, 550000, 550000
2015, RAJASTHAN, 8, JODHPUR, 98, BAP, 1305, NOORE KI BURJ, 39662, 1156341, Drinking water, 0, 0, 0, 0, 0, 0, 200000, 200000
2015, RAJASTHAN, 8, JODHPUR, 98, BAP, 1305, NOORE KI BURJ, 39662, 1156341, Sanitation, 0, 0, 0, 0, 0, 0, 150000, 150000
2015, RAJASTHAN, 8, JODHPUR, 98, BAP, 1305, NOORE KI BURJ, 39662, 1156341, Total, 0, 0, 0, 0, 0, 0, 350000, 350000
2015, RAJASTHAN, 8, JODHPUR, 98, BAP, 1305, Narayanpura, 262294, 1157335, Sanitation, 0, 0, 0, 0, 0, 0, 299918, 299918
2015, RAJASTHAN, 8, JODHPUR, 98, BAP, 1305, Narayanpura, 262294, 1157335, Total, 0, 0, 0, 0, 0, 0, 299918, 299918
2015, RAJASTHAN, 8, JODHPUR, 98, BAP, 1305, RANERI, 39663, 1150912, Drinking water, 0, 0, 0, 0, 0, 0, 465995, 465995
2015, RAJASTHAN, 8, JODHPUR, 98, BAP, 1305, RANERI, 39663, 1150912, Roads, 0, 0, 0, 0, 0, 0, 500000, 500000
2015, RAJASTHAN, 8, JODHPUR, 98, BAP, 1305, RANERI, 39663, 1150912, Sanitation, 0, 0, 0, 0, 0, 0, 100000, 100000
2015, RAJASTHAN, 8, JODHPUR, 98, BAP, 1305, RANERI, 39663, 1150912, Total, 0, 0, 0, 0, 0, 0, 1065995, 1065995
2015, RAJASTHAN, 8, JODHPUR, 98, BAP, 1305, ROHINA, 39664, 1156223, Drinking water, 0, 0, 0, 0, 0, 0, 325000, 325000
2015, RAJASTHAN, 8, JODHPUR, 98, BAP, 1305, ROHINA, 39664, 1156223, Roads, 0, 0, 0, 0, 0, 0, 1000000, 1000000
2015, RAJASTHAN, 8, JODHPUR, 98, BAP, 1305, ROHINA, 39664, 1156223, Sanitation, 0, 0, 0, 0, 0, 0, 229918, 229918
2015, RAJASTHAN, 8, JODHPUR, 98, BAP, 1305, ROHINA, 39664, 1156223, Total, 0, 0, 0, 0, 0, 0, 1554918, 1554918
2015, RAJASTHAN, 8, JODHPUR, 98, BAP, 1305, SANWARA GAON, 39665, 1159447, Drinking water, 0, 0, 0, 0, 0, 0, 100000, 100000
2015, RAJASTHAN, 8, JODHPUR, 98, BAP, 1305, SANWARA GAON, 39665, 1159447, Roads, 0, 0, 0, 0, 0, 0, 500000, 500000
2015, RAJASTHAN, 8, JODHPUR, 98, BAP, 1305, SANWARA GAON, 39665, 1159447, Total, 0, 0, 0, 0, 0, 0, 600000, 600000
2015, RAJASTHAN, 8, JODHPUR, 98, BAP, 1305, SHEKHASAR, 39666, 1153965, Drinking water, 0, 0, 0, 0, 0, 0, 670000, 670000
2015, RAJASTHAN, 8, JODHPUR, 98, BAP, 1305, SHEKHASAR, 39666, 1153965, Roads, 0, 0, 0, 0, 0, 0, 800000, 800000
2015, RAJASTHAN, 8, JODHPUR, 98, BAP, 1305, SHEKHASAR, 39666, 1153965, Sanitation, 0, 0, 0, 0, 0, 0, 134861, 134861
2015, RAJASTHAN, 8, JODHPUR, 98, BAP, 1305, SHEKHASAR, 39666, 1153965, Total, 0, 0, 0, 0, 0, 0, 1604861, 1604861
2015, RAJASTHAN, 8, JODHPUR, 98, BAP, 1305, SHREE SURPURA, 39667, 1157607, Administrative & Technical Support, 0, 0, 0, 0, 0, 0, 448000, 448000
2015, RAJASTHAN, 8, JODHPUR, 98, BAP, 1305, SHREE SURPURA, 39667, 1157607, Sanitation, 0, 0, 0, 0, 0, 0, 300000, 300000
2015, RAJASTHAN, 8, JODHPUR, 98, BAP, 1305, SHREE SURPURA, 39667, 1157607, Total, 0, 0, 0, 0, 0, 0, 748000, 748000
2015, RAJASTHAN, 8, JODHPUR, 98, BAP, 1305, TEKRA, 39668, 1151005, Drinking water, 0, 0, 0, 0, 0, 0, 524000, 524000
2015, RAJASTHAN, 8, JODHPUR, 98, BAP, 1305, TEKRA, 39668, 1151005, Maintenance of community system, 0, 0, 0, 0, 0, 0, 200000, 200000
2015, RAJASTHAN, 8, JODHPUR, 98, BAP, 1305, TEKRA, 39668, 1151005, Total, 0, 0, 0, 0, 0, 0, 724000, 724000
2015, RAJASTHAN, 8, JODHPUR, 98, BAP, 1305, TEPOO, 39669, 1150945, Drinking water, 0, 0, 0, 0, 0, 0, 680000, 680000
2015, RAJASTHAN, 8, JODHPUR, 98, BAP, 1305, TEPOO, 39669, 1150945, Total, 0, 0, 0, 0, 0, 0, 680000, 680000
2015, RAJASTHAN, 8, JODHPUR, 98, BAP, 1305, jaimala, 262368, 1150685, Drinking water, 0, 0, 0, 0, 0, 0, 472000, 472000
2015, RAJASTHAN, 8, JODHPUR, 98, BAP, 1305, jaimala, 262368, 1150685, Roads, 0, 0, 0, 0, 0, 0, 528000, 528000
2015, RAJASTHAN, 8, JODHPUR, 98, BAP, 1305, jaimala, 262368, 1150685, Total, 0, 0, 0, 0, 0, 0, 1000000, 1000000
2015, RAJASTHAN, 8, JODHPUR, 98, BAP, 1305, sinhra, 262417, 1150967, Drinking water, 0, 0, 0, 0, 0, 0, 418580, 418580
2015, RAJASTHAN, 8, JODHPUR, 98, BAP, 1305, sinhra, 262417, 1150967, Roads, 0, 0, 0, 0, 0, 0, 309000, 309000
2015, RAJASTHAN, 8, JODHPUR, 98, BAP, 1305, sinhra, 262417, 1150967, Sanitation, 0, 0, 0, 0, 0, 0, 9704, 9704
2015, RAJASTHAN, 8, JODHPUR, 98, BAP, 1305, sinhra, 262417, 1150967, Total, 0, 0, 0, 0, 0, 0, 737284, 737284
2015, RAJASTHAN, 8, JODHPUR, 98, BAPINI, 262760, AAU, 39885, 1162066, Drinking water, 0, 0, 0, 0, 0, 0, 784000, 784000
2015, RAJASTHAN, 8, JODHPUR, 98, BAPINI, 262760, AAU, 39885, 1162066, Total, 0, 0, 0, 0, 0, 0, 784000, 784000
2015, RAJASTHAN, 8, JODHPUR, 98, BAPINI, 262760, BAPINI, 39822, 1167462, Drinking water, 0, 0, 0, 0, 0, 0, 1400000, 1400000
2015, RAJASTHAN, 8, JODHPUR, 98, BAPINI, 262760, BAPINI, 39822, 1167462, Total, 0, 0, 0, 0, 0, 0, 1400000, 1400000
2015, RAJASTHAN, 8, JODHPUR, 98, BAPINI, 262760, BARSINGON KA BAS, 262753, 1160959, Drinking water, 0, 0, 0, 0, 0, 0, 700000, 700000
2015, RAJASTHAN, 8, JODHPUR, 98, BAPINI, 262760, BARSINGON KA BAS, 262753, 1160959, Total, 0, 0, 0, 0, 0, 0, 700000, 700000
2015, RAJASTHAN, 8, JODHPUR, 98, BAPINI, 262760, BEDU, 39825, 1170289, Drinking water, 0, 0, 0, 0, 0, 0, 1500000, 1500000
2015, RAJASTHAN, 8, JODHPUR, 98, BAPINI, 262760, BEDU, 39825, 1170289, Total, 0, 0, 0, 0, 0, 0, 1500000, 1500000
2015, RAJASTHAN, 8, JODHPUR, 98, BAPINI, 262760, Bapini Khurd, 262541, 1161944, Drinking water, 0, 0, 0, 0, 0, 0, 738000, 738000
2015, RAJASTHAN, 8, JODHPUR, 98, BAPINI, 262760, Bapini Khurd, 262541, 1161944, Total, 0, 0, 0, 0, 0, 0, 738000, 738000
2015, RAJASTHAN, 8, JODHPUR, 98, BAPINI, 262760, Bedu Kalannn, 262555, 1166184, Drinking water, 0, 0, 0, 0, 0, 0, 392000, 392000
2015, RAJASTHAN, 8, JODHPUR, 98, BAPINI, 262760, Bedu Kalannn, 262555, 1166184, Sanitation, 0, 0, 0, 0, 0, 0, 600000, 600000
2015, RAJASTHAN, 8, JODHPUR, 98, BAPINI, 262760, Bedu Kalannn, 262555, 1166184, Total, 0, 0, 0, 0, 0, 0, 992000, 992000
2015, RAJASTHAN, 8, JODHPUR, 98, BAPINI, 262760, CHADI, 39891, 1162330, Drinking water, 0, 0, 0, 0, 0, 0, 765800, 765800
2015, RAJASTHAN, 8, JODHPUR, 98, BAPINI, 262760, CHADI, 39891, 1162330, Rural housing, 0, 0, 0, 0, 0, 0, 202000, 202000
2015, RAJASTHAN, 8, JODHPUR, 98, BAPINI, 262760, CHADI, 39891, 1162330, Total, 0, 0, 0, 0, 0, 0, 967800, 967800
2015, RAJASTHAN, 8, JODHPUR, 98, BAPINI, 262760, DENOK, 39894, 1162777, Drinking water, 0, 0, 0, 0, 0, 0, 688000, 688000
2015, RAJASTHAN, 8, JODHPUR, 98, BAPINI, 262760, DENOK, 39894, 1162777, Total, 0, 0, 0, 0, 0, 0, 688000, 688000
2015, RAJASTHAN, 8, JODHPUR, 98, BAPINI, 262760, GORCHIYA KA BERA, 262723, 1161867, Drinking water, 0, 0, 0, 0, 0, 0, 300000, 300000
2015, RAJASTHAN, 8, JODHPUR, 98, BAPINI, 262760, GORCHIYA KA BERA, 262723, 1161867, Health, 0, 0, 0, 0, 0, 0, 600000, 600000
2015, RAJASTHAN, 8, JODHPUR, 98, BAPINI, 262760, GORCHIYA KA BERA, 262723, 1161867, Total, 0, 0, 0, 0, 0, 0, 900000, 900000
2015, RAJASTHAN, 8, JODHPUR, 98, BAPINI, 262760, INDON KA BAS, 39899, 1160859, Drinking water, 0, 0, 0, 0, 0, 0, 850000, 850000
2015, RAJASTHAN, 8, JODHPUR, 98, BAPINI, 262760, INDON KA BAS, 39899, 1160859, Health, 0, 0, 0, 0, 0, 0, 200000, 200000
2015, RAJASTHAN, 8, JODHPUR, 98, BAPINI, 262760, INDON KA BAS, 39899, 1160859, Total, 0, 0, 0, 0, 0, 0, 1050000, 1050000
2015, RAJASTHAN, 8, JODHPUR, 98, BAPINI, 262760, ISHRU, 39900, 1166375, Drinking water, 0, 0, 0, 0, 0, 0, 1190000, 1190000
2015, RAJASTHAN, 8, JODHPUR, 98, BAPINI, 262760, ISHRU, 39900, 1166375, Total, 0, 0, 0, 0, 0, 0, 1190000, 1190000
2015, RAJASTHAN, 8, JODHPUR, 98, BAPINI, 262760, JAKHAN, 39846, 1161961, Drinking water, 0, 0, 0, 0, 0, 0, 888000, 888000
2015, RAJASTHAN, 8, JODHPUR, 98, BAPINI, 262760, JAKHAN, 39846, 1161961, Total, 0, 0, 0, 0, 0, 0, 888000, 888000
2015, RAJASTHAN, 8, JODHPUR, 98, BAPINI, 262760, KERLA, 262715, 1161949, Drinking water, 0, 0, 0, 0, 0, 0, 800000, 800000
2015, RAJASTHAN, 8, JODHPUR, 98, BAPINI, 262760, KERLA, 262715, 1161949, Total, 0, 0, 0, 0, 0, 0, 800000, 800000
2015, RAJASTHAN, 8, JODHPUR, 98, BAPINI, 262760, KHARIYA, 262716, 1170031, Drinking water, 0, 0, 0, 0, 0, 0, 1400000, 1400000
2015, RAJASTHAN, 8, JODHPUR, 98, BAPINI, 262760, KHARIYA, 262716, 1170031, Total, 0, 0, 0, 0, 0, 0, 1400000, 1400000
2015, RAJASTHAN, 8, JODHPUR, 98, BAPINI, 262760, Kapooriya, 262548, 1166218, Drinking water, 0, 0, 0, 0, 0, 0, 507000, 507000
2015, RAJASTHAN, 8, JODHPUR, 98, BAPINI, 262760, Kapooriya, 262548, 1166218, Sanitation, 0, 0, 0, 0, 0, 0, 500000, 500000
2015, RAJASTHAN, 8, JODHPUR, 98, BAPINI, 262760, Kapooriya, 262548, 1166218, Total, 0, 0, 0, 0, 0, 0, 1007000, 1007000
2015, RAJASTHAN, 8, JODHPUR, 98, BAPINI, 262760, Karwan, 262558, 1166388, Drinking water, 0, 0, 0, 0, 0, 0, 1050000, 1050000
2015, RAJASTHAN, 8, JODHPUR, 98, BAPINI, 262760, Karwan, 262558, 1166388, Total, 0, 0, 0, 0, 0, 0, 1050000, 1050000
2015, RAJASTHAN, 8, JODHPUR, 98, BAPINI, 262760, MATORA, 39863, 1162257, Drinking water, 0, 0, 0, 0, 0, 0, 338000, 338000
2015, RAJASTHAN, 8, JODHPUR, 98, BAPINI, 262760, MATORA, 39863, 1162257, Roads, 0, 0, 0, 0, 0, 0, 500000, 500000
2015, RAJASTHAN, 8, JODHPUR, 98, BAPINI, 262760, MATORA, 39863, 1162257, Rural housing, 0, 0, 0, 0, 0, 0, 500000, 500000
2015, RAJASTHAN, 8, JODHPUR, 98, BAPINI, 262760, MATORA, 39863, 1162257, Total, 0, 0, 0, 0, 0, 0, 1338000, 1338000
2015, RAJASTHAN, 8, JODHPUR, 98, BAPINI, 262760, Motaniya Nagar, 262540, 1162146, Drinking water, 0, 0, 0, 0, 0, 0, 881000, 881000
2015, RAJASTHAN, 8, JODHPUR, 98, BAPINI, 262760, Motaniya Nagar, 262540, 1162146, Total, 0, 0, 0, 0, 0, 0, 881000, 881000
2015, RAJASTHAN, 8, JODHPUR, 98, BAPINI, 262760, NIMBON KA TALAB, 39869, 1170286, Drinking water, 0, 0, 0, 0, 0, 0, 900000, 900000
2015, RAJASTHAN, 8, JODHPUR, 98, BAPINI, 262760, NIMBON KA TALAB, 39869, 1170286, Health, 0, 0, 0, 0, 0, 0, 400000, 400000
2015, RAJASTHAN, 8, JODHPUR, 98, BAPINI, 262760, NIMBON KA TALAB, 39869, 1170286, Total, 0, 0, 0, 0, 0, 0, 1300000, 1300000
2015, RAJASTHAN, 8, JODHPUR, 98, BAPINI, 262760, Ompura, 262546, 1166225, Sanitation, 0, 0, 0, 0, 0, 0, 1500000, 1500000
2015, RAJASTHAN, 8, JODHPUR, 98, BAPINI, 262760, Ompura, 262546, 1166225, Total, 0, 0, 0, 0, 0, 0, 1500000, 1500000
2015, RAJASTHAN, 8, JODHPUR, 98, BAPINI, 262760, PARASALA, 39874, 1162744, Drinking water, 0, 0, 0, 0, 0, 0, 1499594, 1499594
2015, RAJASTHAN, 8, JODHPUR, 98, BAPINI, 262760, PARASALA, 39874, 1162744, Total, 0, 0, 0, 0, 0, 0, 1499594, 1499594
2015, RAJASTHAN, 8, JODHPUR, 98, BAPINI, 262760, POONASAR, 39875, 1170775, Drinking water, 0, 0, 0, 0, 0, 0, 1280000, 1280000
2015, RAJASTHAN, 8, JODHPUR, 98, BAPINI, 262760, POONASAR, 39875, 1170775, Health, 0, 0, 0, 0, 0, 0, 400000, 400000
2015, RAJASTHAN, 8, JODHPUR, 98, BAPINI, 262760, POONASAR, 39875, 1170775, Total, 0, 0, 0, 0, 0, 0, 1680000, 1680000
2015, RAJASTHAN, 8, JODHPUR, 98, BAPINI, 262760, Punasar Khurd, 262543, 1172299, Drinking water, 0, 0, 0, 0, 0, 0, 1300000, 1300000
2015, RAJASTHAN, 8, JODHPUR, 98, BAPINI, 262760, Punasar Khurd, 262543, 1172299, Total, 0, 0, 0, 0, 0, 0, 1300000, 1300000
2015, RAJASTHAN, 8, JODHPUR, 98, BAPINI, 262760, RAIMALWARA, 39876, 1170270, Drinking water, 0, 0, 0, 0, 0, 0, 800000, 800000
2015, RAJASTHAN, 8, JODHPUR, 98, BAPINI, 262760, RAIMALWARA, 39876, 1170270, Health, 0, 0, 0, 0, 0, 0, 600000, 600000
2015, RAJASTHAN, 8, JODHPUR, 98, BAPINI, 262760, RAIMALWARA, 39876, 1170270, Total, 0, 0, 0, 0, 0, 0, 1400000, 1400000
2015, RAJASTHAN, 8, JODHPUR, 98, BAPINI, 262760, RIDMALSAR, 39918, 1162490, Drinking water, 0, 0, 0, 0, 0, 0, 1400200, 1400200
2015, RAJASTHAN, 8, JODHPUR, 98, BAPINI, 262760, RIDMALSAR, 39918, 1162490, Total, 0, 0, 0, 0, 0, 0, 1400200, 1400200
2015, RAJASTHAN, 8, JODHPUR, 98, BAPINI, 262760, SARANPURA, 262722, 1179540, Drinking water, 0, 0, 0, 0, 0, 0, 900000, 900000
2015, RAJASTHAN, 8, JODHPUR, 98, BAPINI, 262760, SARANPURA, 262722, 1179540, Education, 0, 0, 0, 0, 0, 0, 500000, 500000
2015, RAJASTHAN, 8, JODHPUR, 98, BAPINI, 262760, SARANPURA, 262722, 1179540, Total, 0, 0, 0, 0, 0, 0, 1400000, 1400000
2015, RAJASTHAN, 8, JODHPUR, 98, BAPINI, 262760, SHREE LAXMANNAGAR, 39907, 1166134, Drinking water, 0, 0, 0, 0, 0, 0, 1500000, 1500000
2015, RAJASTHAN, 8, JODHPUR, 98, BAPINI, 262760, SHREE LAXMANNAGAR, 39907, 1166134, Total, 0, 0, 0, 0, 0, 0, 1500000, 1500000
2015, RAJASTHAN, 8, JODHPUR, 98, BAPINI, 262760, SHRI KRISHANNAGAR, 39922, 1162612, Drinking water, 0, 0, 0, 0, 0, 0, 1730200, 1730200
2015, RAJASTHAN, 8, JODHPUR, 98, BAPINI, 262760, SHRI KRISHANNAGAR, 39922, 1162612, Total, 0, 0, 0, 0, 0, 0, 1730200, 1730200
2015, RAJASTHAN, 8, JODHPUR, 98, BAPINI, 262760, SIYOLNAGAR, 262720, 1167800, Drinking water, 0, 0, 0, 0, 0, 0, 1309100, 1309100
2015, RAJASTHAN, 8, JODHPUR, 98, BAPINI, 262760, SIYOLNAGAR, 262720, 1167800, Total, 0, 0, 0, 0, 0, 0, 1309100, 1309100
2015, RAJASTHAN, 8, JODHPUR, 98, BAWADI, 6901, ANWANA, 39818, 1101641, Drinking water, 0, 0, 0, 0, 0, 0, 787154, 787154
2015, RAJASTHAN, 8, JODHPUR, 98, BAWADI, 6901, ANWANA, 39818, 1101641, Roads, 0, 0, 0, 0, 0, 0, 1493517, 1493517
2015, RAJASTHAN, 8, JODHPUR, 98, BAWADI, 6901, ANWANA, 39818, 1101641, Total, 0, 0, 0, 0, 0, 0, 2280671, 2280671
2015, RAJASTHAN, 8, JODHPUR, 98, BAWADI, 6901, BAORI, 39821, 1102711, Drinking water, 0, 0, 0, 0, 0, 0, 430000, 430000
2015, RAJASTHAN, 8, JODHPUR, 98, BAWADI, 6901, BAORI, 39821, 1102711, Roads, 0, 0, 0, 0, 0, 0, 3089590, 3089590
2015, RAJASTHAN, 8, JODHPUR, 98, BAWADI, 6901, BAORI, 39821, 1102711, Rural electrification, 0, 0, 0, 0, 0, 0, 2076329, 2076329
2015, RAJASTHAN, 8, JODHPUR, 98, BAWADI, 6901, BAORI, 39821, 1102711, Sanitation, 0, 0, 0, 0, 0, 0, 1550000, 1550000
2015, RAJASTHAN, 8, JODHPUR, 98, BAWADI, 6901, BAORI, 39821, 1102711, Total, 0, 0, 0, 0, 0, 0, 7145919, 7145919
2015, RAJASTHAN, 8, JODHPUR, 98, BAWADI, 6901, BHAWAD, 39828, 1101593, Drinking water, 0, 0, 0, 0, 0, 0, 250000, 250000
2015, RAJASTHAN, 8, JODHPUR, 98, BAWADI, 6901, BHAWAD, 39828, 1101593, Education, 0, 0, 0, 0, 0, 0, 166708, 166708
2015, RAJASTHAN, 8, JODHPUR, 98, BAWADI, 6901, BHAWAD, 39828, 1101593, Health, 0, 0, 0, 0, 0, 0, 500000, 500000
2015, RAJASTHAN, 8, JODHPUR, 98, BAWADI, 6901, BHAWAD, 39828, 1101593, Roads, 0, 0, 0, 0, 0, 0, 595306, 595306
2015, RAJASTHAN, 8, JODHPUR, 98, BAWADI, 6901, BHAWAD, 39828, 1101593, Sanitation, 0, 0, 0, 0, 0, 0, 1520000, 1520000
2015, RAJASTHAN, 8, JODHPUR, 98, BAWADI, 6901, BHAWAD, 39828, 1101593, Total, 0, 0, 0, 0, 0, 0, 3032014, 3032014
2015, RAJASTHAN, 8, JODHPUR, 98, BAWADI, 6901, BIRAI, 39834, 1103390, Roads, 0, 0, 0, 0, 0, 0, 4022569, 4022569
2015, RAJASTHAN, 8, JODHPUR, 98, BAWADI, 6901, BIRAI, 39834, 1103390, Total, 0, 0, 0, 0, 0, 0, 4022569, 4022569
2015, RAJASTHAN, 8, JODHPUR, 98, BAWADI, 6901, BORVI KHURD, 39835, 1105096, Drinking water, 0, 0, 0, 0, 0, 0, 511727, 511727
2015, RAJASTHAN, 8, JODHPUR, 98, BAWADI, 6901, BORVI KHURD, 39835, 1105096, Roads, 0, 0, 0, 0, 0, 0, 2000000, 2000000
2015, RAJASTHAN, 8, JODHPUR, 98, BAWADI, 6901, BORVI KHURD, 39835, 1105096, Total, 0, 0, 0, 0, 0, 0, 2511727, 2511727
2015, RAJASTHAN, 8, JODHPUR, 98, BAWADI, 6901, BUCHETI, 39836, 1091601, Roads, 0, 0, 0, 0, 0, 0, 1633029, 1633029
2015, RAJASTHAN, 8, JODHPUR, 98, BAWADI, 6901, BUCHETI, 39836, 1091601, Sanitation, 0, 0, 0, 0, 0, 0, 2156308, 2156308
2015, RAJASTHAN, 8, JODHPUR, 98, BAWADI, 6901, BUCHETI, 39836, 1091601, Total, 0, 0, 0, 0, 0, 0, 3789337, 3789337
2015, RAJASTHAN, 8, JODHPUR, 98, BAWADI, 6901, DANWARA, 39840, 1100862, Roads, 0, 0, 0, 0, 0, 0, 2859130, 2859130
2015, RAJASTHAN, 8, JODHPUR, 98, BAWADI, 6901, DANWARA, 39840, 1100862, Total, 0, 0, 0, 0, 0, 0, 2859130, 2859130
2015, RAJASTHAN, 8, JODHPUR, 98, BAWADI, 6901, DHANNARI KALAN, 39841, 1100661, Drinking water, 0, 0, 0, 0, 0, 0, 373895, 373895
2015, RAJASTHAN, 8, JODHPUR, 98, BAWADI, 6901, DHANNARI KALAN, 39841, 1100661, Maintenance of community system, 0, 0, 0, 0, 0, 0, 1251458, 1251458
2015, RAJASTHAN, 8, JODHPUR, 98, BAWADI, 6901, DHANNARI KALAN, 39841, 1100661, Roads, 0, 0, 0, 0, 0, 0, 1000000, 1000000
2015, RAJASTHAN, 8, JODHPUR, 98, BAWADI, 6901, DHANNARI KALAN, 39841, 1100661, Total, 0, 0, 0, 0, 0, 0, 2625353, 2625353
2015, RAJASTHAN, 8, JODHPUR, 98, BAWADI, 6901, Dhanari Khurd, 262489, 1104729, Drinking water, 0, 0, 0, 0, 0, 0, 1350039, 1350039
2015, RAJASTHAN, 8, JODHPUR, 98, BAWADI, 6901, Dhanari Khurd, 262489, 1104729, Sanitation, 0, 0, 0, 0, 0, 0, 953466, 953466
2015, RAJASTHAN, 8, JODHPUR, 98, BAWADI, 6901, Dhanari Khurd, 262489, 1104729, Total, 0, 0, 0, 0, 0, 0, 2303505, 2303505
2015, RAJASTHAN, 8, JODHPUR, 98, BAWADI, 6901, GANGANI, 39843, 1100741, Drinking water, 0, 0, 0, 0, 0, 0, 503801, 503801
2015, RAJASTHAN, 8, JODHPUR, 98, BAWADI, 6901, GANGANI, 39843, 1100741, Maintenance of community system, 0, 0, 0, 0, 0, 0, 1154736, 1154736
2015, RAJASTHAN, 8, JODHPUR, 98, BAWADI, 6901, GANGANI, 39843, 1100741, Roads, 0, 0, 0, 0, 0, 0, 2650000, 2650000
2015, RAJASTHAN, 8, JODHPUR, 98, BAWADI, 6901, GANGANI, 39843, 1100741, Total, 0, 0, 0, 0, 0, 0, 4308537, 4308537
2015, RAJASTHAN, 8, JODHPUR, 98, BAWADI, 6901, HATUNDI, 39845, 1103556, Drinking water, 0, 0, 0, 0, 0, 0, 911966, 911966
2015, RAJASTHAN, 8, JODHPUR, 98, BAWADI, 6901, HATUNDI, 39845, 1103556, Roads, 0, 0, 0, 0, 0, 0, 600000, 600000
2015, RAJASTHAN, 8, JODHPUR, 98, BAWADI, 6901, HATUNDI, 39845, 1103556, Sanitation, 0, 0, 0, 0, 0, 0, 401188, 401188
2015, RAJASTHAN, 8, JODHPUR, 98, BAWADI, 6901, HATUNDI, 39845, 1103556, Total, 0, 0, 0, 0, 0, 0, 1913154, 1913154
2015, RAJASTHAN, 8, JODHPUR, 98, BAWADI, 6901, JOINTRA, 39848, 1104364, Drinking water, 0, 0, 0, 0, 0, 0, 990000, 990000
2015, RAJASTHAN, 8, JODHPUR, 98, BAWADI, 6901, JOINTRA, 39848, 1104364, Sanitation, 0, 0, 0, 0, 0, 0, 1592947, 1592947
2015, RAJASTHAN, 8, JODHPUR, 98, BAWADI, 6901, JOINTRA, 39848, 1104364, Total, 0, 0, 0, 0, 0, 0, 2582947, 2582947
2015, RAJASTHAN, 8, JODHPUR, 98, BAWADI, 6901, Jaitiyawas, 262482, 1105002, Drinking water, 0, 0, 0, 0, 0, 0, 2220391, 2220391
2015, RAJASTHAN, 8, JODHPUR, 98, BAWADI, 6901, Jaitiyawas, 262482, 1105002, Sanitation, 0, 0, 0, 0, 0, 0, 200000, 200000
2015, RAJASTHAN, 8, JODHPUR, 98, BAWADI, 6901, Jaitiyawas, 262482, 1105002, Total, 0, 0, 0, 0, 0, 0, 2420391, 2420391
2015, RAJASTHAN, 8, JODHPUR, 98, BAWADI, 6901, KAJNAU KALLAN, 39850, 1101574, Drinking water, 0, 0, 0, 0, 0, 0, 215645, 215645
2015, RAJASTHAN, 8, JODHPUR, 98, BAWADI, 6901, KAJNAU KALLAN, 39850, 1101574, Roads, 0, 0, 0, 0, 0, 0, 2623454, 2623454
2015, RAJASTHAN, 8, JODHPUR, 98, BAWADI, 6901, KAJNAU KALLAN, 39850, 1101574, Total, 0, 0, 0, 0, 0, 0, 2839099, 2839099
2015, RAJASTHAN, 8, JODHPUR, 98, BAWADI, 6901, KASHTI, 39851, 1103822, Drinking water, 0, 0, 0, 0, 0, 0, 470500, 470500
2015, RAJASTHAN, 8, JODHPUR, 98, BAWADI, 6901, KASHTI, 39851, 1103822, Health, 0, 0, 0, 0, 0, 0, 900000, 900000
2015, RAJASTHAN, 8, JODHPUR, 98, BAWADI, 6901, KASHTI, 39851, 1103822, Sanitation, 0, 0, 0, 0, 0, 0, 455667, 455667
2015, RAJASTHAN, 8, JODHPUR, 98, BAWADI, 6901, KASHTI, 39851, 1103822, Total, 0, 0, 0, 0, 0, 0, 1826167, 1826167
2015, RAJASTHAN, 8, JODHPUR, 98, BAWADI, 6901, KELAWA KALAN, 39852, 1103725, Drinking water, 0, 0, 0, 0, 0, 0, 139627, 139627
2015, RAJASTHAN, 8, JODHPUR, 98, BAWADI, 6901, KELAWA KALAN, 39852, 1103725, Roads, 0, 0, 0, 0, 0, 0, 1493508, 1493508
2015, RAJASTHAN, 8, JODHPUR, 98, BAWADI, 6901, KELAWA KALAN, 39852, 1103725, Sanitation, 0, 0, 0, 0, 0, 0, 1500000, 1500000
2015, RAJASTHAN, 8, JODHPUR, 98, BAWADI, 6901, KELAWA KALAN, 39852, 1103725, Total, 0, 0, 0, 0, 0, 0, 3133135, 3133135
2015, RAJASTHAN, 8, JODHPUR, 98, BAWADI, 6901, KHERAPA, 39855, 1103893, Drinking water, 0, 0, 0, 0, 0, 0, 891233, 891233
2015, RAJASTHAN, 8, JODHPUR, 98, BAWADI, 6901, KHERAPA, 39855, 1103893, Roads, 0, 0, 0, 0, 0, 0, 750000, 750000
2015, RAJASTHAN, 8, JODHPUR, 98, BAWADI, 6901, KHERAPA, 39855, 1103893, Sanitation, 0, 0, 0, 0, 0, 0, 228427, 228427
2015, RAJASTHAN, 8, JODHPUR, 98, BAWADI, 6901, KHERAPA, 39855, 1103893, Total, 0, 0, 0, 0, 0, 0, 1869660, 1869660
2015, RAJASTHAN, 8, JODHPUR, 98, BAWADI, 6901, LAWERA KALAN, 39859, 1104215, Drinking water, 0, 0, 0, 0, 0, 0, 1742335, 1742335
2015, RAJASTHAN, 8, JODHPUR, 98, BAWADI, 6901, LAWERA KALAN, 39859, 1104215, Sanitation, 0, 0, 0, 0, 0, 0, 1587063, 1587063
2015, RAJASTHAN, 8, JODHPUR, 98, BAWADI, 6901, LAWERA KALAN, 39859, 1104215, Total, 0, 0, 0, 0, 0, 0, 3329398, 3329398
2015, RAJASTHAN, 8, JODHPUR, 98, BAWADI, 6901, LAWERA KHURD, 262846, 1101277, Drinking water, 0, 0, 0, 0, 0, 0, 789388, 789388
2015, RAJASTHAN, 8, JODHPUR, 98, BAWADI, 6901, LAWERA KHURD, 262846, 1101277, Roads, 0, 0, 0, 0, 0, 0, 992303, 992303
2015, RAJASTHAN, 8, JODHPUR, 98, BAWADI, 6901, LAWERA KHURD, 262846, 1101277, Sanitation, 0, 0, 0, 0, 0, 0, 300000, 300000
2015, RAJASTHAN, 8, JODHPUR, 98, BAWADI, 6901, LAWERA KHURD, 262846, 1101277, Total, 0, 0, 0, 0, 0, 0, 2081691, 2081691
2015, RAJASTHAN, 8, JODHPUR, 98, BAWADI, 6901, Mailana, 262498, 1100839, Drinking water, 0, 0, 0, 0, 0, 0, 250000, 250000
2015, RAJASTHAN, 8, JODHPUR, 98, BAWADI, 6901, Mailana, 262498, 1100839, Roads, 0, 0, 0, 0, 0, 0, 1583337, 1583337
2015, RAJASTHAN, 8, JODHPUR, 98, BAWADI, 6901, Mailana, 262498, 1100839, Sanitation, 0, 0, 0, 0, 0, 0, 300000, 300000
2015, RAJASTHAN, 8, JODHPUR, 98, BAWADI, 6901, Mailana, 262498, 1100839, Total, 0, 0, 0, 0, 0, 0, 2133337, 2133337
2015, RAJASTHAN, 8, JODHPUR, 98, BAWADI, 6901, Mansagar, 262494, 1088168, Maintenance of community system, 0, 0, 0, 0, 0, 0, 1046467, 1046467
2015, RAJASTHAN, 8, JODHPUR, 98, BAWADI, 6901, Mansagar, 262494, 1088168, Total, 0, 0, 0, 0, 0, 0, 1046467, 1046467
2015, RAJASTHAN, 8, JODHPUR, 98, BAWADI, 6901, NANDIYA KALAN, 39864, 1104446, Drinking water, 0, 0, 0, 0, 0, 0, 1619932, 1619932
2015, RAJASTHAN, 8, JODHPUR, 98, BAWADI, 6901, NANDIYA KALAN, 39864, 1104446, Maintenance of community system, 0, 0, 0, 0, 0, 0, 282201, 282201
2015, RAJASTHAN, 8, JODHPUR, 98, BAWADI, 6901, NANDIYA KALAN, 39864, 1104446, Roads, 0, 0, 0, 0, 0, 0, 200000, 200000
2015, RAJASTHAN, 8, JODHPUR, 98, BAWADI, 6901, NANDIYA KALAN, 39864, 1104446, Sanitation, 0, 0, 0, 0, 0, 0, 1280000, 1280000
2015, RAJASTHAN, 8, JODHPUR, 98, BAWADI, 6901, NANDIYA KALAN, 39864, 1104446, Total, 0, 0, 0, 0, 0, 0, 3382133, 3382133
2015, RAJASTHAN, 8, JODHPUR, 98, BAWADI, 6901, NANDIYA KHURD, 39865, 1104909, Drinking water, 0, 0, 0, 0, 0, 0, 263790, 263790
2015, RAJASTHAN, 8, JODHPUR, 98, BAWADI, 6901, NANDIYA KHURD, 39865, 1104909, Roads, 0, 0, 0, 0, 0, 0, 450000, 450000
2015, RAJASTHAN, 8, JODHPUR, 98, BAWADI, 6901, NANDIYA KHURD, 39865, 1104909, Sanitation, 0, 0, 0, 0, 0, 0, 1701166, 1701166
2015, RAJASTHAN, 8, JODHPUR, 98, BAWADI, 6901, NANDIYA KHURD, 39865, 1104909, Total, 0, 0, 0, 0, 0, 0, 2414956, 2414956
2015, RAJASTHAN, 8, JODHPUR, 98, BAWADI, 6901, NETRA, 39866, 1104680, Drinking water, 0, 0, 0, 0, 0, 0, 1228004, 1228004
2015, RAJASTHAN, 8, JODHPUR, 98, BAWADI, 6901, NETRA, 39866, 1104680, Roads, 0, 0, 0, 0, 0, 0, 1000000, 1000000
2015, RAJASTHAN, 8, JODHPUR, 98, BAWADI, 6901, NETRA, 39866, 1104680, Sanitation, 0, 0, 0, 0, 0, 0, 200000, 200000
2015, RAJASTHAN, 8, JODHPUR, 98, BAWADI, 6901, NETRA, 39866, 1104680, Total, 0, 0, 0, 0, 0, 0, 2428004, 2428004
2015, RAJASTHAN, 8, JODHPUR, 98, BAWADI, 6901, Nandiya Jajra, 262554, 1104470, Drinking water, 0, 0, 0, 0, 0, 0, 950839, 950839
2015, RAJASTHAN, 8, JODHPUR, 98, BAWADI, 6901, Nandiya Jajra, 262554, 1104470, Roads, 0, 0, 0, 0, 0, 0, 893865, 893865
2015, RAJASTHAN, 8, JODHPUR, 98, BAWADI, 6901, Nandiya Jajra, 262554, 1104470, Sanitation, 0, 0, 0, 0, 0, 0, 150000, 150000
2015, RAJASTHAN, 8, JODHPUR, 98, BAWADI, 6901, Nandiya Jajra, 262554, 1104470, Total, 0, 0, 0, 0, 0, 0, 1994704, 1994704
2015, RAJASTHAN, 8, JODHPUR, 98, BAWADI, 6901, SOYLA, 39880, 1101025, Drinking water, 0, 0, 0, 0, 0, 0, 1390624, 1390624
2015, RAJASTHAN, 8, JODHPUR, 98, BAWADI, 6901, SOYLA, 39880, 1101025, Roads, 0, 0, 0, 0, 0, 0, 1526677, 1526677
2015, RAJASTHAN, 8, JODHPUR, 98, BAWADI, 6901, SOYLA, 39880, 1101025, Total, 0, 0, 0, 0, 0, 0, 2917301, 2917301
2015, RAJASTHAN, 8, JODHPUR, 98, BAWADI, 6901, VINAYAKPURA, 262126, 1104750, Drinking water, 0, 0, 0, 0, 0, 0, 1098206, 1098206
2015, RAJASTHAN, 8, JODHPUR, 98, BAWADI, 6901, VINAYAKPURA, 262126, 1104750, Maintenance of community system, 0, 0, 0, 0, 0, 0, 1000337, 1000337
2015, RAJASTHAN, 8, JODHPUR, 98, BAWADI, 6901, VINAYAKPURA, 262126, 1104750, Total, 0, 0, 0, 0, 0, 0, 2098543, 2098543
2015, RAJASTHAN, 8, JODHPUR, 98, BHOPALGARH, 1306,   BEERANI, 262853, 1072281, Sanitation, 0, 0, 0, 0, 0, 0, 999000, 999000
2015, RAJASTHAN, 8, JODHPUR, 98, BHOPALGARH, 1306,   BEERANI, 262853, 1072281, Total, 0, 0, 0, 0, 0, 0, 999000, 999000
2015, RAJASTHAN, 8, JODHPUR, 98, BHOPALGARH, 1306, ARTIYA KALAN, 39670, 1083344, Roads, 0, 0, 0, 0, 0, 0, 1250000, 1250000
2015, RAJASTHAN, 8, JODHPUR, 98, BHOPALGARH, 1306, ARTIYA KALAN, 39670, 1083344, Total, 0, 0, 0, 0, 0, 0, 1250000, 1250000
2015, RAJASTHAN, 8, JODHPUR, 98, BHOPALGARH, 1306, ASOP, 39671, 1083302, Roads, 0, 0, 0, 0, 0, 0, 4000000, 4000000
2015, RAJASTHAN, 8, JODHPUR, 98, BHOPALGARH, 1306, ASOP, 39671, 1083302, Total, 0, 0, 0, 0, 0, 0, 4000000, 4000000
2015, RAJASTHAN, 8, JODHPUR, 98, BHOPALGARH, 1306, BAGORIYAN, 39672, 1087236, Health, 0, 0, 0, 0, 0, 0, 1500000, 1500000
2015, RAJASTHAN, 8, JODHPUR, 98, BHOPALGARH, 1306, BAGORIYAN, 39672, 1087236, Sanitation, 0, 0, 0, 0, 0, 0, 50000, 50000
2015, RAJASTHAN, 8, JODHPUR, 98, BHOPALGARH, 1306, BAGORIYAN, 39672, 1087236, Total, 0, 0, 0, 0, 0, 0, 1550000, 1550000
2015, RAJASTHAN, 8, JODHPUR, 98, BHOPALGARH, 1306, BARNI KHURD, 39674, 1087278, Drinking water, 0, 0, 0, 0, 0, 0, 695020, 695020
2015, RAJASTHAN, 8, JODHPUR, 98, BHOPALGARH, 1306, BARNI KHURD, 39674, 1087278, Health, 0, 0, 0, 0, 0, 0, 300000, 300000
2015, RAJASTHAN, 8, JODHPUR, 98, BHOPALGARH, 1306, BARNI KHURD, 39674, 1087278, Sanitation, 0, 0, 0, 0, 0, 0, 50000, 50000
2015, RAJASTHAN, 8, JODHPUR, 98, BHOPALGARH, 1306, BARNI KHURD, 39674, 1087278, Total, 0, 0, 0, 0, 0, 0, 1045020, 1045020
2015, RAJASTHAN, 8, JODHPUR, 98, BHOPALGARH, 1306, BASNI HARISINGH, 39675, 1083595, Health, 0, 0, 0, 0, 0, 0, 200000, 200000
2015, RAJASTHAN, 8, JODHPUR, 98, BHOPALGARH, 1306, BASNI HARISINGH, 39675, 1083595, Roads, 0, 0, 0, 0, 0, 0, 1614000, 1614000
2015, RAJASTHAN, 8, JODHPUR, 98, BHOPALGARH, 1306, BASNI HARISINGH, 39675, 1083595, Total, 0, 0, 0, 0, 0, 0, 1814000, 1814000
2015, RAJASTHAN, 8, JODHPUR, 98, BHOPALGARH, 1306, BHOPALGARH, 39676, 1083466, Cultural activities, 0, 0, 0, 0, 0, 0, 381000, 381000
2015, RAJASTHAN, 8, JODHPUR, 98, BHOPALGARH, 1306, BHOPALGARH, 39676, 1083466, Drinking water, 0, 0, 0, 0, 0, 0, 2318000, 2318000
2015, RAJASTHAN, 8, JODHPUR, 98, BHOPALGARH, 1306, BHOPALGARH, 39676, 1083466, Health, 0, 0, 0, 0, 0, 0, 1621000, 1621000
2015, RAJASTHAN, 8, JODHPUR, 98, BHOPALGARH, 1306, BHOPALGARH, 39676, 1083466, Sanitation, 0, 0, 0, 0, 0, 0, 1250000, 1250000
2015, RAJASTHAN, 8, JODHPUR, 98, BHOPALGARH, 1306, BHOPALGARH, 39676, 1083466, Total, 0, 0, 0, 0, 0, 0, 5570000, 5570000
2015, RAJASTHAN, 8, JODHPUR, 98, BHOPALGARH, 1306, BURKIYA, 39679, 1074444, Drinking water, 0, 0, 0, 0, 0, 0, 2360000, 2360000
2015, RAJASTHAN, 8, JODHPUR, 98, BHOPALGARH, 1306, BURKIYA, 39679, 1074444, Total, 0, 0, 0, 0, 0, 0, 2360000, 2360000
2015, RAJASTHAN, 8, JODHPUR, 98, BHOPALGARH, 1306, DEWATRA, 39681, 1076580, Drinking water, 0, 0, 0, 0, 0, 0, 74000, 74000
2015, RAJASTHAN, 8, JODHPUR, 98, BHOPALGARH, 1306, DEWATRA, 39681, 1076580, Sanitation, 0, 0, 0, 0, 0, 0, 640000, 640000
2015, RAJASTHAN, 8, JODHPUR, 98, BHOPALGARH, 1306, DEWATRA, 39681, 1076580, Social welfare, 0, 0, 0, 0, 0, 0, 648000, 648000
2015, RAJASTHAN, 8, JODHPUR, 98, BHOPALGARH, 1306, DEWATRA, 39681, 1076580, Total, 0, 0, 0, 0, 0, 0, 1362000, 1362000
2015, RAJASTHAN, 8, JODHPUR, 98, BHOPALGARH, 1306, GAJSINGHPURA, 39682, 1086454, Drinking water, 0, 0, 0, 0, 0, 0, 50000, 50000
2015, RAJASTHAN, 8, JODHPUR, 98, BHOPALGARH, 1306, GAJSINGHPURA, 39682, 1086454, Health, 0, 0, 0, 0, 0, 0, 1060000, 1060000
2015, RAJASTHAN, 8, JODHPUR, 98, BHOPALGARH, 1306, GAJSINGHPURA, 39682, 1086454, Total, 0, 0, 0, 0, 0, 0, 1110000, 1110000
2015, RAJASTHAN, 8, JODHPUR, 98, BHOPALGARH, 1306, GARASANI, 39683, 1083271, Roads, 0, 0, 0, 0, 0, 0, 1307000, 1307000
2015, RAJASTHAN, 8, JODHPUR, 98, BHOPALGARH, 1306, GARASANI, 39683, 1083271, Total, 0, 0, 0, 0, 0, 0, 1307000, 1307000
2015, RAJASTHAN, 8, JODHPUR, 98, BHOPALGARH, 1306, HIRADESAR, 39684, 1074270, Sanitation, 0, 0, 0, 0, 0, 0, 1550000, 1550000
2015, RAJASTHAN, 8, JODHPUR, 98, BHOPALGARH, 1306, HIRADESAR, 39684, 1074270, Total, 0, 0, 0, 0, 0, 0, 1550000, 1550000
2015, RAJASTHAN, 8, JODHPUR, 98, BHOPALGARH, 1306, KHERI SALWA, 39688, 1087244, Drinking water, 0, 0, 0, 0, 0, 0, 1185800, 1185800
2015, RAJASTHAN, 8, JODHPUR, 98, BHOPALGARH, 1306, KHERI SALWA, 39688, 1087244, Total, 0, 0, 0, 0, 0, 0, 1185800, 1185800
2015, RAJASTHAN, 8, JODHPUR, 98, BHOPALGARH, 1306, KURI, 39692, 1076533, Roads, 0, 0, 0, 0, 0, 0, 1400000, 1400000
2015, RAJASTHAN, 8, JODHPUR, 98, BHOPALGARH, 1306, KURI, 39692, 1076533, Total, 0, 0, 0, 0, 0, 0, 1400000, 1400000
2015, RAJASTHAN, 8, JODHPUR, 98, BHOPALGARH, 1306, MANGERIYA, 39694, 1074334, Drinking water, 0, 0, 0, 0, 0, 0, 30000, 30000
2015, RAJASTHAN, 8, JODHPUR, 98, BHOPALGARH, 1306, MANGERIYA, 39694, 1074334, Roads, 0, 0, 0, 0, 0, 0, 500000, 500000
2015, RAJASTHAN, 8, JODHPUR, 98, BHOPALGARH, 1306, MANGERIYA, 39694, 1074334, Total, 0, 0, 0, 0, 0, 0, 530000, 530000
2015, RAJASTHAN, 8, JODHPUR, 98, BHOPALGARH, 1306, NARSAR, 39696, 1082978, Drinking water, 0, 0, 0, 0, 0, 0, 640000, 640000
2015, RAJASTHAN, 8, JODHPUR, 98, BHOPALGARH, 1306, NARSAR, 39696, 1082978, Roads, 0, 0, 0, 0, 0, 0, 25000, 25000
2015, RAJASTHAN, 8, JODHPUR, 98, BHOPALGARH, 1306, NARSAR, 39696, 1082978, Total, 0, 0, 0, 0, 0, 0, 665000, 665000
2015, RAJASTHAN, 8, JODHPUR, 98, BHOPALGARH, 1306, PALRI RANAWATA, 39698, 1086698, Roads, 0, 0, 0, 0, 0, 0, 800000, 800000
2015, RAJASTHAN, 8, JODHPUR, 98, BHOPALGARH, 1306, PALRI RANAWATA, 39698, 1086698, Total, 0, 0, 0, 0, 0, 0, 800000, 800000
2015, RAJASTHAN, 8, JODHPUR, 98, BHOPALGARH, 1306, RAJLANI, 39700, 1076609, Social welfare, 0, 0, 0, 0, 0, 0, 550000, 550000
2015, RAJASTHAN, 8, JODHPUR, 98, BHOPALGARH, 1306, RAJLANI, 39700, 1076609, Total, 0, 0, 0, 0, 0, 0, 550000, 550000
2015, RAJASTHAN, 8, JODHPUR, 98, BHOPALGARH, 1306, RAMPURA, 39702, 1086328, Health, 0, 0, 0, 0, 0, 0, 1000000, 1000000
2015, RAJASTHAN, 8, JODHPUR, 98, BHOPALGARH, 1306, RAMPURA, 39702, 1086328, Sanitation, 0, 0, 0, 0, 0, 0, 200000, 200000
2015, RAJASTHAN, 8, JODHPUR, 98, BHOPALGARH, 1306, RAMPURA, 39702, 1086328, Total, 0, 0, 0, 0, 0, 0, 1200000, 1200000
2015, RAJASTHAN, 8, JODHPUR, 98, BHOPALGARH, 1306, RAROD, 39703, 1058042, Drinking water, 0, 0, 0, 0, 0, 0, 250000, 250000
2015, RAJASTHAN, 8, JODHPUR, 98, BHOPALGARH, 1306, RAROD, 39703, 1058042, Maintenance of community system, 0, 0, 0, 0, 0, 0, 175000, 175000
2015, RAJASTHAN, 8, JODHPUR, 98, BHOPALGARH, 1306, RAROD, 39703, 1058042, Roads, 0, 0, 0, 0, 0, 0, 500000, 500000
2015, RAJASTHAN, 8, JODHPUR, 98, BHOPALGARH, 1306, RAROD, 39703, 1058042, Total, 0, 0, 0, 0, 0, 0, 925000, 925000
2015, RAJASTHAN, 8, JODHPUR, 98, BHOPALGARH, 1306, RUDIA, 39705, 1084200, Maintenance of community system, 0, 0, 0, 0, 0, 0, 89333, 89333
2015, RAJASTHAN, 8, JODHPUR, 98, BHOPALGARH, 1306, RUDIA, 39705, 1084200, Sanitation, 0, 0, 0, 0, 0, 0, 22250, 22250
2015, RAJASTHAN, 8, JODHPUR, 98, BHOPALGARH, 1306, RUDIA, 39705, 1084200, Total, 0, 0, 0, 0, 0, 0, 111583, 111583
2015, RAJASTHAN, 8, JODHPUR, 98, BHOPALGARH, 1306, SURPURAKHURD, 39708, 1070686, Drinking water, 0, 0, 0, 0, 0, 0, 1385000, 1385000
2015, RAJASTHAN, 8, JODHPUR, 98, BHOPALGARH, 1306, SURPURAKHURD, 39708, 1070686, Roads, 0, 0, 0, 0, 0, 0, 1000000, 1000000
2015, RAJASTHAN, 8, JODHPUR, 98, BHOPALGARH, 1306, SURPURAKHURD, 39708, 1070686, Total, 0, 0, 0, 0, 0, 0, 2385000, 2385000
2015, RAJASTHAN, 8, JODHPUR, 98, BHOPALGARH, 1306, USTRA, 39697, 1083261, Roads, 0, 0, 0, 0, 0, 0, 700000, 700000
2015, RAJASTHAN, 8, JODHPUR, 98, BHOPALGARH, 1306, USTRA, 39697, 1083261, Social welfare, 0, 0, 0, 0, 0, 0, 350000, 350000
2015, RAJASTHAN, 8, JODHPUR, 98, BHOPALGARH, 1306, USTRA, 39697, 1083261, Total, 0, 0, 0, 0, 0, 0, 1050000, 1050000
2015, RAJASTHAN, 8, JODHPUR, 98, BILARA, 1307, BALA, 39709, 1195562, Roads, 0, 0, 0, 0, 0, 0, 1475000, 1475000
2015, RAJASTHAN, 8, JODHPUR, 98, BILARA, 1307, BALA, 39709, 1195562, Total, 0, 0, 0, 0, 0, 0, 1475000, 1475000
2015, RAJASTHAN, 8, JODHPUR, 98, BILARA, 1307, BARNA, 39710, 1169899, Drinking water, 0, 0, 0, 0, 0, 0, 52000, 52000
2015, RAJASTHAN, 8, JODHPUR, 98, BILARA, 1307, BARNA, 39710, 1169899, Roads, 0, 0, 0, 0, 0, 0, 500000, 500000
2015, RAJASTHAN, 8, JODHPUR, 98, BILARA, 1307, BARNA, 39710, 1169899, Total, 0, 0, 0, 0, 0, 0, 552000, 552000
2015, RAJASTHAN, 8, JODHPUR, 98, BILARA, 1307, BEENJWARIYA, 39713, 1171455, Drinking water, 0, 0, 0, 0, 0, 0, 700000, 700000
2015, RAJASTHAN, 8, JODHPUR, 98, BILARA, 1307, BEENJWARIYA, 39713, 1171455, Roads, 0, 0, 0, 0, 0, 0, 300000, 300000
2015, RAJASTHAN, 8, JODHPUR, 98, BILARA, 1307, BEENJWARIYA, 39713, 1171455, Total, 0, 0, 0, 0, 0, 0, 1000000, 1000000
2015, RAJASTHAN, 8, JODHPUR, 98, BILARA, 1307, BHAVI, 39711, 1180945, Roads, 0, 0, 0, 0, 0, 0, 1281000, 1281000
2015, RAJASTHAN, 8, JODHPUR, 98, BILARA, 1307, BHAVI, 39711, 1180945, Total, 0, 0, 0, 0, 0, 0, 1281000, 1281000
2015, RAJASTHAN, 8, JODHPUR, 98, BILARA, 1307, CHANDELAO, 39717, 1197009, Drinking water, 0, 0, 0, 0, 0, 0, 780000, 780000
2015, RAJASTHAN, 8, JODHPUR, 98, BILARA, 1307, CHANDELAO, 39717, 1197009, Roads, 0, 0, 0, 0, 0, 0, 2199000, 2199000
2015, RAJASTHAN, 8, JODHPUR, 98, BILARA, 1307, CHANDELAO, 39717, 1197009, Total, 0, 0, 0, 0, 0, 0, 2979000, 2979000
2015, RAJASTHAN, 8, JODHPUR, 98, BILARA, 1307, GHANAMAGRA, 39720, 1192774, Roads, 0, 0, 0, 0, 0, 0, 250000, 250000
2015, RAJASTHAN, 8, JODHPUR, 98, BILARA, 1307, GHANAMAGRA, 39720, 1192774, Total, 0, 0, 0, 0, 0, 0, 250000, 250000
2015, RAJASTHAN, 8, JODHPUR, 98, BILARA, 1307, HARIYA DHANA, 39722, 1178644, Roads, 0, 0, 0, 0, 0, 0, 856000, 856000
2015, RAJASTHAN, 8, JODHPUR, 98, BILARA, 1307, HARIYA DHANA, 39722, 1178644, Total, 0, 0, 0, 0, 0, 0, 856000, 856000
2015, RAJASTHAN, 8, JODHPUR, 98, BILARA, 1307, HARIYADA, 39721, 1171909, Roads, 0, 0, 0, 0, 0, 0, 1000000, 1000000
2015, RAJASTHAN, 8, JODHPUR, 98, BILARA, 1307, HARIYADA, 39721, 1171909, Total, 0, 0, 0, 0, 0, 0, 1000000, 1000000
2015, RAJASTHAN, 8, JODHPUR, 98, BILARA, 1307, JETIWAS, 39723, 1178621, Roads, 0, 0, 0, 0, 0, 0, 873000, 873000
2015, RAJASTHAN, 8, JODHPUR, 98, BILARA, 1307, JETIWAS, 39723, 1178621, Total, 0, 0, 0, 0, 0, 0, 873000, 873000
2015, RAJASTHAN, 8, JODHPUR, 98, BILARA, 1307, JHAK, 39724, 1191539, Roads, 0, 0, 0, 0, 0, 0, 628000, 628000
2015, RAJASTHAN, 8, JODHPUR, 98, BILARA, 1307, JHAK, 39724, 1191539, Total, 0, 0, 0, 0, 0, 0, 628000, 628000
2015, RAJASTHAN, 8, JODHPUR, 98, BILARA, 1307, KALAUNA, 39725, 1196643, Drinking water, 0, 0, 0, 0, 0, 0, 248000, 248000
2015, RAJASTHAN, 8, JODHPUR, 98, BILARA, 1307, KALAUNA, 39725, 1196643, Roads, 0, 0, 0, 0, 0, 0, 400000, 400000
2015, RAJASTHAN, 8, JODHPUR, 98, BILARA, 1307, KALAUNA, 39725, 1196643, Total, 0, 0, 0, 0, 0, 0, 648000, 648000
2015, RAJASTHAN, 8, JODHPUR, 98, BILARA, 1307, KAPARDA, 39726, 1169909, Drinking water, 0, 0, 0, 0, 0, 0, 250000, 250000
2015, RAJASTHAN, 8, JODHPUR, 98, BILARA, 1307, KAPARDA, 39726, 1169909, Roads, 0, 0, 0, 0, 0, 0, 1450000, 1450000
2015, RAJASTHAN, 8, JODHPUR, 98, BILARA, 1307, KAPARDA, 39726, 1169909, Total, 0, 0, 0, 0, 0, 0, 1700000, 1700000
2015, RAJASTHAN, 8, JODHPUR, 98, BILARA, 1307, KHARIYA MEETHAPUR, 39727, 1172058, Roads, 0, 0, 0, 0, 0, 0, 800000, 800000
2015, RAJASTHAN, 8, JODHPUR, 98, BILARA, 1307, KHARIYA MEETHAPUR, 39727, 1172058, Total, 0, 0, 0, 0, 0, 0, 800000, 800000
2015, RAJASTHAN, 8, JODHPUR, 98, BILARA, 1307, KHEJARLA, 39728, 1178627, Drinking water, 0, 0, 0, 0, 0, 0, 250000, 250000
2015, RAJASTHAN, 8, JODHPUR, 98, BILARA, 1307, KHEJARLA, 39728, 1178627, Roads, 0, 0, 0, 0, 0, 0, 350000, 350000
2015, RAJASTHAN, 8, JODHPUR, 98, BILARA, 1307, KHEJARLA, 39728, 1178627, Total, 0, 0, 0, 0, 0, 0, 600000, 600000
2015, RAJASTHAN, 8, JODHPUR, 98, BILARA, 1307, LAMBA, 39729, 1190650, Roads, 0, 0, 0, 0, 0, 0, 1105000, 1105000
2015, RAJASTHAN, 8, JODHPUR, 98, BILARA, 1307, LAMBA, 39729, 1190650, Sanitation, 0, 0, 0, 0, 0, 0, 100000, 100000
2015, RAJASTHAN, 8, JODHPUR, 98, BILARA, 1307, LAMBA, 39729, 1190650, Total, 0, 0, 0, 0, 0, 0, 1205000, 1205000
2015, RAJASTHAN, 8, JODHPUR, 98, BILARA, 1307, MALKOSNI, 39732, 1192129, Roads, 0, 0, 0, 0, 0, 0, 1253000, 1253000
2015, RAJASTHAN, 8, JODHPUR, 98, BILARA, 1307, MALKOSNI, 39732, 1192129, Total, 0, 0, 0, 0, 0, 0, 1253000, 1253000
2015, RAJASTHAN, 8, JODHPUR, 98, BILARA, 1307, OLVI, 39734, 1169993, Drinking water, 0, 0, 0, 0, 0, 0, 150000, 150000
2015, RAJASTHAN, 8, JODHPUR, 98, BILARA, 1307, OLVI, 39734, 1169993, Education, 0, 0, 0, 0, 0, 0, 979100, 979100
2015, RAJASTHAN, 8, JODHPUR, 98, BILARA, 1307, OLVI, 39734, 1169993, Roads, 0, 0, 0, 0, 0, 0, 250000, 250000
2015, RAJASTHAN, 8, JODHPUR, 98, BILARA, 1307, OLVI, 39734, 1169993, Rural housing, 0, 0, 0, 0, 0, 0, 205000, 205000
2015, RAJASTHAN, 8, JODHPUR, 98, BILARA, 1307, OLVI, 39734, 1169993, Total, 0, 0, 0, 0, 0, 0, 1584100, 1584100
2015, RAJASTHAN, 8, JODHPUR, 98, BILARA, 1307, PADASALA KALAN, 39735, 1181011, Drinking water, 0, 0, 0, 0, 0, 0, 200000, 200000
2015, RAJASTHAN, 8, JODHPUR, 98, BILARA, 1307, PADASALA KALAN, 39735, 1181011, Maintenance of community system, 0, 0, 0, 0, 0, 0, 100000, 100000
2015, RAJASTHAN, 8, JODHPUR, 98, BILARA, 1307, PADASALA KALAN, 39735, 1181011, Total, 0, 0, 0, 0, 0, 0, 300000, 300000
2015, RAJASTHAN, 8, JODHPUR, 98, BILARA, 1307, PATELNAGAR, 39736, 1192177, Public distribution system, 0, 0, 0, 0, 0, 0, 550000, 550000
2015, RAJASTHAN, 8, JODHPUR, 98, BILARA, 1307, PATELNAGAR, 39736, 1192177, Roads, 0, 0, 0, 0, 0, 0, 1220000, 1220000
2015, RAJASTHAN, 8, JODHPUR, 98, BILARA, 1307, PATELNAGAR, 39736, 1192177, Total, 0, 0, 0, 0, 0, 0, 1770000, 1770000
2015, RAJASTHAN, 8, JODHPUR, 98, BILARA, 1307, PICHIYAK, 39737, 1197185, Roads, 0, 0, 0, 0, 0, 0, 5300000, 5300000
2015, RAJASTHAN, 8, JODHPUR, 98, BILARA, 1307, PICHIYAK, 39737, 1197185, Total, 0, 0, 0, 0, 0, 0, 5300000, 5300000
2015, RAJASTHAN, 8, JODHPUR, 98, BILARA, 1307, RAMASANI, 39738, 1169887, Drinking water, 0, 0, 0, 0, 0, 0, 60000, 60000
2015, RAJASTHAN, 8, JODHPUR, 98, BILARA, 1307, RAMASANI, 39738, 1169887, Roads, 0, 0, 0, 0, 0, 0, 1250000, 1250000
2015, RAJASTHAN, 8, JODHPUR, 98, BILARA, 1307, RAMASANI, 39738, 1169887, Total, 0, 0, 0, 0, 0, 0, 1310000, 1310000
2015, RAJASTHAN, 8, JODHPUR, 98, BILARA, 1307, RANSIGAON, 39740, 1192770, Cultural activities, 0, 0, 0, 0, 0, 0, 100000, 100000
2015, RAJASTHAN, 8, JODHPUR, 98, BILARA, 1307, RANSIGAON, 39740, 1192770, Drinking water, 0, 0, 0, 0, 0, 0, 400000, 400000
2015, RAJASTHAN, 8, JODHPUR, 98, BILARA, 1307, RANSIGAON, 39740, 1192770, Khadi, 0, 0, 0, 0, 0, 0, 250000, 250000
2015, RAJASTHAN, 8, JODHPUR, 98, BILARA, 1307, RANSIGAON, 39740, 1192770, Public distribution system, 0, 0, 0, 0, 0, 0, 750000, 750000
2015, RAJASTHAN, 8, JODHPUR, 98, BILARA, 1307, RANSIGAON, 39740, 1192770, Roads, 0, 0, 0, 0, 0, 0, 1110000, 1110000
2015, RAJASTHAN, 8, JODHPUR, 98, BILARA, 1307, RANSIGAON, 39740, 1192770, Total, 0, 0, 0, 0, 0, 0, 2610000, 2610000
2015, RAJASTHAN, 8, JODHPUR, 98, BILARA, 1307, RAWAR, 39742, 1192160, Roads, 0, 0, 0, 0, 0, 0, 500000, 500000
2015, RAJASTHAN, 8, JODHPUR, 98, BILARA, 1307, RAWAR, 39742, 1192160, Sanitation, 0, 0, 0, 0, 0, 0, 1100000, 1100000
2015, RAJASTHAN, 8, JODHPUR, 98, BILARA, 1307, RAWAR, 39742, 1192160, Total, 0, 0, 0, 0, 0, 0, 1600000, 1600000
2015, RAJASTHAN, 8, JODHPUR, 98, BILARA, 1307, SAMBARIYA, 39744, 1171932, Roads, 0, 0, 0, 0, 0, 0, 1475000, 1475000
2015, RAJASTHAN, 8, JODHPUR, 98, BILARA, 1307, SAMBARIYA, 39744, 1171932, Total, 0, 0, 0, 0, 0, 0, 1475000, 1475000
2015, RAJASTHAN, 8, JODHPUR, 98, BILARA, 1307, UDALIYAWAS, 39748, 1191537, Roads, 0, 0, 0, 0, 0, 0, 700000, 700000
2015, RAJASTHAN, 8, JODHPUR, 98, BILARA, 1307, UDALIYAWAS, 39748, 1191537, Total, 0, 0, 0, 0, 0, 0, 700000, 700000
2015, RAJASTHAN, 8, JODHPUR, 98, DECHU, 262719, Aasarlai, 262356, 1096311, Drinking water, 0, 0, 0, 0, 0, 0, 47221, 47221
2015, RAJASTHAN, 8, JODHPUR, 98, DECHU, 262719, Aasarlai, 262356, 1096311, Education, 0, 0, 0, 0, 0, 0, 715698, 715698
2015, RAJASTHAN, 8, JODHPUR, 98, DECHU, 262719, Aasarlai, 262356, 1096311, Total, 0, 0, 0, 0, 0, 0, 762919, 762919
2015, RAJASTHAN, 8, JODHPUR, 98, DECHU, 262719, BHOJAKOR, 39889, 1094905, Drinking water, 0, 0, 0, 0, 0, 0, 916460, 916460
2015, RAJASTHAN, 8, JODHPUR, 98, DECHU, 262719, BHOJAKOR, 39889, 1094905, Roads, 0, 0, 0, 0, 0, 0, 753439, 753439
2015, RAJASTHAN, 8, JODHPUR, 98, DECHU, 262719, BHOJAKOR, 39889, 1094905, Total, 0, 0, 0, 0, 0, 0, 2098385, 2098385
2015, RAJASTHAN, 8, JODHPUR, 98, DECHU, 262719, BHOJAKOR, 39889, 1094905, Women and child development, 0, 0, 0, 0, 0, 0, 428486, 428486
2015, RAJASTHAN, 8, JODHPUR, 98, DECHU, 262719, Burkiya, 262354, 1093856, Education, 0, 0, 0, 0, 0, 0, 536000, 536000
2015, RAJASTHAN, 8, JODHPUR, 98, DECHU, 262719, Burkiya, 262354, 1093856, Rural housing, 0, 0, 0, 0, 0, 0, 302000, 302000
2015, RAJASTHAN, 8, JODHPUR, 98, DECHU, 262719, Burkiya, 262354, 1093856, Total, 0, 0, 0, 0, 0, 0, 838000, 838000
2015, RAJASTHAN, 8, JODHPUR, 98, DECHU, 262719, CHANDSAMA, 39927, 1127983, Education, 0, 0, 0, 0, 0, 0, 987000, 987000
2015, RAJASTHAN, 8, JODHPUR, 98, DECHU, 262719, CHANDSAMA, 39927, 1127983, Public distribution system, 0, 0, 0, 0, 0, 0, 1113000, 1113000
2015, RAJASTHAN, 8, JODHPUR, 98, DECHU, 262719, CHANDSAMA, 39927, 1127983, Total, 0, 0, 0, 0, 0, 0, 2100000, 2100000
2015, RAJASTHAN, 8, JODHPUR, 98, DECHU, 262719, CHORDIYA, 39928, 1121770, Health & Sanitation, 0, 0, 0, 0, 0, 0, 1, 1
2015, RAJASTHAN, 8, JODHPUR, 98, DECHU, 262719, CHORDIYA, 39928, 1121770, Roads, 0, 0, 0, 0, 0, 0, 674000, 674000
2015, RAJASTHAN, 8, JODHPUR, 98, DECHU, 262719, CHORDIYA, 39928, 1121770, Total, 0, 0, 0, 0, 0, 0, 674001, 674001
2015, RAJASTHAN, 8, JODHPUR, 98, DECHU, 262719, DECHU, 39931, 1103829, Drinking water, 0, 0, 0, 0, 0, 0, 811870, 811870
2015, RAJASTHAN, 8, JODHPUR, 98, DECHU, 262719, DECHU, 39931, 1103829, Maintenance of community system, 0, 0, 0, 0, 0, 0, 428416, 428416
2015, RAJASTHAN, 8, JODHPUR, 98, DECHU, 262719, DECHU, 39931, 1103829, Roads, 0, 0, 0, 0, 0, 0, 2968682, 2968682
2015, RAJASTHAN, 8, JODHPUR, 98, DECHU, 262719, DECHU, 39931, 1103829, Sanitation, 0, 0, 0, 0, 0, 0, 295596, 295596
2015, RAJASTHAN, 8, JODHPUR, 98, DECHU, 262719, DECHU, 39931, 1103829, Total, 0, 0, 0, 0, 0, 0, 4504564, 4504564
2015, RAJASTHAN, 8, JODHPUR, 98, DECHU, 262719, DHARABAGHPURANA, 262725, 1094221, Drinking water, 0, 0, 0, 0, 0, 0, 704824, 704824
2015, RAJASTHAN, 8, JODHPUR, 98, DECHU, 262719, DHARABAGHPURANA, 262725, 1094221, Total, 0, 0, 0, 0, 0, 0, 704824, 704824
2015, RAJASTHAN, 8, JODHPUR, 98, DECHU, 262719, Fatehgarh, 262350, 1096298, Drinking water, 0, 0, 0, 0, 0, 0, 284027, 284027
2015, RAJASTHAN, 8, JODHPUR, 98, DECHU, 262719, Fatehgarh, 262350, 1096298, Education, 0, 0, 0, 0, 0, 0, 345123, 345123
2015, RAJASTHAN, 8, JODHPUR, 98, DECHU, 262719, Fatehgarh, 262350, 1096298, Sanitation, 0, 0, 0, 0, 0, 0, 267259, 267259
2015, RAJASTHAN, 8, JODHPUR, 98, DECHU, 262719, Fatehgarh, 262350, 1096298, Total, 0, 0, 0, 0, 0, 0, 896409, 896409
2015, RAJASTHAN, 8, JODHPUR, 98, DECHU, 262719, GUMANPURA, 39935, 1094263, Drinking water, 0, 0, 0, 0, 0, 0, 1974891, 1974891
2015, RAJASTHAN, 8, JODHPUR, 98, DECHU, 262719, GUMANPURA, 39935, 1094263, Education, 0, 0, 0, 0, 0, 0, 695746, 695746
2015, RAJASTHAN, 8, JODHPUR, 98, DECHU, 262719, GUMANPURA, 39935, 1094263, Maintenance of community system, 0, 0, 0, 0, 0, 0, 184383, 184383
2015, RAJASTHAN, 8, JODHPUR, 98, DECHU, 262719, GUMANPURA, 39935, 1094263, Roads, 0, 0, 0, 0, 0, 0, 545577, 545577
2015, RAJASTHAN, 8, JODHPUR, 98, DECHU, 262719, GUMANPURA, 39935, 1094263, Total, 0, 0, 0, 0, 0, 0, 3400597, 3400597
2015, RAJASTHAN, 8, JODHPUR, 98, DECHU, 262719, Govindpura, 262353, 1103694, Education, 0, 0, 0, 0, 0, 0, 1, 1
2015, RAJASTHAN, 8, JODHPUR, 98, DECHU, 262719, Govindpura, 262353, 1103694, Health & Sanitation, 0, 0, 0, 0, 0, 0, 1, 1
2015, RAJASTHAN, 8, JODHPUR, 98, DECHU, 262719, Govindpura, 262353, 1103694, Total, 0, 0, 0, 0, 0, 0, 2, 2
2015, RAJASTHAN, 8, JODHPUR, 98, DECHU, 262719, JAITSAR, 39938, 1104028, Drinking water, 0, 0, 0, 0, 0, 0, 1480019, 1480019
2015, RAJASTHAN, 8, JODHPUR, 98, DECHU, 262719, JAITSAR, 39938, 1104028, Sanitation, 0, 0, 0, 0, 0, 0, 99705, 99705
2015, RAJASTHAN, 8, JODHPUR, 98, DECHU, 262719, JAITSAR, 39938, 1104028, Total, 0, 0, 0, 0, 0, 0, 1579724, 1579724
2015, RAJASTHAN, 8, JODHPUR, 98, DECHU, 262719, JETHANIYA, 39937, 1103428, Drinking water, 0, 0, 0, 0, 0, 0, 244962, 244962
2015, RAJASTHAN, 8, JODHPUR, 98, DECHU, 262719, JETHANIYA, 39937, 1103428, Roads, 0, 0, 0, 0, 0, 0, 335843, 335843
2015, RAJASTHAN, 8, JODHPUR, 98, DECHU, 262719, JETHANIYA, 39937, 1103428, Sanitation, 0, 0, 0, 0, 0, 0, 100000, 100000
2015, RAJASTHAN, 8, JODHPUR, 98, DECHU, 262719, JETHANIYA, 39937, 1103428, Total, 0, 0, 0, 0, 0, 0, 680805, 680805
2015, RAJASTHAN, 8, JODHPUR, 98, DECHU, 262719, KALAU, 39939, 1103520, Agriculture, 0, 0, 0, 0, 0, 0, 55359, 55359
2015, RAJASTHAN, 8, JODHPUR, 98, DECHU, 262719, KALAU, 39939, 1103520, Drinking water, 0, 0, 0, 0, 0, 0, 242060, 242060
2015, RAJASTHAN, 8, JODHPUR, 98, DECHU, 262719, KALAU, 39939, 1103520, Education, 0, 0, 0, 0, 0, 0, 1541958, 1541958
2015, RAJASTHAN, 8, JODHPUR, 98, DECHU, 262719, KALAU, 39939, 1103520, Roads, 0, 0, 0, 0, 0, 0, 2315058, 2315058
2015, RAJASTHAN, 8, JODHPUR, 98, DECHU, 262719, KALAU, 39939, 1103520, Total, 0, 0, 0, 0, 0, 0, 4154435, 4154435
2015, RAJASTHAN, 8, JODHPUR, 98, DECHU, 262719, KHERA BAGORIYA, 262732, 1096212, Drinking water, 0, 0, 0, 0, 0, 0, 148590, 148590
2015, RAJASTHAN, 8, JODHPUR, 98, DECHU, 262719, KHERA BAGORIYA, 262732, 1096212, Education, 0, 0, 0, 0, 0, 0, 203648, 203648
2015, RAJASTHAN, 8, JODHPUR, 98, DECHU, 262719, KHERA BAGORIYA, 262732, 1096212, Total, 0, 0, 0, 0, 0, 0, 437488, 437488
2015, RAJASTHAN, 8, JODHPUR, 98, DECHU, 262719, KHERA BAGORIYA, 262732, 1096212, Women and child development, 0, 0, 0, 0, 0, 0, 85250, 85250
2015, RAJASTHAN, 8, JODHPUR, 98, DECHU, 262719, KOLOOPABUJI, 39905, 1093899, Education, 0, 0, 0, 0, 0, 0, 1, 1
2015, RAJASTHAN, 8, JODHPUR, 98, DECHU, 262719, KOLOOPABUJI, 39905, 1093899, Health, 0, 0, 0, 0, 0, 0, 1, 1
2015, RAJASTHAN, 8, JODHPUR, 98, DECHU, 262719, KOLOOPABUJI, 39905, 1093899, Total, 0, 0, 0, 0, 0, 0, 2, 2
2015, RAJASTHAN, 8, JODHPUR, 98, DECHU, 262719, KOLU RATHORA, 262744, 1094856, Drinking water, 0, 0, 0, 0, 0, 0, 666782, 666782
2015, RAJASTHAN, 8, JODHPUR, 98, DECHU, 262719, KOLU RATHORA, 262744, 1094856, Education, 0, 0, 0, 0, 0, 0, 299801, 299801
2015, RAJASTHAN, 8, JODHPUR, 98, DECHU, 262719, KOLU RATHORA, 262744, 1094856, Total, 0, 0, 0, 0, 0, 0, 966583, 966583
2015, RAJASTHAN, 8, JODHPUR, 98, DECHU, 262719, KUSHLAWA, 39906, 1094827, Drinking water, 0, 0, 0, 0, 0, 0, 345962, 345962
2015, RAJASTHAN, 8, JODHPUR, 98, DECHU, 262719, KUSHLAWA, 39906, 1094827, Total, 0, 0, 0, 0, 0, 0, 345962, 345962
2015, RAJASTHAN, 8, JODHPUR, 98, DECHU, 262719, Kanodiya MahaSingh, 262358, 1096156, Drinking water, 0, 0, 0, 0, 0, 0, 1055000, 1055000
2015, RAJASTHAN, 8, JODHPUR, 98, DECHU, 262719, Kanodiya MahaSingh, 262358, 1096156, Health, 0, 0, 0, 0, 0, 0, 80050, 80050
2015, RAJASTHAN, 8, JODHPUR, 98, DECHU, 262719, Kanodiya MahaSingh, 262358, 1096156, Total, 0, 0, 0, 0, 0, 0, 1135050, 1135050
2015, RAJASTHAN, 8, JODHPUR, 98, DECHU, 262719, MANDLAKALAN, 39911, 1103920, Drinking water, 0, 0, 0, 0, 0, 0, 833000, 833000
2015, RAJASTHAN, 8, JODHPUR, 98, DECHU, 262719, MANDLAKALAN, 39911, 1103920, Maintenance of community system, 0, 0, 0, 0, 0, 0, 323600, 323600
2015, RAJASTHAN, 8, JODHPUR, 98, DECHU, 262719, MANDLAKALAN, 39911, 1103920, Roads, 0, 0, 0, 0, 0, 0, 454500, 454500
2015, RAJASTHAN, 8, JODHPUR, 98, DECHU, 262719, MANDLAKALAN, 39911, 1103920, Sanitation, 0, 0, 0, 0, 0, 0, 113700, 113700
2015, RAJASTHAN, 8, JODHPUR, 98, DECHU, 262719, MANDLAKALAN, 39911, 1103920, Total, 0, 0, 0, 0, 0, 0, 1724800, 1724800
2015, RAJASTHAN, 8, JODHPUR, 98, DECHU, 262719, PEELWA, 262854, 1096272, Education, 0, 0, 0, 0, 0, 0, 311000, 311000
2015, RAJASTHAN, 8, JODHPUR, 98, DECHU, 262719, PEELWA, 262854, 1096272, Maintenance of community system, 0, 0, 0, 0, 0, 0, 251000, 251000
2015, RAJASTHAN, 8, JODHPUR, 98, DECHU, 262719, PEELWA, 262854, 1096272, Roads, 0, 0, 0, 0, 0, 0, 1468000, 1468000
2015, RAJASTHAN, 8, JODHPUR, 98, DECHU, 262719, PEELWA, 262854, 1096272, Total, 0, 0, 0, 0, 0, 0, 2030000, 2030000
2015, RAJASTHAN, 8, JODHPUR, 98, DECHU, 262719, RAWATNAGAR, 262742, 1094281, Drinking water, 0, 0, 0, 0, 0, 0, 1482836, 1482836
2015, RAJASTHAN, 8, JODHPUR, 98, DECHU, 262719, RAWATNAGAR, 262742, 1094281, Total, 0, 0, 0, 0, 0, 0, 1482836, 1482836
2015, RAJASTHAN, 8, JODHPUR, 98, DECHU, 262719, SETRAWA, 39947, 1094313, Drinking water, 0, 0, 0, 0, 0, 0, 221025, 221025
2015, RAJASTHAN, 8, JODHPUR, 98, DECHU, 262719, SETRAWA, 39947, 1094313, Education, 0, 0, 0, 0, 0, 0, 993835, 993835
2015, RAJASTHAN, 8, JODHPUR, 98, DECHU, 262719, SETRAWA, 39947, 1094313, Roads, 0, 0, 0, 0, 0, 0, 1984000, 1984000
2015, RAJASTHAN, 8, JODHPUR, 98, DECHU, 262719, SETRAWA, 39947, 1094313, Total, 0, 0, 0, 0, 0, 0, 3198860, 3198860
2015, RAJASTHAN, 8, JODHPUR, 98, DECHU, 262719, Sagra, 262355, 1158362, Drinking water, 0, 0, 0, 0, 0, 0, 500000, 500000
2015, RAJASTHAN, 8, JODHPUR, 98, DECHU, 262719, Sagra, 262355, 1158362, Public distribution system, 0, 0, 0, 0, 0, 0, 950000, 950000
2015, RAJASTHAN, 8, JODHPUR, 98, DECHU, 262719, Sagra, 262355, 1158362, Sanitation, 0, 0, 0, 0, 0, 0, 200000, 200000
2015, RAJASTHAN, 8, JODHPUR, 98, DECHU, 262719, Sagra, 262355, 1158362, Total, 0, 0, 0, 0, 0, 0, 2150000, 2150000
2015, RAJASTHAN, 8, JODHPUR, 98, DECHU, 262719, Sagra, 262355, 1158362, Women and child development, 0, 0, 0, 0, 0, 0, 500000, 500000
2015, RAJASTHAN, 8, JODHPUR, 98, DECHU, 262719, UTWALIYA, 39955, 1158321, Education, 0, 0, 0, 0, 0, 0, 700000, 700000
2015, RAJASTHAN, 8, JODHPUR, 98, DECHU, 262719, UTWALIYA, 39955, 1158321, Maintenance of community system, 0, 0, 0, 0, 0, 0, 200000, 200000
2015, RAJASTHAN, 8, JODHPUR, 98, DECHU, 262719, UTWALIYA, 39955, 1158321, Sanitation, 0, 0, 0, 0, 0, 0, 200000, 200000
2015, RAJASTHAN, 8, JODHPUR, 98, DECHU, 262719, UTWALIYA, 39955, 1158321, Total, 0, 0, 0, 0, 0, 0, 1100000, 1100000
2015, RAJASTHAN, 8, JODHPUR, 98, DECHU, 262719, Viramdeograh, 262855, 1096183, Drinking water, 0, 0, 0, 0, 0, 0, 167000, 167000
2015, RAJASTHAN, 8, JODHPUR, 98, DECHU, 262719, Viramdeograh, 262855, 1096183, Sanitation, 0, 0, 0, 0, 0, 0, 80000, 80000
2015, RAJASTHAN, 8, JODHPUR, 98, DECHU, 262719, Viramdeograh, 262855, 1096183, Total, 0, 0, 0, 0, 0, 0, 247000, 247000
2015, RAJASTHAN, 8, JODHPUR, 98, DECHU, 262719, khiyasariya, 262357, 1094873, Education, 0, 0, 0, 0, 0, 0, 423000, 423000
2015, RAJASTHAN, 8, JODHPUR, 98, DECHU, 262719, khiyasariya, 262357, 1094873, Maintenance of community system, 0, 0, 0, 0, 0, 0, 252000, 252000
2015, RAJASTHAN, 8, JODHPUR, 98, DECHU, 262719, khiyasariya, 262357, 1094873, Sanitation, 0, 0, 0, 0, 0, 0, 154000, 154000
2015, RAJASTHAN, 8, JODHPUR, 98, DECHU, 262719, khiyasariya, 262357, 1094873, Total, 0, 0, 0, 0, 0, 0, 829000, 829000
2015, RAJASTHAN, 8, JODHPUR, 98, LOHAWAT, 262762, AMLA, 39886, 1151478, Drinking water, 0, 0, 0, 0, 0, 0, 1250000, 1250000
2015, RAJASTHAN, 8, JODHPUR, 98, LOHAWAT, 262762, AMLA, 39886, 1151478, Total, 0, 0, 0, 0, 0, 0, 1250000, 1250000
2015, RAJASTHAN, 8, JODHPUR, 98, LOHAWAT, 262762, BHEEKAMKOR, 39831, 1150052, Drinking water, 0, 0, 0, 0, 0, 0, 1228000, 1228000
2015, RAJASTHAN, 8, JODHPUR, 98, LOHAWAT, 262762, BHEEKAMKOR, 39831, 1150052, Total, 0, 0, 0, 0, 0, 0, 1228000, 1228000
2015, RAJASTHAN, 8, JODHPUR, 98, LOHAWAT, 262762, BHEENYARIYA, 262552, 1151294, Drinking water, 0, 0, 0, 0, 0, 0, 1034929, 1034929
2015, RAJASTHAN, 8, JODHPUR, 98, LOHAWAT, 262762, BHEENYARIYA, 262552, 1151294, Total, 0, 0, 0, 0, 0, 0, 1034929, 1034929
2015, RAJASTHAN, 8, JODHPUR, 98, LOHAWAT, 262762, Bedon Ka Bera, 262538, 1182033, Drinking water, 0, 0, 0, 0, 0, 0, 1690000, 1690000
2015, RAJASTHAN, 8, JODHPUR, 98, LOHAWAT, 262762, Bedon Ka Bera, 262538, 1182033, Education, 0, 0, 0, 0, 0, 0, 500000, 500000
2015, RAJASTHAN, 8, JODHPUR, 98, LOHAWAT, 262762, Bedon Ka Bera, 262538, 1182033, Total, 0, 0, 0, 0, 0, 0, 2190000, 2190000
2015, RAJASTHAN, 8, JODHPUR, 98, LOHAWAT, 262762, CHAINPURA, 262717, 1148247, Drinking water, 0, 0, 0, 0, 0, 0, 1139000, 1139000
2015, RAJASTHAN, 8, JODHPUR, 98, LOHAWAT, 262762, CHAINPURA, 262717, 1148247, Total, 0, 0, 0, 0, 0, 0, 1139000, 1139000
2015, RAJASTHAN, 8, JODHPUR, 98, LOHAWAT, 262762, CHHEELA, 39892, 1160291, Drinking water, 0, 0, 0, 0, 0, 0, 1050000, 1050000
2015, RAJASTHAN, 8, JODHPUR, 98, LOHAWAT, 262762, CHHEELA, 39892, 1160291, Total, 0, 0, 0, 0, 0, 0, 1050000, 1050000
2015, RAJASTHAN, 8, JODHPUR, 98, LOHAWAT, 262762, DAYAKOR, 39893, 1156546, Drinking water, 0, 0, 0, 0, 0, 0, 3034000, 3034000
2015, RAJASTHAN, 8, JODHPUR, 98, LOHAWAT, 262762, DAYAKOR, 39893, 1156546, Total, 0, 0, 0, 0, 0, 0, 3034000, 3034000
2015, RAJASTHAN, 8, JODHPUR, 98, LOHAWAT, 262762, DHELANA, 39896, 1156230, Drinking water, 0, 0, 0, 0, 0, 0, 395000, 395000
2015, RAJASTHAN, 8, JODHPUR, 98, LOHAWAT, 262762, DHELANA, 39896, 1156230, Sanitation, 0, 0, 0, 0, 0, 0, 500000, 500000
2015, RAJASTHAN, 8, JODHPUR, 98, LOHAWAT, 262762, DHELANA, 39896, 1156230, Total, 0, 0, 0, 0, 0, 0, 895000, 895000
2015, RAJASTHAN, 8, JODHPUR, 98, LOHAWAT, 262762, DHOLASAR, 262718, 1151556, Drinking water, 0, 0, 0, 0, 0, 0, 950000, 950000
2015, RAJASTHAN, 8, JODHPUR, 98, LOHAWAT, 262762, DHOLASAR, 262718, 1151556, Total, 0, 0, 0, 0, 0, 0, 950000, 950000
2015, RAJASTHAN, 8, JODHPUR, 98, LOHAWAT, 262762, FATEHSAGAR, 39897, 1142440, Drinking water, 0, 0, 0, 0, 0, 0, 1488000, 1488000
2015, RAJASTHAN, 8, JODHPUR, 98, LOHAWAT, 262762, FATEHSAGAR, 39897, 1142440, Total, 0, 0, 0, 0, 0, 0, 1488000, 1488000
2015, RAJASTHAN, 8, JODHPUR, 98, LOHAWAT, 262762, HANSADESH, 262756, 1155997, Drinking water, 0, 0, 0, 0, 0, 0, 396000, 396000
2015, RAJASTHAN, 8, JODHPUR, 98, LOHAWAT, 262762, HANSADESH, 262756, 1155997, Sanitation, 0, 0, 0, 0, 0, 0, 360000, 360000
2015, RAJASTHAN, 8, JODHPUR, 98, LOHAWAT, 262762, HANSADESH, 262756, 1155997, Total, 0, 0, 0, 0, 0, 0, 756000, 756000
2015, RAJASTHAN, 8, JODHPUR, 98, LOHAWAT, 262762, Indon ki Dhani-II, 262549, 1156716, Drinking water, 0, 0, 0, 0, 0, 0, 402245, 402245
2015, RAJASTHAN, 8, JODHPUR, 98, LOHAWAT, 262762, Indon ki Dhani-II, 262549, 1156716, Total, 0, 0, 0, 0, 0, 0, 402245, 402245
2015, RAJASTHAN, 8, JODHPUR, 98, LOHAWAT, 262762, JAGUBANO KI DHANI, 262747, 1142621, Drinking water, 0, 0, 0, 0, 0, 0, 581000, 581000
2015, RAJASTHAN, 8, JODHPUR, 98, LOHAWAT, 262762, JAGUBANO KI DHANI, 262747, 1142621, Sanitation, 0, 0, 0, 0, 0, 0, 437000, 437000
2015, RAJASTHAN, 8, JODHPUR, 98, LOHAWAT, 262762, JAGUBANO KI DHANI, 262747, 1142621, Total, 0, 0, 0, 0, 0, 0, 1018000, 1018000
2015, RAJASTHAN, 8, JODHPUR, 98, LOHAWAT, 262762, JALORA, 39901, 1286713, Drinking water, 0, 0, 0, 0, 0, 0, 1668000, 1668000
2015, RAJASTHAN, 8, JODHPUR, 98, LOHAWAT, 262762, JALORA, 39901, 1286713, Education, 0, 0, 0, 0, 0, 0, 30000, 30000
2015, RAJASTHAN, 8, JODHPUR, 98, LOHAWAT, 262762, JALORA, 39901, 1286713, Total, 0, 0, 0, 0, 0, 0, 1698000, 1698000
2015, RAJASTHAN, 8, JODHPUR, 98, LOHAWAT, 262762, JAMBESHWARNAGAR, 39902, 1141795, Drinking water, 0, 0, 0, 0, 0, 0, 1835000, 1835000
2015, RAJASTHAN, 8, JODHPUR, 98, LOHAWAT, 262762, JAMBESHWARNAGAR, 39902, 1141795, Sanitation, 0, 0, 0, 0, 0, 0, 200000, 200000
2015, RAJASTHAN, 8, JODHPUR, 98, LOHAWAT, 262762, JAMBESHWARNAGAR, 39902, 1141795, Total, 0, 0, 0, 0, 0, 0, 2035000, 2035000
2015, RAJASTHAN, 8, JODHPUR, 98, LOHAWAT, 262762, Jeriya, 262535, 1189826, Drinking water, 0, 0, 0, 0, 0, 0, 1124562, 1124562
2015, RAJASTHAN, 8, JODHPUR, 98, LOHAWAT, 262762, Jeriya, 262535, 1189826, Sanitation, 0, 0, 0, 0, 0, 0, 384000, 384000
2015, RAJASTHAN, 8, JODHPUR, 98, LOHAWAT, 262762, Jeriya, 262535, 1189826, Total, 0, 0, 0, 0, 0, 0, 1508562, 1508562
2015, RAJASTHAN, 8, JODHPUR, 98, LOHAWAT, 262762, LOHAWAT JATABAS, 39909, 1148458, Drinking water, 0, 0, 0, 0, 0, 0, 1200000, 1200000
2015, RAJASTHAN, 8, JODHPUR, 98, LOHAWAT, 262762, LOHAWAT JATABAS, 39909, 1148458, Sanitation, 0, 0, 0, 0, 0, 0, 100000, 100000
2015, RAJASTHAN, 8, JODHPUR, 98, LOHAWAT, 262762, LOHAWAT JATABAS, 39909, 1148458, Total, 0, 0, 0, 0, 0, 0, 1300000, 1300000
2015, RAJASTHAN, 8, JODHPUR, 98, LOHAWAT, 262762, LOHAWAT VISHNAWAS, 39908, 1153501, Drinking water, 0, 0, 0, 0, 0, 0, 1100000, 1100000
2015, RAJASTHAN, 8, JODHPUR, 98, LOHAWAT, 262762, LOHAWAT VISHNAWAS, 39908, 1153501, Roads, 0, 0, 0, 0, 0, 0, 1350000, 1350000
2015, RAJASTHAN, 8, JODHPUR, 98, LOHAWAT, 262762, LOHAWAT VISHNAWAS, 39908, 1153501, Total, 0, 0, 0, 0, 0, 0, 2450000, 2450000
2015, RAJASTHAN, 8, JODHPUR, 98, LOHAWAT, 262762, MOOLRAJ, 262750, 1141872, Drinking water, 0, 0, 0, 0, 0, 0, 1200000, 1200000
2015, RAJASTHAN, 8, JODHPUR, 98, LOHAWAT, 262762, MOOLRAJ, 262750, 1141872, Education, 0, 0, 0, 0, 0, 0, 250000, 250000
2015, RAJASTHAN, 8, JODHPUR, 98, LOHAWAT, 262762, MOOLRAJ, 262750, 1141872, Total, 0, 0, 0, 0, 0, 0, 1450000, 1450000
2015, RAJASTHAN, 8, JODHPUR, 98, LOHAWAT, 262762, MORIYA, 39913, 1149293, Drinking water, 0, 0, 0, 0, 0, 0, 130000, 130000
2015, RAJASTHAN, 8, JODHPUR, 98, LOHAWAT, 262762, MORIYA, 39913, 1149293, Sanitation, 0, 0, 0, 0, 0, 0, 620000, 620000
2015, RAJASTHAN, 8, JODHPUR, 98, LOHAWAT, 262762, MORIYA, 39913, 1149293, Total, 0, 0, 0, 0, 0, 0, 750000, 750000
2015, RAJASTHAN, 8, JODHPUR, 98, LOHAWAT, 262762, MUNJASAR, 262739, 1149404, Drinking water, 0, 0, 0, 0, 0, 0, 1088000, 1088000
2015, RAJASTHAN, 8, JODHPUR, 98, LOHAWAT, 262762, MUNJASAR, 262739, 1149404, Sanitation, 0, 0, 0, 0, 0, 0, 300000, 300000
2015, RAJASTHAN, 8, JODHPUR, 98, LOHAWAT, 262762, MUNJASAR, 262739, 1149404, Total, 0, 0, 0, 0, 0, 0, 1388000, 1388000
2015, RAJASTHAN, 8, JODHPUR, 98, LOHAWAT, 262762, NAUSAR, 39870, 1141864, Drinking water, 0, 0, 0, 0, 0, 0, 1453000, 1453000
2015, RAJASTHAN, 8, JODHPUR, 98, LOHAWAT, 262762, NAUSAR, 39870, 1141864, Education, 0, 0, 0, 0, 0, 0, 150000, 150000
2015, RAJASTHAN, 8, JODHPUR, 98, LOHAWAT, 262762, NAUSAR, 39870, 1141864, Sanitation, 0, 0, 0, 0, 0, 0, 70000, 70000
2015, RAJASTHAN, 8, JODHPUR, 98, LOHAWAT, 262762, NAUSAR, 39870, 1141864, Total, 0, 0, 0, 0, 0, 0, 1673000, 1673000
2015, RAJASTHAN, 8, JODHPUR, 98, LOHAWAT, 262762, NAYABERA, 262737, 1151266, Drinking water, 0, 0, 0, 0, 0, 0, 665000, 665000
2015, RAJASTHAN, 8, JODHPUR, 98, LOHAWAT, 262762, NAYABERA, 262737, 1151266, Education, 0, 0, 0, 0, 0, 0, 470000, 470000
2015, RAJASTHAN, 8, JODHPUR, 98, LOHAWAT, 262762, NAYABERA, 262737, 1151266, Maintenance of community system, 0, 0, 0, 0, 0, 0, 15000, 15000
2015, RAJASTHAN, 8, JODHPUR, 98, LOHAWAT, 262762, NAYABERA, 262737, 1151266, Total, 0, 0, 0, 0, 0, 0, 1150000, 1150000
2015, RAJASTHAN, 8, JODHPUR, 98, LOHAWAT, 262762, PALEENA, 39914, 1155081, Drinking water, 0, 0, 0, 0, 0, 0, 2500000, 2500000
2015, RAJASTHAN, 8, JODHPUR, 98, LOHAWAT, 262762, PALEENA, 39914, 1155081, Total, 0, 0, 0, 0, 0, 0, 2500000, 2500000
2015, RAJASTHAN, 8, JODHPUR, 98, LOHAWAT, 262762, PALLI, 39872, 1153919, Drinking water, 0, 0, 0, 0, 0, 0, 1842000, 1842000
2015, RAJASTHAN, 8, JODHPUR, 98, LOHAWAT, 262762, PALLI, 39872, 1153919, Sanitation, 0, 0, 0, 0, 0, 0, 200000, 200000
2015, RAJASTHAN, 8, JODHPUR, 98, LOHAWAT, 262762, PALLI, 39872, 1153919, Total, 0, 0, 0, 0, 0, 0, 2042000, 2042000
2015, RAJASTHAN, 8, JODHPUR, 98, LOHAWAT, 262762, Palli-I, 262531, 1156182, Drinking water, 0, 0, 0, 0, 0, 0, 1021000, 1021000
2015, RAJASTHAN, 8, JODHPUR, 98, LOHAWAT, 262762, Palli-I, 262531, 1156182, Total, 0, 0, 0, 0, 0, 0, 1021000, 1021000
2015, RAJASTHAN, 8, JODHPUR, 98, LOHAWAT, 262762, ROOPANA JAITANA, 262752, 1140845, Drinking water, 0, 0, 0, 0, 0, 0, 884236, 884236
2015, RAJASTHAN, 8, JODHPUR, 98, LOHAWAT, 262762, ROOPANA JAITANA, 262752, 1140845, Total, 0, 0, 0, 0, 0, 0, 884236, 884236
2015, RAJASTHAN, 8, JODHPUR, 98, LOHAWAT, 262762, SADARI, 39919, 1152682, Drinking water, 0, 0, 0, 0, 0, 0, 1200000, 1200000
2015, RAJASTHAN, 8, JODHPUR, 98, LOHAWAT, 262762, SADARI, 39919, 1152682, Sanitation, 0, 0, 0, 0, 0, 0, 310000, 310000
2015, RAJASTHAN, 8, JODHPUR, 98, LOHAWAT, 262762, SADARI, 39919, 1152682, Total, 0, 0, 0, 0, 0, 0, 1510000, 1510000
2015, RAJASTHAN, 8, JODHPUR, 98, LOHAWAT, 262762, SAITANSINGH NAGAR, 39920, 1140994, Drinking water, 0, 0, 0, 0, 0, 0, 694000, 694000
2015, RAJASTHAN, 8, JODHPUR, 98, LOHAWAT, 262762, SAITANSINGH NAGAR, 39920, 1140994, Maintenance of community system, 0, 0, 0, 0, 0, 0, 80000, 80000
2015, RAJASTHAN, 8, JODHPUR, 98, LOHAWAT, 262762, SAITANSINGH NAGAR, 39920, 1140994, Sanitation, 0, 0, 0, 0, 0, 0, 270000, 270000
2015, RAJASTHAN, 8, JODHPUR, 98, LOHAWAT, 262762, SAITANSINGH NAGAR, 39920, 1140994, Total, 0, 0, 0, 0, 0, 0, 1044000, 1044000
2015, RAJASTHAN, 8, JODHPUR, 98, LUNI, 1308, BARLA NAGAR, 262425, 1163507, Drinking water, 0, 0, 0, 0, 0, 0, 900000, 900000
2015, RAJASTHAN, 8, JODHPUR, 98, LUNI, 1308, BARLA NAGAR, 262425, 1163507, Sanitation, 0, 0, 0, 0, 0, 0, 155019, 155019
2015, RAJASTHAN, 8, JODHPUR, 98, LUNI, 1308, BARLA NAGAR, 262425, 1163507, Total, 0, 0, 0, 0, 0, 0, 1055019, 1055019
2015, RAJASTHAN, 8, JODHPUR, 98, LUNI, 1308, BARLIYAN, 39749, 1162214, Drinking water, 0, 0, 0, 0, 0, 0, 120000, 120000
2015, RAJASTHAN, 8, JODHPUR, 98, LUNI, 1308, BARLIYAN, 39749, 1162214, Sanitation, 0, 0, 0, 0, 0, 0, 987000, 987000
2015, RAJASTHAN, 8, JODHPUR, 98, LUNI, 1308, BARLIYAN, 39749, 1162214, Total, 0, 0, 0, 0, 0, 0, 1107000, 1107000
2015, RAJASTHAN, 8, JODHPUR, 98, LUNI, 1308, BHACHARNA, 39750, 1164300, Sanitation, 0, 0, 0, 0, 0, 0, 1027289, 1027289
2015, RAJASTHAN, 8, JODHPUR, 98, LUNI, 1308, BHACHARNA, 39750, 1164300, Total, 0, 0, 0, 0, 0, 0, 1027289, 1027289
2015, RAJASTHAN, 8, JODHPUR, 98, LUNI, 1308, BHANDU KALAN, 39751, 1162228, Sanitation, 0, 0, 0, 0, 0, 0, 1256641, 1256641
2015, RAJASTHAN, 8, JODHPUR, 98, LUNI, 1308, BHANDU KALAN, 39751, 1162228, Total, 0, 0, 0, 0, 0, 0, 1256641, 1256641
2015, RAJASTHAN, 8, JODHPUR, 98, LUNI, 1308, BHATINDA, 39752, 1162888, Sanitation, 0, 0, 0, 0, 0, 0, 1724416, 1724416
2015, RAJASTHAN, 8, JODHPUR, 98, LUNI, 1308, BHATINDA, 39752, 1162888, Total, 0, 0, 0, 0, 0, 0, 1724416, 1724416
2015, RAJASTHAN, 8, JODHPUR, 98, LUNI, 1308, BIRAMI, 39753, 1162337, Roads, 0, 0, 0, 0, 0, 0, 428000, 428000
2015, RAJASTHAN, 8, JODHPUR, 98, LUNI, 1308, BIRAMI, 39753, 1162337, Sanitation, 0, 0, 0, 0, 0, 0, 1003052, 1003052
2015, RAJASTHAN, 8, JODHPUR, 98, LUNI, 1308, BIRAMI, 39753, 1162337, Total, 0, 0, 0, 0, 0, 0, 1431052, 1431052
2015, RAJASTHAN, 8, JODHPUR, 98, LUNI, 1308, BORANADA, 39754, 1162237, Sanitation, 0, 0, 0, 0, 0, 0, 1181000, 1181000
2015, RAJASTHAN, 8, JODHPUR, 98, LUNI, 1308, BORANADA, 39754, 1162237, Total, 0, 0, 0, 0, 0, 0, 1181000, 1181000
2015, RAJASTHAN, 8, JODHPUR, 98, LUNI, 1308, CHICHARLI, 39756, 1163912, Drinking water, 0, 0, 0, 0, 0, 0, 704833, 704833
2015, RAJASTHAN, 8, JODHPUR, 98, LUNI, 1308, CHICHARLI, 39756, 1163912, Sanitation, 0, 0, 0, 0, 0, 0, 628000, 628000
2015, RAJASTHAN, 8, JODHPUR, 98, LUNI, 1308, CHICHARLI, 39756, 1163912, Total, 0, 0, 0, 0, 0, 0, 1332833, 1332833
2015, RAJASTHAN, 8, JODHPUR, 98, LUNI, 1308, DHANDHIYA, 262461, 1162277, Sanitation, 0, 0, 0, 0, 0, 0, 816337, 816337
2015, RAJASTHAN, 8, JODHPUR, 98, LUNI, 1308, DHANDHIYA, 262461, 1162277, Total, 0, 0, 0, 0, 0, 0, 816337, 816337
2015, RAJASTHAN, 8, JODHPUR, 98, LUNI, 1308, DHAWA, 39757, 1178571, Drinking water, 0, 0, 0, 0, 0, 0, 307000, 307000
2015, RAJASTHAN, 8, JODHPUR, 98, LUNI, 1308, DHAWA, 39757, 1178571, Sanitation, 0, 0, 0, 0, 0, 0, 2380000, 2380000
2015, RAJASTHAN, 8, JODHPUR, 98, LUNI, 1308, DHAWA, 39757, 1178571, Total, 0, 0, 0, 0, 0, 0, 2687000, 2687000
2015, RAJASTHAN, 8, JODHPUR, 98, LUNI, 1308, DHUNDHARA, 39759, 1164309, Sanitation, 0, 0, 0, 0, 0, 0, 1926815, 1926815
2015, RAJASTHAN, 8, JODHPUR, 98, LUNI, 1308, DHUNDHARA, 39759, 1164309, Total, 0, 0, 0, 0, 0, 0, 1926815, 1926815
2015, RAJASTHAN, 8, JODHPUR, 98, LUNI, 1308, DOLI, 39760, 1163915, Roads, 0, 0, 0, 0, 0, 0, 1818488, 1818488
2015, RAJASTHAN, 8, JODHPUR, 98, LUNI, 1308, DOLI, 39760, 1163915, Total, 0, 0, 0, 0, 0, 0, 1818488, 1818488
2015, RAJASTHAN, 8, JODHPUR, 98, LUNI, 1308, Daipara Khichiyan, 262455, 1162881, Sanitation, 0, 0, 0, 0, 0, 0, 842771, 842771
2015, RAJASTHAN, 8, JODHPUR, 98, LUNI, 1308, Daipara Khichiyan, 262455, 1162881, Total, 0, 0, 0, 0, 0, 0, 842771, 842771
2015, RAJASTHAN, 8, JODHPUR, 98, LUNI, 1308, FEECH, 39761, 1162242, Sanitation, 0, 0, 0, 0, 0, 0, 1048000, 1048000
2015, RAJASTHAN, 8, JODHPUR, 98, LUNI, 1308, FEECH, 39761, 1162242, Total, 0, 0, 0, 0, 0, 0, 1048000, 1048000
2015, RAJASTHAN, 8, JODHPUR, 98, LUNI, 1308, GURAVISHNOIYAN, 39763, 1170600, Sanitation, 0, 0, 0, 0, 0, 0, 2000000, 2000000
2015, RAJASTHAN, 8, JODHPUR, 98, LUNI, 1308, GURAVISHNOIYAN, 39763, 1170600, Total, 0, 0, 0, 0, 0, 0, 2000000, 2000000
2015, RAJASTHAN, 8, JODHPUR, 98, LUNI, 1308, JANADESAR, 39764, 1143019, Drinking water, 0, 0, 0, 0, 0, 0, 60000, 60000
2015, RAJASTHAN, 8, JODHPUR, 98, LUNI, 1308, JANADESAR, 39764, 1143019, Roads, 0, 0, 0, 0, 0, 0, 75452, 75452
2015, RAJASTHAN, 8, JODHPUR, 98, LUNI, 1308, JANADESAR, 39764, 1143019, Rural housing, 0, 0, 0, 0, 0, 0, 306000, 306000
2015, RAJASTHAN, 8, JODHPUR, 98, LUNI, 1308, JANADESAR, 39764, 1143019, Sanitation, 0, 0, 0, 0, 0, 0, 1100000, 1100000
2015, RAJASTHAN, 8, JODHPUR, 98, LUNI, 1308, JANADESAR, 39764, 1143019, Total, 0, 0, 0, 0, 0, 0, 1541452, 1541452
2015, RAJASTHAN, 8, JODHPUR, 98, LUNI, 1308, JHALAMAND, 39765, 1163976, Drinking water, 0, 0, 0, 0, 0, 0, 1500000, 1500000
2015, RAJASTHAN, 8, JODHPUR, 98, LUNI, 1308, JHALAMAND, 39765, 1163976, Sanitation, 0, 0, 0, 0, 0, 0, 2420233, 2420233
2015, RAJASTHAN, 8, JODHPUR, 98, LUNI, 1308, JHALAMAND, 39765, 1163976, Total, 0, 0, 0, 0, 0, 0, 3920233, 3920233
2015, RAJASTHAN, 8, JODHPUR, 98, LUNI, 1308, JHANWAR, 39766, 1177639, Roads, 0, 0, 0, 0, 0, 0, 250000, 250000
2015, RAJASTHAN, 8, JODHPUR, 98, LUNI, 1308, JHANWAR, 39766, 1177639, Sanitation, 0, 0, 0, 0, 0, 0, 1250000, 1250000
2015, RAJASTHAN, 8, JODHPUR, 98, LUNI, 1308, JHANWAR, 39766, 1177639, Total, 0, 0, 0, 0, 0, 0, 1500000, 1500000
2015, RAJASTHAN, 8, JODHPUR, 98, LUNI, 1308, KAKELAO, 39767, 1184257, Sanitation, 0, 0, 0, 0, 0, 0, 1300000, 1300000
2015, RAJASTHAN, 8, JODHPUR, 98, LUNI, 1308, KAKELAO, 39767, 1184257, Total, 0, 0, 0, 0, 0, 0, 1300000, 1300000
2015, RAJASTHAN, 8, JODHPUR, 98, LUNI, 1308, KALIJAL, 39768, 1162927, Drinking water, 0, 0, 0, 0, 0, 0, 1378703, 1378703
2015, RAJASTHAN, 8, JODHPUR, 98, LUNI, 1308, KALIJAL, 39768, 1162927, Total, 0, 0, 0, 0, 0, 0, 1378703, 1378703
2015, RAJASTHAN, 8, JODHPUR, 98, LUNI, 1308, KHARABERAPUROHITAN, 39769, 1162378, Drinking water, 0, 0, 0, 0, 0, 0, 305000, 305000
2015, RAJASTHAN, 8, JODHPUR, 98, LUNI, 1308, KHARABERAPUROHITAN, 39769, 1162378, Sanitation, 0, 0, 0, 0, 0, 0, 360000, 360000
2015, RAJASTHAN, 8, JODHPUR, 98, LUNI, 1308, KHARABERAPUROHITAN, 39769, 1162378, Total, 0, 0, 0, 0, 0, 0, 665000, 665000
2015, RAJASTHAN, 8, JODHPUR, 98, LUNI, 1308, KHEJARLIKALAN, 39770, 1162380, Drinking water, 0, 0, 0, 0, 0, 0, 140190, 140190
2015, RAJASTHAN, 8, JODHPUR, 98, LUNI, 1308, KHEJARLIKALAN, 39770, 1162380, Sanitation, 0, 0, 0, 0, 0, 0, 1500000, 1500000
2015, RAJASTHAN, 8, JODHPUR, 98, LUNI, 1308, KHEJARLIKALAN, 39770, 1162380, Total, 0, 0, 0, 0, 0, 0, 1640190, 1640190
2015, RAJASTHAN, 8, JODHPUR, 98, LUNI, 1308, KHUDALA, 39771, 1158178, Drinking water, 0, 0, 0, 0, 0, 0, 699000, 699000
2015, RAJASTHAN, 8, JODHPUR, 98, LUNI, 1308, KHUDALA, 39771, 1158178, Sanitation, 0, 0, 0, 0, 0, 0, 637720, 637720
2015, RAJASTHAN, 8, JODHPUR, 98, LUNI, 1308, KHUDALA, 39771, 1158178, Total, 0, 0, 0, 0, 0, 0, 1336720, 1336720
2015, RAJASTHAN, 8, JODHPUR, 98, LUNI, 1308, Kuri Bhagtasani, 262445, 1162385, Drinking water, 0, 0, 0, 0, 0, 0, 141000, 141000
2015, RAJASTHAN, 8, JODHPUR, 98, LUNI, 1308, Kuri Bhagtasani, 262445, 1162385, Sanitation, 0, 0, 0, 0, 0, 0, 1416000, 1416000
2015, RAJASTHAN, 8, JODHPUR, 98, LUNI, 1308, Kuri Bhagtasani, 262445, 1162385, Total, 0, 0, 0, 0, 0, 0, 1557000, 1557000
2015, RAJASTHAN, 8, JODHPUR, 98, LUNI, 1308, LOLAWAS, 39772, 1163464, Sanitation, 0, 0, 0, 0, 0, 0, 1035841, 1035841
2015, RAJASTHAN, 8, JODHPUR, 98, LUNI, 1308, LOLAWAS, 39772, 1163464, Total, 0, 0, 0, 0, 0, 0, 1035841, 1035841
2015, RAJASTHAN, 8, JODHPUR, 98, LUNI, 1308, LOONAWASKALAN, 39773, 1162386, Sanitation, 0, 0, 0, 0, 0, 0, 1405000, 1405000
2015, RAJASTHAN, 8, JODHPUR, 98, LUNI, 1308, LOONAWASKALAN, 39773, 1162386, Total, 0, 0, 0, 0, 0, 0, 1405000, 1405000
2015, RAJASTHAN, 8, JODHPUR, 98, LUNI, 1308, LOONAWASKHARA, 39774, 2425611, Education, 0, 0, 0, 0, 0, 0, 500000, 500000
2015, RAJASTHAN, 8, JODHPUR, 98, LUNI, 1308, LOONAWASKHARA, 39774, 2425611, Roads, 0, 0, 0, 0, 0, 0, 1375000, 1375000
2015, RAJASTHAN, 8, JODHPUR, 98, LUNI, 1308, LOONAWASKHARA, 39774, 2425611, Sanitation, 0, 0, 0, 0, 0, 0, 835000, 835000
2015, RAJASTHAN, 8, JODHPUR, 98, LUNI, 1308, LOONAWASKHARA, 39774, 2425611, Total, 0, 0, 0, 0, 0, 0, 2710000, 2710000
2015, RAJASTHAN, 8, JODHPUR, 98, LUNI, 1308, LUNI, 39775, 1162872, Sanitation, 0, 0, 0, 0, 0, 0, 1854511, 1854511
2015, RAJASTHAN, 8, JODHPUR, 98, LUNI, 1308, LUNI, 39775, 1162872, Total, 0, 0, 0, 0, 0, 0, 1854511, 1854511
2015, RAJASTHAN, 8, JODHPUR, 98, LUNI, 1308, MODI JOSHIYAN, 39776, 1194329, Sanitation, 0, 0, 0, 0, 0, 0, 900000, 900000
2015, RAJASTHAN, 8, JODHPUR, 98, LUNI, 1308, MODI JOSHIYAN, 39776, 1194329, Total, 0, 0, 0, 0, 0, 0, 900000, 900000
2015, RAJASTHAN, 8, JODHPUR, 98, LUNI, 1308, MOGRAKALAN, 39777, 2432400, Health, 0, 0, 0, 0, 0, 0, 300000, 300000
2015, RAJASTHAN, 8, JODHPUR, 98, LUNI, 1308, MOGRAKALAN, 39777, 2432400, Sanitation, 0, 0, 0, 0, 0, 0, 1700000, 1700000
2015, RAJASTHAN, 8, JODHPUR, 98, LUNI, 1308, MOGRAKALAN, 39777, 2432400, Total, 0, 0, 0, 0, 0, 0, 2000000, 2000000
2015, RAJASTHAN, 8, JODHPUR, 98, LUNI, 1308, NANDWAN, 39778, 1162426, Drinking water, 0, 0, 0, 0, 0, 0, 569024, 569024
2015, RAJASTHAN, 8, JODHPUR, 98, LUNI, 1308, NANDWAN, 39778, 1162426, Sanitation, 0, 0, 0, 0, 0, 0, 1208000, 1208000
2015, RAJASTHAN, 8, JODHPUR, 98, LUNI, 1308, NANDWAN, 39778, 1162426, Total, 0, 0, 0, 0, 0, 0, 1777024, 1777024
2015, RAJASTHAN, 8, JODHPUR, 98, LUNI, 1308, NARNADI, 39779, 1162308, Drinking water, 0, 0, 0, 0, 0, 0, 143000, 143000
2015, RAJASTHAN, 8, JODHPUR, 98, LUNI, 1308, NARNADI, 39779, 1162308, Sanitation, 0, 0, 0, 0, 0, 0, 1130486, 1130486
2015, RAJASTHAN, 8, JODHPUR, 98, LUNI, 1308, NARNADI, 39779, 1162308, Total, 0, 0, 0, 0, 0, 0, 1273486, 1273486
2015, RAJASTHAN, 8, JODHPUR, 98, LUNI, 1308, PAL, 39780, 1167449, Sanitation, 0, 0, 0, 0, 0, 0, 1552077, 1552077
2015, RAJASTHAN, 8, JODHPUR, 98, LUNI, 1308, PAL, 39780, 1167449, Total, 0, 0, 0, 0, 0, 0, 1552077, 1552077
2015, RAJASTHAN, 8, JODHPUR, 98, LUNI, 1308, PALASANI, 39781, 1162392, Sanitation, 0, 0, 0, 0, 0, 0, 1965000, 1965000
2015, RAJASTHAN, 8, JODHPUR, 98, LUNI, 1308, PALASANI, 39781, 1162392, Total, 0, 0, 0, 0, 0, 0, 1965000, 1965000
2015, RAJASTHAN, 8, JODHPUR, 98, LUNI, 1308, PEEPARLI, 39782, 1178618, Roads, 0, 0, 0, 0, 0, 0, 1000000, 1000000
2015, RAJASTHAN, 8, JODHPUR, 98, LUNI, 1308, PEEPARLI, 39782, 1178618, Rural housing, 0, 0, 0, 0, 0, 0, 120000, 120000
2015, RAJASTHAN, 8, JODHPUR, 98, LUNI, 1308, PEEPARLI, 39782, 1178618, Sanitation, 0, 0, 0, 0, 0, 0, 899000, 899000
2015, RAJASTHAN, 8, JODHPUR, 98, LUNI, 1308, PEEPARLI, 39782, 1178618, Total, 0, 0, 0, 0, 0, 0, 2019000, 2019000
2015, RAJASTHAN, 8, JODHPUR, 98, LUNI, 1308, PHITKASNI, 39762, 2440915, Drinking water, 0, 0, 0, 0, 0, 0, 180000, 180000
2015, RAJASTHAN, 8, JODHPUR, 98, LUNI, 1308, PHITKASNI, 39762, 2440915, Roads, 0, 0, 0, 0, 0, 0, 900000, 900000
2015, RAJASTHAN, 8, JODHPUR, 98, LUNI, 1308, PHITKASNI, 39762, 2440915, Sanitation, 0, 0, 0, 0, 0, 0, 50000, 50000
2015, RAJASTHAN, 8, JODHPUR, 98, LUNI, 1308, PHITKASNI, 39762, 2440915, Total, 0, 0, 0, 0, 0, 0, 1130000, 1130000
2015, RAJASTHAN, 8, JODHPUR, 98, LUNI, 1308, ROHICHAKALAN, 39783, 1190756, Drinking water, 0, 0, 0, 0, 0, 0, 1000000, 1000000
2015, RAJASTHAN, 8, JODHPUR, 98, LUNI, 1308, ROHICHAKALAN, 39783, 1190756, Sanitation, 0, 0, 0, 0, 0, 0, 225000, 225000
2015, RAJASTHAN, 8, JODHPUR, 98, LUNI, 1308, ROHICHAKALAN, 39783, 1190756, Total, 0, 0, 0, 0, 0, 0, 1225000, 1225000
2015, RAJASTHAN, 8, JODHPUR, 98, LUNI, 1308, SALAWAS, 39784, 1169032, Drinking water, 0, 0, 0, 0, 0, 0, 530000, 530000
2015, RAJASTHAN, 8, JODHPUR, 98, LUNI, 1308, SALAWAS, 39784, 1169032, Sanitation, 0, 0, 0, 0, 0, 0, 1429209, 1429209
2015, RAJASTHAN, 8, JODHPUR, 98, LUNI, 1308, SALAWAS, 39784, 1169032, Total, 0, 0, 0, 0, 0, 0, 1959209, 1959209
2015, RAJASTHAN, 8, JODHPUR, 98, LUNI, 1308, SANGARIYA, 39785, 1163954, Drinking water, 0, 0, 0, 0, 0, 0, 500000, 500000
2015, RAJASTHAN, 8, JODHPUR, 98, LUNI, 1308, SANGARIYA, 39785, 1163954, Sanitation, 0, 0, 0, 0, 0, 0, 1719141, 1719141
2015, RAJASTHAN, 8, JODHPUR, 98, LUNI, 1308, SANGARIYA, 39785, 1163954, Total, 0, 0, 0, 0, 0, 0, 2219141, 2219141
2015, RAJASTHAN, 8, JODHPUR, 98, LUNI, 1308, SARECHA, 39786, 1164036, Drinking water, 0, 0, 0, 0, 0, 0, 800000, 800000
2015, RAJASTHAN, 8, JODHPUR, 98, LUNI, 1308, SARECHA, 39786, 1164036, Roads, 0, 0, 0, 0, 0, 0, 1255962, 1255962
2015, RAJASTHAN, 8, JODHPUR, 98, LUNI, 1308, SARECHA, 39786, 1164036, Total, 0, 0, 0, 0, 0, 0, 2055962, 2055962
2015, RAJASTHAN, 8, JODHPUR, 98, LUNI, 1308, SATLANA, 39787, 1161471, Sanitation, 0, 0, 0, 0, 0, 0, 1980460, 1980460
2015, RAJASTHAN, 8, JODHPUR, 98, LUNI, 1308, SATLANA, 39787, 1161471, Total, 0, 0, 0, 0, 0, 0, 1980460, 1980460
2015, RAJASTHAN, 8, JODHPUR, 98, LUNI, 1308, SHIKARPURA, 39788, 1163204, Drinking water, 0, 0, 0, 0, 0, 0, 128845, 128845
2015, RAJASTHAN, 8, JODHPUR, 98, LUNI, 1308, SHIKARPURA, 39788, 1163204, Roads, 0, 0, 0, 0, 0, 0, 900000, 900000
2015, RAJASTHAN, 8, JODHPUR, 98, LUNI, 1308, SHIKARPURA, 39788, 1163204, Total, 0, 0, 0, 0, 0, 0, 1028845, 1028845
2015, RAJASTHAN, 8, JODHPUR, 98, LUNI, 1308, SUBDAND, 39789, 1167652, Drinking water, 0, 0, 0, 0, 0, 0, 1353519, 1353519
2015, RAJASTHAN, 8, JODHPUR, 98, LUNI, 1308, SUBDAND, 39789, 1167652, Sanitation, 0, 0, 0, 0, 0, 0, 1400000, 1400000
2015, RAJASTHAN, 8, JODHPUR, 98, LUNI, 1308, SUBDAND, 39789, 1167652, Total, 0, 0, 0, 0, 0, 0, 2753519, 2753519
2015, RAJASTHAN, 8, JODHPUR, 98, LUNI, 1308, kakani, 262432, 1162375, Education, 0, 0, 0, 0, 0, 0, 100000, 100000
2015, RAJASTHAN, 8, JODHPUR, 98, LUNI, 1308, kakani, 262432, 1162375, Sanitation, 0, 0, 0, 0, 0, 0, 1000000, 1000000
2015, RAJASTHAN, 8, JODHPUR, 98, LUNI, 1308, kakani, 262432, 1162375, Total, 0, 0, 0, 0, 0, 0, 1100000, 1100000
2015, RAJASTHAN, 8, JODHPUR, 98, LUNI, 1308, tanawara, 262440, 1162406, Sanitation, 0, 0, 0, 0, 0, 0, 540000, 540000
2015, RAJASTHAN, 8, JODHPUR, 98, LUNI, 1308, tanawara, 262440, 1162406, Total, 0, 0, 0, 0, 0, 0, 540000, 540000
2015, RAJASTHAN, 8, JODHPUR, 98, MANDOR, 1309, BANAR, 39791, 1165312, Health, 0, 0, 0, 0, 0, 0, 197598, 197598
2015, RAJASTHAN, 8, JODHPUR, 98, MANDOR, 1309, BANAR, 39791, 1165312, Sanitation, 0, 0, 0, 0, 0, 0, 1900000, 1900000
2015, RAJASTHAN, 8, JODHPUR, 98, MANDOR, 1309, BANAR, 39791, 1165312, Total, 0, 0, 0, 0, 0, 0, 2097598, 2097598
2015, RAJASTHAN, 8, JODHPUR, 98, MANDOR, 1309, BAWARLA, 39792, 1154145, Drinking water, 0, 0, 0, 0, 0, 0, 1432866, 1432866
2015, RAJASTHAN, 8, JODHPUR, 98, MANDOR, 1309, BAWARLA, 39792, 1154145, Total, 0, 0, 0, 0, 0, 0, 1432866, 1432866
2015, RAJASTHAN, 8, JODHPUR, 98, MANDOR, 1309, BERU, 39794, 1154135, Drinking water, 0, 0, 0, 0, 0, 0, 933512, 933512
2015, RAJASTHAN, 8, JODHPUR, 98, MANDOR, 1309, BERU, 39794, 1154135, Health, 0, 0, 0, 0, 0, 0, 321000, 321000
2015, RAJASTHAN, 8, JODHPUR, 98, MANDOR, 1309, BERU, 39794, 1154135, Sanitation, 0, 0, 0, 0, 0, 0, 354321, 354321
2015, RAJASTHAN, 8, JODHPUR, 98, MANDOR, 1309, BERU, 39794, 1154135, Total, 0, 0, 0, 0, 0, 0, 1608833, 1608833
2015, RAJASTHAN, 8, JODHPUR, 98, MANDOR, 1309, BISALPUR, 39795, 1161789, Drinking water, 0, 0, 0, 0, 0, 0, 843767, 843767
2015, RAJASTHAN, 8, JODHPUR, 98, MANDOR, 1309, BISALPUR, 39795, 1161789, Sanitation, 0, 0, 0, 0, 0, 0, 862767, 862767
2015, RAJASTHAN, 8, JODHPUR, 98, MANDOR, 1309, BISALPUR, 39795, 1161789, Total, 0, 0, 0, 0, 0, 0, 1706534, 1706534
2015, RAJASTHAN, 8, JODHPUR, 98, MANDOR, 1309, Barli, 262236, 1161539, Roads, 0, 0, 0, 0, 0, 0, 209000, 209000
2015, RAJASTHAN, 8, JODHPUR, 98, MANDOR, 1309, Barli, 262236, 1161539, Sanitation, 0, 0, 0, 0, 0, 0, 840059, 840059
2015, RAJASTHAN, 8, JODHPUR, 98, MANDOR, 1309, Barli, 262236, 1161539, Total, 0, 0, 0, 0, 0, 0, 1049059, 1049059
2015, RAJASTHAN, 8, JODHPUR, 98, MANDOR, 1309, CHOKHA, 39798, 1150760, Sanitation, 0, 0, 0, 0, 0, 0, 2185970, 2185970
2015, RAJASTHAN, 8, JODHPUR, 98, MANDOR, 1309, CHOKHA, 39798, 1150760, Total, 0, 0, 0, 0, 0, 0, 2185970, 2185970
2015, RAJASTHAN, 8, JODHPUR, 98, MANDOR, 1309, Chawanda, 262228, 1170258, Drinking water, 0, 0, 0, 0, 0, 0, 241000, 241000
2015, RAJASTHAN, 8, JODHPUR, 98, MANDOR, 1309, Chawanda, 262228, 1170258, Sanitation, 0, 0, 0, 0, 0, 0, 769445, 769445
2015, RAJASTHAN, 8, JODHPUR, 98, MANDOR, 1309, Chawanda, 262228, 1170258, Total, 0, 0, 0, 0, 0, 0, 1010445, 1010445
2015, RAJASTHAN, 8, JODHPUR, 98, MANDOR, 1309, DAIKARA, 39799, 1138918, Drinking water, 0, 0, 0, 0, 0, 0, 554000, 554000
2015, RAJASTHAN, 8, JODHPUR, 98, MANDOR, 1309, DAIKARA, 39799, 1138918, Sanitation, 0, 0, 0, 0, 0, 0, 701605, 701605
2015, RAJASTHAN, 8, JODHPUR, 98, MANDOR, 1309, DAIKARA, 39799, 1138918, Total, 0, 0, 0, 0, 0, 0, 1255605, 1255605
2015, RAJASTHAN, 8, JODHPUR, 98, MANDOR, 1309, DANGIYAWAS, 39800, 1184830, Sanitation, 0, 0, 0, 0, 0, 0, 1007075, 1007075
2015, RAJASTHAN, 8, JODHPUR, 98, MANDOR, 1309, DANGIYAWAS, 39800, 1184830, Total, 0, 0, 0, 0, 0, 0, 1007075, 1007075
2015, RAJASTHAN, 8, JODHPUR, 98, MANDOR, 1309, Daijar, 262346, 1154116, Drinking water, 0, 0, 0, 0, 0, 0, 100000, 100000
2015, RAJASTHAN, 8, JODHPUR, 98, MANDOR, 1309, Daijar, 262346, 1154116, Sanitation, 0, 0, 0, 0, 0, 0, 1104292, 1104292
2015, RAJASTHAN, 8, JODHPUR, 98, MANDOR, 1309, Daijar, 262346, 1154116, Total, 0, 0, 0, 0, 0, 0, 1204292, 1204292
2015, RAJASTHAN, 8, JODHPUR, 98, MANDOR, 1309, INDROKA, 39801, 1170316, Sanitation, 0, 0, 0, 0, 0, 0, 1295773, 1295773
2015, RAJASTHAN, 8, JODHPUR, 98, MANDOR, 1309, INDROKA, 39801, 1170316, Total, 0, 0, 0, 0, 0, 0, 1295773, 1295773
2015, RAJASTHAN, 8, JODHPUR, 98, MANDOR, 1309, INDROKA, 39801, 2463210, Health, 0, 0, 0, 0, 0, 0, 500000, 500000
2015, RAJASTHAN, 8, JODHPUR, 98, MANDOR, 1309, INDROKA, 39801, 2463210, Roads, 0, 0, 0, 0, 0, 0, 200000, 200000
2015, RAJASTHAN, 8, JODHPUR, 98, MANDOR, 1309, INDROKA, 39801, 2463210, Total, 0, 0, 0, 0, 0, 0, 700000, 700000
2015, RAJASTHAN, 8, JODHPUR, 98, MANDOR, 1309, JAJIWAL KALAN, 39802, 1159929, Drinking water, 0, 0, 0, 0, 0, 0, 1548709, 1548709
2015, RAJASTHAN, 8, JODHPUR, 98, MANDOR, 1309, JAJIWAL KALAN, 39802, 1159929, Total, 0, 0, 0, 0, 0, 0, 1548709, 1548709
2015, RAJASTHAN, 8, JODHPUR, 98, MANDOR, 1309, JALELI  FAUJDARA, 39803, 1184935, Drinking water, 0, 0, 0, 0, 0, 0, 1112033, 1112033
2015, RAJASTHAN, 8, JODHPUR, 98, MANDOR, 1309, JALELI  FAUJDARA, 39803, 1184935, Total, 0, 0, 0, 0, 0, 0, 1112033, 1112033
2015, RAJASTHAN, 8, JODHPUR, 98, MANDOR, 1309, JALELI DAIKARA, 259814, 1157872, Sanitation, 0, 0, 0, 0, 0, 0, 1050613, 1050613
2015, RAJASTHAN, 8, JODHPUR, 98, MANDOR, 1309, JALELI DAIKARA, 259814, 1157872, Total, 0, 0, 0, 0, 0, 0, 1050613, 1050613
2015, RAJASTHAN, 8, JODHPUR, 98, MANDOR, 1309, JOLIYALI, 39804, 1143057, Drinking water, 0, 0, 0, 0, 0, 0, 1481914, 1481914
2015, RAJASTHAN, 8, JODHPUR, 98, MANDOR, 1309, JOLIYALI, 39804, 1143057, Sanitation, 0, 0, 0, 0, 0, 0, 200000, 200000
2015, RAJASTHAN, 8, JODHPUR, 98, MANDOR, 1309, JOLIYALI, 39804, 1143057, Total, 0, 0, 0, 0, 0, 0, 1681914, 1681914
2015, RAJASTHAN, 8, JODHPUR, 98, MANDOR, 1309, Jajiwal Gehlota, 262340, 1150306, Sanitation, 0, 0, 0, 0, 0, 0, 1160494, 1160494
2015, RAJASTHAN, 8, JODHPUR, 98, MANDOR, 1309, Jajiwal Gehlota, 262340, 1150306, Total, 0, 0, 0, 0, 0, 0, 1160494, 1160494
2015, RAJASTHAN, 8, JODHPUR, 98, MANDOR, 1309, KARWAR, 39805, 1138959, Drinking water, 0, 0, 0, 0, 0, 0, 255672, 255672
2015, RAJASTHAN, 8, JODHPUR, 98, MANDOR, 1309, KARWAR, 39805, 1138959, Sanitation, 0, 0, 0, 0, 0, 0, 1200000, 1200000
2015, RAJASTHAN, 8, JODHPUR, 98, MANDOR, 1309, KARWAR, 39805, 1138959, Total, 0, 0, 0, 0, 0, 0, 1455672, 1455672
2015, RAJASTHAN, 8, JODHPUR, 98, MANDOR, 1309, KEROO, 39806, 1158704, Drinking water, 0, 0, 0, 0, 0, 0, 1317926, 1317926
2015, RAJASTHAN, 8, JODHPUR, 98, MANDOR, 1309, KEROO, 39806, 1158704, Sanitation, 0, 0, 0, 0, 0, 0, 1150005, 1150005
2015, RAJASTHAN, 8, JODHPUR, 98, MANDOR, 1309, KEROO, 39806, 1158704, Total, 0, 0, 0, 0, 0, 0, 2467931, 2467931
2015, RAJASTHAN, 8, JODHPUR, 98, MANDOR, 1309, KHATIYASANI, 39807, 1172749, Sanitation, 0, 0, 0, 0, 0, 0, 1331277, 1331277
2015, RAJASTHAN, 8, JODHPUR, 98, MANDOR, 1309, KHATIYASANI, 39807, 1172749, Total, 0, 0, 0, 0, 0, 0, 1331277, 1331277
2015, RAJASTHAN, 8, JODHPUR, 98, MANDOR, 1309, Khokhariya, 262344, 1152264, Sanitation, 0, 0, 0, 0, 0, 0, 1255864, 1255864
2015, RAJASTHAN, 8, JODHPUR, 98, MANDOR, 1309, Khokhariya, 262344, 1152264, Total, 0, 0, 0, 0, 0, 0, 1255864, 1255864
2015, RAJASTHAN, 8, JODHPUR, 98, MANDOR, 1309, LORDI DAIJAGARA, 39808, 1157795, Drinking water, 0, 0, 0, 0, 0, 0, 1368337, 1368337
2015, RAJASTHAN, 8, JODHPUR, 98, MANDOR, 1309, LORDI DAIJAGARA, 39808, 1157795, Total, 0, 0, 0, 0, 0, 0, 1368337, 1368337
2015, RAJASTHAN, 8, JODHPUR, 98, MANDOR, 1309, LORDI PANDIT JI, 39809, 1142193, Sanitation, 0, 0, 0, 0, 0, 0, 2199705, 2199705
2015, RAJASTHAN, 8, JODHPUR, 98, MANDOR, 1309, LORDI PANDIT JI, 39809, 1142193, Total, 0, 0, 0, 0, 0, 0, 2199705, 2199705
2015, RAJASTHAN, 8, JODHPUR, 98, MANDOR, 1309, MANAKLAO, 39810, 1150503, Roads, 0, 0, 0, 0, 0, 0, 411289, 411289
2015, RAJASTHAN, 8, JODHPUR, 98, MANDOR, 1309, MANAKLAO, 39810, 1150503, Sanitation, 0, 0, 0, 0, 0, 0, 800000, 800000
2015, RAJASTHAN, 8, JODHPUR, 98, MANDOR, 1309, MANAKLAO, 39810, 1150503, Total, 0, 0, 0, 0, 0, 0, 1211289, 1211289
2015, RAJASTHAN, 8, JODHPUR, 98, MANDOR, 1309, Mahadev Nagar Undera, 262309, 1144104, Drinking water, 0, 0, 0, 0, 0, 0, 817633, 817633
2015, RAJASTHAN, 8, JODHPUR, 98, MANDOR, 1309, Mahadev Nagar Undera, 262309, 1144104, Total, 0, 0, 0, 0, 0, 0, 817633, 817633
2015, RAJASTHAN, 8, JODHPUR, 98, MANDOR, 1309, NANDRA KALAN, 39811, 1154164, Drinking water, 0, 0, 0, 0, 0, 0, 1000000, 1000000
2015, RAJASTHAN, 8, JODHPUR, 98, MANDOR, 1309, NANDRA KALAN, 39811, 1154164, Sanitation, 0, 0, 0, 0, 0, 0, 682173, 682173
2015, RAJASTHAN, 8, JODHPUR, 98, MANDOR, 1309, NANDRA KALAN, 39811, 1154164, Total, 0, 0, 0, 0, 0, 0, 1682173, 1682173
2015, RAJASTHAN, 8, JODHPUR, 98, MANDOR, 1309, NARWA KHICHIYA, 39812, 1155485, Drinking water, 0, 0, 0, 0, 0, 0, 1159458, 1159458
2015, RAJASTHAN, 8, JODHPUR, 98, MANDOR, 1309, NARWA KHICHIYA, 39812, 1155485, Total, 0, 0, 0, 0, 0, 0, 1159458, 1159458
2015, RAJASTHAN, 8, JODHPUR, 98, MANDOR, 1309, Nandri, 262342, 1154748, Drinking water, 0, 0, 0, 0, 0, 0, 1402000, 1402000
2015, RAJASTHAN, 8, JODHPUR, 98, MANDOR, 1309, Nandri, 262342, 1154748, Sanitation, 0, 0, 0, 0, 0, 0, 3995415, 3995415
2015, RAJASTHAN, 8, JODHPUR, 98, MANDOR, 1309, Nandri, 262342, 1154748, Total, 0, 0, 0, 0, 0, 0, 5397415, 5397415
2015, RAJASTHAN, 8, JODHPUR, 98, MANDOR, 1309, PEETHAWAS, 39813, 1157835, Drinking water, 0, 0, 0, 0, 0, 0, 946774, 946774
2015, RAJASTHAN, 8, JODHPUR, 98, MANDOR, 1309, PEETHAWAS, 39813, 1157835, Sanitation, 0, 0, 0, 0, 0, 0, 882081, 882081
2015, RAJASTHAN, 8, JODHPUR, 98, MANDOR, 1309, PEETHAWAS, 39813, 1157835, Total, 0, 0, 0, 0, 0, 0, 1828855, 1828855
2015, RAJASTHAN, 8, JODHPUR, 98, MANDOR, 1309, POPAWAS, 39814, 1165692, Drinking water, 0, 0, 0, 0, 0, 0, 1050306, 1050306
2015, RAJASTHAN, 8, JODHPUR, 98, MANDOR, 1309, POPAWAS, 39814, 1165692, Sanitation, 0, 0, 0, 0, 0, 0, 1039000, 1039000
2015, RAJASTHAN, 8, JODHPUR, 98, MANDOR, 1309, POPAWAS, 39814, 1165692, Total, 0, 0, 0, 0, 0, 0, 2089306, 2089306
2015, RAJASTHAN, 8, JODHPUR, 98, MANDOR, 1309, Palri Mangliya, 262348, 1149610, Sanitation, 0, 0, 0, 0, 0, 0, 1157904, 1157904
2015, RAJASTHAN, 8, JODHPUR, 98, MANDOR, 1309, Palri Mangliya, 262348, 1149610, Total, 0, 0, 0, 0, 0, 0, 1157904, 1157904
2015, RAJASTHAN, 8, JODHPUR, 98, MANDOR, 1309, ROHILAKALAN, 39815, 1162859, Drinking water, 0, 0, 0, 0, 0, 0, 350000, 350000
2015, RAJASTHAN, 8, JODHPUR, 98, MANDOR, 1309, ROHILAKALAN, 39815, 1162859, Sanitation, 0, 0, 0, 0, 0, 0, 1202596, 1202596
2015, RAJASTHAN, 8, JODHPUR, 98, MANDOR, 1309, ROHILAKALAN, 39815, 1162859, Total, 0, 0, 0, 0, 0, 0, 1552596, 1552596
2015, RAJASTHAN, 8, JODHPUR, 98, MANDOR, 1309, SALORI, 262247, 1170249, Maintenance of community system, 0, 0, 0, 0, 0, 0, 100000, 100000
2015, RAJASTHAN, 8, JODHPUR, 98, MANDOR, 1309, SALORI, 262247, 1170249, Sanitation, 0, 0, 0, 0, 0, 0, 935323, 935323
2015, RAJASTHAN, 8, JODHPUR, 98, MANDOR, 1309, SALORI, 262247, 1170249, Total, 0, 0, 0, 0, 0, 0, 1035323, 1035323
2015, RAJASTHAN, 8, JODHPUR, 98, MANDOR, 1309, SALWAKALAN, 39816, 1150858, Drinking water, 0, 0, 0, 0, 0, 0, 1128999, 1128999
2015, RAJASTHAN, 8, JODHPUR, 98, MANDOR, 1309, SALWAKALAN, 39816, 1150858, Sanitation, 0, 0, 0, 0, 0, 0, 803000, 803000
2015, RAJASTHAN, 8, JODHPUR, 98, MANDOR, 1309, SALWAKALAN, 39816, 1150858, Total, 0, 0, 0, 0, 0, 0, 1931999, 1931999
2015, RAJASTHAN, 8, JODHPUR, 98, MANDOR, 1309, SURPURA, 39817, 1144203, Drinking water, 0, 0, 0, 0, 0, 0, 900000, 900000
2015, RAJASTHAN, 8, JODHPUR, 98, MANDOR, 1309, SURPURA, 39817, 1144203, Roads, 0, 0, 0, 0, 0, 0, 308180, 308180
2015, RAJASTHAN, 8, JODHPUR, 98, MANDOR, 1309, SURPURA, 39817, 1144203, Total, 0, 0, 0, 0, 0, 0, 1208180, 1208180
2015, RAJASTHAN, 8, JODHPUR, 98, MANDOR, 1309, bambor darjiyan, 262225, 1150397, Drinking water, 0, 0, 0, 0, 0, 0, 910000, 910000
2015, RAJASTHAN, 8, JODHPUR, 98, MANDOR, 1309, bambor darjiyan, 262225, 1150397, Sanitation, 0, 0, 0, 0, 0, 0, 157977, 157977
2015, RAJASTHAN, 8, JODHPUR, 98, MANDOR, 1309, bambor darjiyan, 262225, 1150397, Total, 0, 0, 0, 0, 0, 0, 1067977, 1067977
2015, RAJASTHAN, 8, JODHPUR, 98, OSIAN, 1310, BAITHWASIYAN, 39827, 1136801, Administrative & Technical Support, 0, 0, 0, 0, 0, 0, 1474471, 1474471
2015, RAJASTHAN, 8, JODHPUR, 98, OSIAN, 1310, BAITHWASIYAN, 39827, 1136801, Drinking water, 0, 0, 0, 0, 0, 0, 99634, 99634
2015, RAJASTHAN, 8, JODHPUR, 98, OSIAN, 1310, BAITHWASIYAN, 39827, 1136801, Total, 0, 0, 0, 0, 0, 0, 1574105, 1574105
2015, RAJASTHAN, 8, JODHPUR, 98, OSIAN, 1310, BARA KHURD, 39823, 1143748, Drinking water, 0, 0, 0, 0, 0, 0, 1587841, 1587841
2015, RAJASTHAN, 8, JODHPUR, 98, OSIAN, 1310, BARA KHURD, 39823, 1143748, Total, 0, 0, 0, 0, 0, 0, 1587841, 1587841
2015, RAJASTHAN, 8, JODHPUR, 98, OSIAN, 1310, BARASALOO KALAN, 262493, 1144912, Administrative & Technical Support, 0, 0, 0, 0, 0, 0, 46514, 46514
2015, RAJASTHAN, 8, JODHPUR, 98, OSIAN, 1310, BARASALOO KALAN, 262493, 1144912, Drinking water, 0, 0, 0, 0, 0, 0, 876336, 876336
2015, RAJASTHAN, 8, JODHPUR, 98, OSIAN, 1310, BARASALOO KALAN, 262493, 1144912, Total, 0, 0, 0, 0, 0, 0, 922850, 922850
2015, RAJASTHAN, 8, JODHPUR, 98, OSIAN, 1310, BERDON KA BAS, 39826, 1155478, Administrative & Technical Support, 0, 0, 0, 0, 0, 0, 19000, 19000
2015, RAJASTHAN, 8, JODHPUR, 98, OSIAN, 1310, BERDON KA BAS, 39826, 1155478, Drinking water, 0, 0, 0, 0, 0, 0, 883636, 883636
2015, RAJASTHAN, 8, JODHPUR, 98, OSIAN, 1310, BERDON KA BAS, 39826, 1155478, Total, 0, 0, 0, 0, 0, 0, 902636, 902636
2015, RAJASTHAN, 8, JODHPUR, 98, OSIAN, 1310, BHAIRU SAGAR, 262560, 1143587, Administrative & Technical Support, 0, 0, 0, 0, 0, 0, 1334973, 1334973
2015, RAJASTHAN, 8, JODHPUR, 98, OSIAN, 1310, BHAIRU SAGAR, 262560, 1143587, Drinking water, 0, 0, 0, 0, 0, 0, 65758, 65758
2015, RAJASTHAN, 8, JODHPUR, 98, OSIAN, 1310, BHAIRU SAGAR, 262560, 1143587, Total, 0, 0, 0, 0, 0, 0, 1400731, 1400731
2015, RAJASTHAN, 8, JODHPUR, 98, OSIAN, 1310, BHER, 39829, 1171703, Administrative & Technical Support, 0, 0, 0, 0, 0, 0, 83720, 83720
2015, RAJASTHAN, 8, JODHPUR, 98, OSIAN, 1310, BHER, 39829, 1171703, Drinking water, 0, 0, 0, 0, 0, 0, 1522003, 1522003
2015, RAJASTHAN, 8, JODHPUR, 98, OSIAN, 1310, BHER, 39829, 1171703, Total, 0, 0, 0, 0, 0, 0, 1605723, 1605723
2015, RAJASTHAN, 8, JODHPUR, 98, OSIAN, 1310, BHIMSAGAR, 39832, 1171711, Administrative & Technical Support, 0, 0, 0, 0, 0, 0, 158237, 158237
2015, RAJASTHAN, 8, JODHPUR, 98, OSIAN, 1310, BHIMSAGAR, 39832, 1171711, Drinking water, 0, 0, 0, 0, 0, 0, 1214953, 1214953
2015, RAJASTHAN, 8, JODHPUR, 98, OSIAN, 1310, BHIMSAGAR, 39832, 1171711, Total, 0, 0, 0, 0, 0, 0, 1373190, 1373190
2015, RAJASTHAN, 8, JODHPUR, 98, OSIAN, 1310, Bhakhari, 262480, 1152644, Administrative & Technical Support, 0, 0, 0, 0, 0, 0, 52037, 52037
2015, RAJASTHAN, 8, JODHPUR, 98, OSIAN, 1310, Bhakhari, 262480, 1152644, Drinking water, 0, 0, 0, 0, 0, 0, 980176, 980176
2015, RAJASTHAN, 8, JODHPUR, 98, OSIAN, 1310, Bhakhari, 262480, 1152644, Total, 0, 0, 0, 0, 0, 0, 1032213, 1032213
2015, RAJASTHAN, 8, JODHPUR, 98, OSIAN, 1310, CHANDRAKH, 39837, 1153652, Drinking water, 0, 0, 0, 0, 0, 0, 1196784, 1196784
2015, RAJASTHAN, 8, JODHPUR, 98, OSIAN, 1310, CHANDRAKH, 39837, 1153652, Total, 0, 0, 0, 0, 0, 0, 1196784, 1196784
2015, RAJASTHAN, 8, JODHPUR, 98, OSIAN, 1310, Dabari, 262487, 1172307, Administrative & Technical Support, 0, 0, 0, 0, 0, 0, 72680, 72680
2015, RAJASTHAN, 8, JODHPUR, 98, OSIAN, 1310, Dabari, 262487, 1172307, Drinking water, 0, 0, 0, 0, 0, 0, 2006678, 2006678
2015, RAJASTHAN, 8, JODHPUR, 98, OSIAN, 1310, Dabari, 262487, 1172307, Total, 0, 0, 0, 0, 0, 0, 2079358, 2079358
2015, RAJASTHAN, 8, JODHPUR, 98, OSIAN, 1310, Dhunariyan, 262500, 1153611, Drinking water, 0, 0, 0, 0, 0, 0, 1045366, 1045366
2015, RAJASTHAN, 8, JODHPUR, 98, OSIAN, 1310, Dhunariyan, 262500, 1153611, Total, 0, 0, 0, 0, 0, 0, 1045366, 1045366
2015, RAJASTHAN, 8, JODHPUR, 98, OSIAN, 1310, EKALKHORI, 39842, 1154557, Drinking water, 0, 0, 0, 0, 0, 0, 1592765, 1592765
2015, RAJASTHAN, 8, JODHPUR, 98, OSIAN, 1310, EKALKHORI, 39842, 1154557, Total, 0, 0, 0, 0, 0, 0, 1592765, 1592765
2015, RAJASTHAN, 8, JODHPUR, 98, OSIAN, 1310, Gingala, 262537, 1153969, Drinking water, 0, 0, 0, 0, 0, 0, 1005511, 1005511
2015, RAJASTHAN, 8, JODHPUR, 98, OSIAN, 1310, Gingala, 262537, 1153969, Total, 0, 0, 0, 0, 0, 0, 1005511, 1005511
2015, RAJASTHAN, 8, JODHPUR, 98, OSIAN, 1310, HARLAYA, 262486, 1171241, Administrative & Technical Support, 0, 0, 0, 0, 0, 0, 81100, 81100
2015, RAJASTHAN, 8, JODHPUR, 98, OSIAN, 1310, HARLAYA, 262486, 1171241, Drinking water, 0, 0, 0, 0, 0, 0, 917164, 917164
2015, RAJASTHAN, 8, JODHPUR, 98, OSIAN, 1310, HARLAYA, 262486, 1171241, Total, 0, 0, 0, 0, 0, 0, 998264, 998264
2015, RAJASTHAN, 8, JODHPUR, 98, OSIAN, 1310, KHABRA KHURD, 39853, 1141265, Drinking water, 0, 0, 0, 0, 0, 0, 1516832, 1516832
2015, RAJASTHAN, 8, JODHPUR, 98, OSIAN, 1310, KHABRA KHURD, 39853, 1141265, Total, 0, 0, 0, 0, 0, 0, 1516832, 1516832
2015, RAJASTHAN, 8, JODHPUR, 98, OSIAN, 1310, KHETASAR, 39856, 1164081, Administrative & Technical Support, 0, 0, 0, 0, 0, 0, 1185317, 1185317
2015, RAJASTHAN, 8, JODHPUR, 98, OSIAN, 1310, KHETASAR, 39856, 1164081, Drinking water, 0, 0, 0, 0, 0, 0, 118750, 118750
2015, RAJASTHAN, 8, JODHPUR, 98, OSIAN, 1310, KHETASAR, 39856, 1164081, Total, 0, 0, 0, 0, 0, 0, 1304067, 1304067
2015, RAJASTHAN, 8, JODHPUR, 98, OSIAN, 1310, KHINDAKOR, 39857, 1104835, Drinking water, 0, 0, 0, 0, 0, 0, 1014078, 1014078
2015, RAJASTHAN, 8, JODHPUR, 98, OSIAN, 1310, KHINDAKOR, 39857, 1104835, Sanitation, 0, 0, 0, 0, 0, 0, 170000, 170000
2015, RAJASTHAN, 8, JODHPUR, 98, OSIAN, 1310, KHINDAKOR, 39857, 1104835, Total, 0, 0, 0, 0, 0, 0, 1184078, 1184078
2015, RAJASTHAN, 8, JODHPUR, 98, OSIAN, 1310, KINJARI, 39858, 1144658, Drinking water, 0, 0, 0, 0, 0, 0, 1208956, 1208956
2015, RAJASTHAN, 8, JODHPUR, 98, OSIAN, 1310, KINJARI, 39858, 1144658, Total, 0, 0, 0, 0, 0, 0, 1208956, 1208956
2015, RAJASTHAN, 8, JODHPUR, 98, OSIAN, 1310, Kharda Maiwasa, 39854, 1156282, Administrative & Technical Support, 0, 0, 0, 0, 0, 0, 960416, 960416
2015, RAJASTHAN, 8, JODHPUR, 98, OSIAN, 1310, Kharda Maiwasa, 39854, 1156282, Drinking water, 0, 0, 0, 0, 0, 0, 120000, 120000
2015, RAJASTHAN, 8, JODHPUR, 98, OSIAN, 1310, Kharda Maiwasa, 39854, 1156282, Total, 0, 0, 0, 0, 0, 0, 1080416, 1080416
2015, RAJASTHAN, 8, JODHPUR, 98, OSIAN, 1310, NEVRA ROAD, 39868, 1144461, Administrative & Technical Support, 0, 0, 0, 0, 0, 0, 200045, 200045
2015, RAJASTHAN, 8, JODHPUR, 98, OSIAN, 1310, NEVRA ROAD, 39868, 1144461, Drinking water, 0, 0, 0, 0, 0, 0, 1945070, 1945070
2015, RAJASTHAN, 8, JODHPUR, 98, OSIAN, 1310, NEVRA ROAD, 39868, 1144461, Total, 0, 0, 0, 0, 0, 0, 2145115, 2145115
2015, RAJASTHAN, 8, JODHPUR, 98, OSIAN, 1310, NEVRA, 39867, 1143859, Administrative & Technical Support, 0, 0, 0, 0, 0, 0, 73200, 73200
2015, RAJASTHAN, 8, JODHPUR, 98, OSIAN, 1310, NEVRA, 39867, 1143859, Drinking water, 0, 0, 0, 0, 0, 0, 1780490, 1780490
2015, RAJASTHAN, 8, JODHPUR, 98, OSIAN, 1310, NEVRA, 39867, 1143859, Total, 0, 0, 0, 0, 0, 0, 1853690, 1853690
2015, RAJASTHAN, 8, JODHPUR, 98, OSIAN, 1310, OSIAN, 39871, 1158679, Administrative & Technical Support, 0, 0, 0, 0, 0, 0, 165000, 165000
2015, RAJASTHAN, 8, JODHPUR, 98, OSIAN, 1310, OSIAN, 39871, 1158679, Drinking water, 0, 0, 0, 0, 0, 0, 1019330, 1019330
2015, RAJASTHAN, 8, JODHPUR, 98, OSIAN, 1310, OSIAN, 39871, 1158679, Roads, 0, 0, 0, 0, 0, 0, 3476534, 3476534
2015, RAJASTHAN, 8, JODHPUR, 98, OSIAN, 1310, OSIAN, 39871, 1158679, Total, 0, 0, 0, 0, 0, 0, 4660864, 4660864
2015, RAJASTHAN, 8, JODHPUR, 98, OSIAN, 1310, Pandit Ji ki Dhani, 262496, 1146563, Drinking water, 0, 0, 0, 0, 0, 0, 1226320, 1226320
2015, RAJASTHAN, 8, JODHPUR, 98, OSIAN, 1310, Pandit Ji ki Dhani, 262496, 1146563, Total, 0, 0, 0, 0, 0, 0, 1226320, 1226320
2015, RAJASTHAN, 8, JODHPUR, 98, OSIAN, 1310, Ramnagar, 262509, 1173413, Drinking water, 0, 0, 0, 0, 0, 0, 1290000, 1290000
2015, RAJASTHAN, 8, JODHPUR, 98, OSIAN, 1310, Ramnagar, 262509, 1173413, Total, 0, 0, 0, 0, 0, 0, 1290000, 1290000
2015, RAJASTHAN, 8, JODHPUR, 98, OSIAN, 1310, SAMRAU, 39878, 1172664, Administrative & Technical Support, 0, 0, 0, 0, 0, 0, 85000, 85000
2015, RAJASTHAN, 8, JODHPUR, 98, OSIAN, 1310, SAMRAU, 39878, 1172664, Drinking water, 0, 0, 0, 0, 0, 0, 1006819, 1006819
2015, RAJASTHAN, 8, JODHPUR, 98, OSIAN, 1310, SAMRAU, 39878, 1172664, Total, 0, 0, 0, 0, 0, 0, 1091819, 1091819
2015, RAJASTHAN, 8, JODHPUR, 98, OSIAN, 1310, Saran Nagar, 262485, 1156069, Drinking water, 0, 0, 0, 0, 0, 0, 1010963, 1010963
2015, RAJASTHAN, 8, JODHPUR, 98, OSIAN, 1310, Saran Nagar, 262485, 1156069, Total, 0, 0, 0, 0, 0, 0, 1010963, 1010963
2015, RAJASTHAN, 8, JODHPUR, 98, OSIAN, 1310, Sirmandi, 262505, 1172757, Administrative & Technical Support, 0, 0, 0, 0, 0, 0, 50000, 50000
2015, RAJASTHAN, 8, JODHPUR, 98, OSIAN, 1310, Sirmandi, 262505, 1172757, Drinking water, 0, 0, 0, 0, 0, 0, 914247, 914247
2015, RAJASTHAN, 8, JODHPUR, 98, OSIAN, 1310, Sirmandi, 262505, 1172757, Total, 0, 0, 0, 0, 0, 0, 964247, 964247
2015, RAJASTHAN, 8, JODHPUR, 98, OSIAN, 1310, TAPOO, 39881, 1144154, Administrative & Technical Support, 0, 0, 0, 0, 0, 0, 66694, 66694
2015, RAJASTHAN, 8, JODHPUR, 98, OSIAN, 1310, TAPOO, 39881, 1144154, Drinking water, 0, 0, 0, 0, 0, 0, 772097, 772097
2015, RAJASTHAN, 8, JODHPUR, 98, OSIAN, 1310, TAPOO, 39881, 1144154, Roads, 0, 0, 0, 0, 0, 0, 231000, 231000
2015, RAJASTHAN, 8, JODHPUR, 98, OSIAN, 1310, TAPOO, 39881, 1144154, Total, 0, 0, 0, 0, 0, 0, 1069791, 1069791
2015, RAJASTHAN, 8, JODHPUR, 98, OSIAN, 1310, THOB, 39882, 1153579, Drinking water, 0, 0, 0, 0, 0, 0, 1568663, 1568663
2015, RAJASTHAN, 8, JODHPUR, 98, OSIAN, 1310, THOB, 39882, 1153579, Total, 0, 0, 0, 0, 0, 0, 1568663, 1568663
2015, RAJASTHAN, 8, JODHPUR, 98, PEEPAD SAHAR, 262755, BARA KALAN, 39673, 1191833, Drinking water, 0, 0, 0, 0, 0, 0, 384000, 384000
2015, RAJASTHAN, 8, JODHPUR, 98, PEEPAD SAHAR, 262755, BARA KALAN, 39673, 1191833, Total, 0, 0, 0, 0, 0, 0, 384000, 384000
2015, RAJASTHAN, 8, JODHPUR, 98, PEEPAD SAHAR, 262755, BHUNDANA, 39677, 1173459, Roads, 0, 0, 0, 0, 0, 0, 934000, 934000
2015, RAJASTHAN, 8, JODHPUR, 98, PEEPAD SAHAR, 262755, BHUNDANA, 39677, 1173459, Total, 0, 0, 0, 0, 0, 0, 934000, 934000
2015, RAJASTHAN, 8, JODHPUR, 98, PEEPAD SAHAR, 262755, BOROONDA, 39714, 1168733, Roads, 0, 0, 0, 0, 0, 0, 4220615, 4220615
2015, RAJASTHAN, 8, JODHPUR, 98, PEEPAD SAHAR, 262755, BOROONDA, 39714, 1168733, Sanitation, 0, 0, 0, 0, 0, 0, 51330, 51330
2015, RAJASTHAN, 8, JODHPUR, 98, PEEPAD SAHAR, 262755, BOROONDA, 39714, 1168733, Total, 0, 0, 0, 0, 0, 0, 4271945, 4271945
2015, RAJASTHAN, 8, JODHPUR, 98, PEEPAD SAHAR, 262755, BOYAL, 39715, 1393287, Roads, 0, 0, 0, 0, 0, 0, 1249491, 1249491
2015, RAJASTHAN, 8, JODHPUR, 98, PEEPAD SAHAR, 262755, BOYAL, 39715, 1393287, Total, 0, 0, 0, 0, 0, 0, 1249491, 1249491
2015, RAJASTHAN, 8, JODHPUR, 98, PEEPAD SAHAR, 262755, BUCHKALA, 39716, 1169980, Drinking water, 0, 0, 0, 0, 0, 0, 688755, 688755
2015, RAJASTHAN, 8, JODHPUR, 98, PEEPAD SAHAR, 262755, BUCHKALA, 39716, 1169980, Roads, 0, 0, 0, 0, 0, 0, 254363, 254363
2015, RAJASTHAN, 8, JODHPUR, 98, PEEPAD SAHAR, 262755, BUCHKALA, 39716, 1169980, Total, 0, 0, 0, 0, 0, 0, 943118, 943118
2015, RAJASTHAN, 8, JODHPUR, 98, PEEPAD SAHAR, 262755, CHAUKRI KALAN, 39680, 1192103, Roads, 0, 0, 0, 0, 0, 0, 500000, 500000
2015, RAJASTHAN, 8, JODHPUR, 98, PEEPAD SAHAR, 262755, CHAUKRI KALAN, 39680, 1192103, Total, 0, 0, 0, 0, 0, 0, 500000, 500000
2015, RAJASTHAN, 8, JODHPUR, 98, PEEPAD SAHAR, 262755, CHIRDHANI, 39718, 1192418, Drinking water, 0, 0, 0, 0, 0, 0, 355291, 355291
2015, RAJASTHAN, 8, JODHPUR, 98, PEEPAD SAHAR, 262755, CHIRDHANI, 39718, 1192418, Roads, 0, 0, 0, 0, 0, 0, 374388, 374388
2015, RAJASTHAN, 8, JODHPUR, 98, PEEPAD SAHAR, 262755, CHIRDHANI, 39718, 1192418, Total, 0, 0, 0, 0, 0, 0, 729679, 729679
2015, RAJASTHAN, 8, JODHPUR, 98, PEEPAD SAHAR, 262755, CHODHA, 39719, 1210346, Drinking water, 0, 0, 0, 0, 0, 0, 180331, 180331
2015, RAJASTHAN, 8, JODHPUR, 98, PEEPAD SAHAR, 262755, CHODHA, 39719, 1210346, Roads, 0, 0, 0, 0, 0, 0, 476277, 476277
2015, RAJASTHAN, 8, JODHPUR, 98, PEEPAD SAHAR, 262755, CHODHA, 39719, 1210346, Total, 0, 0, 0, 0, 0, 0, 656608, 656608
2015, RAJASTHAN, 8, JODHPUR, 98, PEEPAD SAHAR, 262755, KHANGATA, 39686, 1225736, Sanitation, 0, 0, 0, 0, 0, 0, 230882, 230882
2015, RAJASTHAN, 8, JODHPUR, 98, PEEPAD SAHAR, 262755, KHANGATA, 39686, 1225736, Total, 0, 0, 0, 0, 0, 0, 230882, 230882
2015, RAJASTHAN, 8, JODHPUR, 98, PEEPAD SAHAR, 262755, KHARIYA KHANGAR, 39687, 1190484, Drinking water, 0, 0, 0, 0, 0, 0, 318370, 318370
2015, RAJASTHAN, 8, JODHPUR, 98, PEEPAD SAHAR, 262755, KHARIYA KHANGAR, 39687, 1190484, Roads, 0, 0, 0, 0, 0, 0, 471531, 471531
2015, RAJASTHAN, 8, JODHPUR, 98, PEEPAD SAHAR, 262755, KHARIYA KHANGAR, 39687, 1190484, Sanitation, 0, 0, 0, 0, 0, 0, 750126, 750126
2015, RAJASTHAN, 8, JODHPUR, 98, PEEPAD SAHAR, 262755, KHARIYA KHANGAR, 39687, 1190484, Total, 0, 0, 0, 0, 0, 0, 1540027, 1540027
2015, RAJASTHAN, 8, JODHPUR, 98, PEEPAD SAHAR, 262755, KHWASPURA, 39689, 1395413, Drinking water, 0, 0, 0, 0, 0, 0, 380000, 380000
2015, RAJASTHAN, 8, JODHPUR, 98, PEEPAD SAHAR, 262755, KHWASPURA, 39689, 1395413, Roads, 0, 0, 0, 0, 0, 0, 900000, 900000
2015, RAJASTHAN, 8, JODHPUR, 98, PEEPAD SAHAR, 262755, KHWASPURA, 39689, 1395413, Total, 0, 0, 0, 0, 0, 0, 1280000, 1280000
2015, RAJASTHAN, 8, JODHPUR, 98, PEEPAD SAHAR, 262755, KOSANA, 39691, 1175371, Roads, 0, 0, 0, 0, 0, 0, 774981, 774981
2015, RAJASTHAN, 8, JODHPUR, 98, PEEPAD SAHAR, 262755, KOSANA, 39691, 1175371, Sanitation, 0, 0, 0, 0, 0, 0, 997981, 997981
2015, RAJASTHAN, 8, JODHPUR, 98, PEEPAD SAHAR, 262755, KOSANA, 39691, 1175371, Total, 0, 0, 0, 0, 0, 0, 1772962, 1772962
2015, RAJASTHAN, 8, JODHPUR, 98, PEEPAD SAHAR, 262755, KUR, 39690, 1172275, Drinking water, 0, 0, 0, 0, 0, 0, 212280, 212280
2015, RAJASTHAN, 8, JODHPUR, 98, PEEPAD SAHAR, 262755, KUR, 39690, 1172275, Roads, 0, 0, 0, 0, 0, 0, 855290, 855290
2015, RAJASTHAN, 8, JODHPUR, 98, PEEPAD SAHAR, 262755, KUR, 39690, 1172275, Sanitation, 0, 0, 0, 0, 0, 0, 42236, 42236
2015, RAJASTHAN, 8, JODHPUR, 98, PEEPAD SAHAR, 262755, KUR, 39690, 1172275, Total, 0, 0, 0, 0, 0, 0, 1109806, 1109806
2015, RAJASTHAN, 8, JODHPUR, 98, PEEPAD SAHAR, 262755, MADLIYA, 39730, 1227292, Roads, 0, 0, 0, 0, 0, 0, 502494, 502494
2015, RAJASTHAN, 8, JODHPUR, 98, PEEPAD SAHAR, 262755, MADLIYA, 39730, 1227292, Total, 0, 0, 0, 0, 0, 0, 502494, 502494
2015, RAJASTHAN, 8, JODHPUR, 98, PEEPAD SAHAR, 262755, MALAR, 39693, 1175468, Roads, 0, 0, 0, 0, 0, 0, 1078000, 1078000
2015, RAJASTHAN, 8, JODHPUR, 98, PEEPAD SAHAR, 262755, MALAR, 39693, 1175468, Sanitation, 0, 0, 0, 0, 0, 0, 191000, 191000
2015, RAJASTHAN, 8, JODHPUR, 98, PEEPAD SAHAR, 262755, MALAR, 39693, 1175468, Total, 0, 0, 0, 0, 0, 0, 1269000, 1269000
2015, RAJASTHAN, 8, JODHPUR, 98, PEEPAD SAHAR, 262755, MALAWAS, 39731, 1213158, Drinking water, 0, 0, 0, 0, 0, 0, 98574, 98574
2015, RAJASTHAN, 8, JODHPUR, 98, PEEPAD SAHAR, 262755, MALAWAS, 39731, 1213158, Roads, 0, 0, 0, 0, 0, 0, 249642, 249642
2015, RAJASTHAN, 8, JODHPUR, 98, PEEPAD SAHAR, 262755, MALAWAS, 39731, 1213158, Total, 0, 0, 0, 0, 0, 0, 348216, 348216
2015, RAJASTHAN, 8, JODHPUR, 98, PEEPAD SAHAR, 262755, NANAN, 39733, 1173281, Drinking water, 0, 0, 0, 0, 0, 0, 76270, 76270
2015, RAJASTHAN, 8, JODHPUR, 98, PEEPAD SAHAR, 262755, NANAN, 39733, 1173281, Education, 0, 0, 0, 0, 0, 0, 49900, 49900
2015, RAJASTHAN, 8, JODHPUR, 98, PEEPAD SAHAR, 262755, NANAN, 39733, 1173281, Roads, 0, 0, 0, 0, 0, 0, 1306087, 1306087
2015, RAJASTHAN, 8, JODHPUR, 98, PEEPAD SAHAR, 262755, NANAN, 39733, 1173281, Total, 0, 0, 0, 0, 0, 0, 1432257, 1432257
2015, RAJASTHAN, 8, JODHPUR, 98, PEEPAD SAHAR, 262755, PALRI SIDHA, 39699, 1175426, Drinking water, 0, 0, 0, 0, 0, 0, 163447, 163447
2015, RAJASTHAN, 8, JODHPUR, 98, PEEPAD SAHAR, 262755, PALRI SIDHA, 39699, 1175426, Roads, 0, 0, 0, 0, 0, 0, 718506, 718506
2015, RAJASTHAN, 8, JODHPUR, 98, PEEPAD SAHAR, 262755, PALRI SIDHA, 39699, 1175426, Total, 0, 0, 0, 0, 0, 0, 881953, 881953
2015, RAJASTHAN, 8, JODHPUR, 98, PEEPAD SAHAR, 262755, RAMDAWAS KALAN, 39701, 1171962, Drinking water, 0, 0, 0, 0, 0, 0, 445000, 445000
2015, RAJASTHAN, 8, JODHPUR, 98, PEEPAD SAHAR, 262755, RAMDAWAS KALAN, 39701, 1171962, Total, 0, 0, 0, 0, 0, 0, 445000, 445000
2015, RAJASTHAN, 8, JODHPUR, 98, PEEPAD SAHAR, 262755, RATKURIA, 39704, 1395110, Roads, 0, 0, 0, 0, 0, 0, 997000, 997000
2015, RAJASTHAN, 8, JODHPUR, 98, PEEPAD SAHAR, 262755, RATKURIA, 39704, 1395110, Total, 0, 0, 0, 0, 0, 0, 997000, 997000
2015, RAJASTHAN, 8, JODHPUR, 98, PEEPAD SAHAR, 262755, RAWNIYANA, 39741, 1168937, Roads, 0, 0, 0, 0, 0, 0, 1807992, 1807992
2015, RAJASTHAN, 8, JODHPUR, 98, PEEPAD SAHAR, 262755, RAWNIYANA, 39741, 1168937, Total, 0, 0, 0, 0, 0, 0, 1807992, 1807992
2015, RAJASTHAN, 8, JODHPUR, 98, PEEPAD SAHAR, 262755, RIYAN, 39743, 1173358, Roads, 0, 0, 0, 0, 0, 0, 783973, 783973
2015, RAJASTHAN, 8, JODHPUR, 98, PEEPAD SAHAR, 262755, RIYAN, 39743, 1173358, Total, 0, 0, 0, 0, 0, 0, 783973, 783973
2015, RAJASTHAN, 8, JODHPUR, 98, PEEPAD SAHAR, 262755, SALWAKHURD, 39706, 1175505, Drinking water, 0, 0, 0, 0, 0, 0, 1000000, 1000000
2015, RAJASTHAN, 8, JODHPUR, 98, PEEPAD SAHAR, 262755, SALWAKHURD, 39706, 1175505, Total, 0, 0, 0, 0, 0, 0, 1000000, 1000000
2015, RAJASTHAN, 8, JODHPUR, 98, PEEPAD SAHAR, 262755, SATHEEN, 39707, 1175414, Drinking water, 0, 0, 0, 0, 0, 0, 608672, 608672
2015, RAJASTHAN, 8, JODHPUR, 98, PEEPAD SAHAR, 262755, SATHEEN, 39707, 1175414, Roads, 0, 0, 0, 0, 0, 0, 999789, 999789
2015, RAJASTHAN, 8, JODHPUR, 98, PEEPAD SAHAR, 262755, SATHEEN, 39707, 1175414, Total, 0, 0, 0, 0, 0, 0, 1608461, 1608461
2015, RAJASTHAN, 8, JODHPUR, 98, PEEPAD SAHAR, 262755, SILARI, 39745, 1168760, Roads, 0, 0, 0, 0, 0, 0, 669300, 669300
2015, RAJASTHAN, 8, JODHPUR, 98, PEEPAD SAHAR, 262755, SILARI, 39745, 1168760, Total, 0, 0, 0, 0, 0, 0, 669300, 669300
2015, RAJASTHAN, 8, JODHPUR, 98, PEEPAD SAHAR, 262755, SINDHIPURA, 39746, 1399095, Drinking water, 0, 0, 0, 0, 0, 0, 284764, 284764
2015, RAJASTHAN, 8, JODHPUR, 98, PEEPAD SAHAR, 262755, SINDHIPURA, 39746, 1399095, Roads, 0, 0, 0, 0, 0, 0, 749317, 749317
2015, RAJASTHAN, 8, JODHPUR, 98, PEEPAD SAHAR, 262755, SINDHIPURA, 39746, 1399095, Sanitation, 0, 0, 0, 0, 0, 0, 25000, 25000
2015, RAJASTHAN, 8, JODHPUR, 98, PEEPAD SAHAR, 262755, SINDHIPURA, 39746, 1399095, Total, 0, 0, 0, 0, 0, 0, 1059081, 1059081
2015, RAJASTHAN, 8, JODHPUR, 98, PEEPAD SAHAR, 262755, Siyara, 262255, 1167220, Drinking water, 0, 0, 0, 0, 0, 0, 218831, 218831
2015, RAJASTHAN, 8, JODHPUR, 98, PEEPAD SAHAR, 262755, Siyara, 262255, 1167220, Roads, 0, 0, 0, 0, 0, 0, 244713, 244713
2015, RAJASTHAN, 8, JODHPUR, 98, PEEPAD SAHAR, 262755, Siyara, 262255, 1167220, Total, 0, 0, 0, 0, 0, 0, 463544, 463544
2015, RAJASTHAN, 8, JODHPUR, 98, PEEPAD SAHAR, 262755, TILWASANI, 39747, 1366727, Roads, 0, 0, 0, 0, 0, 0, 750000, 750000
2015, RAJASTHAN, 8, JODHPUR, 98, PEEPAD SAHAR, 262755, TILWASANI, 39747, 1366727, Total, 0, 0, 0, 0, 0, 0, 750000, 750000
2015, RAJASTHAN, 8, JODHPUR, 98, PHALODI, 1311, BAMNOO, 39916, 1110987, Education, 0, 0, 0, 0, 0, 0, 50000, 50000
2015, RAJASTHAN, 8, JODHPUR, 98, PHALODI, 1311, BAMNOO, 39916, 1110987, Health, 0, 0, 0, 0, 0, 0, 243000, 243000
2015, RAJASTHAN, 8, JODHPUR, 98, PHALODI, 1311, BAMNOO, 39916, 1110987, Maintenance of community system, 0, 0, 0, 0, 0, 0, 500000, 500000
2015, RAJASTHAN, 8, JODHPUR, 98, PHALODI, 1311, BAMNOO, 39916, 1110987, Sanitation, 0, 0, 0, 0, 0, 0, 1264000, 1264000
2015, RAJASTHAN, 8, JODHPUR, 98, PHALODI, 1311, BAMNOO, 39916, 1110987, Social welfare, 0, 0, 0, 0, 0, 0, 50000, 50000
2015, RAJASTHAN, 8, JODHPUR, 98, PHALODI, 1311, BAMNOO, 39916, 1110987, Total, 0, 0, 0, 0, 0, 0, 2107000, 2107000
2015, RAJASTHAN, 8, JODHPUR, 98, PHALODI, 1311, BAORIKALAN, 39641, 1133670, Drinking water, 0, 0, 0, 0, 0, 0, 374000, 374000
2015, RAJASTHAN, 8, JODHPUR, 98, PHALODI, 1311, BAORIKALAN, 39641, 1133670, Maintenance of community system, 0, 0, 0, 0, 0, 0, 3224000, 3224000
2015, RAJASTHAN, 8, JODHPUR, 98, PHALODI, 1311, BAORIKALAN, 39641, 1133670, Sanitation, 0, 0, 0, 0, 0, 0, 239000, 239000
2015, RAJASTHAN, 8, JODHPUR, 98, PHALODI, 1311, BAORIKALAN, 39641, 1133670, Total, 0, 0, 0, 0, 0, 0, 3837000, 3837000
2015, RAJASTHAN, 8, JODHPUR, 98, PHALODI, 1311, BAPINI, 262714, 1105943, Adult and non-formal education, 0, 0, 0, 0, 0, 0, 169716, 169716
2015, RAJASTHAN, 8, JODHPUR, 98, PHALODI, 1311, BAPINI, 262714, 1105943, Drinking water, 0, 0, 0, 0, 0, 0, 154135, 154135
2015, RAJASTHAN, 8, JODHPUR, 98, PHALODI, 1311, BAPINI, 262714, 1105943, Health, 0, 0, 0, 0, 0, 0, 411250, 411250
2015, RAJASTHAN, 8, JODHPUR, 98, PHALODI, 1311, BAPINI, 262714, 1105943, Land improvement, 0, 0, 0, 0, 0, 0, 83234, 83234
2015, RAJASTHAN, 8, JODHPUR, 98, PHALODI, 1311, BAPINI, 262714, 1105943, Maintenance of community system, 0, 0, 0, 0, 0, 0, 10750, 10750
2015, RAJASTHAN, 8, JODHPUR, 98, PHALODI, 1311, BAPINI, 262714, 1105943, Rural electrification, 0, 0, 0, 0, 0, 0, 3250, 3250
2015, RAJASTHAN, 8, JODHPUR, 98, PHALODI, 1311, BAPINI, 262714, 1105943, Sanitation, 0, 0, 0, 0, 0, 0, 1292488, 1292488
2015, RAJASTHAN, 8, JODHPUR, 98, PHALODI, 1311, BAPINI, 262714, 1105943, Social welfare, 0, 0, 0, 0, 0, 0, 65600, 65600
2015, RAJASTHAN, 8, JODHPUR, 98, PHALODI, 1311, BAPINI, 262714, 1105943, Total, 0, 0, 0, 0, 0, 0, 2190423, 2190423
2015, RAJASTHAN, 8, JODHPUR, 98, PHALODI, 1311, BENGTI KALAN, 39887, 1152598, Drinking water, 0, 0, 0, 0, 0, 0, 560000, 560000
2015, RAJASTHAN, 8, JODHPUR, 98, PHALODI, 1311, BENGTI KALAN, 39887, 1152598, Maintenance of community system, 0, 0, 0, 0, 0, 0, 500000, 500000
2015, RAJASTHAN, 8, JODHPUR, 98, PHALODI, 1311, BENGTI KALAN, 39887, 1152598, Sanitation, 0, 0, 0, 0, 0, 0, 200000, 200000
2015, RAJASTHAN, 8, JODHPUR, 98, PHALODI, 1311, BENGTI KALAN, 39887, 1152598, Total, 0, 0, 0, 0, 0, 0, 1260000, 1260000
2015, RAJASTHAN, 8, JODHPUR, 98, PHALODI, 1311, BHIYANSAR, 39888, 1134466, Drinking water, 0, 0, 0, 0, 0, 0, 1911000, 1911000
2015, RAJASTHAN, 8, JODHPUR, 98, PHALODI, 1311, BHIYANSAR, 39888, 1134466, Total, 0, 0, 0, 0, 0, 0, 1911000, 1911000
2015, RAJASTHAN, 8, JODHPUR, 98, PHALODI, 1311, BHOJASAR, 39890, 1122684, Maintenance of community system, 0, 0, 0, 0, 0, 0, 188000, 188000
2015, RAJASTHAN, 8, JODHPUR, 98, PHALODI, 1311, BHOJASAR, 39890, 1122684, Total, 0, 0, 0, 0, 0, 0, 188000, 188000
2015, RAJASTHAN, 8, JODHPUR, 98, PHALODI, 1311, Barjasar, 262572, 1126452, Drinking water, 0, 0, 0, 0, 0, 0, 2067366, 2067366
2015, RAJASTHAN, 8, JODHPUR, 98, PHALODI, 1311, Barjasar, 262572, 1126452, Maintenance of community system, 0, 0, 0, 0, 0, 0, 375000, 375000
2015, RAJASTHAN, 8, JODHPUR, 98, PHALODI, 1311, Barjasar, 262572, 1126452, Sanitation, 0, 0, 0, 0, 0, 0, 611429, 611429
2015, RAJASTHAN, 8, JODHPUR, 98, PHALODI, 1311, Barjasar, 262572, 1126452, Total, 0, 0, 0, 0, 0, 0, 3053795, 3053795
2015, RAJASTHAN, 8, JODHPUR, 98, PHALODI, 1311, Beethari, 262568, 1121252, Maintenance of community system, 0, 0, 0, 0, 0, 0, 267000, 267000
2015, RAJASTHAN, 8, JODHPUR, 98, PHALODI, 1311, Beethari, 262568, 1121252, Sanitation, 0, 0, 0, 0, 0, 0, 1735000, 1735000
2015, RAJASTHAN, 8, JODHPUR, 98, PHALODI, 1311, Beethari, 262568, 1121252, Total, 0, 0, 0, 0, 0, 0, 2002000, 2002000
2015, RAJASTHAN, 8, JODHPUR, 98, PHALODI, 1311, Beingti Khurd, 262569, 1121688, Drinking water, 0, 0, 0, 0, 0, 0, 1577480, 1577480
2015, RAJASTHAN, 8, JODHPUR, 98, PHALODI, 1311, Beingti Khurd, 262569, 1121688, Sanitation, 0, 0, 0, 0, 0, 0, 525272, 525272
2015, RAJASTHAN, 8, JODHPUR, 98, PHALODI, 1311, Beingti Khurd, 262569, 1121688, Total, 0, 0, 0, 0, 0, 0, 2102752, 2102752
2015, RAJASTHAN, 8, JODHPUR, 98, PHALODI, 1311, Chhitarbera, 262574, 1107695, Drinking water, 0, 0, 0, 0, 0, 0, 500000, 500000
2015, RAJASTHAN, 8, JODHPUR, 98, PHALODI, 1311, Chhitarbera, 262574, 1107695, Health, 0, 0, 0, 0, 0, 0, 70000, 70000
2015, RAJASTHAN, 8, JODHPUR, 98, PHALODI, 1311, Chhitarbera, 262574, 1107695, Maintenance of community system, 0, 0, 0, 0, 0, 0, 500000, 500000
2015, RAJASTHAN, 8, JODHPUR, 98, PHALODI, 1311, Chhitarbera, 262574, 1107695, Sanitation, 0, 0, 0, 0, 0, 0, 1200000, 1200000
2015, RAJASTHAN, 8, JODHPUR, 98, PHALODI, 1311, Chhitarbera, 262574, 1107695, Total, 0, 0, 0, 0, 0, 0, 2270000, 2270000
2015, RAJASTHAN, 8, JODHPUR, 98, PHALODI, 1311, DHADHOO, 39895, 1134143, Drinking water, 0, 0, 0, 0, 0, 0, 885000, 885000
2015, RAJASTHAN, 8, JODHPUR, 98, PHALODI, 1311, DHADHOO, 39895, 1134143, Maintenance of community system, 0, 0, 0, 0, 0, 0, 380000, 380000
2015, RAJASTHAN, 8, JODHPUR, 98, PHALODI, 1311, DHADHOO, 39895, 1134143, Sanitation, 0, 0, 0, 0, 0, 0, 580000, 580000
2015, RAJASTHAN, 8, JODHPUR, 98, PHALODI, 1311, DHADHOO, 39895, 1134143, Total, 0, 0, 0, 0, 0, 0, 1845000, 1845000
2015, RAJASTHAN, 8, JODHPUR, 98, PHALODI, 1311, Gandi Sagar, 262573, 1136144, Drinking water, 0, 0, 0, 0, 0, 0, 1400000, 1400000
2015, RAJASTHAN, 8, JODHPUR, 98, PHALODI, 1311, Gandi Sagar, 262573, 1136144, Sanitation, 0, 0, 0, 0, 0, 0, 37325, 37325
2015, RAJASTHAN, 8, JODHPUR, 98, PHALODI, 1311, Gandi Sagar, 262573, 1136144, Total, 0, 0, 0, 0, 0, 0, 1437325, 1437325
2015, RAJASTHAN, 8, JODHPUR, 98, PHALODI, 1311, HOPARDI, 39898, 1152397, Drinking water, 0, 0, 0, 0, 0, 0, 40000, 40000
2015, RAJASTHAN, 8, JODHPUR, 98, PHALODI, 1311, HOPARDI, 39898, 1152397, Maintenance of community system, 0, 0, 0, 0, 0, 0, 500000, 500000
2015, RAJASTHAN, 8, JODHPUR, 98, PHALODI, 1311, HOPARDI, 39898, 1152397, Sanitation, 0, 0, 0, 0, 0, 0, 1048000, 1048000
2015, RAJASTHAN, 8, JODHPUR, 98, PHALODI, 1311, HOPARDI, 39898, 1152397, Total, 0, 0, 0, 0, 0, 0, 1588000, 1588000
2015, RAJASTHAN, 8, JODHPUR, 98, PHALODI, 1311, Jagriya, 262367, 1121318, Sanitation, 0, 0, 0, 0, 0, 0, 1780000, 1780000
2015, RAJASTHAN, 8, JODHPUR, 98, PHALODI, 1311, Jagriya, 262367, 1121318, Total, 0, 0, 0, 0, 0, 0, 1780000, 1780000
2015, RAJASTHAN, 8, JODHPUR, 98, PHALODI, 1311, KHARA, 39903, 1135105, Drinking water, 0, 0, 0, 0, 0, 0, 1488000, 1488000
2015, RAJASTHAN, 8, JODHPUR, 98, PHALODI, 1311, KHARA, 39903, 1135105, Sanitation, 0, 0, 0, 0, 0, 0, 18000, 18000
2015, RAJASTHAN, 8, JODHPUR, 98, PHALODI, 1311, KHARA, 39903, 1135105, Total, 0, 0, 0, 0, 0, 0, 1506000, 1506000
2015, RAJASTHAN, 8, JODHPUR, 98, PHALODI, 1311, KHEECHAN, 39904, 1109093, Sanitation, 0, 0, 0, 0, 0, 0, 2255000, 2255000
2015, RAJASTHAN, 8, JODHPUR, 98, PHALODI, 1311, KHEECHAN, 39904, 1109093, Total, 0, 0, 0, 0, 0, 0, 2255000, 2255000
2015, RAJASTHAN, 8, JODHPUR, 98, PHALODI, 1311, Kundal, 262570, 1123484, Drinking water, 0, 0, 0, 0, 0, 0, 395000, 395000
2015, RAJASTHAN, 8, JODHPUR, 98, PHALODI, 1311, Kundal, 262570, 1123484, Maintenance of community system, 0, 0, 0, 0, 0, 0, 400000, 400000
2015, RAJASTHAN, 8, JODHPUR, 98, PHALODI, 1311, Kundal, 262570, 1123484, Sanitation, 0, 0, 0, 0, 0, 0, 595000, 595000
2015, RAJASTHAN, 8, JODHPUR, 98, PHALODI, 1311, Kundal, 262570, 1123484, Total, 0, 0, 0, 0, 0, 0, 1390000, 1390000
2015, RAJASTHAN, 8, JODHPUR, 98, PHALODI, 1311, LORDIYAN, 39910, 1135437, Drinking water, 0, 0, 0, 0, 0, 0, 93869, 93869
2015, RAJASTHAN, 8, JODHPUR, 98, PHALODI, 1311, LORDIYAN, 39910, 1135437, Maintenance of community system, 0, 0, 0, 0, 0, 0, 2230183, 2230183
2015, RAJASTHAN, 8, JODHPUR, 98, PHALODI, 1311, LORDIYAN, 39910, 1135437, Sanitation, 0, 0, 0, 0, 0, 0, 79938, 79938
2015, RAJASTHAN, 8, JODHPUR, 98, PHALODI, 1311, LORDIYAN, 39910, 1135437, Total, 0, 0, 0, 0, 0, 0, 2403990, 2403990
2015, RAJASTHAN, 8, JODHPUR, 98, PHALODI, 1311, MALAR, 39658, 1133933, Maintenance of community system, 0, 0, 0, 0, 0, 0, 4900000, 4900000
2015, RAJASTHAN, 8, JODHPUR, 98, PHALODI, 1311, MALAR, 39658, 1133933, Total, 0, 0, 0, 0, 0, 0, 4900000, 4900000
2015, RAJASTHAN, 8, JODHPUR, 98, PHALODI, 1311, MOKHERI, 39912, 1115627, Drinking water, 0, 0, 0, 0, 0, 0, 622602, 622602
2015, RAJASTHAN, 8, JODHPUR, 98, PHALODI, 1311, MOKHERI, 39912, 1115627, Roads, 0, 0, 0, 0, 0, 0, 792000, 792000
2015, RAJASTHAN, 8, JODHPUR, 98, PHALODI, 1311, MOKHERI, 39912, 1115627, Sanitation, 0, 0, 0, 0, 0, 0, 1965081, 1965081
2015, RAJASTHAN, 8, JODHPUR, 98, PHALODI, 1311, MOKHERI, 39912, 1115627, Social welfare, 0, 0, 0, 0, 0, 0, 141084, 141084
2015, RAJASTHAN, 8, JODHPUR, 98, PHALODI, 1311, MOKHERI, 39912, 1115627, Total, 0, 0, 0, 0, 0, 0, 3520767, 3520767
2015, RAJASTHAN, 8, JODHPUR, 98, PHALODI, 1311, MOTAI, 39659, 1144489, Drinking water, 0, 0, 0, 0, 0, 0, 250000, 250000
2015, RAJASTHAN, 8, JODHPUR, 98, PHALODI, 1311, MOTAI, 39659, 1144489, Maintenance of community system, 0, 0, 0, 0, 0, 0, 1417000, 1417000
2015, RAJASTHAN, 8, JODHPUR, 98, PHALODI, 1311, MOTAI, 39659, 1144489, Sanitation, 0, 0, 0, 0, 0, 0, 850000, 850000
2015, RAJASTHAN, 8, JODHPUR, 98, PHALODI, 1311, MOTAI, 39659, 1144489, Total, 0, 0, 0, 0, 0, 0, 2517000, 2517000
2015, RAJASTHAN, 8, JODHPUR, 98, PHALODI, 1311, NANEU, 39660, 1117371, Drinking water, 0, 0, 0, 0, 0, 0, 500000, 500000
2015, RAJASTHAN, 8, JODHPUR, 98, PHALODI, 1311, NANEU, 39660, 1117371, Maintenance of community system, 0, 0, 0, 0, 0, 0, 500000, 500000
2015, RAJASTHAN, 8, JODHPUR, 98, PHALODI, 1311, NANEU, 39660, 1117371, Sanitation, 0, 0, 0, 0, 0, 0, 730000, 730000
2015, RAJASTHAN, 8, JODHPUR, 98, PHALODI, 1311, NANEU, 39660, 1117371, Total, 0, 0, 0, 0, 0, 0, 1730000, 1730000
2015, RAJASTHAN, 8, JODHPUR, 98, PHALODI, 1311, NOKHRA BHATIYAN, 39661, 1120591, Sanitation, 0, 0, 0, 0, 0, 0, 1150000, 1150000
2015, RAJASTHAN, 8, JODHPUR, 98, PHALODI, 1311, NOKHRA BHATIYAN, 39661, 1120591, Total, 0, 0, 0, 0, 0, 0, 1150000, 1150000
2015, RAJASTHAN, 8, JODHPUR, 98, PHALODI, 1311, PARIYAL, 39915, 1146034, Drinking water, 0, 0, 0, 0, 0, 0, 2050000, 2050000
2015, RAJASTHAN, 8, JODHPUR, 98, PHALODI, 1311, PARIYAL, 39915, 1146034, Sanitation, 0, 0, 0, 0, 0, 0, 300000, 300000
2015, RAJASTHAN, 8, JODHPUR, 98, PHALODI, 1311, PARIYAL, 39915, 1146034, Total, 0, 0, 0, 0, 0, 0, 2350000, 2350000
2015, RAJASTHAN, 8, JODHPUR, 98, PHALODI, 1311, RADKAPURA, 262713, 1119944, Drinking water, 0, 0, 0, 0, 0, 0, 1050000, 1050000
2015, RAJASTHAN, 8, JODHPUR, 98, PHALODI, 1311, RADKAPURA, 262713, 1119944, Sanitation, 0, 0, 0, 0, 0, 0, 380000, 380000
2015, RAJASTHAN, 8, JODHPUR, 98, PHALODI, 1311, RADKAPURA, 262713, 1119944, Total, 0, 0, 0, 0, 0, 0, 1430000, 1430000
2015, RAJASTHAN, 8, JODHPUR, 98, PHALODI, 1311, SANWREEJ, 39921, 1136983, Drinking water, 0, 0, 0, 0, 0, 0, 336000, 336000
2015, RAJASTHAN, 8, JODHPUR, 98, PHALODI, 1311, SANWREEJ, 39921, 1136983, Maintenance of community system, 0, 0, 0, 0, 0, 0, 246000, 246000
2015, RAJASTHAN, 8, JODHPUR, 98, PHALODI, 1311, SANWREEJ, 39921, 1136983, Sanitation, 0, 0, 0, 0, 0, 0, 646000, 646000
2015, RAJASTHAN, 8, JODHPUR, 98, PHALODI, 1311, SANWREEJ, 39921, 1136983, Total, 0, 0, 0, 0, 0, 0, 1228000, 1228000
2015, RAJASTHAN, 8, JODHPUR, 98, PHALODI, 1311, Sajnaniyon Ki Dhani, 262275, 1152209, Maintenance of community system, 0, 0, 0, 0, 0, 0, 2082000, 2082000
2015, RAJASTHAN, 8, JODHPUR, 98, PHALODI, 1311, Sajnaniyon Ki Dhani, 262275, 1152209, Total, 0, 0, 0, 0, 0, 0, 2082000, 2082000
2015, RAJASTHAN, 8, JODHPUR, 98, PHALODI, 1311, Ugrask, 262561, 1134250, Drinking water, 0, 0, 0, 0, 0, 0, 680000, 680000
2015, RAJASTHAN, 8, JODHPUR, 98, PHALODI, 1311, Ugrask, 262561, 1134250, Maintenance of community system, 0, 0, 0, 0, 0, 0, 1600000, 1600000
2015, RAJASTHAN, 8, JODHPUR, 98, PHALODI, 1311, Ugrask, 262561, 1134250, Sanitation, 0, 0, 0, 0, 0, 0, 1600000, 1600000
2015, RAJASTHAN, 8, JODHPUR, 98, PHALODI, 1311, Ugrask, 262561, 1134250, Total, 0, 0, 0, 0, 0, 0, 3880000, 3880000
2015, RAJASTHAN, 8, JODHPUR, 98, PHALODI, 1311, vijay nagar, 262290, 1117103, Drinking water, 0, 0, 0, 0, 0, 0, 160000, 160000
2015, RAJASTHAN, 8, JODHPUR, 98, PHALODI, 1311, vijay nagar, 262290, 1117103, Maintenance of community system, 0, 0, 0, 0, 0, 0, 1137000, 1137000
2015, RAJASTHAN, 8, JODHPUR, 98, PHALODI, 1311, vijay nagar, 262290, 1117103, Sanitation, 0, 0, 0, 0, 0, 0, 245000, 245000
2015, RAJASTHAN, 8, JODHPUR, 98, PHALODI, 1311, vijay nagar, 262290, 1117103, Total, 0, 0, 0, 0, 0, 0, 1542000, 1542000
2015, RAJASTHAN, 8, JODHPUR, 98, SEKHALA, 262801, BANON KA BAS, 262808, 1159930, Education, 0, 0, 0, 0, 0, 0, 500000, 500000
2015, RAJASTHAN, 8, JODHPUR, 98, SEKHALA, 262801, BANON KA BAS, 262808, 1159930, Total, 0, 0, 0, 0, 0, 0, 1000000, 1000000
2015, RAJASTHAN, 8, JODHPUR, 98, SEKHALA, 262801, BANON KA BAS, 262808, 1159930, Women and child development, 0, 0, 0, 0, 0, 0, 500000, 500000
2015, RAJASTHAN, 8, JODHPUR, 98, SEKHALA, 262801, BARNAU, 39608, 1152190, Education, 0, 0, 0, 0, 0, 0, 1000000, 1000000
2015, RAJASTHAN, 8, JODHPUR, 98, SEKHALA, 262801, BARNAU, 39608, 1152190, Sanitation, 0, 0, 0, 0, 0, 0, 200000, 200000
2015, RAJASTHAN, 8, JODHPUR, 98, SEKHALA, 262801, BARNAU, 39608, 1152190, Total, 0, 0, 0, 0, 0, 0, 1200000, 1200000
2015, RAJASTHAN, 8, JODHPUR, 98, SEKHALA, 262801, BHALOO ANOPGARH, 39613, 1157808, Total, 0, 0, 0, 0, 0, 0, 1000000, 1000000
2015, RAJASTHAN, 8, JODHPUR, 98, SEKHALA, 262801, BHALOO ANOPGARH, 39613, 1157808, Welfare of the weaker sections, 0, 0, 0, 0, 0, 0, 1000000, 1000000
2015, RAJASTHAN, 8, JODHPUR, 98, SEKHALA, 262801, BHALOO LAXMANGARH, 262862, 1159890, Drinking water, 0, 0, 0, 0, 0, 0, 600000, 600000
2015, RAJASTHAN, 8, JODHPUR, 98, SEKHALA, 262801, BHALOO LAXMANGARH, 262862, 1159890, Total, 0, 0, 0, 0, 0, 0, 600000, 600000
2015, RAJASTHAN, 8, JODHPUR, 98, SEKHALA, 262801, BHALOORAJWA, 39614, 1156160, Drinking water, 0, 0, 0, 0, 0, 0, 600000, 600000
2015, RAJASTHAN, 8, JODHPUR, 98, SEKHALA, 262801, BHALOORAJWA, 39614, 1156160, Total, 0, 0, 0, 0, 0, 0, 600000, 600000
2015, RAJASTHAN, 8, JODHPUR, 98, SEKHALA, 262801, Baori, 262859, 1160012, Drinking water, 0, 0, 0, 0, 0, 0, 300000, 300000
2015, RAJASTHAN, 8, JODHPUR, 98, SEKHALA, 262801, Baori, 262859, 1160012, Education, 0, 0, 0, 0, 0, 0, 500000, 500000
2015, RAJASTHAN, 8, JODHPUR, 98, SEKHALA, 262801, Baori, 262859, 1160012, Total, 0, 0, 0, 0, 0, 0, 800000, 800000
2015, RAJASTHAN, 8, JODHPUR, 98, SEKHALA, 262801, CHAMU, 39617, 1152143, Drinking water, 0, 0, 0, 0, 0, 0, 500000, 500000
2015, RAJASTHAN, 8, JODHPUR, 98, SEKHALA, 262801, CHAMU, 39617, 1152143, Sanitation, 0, 0, 0, 0, 0, 0, 100000, 100000
2015, RAJASTHAN, 8, JODHPUR, 98, SEKHALA, 262801, CHAMU, 39617, 1152143, Total, 0, 0, 0, 0, 0, 0, 600000, 600000
2015, RAJASTHAN, 8, JODHPUR, 98, SEKHALA, 262801, DERA, 39618, 1157833, Drinking water, 0, 0, 0, 0, 0, 0, 500000, 500000
2015, RAJASTHAN, 8, JODHPUR, 98, SEKHALA, 262801, DERA, 39618, 1157833, Sanitation, 0, 0, 0, 0, 0, 0, 500000, 500000
2015, RAJASTHAN, 8, JODHPUR, 98, SEKHALA, 262801, DERA, 39618, 1157833, Total, 0, 0, 0, 0, 0, 0, 1000000, 1000000
2015, RAJASTHAN, 8, JODHPUR, 98, SEKHALA, 262801, DERIYA, 39619, 1157553, Education, 0, 0, 0, 0, 0, 0, 500000, 500000
2015, RAJASTHAN, 8, JODHPUR, 98, SEKHALA, 262801, DERIYA, 39619, 1157553, Total, 0, 0, 0, 0, 0, 0, 1000000, 1000000
2015, RAJASTHAN, 8, JODHPUR, 98, SEKHALA, 262801, DERIYA, 39619, 1157553, Women and child development, 0, 0, 0, 0, 0, 0, 500000, 500000
2015, RAJASTHAN, 8, JODHPUR, 98, SEKHALA, 262801, DEWANIYA, 262811, 1160025, Education, 0, 0, 0, 0, 0, 0, 800000, 800000
2015, RAJASTHAN, 8, JODHPUR, 98, SEKHALA, 262801, DEWANIYA, 262811, 1160025, Sanitation, 0, 0, 0, 0, 0, 0, 200000, 200000
2015, RAJASTHAN, 8, JODHPUR, 98, SEKHALA, 262801, DEWANIYA, 262811, 1160025, Total, 0, 0, 0, 0, 0, 0, 1000000, 1000000
2015, RAJASTHAN, 8, JODHPUR, 98, SEKHALA, 262801, DEWATOO, 39620, 1157743, Education, 0, 0, 0, 0, 0, 0, 500000, 500000
2015, RAJASTHAN, 8, JODHPUR, 98, SEKHALA, 262801, DEWATOO, 39620, 1157743, Sanitation, 0, 0, 0, 0, 0, 0, 200000, 200000
2015, RAJASTHAN, 8, JODHPUR, 98, SEKHALA, 262801, DEWATOO, 39620, 1157743, Total, 0, 0, 0, 0, 0, 0, 700000, 700000
2015, RAJASTHAN, 8, JODHPUR, 98, SEKHALA, 262801, DHEERPURA, 262101, 1163338, Drinking water, 0, 0, 0, 0, 0, 0, 1000000, 1000000
2015, RAJASTHAN, 8, JODHPUR, 98, SEKHALA, 262801, DHEERPURA, 262101, 1163338, Total, 0, 0, 0, 0, 0, 0, 1000000, 1000000
2015, RAJASTHAN, 8, JODHPUR, 98, SEKHALA, 262801, GILAKOR, 39624, 1177990, Drinking water, 0, 0, 0, 0, 0, 0, 2280000, 2280000
2015, RAJASTHAN, 8, JODHPUR, 98, SEKHALA, 262801, GILAKOR, 39624, 1177990, Education, 0, 0, 0, 0, 0, 0, 1600000, 1600000
2015, RAJASTHAN, 8, JODHPUR, 98, SEKHALA, 262801, GILAKOR, 39624, 1177990, Sanitation, 0, 0, 0, 0, 0, 0, 1135000, 1135000
2015, RAJASTHAN, 8, JODHPUR, 98, SEKHALA, 262801, GILAKOR, 39624, 1177990, Total, 0, 0, 0, 0, 0, 0, 5015000, 5015000
2015, RAJASTHAN, 8, JODHPUR, 98, SEKHALA, 262801, GODELAI, 39625, 1157369, Total, 0, 0, 0, 0, 0, 0, 2000000, 2000000
2015, RAJASTHAN, 8, JODHPUR, 98, SEKHALA, 262801, GODELAI, 39625, 1157369, Women and child development, 0, 0, 0, 0, 0, 0, 2000000, 2000000
2015, RAJASTHAN, 8, JODHPUR, 98, SEKHALA, 262801, KANODIYA PUROHITAN, 39627, 1157589, Drinking water, 0, 0, 0, 0, 0, 0, 1050000, 1050000
2015, RAJASTHAN, 8, JODHPUR, 98, SEKHALA, 262801, KANODIYA PUROHITAN, 39627, 1157589, Education, 0, 0, 0, 0, 0, 0, 50000, 50000
2015, RAJASTHAN, 8, JODHPUR, 98, SEKHALA, 262801, KANODIYA PUROHITAN, 39627, 1157589, Total, 0, 0, 0, 0, 0, 0, 1100000, 1100000
2015, RAJASTHAN, 8, JODHPUR, 98, SEKHALA, 262801, KETOOKALAN, 39628, 1157866, Drinking water, 0, 0, 0, 0, 0, 0, 500000, 500000
2015, RAJASTHAN, 8, JODHPUR, 98, SEKHALA, 262801, KETOOKALAN, 39628, 1157866, Sanitation, 0, 0, 0, 0, 0, 0, 500000, 500000
2015, RAJASTHAN, 8, JODHPUR, 98, SEKHALA, 262801, KETOOKALAN, 39628, 1157866, Total, 0, 0, 0, 0, 0, 0, 1000000, 1000000
2015, RAJASTHAN, 8, JODHPUR, 98, SEKHALA, 262801, KETUMADA, 39629, 1157853, Sanitation, 0, 0, 0, 0, 0, 0, 1000000, 1000000
2015, RAJASTHAN, 8, JODHPUR, 98, SEKHALA, 262801, KETUMADA, 39629, 1157853, Total, 0, 0, 0, 0, 0, 0, 1000000, 1000000
2015, RAJASTHAN, 8, JODHPUR, 98, SEKHALA, 262801, LODTA ACHLAWATA, 39633, 1157499, Drinking water, 0, 0, 0, 0, 0, 0, 1000000, 1000000
2015, RAJASTHAN, 8, JODHPUR, 98, SEKHALA, 262801, LODTA ACHLAWATA, 39633, 1157499, Total, 0, 0, 0, 0, 0, 0, 1000000, 1000000
2015, RAJASTHAN, 8, JODHPUR, 98, SEKHALA, 262801, Lawaran, 262623, 1160036, Sanitation, 0, 0, 0, 0, 0, 0, 400000, 400000
2015, RAJASTHAN, 8, JODHPUR, 98, SEKHALA, 262801, Lawaran, 262623, 1160036, Total, 0, 0, 0, 0, 0, 0, 400000, 400000
2015, RAJASTHAN, 8, JODHPUR, 98, SEKHALA, 262801, NATHADAU, 39634, 1152234, Education, 0, 0, 0, 0, 0, 0, 1500000, 1500000
2015, RAJASTHAN, 8, JODHPUR, 98, SEKHALA, 262801, NATHADAU, 39634, 1152234, Total, 0, 0, 0, 0, 0, 0, 1500000, 1500000
2015, RAJASTHAN, 8, JODHPUR, 98, SEKHALA, 262801, PRAHLADPURA, 262814, 1159910, Education, 0, 0, 0, 0, 0, 0, 400000, 400000
2015, RAJASTHAN, 8, JODHPUR, 98, SEKHALA, 262801, PRAHLADPURA, 262814, 1159910, Sanitation, 0, 0, 0, 0, 0, 0, 200000, 200000
2015, RAJASTHAN, 8, JODHPUR, 98, SEKHALA, 262801, PRAHLADPURA, 262814, 1159910, Total, 0, 0, 0, 0, 0, 0, 600000, 600000
2015, RAJASTHAN, 8, JODHPUR, 98, SEKHALA, 262801, RAJSAGAR, 262827, 1160047, Sanitation, 0, 0, 0, 0, 0, 0, 400000, 400000
2015, RAJASTHAN, 8, JODHPUR, 98, SEKHALA, 262801, RAJSAGAR, 262827, 1160047, Total, 0, 0, 0, 0, 0, 0, 400000, 400000
2015, RAJASTHAN, 8, JODHPUR, 98, SEKHALA, 262801, SHEKHALA, 39636, 1157759, Drinking water, 0, 0, 0, 0, 0, 0, 1000000, 1000000
2015, RAJASTHAN, 8, JODHPUR, 98, SEKHALA, 262801, SHEKHALA, 39636, 1157759, Total, 0, 0, 0, 0, 0, 0, 1000000, 1000000
2015, RAJASTHAN, 8, JODHPUR, 98, SEKHALA, 262801, SUKHMANDLA, 262565, 1159945, Drinking water, 0, 0, 0, 0, 0, 0, 1000000, 1000000
2015, RAJASTHAN, 8, JODHPUR, 98, SEKHALA, 262801, SUKHMANDLA, 262565, 1159945, Total, 0, 0, 0, 0, 0, 0, 1000000, 1000000
2015, RAJASTHAN, 8, JODHPUR, 98, SEKHALA, 262801, Thadiya, 262580, 1159920, Sanitation, 0, 0, 0, 0, 0, 0, 400000, 400000
2015, RAJASTHAN, 8, JODHPUR, 98, SEKHALA, 262801, Thadiya, 262580, 1159920, Total, 0, 0, 0, 0, 0, 0, 400000, 400000
2015, RAJASTHAN, 8, JODHPUR, 98, SHERGARH, 1312, BHANDU JATI, 39923, 1161142, Drinking water, 0, 0, 0, 0, 0, 0, 1244275, 1244275
2015, RAJASTHAN, 8, JODHPUR, 98, SHERGARH, 1312, BHANDU JATI, 39923, 1161142, Total, 0, 0, 0, 0, 0, 0, 1244275, 1244275
2015, RAJASTHAN, 8, JODHPUR, 98, SHERGARH, 1312, BHOMSAGAR, 39924, 1180496, Drinking water, 0, 0, 0, 0, 0, 0, 810000, 810000
2015, RAJASTHAN, 8, JODHPUR, 98, SHERGARH, 1312, BHOMSAGAR, 39924, 1180496, Social welfare, 0, 0, 0, 0, 0, 0, 33548, 33548
2015, RAJASTHAN, 8, JODHPUR, 98, SHERGARH, 1312, BHOMSAGAR, 39924, 1180496, Total, 0, 0, 0, 0, 0, 0, 843548, 843548
2015, RAJASTHAN, 8, JODHPUR, 98, SHERGARH, 1312, BHOONGRA, 39925, 1160021, Drinking water, 0, 0, 0, 0, 0, 0, 899000, 899000
2015, RAJASTHAN, 8, JODHPUR, 98, SHERGARH, 1312, BHOONGRA, 39925, 1160021, Education, 0, 0, 0, 0, 0, 0, 81123, 81123
2015, RAJASTHAN, 8, JODHPUR, 98, SHERGARH, 1312, BHOONGRA, 39925, 1160021, Total, 0, 0, 0, 0, 0, 0, 980123, 980123
2015, RAJASTHAN, 8, JODHPUR, 98, SHERGARH, 1312, Bapu Nagar, 262365, 1126236, Drinking water, 0, 0, 0, 0, 0, 0, 818670, 818670
2015, RAJASTHAN, 8, JODHPUR, 98, SHERGARH, 1312, Bapu Nagar, 262365, 1126236, Total, 0, 0, 0, 0, 0, 0, 818670, 818670
2015, RAJASTHAN, 8, JODHPUR, 98, SHERGARH, 1312, Bhandu Charnan, 262363, 1160338, Maintenance of community system, 0, 0, 0, 0, 0, 0, 931661, 931661
2015, RAJASTHAN, 8, JODHPUR, 98, SHERGARH, 1312, Bhandu Charnan, 262363, 1160338, Total, 0, 0, 0, 0, 0, 0, 931661, 931661
2015, RAJASTHAN, 8, JODHPUR, 98, SHERGARH, 1312, CHABA, 39926, 1171577, Roads, 0, 0, 0, 0, 0, 0, 210000, 210000
2015, RAJASTHAN, 8, JODHPUR, 98, SHERGARH, 1312, CHABA, 39926, 1171577, Social welfare, 0, 0, 0, 0, 0, 0, 613594, 613594
2015, RAJASTHAN, 8, JODHPUR, 98, SHERGARH, 1312, CHABA, 39926, 1171577, Total, 0, 0, 0, 0, 0, 0, 823594, 823594
2015, RAJASTHAN, 8, JODHPUR, 98, SHERGARH, 1312, CHUTARPURA, 39929, 1161586, Drinking water, 0, 0, 0, 0, 0, 0, 200000, 200000
2015, RAJASTHAN, 8, JODHPUR, 98, SHERGARH, 1312, CHUTARPURA, 39929, 1161586, Social welfare, 0, 0, 0, 0, 0, 0, 623594, 623594
2015, RAJASTHAN, 8, JODHPUR, 98, SHERGARH, 1312, CHUTARPURA, 39929, 1161586, Total, 0, 0, 0, 0, 0, 0, 823594, 823594
2015, RAJASTHAN, 8, JODHPUR, 98, SHERGARH, 1312, DASANIYA, 39930, 1161832, Drinking water, 0, 0, 0, 0, 0, 0, 475000, 475000
2015, RAJASTHAN, 8, JODHPUR, 98, SHERGARH, 1312, DASANIYA, 39930, 1161832, Sanitation, 0, 0, 0, 0, 0, 0, 500000, 500000
2015, RAJASTHAN, 8, JODHPUR, 98, SHERGARH, 1312, DASANIYA, 39930, 1161832, Social welfare, 0, 0, 0, 0, 0, 0, 270238, 270238
2015, RAJASTHAN, 8, JODHPUR, 98, SHERGARH, 1312, DASANIYA, 39930, 1161832, Total, 0, 0, 0, 0, 0, 0, 1245238, 1245238
2015, RAJASTHAN, 8, JODHPUR, 98, SHERGARH, 1312, DEORAJGARH, 39932, 1162610, Drinking water, 0, 0, 0, 0, 0, 0, 200000, 200000
2015, RAJASTHAN, 8, JODHPUR, 98, SHERGARH, 1312, DEORAJGARH, 39932, 1162610, Social welfare, 0, 0, 0, 0, 0, 0, 744878, 744878
2015, RAJASTHAN, 8, JODHPUR, 98, SHERGARH, 1312, DEORAJGARH, 39932, 1162610, Total, 0, 0, 0, 0, 0, 0, 944878, 944878
2015, RAJASTHAN, 8, JODHPUR, 98, SHERGARH, 1312, Devigarh, 262362, 1161492, Drinking water, 0, 0, 0, 0, 0, 0, 767943, 767943
2015, RAJASTHAN, 8, JODHPUR, 98, SHERGARH, 1312, Devigarh, 262362, 1161492, Sanitation, 0, 0, 0, 0, 0, 0, 200000, 200000
2015, RAJASTHAN, 8, JODHPUR, 98, SHERGARH, 1312, Devigarh, 262362, 1161492, Total, 0, 0, 0, 0, 0, 0, 967943, 967943
2015, RAJASTHAN, 8, JODHPUR, 98, SHERGARH, 1312, GARA, 39933, 1160955, Drinking water, 0, 0, 0, 0, 0, 0, 387531, 387531
2015, RAJASTHAN, 8, JODHPUR, 98, SHERGARH, 1312, GARA, 39933, 1160955, Education, 0, 0, 0, 0, 0, 0, 958000, 958000
2015, RAJASTHAN, 8, JODHPUR, 98, SHERGARH, 1312, GARA, 39933, 1160955, Total, 0, 0, 0, 0, 0, 0, 1345531, 1345531
2015, RAJASTHAN, 8, JODHPUR, 98, SHERGARH, 1312, GUMANSINGHPURA, 39934, 1161266, Drinking water, 0, 0, 0, 0, 0, 0, 1013295, 1013295
2015, RAJASTHAN, 8, JODHPUR, 98, SHERGARH, 1312, GUMANSINGHPURA, 39934, 1161266, Total, 0, 0, 0, 0, 0, 0, 1013295, 1013295
2015, RAJASTHAN, 8, JODHPUR, 98, SHERGARH, 1312, Gaje Singh Nagar, 262366, 1161043, Education, 0, 0, 0, 0, 0, 0, 85790, 85790
2015, RAJASTHAN, 8, JODHPUR, 98, SHERGARH, 1312, Gaje Singh Nagar, 262366, 1161043, Social welfare, 0, 0, 0, 0, 0, 0, 800000, 800000
2015, RAJASTHAN, 8, JODHPUR, 98, SHERGARH, 1312, Gaje Singh Nagar, 262366, 1161043, Total, 0, 0, 0, 0, 0, 0, 885790, 885790
2015, RAJASTHAN, 8, JODHPUR, 98, SHERGARH, 1312, HIMMATPURA, 39936, 1161548, Drinking water, 0, 0, 0, 0, 0, 0, 1025216, 1025216
2015, RAJASTHAN, 8, JODHPUR, 98, SHERGARH, 1312, HIMMATPURA, 39936, 1161548, Total, 0, 0, 0, 0, 0, 0, 1025216, 1025216
2015, RAJASTHAN, 8, JODHPUR, 98, SHERGARH, 1312, Hanwant Nagar, 262477, 1161926, Drinking water, 0, 0, 0, 0, 0, 0, 52165, 52165
2015, RAJASTHAN, 8, JODHPUR, 98, SHERGARH, 1312, Hanwant Nagar, 262477, 1161926, Social welfare, 0, 0, 0, 0, 0, 0, 915000, 915000
2015, RAJASTHAN, 8, JODHPUR, 98, SHERGARH, 1312, Hanwant Nagar, 262477, 1161926, Total, 0, 0, 0, 0, 0, 0, 967165, 967165
2015, RAJASTHAN, 8, JODHPUR, 98, SHERGARH, 1312, KHIRJA KHAS, 39940, 1160755, Drinking water, 0, 0, 0, 0, 0, 0, 632698, 632698
2015, RAJASTHAN, 8, JODHPUR, 98, SHERGARH, 1312, KHIRJA KHAS, 39940, 1160755, Social welfare, 0, 0, 0, 0, 0, 0, 300000, 300000
2015, RAJASTHAN, 8, JODHPUR, 98, SHERGARH, 1312, KHIRJA KHAS, 39940, 1160755, Total, 0, 0, 0, 0, 0, 0, 932698, 932698
2015, RAJASTHAN, 8, JODHPUR, 98, SHERGARH, 1312, KHIRJA TIBNA, 39941, 1159292, Drinking water, 0, 0, 0, 0, 0, 0, 693915, 693915
2015, RAJASTHAN, 8, JODHPUR, 98, SHERGARH, 1312, KHIRJA TIBNA, 39941, 1159292, Education, 0, 0, 0, 0, 0, 0, 620000, 620000
2015, RAJASTHAN, 8, JODHPUR, 98, SHERGARH, 1312, KHIRJA TIBNA, 39941, 1159292, Total, 0, 0, 0, 0, 0, 0, 1313915, 1313915
2015, RAJASTHAN, 8, JODHPUR, 98, SHERGARH, 1312, Khirja Asha, 262359, 1172751, Maintenance of community system, 0, 0, 0, 0, 0, 0, 153200, 153200
2015, RAJASTHAN, 8, JODHPUR, 98, SHERGARH, 1312, Khirja Asha, 262359, 1172751, Public distribution system, 0, 0, 0, 0, 0, 0, 900005, 900005
2015, RAJASTHAN, 8, JODHPUR, 98, SHERGARH, 1312, Khirja Asha, 262359, 1172751, Total, 0, 0, 0, 0, 0, 0, 1053205, 1053205
2015, RAJASTHAN, 8, JODHPUR, 98, SHERGARH, 1312, Kishor Nagar, 262468, 1159315, Drinking water, 0, 0, 0, 0, 0, 0, 351289, 351289
2015, RAJASTHAN, 8, JODHPUR, 98, SHERGARH, 1312, Kishor Nagar, 262468, 1159315, Education, 0, 0, 0, 0, 0, 0, 584000, 584000
2015, RAJASTHAN, 8, JODHPUR, 98, SHERGARH, 1312, Kishor Nagar, 262468, 1159315, Total, 0, 0, 0, 0, 0, 0, 935289, 935289
2015, RAJASTHAN, 8, JODHPUR, 98, SHERGARH, 1312, Naharsinghnagar, 262360, 1161443, Drinking water, 0, 0, 0, 0, 0, 0, 1003188, 1003188
2015, RAJASTHAN, 8, JODHPUR, 98, SHERGARH, 1312, Naharsinghnagar, 262360, 1161443, Total, 0, 0, 0, 0, 0, 0, 1003188, 1003188
2015, RAJASTHAN, 8, JODHPUR, 98, SHERGARH, 1312, PABUSAR, 39942, 1161899, Drinking water, 0, 0, 0, 0, 0, 0, 1190038, 1190038
2015, RAJASTHAN, 8, JODHPUR, 98, SHERGARH, 1312, PABUSAR, 39942, 1161899, Total, 0, 0, 0, 0, 0, 0, 1190038, 1190038
2015, RAJASTHAN, 8, JODHPUR, 98, SHERGARH, 1312, Padamgarh, 262364, 1161466, Drinking water, 0, 0, 0, 0, 0, 0, 404000, 404000
2015, RAJASTHAN, 8, JODHPUR, 98, SHERGARH, 1312, Padamgarh, 262364, 1161466, Social welfare, 0, 0, 0, 0, 0, 0, 668901, 668901
2015, RAJASTHAN, 8, JODHPUR, 98, SHERGARH, 1312, Padamgarh, 262364, 1161466, Total, 0, 0, 0, 0, 0, 0, 1072901, 1072901
2015, RAJASTHAN, 8, JODHPUR, 98, SHERGARH, 1312, RAISAR, 39944, 1180446, Drinking water, 0, 0, 0, 0, 0, 0, 372349, 372349
2015, RAJASTHAN, 8, JODHPUR, 98, SHERGARH, 1312, RAISAR, 39944, 1180446, Social welfare, 0, 0, 0, 0, 0, 0, 600000, 600000
2015, RAJASTHAN, 8, JODHPUR, 98, SHERGARH, 1312, RAISAR, 39944, 1180446, Total, 0, 0, 0, 0, 0, 0, 972349, 972349
2015, RAJASTHAN, 8, JODHPUR, 98, SHERGARH, 1312, Ramgarh, 262361, 1159239, Drinking water, 0, 0, 0, 0, 0, 0, 894000, 894000
2015, RAJASTHAN, 8, JODHPUR, 98, SHERGARH, 1312, Ramgarh, 262361, 1159239, Sanitation, 0, 0, 0, 0, 0, 0, 81717, 81717
2015, RAJASTHAN, 8, JODHPUR, 98, SHERGARH, 1312, Ramgarh, 262361, 1159239, Total, 0, 0, 0, 0, 0, 0, 975717, 975717
2015, RAJASTHAN, 8, JODHPUR, 98, SHERGARH, 1312, SABARSAR, 39945, 1159301, Drinking water, 0, 0, 0, 0, 0, 0, 910010, 910010
2015, RAJASTHAN, 8, JODHPUR, 98, SHERGARH, 1312, SABARSAR, 39945, 1159301, Sanitation, 0, 0, 0, 0, 0, 0, 350000, 350000
2015, RAJASTHAN, 8, JODHPUR, 98, SHERGARH, 1312, SABARSAR, 39945, 1159301, Total, 0, 0, 0, 0, 0, 0, 1260010, 1260010
2015, RAJASTHAN, 8, JODHPUR, 98, SHERGARH, 1312, SAI, 39946, 1161613, Drinking water, 0, 0, 0, 0, 0, 0, 1018000, 1018000
2015, RAJASTHAN, 8, JODHPUR, 98, SHERGARH, 1312, SAI, 39946, 1161613, Social welfare, 0, 0, 0, 0, 0, 0, 369773, 369773
2015, RAJASTHAN, 8, JODHPUR, 98, SHERGARH, 1312, SAI, 39946, 1161613, Total, 0, 0, 0, 0, 0, 0, 1387773, 1387773
2015, RAJASTHAN, 8, JODHPUR, 98, SHERGARH, 1312, SHERGARH, 39948, 1174068, Maintenance of community system, 0, 0, 0, 0, 0, 0, 1720269, 1720269
2015, RAJASTHAN, 8, JODHPUR, 98, SHERGARH, 1312, SHERGARH, 39948, 1174068, Total, 0, 0, 0, 0, 0, 0, 1720269, 1720269
2015, RAJASTHAN, 8, JODHPUR, 98, SHERGARH, 1312, SIYANDA, 39949, 1161248, Drinking water, 0, 0, 0, 0, 0, 0, 1148314, 1148314
2015, RAJASTHAN, 8, JODHPUR, 98, SHERGARH, 1312, SIYANDA, 39949, 1161248, Total, 0, 0, 0, 0, 0, 0, 1148314, 1148314
2015, RAJASTHAN, 8, JODHPUR, 98, SHERGARH, 1312, SOINTARA, 39950, 1180513, Social welfare, 0, 0, 0, 0, 0, 0, 1334129, 1334129
2015, RAJASTHAN, 8, JODHPUR, 98, SHERGARH, 1312, SOINTARA, 39950, 1180513, Total, 0, 0, 0, 0, 0, 0, 1334129, 1334129
2015, RAJASTHAN, 8, JODHPUR, 98, SHERGARH, 1312, SOLKIYA TLA, 39951, 1180314, Drinking water, 0, 0, 0, 0, 0, 0, 305204, 305204
2015, RAJASTHAN, 8, JODHPUR, 98, SHERGARH, 1312, SOLKIYA TLA, 39951, 1180314, Social welfare, 0, 0, 0, 0, 0, 0, 840000, 840000
2015, RAJASTHAN, 8, JODHPUR, 98, SHERGARH, 1312, SOLKIYA TLA, 39951, 1180314, Total, 0, 0, 0, 0, 0, 0, 1145204, 1145204
2015, RAJASTHAN, 8, JODHPUR, 98, SHERGARH, 1312, SOMESAR, 39952, 1161861, Social welfare, 0, 0, 0, 0, 0, 0, 1254568, 1254568
2015, RAJASTHAN, 8, JODHPUR, 98, SHERGARH, 1312, SOMESAR, 39952, 1161861, Total, 0, 0, 0, 0, 0, 0, 1254568, 1254568
2015, RAJASTHAN, 8, JODHPUR, 98, SHERGARH, 1312, SUWALIYA, 39953, 1171996, Maintenance of community system, 0, 0, 0, 0, 0, 0, 510613, 510613
2015, RAJASTHAN, 8, JODHPUR, 98, SHERGARH, 1312, SUWALIYA, 39953, 1171996, Roads, 0, 0, 0, 0, 0, 0, 1000000, 1000000
2015, RAJASTHAN, 8, JODHPUR, 98, SHERGARH, 1312, SUWALIYA, 39953, 1171996, Total, 0, 0, 0, 0, 0, 0, 1510613, 1510613
2015, RAJASTHAN, 8, JODHPUR, 98, SHERGARH, 1312, TENA, 39954, 1161569, Drinking water, 0, 0, 0, 0, 0, 0, 1069000, 1069000
2015, RAJASTHAN, 8, JODHPUR, 98, SHERGARH, 1312, TENA, 39954, 1161569, Sanitation, 0, 0, 0, 0, 0, 0, 400000, 400000
2015, RAJASTHAN, 8, JODHPUR, 98, SHERGARH, 1312, TENA, 39954, 1161569, Social welfare, 0, 0, 0, 0, 0, 0, 228722, 228722
2015, RAJASTHAN, 8, JODHPUR, 98, SHERGARH, 1312, TENA, 39954, 1161569, Total, 0, 0, 0, 0, 0, 0, 1697722, 1697722
2015, RAJASTHAN, 8, JODHPUR, 98, TINWARI, 262759, BALARWA, 39819, 1166114, Roads, 0, 0, 0, 0, 0, 0, 600000, 600000
2015, RAJASTHAN, 8, JODHPUR, 98, TINWARI, 262759, BALARWA, 39819, 1166114, Total, 0, 0, 0, 0, 0, 0, 600000, 600000
2015, RAJASTHAN, 8, JODHPUR, 98, TINWARI, 262759, BANA KA BAS, 39820, 1165571, Drinking water, 0, 0, 0, 0, 0, 0, 216848, 216848
2015, RAJASTHAN, 8, JODHPUR, 98, TINWARI, 262759, BANA KA BAS, 39820, 1165571, Total, 0, 0, 0, 0, 0, 0, 216848, 216848
2015, RAJASTHAN, 8, JODHPUR, 98, TINWARI, 262759, BARLA BASNI, 39824, 1166126, Drinking water, 0, 0, 0, 0, 0, 0, 770000, 770000
2015, RAJASTHAN, 8, JODHPUR, 98, TINWARI, 262759, BARLA BASNI, 39824, 1166126, Total, 0, 0, 0, 0, 0, 0, 770000, 770000
2015, RAJASTHAN, 8, JODHPUR, 98, TINWARI, 262759, BEENJWARIYA, 39833, 1165620, Drinking water, 0, 0, 0, 0, 0, 0, 500000, 500000
2015, RAJASTHAN, 8, JODHPUR, 98, TINWARI, 262759, BEENJWARIYA, 39833, 1165620, Maintenance of community system, 0, 0, 0, 0, 0, 0, 500000, 500000
2015, RAJASTHAN, 8, JODHPUR, 98, TINWARI, 262759, BEENJWARIYA, 39833, 1165620, Total, 0, 0, 0, 0, 0, 0, 1000000, 1000000
2015, RAJASTHAN, 8, JODHPUR, 98, TINWARI, 262759, BHAISER KOTWALI, 39830, 1166492, Drinking water, 0, 0, 0, 0, 0, 0, 900000, 900000
2015, RAJASTHAN, 8, JODHPUR, 98, TINWARI, 262759, BHAISER KOTWALI, 39830, 1166492, Total, 0, 0, 0, 0, 0, 0, 900000, 900000
2015, RAJASTHAN, 8, JODHPUR, 98, TINWARI, 262759, Bada Kotecha, 262527, 1166223, Drinking water, 0, 0, 0, 0, 0, 0, 300000, 300000
2015, RAJASTHAN, 8, JODHPUR, 98, TINWARI, 262759, Bada Kotecha, 262527, 1166223, Roads, 0, 0, 0, 0, 0, 0, 500000, 500000
2015, RAJASTHAN, 8, JODHPUR, 98, TINWARI, 262759, Bada Kotecha, 262527, 1166223, Total, 0, 0, 0, 0, 0, 0, 800000, 800000
2015, RAJASTHAN, 8, JODHPUR, 98, TINWARI, 262759, CHAUPASANI CHARNAN, 39839, 1166568, Drinking water, 0, 0, 0, 0, 0, 0, 600000, 600000
2015, RAJASTHAN, 8, JODHPUR, 98, TINWARI, 262759, CHAUPASANI CHARNAN, 39839, 1166568, Total, 0, 0, 0, 0, 0, 0, 600000, 600000
2015, RAJASTHAN, 8, JODHPUR, 98, TINWARI, 262759, CHERAI, 39838, 1166641, Drinking water, 0, 0, 0, 0, 0, 0, 175000, 175000
2015, RAJASTHAN, 8, JODHPUR, 98, TINWARI, 262759, CHERAI, 39838, 1166641, Rural electrification, 0, 0, 0, 0, 0, 0, 300000, 300000
2015, RAJASTHAN, 8, JODHPUR, 98, TINWARI, 262759, CHERAI, 39838, 1166641, Total, 0, 0, 0, 0, 0, 0, 475000, 475000
2015, RAJASTHAN, 8, JODHPUR, 98, TINWARI, 262759, Chandaliya, 262515, 1166563, Drinking water, 0, 0, 0, 0, 0, 0, 150000, 150000
2015, RAJASTHAN, 8, JODHPUR, 98, TINWARI, 262759, Chandaliya, 262515, 1166563, Maintenance of community system, 0, 0, 0, 0, 0, 0, 350000, 350000
2015, RAJASTHAN, 8, JODHPUR, 98, TINWARI, 262759, Chandaliya, 262515, 1166563, Total, 0, 0, 0, 0, 0, 0, 500000, 500000
2015, RAJASTHAN, 8, JODHPUR, 98, TINWARI, 262759, Dholiaya Nagar, 262503, 1163390, Drinking water, 0, 0, 0, 0, 0, 0, 950000, 950000
2015, RAJASTHAN, 8, JODHPUR, 98, TINWARI, 262759, Dholiaya Nagar, 262503, 1163390, Maintenance of community system, 0, 0, 0, 0, 0, 0, 33000, 33000
2015, RAJASTHAN, 8, JODHPUR, 98, TINWARI, 262759, Dholiaya Nagar, 262503, 1163390, Total, 0, 0, 0, 0, 0, 0, 983000, 983000
2015, RAJASTHAN, 8, JODHPUR, 98, TINWARI, 262759, GANGADI, 262517, 1165532, Drinking water, 0, 0, 0, 0, 0, 0, 126000, 126000
2015, RAJASTHAN, 8, JODHPUR, 98, TINWARI, 262759, GANGADI, 262517, 1165532, Education, 0, 0, 0, 0, 0, 0, 121000, 121000
2015, RAJASTHAN, 8, JODHPUR, 98, TINWARI, 262759, GANGADI, 262517, 1165532, Total, 0, 0, 0, 0, 0, 0, 247000, 247000
2015, RAJASTHAN, 8, JODHPUR, 98, TINWARI, 262759, GHEWRA, 39844, 1163394, Drinking water, 0, 0, 0, 0, 0, 0, 150000, 150000
2015, RAJASTHAN, 8, JODHPUR, 98, TINWARI, 262759, GHEWRA, 39844, 1163394, Maintenance of community system, 0, 0, 0, 0, 0, 0, 121622, 121622
2015, RAJASTHAN, 8, JODHPUR, 98, TINWARI, 262759, GHEWRA, 39844, 1163394, Sanitation, 0, 0, 0, 0, 0, 0, 850000, 850000
2015, RAJASTHAN, 8, JODHPUR, 98, TINWARI, 262759, GHEWRA, 39844, 1163394, Total, 0, 0, 0, 0, 0, 0, 1121622, 1121622
2015, RAJASTHAN, 8, JODHPUR, 98, TINWARI, 262759, Gopasariya, 262523, 1163391, Drinking water, 0, 0, 0, 0, 0, 0, 500000, 500000
2015, RAJASTHAN, 8, JODHPUR, 98, TINWARI, 262759, Gopasariya, 262523, 1163391, Total, 0, 0, 0, 0, 0, 0, 500000, 500000
2015, RAJASTHAN, 8, JODHPUR, 98, TINWARI, 262759, JELOO, 39847, 1165469, Drinking water, 0, 0, 0, 0, 0, 0, 300000, 300000
2015, RAJASTHAN, 8, JODHPUR, 98, TINWARI, 262759, JELOO, 39847, 1165469, Roads, 0, 0, 0, 0, 0, 0, 700000, 700000
2015, RAJASTHAN, 8, JODHPUR, 98, TINWARI, 262759, JELOO, 39847, 1165469, Total, 0, 0, 0, 0, 0, 0, 1000000, 1000000
2015, RAJASTHAN, 8, JODHPUR, 98, TINWARI, 262759, JUR, 39849, 1165580, Maintenance of community system, 0, 0, 0, 0, 0, 0, 50000, 50000
2015, RAJASTHAN, 8, JODHPUR, 98, TINWARI, 262759, JUR, 39849, 1165580, Roads, 0, 0, 0, 0, 0, 0, 750000, 750000
2015, RAJASTHAN, 8, JODHPUR, 98, TINWARI, 262759, JUR, 39849, 1165580, Total, 0, 0, 0, 0, 0, 0, 800000, 800000
2015, RAJASTHAN, 8, JODHPUR, 98, TINWARI, 262759, Khudiyala, 262519, 1166199, Drinking water, 0, 0, 0, 0, 0, 0, 590000, 590000
2015, RAJASTHAN, 8, JODHPUR, 98, TINWARI, 262759, Khudiyala, 262519, 1166199, Education, 0, 0, 0, 0, 0, 0, 50000, 50000
2015, RAJASTHAN, 8, JODHPUR, 98, TINWARI, 262759, Khudiyala, 262519, 1166199, Total, 0, 0, 0, 0, 0, 0, 640000, 640000
2015, RAJASTHAN, 8, JODHPUR, 98, TINWARI, 262759, MALOONGAN, 39860, 1166478, Drinking water, 0, 0, 0, 0, 0, 0, 125000, 125000
2015, RAJASTHAN, 8, JODHPUR, 98, TINWARI, 262759, MALOONGAN, 39860, 1166478, Maintenance of community system, 0, 0, 0, 0, 0, 0, 50000, 50000
2015, RAJASTHAN, 8, JODHPUR, 98, TINWARI, 262759, MALOONGAN, 39860, 1166478, Roads, 0, 0, 0, 0, 0, 0, 500000, 500000
2015, RAJASTHAN, 8, JODHPUR, 98, TINWARI, 262759, MALOONGAN, 39860, 1166478, Total, 0, 0, 0, 0, 0, 0, 675000, 675000
2015, RAJASTHAN, 8, JODHPUR, 98, TINWARI, 262759, MANDIYAI KHURD, 39861, 1166485, Drinking water, 0, 0, 0, 0, 0, 0, 721000, 721000
2015, RAJASTHAN, 8, JODHPUR, 98, TINWARI, 262759, MANDIYAI KHURD, 39861, 1166485, Total, 0, 0, 0, 0, 0, 0, 721000, 721000
2015, RAJASTHAN, 8, JODHPUR, 98, TINWARI, 262759, MATHANIYA, 39862, 1166507, Roads, 0, 0, 0, 0, 0, 0, 1650000, 1650000
2015, RAJASTHAN, 8, JODHPUR, 98, TINWARI, 262759, MATHANIYA, 39862, 1166507, Total, 0, 0, 0, 0, 0, 0, 1650000, 1650000
2015, RAJASTHAN, 8, JODHPUR, 98, TINWARI, 262759, Mahadev Nagar, 262511, 1166438, Drinking water, 0, 0, 0, 0, 0, 0, 700000, 700000
2015, RAJASTHAN, 8, JODHPUR, 98, TINWARI, 262759, Mahadev Nagar, 262511, 1166438, Maintenance of community system, 0, 0, 0, 0, 0, 0, 200000, 200000
2015, RAJASTHAN, 8, JODHPUR, 98, TINWARI, 262759, Mahadev Nagar, 262511, 1166438, Total, 0, 0, 0, 0, 0, 0, 900000, 900000
2015, RAJASTHAN, 8, JODHPUR, 98, TINWARI, 262759, Mino Ki Dhani, 262490, 1166572, Drinking water, 0, 0, 0, 0, 0, 0, 565000, 565000
2015, RAJASTHAN, 8, JODHPUR, 98, TINWARI, 262759, Mino Ki Dhani, 262490, 1166572, Total, 0, 0, 0, 0, 0, 0, 565000, 565000
2015, RAJASTHAN, 8, JODHPUR, 98, TINWARI, 262759, PANCHLAKHURD, 39873, 1166556, Drinking water, 0, 0, 0, 0, 0, 0, 260000, 260000
2015, RAJASTHAN, 8, JODHPUR, 98, TINWARI, 262759, PANCHLAKHURD, 39873, 1166556, Total, 0, 0, 0, 0, 0, 0, 260000, 260000
2015, RAJASTHAN, 8, JODHPUR, 98, TINWARI, 262759, RAMPURA BHATIYAN, 39877, 1166640, Roads, 0, 0, 0, 0, 0, 0, 125000, 125000
2015, RAJASTHAN, 8, JODHPUR, 98, TINWARI, 262759, RAMPURA BHATIYAN, 39877, 1166640, Sanitation, 0, 0, 0, 0, 0, 0, 50000, 50000
2015, RAJASTHAN, 8, JODHPUR, 98, TINWARI, 262759, RAMPURA BHATIYAN, 39877, 1166640, Total, 0, 0, 0, 0, 0, 0, 175000, 175000
2015, RAJASTHAN, 8, JODHPUR, 98, TINWARI, 262759, SANTORA KHURD, 39879, 1165605, Rural electrification, 0, 0, 0, 0, 0, 0, 300000, 300000
2015, RAJASTHAN, 8, JODHPUR, 98, TINWARI, 262759, SANTORA KHURD, 39879, 1165605, Total, 0, 0, 0, 0, 0, 0, 300000, 300000
2015, RAJASTHAN, 8, JODHPUR, 98, TINWARI, 262759, TINWARI, 39883, 1166536, Drinking water, 0, 0, 0, 0, 0, 0, 850000, 850000
2015, RAJASTHAN, 8, JODHPUR, 98, TINWARI, 262759, TINWARI, 39883, 1166536, Roads, 0, 0, 0, 0, 0, 0, 350000, 350000
2015, RAJASTHAN, 8, JODHPUR, 98, TINWARI, 262759, TINWARI, 39883, 1166536, Total, 0, 0, 0, 0, 0, 0, 1200000, 1200000
2015, RAJASTHAN, 8, JODHPUR, 98, TINWARI, 262759, UMMEDNAGAR, 39884, 1163295, Drinking water, 0, 0, 0, 0, 0, 0, 972351, 972351
2015, RAJASTHAN, 8, JODHPUR, 98, TINWARI, 262759, UMMEDNAGAR, 39884, 1163295, Total, 0, 0, 0, 0, 0, 0, 972351, 972351
2015, RAJASTHAN, 8, KARAULI, 99, HINDAUN, 1313, AKBARPUR, 262110, 1065930, Public distribution system, 0, 0, 0, 0, 0, 0, 1000000, 1000000
2015, RAJASTHAN, 8, KARAULI, 99, HINDAUN, 1313, AKBARPUR, 262110, 1065930, Total, 0, 0, 0, 0, 0, 0, 1000000, 1000000
2015, RAJASTHAN, 8, KARAULI, 99, HINDAUN, 1313, ALIPURA, 39956, 1081654, Social welfare, 0, 0, 0, 0, 0, 0, 1561311, 1561311
2015, RAJASTHAN, 8, KARAULI, 99, HINDAUN, 1313, ALIPURA, 39956, 1081654, Total, 0, 0, 0, 0, 0, 0, 1561311, 1561311
2015, RAJASTHAN, 8, KARAULI, 99, HINDAUN, 1313, BARGAWAN, 39960, 1148332, Social welfare, 0, 0, 0, 0, 0, 0, 1196336, 1196336
2015, RAJASTHAN, 8, KARAULI, 99, HINDAUN, 1313, BARGAWAN, 39960, 1148332, Total, 0, 0, 0, 0, 0, 0, 1196336, 1196336
2015, RAJASTHAN, 8, KARAULI, 99, HINDAUN, 1313, BHANGO, 39961, 1129831, Social welfare, 0, 0, 0, 0, 0, 0, 1796733, 1796733
2015, RAJASTHAN, 8, KARAULI, 99, HINDAUN, 1313, BHANGO, 39961, 1129831, Total, 0, 0, 0, 0, 0, 0, 1796733, 1796733
2015, RAJASTHAN, 8, KARAULI, 99, HINDAUN, 1313, BHUKRAWALI, 39962, 1227699, Sanitation, 0, 0, 0, 0, 0, 0, 400000, 400000
2015, RAJASTHAN, 8, KARAULI, 99, HINDAUN, 1313, BHUKRAWALI, 39962, 1227699, Social welfare, 0, 0, 0, 0, 0, 0, 1513191, 1513191
2015, RAJASTHAN, 8, KARAULI, 99, HINDAUN, 1313, BHUKRAWALI, 39962, 1227699, Total, 0, 0, 0, 0, 0, 0, 1913191, 1913191
2015, RAJASTHAN, 8, KARAULI, 99, HINDAUN, 1313, CHANDANGAON, 39963, 1126186, Social welfare, 0, 0, 0, 0, 0, 0, 1258744, 1258744
2015, RAJASTHAN, 8, KARAULI, 99, HINDAUN, 1313, CHANDANGAON, 39963, 1126186, Total, 0, 0, 0, 0, 0, 0, 1258744, 1258744
2015, RAJASTHAN, 8, KARAULI, 99, HINDAUN, 1313, CHINAYATA, 39964, 1125950, Social welfare, 0, 0, 0, 0, 0, 0, 1477728, 1477728
2015, RAJASTHAN, 8, KARAULI, 99, HINDAUN, 1313, CHINAYATA, 39964, 1125950, Total, 0, 0, 0, 0, 0, 0, 1477728, 1477728
2015, RAJASTHAN, 8, KARAULI, 99, HINDAUN, 1313, DANALPUR, 39966, 1143249, Social welfare, 0, 0, 0, 0, 0, 0, 1348177, 1348177
2015, RAJASTHAN, 8, KARAULI, 99, HINDAUN, 1313, DANALPUR, 39966, 1143249, Total, 0, 0, 0, 0, 0, 0, 1348177, 1348177
2015, RAJASTHAN, 8, KARAULI, 99, HINDAUN, 1313, DHAHARA, 39965, 1149437, Social welfare, 0, 0, 0, 0, 0, 0, 1370465, 1370465
2015, RAJASTHAN, 8, KARAULI, 99, HINDAUN, 1313, DHAHARA, 39965, 1149437, Total, 0, 0, 0, 0, 0, 0, 1370465, 1370465
2015, RAJASTHAN, 8, KARAULI, 99, HINDAUN, 1313, DHINDORA, 39967, 1083248, Social welfare, 0, 0, 0, 0, 0, 0, 3060771, 3060771
2015, RAJASTHAN, 8, KARAULI, 99, HINDAUN, 1313, DHINDORA, 39967, 1083248, Total, 0, 0, 0, 0, 0, 0, 3060771, 3060771
2015, RAJASTHAN, 8, KARAULI, 99, HINDAUN, 1313, GAODA MEENA, 39968, 1157330, Social welfare, 0, 0, 0, 0, 0, 0, 1268495, 1268495
2015, RAJASTHAN, 8, KARAULI, 99, HINDAUN, 1313, GAODA MEENA, 39968, 1157330, Total, 0, 0, 0, 0, 0, 0, 1268495, 1268495
2015, RAJASTHAN, 8, KARAULI, 99, HINDAUN, 1313, GAONRI, 39969, 1087870, Social welfare, 0, 0, 0, 0, 0, 0, 1349569, 1349569
2015, RAJASTHAN, 8, KARAULI, 99, HINDAUN, 1313, GAONRI, 39969, 1087870, Total, 0, 0, 0, 0, 0, 0, 1349569, 1349569
2015, RAJASTHAN, 8, KARAULI, 99, HINDAUN, 1313, GHONSLA, 39970, 1086020, Social welfare, 0, 0, 0, 0, 0, 0, 1319481, 1319481
2015, RAJASTHAN, 8, KARAULI, 99, HINDAUN, 1313, GHONSLA, 39970, 1086020, Total, 0, 0, 0, 0, 0, 0, 1319481, 1319481
2015, RAJASTHAN, 8, KARAULI, 99, HINDAUN, 1313, GUNSAR, 39971, 1047372, Drinking water, 0, 0, 0, 0, 0, 0, 216000, 216000
2015, RAJASTHAN, 8, KARAULI, 99, HINDAUN, 1313, GUNSAR, 39971, 1047372, Social welfare, 0, 0, 0, 0, 0, 0, 64000, 64000
2015, RAJASTHAN, 8, KARAULI, 99, HINDAUN, 1313, GUNSAR, 39971, 1047372, Total, 0, 0, 0, 0, 0, 0, 280000, 280000
2015, RAJASTHAN, 8, KARAULI, 99, HINDAUN, 1313, HUKMI KHERA, 39972, 1143257, Social welfare, 0, 0, 0, 0, 0, 0, 1529828, 1529828
2015, RAJASTHAN, 8, KARAULI, 99, HINDAUN, 1313, HUKMI KHERA, 39972, 1143257, Total, 0, 0, 0, 0, 0, 0, 1529828, 1529828
2015, RAJASTHAN, 8, KARAULI, 99, HINDAUN, 1313, IRNIYA, 39973, 1084154, Drinking water, 0, 0, 0, 0, 0, 0, 2286, 2286
2015, RAJASTHAN, 8, KARAULI, 99, HINDAUN, 1313, IRNIYA, 39973, 1084154, Social welfare, 0, 0, 0, 0, 0, 0, 1700000, 1700000
2015, RAJASTHAN, 8, KARAULI, 99, HINDAUN, 1313, IRNIYA, 39973, 1084154, Total, 0, 0, 0, 0, 0, 0, 1702286, 1702286
2015, RAJASTHAN, 8, KARAULI, 99, HINDAUN, 1313, JAGAR, 39974, 1233245, Drinking water, 0, 0, 0, 0, 0, 0, 67179, 67179
2015, RAJASTHAN, 8, KARAULI, 99, HINDAUN, 1313, JAGAR, 39974, 1233245, Roads, 0, 0, 0, 0, 0, 0, 1000000, 1000000
2015, RAJASTHAN, 8, KARAULI, 99, HINDAUN, 1313, JAGAR, 39974, 1233245, Social welfare, 0, 0, 0, 0, 0, 0, 2000000, 2000000
2015, RAJASTHAN, 8, KARAULI, 99, HINDAUN, 1313, JAGAR, 39974, 1233245, Total, 0, 0, 0, 0, 0, 0, 3067179, 3067179
2015, RAJASTHAN, 8, KARAULI, 99, HINDAUN, 1313, JAT NAGLA, 39975, 1078886, Drinking water, 0, 0, 0, 0, 0, 0, 226951, 226951
2015, RAJASTHAN, 8, KARAULI, 99, HINDAUN, 1313, JAT NAGLA, 39975, 1078886, Social welfare, 0, 0, 0, 0, 0, 0, 2334000, 2334000
2015, RAJASTHAN, 8, KARAULI, 99, HINDAUN, 1313, JAT NAGLA, 39975, 1078886, Total, 0, 0, 0, 0, 0, 0, 2560951, 2560951
2015, RAJASTHAN, 8, KARAULI, 99, HINDAUN, 1313, JATWARA, 39976, 1126806, Social welfare, 0, 0, 0, 0, 0, 0, 1521748, 1521748
2015, RAJASTHAN, 8, KARAULI, 99, HINDAUN, 1313, JATWARA, 39976, 1126806, Total, 0, 0, 0, 0, 0, 0, 1521748, 1521748
2015, RAJASTHAN, 8, KARAULI, 99, HINDAUN, 1313, JHAREDA, 39977, 1081677, Social welfare, 0, 0, 0, 0, 0, 0, 1488873, 1488873
2015, RAJASTHAN, 8, KARAULI, 99, HINDAUN, 1313, JHAREDA, 39977, 1081677, Total, 0, 0, 0, 0, 0, 0, 1488873, 1488873
2015, RAJASTHAN, 8, KARAULI, 99, HINDAUN, 1313, KACHROLI, 39978, 1095811, Social welfare, 0, 0, 0, 0, 0, 0, 1990922, 1990922
2015, RAJASTHAN, 8, KARAULI, 99, HINDAUN, 1313, KACHROLI, 39978, 1095811, Total, 0, 0, 0, 0, 0, 0, 1990922, 1990922
2015, RAJASTHAN, 8, KARAULI, 99, HINDAUN, 1313, KARSOLI, 39979, 1095676, Social welfare, 0, 0, 0, 0, 0, 0, 2678522, 2678522
2015, RAJASTHAN, 8, KARAULI, 99, HINDAUN, 1313, KARSOLI, 39979, 1095676, Total, 0, 0, 0, 0, 0, 0, 2678522, 2678522
2015, RAJASTHAN, 8, KARAULI, 99, HINDAUN, 1313, KATKAR, 39980, 1149320, Social welfare, 0, 0, 0, 0, 0, 0, 2182045, 2182045
2015, RAJASTHAN, 8, KARAULI, 99, HINDAUN, 1313, KATKAR, 39980, 1149320, Total, 0, 0, 0, 0, 0, 0, 2182045, 2182045
2015, RAJASTHAN, 8, KARAULI, 99, HINDAUN, 1313, KHARETA, 39981, 1126810, Social welfare, 0, 0, 0, 0, 0, 0, 1291063, 1291063
2015, RAJASTHAN, 8, KARAULI, 99, HINDAUN, 1313, KHARETA, 39981, 1126810, Total, 0, 0, 0, 0, 0, 0, 1291063, 1291063
2015, RAJASTHAN, 8, KARAULI, 99, HINDAUN, 1313, KHERA, 39982, 1129819, Drinking water, 0, 0, 0, 0, 0, 0, 396195, 396195
2015, RAJASTHAN, 8, KARAULI, 99, HINDAUN, 1313, KHERA, 39982, 1129819, Social welfare, 0, 0, 0, 0, 0, 0, 1500000, 1500000
2015, RAJASTHAN, 8, KARAULI, 99, HINDAUN, 1313, KHERA, 39982, 1129819, Total, 0, 0, 0, 0, 0, 0, 1896195, 1896195
2015, RAJASTHAN, 8, KARAULI, 99, HINDAUN, 1313, KHERI HEWAT, 39983, 1319660, Sanitation, 0, 0, 0, 0, 0, 0, 942404, 942404
2015, RAJASTHAN, 8, KARAULI, 99, HINDAUN, 1313, KHERI HEWAT, 39983, 1319660, Social welfare, 0, 0, 0, 0, 0, 0, 800000, 800000
2015, RAJASTHAN, 8, KARAULI, 99, HINDAUN, 1313, KHERI HEWAT, 39983, 1319660, Total, 0, 0, 0, 0, 0, 0, 1742404, 1742404
2015, RAJASTHAN, 8, KARAULI, 99, HINDAUN, 1313, KHERLI GOOJAR, 39984, 1099497, Social welfare, 0, 0, 0, 0, 0, 0, 1234784, 1234784
2015, RAJASTHAN, 8, KARAULI, 99, HINDAUN, 1313, KHERLI GOOJAR, 39984, 1099497, Total, 0, 0, 0, 0, 0, 0, 1234784, 1234784
2015, RAJASTHAN, 8, KARAULI, 99, HINDAUN, 1313, KOTRI, 39985, 1135259, Social welfare, 0, 0, 0, 0, 0, 0, 907978, 907978
2015, RAJASTHAN, 8, KARAULI, 99, HINDAUN, 1313, KOTRI, 39985, 1135259, Total, 0, 0, 0, 0, 0, 0, 907978, 907978
2015, RAJASTHAN, 8, KARAULI, 99, HINDAUN, 1313, KYARDA KHURD, 39986, 1081272, Drinking water, 0, 0, 0, 0, 0, 0, 679000, 679000
2015, RAJASTHAN, 8, KARAULI, 99, HINDAUN, 1313, KYARDA KHURD, 39986, 1081272, Roads, 0, 0, 0, 0, 0, 0, 151000, 151000
2015, RAJASTHAN, 8, KARAULI, 99, HINDAUN, 1313, KYARDA KHURD, 39986, 1081272, Social welfare, 0, 0, 0, 0, 0, 0, 1225558, 1225558
2015, RAJASTHAN, 8, KARAULI, 99, HINDAUN, 1313, KYARDA KHURD, 39986, 1081272, Total, 0, 0, 0, 0, 0, 0, 2055558, 2055558
2015, RAJASTHAN, 8, KARAULI, 99, HINDAUN, 1313, LAHCHORA, 39987, 1135797, Social welfare, 0, 0, 0, 0, 0, 0, 1870564, 1870564
2015, RAJASTHAN, 8, KARAULI, 99, HINDAUN, 1313, LAHCHORA, 39987, 1135797, Total, 0, 0, 0, 0, 0, 0, 1870564, 1870564
2015, RAJASTHAN, 8, KARAULI, 99, HINDAUN, 1313, MAHOO IBRAHIMPUR, 39988, 1099461, Social welfare, 0, 0, 0, 0, 0, 0, 1299421, 1299421
2015, RAJASTHAN, 8, KARAULI, 99, HINDAUN, 1313, MAHOO IBRAHIMPUR, 39988, 1099461, Total, 0, 0, 0, 0, 0, 0, 1299421, 1299421
2015, RAJASTHAN, 8, KARAULI, 99, HINDAUN, 1313, MAHOO KHAS, 39989, 1093744, Social welfare, 0, 0, 0, 0, 0, 0, 1531500, 1531500
2015, RAJASTHAN, 8, KARAULI, 99, HINDAUN, 1313, MAHOO KHAS, 39989, 1093744, Total, 0, 0, 0, 0, 0, 0, 1531500, 1531500
2015, RAJASTHAN, 8, KARAULI, 99, HINDAUN, 1313, MANDAWARA, 39990, 1238808, Education, 0, 0, 0, 0, 0, 0, 800000, 800000
2015, RAJASTHAN, 8, KARAULI, 99, HINDAUN, 1313, MANDAWARA, 39990, 1238808, Social welfare, 0, 0, 0, 0, 0, 0, 2724928, 2724928
2015, RAJASTHAN, 8, KARAULI, 99, HINDAUN, 1313, MANDAWARA, 39990, 1238808, Total, 0, 0, 0, 0, 0, 0, 3524928, 3524928
2015, RAJASTHAN, 8, KARAULI, 99, HINDAUN, 1313, MOTHIYAPURA, 39991, 1082119, Social welfare, 0, 0, 0, 0, 0, 0, 905471, 905471
2015, RAJASTHAN, 8, KARAULI, 99, HINDAUN, 1313, MOTHIYAPURA, 39991, 1082119, Total, 0, 0, 0, 0, 0, 0, 905471, 905471
2015, RAJASTHAN, 8, KARAULI, 99, HINDAUN, 1313, NAGLA MEENA, 39992, 1157641, Social welfare, 0, 0, 0, 0, 0, 0, 891540, 891540
2015, RAJASTHAN, 8, KARAULI, 99, HINDAUN, 1313, NAGLA MEENA, 39992, 1157641, Total, 0, 0, 0, 0, 0, 0, 891540, 891540
2015, RAJASTHAN, 8, KARAULI, 99, HINDAUN, 1313, PALANPUR, 39994, 1153866, Social welfare, 0, 0, 0, 0, 0, 0, 1919319, 1919319
2015, RAJASTHAN, 8, KARAULI, 99, HINDAUN, 1313, PALANPUR, 39994, 1153866, Total, 0, 0, 0, 0, 0, 0, 1919319, 1919319
2015, RAJASTHAN, 8, KARAULI, 99, HINDAUN, 1313, PALI, 39995, 1126813, Social welfare, 0, 0, 0, 0, 0, 0, 1786146, 1786146
2015, RAJASTHAN, 8, KARAULI, 99, HINDAUN, 1313, PALI, 39995, 1126813, Total, 0, 0, 0, 0, 0, 0, 1786146, 1786146
2015, RAJASTHAN, 8, KARAULI, 99, HINDAUN, 1313, PATAUNDA, 39996, 1153862, Social welfare, 0, 0, 0, 0, 0, 0, 1687241, 1687241
2015, RAJASTHAN, 8, KARAULI, 99, HINDAUN, 1313, PATAUNDA, 39996, 1153862, Total, 0, 0, 0, 0, 0, 0, 1687241, 1687241
2015, RAJASTHAN, 8, KARAULI, 99, HINDAUN, 1313, PHULWARA, 39997, 1082209, Social welfare, 0, 0, 0, 0, 0, 0, 1956375, 1956375
2015, RAJASTHAN, 8, KARAULI, 99, HINDAUN, 1313, PHULWARA, 39997, 1082209, Total, 0, 0, 0, 0, 0, 0, 1956375, 1956375
2015, RAJASTHAN, 8, KARAULI, 99, HINDAUN, 1313, REWAI, 39998, 1150225, Social welfare, 0, 0, 0, 0, 0, 0, 1491102, 1491102
2015, RAJASTHAN, 8, KARAULI, 99, HINDAUN, 1313, REWAI, 39998, 1150225, Total, 0, 0, 0, 0, 0, 0, 1491102, 1491102
2015, RAJASTHAN, 8, KARAULI, 99, HINDAUN, 1313, SANET, 39999, 1082257, Social welfare, 0, 0, 0, 0, 0, 0, 1487480, 1487480
2015, RAJASTHAN, 8, KARAULI, 99, HINDAUN, 1313, SANET, 39999, 1082257, Total, 0, 0, 0, 0, 0, 0, 1487480, 1487480
2015, RAJASTHAN, 8, KARAULI, 99, HINDAUN, 1313, SHERPUR, 40000, 1087892, Social welfare, 0, 0, 0, 0, 0, 0, 3084453, 3084453
2015, RAJASTHAN, 8, KARAULI, 99, HINDAUN, 1313, SHERPUR, 40000, 1087892, Total, 0, 0, 0, 0, 0, 0, 3084453, 3084453
2015, RAJASTHAN, 8, KARAULI, 99, HINDAUN, 1313, SHRI MAHAVEER JI, 39993, 1159020, Social welfare, 0, 0, 0, 0, 0, 0, 1261251, 1261251
2015, RAJASTHAN, 8, KARAULI, 99, HINDAUN, 1313, SHRI MAHAVEER JI, 39993, 1159020, Total, 0, 0, 0, 0, 0, 0, 1261251, 1261251
2015, RAJASTHAN, 8, KARAULI, 99, HINDAUN, 1313, SIKRODA MEENA, 40001, 1229439, Roads, 0, 0, 0, 0, 0, 0, 486584, 486584
2015, RAJASTHAN, 8, KARAULI, 99, HINDAUN, 1313, SIKRODA MEENA, 40001, 1229439, Social welfare, 0, 0, 0, 0, 0, 0, 700000, 700000
2015, RAJASTHAN, 8, KARAULI, 99, HINDAUN, 1313, SIKRODA MEENA, 40001, 1229439, Total, 0, 0, 0, 0, 0, 0, 1186584, 1186584
2015, RAJASTHAN, 8, KARAULI, 99, HINDAUN, 1313, SOMALA RATRA, 40002, 1129825, Social welfare, 0, 0, 0, 0, 0, 0, 1685291, 1685291
2015, RAJASTHAN, 8, KARAULI, 99, HINDAUN, 1313, SOMALA RATRA, 40002, 1129825, Total, 0, 0, 0, 0, 0, 0, 1685291, 1685291
2015, RAJASTHAN, 8, KARAULI, 99, HINDAUN, 1313, SUROTH, 40003, 1135479, Social welfare, 0, 0, 0, 0, 0, 0, 3839197, 3839197
2015, RAJASTHAN, 8, KARAULI, 99, HINDAUN, 1313, SUROTH, 40003, 1135479, Total, 0, 0, 0, 0, 0, 0, 3839197, 3839197
2015, RAJASTHAN, 8, KARAULI, 99, HINDAUN, 1313, TODOOPURA, 40004, 1129829, Social welfare, 0, 0, 0, 0, 0, 0, 1325053, 1325053
2015, RAJASTHAN, 8, KARAULI, 99, HINDAUN, 1313, TODOOPURA, 40004, 1129829, Total, 0, 0, 0, 0, 0, 0, 1325053, 1325053
2015, RAJASTHAN, 8, KARAULI, 99, HINDAUN, 1313, VAJHEDA, 39958, 1086612, Drinking water, 0, 0, 0, 0, 0, 0, 350000, 350000
2015, RAJASTHAN, 8, KARAULI, 99, HINDAUN, 1313, VAJHEDA, 39958, 1086612, Social welfare, 0, 0, 0, 0, 0, 0, 1213261, 1213261
2015, RAJASTHAN, 8, KARAULI, 99, HINDAUN, 1313, VAJHEDA, 39958, 1086612, Total, 0, 0, 0, 0, 0, 0, 1563261, 1563261
2015, RAJASTHAN, 8, KARAULI, 99, HINDAUN, 1313, VAJNA KALAN, 39959, 1081254, Social welfare, 0, 0, 0, 0, 0, 0, 1980892, 1980892
2015, RAJASTHAN, 8, KARAULI, 99, HINDAUN, 1313, VAJNA KALAN, 39959, 1081254, Total, 0, 0, 0, 0, 0, 0, 1980892, 1980892
2015, RAJASTHAN, 8, KARAULI, 99, HINDAUN, 1313, VANKI, 40005, 1135239, Drinking water, 0, 0, 0, 0, 0, 0, 100000, 100000
2015, RAJASTHAN, 8, KARAULI, 99, HINDAUN, 1313, VANKI, 40005, 1135239, Social welfare, 0, 0, 0, 0, 0, 0, 1317828, 1317828
2015, RAJASTHAN, 8, KARAULI, 99, HINDAUN, 1313, VANKI, 40005, 1135239, Total, 0, 0, 0, 0, 0, 0, 1417828, 1417828
2015, RAJASTHAN, 8, KARAULI, 99, HINDAUN, 1313, VIJAYPURA, 40006, 1235059, Roads, 0, 0, 0, 0, 0, 0, 1200516, 1200516
2015, RAJASTHAN, 8, KARAULI, 99, HINDAUN, 1313, VIJAYPURA, 40006, 1235059, Total, 0, 0, 0, 0, 0, 0, 1200516, 1200516
2015, RAJASTHAN, 8, KARAULI, 99, HINDAUN, 1313, WAI JATT, 39957, 1129836, Social welfare, 0, 0, 0, 0, 0, 0, 1250386, 1250386
2015, RAJASTHAN, 8, KARAULI, 99, HINDAUN, 1313, WAI JATT, 39957, 1129836, Total, 0, 0, 0, 0, 0, 0, 1250386, 1250386
2015, RAJASTHAN, 8, KARAULI, 99, KARAULI, 1314, ATEWA, 40007, 1092814, Drinking water, 0, 0, 0, 0, 0, 0, 1140000, 1140000
2015, RAJASTHAN, 8, KARAULI, 99, KARAULI, 1314, ATEWA, 40007, 1092814, Social welfare, 0, 0, 0, 0, 0, 0, 85518, 85518
2015, RAJASTHAN, 8, KARAULI, 99, KARAULI, 1314, ATEWA, 40007, 1092814, Total, 0, 0, 0, 0, 0, 0, 1225518, 1225518
2015, RAJASTHAN, 8, KARAULI, 99, KARAULI, 1314, BEEJALPUR, 40008, 1090479, Drinking water, 0, 0, 0, 0, 0, 0, 650000, 650000
2015, RAJASTHAN, 8, KARAULI, 99, KARAULI, 1314, BEEJALPUR, 40008, 1090479, Roads, 0, 0, 0, 0, 0, 0, 500000, 500000
2015, RAJASTHAN, 8, KARAULI, 99, KARAULI, 1314, BEEJALPUR, 40008, 1090479, Total, 0, 0, 0, 0, 0, 0, 1150000, 1150000
2015, RAJASTHAN, 8, KARAULI, 99, KARAULI, 1314, BHAVLI, 40009, 1081492, Drinking water, 0, 0, 0, 0, 0, 0, 1020000, 1020000
2015, RAJASTHAN, 8, KARAULI, 99, KARAULI, 1314, BHAVLI, 40009, 1081492, Total, 0, 0, 0, 0, 0, 0, 1020000, 1020000
2015, RAJASTHAN, 8, KARAULI, 99, KARAULI, 1314, CHAINPUR GADOLI, 40010, 1081498, Drinking water, 0, 0, 0, 0, 0, 0, 950000, 950000
2015, RAJASTHAN, 8, KARAULI, 99, KARAULI, 1314, CHAINPUR GADOLI, 40010, 1081498, Total, 0, 0, 0, 0, 0, 0, 950000, 950000
2015, RAJASTHAN, 8, KARAULI, 99, KARAULI, 1314, CHAINPUR WARRIYA, 40011, 1091788, Drinking water, 0, 0, 0, 0, 0, 0, 570000, 570000
2015, RAJASTHAN, 8, KARAULI, 99, KARAULI, 1314, CHAINPUR WARRIYA, 40011, 1091788, Total, 0, 0, 0, 0, 0, 0, 570000, 570000
2015, RAJASTHAN, 8, KARAULI, 99, KARAULI, 1314, DANDA, 40012, 1092822, Drinking water, 0, 0, 0, 0, 0, 0, 390000, 390000
2015, RAJASTHAN, 8, KARAULI, 99, KARAULI, 1314, DANDA, 40012, 1092822, Roads, 0, 0, 0, 0, 0, 0, 100000, 100000
2015, RAJASTHAN, 8, KARAULI, 99, KARAULI, 1314, DANDA, 40012, 1092822, Sanitation, 0, 0, 0, 0, 0, 0, 150000, 150000
2015, RAJASTHAN, 8, KARAULI, 99, KARAULI, 1314, DANDA, 40012, 1092822, Social welfare, 0, 0, 0, 0, 0, 0, 250000, 250000
2015, RAJASTHAN, 8, KARAULI, 99, KARAULI, 1314, DANDA, 40012, 1092822, Total, 0, 0, 0, 0, 0, 0, 890000, 890000
2015, RAJASTHAN, 8, KARAULI, 99, KARAULI, 1314, DUKAWALI, 40013, 1081267, Drinking water, 0, 0, 0, 0, 0, 0, 450000, 450000
2015, RAJASTHAN, 8, KARAULI, 99, KARAULI, 1314, DUKAWALI, 40013, 1081267, Total, 0, 0, 0, 0, 0, 0, 450000, 450000
2015, RAJASTHAN, 8, KARAULI, 99, KARAULI, 1314, FATEHPUR, 40014, 1102829, Drinking water, 0, 0, 0, 0, 0, 0, 660000, 660000
2015, RAJASTHAN, 8, KARAULI, 99, KARAULI, 1314, FATEHPUR, 40014, 1102829, Total, 0, 0, 0, 0, 0, 0, 660000, 660000
2015, RAJASTHAN, 8, KARAULI, 99, KARAULI, 1314, GERAI, 40015, 1084138, Drinking water, 0, 0, 0, 0, 0, 0, 960000, 960000
2015, RAJASTHAN, 8, KARAULI, 99, KARAULI, 1314, GERAI, 40015, 1084138, Total, 0, 0, 0, 0, 0, 0, 960000, 960000
2015, RAJASTHAN, 8, KARAULI, 99, KARAULI, 1314, GUNESRA, 40017, 1090416, Drinking water, 0, 0, 0, 0, 0, 0, 120000, 120000
2015, RAJASTHAN, 8, KARAULI, 99, KARAULI, 1314, GUNESRA, 40017, 1090416, Roads, 0, 0, 0, 0, 0, 0, 1900000, 1900000
2015, RAJASTHAN, 8, KARAULI, 99, KARAULI, 1314, GUNESRA, 40017, 1090416, Sanitation, 0, 0, 0, 0, 0, 0, 50000, 50000
2015, RAJASTHAN, 8, KARAULI, 99, KARAULI, 1314, GUNESRA, 40017, 1090416, Social welfare, 0, 0, 0, 0, 0, 0, 75000, 75000
2015, RAJASTHAN, 8, KARAULI, 99, KARAULI, 1314, GUNESRA, 40017, 1090416, Total, 0, 0, 0, 0, 0, 0, 2145000, 2145000
2015, RAJASTHAN, 8, KARAULI, 99, KARAULI, 1314, GURLA, 40016, 1092820, Drinking water, 0, 0, 0, 0, 0, 0, 500000, 500000
2015, RAJASTHAN, 8, KARAULI, 99, KARAULI, 1314, GURLA, 40016, 1092820, Total, 0, 0, 0, 0, 0, 0, 500000, 500000
2015, RAJASTHAN, 8, KARAULI, 99, KARAULI, 1314, GUWREDA, 40018, 1091783, Drinking water, 0, 0, 0, 0, 0, 0, 580000, 580000
2015, RAJASTHAN, 8, KARAULI, 99, KARAULI, 1314, GUWREDA, 40018, 1091783, Total, 0, 0, 0, 0, 0, 0, 580000, 580000
2015, RAJASTHAN, 8, KARAULI, 99, KARAULI, 1314, HARNAGAR, 40019, 1090448, Drinking water, 0, 0, 0, 0, 0, 0, 420000, 420000
2015, RAJASTHAN, 8, KARAULI, 99, KARAULI, 1314, HARNAGAR, 40019, 1090448, Public distribution system, 0, 0, 0, 0, 0, 0, 250000, 250000
2015, RAJASTHAN, 8, KARAULI, 99, KARAULI, 1314, HARNAGAR, 40019, 1090448, Roads, 0, 0, 0, 0, 0, 0, 350000, 350000
2015, RAJASTHAN, 8, KARAULI, 99, KARAULI, 1314, HARNAGAR, 40019, 1090448, Total, 0, 0, 0, 0, 0, 0, 1020000, 1020000
2015, RAJASTHAN, 8, KARAULI, 99, KARAULI, 1314, JAHANGEERPUR, 40020, 1092924, Drinking water, 0, 0, 0, 0, 0, 0, 1365000, 1365000
2015, RAJASTHAN, 8, KARAULI, 99, KARAULI, 1314, JAHANGEERPUR, 40020, 1092924, Roads, 0, 0, 0, 0, 0, 0, 56000, 56000
2015, RAJASTHAN, 8, KARAULI, 99, KARAULI, 1314, JAHANGEERPUR, 40020, 1092924, Sanitation, 0, 0, 0, 0, 0, 0, 200000, 200000
2015, RAJASTHAN, 8, KARAULI, 99, KARAULI, 1314, JAHANGEERPUR, 40020, 1092924, Total, 0, 0, 0, 0, 0, 0, 1621000, 1621000
2015, RAJASTHAN, 8, KARAULI, 99, KARAULI, 1314, JAMOORA, 40021, 1091780, Drinking water, 0, 0, 0, 0, 0, 0, 450000, 450000
2015, RAJASTHAN, 8, KARAULI, 99, KARAULI, 1314, JAMOORA, 40021, 1091780, Sanitation, 0, 0, 0, 0, 0, 0, 120000, 120000
2015, RAJASTHAN, 8, KARAULI, 99, KARAULI, 1314, JAMOORA, 40021, 1091780, Total, 0, 0, 0, 0, 0, 0, 570000, 570000
2015, RAJASTHAN, 8, KARAULI, 99, KARAULI, 1314, KAILADEVI, 40022, 1090450, Drinking water, 0, 0, 0, 0, 0, 0, 250000, 250000
2015, RAJASTHAN, 8, KARAULI, 99, KARAULI, 1314, KAILADEVI, 40022, 1090450, Sanitation, 0, 0, 0, 0, 0, 0, 200000, 200000
2015, RAJASTHAN, 8, KARAULI, 99, KARAULI, 1314, KAILADEVI, 40022, 1090450, Total, 0, 0, 0, 0, 0, 0, 450000, 450000
2015, RAJASTHAN, 8, KARAULI, 99, KARAULI, 1314, KANCHANPUR -TALHATI, 40023, 1081283, Drinking water, 0, 0, 0, 0, 0, 0, 416000, 416000
2015, RAJASTHAN, 8, KARAULI, 99, KARAULI, 1314, KANCHANPUR -TALHATI, 40023, 1081283, Land improvement, 0, 0, 0, 0, 0, 0, 1055042, 1055042
2015, RAJASTHAN, 8, KARAULI, 99, KARAULI, 1314, KANCHANPUR -TALHATI, 40023, 1081283, Total, 0, 0, 0, 0, 0, 0, 1471042, 1471042
2015, RAJASTHAN, 8, KARAULI, 99, KARAULI, 1314, KARSAI, 40024, 1084130, Roads, 0, 0, 0, 0, 0, 0, 623001, 623001
2015, RAJASTHAN, 8, KARAULI, 99, KARAULI, 1314, KARSAI, 40024, 1084130, Total, 0, 0, 0, 0, 0, 0, 623001, 623001
2015, RAJASTHAN, 8, KARAULI, 99, KARAULI, 1314, KASHIPURA, 40025, 1084128, Drinking water, 0, 0, 0, 0, 0, 0, 500000, 500000
2015, RAJASTHAN, 8, KARAULI, 99, KARAULI, 1314, KASHIPURA, 40025, 1084128, Roads, 0, 0, 0, 0, 0, 0, 500000, 500000
2015, RAJASTHAN, 8, KARAULI, 99, KARAULI, 1314, KASHIPURA, 40025, 1084128, Total, 0, 0, 0, 0, 0, 0, 1000000, 1000000
2015, RAJASTHAN, 8, KARAULI, 99, KARAULI, 1314, KHEDIYA, 40026, 1092916, Drinking water, 0, 0, 0, 0, 0, 0, 1020000, 1020000
2015, RAJASTHAN, 8, KARAULI, 99, KARAULI, 1314, KHEDIYA, 40026, 1092916, Total, 0, 0, 0, 0, 0, 0, 1020000, 1020000
2015, RAJASTHAN, 8, KARAULI, 99, KARAULI, 1314, KHOOBNAGAR, 40027, 1080136, Drinking water, 0, 0, 0, 0, 0, 0, 524000, 524000
2015, RAJASTHAN, 8, KARAULI, 99, KARAULI, 1314, KHOOBNAGAR, 40027, 1080136, Public distribution system, 0, 0, 0, 0, 0, 0, 250000, 250000
2015, RAJASTHAN, 8, KARAULI, 99, KARAULI, 1314, KHOOBNAGAR, 40027, 1080136, Sanitation, 0, 0, 0, 0, 0, 0, 650833, 650833
2015, RAJASTHAN, 8, KARAULI, 99, KARAULI, 1314, KHOOBNAGAR, 40027, 1080136, Social forestry and farm forestry, 0, 0, 0, 0, 0, 0, 200000, 200000
2015, RAJASTHAN, 8, KARAULI, 99, KARAULI, 1314, KHOOBNAGAR, 40027, 1080136, Total, 0, 0, 0, 0, 0, 0, 1624833, 1624833
2015, RAJASTHAN, 8, KARAULI, 99, KARAULI, 1314, KHOODA, 40028, 1084126, Drinking water, 0, 0, 0, 0, 0, 0, 660000, 660000
2015, RAJASTHAN, 8, KARAULI, 99, KARAULI, 1314, KHOODA, 40028, 1084126, Total, 0, 0, 0, 0, 0, 0, 660000, 660000
2015, RAJASTHAN, 8, KARAULI, 99, KARAULI, 1314, KHORI, 262157, 1084122, Drinking water, 0, 0, 0, 0, 0, 0, 545000, 545000
2015, RAJASTHAN, 8, KARAULI, 99, KARAULI, 1314, KHORI, 262157, 1084122, Roads, 0, 0, 0, 0, 0, 0, 50000, 50000
2015, RAJASTHAN, 8, KARAULI, 99, KARAULI, 1314, KHORI, 262157, 1084122, Total, 0, 0, 0, 0, 0, 0, 595000, 595000
2015, RAJASTHAN, 8, KARAULI, 99, KARAULI, 1314, KONDER, 40029, 1090424, Drinking water, 0, 0, 0, 0, 0, 0, 440000, 440000
2015, RAJASTHAN, 8, KARAULI, 99, KARAULI, 1314, KONDER, 40029, 1090424, Sanitation, 0, 0, 0, 0, 0, 0, 100000, 100000
2015, RAJASTHAN, 8, KARAULI, 99, KARAULI, 1314, KONDER, 40029, 1090424, Total, 0, 0, 0, 0, 0, 0, 540000, 540000
2015, RAJASTHAN, 8, KARAULI, 99, KARAULI, 1314, KOTA (CHHAWAR), 40031, 1090426, Drinking water, 0, 0, 0, 0, 0, 0, 240000, 240000
2015, RAJASTHAN, 8, KARAULI, 99, KARAULI, 1314, KOTA (CHHAWAR), 40031, 1090426, Roads, 0, 0, 0, 0, 0, 0, 100000, 100000
2015, RAJASTHAN, 8, KARAULI, 99, KARAULI, 1314, KOTA (CHHAWAR), 40031, 1090426, Rural housing, 0, 0, 0, 0, 0, 0, 162000, 162000
2015, RAJASTHAN, 8, KARAULI, 99, KARAULI, 1314, KOTA (CHHAWAR), 40031, 1090426, Total, 0, 0, 0, 0, 0, 0, 502000, 502000
2015, RAJASTHAN, 8, KARAULI, 99, KARAULI, 1314, KOTA, 40030, 1091767, Drinking water, 0, 0, 0, 0, 0, 0, 1020000, 1020000
2015, RAJASTHAN, 8, KARAULI, 99, KARAULI, 1314, KOTA, 40030, 1091767, Sanitation, 0, 0, 0, 0, 0, 0, 35000, 35000
2015, RAJASTHAN, 8, KARAULI, 99, KARAULI, 1314, KOTA, 40030, 1091767, Social welfare, 0, 0, 0, 0, 0, 0, 50000, 50000
2015, RAJASTHAN, 8, KARAULI, 99, KARAULI, 1314, KOTA, 40030, 1091767, Total, 0, 0, 0, 0, 0, 0, 1105000, 1105000
2015, RAJASTHAN, 8, KARAULI, 99, KARAULI, 1314, LAUHRA, 40032, 1090418, Drinking water, 0, 0, 0, 0, 0, 0, 400000, 400000
2015, RAJASTHAN, 8, KARAULI, 99, KARAULI, 1314, LAUHRA, 40032, 1090418, Total, 0, 0, 0, 0, 0, 0, 400000, 400000
2015, RAJASTHAN, 8, KARAULI, 99, KARAULI, 1314, MAHOLI, 40033, 1081296, Drinking water, 0, 0, 0, 0, 0, 0, 370000, 370000
2015, RAJASTHAN, 8, KARAULI, 99, KARAULI, 1314, MAHOLI, 40033, 1081296, Education, 0, 0, 0, 0, 0, 0, 178000, 178000
2015, RAJASTHAN, 8, KARAULI, 99, KARAULI, 1314, MAHOLI, 40033, 1081296, Roads, 0, 0, 0, 0, 0, 0, 140000, 140000
2015, RAJASTHAN, 8, KARAULI, 99, KARAULI, 1314, MAHOLI, 40033, 1081296, Sanitation, 0, 0, 0, 0, 0, 0, 150000, 150000
2015, RAJASTHAN, 8, KARAULI, 99, KARAULI, 1314, MAHOLI, 40033, 1081296, Social welfare, 0, 0, 0, 0, 0, 0, 795000, 795000
2015, RAJASTHAN, 8, KARAULI, 99, KARAULI, 1314, MAHOLI, 40033, 1081296, Total, 0, 0, 0, 0, 0, 0, 1633000, 1633000
2015, RAJASTHAN, 8, KARAULI, 99, KARAULI, 1314, MAMCHARI, 40034, 1090474, Drinking water, 0, 0, 0, 0, 0, 0, 750000, 750000
2015, RAJASTHAN, 8, KARAULI, 99, KARAULI, 1314, MAMCHARI, 40034, 1090474, Total, 0, 0, 0, 0, 0, 0, 750000, 750000
2015, RAJASTHAN, 8, KARAULI, 99, KARAULI, 1314, MANCHI, 40035, 1091770, Drinking water, 0, 0, 0, 0, 0, 0, 350000, 350000
2015, RAJASTHAN, 8, KARAULI, 99, KARAULI, 1314, MANCHI, 40035, 1091770, Roads, 0, 0, 0, 0, 0, 0, 500000, 500000
2015, RAJASTHAN, 8, KARAULI, 99, KARAULI, 1314, MANCHI, 40035, 1091770, Rural housing, 0, 0, 0, 0, 0, 0, 200000, 200000
2015, RAJASTHAN, 8, KARAULI, 99, KARAULI, 1314, MANCHI, 40035, 1091770, Sanitation, 0, 0, 0, 0, 0, 0, 532000, 532000
2015, RAJASTHAN, 8, KARAULI, 99, KARAULI, 1314, MANCHI, 40035, 1091770, Social welfare, 0, 0, 0, 0, 0, 0, 100000, 100000
2015, RAJASTHAN, 8, KARAULI, 99, KARAULI, 1314, MANCHI, 40035, 1091770, Total, 0, 0, 0, 0, 0, 0, 1682000, 1682000
2015, RAJASTHAN, 8, KARAULI, 99, KARAULI, 1314, MASALPUR, 40036, 1152107, Drinking water, 0, 0, 0, 0, 0, 0, 100000, 100000
2015, RAJASTHAN, 8, KARAULI, 99, KARAULI, 1314, MASALPUR, 40036, 1152107, Roads, 0, 0, 0, 0, 0, 0, 225000, 225000
2015, RAJASTHAN, 8, KARAULI, 99, KARAULI, 1314, MASALPUR, 40036, 1152107, Sanitation, 0, 0, 0, 0, 0, 0, 525000, 525000
2015, RAJASTHAN, 8, KARAULI, 99, KARAULI, 1314, MASALPUR, 40036, 1152107, Social welfare, 0, 0, 0, 0, 0, 0, 450000, 450000
2015, RAJASTHAN, 8, KARAULI, 99, KARAULI, 1314, MASALPUR, 40036, 1152107, Total, 0, 0, 0, 0, 0, 0, 1300000, 1300000
2015, RAJASTHAN, 8, KARAULI, 99, KARAULI, 1314, NARAYANA, 40037, 1092915, Drinking water, 0, 0, 0, 0, 0, 0, 360000, 360000
2015, RAJASTHAN, 8, KARAULI, 99, KARAULI, 1314, NARAYANA, 40037, 1092915, Sanitation, 0, 0, 0, 0, 0, 0, 250000, 250000
2015, RAJASTHAN, 8, KARAULI, 99, KARAULI, 1314, NARAYANA, 40037, 1092915, Social welfare, 0, 0, 0, 0, 0, 0, 300000, 300000
2015, RAJASTHAN, 8, KARAULI, 99, KARAULI, 1314, NARAYANA, 40037, 1092915, Total, 0, 0, 0, 0, 0, 0, 910000, 910000
2015, RAJASTHAN, 8, KARAULI, 99, KARAULI, 1314, PAREETA, 40038, 1084119, Drinking water, 0, 0, 0, 0, 0, 0, 450000, 450000
2015, RAJASTHAN, 8, KARAULI, 99, KARAULI, 1314, PAREETA, 40038, 1084119, Education, 0, 0, 0, 0, 0, 0, 50000, 50000
2015, RAJASTHAN, 8, KARAULI, 99, KARAULI, 1314, PAREETA, 40038, 1084119, Health, 0, 0, 0, 0, 0, 0, 30000, 30000
2015, RAJASTHAN, 8, KARAULI, 99, KARAULI, 1314, PAREETA, 40038, 1084119, Public distribution system, 0, 0, 0, 0, 0, 0, 30000, 30000
2015, RAJASTHAN, 8, KARAULI, 99, KARAULI, 1314, PAREETA, 40038, 1084119, Roads, 0, 0, 0, 0, 0, 0, 50000, 50000
2015, RAJASTHAN, 8, KARAULI, 99, KARAULI, 1314, PAREETA, 40038, 1084119, Rural housing, 0, 0, 0, 0, 0, 0, 27000, 27000
2015, RAJASTHAN, 8, KARAULI, 99, KARAULI, 1314, PAREETA, 40038, 1084119, Sanitation, 0, 0, 0, 0, 0, 0, 510000, 510000
2015, RAJASTHAN, 8, KARAULI, 99, KARAULI, 1314, PAREETA, 40038, 1084119, Total, 0, 0, 0, 0, 0, 0, 1147000, 1147000
2015, RAJASTHAN, 8, KARAULI, 99, KARAULI, 1314, PIPRANI, 40039, 1084114, Drinking water, 0, 0, 0, 0, 0, 0, 600000, 600000
2015, RAJASTHAN, 8, KARAULI, 99, KARAULI, 1314, PIPRANI, 40039, 1084114, Social welfare, 0, 0, 0, 0, 0, 0, 105000, 105000
2015, RAJASTHAN, 8, KARAULI, 99, KARAULI, 1314, PIPRANI, 40039, 1084114, Total, 0, 0, 0, 0, 0, 0, 705000, 705000
2015, RAJASTHAN, 8, KARAULI, 99, KARAULI, 1314, RAGHUVANSI, 40040, 1091784, Drinking water, 0, 0, 0, 0, 0, 0, 180000, 180000
2015, RAJASTHAN, 8, KARAULI, 99, KARAULI, 1314, RAGHUVANSI, 40040, 1091784, Roads, 0, 0, 0, 0, 0, 0, 100000, 100000
2015, RAJASTHAN, 8, KARAULI, 99, KARAULI, 1314, RAGHUVANSI, 40040, 1091784, Sanitation, 0, 0, 0, 0, 0, 0, 200000, 200000
2015, RAJASTHAN, 8, KARAULI, 99, KARAULI, 1314, RAGHUVANSI, 40040, 1091784, Total, 0, 0, 0, 0, 0, 0, 480000, 480000
2015, RAJASTHAN, 8, KARAULI, 99, KARAULI, 1314, RAJOR, 40041, 1092826, Drinking water, 0, 0, 0, 0, 0, 0, 450000, 450000
2015, RAJASTHAN, 8, KARAULI, 99, KARAULI, 1314, RAJOR, 40041, 1092826, Sanitation, 0, 0, 0, 0, 0, 0, 200000, 200000
2015, RAJASTHAN, 8, KARAULI, 99, KARAULI, 1314, RAJOR, 40041, 1092826, Social welfare, 0, 0, 0, 0, 0, 0, 300000, 300000
2015, RAJASTHAN, 8, KARAULI, 99, KARAULI, 1314, RAJOR, 40041, 1092826, Total, 0, 0, 0, 0, 0, 0, 950000, 950000
2015, RAJASTHAN, 8, KARAULI, 99, KARAULI, 1314, RAMPUR  DHABAI, 40042, 1092914, Drinking water, 0, 0, 0, 0, 0, 0, 1815000, 1815000
2015, RAJASTHAN, 8, KARAULI, 99, KARAULI, 1314, RAMPUR  DHABAI, 40042, 1092914, Sanitation, 0, 0, 0, 0, 0, 0, 100000, 100000
2015, RAJASTHAN, 8, KARAULI, 99, KARAULI, 1314, RAMPUR  DHABAI, 40042, 1092914, Total, 0, 0, 0, 0, 0, 0, 1915000, 1915000
2015, RAJASTHAN, 8, KARAULI, 99, KARAULI, 1314, RATIYAPURA, 40043, 1151970, Drinking water, 0, 0, 0, 0, 0, 0, 1125000, 1125000
2015, RAJASTHAN, 8, KARAULI, 99, KARAULI, 1314, RATIYAPURA, 40043, 1151970, Total, 0, 0, 0, 0, 0, 0, 1125000, 1125000
2015, RAJASTHAN, 8, KARAULI, 99, KARAULI, 1314, ROD KALAN, 40044, 1337708, Drinking water, 0, 0, 0, 0, 0, 0, 1510000, 1510000
2015, RAJASTHAN, 8, KARAULI, 99, KARAULI, 1314, ROD KALAN, 40044, 1337708, Social welfare, 0, 0, 0, 0, 0, 0, 90000, 90000
2015, RAJASTHAN, 8, KARAULI, 99, KARAULI, 1314, ROD KALAN, 40044, 1337708, Total, 0, 0, 0, 0, 0, 0, 1600000, 1600000
2015, RAJASTHAN, 8, KARAULI, 99, KARAULI, 1314, RUNDHPURA, 40045, 1089733, Drinking water, 0, 0, 0, 0, 0, 0, 350000, 350000
2015, RAJASTHAN, 8, KARAULI, 99, KARAULI, 1314, RUNDHPURA, 40045, 1089733, Social welfare, 0, 0, 0, 0, 0, 0, 450000, 450000
2015, RAJASTHAN, 8, KARAULI, 99, KARAULI, 1314, RUNDHPURA, 40045, 1089733, Total, 0, 0, 0, 0, 0, 0, 800000, 800000
2015, RAJASTHAN, 8, KARAULI, 99, KARAULI, 1314, SAIPUR, 40046, 1092927, Drinking water, 0, 0, 0, 0, 0, 0, 1360000, 1360000
2015, RAJASTHAN, 8, KARAULI, 99, KARAULI, 1314, SAIPUR, 40046, 1092927, Total, 0, 0, 0, 0, 0, 0, 1360000, 1360000
2015, RAJASTHAN, 8, KARAULI, 99, KARAULI, 1314, SASERI, 40047, 1093743, Drinking water, 0, 0, 0, 0, 0, 0, 900000, 900000
2015, RAJASTHAN, 8, KARAULI, 99, KARAULI, 1314, SASERI, 40047, 1093743, Total, 0, 0, 0, 0, 0, 0, 900000, 900000
2015, RAJASTHAN, 8, KARAULI, 99, KARAULI, 1314, SEELOTI, 40048, 1092817, Drinking water, 0, 0, 0, 0, 0, 0, 733000, 733000
2015, RAJASTHAN, 8, KARAULI, 99, KARAULI, 1314, SEELOTI, 40048, 1092817, Total, 0, 0, 0, 0, 0, 0, 733000, 733000
2015, RAJASTHAN, 8, KARAULI, 99, KARAULI, 1314, SEMARDA, 40049, 1091776, Drinking water, 0, 0, 0, 0, 0, 0, 780000, 780000
2015, RAJASTHAN, 8, KARAULI, 99, KARAULI, 1314, SEMARDA, 40049, 1091776, Total, 0, 0, 0, 0, 0, 0, 780000, 780000
2015, RAJASTHAN, 8, KARAULI, 99, KARAULI, 1314, SENGARPURA, 40050, 1090469, Drinking water, 0, 0, 0, 0, 0, 0, 160000, 160000
2015, RAJASTHAN, 8, KARAULI, 99, KARAULI, 1314, SENGARPURA, 40050, 1090469, Roads, 0, 0, 0, 0, 0, 0, 500000, 500000
2015, RAJASTHAN, 8, KARAULI, 99, KARAULI, 1314, SENGARPURA, 40050, 1090469, Total, 0, 0, 0, 0, 0, 0, 660000, 660000
2015, RAJASTHAN, 8, KARAULI, 99, KARAULI, 1314, TULSIPURA, 40051, 1090452, Drinking water, 0, 0, 0, 0, 0, 0, 150000, 150000
2015, RAJASTHAN, 8, KARAULI, 99, KARAULI, 1314, TULSIPURA, 40051, 1090452, Roads, 0, 0, 0, 0, 0, 0, 500000, 500000
2015, RAJASTHAN, 8, KARAULI, 99, KARAULI, 1314, TULSIPURA, 40051, 1090452, Sanitation, 0, 0, 0, 0, 0, 0, 300000, 300000
2015, RAJASTHAN, 8, KARAULI, 99, KARAULI, 1314, TULSIPURA, 40051, 1090452, Total, 0, 0, 0, 0, 0, 0, 950000, 950000
2015, RAJASTHAN, 8, KARAULI, 99, MANDRAYAL , 262184, BAHADARPUR, 40085, 1097775, Drinking water, 0, 0, 0, 0, 0, 0, 470000, 470000
2015, RAJASTHAN, 8, KARAULI, 99, MANDRAYAL , 262184, BAHADARPUR, 40085, 1097775, Total, 0, 0, 0, 0, 0, 0, 470000, 470000
2015, RAJASTHAN, 8, KARAULI, 99, MANDRAYAL , 262184, BATDA, 40090, 1119098, Drinking water, 0, 0, 0, 0, 0, 0, 420000, 420000
2015, RAJASTHAN, 8, KARAULI, 99, MANDRAYAL , 262184, BATDA, 40090, 1119098, Total, 0, 0, 0, 0, 0, 0, 420000, 420000
2015, RAJASTHAN, 8, KARAULI, 99, MANDRAYAL , 262184, BHANKRI, 40091, 1122091, Drinking water, 0, 0, 0, 0, 0, 0, 210000, 210000
2015, RAJASTHAN, 8, KARAULI, 99, MANDRAYAL , 262184, BHANKRI, 40091, 1122091, Total, 0, 0, 0, 0, 0, 0, 210000, 210000
2015, RAJASTHAN, 8, KARAULI, 99, MANDRAYAL , 262184, BUGDAR, 40094, 1102995, Maintenance of community system, 0, 0, 0, 0, 0, 0, 500000, 500000
2015, RAJASTHAN, 8, KARAULI, 99, MANDRAYAL , 262184, BUGDAR, 40094, 1102995, Roads, 0, 0, 0, 0, 0, 0, 626000, 626000
2015, RAJASTHAN, 8, KARAULI, 99, MANDRAYAL , 262184, BUGDAR, 40094, 1102995, Total, 0, 0, 0, 0, 0, 0, 1126000, 1126000
2015, RAJASTHAN, 8, KARAULI, 99, MANDRAYAL , 262184, CHANDELIPURA, 40095, 1104591, Drinking water, 0, 0, 0, 0, 0, 0, 465000, 465000
2015, RAJASTHAN, 8, KARAULI, 99, MANDRAYAL , 262184, CHANDELIPURA, 40095, 1104591, Land improvement, 0, 0, 0, 0, 0, 0, 100000, 100000
2015, RAJASTHAN, 8, KARAULI, 99, MANDRAYAL , 262184, CHANDELIPURA, 40095, 1104591, Roads, 0, 0, 0, 0, 0, 0, 292000, 292000
2015, RAJASTHAN, 8, KARAULI, 99, MANDRAYAL , 262184, CHANDELIPURA, 40095, 1104591, Sanitation, 0, 0, 0, 0, 0, 0, 50000, 50000
2015, RAJASTHAN, 8, KARAULI, 99, MANDRAYAL , 262184, CHANDELIPURA, 40095, 1104591, Total, 0, 0, 0, 0, 0, 0, 907000, 907000
2015, RAJASTHAN, 8, KARAULI, 99, MANDRAYAL , 262184, DHORETA, 40099, 1101904, Drinking water, 0, 0, 0, 0, 0, 0, 290000, 290000
2015, RAJASTHAN, 8, KARAULI, 99, MANDRAYAL , 262184, DHORETA, 40099, 1101904, Maintenance of community system, 0, 0, 0, 0, 0, 0, 213000, 213000
2015, RAJASTHAN, 8, KARAULI, 99, MANDRAYAL , 262184, DHORETA, 40099, 1101904, Roads, 0, 0, 0, 0, 0, 0, 214000, 214000
2015, RAJASTHAN, 8, KARAULI, 99, MANDRAYAL , 262184, DHORETA, 40099, 1101904, Rural housing, 0, 0, 0, 0, 0, 0, 50000, 50000
2015, RAJASTHAN, 8, KARAULI, 99, MANDRAYAL , 262184, DHORETA, 40099, 1101904, Total, 0, 0, 0, 0, 0, 0, 767000, 767000
2015, RAJASTHAN, 8, KARAULI, 99, MANDRAYAL , 262184, Dargma, 262108, 1100205, Drinking water, 0, 0, 0, 0, 0, 0, 310000, 310000
2015, RAJASTHAN, 8, KARAULI, 99, MANDRAYAL , 262184, Dargma, 262108, 1100205, Roads, 0, 0, 0, 0, 0, 0, 370000, 370000
2015, RAJASTHAN, 8, KARAULI, 99, MANDRAYAL , 262184, Dargma, 262108, 1100205, Total, 0, 0, 0, 0, 0, 0, 680000, 680000
2015, RAJASTHAN, 8, KARAULI, 99, MANDRAYAL , 262184, GADI KA GAON, 262159, 1103040, Drinking water, 0, 0, 0, 0, 0, 0, 345000, 345000
2015, RAJASTHAN, 8, KARAULI, 99, MANDRAYAL , 262184, GADI KA GAON, 262159, 1103040, Maintenance of community system, 0, 0, 0, 0, 0, 0, 50000, 50000
2015, RAJASTHAN, 8, KARAULI, 99, MANDRAYAL , 262184, GADI KA GAON, 262159, 1103040, Roads, 0, 0, 0, 0, 0, 0, 415000, 415000
2015, RAJASTHAN, 8, KARAULI, 99, MANDRAYAL , 262184, GADI KA GAON, 262159, 1103040, Total, 0, 0, 0, 0, 0, 0, 810000, 810000
2015, RAJASTHAN, 8, KARAULI, 99, MANDRAYAL , 262184, GURDAH, 40104, 1120473, Roads, 0, 0, 0, 0, 0, 0, 566000, 566000
2015, RAJASTHAN, 8, KARAULI, 99, MANDRAYAL , 262184, GURDAH, 40104, 1120473, Total, 0, 0, 0, 0, 0, 0, 566000, 566000
2015, RAJASTHAN, 8, KARAULI, 99, MANDRAYAL , 262184, KARANPUR, 40113, 1100217, Drinking water, 0, 0, 0, 0, 0, 0, 135000, 135000
2015, RAJASTHAN, 8, KARAULI, 99, MANDRAYAL , 262184, KARANPUR, 40113, 1100217, Roads, 0, 0, 0, 0, 0, 0, 1422000, 1422000
2015, RAJASTHAN, 8, KARAULI, 99, MANDRAYAL , 262184, KARANPUR, 40113, 1100217, Total, 0, 0, 0, 0, 0, 0, 1607000, 1607000
2015, RAJASTHAN, 8, KARAULI, 99, MANDRAYAL , 262184, KARANPUR, 40113, 1100217, Tribal Welfare, 0, 0, 0, 0, 0, 0, 50000, 50000
2015, RAJASTHAN, 8, KARAULI, 99, MANDRAYAL , 262184, KASED, 40114, 1100207, Drinking water, 0, 0, 0, 0, 0, 0, 900000, 900000
2015, RAJASTHAN, 8, KARAULI, 99, MANDRAYAL , 262184, KASED, 40114, 1100207, Total, 0, 0, 0, 0, 0, 0, 900000, 900000
2015, RAJASTHAN, 8, KARAULI, 99, MANDRAYAL , 262184, LANGRA, 40117, 1104592, Drinking water, 0, 0, 0, 0, 0, 0, 980000, 980000
2015, RAJASTHAN, 8, KARAULI, 99, MANDRAYAL , 262184, LANGRA, 40117, 1104592, Total, 0, 0, 0, 0, 0, 0, 980000, 980000
2015, RAJASTHAN, 8, KARAULI, 99, MANDRAYAL , 262184, MAHARAJPURA, 40120, 1101900, Drinking water, 0, 0, 0, 0, 0, 0, 180000, 180000
2015, RAJASTHAN, 8, KARAULI, 99, MANDRAYAL , 262184, MAHARAJPURA, 40120, 1101900, Roads, 0, 0, 0, 0, 0, 0, 151000, 151000
2015, RAJASTHAN, 8, KARAULI, 99, MANDRAYAL , 262184, MAHARAJPURA, 40120, 1101900, Total, 0, 0, 0, 0, 0, 0, 331000, 331000
2015, RAJASTHAN, 8, KARAULI, 99, MANDRAYAL , 262184, MANDRAYAL, 40122, 1105191, Drinking water, 0, 0, 0, 0, 0, 0, 690000, 690000
2015, RAJASTHAN, 8, KARAULI, 99, MANDRAYAL , 262184, MANDRAYAL, 40122, 1105191, Non-conventional energy sources, 0, 0, 0, 0, 0, 0, 363000, 363000
2015, RAJASTHAN, 8, KARAULI, 99, MANDRAYAL , 262184, MANDRAYAL, 40122, 1105191, Roads, 0, 0, 0, 0, 0, 0, 3970000, 3970000
2015, RAJASTHAN, 8, KARAULI, 99, MANDRAYAL , 262184, MANDRAYAL, 40122, 1105191, Total, 0, 0, 0, 0, 0, 0, 5023000, 5023000
2015, RAJASTHAN, 8, KARAULI, 99, MANDRAYAL , 262184, MOGEPURA, 40123, 1120467, Drinking water, 0, 0, 0, 0, 0, 0, 600000, 600000
2015, RAJASTHAN, 8, KARAULI, 99, MANDRAYAL , 262184, MOGEPURA, 40123, 1120467, Total, 0, 0, 0, 0, 0, 0, 600000, 600000
2015, RAJASTHAN, 8, KARAULI, 99, MANDRAYAL , 262184, NANPUR, 40124, 1104309, Drinking water, 0, 0, 0, 0, 0, 0, 700000, 700000
2015, RAJASTHAN, 8, KARAULI, 99, MANDRAYAL , 262184, NANPUR, 40124, 1104309, Maintenance of community system, 0, 0, 0, 0, 0, 0, 150000, 150000
2015, RAJASTHAN, 8, KARAULI, 99, MANDRAYAL , 262184, NANPUR, 40124, 1104309, Roads, 0, 0, 0, 0, 0, 0, 550000, 550000
2015, RAJASTHAN, 8, KARAULI, 99, MANDRAYAL , 262184, NANPUR, 40124, 1104309, Total, 0, 0, 0, 0, 0, 0, 1400000, 1400000
2015, RAJASTHAN, 8, KARAULI, 99, MANDRAYAL , 262184, NEENDAR, 40126, 1105213, Drinking water, 0, 0, 0, 0, 0, 0, 1120000, 1120000
2015, RAJASTHAN, 8, KARAULI, 99, MANDRAYAL , 262184, NEENDAR, 40126, 1105213, Maintenance of community system, 0, 0, 0, 0, 0, 0, 245000, 245000
2015, RAJASTHAN, 8, KARAULI, 99, MANDRAYAL , 262184, NEENDAR, 40126, 1105213, Public distribution system, 0, 0, 0, 0, 0, 0, 926000, 926000
2015, RAJASTHAN, 8, KARAULI, 99, MANDRAYAL , 262184, NEENDAR, 40126, 1105213, Roads, 0, 0, 0, 0, 0, 0, 639000, 639000
2015, RAJASTHAN, 8, KARAULI, 99, MANDRAYAL , 262184, NEENDAR, 40126, 1105213, Total, 0, 0, 0, 0, 0, 0, 2930000, 2930000
2015, RAJASTHAN, 8, KARAULI, 99, MANDRAYAL , 262184, OND, 40128, 1102801, Roads, 0, 0, 0, 0, 0, 0, 1000000, 1000000
2015, RAJASTHAN, 8, KARAULI, 99, MANDRAYAL , 262184, OND, 40128, 1102801, Total, 0, 0, 0, 0, 0, 0, 1000000, 1000000
2015, RAJASTHAN, 8, KARAULI, 99, MANDRAYAL , 262184, PANCHOLI, 40129, 1103663, Drinking water, 0, 0, 0, 0, 0, 0, 660000, 660000
2015, RAJASTHAN, 8, KARAULI, 99, MANDRAYAL , 262184, PANCHOLI, 40129, 1103663, Fisheries, 0, 0, 0, 0, 0, 0, 50000, 50000
2015, RAJASTHAN, 8, KARAULI, 99, MANDRAYAL , 262184, PANCHOLI, 40129, 1103663, Land improvement, 0, 0, 0, 0, 0, 0, 320000, 320000
2015, RAJASTHAN, 8, KARAULI, 99, MANDRAYAL , 262184, PANCHOLI, 40129, 1103663, Total, 0, 0, 0, 0, 0, 0, 1030000, 1030000
2015, RAJASTHAN, 8, KARAULI, 99, MANDRAYAL , 262184, RAHIR, 40130, 1103046, Drinking water, 0, 0, 0, 0, 0, 0, 140000, 140000
2015, RAJASTHAN, 8, KARAULI, 99, MANDRAYAL , 262184, RAHIR, 40130, 1103046, Maintenance of community system, 0, 0, 0, 0, 0, 0, 150000, 150000
2015, RAJASTHAN, 8, KARAULI, 99, MANDRAYAL , 262184, RAHIR, 40130, 1103046, Total, 0, 0, 0, 0, 0, 0, 290000, 290000
2015, RAJASTHAN, 8, KARAULI, 99, MANDRAYAL , 262184, RANIPURA, 40131, 1100208, Drinking water, 0, 0, 0, 0, 0, 0, 350000, 350000
2015, RAJASTHAN, 8, KARAULI, 99, MANDRAYAL , 262184, RANIPURA, 40131, 1100208, Total, 0, 0, 0, 0, 0, 0, 350000, 350000
2015, RAJASTHAN, 8, KARAULI, 99, MANDRAYAL , 262184, RONDHAI, 40132, 1103653, Roads, 0, 0, 0, 0, 0, 0, 901000, 901000
2015, RAJASTHAN, 8, KARAULI, 99, MANDRAYAL , 262184, RONDHAI, 40132, 1103653, Total, 0, 0, 0, 0, 0, 0, 901000, 901000
2015, RAJASTHAN, 8, KARAULI, 99, MANDRAYAL , 262184, TODA, 40135, 1103649, Drinking water, 0, 0, 0, 0, 0, 0, 603000, 603000
2015, RAJASTHAN, 8, KARAULI, 99, MANDRAYAL , 262184, TODA, 40135, 1103649, Minor forest produce, 0, 0, 0, 0, 0, 0, 93000, 93000
2015, RAJASTHAN, 8, KARAULI, 99, MANDRAYAL , 262184, TODA, 40135, 1103649, Public distribution system, 0, 0, 0, 0, 0, 0, 188000, 188000
2015, RAJASTHAN, 8, KARAULI, 99, MANDRAYAL , 262184, TODA, 40135, 1103649, Roads, 0, 0, 0, 0, 0, 0, 392000, 392000
2015, RAJASTHAN, 8, KARAULI, 99, MANDRAYAL , 262184, TODA, 40135, 1103649, Total, 0, 0, 0, 0, 0, 0, 1276000, 1276000
2015, RAJASTHAN, 8, KARAULI, 99, NADAUTI, 1315, BAGOR, 40052, 1180918, Drinking water, 0, 0, 0, 0, 0, 0, 1228000, 1228000
2015, RAJASTHAN, 8, KARAULI, 99, NADAUTI, 1315, BAGOR, 40052, 1180918, Sanitation, 0, 0, 0, 0, 0, 0, 155560, 155560
2015, RAJASTHAN, 8, KARAULI, 99, NADAUTI, 1315, BAGOR, 40052, 1180918, Total, 0, 0, 0, 0, 0, 0, 1383560, 1383560
2015, RAJASTHAN, 8, KARAULI, 99, NADAUTI, 1315, BARA RAJPUR, 40054, 1180941, Drinking water, 0, 0, 0, 0, 0, 0, 1166395, 1166395
2015, RAJASTHAN, 8, KARAULI, 99, NADAUTI, 1315, BARA RAJPUR, 40054, 1180941, Sanitation, 0, 0, 0, 0, 0, 0, 150000, 150000
2015, RAJASTHAN, 8, KARAULI, 99, NADAUTI, 1315, BARA RAJPUR, 40054, 1180941, Total, 0, 0, 0, 0, 0, 0, 1316395, 1316395
2015, RAJASTHAN, 8, KARAULI, 99, NADAUTI, 1315, BARAGAON, 40053, 1180940, Drinking water, 0, 0, 0, 0, 0, 0, 852285, 852285
2015, RAJASTHAN, 8, KARAULI, 99, NADAUTI, 1315, BARAGAON, 40053, 1180940, Sanitation, 0, 0, 0, 0, 0, 0, 1130000, 1130000
2015, RAJASTHAN, 8, KARAULI, 99, NADAUTI, 1315, BARAGAON, 40053, 1180940, Total, 0, 0, 0, 0, 0, 0, 1982285, 1982285
2015, RAJASTHAN, 8, KARAULI, 99, NADAUTI, 1315, BARDALA, 40055, 1180943, Roads, 0, 0, 0, 0, 0, 0, 144236, 144236
2015, RAJASTHAN, 8, KARAULI, 99, NADAUTI, 1315, BARDALA, 40055, 1180943, Sanitation, 0, 0, 0, 0, 0, 0, 1000000, 1000000
2015, RAJASTHAN, 8, KARAULI, 99, NADAUTI, 1315, BARDALA, 40055, 1180943, Total, 0, 0, 0, 0, 0, 0, 1144236, 1144236
2015, RAJASTHAN, 8, KARAULI, 99, NADAUTI, 1315, BHEELAPARA, 40056, 1181069, Drinking water, 0, 0, 0, 0, 0, 0, 760000, 760000
2015, RAJASTHAN, 8, KARAULI, 99, NADAUTI, 1315, BHEELAPARA, 40056, 1181069, Roads, 0, 0, 0, 0, 0, 0, 442744, 442744
2015, RAJASTHAN, 8, KARAULI, 99, NADAUTI, 1315, BHEELAPARA, 40056, 1181069, Total, 0, 0, 0, 0, 0, 0, 1202744, 1202744
2015, RAJASTHAN, 8, KARAULI, 99, NADAUTI, 1315, CHIRAWANDA, 40057, 1181072, Drinking water, 0, 0, 0, 0, 0, 0, 1030000, 1030000
2015, RAJASTHAN, 8, KARAULI, 99, NADAUTI, 1315, CHIRAWANDA, 40057, 1181072, Roads, 0, 0, 0, 0, 0, 0, 136545, 136545
2015, RAJASTHAN, 8, KARAULI, 99, NADAUTI, 1315, CHIRAWANDA, 40057, 1181072, Total, 0, 0, 0, 0, 0, 0, 1166545, 1166545
2015, RAJASTHAN, 8, KARAULI, 99, NADAUTI, 1315, DALPURA, 40058, 1181073, Drinking water, 0, 0, 0, 0, 0, 0, 450000, 450000
2015, RAJASTHAN, 8, KARAULI, 99, NADAUTI, 1315, DALPURA, 40058, 1181073, Health, 0, 0, 0, 0, 0, 0, 150000, 150000
2015, RAJASTHAN, 8, KARAULI, 99, NADAUTI, 1315, DALPURA, 40058, 1181073, Sanitation, 0, 0, 0, 0, 0, 0, 640873, 640873
2015, RAJASTHAN, 8, KARAULI, 99, NADAUTI, 1315, DALPURA, 40058, 1181073, Total, 0, 0, 0, 0, 0, 0, 1240873, 1240873
2015, RAJASTHAN, 8, KARAULI, 99, NADAUTI, 1315, DHAHARIYA, 40059, 1181074, Drinking water, 0, 0, 0, 0, 0, 0, 70000, 70000
2015, RAJASTHAN, 8, KARAULI, 99, NADAUTI, 1315, DHAHARIYA, 40059, 1181074, Roads, 0, 0, 0, 0, 0, 0, 700000, 700000
2015, RAJASTHAN, 8, KARAULI, 99, NADAUTI, 1315, DHAHARIYA, 40059, 1181074, Sanitation, 0, 0, 0, 0, 0, 0, 31014, 31014
2015, RAJASTHAN, 8, KARAULI, 99, NADAUTI, 1315, DHAHARIYA, 40059, 1181074, Total, 0, 0, 0, 0, 0, 0, 801014, 801014
2015, RAJASTHAN, 8, KARAULI, 99, NADAUTI, 1315, DHOLETA, 40060, 1181773, Drinking water, 0, 0, 0, 0, 0, 0, 220000, 220000
2015, RAJASTHAN, 8, KARAULI, 99, NADAUTI, 1315, DHOLETA, 40060, 1181773, Roads, 0, 0, 0, 0, 0, 0, 570375, 570375
2015, RAJASTHAN, 8, KARAULI, 99, NADAUTI, 1315, DHOLETA, 40060, 1181773, Rural electrification, 0, 0, 0, 0, 0, 0, 369483, 369483
2015, RAJASTHAN, 8, KARAULI, 99, NADAUTI, 1315, DHOLETA, 40060, 1181773, Sanitation, 0, 0, 0, 0, 0, 0, 150000, 150000
2015, RAJASTHAN, 8, KARAULI, 99, NADAUTI, 1315, DHOLETA, 40060, 1181773, Total, 0, 0, 0, 0, 0, 0, 1309858, 1309858
2015, RAJASTHAN, 8, KARAULI, 99, NADAUTI, 1315, GARHKHERA, 40061, 1181076, Drinking water, 0, 0, 0, 0, 0, 0, 400000, 400000
2015, RAJASTHAN, 8, KARAULI, 99, NADAUTI, 1315, GARHKHERA, 40061, 1181076, Roads, 0, 0, 0, 0, 0, 0, 250000, 250000
2015, RAJASTHAN, 8, KARAULI, 99, NADAUTI, 1315, GARHKHERA, 40061, 1181076, Sanitation, 0, 0, 0, 0, 0, 0, 483092, 483092
2015, RAJASTHAN, 8, KARAULI, 99, NADAUTI, 1315, GARHKHERA, 40061, 1181076, Total, 0, 0, 0, 0, 0, 0, 1133092, 1133092
2015, RAJASTHAN, 8, KARAULI, 99, NADAUTI, 1315, GARHMORA, 40062, 1181079, Drinking water, 0, 0, 0, 0, 0, 0, 370000, 370000
2015, RAJASTHAN, 8, KARAULI, 99, NADAUTI, 1315, GARHMORA, 40062, 1181079, Roads, 0, 0, 0, 0, 0, 0, 500000, 500000
2015, RAJASTHAN, 8, KARAULI, 99, NADAUTI, 1315, GARHMORA, 40062, 1181079, Sanitation, 0, 0, 0, 0, 0, 0, 709082, 709082
2015, RAJASTHAN, 8, KARAULI, 99, NADAUTI, 1315, GARHMORA, 40062, 1181079, Total, 0, 0, 0, 0, 0, 0, 1579082, 1579082
2015, RAJASTHAN, 8, KARAULI, 99, NADAUTI, 1315, GURHA CHANDRAJI, 40063, 1181082, Roads, 0, 0, 0, 0, 0, 0, 1200000, 1200000
2015, RAJASTHAN, 8, KARAULI, 99, NADAUTI, 1315, GURHA CHANDRAJI, 40063, 1181082, Sanitation, 0, 0, 0, 0, 0, 0, 322177, 322177
2015, RAJASTHAN, 8, KARAULI, 99, NADAUTI, 1315, GURHA CHANDRAJI, 40063, 1181082, Total, 0, 0, 0, 0, 0, 0, 1522177, 1522177
2015, RAJASTHAN, 8, KARAULI, 99, NADAUTI, 1315, JEETKIPUR, 40064, 1181084, Drinking water, 0, 0, 0, 0, 0, 0, 746000, 746000
2015, RAJASTHAN, 8, KARAULI, 99, NADAUTI, 1315, JEETKIPUR, 40064, 1181084, Roads, 0, 0, 0, 0, 0, 0, 205000, 205000
2015, RAJASTHAN, 8, KARAULI, 99, NADAUTI, 1315, JEETKIPUR, 40064, 1181084, Sanitation, 0, 0, 0, 0, 0, 0, 1067260, 1067260
2015, RAJASTHAN, 8, KARAULI, 99, NADAUTI, 1315, JEETKIPUR, 40064, 1181084, Total, 0, 0, 0, 0, 0, 0, 2018260, 2018260
2015, RAJASTHAN, 8, KARAULI, 99, NADAUTI, 1315, KAIMA, 40065, 1181085, Drinking water, 0, 0, 0, 0, 0, 0, 408000, 408000
2015, RAJASTHAN, 8, KARAULI, 99, NADAUTI, 1315, KAIMA, 40065, 1181085, Health, 0, 0, 0, 0, 0, 0, 150000, 150000
2015, RAJASTHAN, 8, KARAULI, 99, NADAUTI, 1315, KAIMA, 40065, 1181085, Sanitation, 0, 0, 0, 0, 0, 0, 563112, 563112
2015, RAJASTHAN, 8, KARAULI, 99, NADAUTI, 1315, KAIMA, 40065, 1181085, Total, 0, 0, 0, 0, 0, 0, 1121112, 1121112
2015, RAJASTHAN, 8, KARAULI, 99, NADAUTI, 1315, KAIMRI, 40066, 1181089, Drinking water, 0, 0, 0, 0, 0, 0, 939000, 939000
2015, RAJASTHAN, 8, KARAULI, 99, NADAUTI, 1315, KAIMRI, 40066, 1181089, Roads, 0, 0, 0, 0, 0, 0, 416400, 416400
2015, RAJASTHAN, 8, KARAULI, 99, NADAUTI, 1315, KAIMRI, 40066, 1181089, Sanitation, 0, 0, 0, 0, 0, 0, 230000, 230000
2015, RAJASTHAN, 8, KARAULI, 99, NADAUTI, 1315, KAIMRI, 40066, 1181089, Social welfare, 0, 0, 0, 0, 0, 0, 230000, 230000
2015, RAJASTHAN, 8, KARAULI, 99, NADAUTI, 1315, KAIMRI, 40066, 1181089, Total, 0, 0, 0, 0, 0, 0, 1815400, 1815400
2015, RAJASTHAN, 8, KARAULI, 99, NADAUTI, 1315, KEMLA, 40067, 1181090, Drinking water, 0, 0, 0, 0, 0, 0, 523893, 523893
2015, RAJASTHAN, 8, KARAULI, 99, NADAUTI, 1315, KEMLA, 40067, 1181090, Education, 0, 0, 0, 0, 0, 0, 250000, 250000
2015, RAJASTHAN, 8, KARAULI, 99, NADAUTI, 1315, KEMLA, 40067, 1181090, Health, 0, 0, 0, 0, 0, 0, 176000, 176000
2015, RAJASTHAN, 8, KARAULI, 99, NADAUTI, 1315, KEMLA, 40067, 1181090, Sanitation, 0, 0, 0, 0, 0, 0, 471000, 471000
2015, RAJASTHAN, 8, KARAULI, 99, NADAUTI, 1315, KEMLA, 40067, 1181090, Total, 0, 0, 0, 0, 0, 0, 1420893, 1420893
2015, RAJASTHAN, 8, KARAULI, 99, NADAUTI, 1315, KUNJELA, 40068, 1181092, Drinking water, 0, 0, 0, 0, 0, 0, 410306, 410306
2015, RAJASTHAN, 8, KARAULI, 99, NADAUTI, 1315, KUNJELA, 40068, 1181092, Roads, 0, 0, 0, 0, 0, 0, 1000000, 1000000
2015, RAJASTHAN, 8, KARAULI, 99, NADAUTI, 1315, KUNJELA, 40068, 1181092, Total, 0, 0, 0, 0, 0, 0, 1410306, 1410306
2015, RAJASTHAN, 8, KARAULI, 99, NADAUTI, 1315, Medhe Ka Pura, 40069, 1181093, Drinking water, 0, 0, 0, 0, 0, 0, 1165888, 1165888
2015, RAJASTHAN, 8, KARAULI, 99, NADAUTI, 1315, Medhe Ka Pura, 40069, 1181093, Roads, 0, 0, 0, 0, 0, 0, 272000, 272000
2015, RAJASTHAN, 8, KARAULI, 99, NADAUTI, 1315, Medhe Ka Pura, 40069, 1181093, Total, 0, 0, 0, 0, 0, 0, 1437888, 1437888
2015, RAJASTHAN, 8, KARAULI, 99, NADAUTI, 1315, NADOTI, 40070, 1181094, Drinking water, 0, 0, 0, 0, 0, 0, 606000, 606000
2015, RAJASTHAN, 8, KARAULI, 99, NADAUTI, 1315, NADOTI, 40070, 1181094, Education, 0, 0, 0, 0, 0, 0, 370000, 370000
2015, RAJASTHAN, 8, KARAULI, 99, NADAUTI, 1315, NADOTI, 40070, 1181094, Health, 0, 0, 0, 0, 0, 0, 350000, 350000
2015, RAJASTHAN, 8, KARAULI, 99, NADAUTI, 1315, NADOTI, 40070, 1181094, Sanitation, 0, 0, 0, 0, 0, 0, 290000, 290000
2015, RAJASTHAN, 8, KARAULI, 99, NADAUTI, 1315, NADOTI, 40070, 1181094, Social welfare, 0, 0, 0, 0, 0, 0, 100000, 100000
2015, RAJASTHAN, 8, KARAULI, 99, NADAUTI, 1315, NADOTI, 40070, 1181094, Total, 0, 0, 0, 0, 0, 0, 1716000, 1716000
2015, RAJASTHAN, 8, KARAULI, 99, NADAUTI, 1315, PAL, 40071, 1181096, Drinking water, 0, 0, 0, 0, 0, 0, 1120215, 1120215
2015, RAJASTHAN, 8, KARAULI, 99, NADAUTI, 1315, PAL, 40071, 1181096, Roads, 0, 0, 0, 0, 0, 0, 500000, 500000
2015, RAJASTHAN, 8, KARAULI, 99, NADAUTI, 1315, PAL, 40071, 1181096, Sanitation, 0, 0, 0, 0, 0, 0, 250000, 250000
2015, RAJASTHAN, 8, KARAULI, 99, NADAUTI, 1315, PAL, 40071, 1181096, Total, 0, 0, 0, 0, 0, 0, 1870215, 1870215
2015, RAJASTHAN, 8, KARAULI, 99, NADAUTI, 1315, RAISANA, 40072, 1181412, Drinking water, 0, 0, 0, 0, 0, 0, 207460, 207460
2015, RAJASTHAN, 8, KARAULI, 99, NADAUTI, 1315, RAISANA, 40072, 1181412, Education, 0, 0, 0, 0, 0, 0, 500000, 500000
2015, RAJASTHAN, 8, KARAULI, 99, NADAUTI, 1315, RAISANA, 40072, 1181412, Roads, 0, 0, 0, 0, 0, 0, 976000, 976000
2015, RAJASTHAN, 8, KARAULI, 99, NADAUTI, 1315, RAISANA, 40072, 1181412, Total, 0, 0, 0, 0, 0, 0, 1683460, 1683460
2015, RAJASTHAN, 8, KARAULI, 99, NADAUTI, 1315, RAJAHERA, 40073, 1181413, Drinking water, 0, 0, 0, 0, 0, 0, 1316415, 1316415
2015, RAJASTHAN, 8, KARAULI, 99, NADAUTI, 1315, RAJAHERA, 40073, 1181413, Total, 0, 0, 0, 0, 0, 0, 1316415, 1316415
2015, RAJASTHAN, 8, KARAULI, 99, NADAUTI, 1315, RONSI, 40074, 1181415, Drinking water, 0, 0, 0, 0, 0, 0, 500000, 500000
2015, RAJASTHAN, 8, KARAULI, 99, NADAUTI, 1315, RONSI, 40074, 1181415, Roads, 0, 0, 0, 0, 0, 0, 5968, 5968
2015, RAJASTHAN, 8, KARAULI, 99, NADAUTI, 1315, RONSI, 40074, 1181415, Sanitation, 0, 0, 0, 0, 0, 0, 772000, 772000
2015, RAJASTHAN, 8, KARAULI, 99, NADAUTI, 1315, RONSI, 40074, 1181415, Total, 0, 0, 0, 0, 0, 0, 1277968, 1277968
2015, RAJASTHAN, 8, KARAULI, 99, NADAUTI, 1315, SALAWAD, 40075, 1181419, Drinking water, 0, 0, 0, 0, 0, 0, 1062320, 1062320
2015, RAJASTHAN, 8, KARAULI, 99, NADAUTI, 1315, SALAWAD, 40075, 1181419, Total, 0, 0, 0, 0, 0, 0, 1062320, 1062320
2015, RAJASTHAN, 8, KARAULI, 99, NADAUTI, 1315, SHAHAR, 40076, 1181421, Drinking water, 0, 0, 0, 0, 0, 0, 1574000, 1574000
2015, RAJASTHAN, 8, KARAULI, 99, NADAUTI, 1315, SHAHAR, 40076, 1181421, Sanitation, 0, 0, 0, 0, 0, 0, 187480, 187480
2015, RAJASTHAN, 8, KARAULI, 99, NADAUTI, 1315, SHAHAR, 40076, 1181421, Total, 0, 0, 0, 0, 0, 0, 1761480, 1761480
2015, RAJASTHAN, 8, KARAULI, 99, NADAUTI, 1315, SOP, 40077, 1181422, Drinking water, 0, 0, 0, 0, 0, 0, 900000, 900000
2015, RAJASTHAN, 8, KARAULI, 99, NADAUTI, 1315, SOP, 40077, 1181422, Sanitation, 0, 0, 0, 0, 0, 0, 495818, 495818
2015, RAJASTHAN, 8, KARAULI, 99, NADAUTI, 1315, SOP, 40077, 1181422, Total, 0, 0, 0, 0, 0, 0, 1395818, 1395818
2015, RAJASTHAN, 8, KARAULI, 99, NADAUTI, 1315, TALCHIDA, 40078, 1181423, Roads, 0, 0, 0, 0, 0, 0, 521987, 521987
2015, RAJASTHAN, 8, KARAULI, 99, NADAUTI, 1315, TALCHIDA, 40078, 1181423, Sanitation, 0, 0, 0, 0, 0, 0, 800000, 800000
2015, RAJASTHAN, 8, KARAULI, 99, NADAUTI, 1315, TALCHIDA, 40078, 1181423, Total, 0, 0, 0, 0, 0, 0, 1321987, 1321987
2015, RAJASTHAN, 8, KARAULI, 99, NADAUTI, 1315, TESGAON, 40079, 1181424, Drinking water, 0, 0, 0, 0, 0, 0, 1268000, 1268000
2015, RAJASTHAN, 8, KARAULI, 99, NADAUTI, 1315, TESGAON, 40079, 1181424, Roads, 0, 0, 0, 0, 0, 0, 300000, 300000
2015, RAJASTHAN, 8, KARAULI, 99, NADAUTI, 1315, TESGAON, 40079, 1181424, Total, 0, 0, 0, 0, 0, 0, 1568000, 1568000
2015, RAJASTHAN, 8, KARAULI, 99, NADAUTI, 1315, TIMAWA, 40080, 1181425, Drinking water, 0, 0, 0, 0, 0, 0, 600000, 600000
2015, RAJASTHAN, 8, KARAULI, 99, NADAUTI, 1315, TIMAWA, 40080, 1181425, Education, 0, 0, 0, 0, 0, 0, 420000, 420000
2015, RAJASTHAN, 8, KARAULI, 99, NADAUTI, 1315, TIMAWA, 40080, 1181425, Health, 0, 0, 0, 0, 0, 0, 18000, 18000
2015, RAJASTHAN, 8, KARAULI, 99, NADAUTI, 1315, TIMAWA, 40080, 1181425, Rural electrification, 0, 0, 0, 0, 0, 0, 100000, 100000
2015, RAJASTHAN, 8, KARAULI, 99, NADAUTI, 1315, TIMAWA, 40080, 1181425, Social welfare, 0, 0, 0, 0, 0, 0, 125000, 125000
2015, RAJASTHAN, 8, KARAULI, 99, NADAUTI, 1315, TIMAWA, 40080, 1181425, Total, 0, 0, 0, 0, 0, 0, 1263000, 1263000
2015, RAJASTHAN, 8, KARAULI, 99, SAPOTRA, 1316, AMARGARH, 40081, 1161551, Drinking water, 0, 0, 0, 0, 0, 0, 90000, 90000
2015, RAJASTHAN, 8, KARAULI, 99, SAPOTRA, 1316, AMARGARH, 40081, 1161551, Roads, 0, 0, 0, 0, 0, 0, 500000, 500000
2015, RAJASTHAN, 8, KARAULI, 99, SAPOTRA, 1316, AMARGARH, 40081, 1161551, Total, 0, 0, 0, 0, 0, 0, 590000, 590000
2015, RAJASTHAN, 8, KARAULI, 99, SAPOTRA, 1316, AMARWAR, 40082, 1096888, Drinking water, 0, 0, 0, 0, 0, 0, 510000, 510000
2015, RAJASTHAN, 8, KARAULI, 99, SAPOTRA, 1316, AMARWAR, 40082, 1096888, Total, 0, 0, 0, 0, 0, 0, 510000, 510000
2015, RAJASTHAN, 8, KARAULI, 99, SAPOTRA, 1316, AURACH, 40083, 1160470, Drinking water, 0, 0, 0, 0, 0, 0, 620000, 620000
2015, RAJASTHAN, 8, KARAULI, 99, SAPOTRA, 1316, AURACH, 40083, 1160470, Maintenance of community system, 0, 0, 0, 0, 0, 0, 550000, 550000
2015, RAJASTHAN, 8, KARAULI, 99, SAPOTRA, 1316, AURACH, 40083, 1160470, Total, 0, 0, 0, 0, 0, 0, 1170000, 1170000
2015, RAJASTHAN, 8, KARAULI, 99, SAPOTRA, 1316, BAGIDA, 40084, 1161854, Drinking water, 0, 0, 0, 0, 0, 0, 657000, 657000
2015, RAJASTHAN, 8, KARAULI, 99, SAPOTRA, 1316, BAGIDA, 40084, 1161854, Education, 0, 0, 0, 0, 0, 0, 150000, 150000
2015, RAJASTHAN, 8, KARAULI, 99, SAPOTRA, 1316, BAGIDA, 40084, 1161854, Total, 0, 0, 0, 0, 0, 0, 807000, 807000
2015, RAJASTHAN, 8, KARAULI, 99, SAPOTRA, 1316, BAJNA, 40086, 1096954, Drinking water, 0, 0, 0, 0, 0, 0, 985000, 985000
2015, RAJASTHAN, 8, KARAULI, 99, SAPOTRA, 1316, BAJNA, 40086, 1096954, Total, 0, 0, 0, 0, 0, 0, 985000, 985000
2015, RAJASTHAN, 8, KARAULI, 99, SAPOTRA, 1316, BALOTI, 40087, 1162052, Drinking water, 0, 0, 0, 0, 0, 0, 1050000, 1050000
2015, RAJASTHAN, 8, KARAULI, 99, SAPOTRA, 1316, BALOTI, 40087, 1162052, Total, 0, 0, 0, 0, 0, 0, 1050000, 1050000
2015, RAJASTHAN, 8, KARAULI, 99, SAPOTRA, 1316, BAPOTI, 40088, 1162377, Drinking water, 0, 0, 0, 0, 0, 0, 330000, 330000
2015, RAJASTHAN, 8, KARAULI, 99, SAPOTRA, 1316, BAPOTI, 40088, 1162377, Public distribution system, 0, 0, 0, 0, 0, 0, 512000, 512000
2015, RAJASTHAN, 8, KARAULI, 99, SAPOTRA, 1316, BAPOTI, 40088, 1162377, Roads, 0, 0, 0, 0, 0, 0, 1150000, 1150000
2015, RAJASTHAN, 8, KARAULI, 99, SAPOTRA, 1316, BAPOTI, 40088, 1162377, Total, 0, 0, 0, 0, 0, 0, 1992000, 1992000
2015, RAJASTHAN, 8, KARAULI, 99, SAPOTRA, 1316, BARODA, 40089, 1161489, Drinking water, 0, 0, 0, 0, 0, 0, 270000, 270000
2015, RAJASTHAN, 8, KARAULI, 99, SAPOTRA, 1316, BARODA, 40089, 1161489, Public distribution system, 0, 0, 0, 0, 0, 0, 750000, 750000
2015, RAJASTHAN, 8, KARAULI, 99, SAPOTRA, 1316, BARODA, 40089, 1161489, Total, 0, 0, 0, 0, 0, 0, 1020000, 1020000
2015, RAJASTHAN, 8, KARAULI, 99, SAPOTRA, 1316, BHARTOON, 40092, 1166931, Drinking water, 0, 0, 0, 0, 0, 0, 320000, 320000
2015, RAJASTHAN, 8, KARAULI, 99, SAPOTRA, 1316, BHARTOON, 40092, 1166931, Total, 0, 0, 0, 0, 0, 0, 320000, 320000
2015, RAJASTHAN, 8, KARAULI, 99, SAPOTRA, 1316, BOOKANA, 40093, 1161553, Drinking water, 0, 0, 0, 0, 0, 0, 949923, 949923
2015, RAJASTHAN, 8, KARAULI, 99, SAPOTRA, 1316, BOOKANA, 40093, 1161553, Sanitation, 0, 0, 0, 0, 0, 0, 200000, 200000
2015, RAJASTHAN, 8, KARAULI, 99, SAPOTRA, 1316, BOOKANA, 40093, 1161553, Total, 0, 0, 0, 0, 0, 0, 1149923, 1149923
2015, RAJASTHAN, 8, KARAULI, 99, SAPOTRA, 1316, CHORAGAON, 40096, 1099102, Drinking water, 0, 0, 0, 0, 0, 0, 379000, 379000
2015, RAJASTHAN, 8, KARAULI, 99, SAPOTRA, 1316, CHORAGAON, 40096, 1099102, Maintenance of community system, 0, 0, 0, 0, 0, 0, 600000, 600000
2015, RAJASTHAN, 8, KARAULI, 99, SAPOTRA, 1316, CHORAGAON, 40096, 1099102, Total, 0, 0, 0, 0, 0, 0, 979000, 979000
2015, RAJASTHAN, 8, KARAULI, 99, SAPOTRA, 1316, DABRA, 40097, 1100710, Drinking water, 0, 0, 0, 0, 0, 0, 549850, 549850
2015, RAJASTHAN, 8, KARAULI, 99, SAPOTRA, 1316, DABRA, 40097, 1100710, Family welfare, 0, 0, 0, 0, 0, 0, 50000, 50000
2015, RAJASTHAN, 8, KARAULI, 99, SAPOTRA, 1316, DABRA, 40097, 1100710, Social welfare, 0, 0, 0, 0, 0, 0, 182000, 182000
2015, RAJASTHAN, 8, KARAULI, 99, SAPOTRA, 1316, DABRA, 40097, 1100710, Total, 0, 0, 0, 0, 0, 0, 781850, 781850
2015, RAJASTHAN, 8, KARAULI, 99, SAPOTRA, 1316, DAULATPURA, 40098, 1096786, Drinking water, 0, 0, 0, 0, 0, 0, 270000, 270000
2015, RAJASTHAN, 8, KARAULI, 99, SAPOTRA, 1316, DAULATPURA, 40098, 1096786, Total, 0, 0, 0, 0, 0, 0, 270000, 270000
2015, RAJASTHAN, 8, KARAULI, 99, SAPOTRA, 1316, DIKOLI KALAN, 40100, 1100711, Drinking water, 0, 0, 0, 0, 0, 0, 450000, 450000
2015, RAJASTHAN, 8, KARAULI, 99, SAPOTRA, 1316, DIKOLI KALAN, 40100, 1100711, Education, 0, 0, 0, 0, 0, 0, 500000, 500000
2015, RAJASTHAN, 8, KARAULI, 99, SAPOTRA, 1316, DIKOLI KALAN, 40100, 1100711, Total, 0, 0, 0, 0, 0, 0, 950000, 950000
2015, RAJASTHAN, 8, KARAULI, 99, SAPOTRA, 1316, EKAT, 40101, 1161884, Drinking water, 0, 0, 0, 0, 0, 0, 250000, 250000
2015, RAJASTHAN, 8, KARAULI, 99, SAPOTRA, 1316, EKAT, 40101, 1161884, Education, 0, 0, 0, 0, 0, 0, 220000, 220000
2015, RAJASTHAN, 8, KARAULI, 99, SAPOTRA, 1316, EKAT, 40101, 1161884, Roads, 0, 0, 0, 0, 0, 0, 700000, 700000
2015, RAJASTHAN, 8, KARAULI, 99, SAPOTRA, 1316, EKAT, 40101, 1161884, Total, 0, 0, 0, 0, 0, 0, 1170000, 1170000
2015, RAJASTHAN, 8, KARAULI, 99, SAPOTRA, 1316, GAJJUPURA, 40102, 1096747, Drinking water, 0, 0, 0, 0, 0, 0, 490000, 490000
2015, RAJASTHAN, 8, KARAULI, 99, SAPOTRA, 1316, GAJJUPURA, 40102, 1096747, Total, 0, 0, 0, 0, 0, 0, 490000, 490000
2015, RAJASTHAN, 8, KARAULI, 99, SAPOTRA, 1316, GOTHRA, 40103, 1166927, Drinking water, 0, 0, 0, 0, 0, 0, 885000, 885000
2015, RAJASTHAN, 8, KARAULI, 99, SAPOTRA, 1316, GOTHRA, 40103, 1166927, Total, 0, 0, 0, 0, 0, 0, 885000, 885000
2015, RAJASTHAN, 8, KARAULI, 99, SAPOTRA, 1316, HARIYA KA MANDIR, 40105, 1168409, Drinking water, 0, 0, 0, 0, 0, 0, 315000, 315000
2015, RAJASTHAN, 8, KARAULI, 99, SAPOTRA, 1316, HARIYA KA MANDIR, 40105, 1168409, Roads, 0, 0, 0, 0, 0, 0, 100000, 100000
2015, RAJASTHAN, 8, KARAULI, 99, SAPOTRA, 1316, HARIYA KA MANDIR, 40105, 1168409, Total, 0, 0, 0, 0, 0, 0, 415000, 415000
2015, RAJASTHAN, 8, KARAULI, 99, SAPOTRA, 1316, HAROTI, 40106, 1161561, Drinking water, 0, 0, 0, 0, 0, 0, 1577074, 1577074
2015, RAJASTHAN, 8, KARAULI, 99, SAPOTRA, 1316, HAROTI, 40106, 1161561, Maintenance of community system, 0, 0, 0, 0, 0, 0, 18000, 18000
2015, RAJASTHAN, 8, KARAULI, 99, SAPOTRA, 1316, HAROTI, 40106, 1161561, Total, 0, 0, 0, 0, 0, 0, 1595074, 1595074
2015, RAJASTHAN, 8, KARAULI, 99, SAPOTRA, 1316, INAYATI, 40107, 1096760, Drinking water, 0, 0, 0, 0, 0, 0, 59000, 59000
2015, RAJASTHAN, 8, KARAULI, 99, SAPOTRA, 1316, INAYATI, 40107, 1096760, Total, 0, 0, 0, 0, 0, 0, 59000, 59000
2015, RAJASTHAN, 8, KARAULI, 99, SAPOTRA, 1316, JAKHODA, 40108, 1161552, Drinking water, 0, 0, 0, 0, 0, 0, 750000, 750000
2015, RAJASTHAN, 8, KARAULI, 99, SAPOTRA, 1316, JAKHODA, 40108, 1161552, Maintenance of community system, 0, 0, 0, 0, 0, 0, 100000, 100000
2015, RAJASTHAN, 8, KARAULI, 99, SAPOTRA, 1316, JAKHODA, 40108, 1161552, Total, 0, 0, 0, 0, 0, 0, 850000, 850000
2015, RAJASTHAN, 8, KARAULI, 99, SAPOTRA, 1316, JEEROTA, 40109, 1161852, Drinking water, 0, 0, 0, 0, 0, 0, 250000, 250000
2015, RAJASTHAN, 8, KARAULI, 99, SAPOTRA, 1316, JEEROTA, 40109, 1161852, Public distribution system, 0, 0, 0, 0, 0, 0, 600000, 600000
2015, RAJASTHAN, 8, KARAULI, 99, SAPOTRA, 1316, JEEROTA, 40109, 1161852, Total, 0, 0, 0, 0, 0, 0, 850000, 850000
2015, RAJASTHAN, 8, KARAULI, 99, SAPOTRA, 1316, JORLI, 40110, 1225130, Drinking water, 0, 0, 0, 0, 0, 0, 495000, 495000
2015, RAJASTHAN, 8, KARAULI, 99, SAPOTRA, 1316, JORLI, 40110, 1225130, Maintenance of community system, 0, 0, 0, 0, 0, 0, 50000, 50000
2015, RAJASTHAN, 8, KARAULI, 99, SAPOTRA, 1316, JORLI, 40110, 1225130, Public distribution system, 0, 0, 0, 0, 0, 0, 150000, 150000
2015, RAJASTHAN, 8, KARAULI, 99, SAPOTRA, 1316, JORLI, 40110, 1225130, Total, 0, 0, 0, 0, 0, 0, 695000, 695000
2015, RAJASTHAN, 8, KARAULI, 99, SAPOTRA, 1316, KACHRODA, 40111, 1096976, Drinking water, 0, 0, 0, 0, 0, 0, 950000, 950000
2015, RAJASTHAN, 8, KARAULI, 99, SAPOTRA, 1316, KACHRODA, 40111, 1096976, Maintenance of community system, 0, 0, 0, 0, 0, 0, 50000, 50000
2015, RAJASTHAN, 8, KARAULI, 99, SAPOTRA, 1316, KACHRODA, 40111, 1096976, Total, 0, 0, 0, 0, 0, 0, 1000000, 1000000
2015, RAJASTHAN, 8, KARAULI, 99, SAPOTRA, 1316, KALA GURHA, 40112, 1096967, Drinking water, 0, 0, 0, 0, 0, 0, 390000, 390000
2015, RAJASTHAN, 8, KARAULI, 99, SAPOTRA, 1316, KALA GURHA, 40112, 1096967, Total, 0, 0, 0, 0, 0, 0, 390000, 390000
2015, RAJASTHAN, 8, KARAULI, 99, SAPOTRA, 1316, KHERLA, 40115, 1097342, Drinking water, 0, 0, 0, 0, 0, 0, 720000, 720000
2015, RAJASTHAN, 8, KARAULI, 99, SAPOTRA, 1316, KHERLA, 40115, 1097342, Total, 0, 0, 0, 0, 0, 0, 720000, 720000
2015, RAJASTHAN, 8, KARAULI, 99, SAPOTRA, 1316, KURGAON, 40116, 1096977, Drinking water, 0, 0, 0, 0, 0, 0, 352000, 352000
2015, RAJASTHAN, 8, KARAULI, 99, SAPOTRA, 1316, KURGAON, 40116, 1096977, Total, 0, 0, 0, 0, 0, 0, 352000, 352000
2015, RAJASTHAN, 8, KARAULI, 99, SAPOTRA, 1316, LEDIYA, 40118, 1100712, Drinking water, 0, 0, 0, 0, 0, 0, 449700, 449700
2015, RAJASTHAN, 8, KARAULI, 99, SAPOTRA, 1316, LEDIYA, 40118, 1100712, Roads, 0, 0, 0, 0, 0, 0, 50000, 50000
2015, RAJASTHAN, 8, KARAULI, 99, SAPOTRA, 1316, LEDIYA, 40118, 1100712, Total, 0, 0, 0, 0, 0, 0, 499700, 499700
2015, RAJASTHAN, 8, KARAULI, 99, SAPOTRA, 1316, LOOLOJ, 40119, 1096978, Drinking water, 0, 0, 0, 0, 0, 0, 300000, 300000
2015, RAJASTHAN, 8, KARAULI, 99, SAPOTRA, 1316, LOOLOJ, 40119, 1096978, Total, 0, 0, 0, 0, 0, 0, 300000, 300000
2015, RAJASTHAN, 8, KARAULI, 99, SAPOTRA, 1316, MAHMADPUR, 40121, 1100715, Drinking water, 0, 0, 0, 0, 0, 0, 600000, 600000
2015, RAJASTHAN, 8, KARAULI, 99, SAPOTRA, 1316, MAHMADPUR, 40121, 1100715, Roads, 0, 0, 0, 0, 0, 0, 200000, 200000
2015, RAJASTHAN, 8, KARAULI, 99, SAPOTRA, 1316, MAHMADPUR, 40121, 1100715, Total, 0, 0, 0, 0, 0, 0, 800000, 800000
2015, RAJASTHAN, 8, KARAULI, 99, SAPOTRA, 1316, NARAULI (DANG), 40125, 1161493, Drinking water, 0, 0, 0, 0, 0, 0, 270000, 270000
2015, RAJASTHAN, 8, KARAULI, 99, SAPOTRA, 1316, NARAULI (DANG), 40125, 1161493, Total, 0, 0, 0, 0, 0, 0, 270000, 270000
2015, RAJASTHAN, 8, KARAULI, 99, SAPOTRA, 1316, NIBHAIRA, 40127, 1098392, Drinking water, 0, 0, 0, 0, 0, 0, 810000, 810000
2015, RAJASTHAN, 8, KARAULI, 99, SAPOTRA, 1316, NIBHAIRA, 40127, 1098392, Total, 0, 0, 0, 0, 0, 0, 810000, 810000
2015, RAJASTHAN, 8, KARAULI, 99, SAPOTRA, 1316, SALEMPUR, 40133, 1170193, Drinking water, 0, 0, 0, 0, 0, 0, 250000, 250000
2015, RAJASTHAN, 8, KARAULI, 99, SAPOTRA, 1316, SALEMPUR, 40133, 1170193, Roads, 0, 0, 0, 0, 0, 0, 1650000, 1650000
2015, RAJASTHAN, 8, KARAULI, 99, SAPOTRA, 1316, SALEMPUR, 40133, 1170193, Sanitation, 0, 0, 0, 0, 0, 0, 75000, 75000
2015, RAJASTHAN, 8, KARAULI, 99, SAPOTRA, 1316, SALEMPUR, 40133, 1170193, Total, 0, 0, 0, 0, 0, 0, 1975000, 1975000
2015, RAJASTHAN, 8, KARAULI, 99, SAPOTRA, 1316, SAPOTRA, 40134, 1097343, Maintenance of community system, 0, 0, 0, 0, 0, 0, 1335000, 1335000
2015, RAJASTHAN, 8, KARAULI, 99, SAPOTRA, 1316, SAPOTRA, 40134, 1097343, Markets and fairs, 0, 0, 0, 0, 0, 0, 198000, 198000
2015, RAJASTHAN, 8, KARAULI, 99, SAPOTRA, 1316, SAPOTRA, 40134, 1097343, Total, 0, 0, 0, 0, 0, 0, 1533000, 1533000
2015, RAJASTHAN, 8, KARAULI, 99, TODABHIM, 1317, AZIZPUR, 40136, 1103146, Drinking water, 0, 0, 0, 0, 0, 0, 700000, 700000
2015, RAJASTHAN, 8, KARAULI, 99, TODABHIM, 1317, AZIZPUR, 40136, 1103146, Maintenance of community system, 0, 0, 0, 0, 0, 0, 150000, 150000
2015, RAJASTHAN, 8, KARAULI, 99, TODABHIM, 1317, AZIZPUR, 40136, 1103146, Roads, 0, 0, 0, 0, 0, 0, 752000, 752000
2015, RAJASTHAN, 8, KARAULI, 99, TODABHIM, 1317, AZIZPUR, 40136, 1103146, Total, 0, 0, 0, 0, 0, 0, 1602000, 1602000
2015, RAJASTHAN, 8, KARAULI, 99, TODABHIM, 1317, BALGHAT, 40137, 1103158, Drinking water, 0, 0, 0, 0, 0, 0, 80000, 80000
2015, RAJASTHAN, 8, KARAULI, 99, TODABHIM, 1317, BALGHAT, 40137, 1103158, Maintenance of community system, 0, 0, 0, 0, 0, 0, 500000, 500000
2015, RAJASTHAN, 8, KARAULI, 99, TODABHIM, 1317, BALGHAT, 40137, 1103158, Roads, 0, 0, 0, 0, 0, 0, 780000, 780000
2015, RAJASTHAN, 8, KARAULI, 99, TODABHIM, 1317, BALGHAT, 40137, 1103158, Rural electrification, 0, 0, 0, 0, 0, 0, 177629, 177629
2015, RAJASTHAN, 8, KARAULI, 99, TODABHIM, 1317, BALGHAT, 40137, 1103158, Total, 0, 0, 0, 0, 0, 0, 1537629, 1537629
2015, RAJASTHAN, 8, KARAULI, 99, TODABHIM, 1317, BHAJERA, 40138, 1142048, Education, 0, 0, 0, 0, 0, 0, 300000, 300000
2015, RAJASTHAN, 8, KARAULI, 99, TODABHIM, 1317, BHAJERA, 40138, 1142048, Health, 0, 0, 0, 0, 0, 0, 500000, 500000
2015, RAJASTHAN, 8, KARAULI, 99, TODABHIM, 1317, BHAJERA, 40138, 1142048, Roads, 0, 0, 0, 0, 0, 0, 484376, 484376
2015, RAJASTHAN, 8, KARAULI, 99, TODABHIM, 1317, BHAJERA, 40138, 1142048, Total, 0, 0, 0, 0, 0, 0, 1284376, 1284376
2015, RAJASTHAN, 8, KARAULI, 99, TODABHIM, 1317, BHANAKPURA, 40139, 1103188, Health, 0, 0, 0, 0, 0, 0, 539799, 539799
2015, RAJASTHAN, 8, KARAULI, 99, TODABHIM, 1317, BHANAKPURA, 40139, 1103188, Roads, 0, 0, 0, 0, 0, 0, 500000, 500000
2015, RAJASTHAN, 8, KARAULI, 99, TODABHIM, 1317, BHANAKPURA, 40139, 1103188, Sanitation, 0, 0, 0, 0, 0, 0, 200000, 200000
2015, RAJASTHAN, 8, KARAULI, 99, TODABHIM, 1317, BHANAKPURA, 40139, 1103188, Total, 0, 0, 0, 0, 0, 0, 1239799, 1239799
2015, RAJASTHAN, 8, KARAULI, 99, TODABHIM, 1317, BHANDARI, 40140, 1142033, Drinking water, 0, 0, 0, 0, 0, 0, 200000, 200000
2015, RAJASTHAN, 8, KARAULI, 99, TODABHIM, 1317, BHANDARI, 40140, 1142033, Health, 0, 0, 0, 0, 0, 0, 531000, 531000
2015, RAJASTHAN, 8, KARAULI, 99, TODABHIM, 1317, BHANDARI, 40140, 1142033, Roads, 0, 0, 0, 0, 0, 0, 841000, 841000
2015, RAJASTHAN, 8, KARAULI, 99, TODABHIM, 1317, BHANDARI, 40140, 1142033, Sanitation, 0, 0, 0, 0, 0, 0, 50000, 50000
2015, RAJASTHAN, 8, KARAULI, 99, TODABHIM, 1317, BHANDARI, 40140, 1142033, Total, 0, 0, 0, 0, 0, 0, 1622000, 1622000
2015, RAJASTHAN, 8, KARAULI, 99, TODABHIM, 1317, BHOPUR, 40141, 1142049, Drinking water, 0, 0, 0, 0, 0, 0, 250000, 250000
2015, RAJASTHAN, 8, KARAULI, 99, TODABHIM, 1317, BHOPUR, 40141, 1142049, Roads, 0, 0, 0, 0, 0, 0, 762242, 762242
2015, RAJASTHAN, 8, KARAULI, 99, TODABHIM, 1317, BHOPUR, 40141, 1142049, Total, 0, 0, 0, 0, 0, 0, 1012242, 1012242
2015, RAJASTHAN, 8, KARAULI, 99, TODABHIM, 1317, BONL, 40142, 1142011, Drinking water, 0, 0, 0, 0, 0, 0, 950000, 950000
2015, RAJASTHAN, 8, KARAULI, 99, TODABHIM, 1317, BONL, 40142, 1142011, Roads, 0, 0, 0, 0, 0, 0, 659789, 659789
2015, RAJASTHAN, 8, KARAULI, 99, TODABHIM, 1317, BONL, 40142, 1142011, Total, 0, 0, 0, 0, 0, 0, 1609789, 1609789
2015, RAJASTHAN, 8, KARAULI, 99, TODABHIM, 1317, DEOLEN, 40143, 1234941, Drinking water, 0, 0, 0, 0, 0, 0, 600000, 600000
2015, RAJASTHAN, 8, KARAULI, 99, TODABHIM, 1317, DEOLEN, 40143, 1234941, Roads, 0, 0, 0, 0, 0, 0, 870569, 870569
2015, RAJASTHAN, 8, KARAULI, 99, TODABHIM, 1317, DEOLEN, 40143, 1234941, Sanitation, 0, 0, 0, 0, 0, 0, 383000, 383000
2015, RAJASTHAN, 8, KARAULI, 99, TODABHIM, 1317, DEOLEN, 40143, 1234941, Total, 0, 0, 0, 0, 0, 0, 1853569, 1853569
2015, RAJASTHAN, 8, KARAULI, 99, TODABHIM, 1317, DHAWAN, 40144, 1104230, Drinking water, 0, 0, 0, 0, 0, 0, 300000, 300000
2015, RAJASTHAN, 8, KARAULI, 99, TODABHIM, 1317, DHAWAN, 40144, 1104230, Roads, 0, 0, 0, 0, 0, 0, 1092754, 1092754
2015, RAJASTHAN, 8, KARAULI, 99, TODABHIM, 1317, DHAWAN, 40144, 1104230, Total, 0, 0, 0, 0, 0, 0, 1392754, 1392754
2015, RAJASTHAN, 8, KARAULI, 99, TODABHIM, 1317, GORDA, 40145, 1103167, Drinking water, 0, 0, 0, 0, 0, 0, 114058, 114058
2015, RAJASTHAN, 8, KARAULI, 99, TODABHIM, 1317, GORDA, 40145, 1103167, Maintenance of community system, 0, 0, 0, 0, 0, 0, 100000, 100000
2015, RAJASTHAN, 8, KARAULI, 99, TODABHIM, 1317, GORDA, 40145, 1103167, Roads, 0, 0, 0, 0, 0, 0, 870000, 870000
2015, RAJASTHAN, 8, KARAULI, 99, TODABHIM, 1317, GORDA, 40145, 1103167, Total, 0, 0, 0, 0, 0, 0, 1084058, 1084058
2015, RAJASTHAN, 8, KARAULI, 99, TODABHIM, 1317, JAGDISHPURA, 40146, 1142050, Drinking water, 0, 0, 0, 0, 0, 0, 400000, 400000
2015, RAJASTHAN, 8, KARAULI, 99, TODABHIM, 1317, JAGDISHPURA, 40146, 1142050, Maintenance of community system, 0, 0, 0, 0, 0, 0, 500000, 500000
2015, RAJASTHAN, 8, KARAULI, 99, TODABHIM, 1317, JAGDISHPURA, 40146, 1142050, Sanitation, 0, 0, 0, 0, 0, 0, 217490, 217490
2015, RAJASTHAN, 8, KARAULI, 99, TODABHIM, 1317, JAGDISHPURA, 40146, 1142050, Total, 0, 0, 0, 0, 0, 0, 1117490, 1117490
2015, RAJASTHAN, 8, KARAULI, 99, TODABHIM, 1317, JHAREESA, 40147, 1142051, Drinking water, 0, 0, 0, 0, 0, 0, 831171, 831171
2015, RAJASTHAN, 8, KARAULI, 99, TODABHIM, 1317, JHAREESA, 40147, 1142051, Maintenance of community system, 0, 0, 0, 0, 0, 0, 250000, 250000
2015, RAJASTHAN, 8, KARAULI, 99, TODABHIM, 1317, JHAREESA, 40147, 1142051, Roads, 0, 0, 0, 0, 0, 0, 200000, 200000
2015, RAJASTHAN, 8, KARAULI, 99, TODABHIM, 1317, JHAREESA, 40147, 1142051, Sanitation, 0, 0, 0, 0, 0, 0, 700000, 700000
2015, RAJASTHAN, 8, KARAULI, 99, TODABHIM, 1317, JHAREESA, 40147, 1142051, Total, 0, 0, 0, 0, 0, 0, 1981171, 1981171
2015, RAJASTHAN, 8, KARAULI, 99, TODABHIM, 1317, JONL, 40148, 1142052, Drinking water, 0, 0, 0, 0, 0, 0, 885574, 885574
2015, RAJASTHAN, 8, KARAULI, 99, TODABHIM, 1317, JONL, 40148, 1142052, Roads, 0, 0, 0, 0, 0, 0, 330000, 330000
2015, RAJASTHAN, 8, KARAULI, 99, TODABHIM, 1317, JONL, 40148, 1142052, Sanitation, 0, 0, 0, 0, 0, 0, 845000, 845000
2015, RAJASTHAN, 8, KARAULI, 99, TODABHIM, 1317, JONL, 40148, 1142052, Total, 0, 0, 0, 0, 0, 0, 2060574, 2060574
2015, RAJASTHAN, 8, KARAULI, 99, TODABHIM, 1317, KAMALPURA, 40149, 1103144, Drinking water, 0, 0, 0, 0, 0, 0, 50000, 50000
2015, RAJASTHAN, 8, KARAULI, 99, TODABHIM, 1317, KAMALPURA, 40149, 1103144, Roads, 0, 0, 0, 0, 0, 0, 1150000, 1150000
2015, RAJASTHAN, 8, KARAULI, 99, TODABHIM, 1317, KAMALPURA, 40149, 1103144, Sanitation, 0, 0, 0, 0, 0, 0, 128395, 128395
2015, RAJASTHAN, 8, KARAULI, 99, TODABHIM, 1317, KAMALPURA, 40149, 1103144, Total, 0, 0, 0, 0, 0, 0, 1328395, 1328395
2015, RAJASTHAN, 8, KARAULI, 99, TODABHIM, 1317, KANJOLI, 40150, 1047681, Drinking water, 0, 0, 0, 0, 0, 0, 100000, 100000
2015, RAJASTHAN, 8, KARAULI, 99, TODABHIM, 1317, KANJOLI, 40150, 1047681, Maintenance of community system, 0, 0, 0, 0, 0, 0, 150000, 150000
2015, RAJASTHAN, 8, KARAULI, 99, TODABHIM, 1317, KANJOLI, 40150, 1047681, Roads, 0, 0, 0, 0, 0, 0, 705440, 705440
2015, RAJASTHAN, 8, KARAULI, 99, TODABHIM, 1317, KANJOLI, 40150, 1047681, Sanitation, 0, 0, 0, 0, 0, 0, 500000, 500000
2015, RAJASTHAN, 8, KARAULI, 99, TODABHIM, 1317, KANJOLI, 40150, 1047681, Total, 0, 0, 0, 0, 0, 0, 1455440, 1455440
2015, RAJASTHAN, 8, KARAULI, 99, TODABHIM, 1317, KARIRI, 40151, 1142053, Drinking water, 0, 0, 0, 0, 0, 0, 60000, 60000
2015, RAJASTHAN, 8, KARAULI, 99, TODABHIM, 1317, KARIRI, 40151, 1142053, Roads, 0, 0, 0, 0, 0, 0, 1220394, 1220394
2015, RAJASTHAN, 8, KARAULI, 99, TODABHIM, 1317, KARIRI, 40151, 1142053, Sanitation, 0, 0, 0, 0, 0, 0, 1000000, 1000000
2015, RAJASTHAN, 8, KARAULI, 99, TODABHIM, 1317, KARIRI, 40151, 1142053, Total, 0, 0, 0, 0, 0, 0, 2280394, 2280394
2015, RAJASTHAN, 8, KARAULI, 99, TODABHIM, 1317, KATARA AZIZ, 40152, 1104261, Drinking water, 0, 0, 0, 0, 0, 0, 202466, 202466
2015, RAJASTHAN, 8, KARAULI, 99, TODABHIM, 1317, KATARA AZIZ, 40152, 1104261, Roads, 0, 0, 0, 0, 0, 0, 1000000, 1000000
2015, RAJASTHAN, 8, KARAULI, 99, TODABHIM, 1317, KATARA AZIZ, 40152, 1104261, Total, 0, 0, 0, 0, 0, 0, 1202466, 1202466
2015, RAJASTHAN, 8, KARAULI, 99, TODABHIM, 1317, KHERI, 40153, 1142054, Drinking water, 0, 0, 0, 0, 0, 0, 630000, 630000
2015, RAJASTHAN, 8, KARAULI, 99, TODABHIM, 1317, KHERI, 40153, 1142054, Roads, 0, 0, 0, 0, 0, 0, 518047, 518047
2015, RAJASTHAN, 8, KARAULI, 99, TODABHIM, 1317, KHERI, 40153, 1142054, Sanitation, 0, 0, 0, 0, 0, 0, 250000, 250000
2015, RAJASTHAN, 8, KARAULI, 99, TODABHIM, 1317, KHERI, 40153, 1142054, Total, 0, 0, 0, 0, 0, 0, 1398047, 1398047
2015, RAJASTHAN, 8, KARAULI, 99, TODABHIM, 1317, KHOHRA, 40154, 1142055, Roads, 0, 0, 0, 0, 0, 0, 971000, 971000
2015, RAJASTHAN, 8, KARAULI, 99, TODABHIM, 1317, KHOHRA, 40154, 1142055, Sanitation, 0, 0, 0, 0, 0, 0, 38949, 38949
2015, RAJASTHAN, 8, KARAULI, 99, TODABHIM, 1317, KHOHRA, 40154, 1142055, Total, 0, 0, 0, 0, 0, 0, 1009949, 1009949
2015, RAJASTHAN, 8, KARAULI, 99, TODABHIM, 1317, KIRWARA, 40155, 1142056, Drinking water, 0, 0, 0, 0, 0, 0, 200000, 200000
2015, RAJASTHAN, 8, KARAULI, 99, TODABHIM, 1317, KIRWARA, 40155, 1142056, Roads, 0, 0, 0, 0, 0, 0, 1521311, 1521311
2015, RAJASTHAN, 8, KARAULI, 99, TODABHIM, 1317, KIRWARA, 40155, 1142056, Total, 0, 0, 0, 0, 0, 0, 1721311, 1721311
2015, RAJASTHAN, 8, KARAULI, 99, TODABHIM, 1317, KUDHAWAL, 40156, 1142057, Drinking water, 0, 0, 0, 0, 0, 0, 350000, 350000
2015, RAJASTHAN, 8, KARAULI, 99, TODABHIM, 1317, KUDHAWAL, 40156, 1142057, Sanitation, 0, 0, 0, 0, 0, 0, 1310773, 1310773
2015, RAJASTHAN, 8, KARAULI, 99, TODABHIM, 1317, KUDHAWAL, 40156, 1142057, Total, 0, 0, 0, 0, 0, 0, 1660773, 1660773
2015, RAJASTHAN, 8, KARAULI, 99, TODABHIM, 1317, LAPAWALI, 40157, 1142058, Drinking water, 0, 0, 0, 0, 0, 0, 893000, 893000
2015, RAJASTHAN, 8, KARAULI, 99, TODABHIM, 1317, LAPAWALI, 40157, 1142058, Roads, 0, 0, 0, 0, 0, 0, 265724, 265724
2015, RAJASTHAN, 8, KARAULI, 99, TODABHIM, 1317, LAPAWALI, 40157, 1142058, Total, 0, 0, 0, 0, 0, 0, 1158724, 1158724
2015, RAJASTHAN, 8, KARAULI, 99, TODABHIM, 1317, MACHRI, 40158, 1142059, Drinking water, 0, 0, 0, 0, 0, 0, 1386704, 1386704
2015, RAJASTHAN, 8, KARAULI, 99, TODABHIM, 1317, MACHRI, 40158, 1142059, Sanitation, 0, 0, 0, 0, 0, 0, 400000, 400000
2015, RAJASTHAN, 8, KARAULI, 99, TODABHIM, 1317, MACHRI, 40158, 1142059, Total, 0, 0, 0, 0, 0, 0, 1786704, 1786704
2015, RAJASTHAN, 8, KARAULI, 99, TODABHIM, 1317, MAHMADPUR, 40159, 1108748, Drinking water, 0, 0, 0, 0, 0, 0, 100000, 100000
2015, RAJASTHAN, 8, KARAULI, 99, TODABHIM, 1317, MAHMADPUR, 40159, 1108748, Maintenance of community system, 0, 0, 0, 0, 0, 0, 403088, 403088
2015, RAJASTHAN, 8, KARAULI, 99, TODABHIM, 1317, MAHMADPUR, 40159, 1108748, Roads, 0, 0, 0, 0, 0, 0, 423000, 423000
2015, RAJASTHAN, 8, KARAULI, 99, TODABHIM, 1317, MAHMADPUR, 40159, 1108748, Total, 0, 0, 0, 0, 0, 0, 926088, 926088
2015, RAJASTHAN, 8, KARAULI, 99, TODABHIM, 1317, MAHSWA, 40160, 1142060, Drinking water, 0, 0, 0, 0, 0, 0, 72000, 72000
2015, RAJASTHAN, 8, KARAULI, 99, TODABHIM, 1317, MAHSWA, 40160, 1142060, Roads, 0, 0, 0, 0, 0, 0, 897977, 897977
2015, RAJASTHAN, 8, KARAULI, 99, TODABHIM, 1317, MAHSWA, 40160, 1142060, Sanitation, 0, 0, 0, 0, 0, 0, 890000, 890000
2015, RAJASTHAN, 8, KARAULI, 99, TODABHIM, 1317, MAHSWA, 40160, 1142060, Total, 0, 0, 0, 0, 0, 0, 1859977, 1859977
2015, RAJASTHAN, 8, KARAULI, 99, TODABHIM, 1317, MANDEROO, 40161, 1235006, Drinking water, 0, 0, 0, 0, 0, 0, 263361, 263361
2015, RAJASTHAN, 8, KARAULI, 99, TODABHIM, 1317, MANDEROO, 40161, 1235006, Roads, 0, 0, 0, 0, 0, 0, 960000, 960000
2015, RAJASTHAN, 8, KARAULI, 99, TODABHIM, 1317, MANDEROO, 40161, 1235006, Total, 0, 0, 0, 0, 0, 0, 1223361, 1223361
2015, RAJASTHAN, 8, KARAULI, 99, TODABHIM, 1317, MANNAUJ, 40162, 1142061, Drinking water, 0, 0, 0, 0, 0, 0, 200000, 200000
2015, RAJASTHAN, 8, KARAULI, 99, TODABHIM, 1317, MANNAUJ, 40162, 1142061, Maintenance of community system, 0, 0, 0, 0, 0, 0, 439909, 439909
2015, RAJASTHAN, 8, KARAULI, 99, TODABHIM, 1317, MANNAUJ, 40162, 1142061, Roads, 0, 0, 0, 0, 0, 0, 450000, 450000
2015, RAJASTHAN, 8, KARAULI, 99, TODABHIM, 1317, MANNAUJ, 40162, 1142061, Total, 0, 0, 0, 0, 0, 0, 1089909, 1089909
2015, RAJASTHAN, 8, KARAULI, 99, TODABHIM, 1317, MATASOOLA, 40163, 1142062, Drinking water, 0, 0, 0, 0, 0, 0, 660000, 660000
2015, RAJASTHAN, 8, KARAULI, 99, TODABHIM, 1317, MATASOOLA, 40163, 1142062, Maintenance of community system, 0, 0, 0, 0, 0, 0, 457052, 457052
2015, RAJASTHAN, 8, KARAULI, 99, TODABHIM, 1317, MATASOOLA, 40163, 1142062, Roads, 0, 0, 0, 0, 0, 0, 600000, 600000
2015, RAJASTHAN, 8, KARAULI, 99, TODABHIM, 1317, MATASOOLA, 40163, 1142062, Total, 0, 0, 0, 0, 0, 0, 1717052, 1717052
2015, RAJASTHAN, 8, KARAULI, 99, TODABHIM, 1317, MOONDIYA, 40164, 1142064, Administrative & Technical Support, 0, 0, 0, 0, 0, 0, 400000, 400000
2015, RAJASTHAN, 8, KARAULI, 99, TODABHIM, 1317, MOONDIYA, 40164, 1142064, Drinking water, 0, 0, 0, 0, 0, 0, 200000, 200000
2015, RAJASTHAN, 8, KARAULI, 99, TODABHIM, 1317, MOONDIYA, 40164, 1142064, Roads, 0, 0, 0, 0, 0, 0, 1298145, 1298145
2015, RAJASTHAN, 8, KARAULI, 99, TODABHIM, 1317, MOONDIYA, 40164, 1142064, Total, 0, 0, 0, 0, 0, 0, 1898145, 1898145
2015, RAJASTHAN, 8, KARAULI, 99, TODABHIM, 1317, MORDA, 40165, 1103156, Drinking water, 0, 0, 0, 0, 0, 0, 1443962, 1443962
2015, RAJASTHAN, 8, KARAULI, 99, TODABHIM, 1317, MORDA, 40165, 1103156, Roads, 0, 0, 0, 0, 0, 0, 635000, 635000
2015, RAJASTHAN, 8, KARAULI, 99, TODABHIM, 1317, MORDA, 40165, 1103156, Total, 0, 0, 0, 0, 0, 0, 2078962, 2078962
2015, RAJASTHAN, 8, KARAULI, 99, TODABHIM, 1317, NANGAL MANDAL, 40166, 1103171, Drinking water, 0, 0, 0, 0, 0, 0, 60000, 60000
2015, RAJASTHAN, 8, KARAULI, 99, TODABHIM, 1317, NANGAL MANDAL, 40166, 1103171, Roads, 0, 0, 0, 0, 0, 0, 1200000, 1200000
2015, RAJASTHAN, 8, KARAULI, 99, TODABHIM, 1317, NANGAL MANDAL, 40166, 1103171, Total, 0, 0, 0, 0, 0, 0, 1260000, 1260000
2015, RAJASTHAN, 8, KARAULI, 99, TODABHIM, 1317, NANGAL SHERPUR, 40167, 1142065, Roads, 0, 0, 0, 0, 0, 0, 976614, 976614
2015, RAJASTHAN, 8, KARAULI, 99, TODABHIM, 1317, NANGAL SHERPUR, 40167, 1142065, Sanitation, 0, 0, 0, 0, 0, 0, 500000, 500000
2015, RAJASTHAN, 8, KARAULI, 99, TODABHIM, 1317, NANGAL SHERPUR, 40167, 1142065, Total, 0, 0, 0, 0, 0, 0, 1476614, 1476614
2015, RAJASTHAN, 8, KARAULI, 99, TODABHIM, 1317, NISOORA, 40168, 1142066, Drinking water, 0, 0, 0, 0, 0, 0, 50000, 50000
2015, RAJASTHAN, 8, KARAULI, 99, TODABHIM, 1317, NISOORA, 40168, 1142066, Roads, 0, 0, 0, 0, 0, 0, 1267291, 1267291
2015, RAJASTHAN, 8, KARAULI, 99, TODABHIM, 1317, NISOORA, 40168, 1142066, Sanitation, 0, 0, 0, 0, 0, 0, 200000, 200000
2015, RAJASTHAN, 8, KARAULI, 99, TODABHIM, 1317, NISOORA, 40168, 1142066, Total, 0, 0, 0, 0, 0, 0, 1517291, 1517291
2015, RAJASTHAN, 8, KARAULI, 99, TODABHIM, 1317, PADAMPURA, 40169, 1142014, Maintenance of community system, 0, 0, 0, 0, 0, 0, 1020000, 1020000
2015, RAJASTHAN, 8, KARAULI, 99, TODABHIM, 1317, PADAMPURA, 40169, 1142014, Roads, 0, 0, 0, 0, 0, 0, 527380, 527380
2015, RAJASTHAN, 8, KARAULI, 99, TODABHIM, 1317, PADAMPURA, 40169, 1142014, Total, 0, 0, 0, 0, 0, 0, 1547380, 1547380
2015, RAJASTHAN, 8, KARAULI, 99, TODABHIM, 1317, PAHARI, 40170, 1142067, Roads, 0, 0, 0, 0, 0, 0, 1353470, 1353470
2015, RAJASTHAN, 8, KARAULI, 99, TODABHIM, 1317, PAHARI, 40170, 1142067, Total, 0, 0, 0, 0, 0, 0, 1353470, 1353470
2015, RAJASTHAN, 8, KARAULI, 99, TODABHIM, 1317, PARLA KHALSA, 40171, 1142007, Drinking water, 0, 0, 0, 0, 0, 0, 346000, 346000
2015, RAJASTHAN, 8, KARAULI, 99, TODABHIM, 1317, PARLA KHALSA, 40171, 1142007, Maintenance of community system, 0, 0, 0, 0, 0, 0, 131000, 131000
2015, RAJASTHAN, 8, KARAULI, 99, TODABHIM, 1317, PARLA KHALSA, 40171, 1142007, Sanitation, 0, 0, 0, 0, 0, 0, 770000, 770000
2015, RAJASTHAN, 8, KARAULI, 99, TODABHIM, 1317, PARLA KHALSA, 40171, 1142007, Total, 0, 0, 0, 0, 0, 0, 1247000, 1247000
2015, RAJASTHAN, 8, KARAULI, 99, TODABHIM, 1317, RANOLI, 40173, 1142022, Drinking water, 0, 0, 0, 0, 0, 0, 150000, 150000
2015, RAJASTHAN, 8, KARAULI, 99, TODABHIM, 1317, RANOLI, 40173, 1142022, Maintenance of community system, 0, 0, 0, 0, 0, 0, 486048, 486048
2015, RAJASTHAN, 8, KARAULI, 99, TODABHIM, 1317, RANOLI, 40173, 1142022, Sanitation, 0, 0, 0, 0, 0, 0, 370000, 370000
2015, RAJASTHAN, 8, KARAULI, 99, TODABHIM, 1317, RANOLI, 40173, 1142022, Total, 0, 0, 0, 0, 0, 0, 1006048, 1006048
2015, RAJASTHAN, 8, KARAULI, 99, TODABHIM, 1317, SANKARWARA, 40174, 1142068, Drinking water, 0, 0, 0, 0, 0, 0, 2100000, 2100000
2015, RAJASTHAN, 8, KARAULI, 99, TODABHIM, 1317, SANKARWARA, 40174, 1142068, Maintenance of community system, 0, 0, 0, 0, 0, 0, 133557, 133557
2015, RAJASTHAN, 8, KARAULI, 99, TODABHIM, 1317, SANKARWARA, 40174, 1142068, Roads, 0, 0, 0, 0, 0, 0, 200000, 200000
2015, RAJASTHAN, 8, KARAULI, 99, TODABHIM, 1317, SANKARWARA, 40174, 1142068, Sanitation, 0, 0, 0, 0, 0, 0, 350000, 350000
2015, RAJASTHAN, 8, KARAULI, 99, TODABHIM, 1317, SANKARWARA, 40174, 1142068, Total, 0, 0, 0, 0, 0, 0, 2783557, 2783557
2015, RAJASTHAN, 8, KARAULI, 99, TODABHIM, 1317, SEHRAKHAR, 40175, 1142069, Drinking water, 0, 0, 0, 0, 0, 0, 310000, 310000
2015, RAJASTHAN, 8, KARAULI, 99, TODABHIM, 1317, SEHRAKHAR, 40175, 1142069, Health, 0, 0, 0, 0, 0, 0, 150000, 150000
2015, RAJASTHAN, 8, KARAULI, 99, TODABHIM, 1317, SEHRAKHAR, 40175, 1142069, Maintenance of community system, 0, 0, 0, 0, 0, 0, 100000, 100000
2015, RAJASTHAN, 8, KARAULI, 99, TODABHIM, 1317, SEHRAKHAR, 40175, 1142069, Roads, 0, 0, 0, 0, 0, 0, 538157, 538157
2015, RAJASTHAN, 8, KARAULI, 99, TODABHIM, 1317, SEHRAKHAR, 40175, 1142069, Sanitation, 0, 0, 0, 0, 0, 0, 150000, 150000
2015, RAJASTHAN, 8, KARAULI, 99, TODABHIM, 1317, SEHRAKHAR, 40175, 1142069, Total, 0, 0, 0, 0, 0, 0, 1248157, 1248157
2015, RAJASTHAN, 8, KARAULI, 99, TODABHIM, 1317, SHEKHPURA, 40176, 1142028, Drinking water, 0, 0, 0, 0, 0, 0, 370000, 370000
2015, RAJASTHAN, 8, KARAULI, 99, TODABHIM, 1317, SHEKHPURA, 40176, 1142028, Roads, 0, 0, 0, 0, 0, 0, 809620, 809620
2015, RAJASTHAN, 8, KARAULI, 99, TODABHIM, 1317, SHEKHPURA, 40176, 1142028, Total, 0, 0, 0, 0, 0, 0, 1179620, 1179620
2015, RAJASTHAN, 8, KARAULI, 99, TODABHIM, 1317, SINGHNIYAN, 40177, 1142031, Cultural activities, 0, 0, 0, 0, 0, 0, 86326, 86326
2015, RAJASTHAN, 8, KARAULI, 99, TODABHIM, 1317, SINGHNIYAN, 40177, 1142031, Drinking water, 0, 0, 0, 0, 0, 0, 1000000, 1000000
2015, RAJASTHAN, 8, KARAULI, 99, TODABHIM, 1317, SINGHNIYAN, 40177, 1142031, Sanitation, 0, 0, 0, 0, 0, 0, 200000, 200000
2015, RAJASTHAN, 8, KARAULI, 99, TODABHIM, 1317, SINGHNIYAN, 40177, 1142031, Total, 0, 0, 0, 0, 0, 0, 1286326, 1286326
2015, RAJASTHAN, 8, KARAULI, 99, TODABHIM, 1317, TIGHARIYA, 40178, 1142032, Drinking water, 0, 0, 0, 0, 0, 0, 103987, 103987
2015, RAJASTHAN, 8, KARAULI, 99, TODABHIM, 1317, TIGHARIYA, 40178, 1142032, Maintenance of community system, 0, 0, 0, 0, 0, 0, 498000, 498000
2015, RAJASTHAN, 8, KARAULI, 99, TODABHIM, 1317, TIGHARIYA, 40178, 1142032, Roads, 0, 0, 0, 0, 0, 0, 500000, 500000
2015, RAJASTHAN, 8, KARAULI, 99, TODABHIM, 1317, TIGHARIYA, 40178, 1142032, Sanitation, 0, 0, 0, 0, 0, 0, 500000, 500000
2015, RAJASTHAN, 8, KARAULI, 99, TODABHIM, 1317, TIGHARIYA, 40178, 1142032, Total, 0, 0, 0, 0, 0, 0, 1601987, 1601987
2015, RAJASTHAN, 8, KARAULI, 99, TODABHIM, 1317, URDAIN, 40179, 1103143, Drinking water, 0, 0, 0, 0, 0, 0, 550000, 550000
2015, RAJASTHAN, 8, KARAULI, 99, TODABHIM, 1317, URDAIN, 40179, 1103143, Roads, 0, 0, 0, 0, 0, 0, 831330, 831330
2015, RAJASTHAN, 8, KARAULI, 99, TODABHIM, 1317, URDAIN, 40179, 1103143, Total, 0, 0, 0, 0, 0, 0, 1381330, 1381330
2015, RAJASTHAN, 8, KOTA, 100, ITAWA, 1318, AYANA, 40180, 1105327, Health, 0, 0, 0, 0, 0, 0, 313307, 313307
2015, RAJASTHAN, 8, KOTA, 100, ITAWA, 1318, AYANA, 40180, 1105327, Maintenance of community system, 0, 0, 0, 0, 0, 0, 1100000, 1100000
2015, RAJASTHAN, 8, KOTA, 100, ITAWA, 1318, AYANA, 40180, 1105327, Roads, 0, 0, 0, 0, 0, 0, 550000, 550000
2015, RAJASTHAN, 8, KOTA, 100, ITAWA, 1318, AYANA, 40180, 1105327, Sanitation, 0, 0, 0, 0, 0, 0, 250000, 250000
2015, RAJASTHAN, 8, KOTA, 100, ITAWA, 1318, AYANA, 40180, 1105327, Total, 0, 0, 0, 0, 0, 0, 2213307, 2213307
2015, RAJASTHAN, 8, KOTA, 100, ITAWA, 1318, AYANI, 40181, 1103534, Roads, 0, 0, 0, 0, 0, 0, 818490, 818490
2015, RAJASTHAN, 8, KOTA, 100, ITAWA, 1318, AYANI, 40181, 1103534, Sanitation, 0, 0, 0, 0, 0, 0, 500000, 500000
2015, RAJASTHAN, 8, KOTA, 100, ITAWA, 1318, AYANI, 40181, 1103534, Total, 0, 0, 0, 0, 0, 0, 1318490, 1318490
2015, RAJASTHAN, 8, KOTA, 100, ITAWA, 1318, BAGLI, 40182, 1103698, Maintenance of community system, 0, 0, 0, 0, 0, 0, 1253079, 1253079
2015, RAJASTHAN, 8, KOTA, 100, ITAWA, 1318, BAGLI, 40182, 1103698, Total, 0, 0, 0, 0, 0, 0, 1253079, 1253079
2015, RAJASTHAN, 8, KOTA, 100, ITAWA, 1318, BALUPA, 40183, 1103628, Drinking water, 0, 0, 0, 0, 0, 0, 270900, 270900
2015, RAJASTHAN, 8, KOTA, 100, ITAWA, 1318, BALUPA, 40183, 1103628, Roads, 0, 0, 0, 0, 0, 0, 641050, 641050
2015, RAJASTHAN, 8, KOTA, 100, ITAWA, 1318, BALUPA, 40183, 1103628, Rural electrification, 0, 0, 0, 0, 0, 0, 200000, 200000
2015, RAJASTHAN, 8, KOTA, 100, ITAWA, 1318, BALUPA, 40183, 1103628, Total, 0, 0, 0, 0, 0, 0, 1111950, 1111950
2015, RAJASTHAN, 8, KOTA, 100, ITAWA, 1318, BAMBULIYA KALAN, 40184, 1103634, Maintenance of community system, 0, 0, 0, 0, 0, 0, 452639, 452639
2015, RAJASTHAN, 8, KOTA, 100, ITAWA, 1318, BAMBULIYA KALAN, 40184, 1103634, Roads, 0, 0, 0, 0, 0, 0, 1235789, 1235789
2015, RAJASTHAN, 8, KOTA, 100, ITAWA, 1318, BAMBULIYA KALAN, 40184, 1103634, Total, 0, 0, 0, 0, 0, 0, 1688428, 1688428
2015, RAJASTHAN, 8, KOTA, 100, ITAWA, 1318, BINAYAKA, 40185, 1103640, Cultural activities, 0, 0, 0, 0, 0, 0, 150000, 150000
2015, RAJASTHAN, 8, KOTA, 100, ITAWA, 1318, BINAYAKA, 40185, 1103640, Drinking water, 0, 0, 0, 0, 0, 0, 80445, 80445
2015, RAJASTHAN, 8, KOTA, 100, ITAWA, 1318, BINAYAKA, 40185, 1103640, Maintenance of community system, 0, 0, 0, 0, 0, 0, 100000, 100000
2015, RAJASTHAN, 8, KOTA, 100, ITAWA, 1318, BINAYAKA, 40185, 1103640, Roads, 0, 0, 0, 0, 0, 0, 1200000, 1200000
2015, RAJASTHAN, 8, KOTA, 100, ITAWA, 1318, BINAYAKA, 40185, 1103640, Sanitation, 0, 0, 0, 0, 0, 0, 50000, 50000
2015, RAJASTHAN, 8, KOTA, 100, ITAWA, 1318, BINAYAKA, 40185, 1103640, Total, 0, 0, 0, 0, 0, 0, 1580445, 1580445
2015, RAJASTHAN, 8, KOTA, 100, ITAWA, 1318, BORDA, 40186, 1116371, Roads, 0, 0, 0, 0, 0, 0, 1421546, 1421546
2015, RAJASTHAN, 8, KOTA, 100, ITAWA, 1318, BORDA, 40186, 1116371, Total, 0, 0, 0, 0, 0, 0, 1421546, 1421546
2015, RAJASTHAN, 8, KOTA, 100, ITAWA, 1318, DHIPRI CHAMBAL, 40187, 1114261, Roads, 0, 0, 0, 0, 0, 0, 1281783, 1281783
2015, RAJASTHAN, 8, KOTA, 100, ITAWA, 1318, DHIPRI CHAMBAL, 40187, 1114261, Total, 0, 0, 0, 0, 0, 0, 1281783, 1281783
2015, RAJASTHAN, 8, KOTA, 100, ITAWA, 1318, DOONGARLI, 40188, 1107970, Drinking water, 0, 0, 0, 0, 0, 0, 228723, 228723
2015, RAJASTHAN, 8, KOTA, 100, ITAWA, 1318, DOONGARLI, 40188, 1107970, Maintenance of community system, 0, 0, 0, 0, 0, 0, 59058, 59058
2015, RAJASTHAN, 8, KOTA, 100, ITAWA, 1318, DOONGARLI, 40188, 1107970, Roads, 0, 0, 0, 0, 0, 0, 245840, 245840
2015, RAJASTHAN, 8, KOTA, 100, ITAWA, 1318, DOONGARLI, 40188, 1107970, Sanitation, 0, 0, 0, 0, 0, 0, 678111, 678111
2015, RAJASTHAN, 8, KOTA, 100, ITAWA, 1318, DOONGARLI, 40188, 1107970, Total, 0, 0, 0, 0, 0, 0, 1211732, 1211732
2015, RAJASTHAN, 8, KOTA, 100, ITAWA, 1318, DURJANPURA, 40189, 1143986, Drinking water, 0, 0, 0, 0, 0, 0, 1148000, 1148000
2015, RAJASTHAN, 8, KOTA, 100, ITAWA, 1318, DURJANPURA, 40189, 1143986, Roads, 0, 0, 0, 0, 0, 0, 500000, 500000
2015, RAJASTHAN, 8, KOTA, 100, ITAWA, 1318, DURJANPURA, 40189, 1143986, Sanitation, 0, 0, 0, 0, 0, 0, 241017, 241017
2015, RAJASTHAN, 8, KOTA, 100, ITAWA, 1318, DURJANPURA, 40189, 1143986, Total, 0, 0, 0, 0, 0, 0, 1889017, 1889017
2015, RAJASTHAN, 8, KOTA, 100, ITAWA, 1318, GANESH GANJ, 40190, 1113624, Drinking water, 0, 0, 0, 0, 0, 0, 40000, 40000
2015, RAJASTHAN, 8, KOTA, 100, ITAWA, 1318, GANESH GANJ, 40190, 1113624, Roads, 0, 0, 0, 0, 0, 0, 793644, 793644
2015, RAJASTHAN, 8, KOTA, 100, ITAWA, 1318, GANESH GANJ, 40190, 1113624, Sanitation, 0, 0, 0, 0, 0, 0, 850000, 850000
2015, RAJASTHAN, 8, KOTA, 100, ITAWA, 1318, GANESH GANJ, 40190, 1113624, Total, 0, 0, 0, 0, 0, 0, 1683644, 1683644
2015, RAJASTHAN, 8, KOTA, 100, ITAWA, 1318, GENTA, 40191, 1113632, Roads, 0, 0, 0, 0, 0, 0, 2010326, 2010326
2015, RAJASTHAN, 8, KOTA, 100, ITAWA, 1318, GENTA, 40191, 1113632, Total, 0, 0, 0, 0, 0, 0, 2010326, 2010326
2015, RAJASTHAN, 8, KOTA, 100, ITAWA, 1318, JALODA KHATIYAN, 40193, 1113371, Drinking water, 0, 0, 0, 0, 0, 0, 19985, 19985
2015, RAJASTHAN, 8, KOTA, 100, ITAWA, 1318, JALODA KHATIYAN, 40193, 1113371, Health, 0, 0, 0, 0, 0, 0, 387680, 387680
2015, RAJASTHAN, 8, KOTA, 100, ITAWA, 1318, JALODA KHATIYAN, 40193, 1113371, Roads, 0, 0, 0, 0, 0, 0, 1230530, 1230530
2015, RAJASTHAN, 8, KOTA, 100, ITAWA, 1318, JALODA KHATIYAN, 40193, 1113371, Total, 0, 0, 0, 0, 0, 0, 1638195, 1638195
2015, RAJASTHAN, 8, KOTA, 100, ITAWA, 1318, JATWADA, 40194, 1114204, Animal husbandry, 0, 0, 0, 0, 0, 0, 200000, 200000
2015, RAJASTHAN, 8, KOTA, 100, ITAWA, 1318, JATWADA, 40194, 1114204, Drinking water, 0, 0, 0, 0, 0, 0, 100000, 100000
2015, RAJASTHAN, 8, KOTA, 100, ITAWA, 1318, JATWADA, 40194, 1114204, Maintenance of community system, 0, 0, 0, 0, 0, 0, 50000, 50000
2015, RAJASTHAN, 8, KOTA, 100, ITAWA, 1318, JATWADA, 40194, 1114204, Roads, 0, 0, 0, 0, 0, 0, 1420782, 1420782
2015, RAJASTHAN, 8, KOTA, 100, ITAWA, 1318, JATWADA, 40194, 1114204, Total, 0, 0, 0, 0, 0, 0, 1770782, 1770782
2015, RAJASTHAN, 8, KOTA, 100, ITAWA, 1318, JORAWARPURA, 40195, 1104392, Cultural activities, 0, 0, 0, 0, 0, 0, 30000, 30000
2015, RAJASTHAN, 8, KOTA, 100, ITAWA, 1318, JORAWARPURA, 40195, 1104392, Drinking water, 0, 0, 0, 0, 0, 0, 25000, 25000
2015, RAJASTHAN, 8, KOTA, 100, ITAWA, 1318, JORAWARPURA, 40195, 1104392, Land improvement, 0, 0, 0, 0, 0, 0, 17721, 17721
2015, RAJASTHAN, 8, KOTA, 100, ITAWA, 1318, JORAWARPURA, 40195, 1104392, Maintenance of community system, 0, 0, 0, 0, 0, 0, 125000, 125000
2015, RAJASTHAN, 8, KOTA, 100, ITAWA, 1318, JORAWARPURA, 40195, 1104392, Roads, 0, 0, 0, 0, 0, 0, 615000, 615000
2015, RAJASTHAN, 8, KOTA, 100, ITAWA, 1318, JORAWARPURA, 40195, 1104392, Sanitation, 0, 0, 0, 0, 0, 0, 663500, 663500
2015, RAJASTHAN, 8, KOTA, 100, ITAWA, 1318, JORAWARPURA, 40195, 1104392, Total, 0, 0, 0, 0, 0, 0, 1476221, 1476221
2015, RAJASTHAN, 8, KOTA, 100, ITAWA, 1318, KAKRAVADA, 40196, 1104747, Roads, 0, 0, 0, 0, 0, 0, 1810421, 1810421
2015, RAJASTHAN, 8, KOTA, 100, ITAWA, 1318, KAKRAVADA, 40196, 1104747, Total, 0, 0, 0, 0, 0, 0, 1810421, 1810421
2015, RAJASTHAN, 8, KOTA, 100, ITAWA, 1318, KARWAD, 40197, 1104858, Drinking water, 0, 0, 0, 0, 0, 0, 147994, 147994
2015, RAJASTHAN, 8, KOTA, 100, ITAWA, 1318, KARWAD, 40197, 1104858, Maintenance of community system, 0, 0, 0, 0, 0, 0, 63573, 63573
2015, RAJASTHAN, 8, KOTA, 100, ITAWA, 1318, KARWAD, 40197, 1104858, Roads, 0, 0, 0, 0, 0, 0, 1871810, 1871810
2015, RAJASTHAN, 8, KOTA, 100, ITAWA, 1318, KARWAD, 40197, 1104858, Sanitation, 0, 0, 0, 0, 0, 0, 229741, 229741
2015, RAJASTHAN, 8, KOTA, 100, ITAWA, 1318, KARWAD, 40197, 1104858, Total, 0, 0, 0, 0, 0, 0, 2313118, 2313118
2015, RAJASTHAN, 8, KOTA, 100, ITAWA, 1318, KETHODA, 40198, 1143138, Maintenance of community system, 0, 0, 0, 0, 0, 0, 120000, 120000
2015, RAJASTHAN, 8, KOTA, 100, ITAWA, 1318, KETHODA, 40198, 1143138, Roads, 0, 0, 0, 0, 0, 0, 1146406, 1146406
2015, RAJASTHAN, 8, KOTA, 100, ITAWA, 1318, KETHODA, 40198, 1143138, Total, 0, 0, 0, 0, 0, 0, 1266406, 1266406
2015, RAJASTHAN, 8, KOTA, 100, ITAWA, 1318, KHATOLI, 40199, 1114723, Roads, 0, 0, 0, 0, 0, 0, 3701829, 3701829
2015, RAJASTHAN, 8, KOTA, 100, ITAWA, 1318, KHATOLI, 40199, 1114723, Total, 0, 0, 0, 0, 0, 0, 3701829, 3701829
2015, RAJASTHAN, 8, KOTA, 100, ITAWA, 1318, KHYAWADA, 40200, 1107474, Roads, 0, 0, 0, 0, 0, 0, 200000, 200000
2015, RAJASTHAN, 8, KOTA, 100, ITAWA, 1318, KHYAWADA, 40200, 1107474, Sanitation, 0, 0, 0, 0, 0, 0, 1876278, 1876278
2015, RAJASTHAN, 8, KOTA, 100, ITAWA, 1318, KHYAWADA, 40200, 1107474, Total, 0, 0, 0, 0, 0, 0, 2076278, 2076278
2015, RAJASTHAN, 8, KOTA, 100, ITAWA, 1318, LAKSHMIPURA, 40201, 1114486, Drinking water, 0, 0, 0, 0, 0, 0, 550000, 550000
2015, RAJASTHAN, 8, KOTA, 100, ITAWA, 1318, LAKSHMIPURA, 40201, 1114486, Roads, 0, 0, 0, 0, 0, 0, 1127972, 1127972
2015, RAJASTHAN, 8, KOTA, 100, ITAWA, 1318, LAKSHMIPURA, 40201, 1114486, Sanitation, 0, 0, 0, 0, 0, 0, 250000, 250000
2015, RAJASTHAN, 8, KOTA, 100, ITAWA, 1318, LAKSHMIPURA, 40201, 1114486, Total, 0, 0, 0, 0, 0, 0, 1927972, 1927972
2015, RAJASTHAN, 8, KOTA, 100, ITAWA, 1318, LUHAWAD, 40202, 1104897, Drinking water, 0, 0, 0, 0, 0, 0, 360000, 360000
2015, RAJASTHAN, 8, KOTA, 100, ITAWA, 1318, LUHAWAD, 40202, 1104897, Maintenance of community system, 0, 0, 0, 0, 0, 0, 423943, 423943
2015, RAJASTHAN, 8, KOTA, 100, ITAWA, 1318, LUHAWAD, 40202, 1104897, Roads, 0, 0, 0, 0, 0, 0, 883286, 883286
2015, RAJASTHAN, 8, KOTA, 100, ITAWA, 1318, LUHAWAD, 40202, 1104897, Sanitation, 0, 0, 0, 0, 0, 0, 250292, 250292
2015, RAJASTHAN, 8, KOTA, 100, ITAWA, 1318, LUHAWAD, 40202, 1104897, Total, 0, 0, 0, 0, 0, 0, 1917521, 1917521
2015, RAJASTHAN, 8, KOTA, 100, ITAWA, 1318, NIMOLA, 40203, 1104219, Maintenance of community system, 0, 0, 0, 0, 0, 0, 132424, 132424
2015, RAJASTHAN, 8, KOTA, 100, ITAWA, 1318, NIMOLA, 40203, 1104219, Roads, 0, 0, 0, 0, 0, 0, 1794047, 1794047
2015, RAJASTHAN, 8, KOTA, 100, ITAWA, 1318, NIMOLA, 40203, 1104219, Total, 0, 0, 0, 0, 0, 0, 2018186, 2018186
2015, RAJASTHAN, 8, KOTA, 100, ITAWA, 1318, NIMOLA, 40203, 1104219, Water Conservation, 0, 0, 0, 0, 0, 0, 91715, 91715
2015, RAJASTHAN, 8, KOTA, 100, ITAWA, 1318, NONERA, 40204, 1118426, Maintenance of community system, 0, 0, 0, 0, 0, 0, 13905, 13905
2015, RAJASTHAN, 8, KOTA, 100, ITAWA, 1318, NONERA, 40204, 1118426, Roads, 0, 0, 0, 0, 0, 0, 1300000, 1300000
2015, RAJASTHAN, 8, KOTA, 100, ITAWA, 1318, NONERA, 40204, 1118426, Total, 0, 0, 0, 0, 0, 0, 1313905, 1313905
2015, RAJASTHAN, 8, KOTA, 100, ITAWA, 1318, PIPLDA KALAN, 40205, 1104736, Roads, 0, 0, 0, 0, 0, 0, 1757454, 1757454
2015, RAJASTHAN, 8, KOTA, 100, ITAWA, 1318, PIPLDA KALAN, 40205, 1104736, Total, 0, 0, 0, 0, 0, 0, 1757454, 1757454
2015, RAJASTHAN, 8, KOTA, 100, ITAWA, 1318, RAJOPA, 40206, 1114111, Roads, 0, 0, 0, 0, 0, 0, 2203739, 2203739
2015, RAJASTHAN, 8, KOTA, 100, ITAWA, 1318, RAJOPA, 40206, 1114111, Total, 0, 0, 0, 0, 0, 0, 2203739, 2203739
2015, RAJASTHAN, 8, KOTA, 100, ITAWA, 1318, RANODIYA, 40207, 1104210, Drinking water, 0, 0, 0, 0, 0, 0, 40000, 40000
2015, RAJASTHAN, 8, KOTA, 100, ITAWA, 1318, RANODIYA, 40207, 1104210, Roads, 0, 0, 0, 0, 0, 0, 1365144, 1365144
2015, RAJASTHAN, 8, KOTA, 100, ITAWA, 1318, RANODIYA, 40207, 1104210, Total, 0, 0, 0, 0, 0, 0, 1405144, 1405144
2015, RAJASTHAN, 8, KOTA, 100, ITAWA, 1318, SAHNAWDA, 40208, 1103789, Cultural activities, 0, 0, 0, 0, 0, 0, 340000, 340000
2015, RAJASTHAN, 8, KOTA, 100, ITAWA, 1318, SAHNAWDA, 40208, 1103789, Land improvement, 0, 0, 0, 0, 0, 0, 96221, 96221
2015, RAJASTHAN, 8, KOTA, 100, ITAWA, 1318, SAHNAWDA, 40208, 1103789, Roads, 0, 0, 0, 0, 0, 0, 560000, 560000
2015, RAJASTHAN, 8, KOTA, 100, ITAWA, 1318, SAHNAWDA, 40208, 1103789, Rural electrification, 0, 0, 0, 0, 0, 0, 170000, 170000
2015, RAJASTHAN, 8, KOTA, 100, ITAWA, 1318, SAHNAWDA, 40208, 1103789, Sanitation, 0, 0, 0, 0, 0, 0, 310000, 310000
2015, RAJASTHAN, 8, KOTA, 100, ITAWA, 1318, SAHNAWDA, 40208, 1103789, Total, 0, 0, 0, 0, 0, 0, 1476221, 1476221
2015, RAJASTHAN, 8, KOTA, 100, ITAWA, 1318, TALAV, 40209, 1104200, Maintenance of community system, 0, 0, 0, 0, 0, 0, 250000, 250000
2015, RAJASTHAN, 8, KOTA, 100, ITAWA, 1318, TALAV, 40209, 1104200, Roads, 0, 0, 0, 0, 0, 0, 2160819, 2160819
2015, RAJASTHAN, 8, KOTA, 100, ITAWA, 1318, TALAV, 40209, 1104200, Total, 0, 0, 0, 0, 0, 0, 2410819, 2410819
2015, RAJASTHAN, 8, KOTA, 100, KHAIRABAD, 1319, ALOD, 40210, 1099398, Roads, 0, 0, 0, 0, 0, 0, 998085, 998085
2015, RAJASTHAN, 8, KOTA, 100, KHAIRABAD, 1319, ALOD, 40210, 1099398, Rural electrification, 0, 0, 0, 0, 0, 0, 244974, 244974
2015, RAJASTHAN, 8, KOTA, 100, KHAIRABAD, 1319, ALOD, 40210, 1099398, Total, 0, 0, 0, 0, 0, 0, 1243059, 1243059
2015, RAJASTHAN, 8, KOTA, 100, KHAIRABAD, 1319, ARNIYA  KALAN, 40211, 1099544, Roads, 0, 0, 0, 0, 0, 0, 1290000, 1290000
2015, RAJASTHAN, 8, KOTA, 100, KHAIRABAD, 1319, ARNIYA  KALAN, 40211, 1099544, Total, 0, 0, 0, 0, 0, 0, 1290000, 1290000
2015, RAJASTHAN, 8, KOTA, 100, KHAIRABAD, 1319, BARODIYA KALAN, 40212, 1100553, Roads, 0, 0, 0, 0, 0, 0, 3221000, 3221000
2015, RAJASTHAN, 8, KOTA, 100, KHAIRABAD, 1319, BARODIYA KALAN, 40212, 1100553, Total, 0, 0, 0, 0, 0, 0, 3221000, 3221000
2015, RAJASTHAN, 8, KOTA, 100, KHAIRABAD, 1319, BUDHKHAN, 40213, 1100709, Drinking water, 0, 0, 0, 0, 0, 0, 271788, 271788
2015, RAJASTHAN, 8, KOTA, 100, KHAIRABAD, 1319, BUDHKHAN, 40213, 1100709, Maintenance of community system, 0, 0, 0, 0, 0, 0, 541731, 541731
2015, RAJASTHAN, 8, KOTA, 100, KHAIRABAD, 1319, BUDHKHAN, 40213, 1100709, Roads, 0, 0, 0, 0, 0, 0, 3114972, 3114972
2015, RAJASTHAN, 8, KOTA, 100, KHAIRABAD, 1319, BUDHKHAN, 40213, 1100709, Total, 0, 0, 0, 0, 0, 0, 3928491, 3928491
2015, RAJASTHAN, 8, KOTA, 100, KHAIRABAD, 1319, CHECHAT, 40214, 1101193, Maintenance of community system, 0, 0, 0, 0, 0, 0, 300000, 300000
2015, RAJASTHAN, 8, KOTA, 100, KHAIRABAD, 1319, CHECHAT, 40214, 1101193, Roads, 0, 0, 0, 0, 0, 0, 3250000, 3250000
2015, RAJASTHAN, 8, KOTA, 100, KHAIRABAD, 1319, CHECHAT, 40214, 1101193, Total, 0, 0, 0, 0, 0, 0, 3550000, 3550000
2015, RAJASTHAN, 8, KOTA, 100, KHAIRABAD, 1319, DEVLI KALAN, 40215, 1100996, Drinking water, 0, 0, 0, 0, 0, 0, 225000, 225000
2015, RAJASTHAN, 8, KOTA, 100, KHAIRABAD, 1319, DEVLI KALAN, 40215, 1100996, Roads, 0, 0, 0, 0, 0, 0, 1213780, 1213780
2015, RAJASTHAN, 8, KOTA, 100, KHAIRABAD, 1319, DEVLI KALAN, 40215, 1100996, Total, 0, 0, 0, 0, 0, 0, 1438780, 1438780
2015, RAJASTHAN, 8, KOTA, 100, KHAIRABAD, 1319, DEVLI KHURD, 40216, 1101247, Roads, 0, 0, 0, 0, 0, 0, 1199669, 1199669
2015, RAJASTHAN, 8, KOTA, 100, KHAIRABAD, 1319, DEVLI KHURD, 40216, 1101247, Total, 0, 0, 0, 0, 0, 0, 1199669, 1199669
2015, RAJASTHAN, 8, KOTA, 100, KHAIRABAD, 1319, DHARNAWAD, 40217, 1101638, Roads, 0, 0, 0, 0, 0, 0, 1245000, 1245000
2015, RAJASTHAN, 8, KOTA, 100, KHAIRABAD, 1319, DHARNAWAD, 40217, 1101638, Total, 0, 0, 0, 0, 0, 0, 1245000, 1245000
2015, RAJASTHAN, 8, KOTA, 100, KHAIRABAD, 1319, GADIYA, 40218, 1101647, Roads, 0, 0, 0, 0, 0, 0, 95000, 95000
2015, RAJASTHAN, 8, KOTA, 100, KHAIRABAD, 1319, GADIYA, 40218, 1101647, Total, 0, 0, 0, 0, 0, 0, 95000, 95000
2015, RAJASTHAN, 8, KOTA, 100, KHAIRABAD, 1319, GHATOLI, 40219, 1101269, Roads, 0, 0, 0, 0, 0, 0, 1952810, 1952810
2015, RAJASTHAN, 8, KOTA, 100, KHAIRABAD, 1319, GHATOLI, 40219, 1101269, Total, 0, 0, 0, 0, 0, 0, 1952810, 1952810
2015, RAJASTHAN, 8, KOTA, 100, KHAIRABAD, 1319, GOYANDA, 40220, 1101681, Drinking water, 0, 0, 0, 0, 0, 0, 1049000, 1049000
2015, RAJASTHAN, 8, KOTA, 100, KHAIRABAD, 1319, GOYANDA, 40220, 1101681, Maintenance of community system, 0, 0, 0, 0, 0, 0, 100000, 100000
2015, RAJASTHAN, 8, KOTA, 100, KHAIRABAD, 1319, GOYANDA, 40220, 1101681, Roads, 0, 0, 0, 0, 0, 0, 1579000, 1579000
2015, RAJASTHAN, 8, KOTA, 100, KHAIRABAD, 1319, GOYANDA, 40220, 1101681, Total, 0, 0, 0, 0, 0, 0, 2728000, 2728000
2015, RAJASTHAN, 8, KOTA, 100, KHAIRABAD, 1319, HATIYA KHERI, 40221, 1101606, Roads, 0, 0, 0, 0, 0, 0, 974042, 974042
2015, RAJASTHAN, 8, KOTA, 100, KHAIRABAD, 1319, HATIYA KHERI, 40221, 1101606, Total, 0, 0, 0, 0, 0, 0, 974042, 974042
2015, RAJASTHAN, 8, KOTA, 100, KHAIRABAD, 1319, HEERIYA KHERI, 40222, 1101712, Roads, 0, 0, 0, 0, 0, 0, 1748154, 1748154
2015, RAJASTHAN, 8, KOTA, 100, KHAIRABAD, 1319, HEERIYA KHERI, 40222, 1101712, Total, 0, 0, 0, 0, 0, 0, 1748154, 1748154
2015, RAJASTHAN, 8, KOTA, 100, KHAIRABAD, 1319, JHULMI, 40223, 1100969, Maintenance of community system, 0, 0, 0, 0, 0, 0, 45000, 45000
2015, RAJASTHAN, 8, KOTA, 100, KHAIRABAD, 1319, JHULMI, 40223, 1100969, Roads, 0, 0, 0, 0, 0, 0, 4169593, 4169593
2015, RAJASTHAN, 8, KOTA, 100, KHAIRABAD, 1319, JHULMI, 40223, 1100969, Total, 0, 0, 0, 0, 0, 0, 4214593, 4214593
2015, RAJASTHAN, 8, KOTA, 100, KHAIRABAD, 1319, KHAIRABAD, 40224, 1101958, Roads, 0, 0, 0, 0, 0, 0, 2150000, 2150000
2015, RAJASTHAN, 8, KOTA, 100, KHAIRABAD, 1319, KHAIRABAD, 40224, 1101958, Total, 0, 0, 0, 0, 0, 0, 2150000, 2150000
2015, RAJASTHAN, 8, KOTA, 100, KHAIRABAD, 1319, KHEEMACH, 40225, 1108442, Drinking water, 0, 0, 0, 0, 0, 0, 509151, 509151
2015, RAJASTHAN, 8, KOTA, 100, KHAIRABAD, 1319, KHEEMACH, 40225, 1108442, Roads, 0, 0, 0, 0, 0, 0, 1342233, 1342233
2015, RAJASTHAN, 8, KOTA, 100, KHAIRABAD, 1319, KHEEMACH, 40225, 1108442, Social welfare, 0, 0, 0, 0, 0, 0, 574276, 574276
2015, RAJASTHAN, 8, KOTA, 100, KHAIRABAD, 1319, KHEEMACH, 40225, 1108442, Total, 0, 0, 0, 0, 0, 0, 2425660, 2425660
2015, RAJASTHAN, 8, KOTA, 100, KHAIRABAD, 1319, KHERARUDHHA, 40226, 1101738, Roads, 0, 0, 0, 0, 0, 0, 1770805, 1770805
2015, RAJASTHAN, 8, KOTA, 100, KHAIRABAD, 1319, KHERARUDHHA, 40226, 1101738, Total, 0, 0, 0, 0, 0, 0, 1770805, 1770805
2015, RAJASTHAN, 8, KOTA, 100, KHAIRABAD, 1319, KHERLI, 40227, 1101275, Roads, 0, 0, 0, 0, 0, 0, 818870, 818870
2015, RAJASTHAN, 8, KOTA, 100, KHAIRABAD, 1319, KHERLI, 40227, 1101275, Sanitation, 0, 0, 0, 0, 0, 0, 779000, 779000
2015, RAJASTHAN, 8, KOTA, 100, KHAIRABAD, 1319, KHERLI, 40227, 1101275, Total, 0, 0, 0, 0, 0, 0, 1597870, 1597870
2015, RAJASTHAN, 8, KOTA, 100, KHAIRABAD, 1319, KOOKRA KHURD, 40228, 1101761, Roads, 0, 0, 0, 0, 0, 0, 749865, 749865
2015, RAJASTHAN, 8, KOTA, 100, KHAIRABAD, 1319, KOOKRA KHURD, 40228, 1101761, Sanitation, 0, 0, 0, 0, 0, 0, 50000, 50000
2015, RAJASTHAN, 8, KOTA, 100, KHAIRABAD, 1319, KOOKRA KHURD, 40228, 1101761, Total, 0, 0, 0, 0, 0, 0, 799865, 799865
2015, RAJASTHAN, 8, KOTA, 100, KHAIRABAD, 1319, KUDAILA, 40229, 1101753, Maintenance of community system, 0, 0, 0, 0, 0, 0, 249269, 249269
2015, RAJASTHAN, 8, KOTA, 100, KHAIRABAD, 1319, KUDAILA, 40229, 1101753, Roads, 0, 0, 0, 0, 0, 0, 2910188, 2910188
2015, RAJASTHAN, 8, KOTA, 100, KHAIRABAD, 1319, KUDAILA, 40229, 1101753, Total, 0, 0, 0, 0, 0, 0, 3159457, 3159457
2015, RAJASTHAN, 8, KOTA, 100, KHAIRABAD, 1319, KUMBHKOT, 244177, 1108543, Drinking water, 0, 0, 0, 0, 0, 0, 97000, 97000
2015, RAJASTHAN, 8, KOTA, 100, KHAIRABAD, 1319, KUMBHKOT, 244177, 1108543, Maintenance of community system, 0, 0, 0, 0, 0, 0, 1495668, 1495668
2015, RAJASTHAN, 8, KOTA, 100, KHAIRABAD, 1319, KUMBHKOT, 244177, 1108543, Roads, 0, 0, 0, 0, 0, 0, 2626000, 2626000
2015, RAJASTHAN, 8, KOTA, 100, KHAIRABAD, 1319, KUMBHKOT, 244177, 1108543, Total, 0, 0, 0, 0, 0, 0, 4218668, 4218668
2015, RAJASTHAN, 8, KOTA, 100, KHAIRABAD, 1319, LAHARIYA, 40231, 1100757, Roads, 0, 0, 0, 0, 0, 0, 2155138, 2155138
2015, RAJASTHAN, 8, KOTA, 100, KHAIRABAD, 1319, LAHARIYA, 40231, 1100757, Total, 0, 0, 0, 0, 0, 0, 2155138, 2155138
2015, RAJASTHAN, 8, KOTA, 100, KHAIRABAD, 1319, LAKSHMIPURA, 40230, 1101208, Maintenance of community system, 0, 0, 0, 0, 0, 0, 100000, 100000
2015, RAJASTHAN, 8, KOTA, 100, KHAIRABAD, 1319, LAKSHMIPURA, 40230, 1101208, Roads, 0, 0, 0, 0, 0, 0, 1200000, 1200000
2015, RAJASTHAN, 8, KOTA, 100, KHAIRABAD, 1319, LAKSHMIPURA, 40230, 1101208, Total, 0, 0, 0, 0, 0, 0, 1300000, 1300000
2015, RAJASTHAN, 8, KOTA, 100, KHAIRABAD, 1319, MADANPURA, 40232, 1101770, Roads, 0, 0, 0, 0, 0, 0, 1250000, 1250000
2015, RAJASTHAN, 8, KOTA, 100, KHAIRABAD, 1319, MADANPURA, 40232, 1101770, Total, 0, 0, 0, 0, 0, 0, 1250000, 1250000
2015, RAJASTHAN, 8, KOTA, 100, KHAIRABAD, 1319, MANDA, 40233, 1101775, Roads, 0, 0, 0, 0, 0, 0, 1196000, 1196000
2015, RAJASTHAN, 8, KOTA, 100, KHAIRABAD, 1319, MANDA, 40233, 1101775, Total, 0, 0, 0, 0, 0, 0, 1196000, 1196000
2015, RAJASTHAN, 8, KOTA, 100, KHAIRABAD, 1319, MODAK GAON, 40234, 1101259, Roads, 0, 0, 0, 0, 0, 0, 541234, 541234
2015, RAJASTHAN, 8, KOTA, 100, KHAIRABAD, 1319, MODAK GAON, 40234, 1101259, Total, 0, 0, 0, 0, 0, 0, 541234, 541234
2015, RAJASTHAN, 8, KOTA, 100, KHAIRABAD, 1319, PEEPA KHERI, 40235, 1101305, Maintenance of community system, 0, 0, 0, 0, 0, 0, 250000, 250000
2015, RAJASTHAN, 8, KOTA, 100, KHAIRABAD, 1319, PEEPA KHERI, 40235, 1101305, Roads, 0, 0, 0, 0, 0, 0, 1531000, 1531000
2015, RAJASTHAN, 8, KOTA, 100, KHAIRABAD, 1319, PEEPA KHERI, 40235, 1101305, Total, 0, 0, 0, 0, 0, 0, 1781000, 1781000
2015, RAJASTHAN, 8, KOTA, 100, KHAIRABAD, 1319, PIPLDA, 40236, 1108526, Roads, 0, 0, 0, 0, 0, 0, 2208005, 2208005
2015, RAJASTHAN, 8, KOTA, 100, KHAIRABAD, 1319, PIPLDA, 40236, 1108526, Sanitation, 0, 0, 0, 0, 0, 0, 79820, 79820
2015, RAJASTHAN, 8, KOTA, 100, KHAIRABAD, 1319, PIPLDA, 40236, 1108526, Total, 0, 0, 0, 0, 0, 0, 2287825, 2287825
2015, RAJASTHAN, 8, KOTA, 100, KHAIRABAD, 1319, RICHADIYA, 40237, 1101497, Land improvement, 0, 0, 0, 0, 0, 0, 382498, 382498
2015, RAJASTHAN, 8, KOTA, 100, KHAIRABAD, 1319, RICHADIYA, 40237, 1101497, Maintenance of community system, 0, 0, 0, 0, 0, 0, 80315, 80315
2015, RAJASTHAN, 8, KOTA, 100, KHAIRABAD, 1319, RICHADIYA, 40237, 1101497, Roads, 0, 0, 0, 0, 0, 0, 2657650, 2657650
2015, RAJASTHAN, 8, KOTA, 100, KHAIRABAD, 1319, RICHADIYA, 40237, 1101497, Total, 0, 0, 0, 0, 0, 0, 3120463, 3120463
2015, RAJASTHAN, 8, KOTA, 100, KHAIRABAD, 1319, SAHARAWDA, 40238, 1108555, Roads, 0, 0, 0, 0, 0, 0, 939606, 939606
2015, RAJASTHAN, 8, KOTA, 100, KHAIRABAD, 1319, SAHARAWDA, 40238, 1108555, Sanitation, 0, 0, 0, 0, 0, 0, 500000, 500000
2015, RAJASTHAN, 8, KOTA, 100, KHAIRABAD, 1319, SAHARAWDA, 40238, 1108555, Social welfare, 0, 0, 0, 0, 0, 0, 987000, 987000
2015, RAJASTHAN, 8, KOTA, 100, KHAIRABAD, 1319, SAHARAWDA, 40238, 1108555, Total, 0, 0, 0, 0, 0, 0, 2426606, 2426606
2015, RAJASTHAN, 8, KOTA, 100, KHAIRABAD, 1319, SALAWAD KHURD, 40239, 1101441, Drinking water, 0, 0, 0, 0, 0, 0, 150000, 150000
2015, RAJASTHAN, 8, KOTA, 100, KHAIRABAD, 1319, SALAWAD KHURD, 40239, 1101441, Roads, 0, 0, 0, 0, 0, 0, 2706686, 2706686
2015, RAJASTHAN, 8, KOTA, 100, KHAIRABAD, 1319, SALAWAD KHURD, 40239, 1101441, Total, 0, 0, 0, 0, 0, 0, 2856686, 2856686
2015, RAJASTHAN, 8, KOTA, 100, KHAIRABAD, 1319, SALERA KHURD, 40240, 1101456, Roads, 0, 0, 0, 0, 0, 0, 2285632, 2285632
2015, RAJASTHAN, 8, KOTA, 100, KHAIRABAD, 1319, SALERA KHURD, 40240, 1101456, Total, 0, 0, 0, 0, 0, 0, 2285632, 2285632
2015, RAJASTHAN, 8, KOTA, 100, KHAIRABAD, 1319, SATAL KHERI, 40241, 1108508, Drinking water, 0, 0, 0, 0, 0, 0, 75000, 75000
2015, RAJASTHAN, 8, KOTA, 100, KHAIRABAD, 1319, SATAL KHERI, 40241, 1108508, Maintenance of community system, 0, 0, 0, 0, 0, 0, 1300000, 1300000
2015, RAJASTHAN, 8, KOTA, 100, KHAIRABAD, 1319, SATAL KHERI, 40241, 1108508, Roads, 0, 0, 0, 0, 0, 0, 2299000, 2299000
2015, RAJASTHAN, 8, KOTA, 100, KHAIRABAD, 1319, SATAL KHERI, 40241, 1108508, Social welfare, 0, 0, 0, 0, 0, 0, 300000, 300000
2015, RAJASTHAN, 8, KOTA, 100, KHAIRABAD, 1319, SATAL KHERI, 40241, 1108508, Total, 0, 0, 0, 0, 0, 0, 3974000, 3974000
2015, RAJASTHAN, 8, KOTA, 100, KHAIRABAD, 1319, SUKET, 40242, 1108198, Roads, 0, 0, 0, 0, 0, 0, 1500000, 1500000
2015, RAJASTHAN, 8, KOTA, 100, KHAIRABAD, 1319, SUKET, 40242, 1108198, Total, 0, 0, 0, 0, 0, 0, 1500000, 1500000
2015, RAJASTHAN, 8, KOTA, 100, KHAIRABAD, 1319, UNDWA, 40244, 1101611, Maintenance of community system, 0, 0, 0, 0, 0, 0, 400000, 400000
2015, RAJASTHAN, 8, KOTA, 100, KHAIRABAD, 1319, UNDWA, 40244, 1101611, Roads, 0, 0, 0, 0, 0, 0, 263909, 263909
2015, RAJASTHAN, 8, KOTA, 100, KHAIRABAD, 1319, UNDWA, 40244, 1101611, Total, 0, 0, 0, 0, 0, 0, 663909, 663909
2015, RAJASTHAN, 8, KOTA, 100, LADPURA, 1320, ALANIYA, 40245, 1096297, Drinking water, 0, 0, 0, 0, 0, 0, 160000, 160000
2015, RAJASTHAN, 8, KOTA, 100, LADPURA, 1320, ALANIYA, 40245, 1096297, Markets and fairs, 0, 0, 0, 0, 0, 0, 205000, 205000
2015, RAJASTHAN, 8, KOTA, 100, LADPURA, 1320, ALANIYA, 40245, 1096297, Roads, 0, 0, 0, 0, 0, 0, 720468, 720468
2015, RAJASTHAN, 8, KOTA, 100, LADPURA, 1320, ALANIYA, 40245, 1096297, Sanitation, 0, 0, 0, 0, 0, 0, 985000, 985000
2015, RAJASTHAN, 8, KOTA, 100, LADPURA, 1320, ALANIYA, 40245, 1096297, Total, 0, 0, 0, 0, 0, 0, 2070468, 2070468
2015, RAJASTHAN, 8, KOTA, 100, LADPURA, 1320, ARANDKHERA, 40246, 1094849, Roads, 0, 0, 0, 0, 0, 0, 2038688, 2038688
2015, RAJASTHAN, 8, KOTA, 100, LADPURA, 1320, ARANDKHERA, 40246, 1094849, Total, 0, 0, 0, 0, 0, 0, 2038688, 2038688
2015, RAJASTHAN, 8, KOTA, 100, LADPURA, 1320, BANIYANI, 40247, 1096246, Roads, 0, 0, 0, 0, 0, 0, 880000, 880000
2015, RAJASTHAN, 8, KOTA, 100, LADPURA, 1320, BANIYANI, 40247, 1096246, Sanitation, 0, 0, 0, 0, 0, 0, 1203112, 1203112
2015, RAJASTHAN, 8, KOTA, 100, LADPURA, 1320, BANIYANI, 40247, 1096246, Total, 0, 0, 0, 0, 0, 0, 2083112, 2083112
2015, RAJASTHAN, 8, KOTA, 100, LADPURA, 1320, BHANWARIA, 40248, 1096325, Roads, 0, 0, 0, 0, 0, 0, 2000000, 2000000
2015, RAJASTHAN, 8, KOTA, 100, LADPURA, 1320, BHANWARIA, 40248, 1096325, Sanitation, 0, 0, 0, 0, 0, 0, 145305, 145305
2015, RAJASTHAN, 8, KOTA, 100, LADPURA, 1320, BHANWARIA, 40248, 1096325, Total, 0, 0, 0, 0, 0, 0, 2145305, 2145305
2015, RAJASTHAN, 8, KOTA, 100, LADPURA, 1320, BHIMPURA, 40250, 1096427, Drinking water, 0, 0, 0, 0, 0, 0, 1051124, 1051124
2015, RAJASTHAN, 8, KOTA, 100, LADPURA, 1320, BHIMPURA, 40250, 1096427, Total, 0, 0, 0, 0, 0, 0, 1051124, 1051124
2015, RAJASTHAN, 8, KOTA, 100, LADPURA, 1320, BORABAS, 40249, 1096367, Roads, 0, 0, 0, 0, 0, 0, 1809738, 1809738
2015, RAJASTHAN, 8, KOTA, 100, LADPURA, 1320, BORABAS, 40249, 1096367, Total, 0, 0, 0, 0, 0, 0, 1809738, 1809738
2015, RAJASTHAN, 8, KOTA, 100, LADPURA, 1320, DOLIYA, 40252, 1096477, Roads, 0, 0, 0, 0, 0, 0, 3296348, 3296348
2015, RAJASTHAN, 8, KOTA, 100, LADPURA, 1320, DOLIYA, 40252, 1096477, Sanitation, 0, 0, 0, 0, 0, 0, 250000, 250000
2015, RAJASTHAN, 8, KOTA, 100, LADPURA, 1320, DOLIYA, 40252, 1096477, Total, 0, 0, 0, 0, 0, 0, 3546348, 3546348
2015, RAJASTHAN, 8, KOTA, 100, LADPURA, 1320, GANDI FALEE, 40253, 1096782, Roads, 0, 0, 0, 0, 0, 0, 1500000, 1500000
2015, RAJASTHAN, 8, KOTA, 100, LADPURA, 1320, GANDI FALEE, 40253, 1096782, Sanitation, 0, 0, 0, 0, 0, 0, 149131, 149131
2015, RAJASTHAN, 8, KOTA, 100, LADPURA, 1320, GANDI FALEE, 40253, 1096782, Total, 0, 0, 0, 0, 0, 0, 1649131, 1649131
2015, RAJASTHAN, 8, KOTA, 100, LADPURA, 1320, GODLIYA HERI, 40254, 1096787, Roads, 0, 0, 0, 0, 0, 0, 960625, 960625
2015, RAJASTHAN, 8, KOTA, 100, LADPURA, 1320, GODLIYA HERI, 40254, 1096787, Sanitation, 0, 0, 0, 0, 0, 0, 200000, 200000
2015, RAJASTHAN, 8, KOTA, 100, LADPURA, 1320, GODLIYA HERI, 40254, 1096787, Social welfare, 0, 0, 0, 0, 0, 0, 400000, 400000
2015, RAJASTHAN, 8, KOTA, 100, LADPURA, 1320, GODLIYA HERI, 40254, 1096787, Total, 0, 0, 0, 0, 0, 0, 1560625, 1560625
2015, RAJASTHAN, 8, KOTA, 100, LADPURA, 1320, JAKHORA, 40255, 1096799, Roads, 0, 0, 0, 0, 0, 0, 2274474, 2274474
2015, RAJASTHAN, 8, KOTA, 100, LADPURA, 1320, JAKHORA, 40255, 1096799, Total, 0, 0, 0, 0, 0, 0, 2274474, 2274474
2015, RAJASTHAN, 8, KOTA, 100, LADPURA, 1320, KALIYA KHERI, 40256, 1096960, Drinking water, 0, 0, 0, 0, 0, 0, 600000, 600000
2015, RAJASTHAN, 8, KOTA, 100, LADPURA, 1320, KALIYA KHERI, 40256, 1096960, Roads, 0, 0, 0, 0, 0, 0, 1044347, 1044347
2015, RAJASTHAN, 8, KOTA, 100, LADPURA, 1320, KALIYA KHERI, 40256, 1096960, Total, 0, 0, 0, 0, 0, 0, 1644347, 1644347
2015, RAJASTHAN, 8, KOTA, 100, LADPURA, 1320, KASAR, 40257, 1098125, Roads, 0, 0, 0, 0, 0, 0, 1607958, 1607958
2015, RAJASTHAN, 8, KOTA, 100, LADPURA, 1320, KASAR, 40257, 1098125, Sanitation, 0, 0, 0, 0, 0, 0, 170000, 170000
2015, RAJASTHAN, 8, KOTA, 100, LADPURA, 1320, KASAR, 40257, 1098125, Total, 0, 0, 0, 0, 0, 0, 1777958, 1777958
2015, RAJASTHAN, 8, KOTA, 100, LADPURA, 1320, KHERA RASULPUR, 40258, 1099170, Drinking water, 0, 0, 0, 0, 0, 0, 1000000, 1000000
2015, RAJASTHAN, 8, KOTA, 100, LADPURA, 1320, KHERA RASULPUR, 40258, 1099170, Roads, 0, 0, 0, 0, 0, 0, 1904630, 1904630
2015, RAJASTHAN, 8, KOTA, 100, LADPURA, 1320, KHERA RASULPUR, 40258, 1099170, Sanitation, 0, 0, 0, 0, 0, 0, 300000, 300000
2015, RAJASTHAN, 8, KOTA, 100, LADPURA, 1320, KHERA RASULPUR, 40258, 1099170, Total, 0, 0, 0, 0, 0, 0, 3204630, 3204630
2015, RAJASTHAN, 8, KOTA, 100, LADPURA, 1320, KISHANPURA TAKIA, 40259, 1096290, Drinking water, 0, 0, 0, 0, 0, 0, 325104, 325104
2015, RAJASTHAN, 8, KOTA, 100, LADPURA, 1320, KISHANPURA TAKIA, 40259, 1096290, Roads, 0, 0, 0, 0, 0, 0, 700000, 700000
2015, RAJASTHAN, 8, KOTA, 100, LADPURA, 1320, KISHANPURA TAKIA, 40259, 1096290, Sanitation, 0, 0, 0, 0, 0, 0, 650000, 650000
2015, RAJASTHAN, 8, KOTA, 100, LADPURA, 1320, KISHANPURA TAKIA, 40259, 1096290, Total, 0, 0, 0, 0, 0, 0, 1675104, 1675104
2015, RAJASTHAN, 8, KOTA, 100, LADPURA, 1320, KOLANA, 40260, 1102620, Drinking water, 0, 0, 0, 0, 0, 0, 217000, 217000
2015, RAJASTHAN, 8, KOTA, 100, LADPURA, 1320, KOLANA, 40260, 1102620, Roads, 0, 0, 0, 0, 0, 0, 1310222, 1310222
2015, RAJASTHAN, 8, KOTA, 100, LADPURA, 1320, KOLANA, 40260, 1102620, Sanitation, 0, 0, 0, 0, 0, 0, 120000, 120000
2015, RAJASTHAN, 8, KOTA, 100, LADPURA, 1320, KOLANA, 40260, 1102620, Social welfare, 0, 0, 0, 0, 0, 0, 60000, 60000
2015, RAJASTHAN, 8, KOTA, 100, LADPURA, 1320, KOLANA, 40260, 1102620, Total, 0, 0, 0, 0, 0, 0, 1707222, 1707222
2015, RAJASTHAN, 8, KOTA, 100, LADPURA, 1320, MANDANA, 40261, 1095670, Drinking water, 0, 0, 0, 0, 0, 0, 3008484, 3008484
2015, RAJASTHAN, 8, KOTA, 100, LADPURA, 1320, MANDANA, 40261, 1095670, Total, 0, 0, 0, 0, 0, 0, 3008484, 3008484
2015, RAJASTHAN, 8, KOTA, 100, LADPURA, 1320, MANDLIYA, 40262, 1099254, Drinking water, 0, 0, 0, 0, 0, 0, 606757, 606757
2015, RAJASTHAN, 8, KOTA, 100, LADPURA, 1320, MANDLIYA, 40262, 1099254, Roads, 0, 0, 0, 0, 0, 0, 700000, 700000
2015, RAJASTHAN, 8, KOTA, 100, LADPURA, 1320, MANDLIYA, 40262, 1099254, Social welfare, 0, 0, 0, 0, 0, 0, 300000, 300000
2015, RAJASTHAN, 8, KOTA, 100, LADPURA, 1320, MANDLIYA, 40262, 1099254, Total, 0, 0, 0, 0, 0, 0, 1606757, 1606757
2015, RAJASTHAN, 8, KOTA, 100, LADPURA, 1320, MANS GAON, 40263, 1099245, Health, 0, 0, 0, 0, 0, 0, 350000, 350000
2015, RAJASTHAN, 8, KOTA, 100, LADPURA, 1320, MANS GAON, 40263, 1099245, Roads, 0, 0, 0, 0, 0, 0, 195000, 195000
2015, RAJASTHAN, 8, KOTA, 100, LADPURA, 1320, MANS GAON, 40263, 1099245, Sanitation, 0, 0, 0, 0, 0, 0, 827681, 827681
2015, RAJASTHAN, 8, KOTA, 100, LADPURA, 1320, MANS GAON, 40263, 1099245, Total, 0, 0, 0, 0, 0, 0, 1372681, 1372681
2015, RAJASTHAN, 8, KOTA, 100, LADPURA, 1320, MAWASA, 40264, 1099576, Roads, 0, 0, 0, 0, 0, 0, 1755404, 1755404
2015, RAJASTHAN, 8, KOTA, 100, LADPURA, 1320, MAWASA, 40264, 1099576, Total, 0, 0, 0, 0, 0, 0, 1755404, 1755404
2015, RAJASTHAN, 8, KOTA, 100, LADPURA, 1320, RANGPUR, 40265, 1101741, Sanitation, 0, 0, 0, 0, 0, 0, 1083245, 1083245
2015, RAJASTHAN, 8, KOTA, 100, LADPURA, 1320, RANGPUR, 40265, 1101741, Total, 0, 0, 0, 0, 0, 0, 1083245, 1083245
2015, RAJASTHAN, 8, KOTA, 100, LADPURA, 1320, TATHER, 40266, 1096392, Roads, 0, 0, 0, 0, 0, 0, 600000, 600000
2015, RAJASTHAN, 8, KOTA, 100, LADPURA, 1320, TATHER, 40266, 1096392, Sanitation, 0, 0, 0, 0, 0, 0, 892966, 892966
2015, RAJASTHAN, 8, KOTA, 100, LADPURA, 1320, TATHER, 40266, 1096392, Total, 0, 0, 0, 0, 0, 0, 1492966, 1492966
2015, RAJASTHAN, 8, KOTA, 100, SANGOD, 1321, AMRITKUAN, 40267, 1100866, Roads, 0, 0, 0, 0, 0, 0, 1544565, 1544565
2015, RAJASTHAN, 8, KOTA, 100, SANGOD, 1321, AMRITKUAN, 40267, 1100866, Total, 0, 0, 0, 0, 0, 0, 1544565, 1544565
2015, RAJASTHAN, 8, KOTA, 100, SANGOD, 1321, AWAN, 40268, 1100980, Roads, 0, 0, 0, 0, 0, 0, 1421256, 1421256
2015, RAJASTHAN, 8, KOTA, 100, SANGOD, 1321, AWAN, 40268, 1100980, Sanitation, 0, 0, 0, 0, 0, 0, 70000, 70000
2015, RAJASTHAN, 8, KOTA, 100, SANGOD, 1321, AWAN, 40268, 1100980, Total, 0, 0, 0, 0, 0, 0, 1491256, 1491256
2015, RAJASTHAN, 8, KOTA, 100, SANGOD, 1321, BALUHERA, 40269, 1100994, Roads, 0, 0, 0, 0, 0, 0, 1458452, 1458452
2015, RAJASTHAN, 8, KOTA, 100, SANGOD, 1321, BALUHERA, 40269, 1100994, Total, 0, 0, 0, 0, 0, 0, 1458452, 1458452
2015, RAJASTHAN, 8, KOTA, 100, SANGOD, 1321, BAPAWAR KALA, 40270, 1101083, Roads, 0, 0, 0, 0, 0, 0, 2450117, 2450117
2015, RAJASTHAN, 8, KOTA, 100, SANGOD, 1321, BAPAWAR KALA, 40270, 1101083, Total, 0, 0, 0, 0, 0, 0, 2450117, 2450117
2015, RAJASTHAN, 8, KOTA, 100, SANGOD, 1321, BASIYAHERI, 40271, 1101087, Drinking water, 0, 0, 0, 0, 0, 0, 226130, 226130
2015, RAJASTHAN, 8, KOTA, 100, SANGOD, 1321, BASIYAHERI, 40271, 1101087, Roads, 0, 0, 0, 0, 0, 0, 1260000, 1260000
2015, RAJASTHAN, 8, KOTA, 100, SANGOD, 1321, BASIYAHERI, 40271, 1101087, Total, 0, 0, 0, 0, 0, 0, 1486130, 1486130
2015, RAJASTHAN, 8, KOTA, 100, SANGOD, 1321, BORINAKALAN, 40272, 1101180, Roads, 0, 0, 0, 0, 0, 0, 1118784, 1118784
2015, RAJASTHAN, 8, KOTA, 100, SANGOD, 1321, BORINAKALAN, 40272, 1101180, Total, 0, 0, 0, 0, 0, 0, 1118784, 1118784
2015, RAJASTHAN, 8, KOTA, 100, SANGOD, 1321, DANTA, 40273, 1101098, Drinking water, 0, 0, 0, 0, 0, 0, 400000, 400000
2015, RAJASTHAN, 8, KOTA, 100, SANGOD, 1321, DANTA, 40273, 1101098, Roads, 0, 0, 0, 0, 0, 0, 940710, 940710
2015, RAJASTHAN, 8, KOTA, 100, SANGOD, 1321, DANTA, 40273, 1101098, Sanitation, 0, 0, 0, 0, 0, 0, 400000, 400000
2015, RAJASTHAN, 8, KOTA, 100, SANGOD, 1321, DANTA, 40273, 1101098, Total, 0, 0, 0, 0, 0, 0, 1740710, 1740710
2015, RAJASTHAN, 8, KOTA, 100, SANGOD, 1321, DEEGOD, 40274, 1101101, Roads, 0, 0, 0, 0, 0, 0, 1604023, 1604023
2015, RAJASTHAN, 8, KOTA, 100, SANGOD, 1321, DEEGOD, 40274, 1101101, Total, 0, 0, 0, 0, 0, 0, 1604023, 1604023
2015, RAJASTHAN, 8, KOTA, 100, SANGOD, 1321, DEVLI, 40275, 1101106, Roads, 0, 0, 0, 0, 0, 0, 2008959, 2008959
2015, RAJASTHAN, 8, KOTA, 100, SANGOD, 1321, DEVLI, 40275, 1101106, Total, 0, 0, 0, 0, 0, 0, 2008959, 2008959
2015, RAJASTHAN, 8, KOTA, 100, SANGOD, 1321, DILLIPURA, 40276, 1101191, Roads, 0, 0, 0, 0, 0, 0, 211429, 211429
2015, RAJASTHAN, 8, KOTA, 100, SANGOD, 1321, DILLIPURA, 40276, 1101191, Sanitation, 0, 0, 0, 0, 0, 0, 200000, 200000
2015, RAJASTHAN, 8, KOTA, 100, SANGOD, 1321, DILLIPURA, 40276, 1101191, Total, 0, 0, 0, 0, 0, 0, 411429, 411429
2015, RAJASTHAN, 8, KOTA, 100, SANGOD, 1321, DOTI, 40277, 1101145, Drinking water, 0, 0, 0, 0, 0, 0, 315000, 315000
2015, RAJASTHAN, 8, KOTA, 100, SANGOD, 1321, DOTI, 40277, 1101145, Roads, 0, 0, 0, 0, 0, 0, 1285000, 1285000
2015, RAJASTHAN, 8, KOTA, 100, SANGOD, 1321, DOTI, 40277, 1101145, Rural housing, 0, 0, 0, 0, 0, 0, 209396, 209396
2015, RAJASTHAN, 8, KOTA, 100, SANGOD, 1321, DOTI, 40277, 1101145, Total, 0, 0, 0, 0, 0, 0, 1809396, 1809396
2015, RAJASTHAN, 8, KOTA, 100, SANGOD, 1321, DULET, 40278, 1101200, Sanitation, 0, 0, 0, 0, 0, 0, 1617351, 1617351
2015, RAJASTHAN, 8, KOTA, 100, SANGOD, 1321, DULET, 40278, 1101200, Total, 0, 0, 0, 0, 0, 0, 1617351, 1617351
2015, RAJASTHAN, 8, KOTA, 100, SANGOD, 1321, HINGI, 40279, 1102065, Drinking water, 0, 0, 0, 0, 0, 0, 250000, 250000
2015, RAJASTHAN, 8, KOTA, 100, SANGOD, 1321, HINGI, 40279, 1102065, Roads, 0, 0, 0, 0, 0, 0, 1686543, 1686543
2015, RAJASTHAN, 8, KOTA, 100, SANGOD, 1321, HINGI, 40279, 1102065, Sanitation, 0, 0, 0, 0, 0, 0, 300000, 300000
2015, RAJASTHAN, 8, KOTA, 100, SANGOD, 1321, HINGI, 40279, 1102065, Total, 0, 0, 0, 0, 0, 0, 2236543, 2236543
2015, RAJASTHAN, 8, KOTA, 100, SANGOD, 1321, HINGONIYA, 40280, 1092890, Roads, 0, 0, 0, 0, 0, 0, 1005429, 1005429
2015, RAJASTHAN, 8, KOTA, 100, SANGOD, 1321, HINGONIYA, 40280, 1092890, Sanitation, 0, 0, 0, 0, 0, 0, 335130, 335130
2015, RAJASTHAN, 8, KOTA, 100, SANGOD, 1321, HINGONIYA, 40280, 1092890, Total, 0, 0, 0, 0, 0, 0, 1340559, 1340559
2015, RAJASTHAN, 8, KOTA, 100, SANGOD, 1321, JALIMPURA, 40281, 1101985, Drinking water, 0, 0, 0, 0, 0, 0, 652511, 652511
2015, RAJASTHAN, 8, KOTA, 100, SANGOD, 1321, JALIMPURA, 40281, 1101985, Roads, 0, 0, 0, 0, 0, 0, 326255, 326255
2015, RAJASTHAN, 8, KOTA, 100, SANGOD, 1321, JALIMPURA, 40281, 1101985, Sanitation, 0, 0, 0, 0, 0, 0, 326255, 326255
2015, RAJASTHAN, 8, KOTA, 100, SANGOD, 1321, JALIMPURA, 40281, 1101985, Total, 0, 0, 0, 0, 0, 0, 1305021, 1305021
2015, RAJASTHAN, 8, KOTA, 100, SANGOD, 1321, JHALRI, 40282, 1101455, Roads, 0, 0, 0, 0, 0, 0, 1267431, 1267431
2015, RAJASTHAN, 8, KOTA, 100, SANGOD, 1321, JHALRI, 40282, 1101455, Total, 0, 0, 0, 0, 0, 0, 1267431, 1267431
2015, RAJASTHAN, 8, KOTA, 100, SANGOD, 1321, KAMOLAR, 40283, 1102068, Roads, 0, 0, 0, 0, 0, 0, 744100, 744100
2015, RAJASTHAN, 8, KOTA, 100, SANGOD, 1321, KAMOLAR, 40283, 1102068, Sanitation, 0, 0, 0, 0, 0, 0, 700000, 700000
2015, RAJASTHAN, 8, KOTA, 100, SANGOD, 1321, KAMOLAR, 40283, 1102068, Total, 0, 0, 0, 0, 0, 0, 1444100, 1444100
2015, RAJASTHAN, 8, KOTA, 100, SANGOD, 1321, KANWAS, 40284, 1103938, Roads, 0, 0, 0, 0, 0, 0, 2737501, 2737501
2015, RAJASTHAN, 8, KOTA, 100, SANGOD, 1321, KANWAS, 40284, 1103938, Total, 0, 0, 0, 0, 0, 0, 2737501, 2737501
2015, RAJASTHAN, 8, KOTA, 100, SANGOD, 1321, KHADIYA, 40285, 1101487, Drinking water, 0, 0, 0, 0, 0, 0, 162042, 162042
2015, RAJASTHAN, 8, KOTA, 100, SANGOD, 1321, KHADIYA, 40285, 1101487, Maintenance of community system, 0, 0, 0, 0, 0, 0, 324084, 324084
2015, RAJASTHAN, 8, KOTA, 100, SANGOD, 1321, KHADIYA, 40285, 1101487, Roads, 0, 0, 0, 0, 0, 0, 324089, 324089
2015, RAJASTHAN, 8, KOTA, 100, SANGOD, 1321, KHADIYA, 40285, 1101487, Sanitation, 0, 0, 0, 0, 0, 0, 810210, 810210
2015, RAJASTHAN, 8, KOTA, 100, SANGOD, 1321, KHADIYA, 40285, 1101487, Total, 0, 0, 0, 0, 0, 0, 1620425, 1620425
2015, RAJASTHAN, 8, KOTA, 100, SANGOD, 1321, KHAJOORI, 40286, 1102090, Roads, 0, 0, 0, 0, 0, 0, 1002600, 1002600
2015, RAJASTHAN, 8, KOTA, 100, SANGOD, 1321, KHAJOORI, 40286, 1102090, Total, 0, 0, 0, 0, 0, 0, 1002600, 1002600
2015, RAJASTHAN, 8, KOTA, 100, SANGOD, 1321, KHJOORNA, 40287, 1101523, Drinking water, 0, 0, 0, 0, 0, 0, 1217237, 1217237
2015, RAJASTHAN, 8, KOTA, 100, SANGOD, 1321, KHJOORNA, 40287, 1101523, Roads, 0, 0, 0, 0, 0, 0, 173896, 173896
2015, RAJASTHAN, 8, KOTA, 100, SANGOD, 1321, KHJOORNA, 40287, 1101523, Total, 0, 0, 0, 0, 0, 0, 1391133, 1391133
2015, RAJASTHAN, 8, KOTA, 100, SANGOD, 1321, KISHANPURA, 40288, 1101537, Drinking water, 0, 0, 0, 0, 0, 0, 292510, 292510
2015, RAJASTHAN, 8, KOTA, 100, SANGOD, 1321, KISHANPURA, 40288, 1101537, Roads, 0, 0, 0, 0, 0, 0, 877532, 877532
2015, RAJASTHAN, 8, KOTA, 100, SANGOD, 1321, KISHANPURA, 40288, 1101537, Total, 0, 0, 0, 0, 0, 0, 1170042, 1170042
2015, RAJASTHAN, 8, KOTA, 100, SANGOD, 1321, KUNDANPUR, 40289, 1103951, Roads, 0, 0, 0, 0, 0, 0, 1591721, 1591721
2015, RAJASTHAN, 8, KOTA, 100, SANGOD, 1321, KUNDANPUR, 40289, 1103951, Total, 0, 0, 0, 0, 0, 0, 1591721, 1591721
2015, RAJASTHAN, 8, KOTA, 100, SANGOD, 1321, KURAD, 40290, 1101554, Roads, 0, 0, 0, 0, 0, 0, 1222884, 1222884
2015, RAJASTHAN, 8, KOTA, 100, SANGOD, 1321, KURAD, 40290, 1101554, Sanitation, 0, 0, 0, 0, 0, 0, 620000, 620000
2015, RAJASTHAN, 8, KOTA, 100, SANGOD, 1321, KURAD, 40290, 1101554, Total, 0, 0, 0, 0, 0, 0, 1842884, 1842884
2015, RAJASTHAN, 8, KOTA, 100, SANGOD, 1321, KURADIYA KHURD, 40291, 1102089, Roads, 0, 0, 0, 0, 0, 0, 1192000, 1192000
2015, RAJASTHAN, 8, KOTA, 100, SANGOD, 1321, KURADIYA KHURD, 40291, 1102089, Sanitation, 0, 0, 0, 0, 0, 0, 379219, 379219
2015, RAJASTHAN, 8, KOTA, 100, SANGOD, 1321, KURADIYA KHURD, 40291, 1102089, Total, 0, 0, 0, 0, 0, 0, 1571219, 1571219
2015, RAJASTHAN, 8, KOTA, 100, SANGOD, 1321, LABANIYA, 40292, 1101566, Drinking water, 0, 0, 0, 0, 0, 0, 1247954, 1247954
2015, RAJASTHAN, 8, KOTA, 100, SANGOD, 1321, LABANIYA, 40292, 1101566, Total, 0, 0, 0, 0, 0, 0, 1247954, 1247954
2015, RAJASTHAN, 8, KOTA, 100, SANGOD, 1321, LATOORI, 40294, 1101595, Roads, 0, 0, 0, 0, 0, 0, 1999391, 1999391
2015, RAJASTHAN, 8, KOTA, 100, SANGOD, 1321, LATOORI, 40294, 1101595, Total, 0, 0, 0, 0, 0, 0, 1999391, 1999391
2015, RAJASTHAN, 8, KOTA, 100, SANGOD, 1321, LODA HEDA, 40293, 1101655, Roads, 0, 0, 0, 0, 0, 0, 1109900, 1109900
2015, RAJASTHAN, 8, KOTA, 100, SANGOD, 1321, LODA HEDA, 40293, 1101655, Total, 0, 0, 0, 0, 0, 0, 1109900, 1109900
2015, RAJASTHAN, 8, KOTA, 100, SANGOD, 1321, MAMOR, 40295, 1101623, Education, 0, 0, 0, 0, 0, 0, 40000, 40000
2015, RAJASTHAN, 8, KOTA, 100, SANGOD, 1321, MAMOR, 40295, 1101623, Roads, 0, 0, 0, 0, 0, 0, 1352158, 1352158
2015, RAJASTHAN, 8, KOTA, 100, SANGOD, 1321, MAMOR, 40295, 1101623, Total, 0, 0, 0, 0, 0, 0, 1392158, 1392158
2015, RAJASTHAN, 8, KOTA, 100, SANGOD, 1321, MANDAP, 40296, 1101650, Roads, 0, 0, 0, 0, 0, 0, 2047915, 2047915
2015, RAJASTHAN, 8, KOTA, 100, SANGOD, 1321, MANDAP, 40296, 1101650, Total, 0, 0, 0, 0, 0, 0, 2047915, 2047915
2015, RAJASTHAN, 8, KOTA, 100, SANGOD, 1321, MANDITA, 40297, 1102147, Roads, 0, 0, 0, 0, 0, 0, 1970003, 1970003
2015, RAJASTHAN, 8, KOTA, 100, SANGOD, 1321, MANDITA, 40297, 1102147, Total, 0, 0, 0, 0, 0, 0, 1970003, 1970003
2015, RAJASTHAN, 8, KOTA, 100, SANGOD, 1321, MOINKALAN, 40298, 1103956, Family welfare, 0, 0, 0, 0, 0, 0, 42000, 42000
2015, RAJASTHAN, 8, KOTA, 100, SANGOD, 1321, MOINKALAN, 40298, 1103956, Roads, 0, 0, 0, 0, 0, 0, 1403124, 1403124
2015, RAJASTHAN, 8, KOTA, 100, SANGOD, 1321, MOINKALAN, 40298, 1103956, Total, 0, 0, 0, 0, 0, 0, 1445124, 1445124
2015, RAJASTHAN, 8, KOTA, 100, SANGOD, 1321, MORU KALAN, 40299, 1102126, Roads, 0, 0, 0, 0, 0, 0, 1014056, 1014056
2015, RAJASTHAN, 8, KOTA, 100, SANGOD, 1321, MORU KALAN, 40299, 1102126, Sanitation, 0, 0, 0, 0, 0, 0, 700000, 700000
2015, RAJASTHAN, 8, KOTA, 100, SANGOD, 1321, MORU KALAN, 40299, 1102126, Total, 0, 0, 0, 0, 0, 0, 1714056, 1714056
2015, RAJASTHAN, 8, KOTA, 100, SANGOD, 1321, SAWAN BHADO, 40300, 1101111, Roads, 0, 0, 0, 0, 0, 0, 450000, 450000
2015, RAJASTHAN, 8, KOTA, 100, SANGOD, 1321, SAWAN BHADO, 40300, 1101111, Sanitation, 0, 0, 0, 0, 0, 0, 425822, 425822
2015, RAJASTHAN, 8, KOTA, 100, SANGOD, 1321, SAWAN BHADO, 40300, 1101111, Total, 0, 0, 0, 0, 0, 0, 875822, 875822
2015, RAJASTHAN, 8, KOTA, 100, SANGOD, 1321, SHYAMPURA, 40301, 1102106, Roads, 0, 0, 0, 0, 0, 0, 1818964, 1818964
2015, RAJASTHAN, 8, KOTA, 100, SANGOD, 1321, SHYAMPURA, 40301, 1102106, Total, 0, 0, 0, 0, 0, 0, 1818964, 1818964
2015, RAJASTHAN, 8, KOTA, 100, SANGOD, 1321, VINOD KHURD, 40302, 1102108, Roads, 0, 0, 0, 0, 0, 0, 1400000, 1400000
2015, RAJASTHAN, 8, KOTA, 100, SANGOD, 1321, VINOD KHURD, 40302, 1102108, Sanitation, 0, 0, 0, 0, 0, 0, 124403, 124403
2015, RAJASTHAN, 8, KOTA, 100, SANGOD, 1321, VINOD KHURD, 40302, 1102108, Total, 0, 0, 0, 0, 0, 0, 1524403, 1524403
2015, RAJASTHAN, 8, KOTA, 100, SULTANPUR, 1322, AMARPURA, 40303, 1099581, Land improvement, 0, 0, 0, 0, 0, 0, 133076, 133076
2015, RAJASTHAN, 8, KOTA, 100, SULTANPUR, 1322, AMARPURA, 40303, 1099581, Maintenance of community system, 0, 0, 0, 0, 0, 0, 124205, 124205
2015, RAJASTHAN, 8, KOTA, 100, SULTANPUR, 1322, AMARPURA, 40303, 1099581, Roads, 0, 0, 0, 0, 0, 0, 1718911, 1718911
2015, RAJASTHAN, 8, KOTA, 100, SULTANPUR, 1322, AMARPURA, 40303, 1099581, Sanitation, 0, 0, 0, 0, 0, 0, 261718, 261718
2015, RAJASTHAN, 8, KOTA, 100, SULTANPUR, 1322, AMARPURA, 40303, 1099581, Total, 0, 0, 0, 0, 0, 0, 2237910, 2237910
2015, RAJASTHAN, 8, KOTA, 100, SULTANPUR, 1322, BAMORI, 40304, 1099602, Drinking water, 0, 0, 0, 0, 0, 0, 169934, 169934
2015, RAJASTHAN, 8, KOTA, 100, SULTANPUR, 1322, BAMORI, 40304, 1099602, Health, 0, 0, 0, 0, 0, 0, 69360, 69360
2015, RAJASTHAN, 8, KOTA, 100, SULTANPUR, 1322, BAMORI, 40304, 1099602, Maintenance of community system, 0, 0, 0, 0, 0, 0, 10404, 10404
2015, RAJASTHAN, 8, KOTA, 100, SULTANPUR, 1322, BAMORI, 40304, 1099602, Roads, 0, 0, 0, 0, 0, 0, 554880, 554880
2015, RAJASTHAN, 8, KOTA, 100, SULTANPUR, 1322, BAMORI, 40304, 1099602, Sanitation, 0, 0, 0, 0, 0, 0, 710940, 710940
2015, RAJASTHAN, 8, KOTA, 100, SULTANPUR, 1322, BAMORI, 40304, 1099602, Total, 0, 0, 0, 0, 0, 0, 1515518, 1515518
2015, RAJASTHAN, 8, KOTA, 100, SULTANPUR, 1322, BANETHYA, 40305, 1099817, Roads, 0, 0, 0, 0, 0, 0, 1159300, 1159300
2015, RAJASTHAN, 8, KOTA, 100, SULTANPUR, 1322, BANETHYA, 40305, 1099817, Sanitation, 0, 0, 0, 0, 0, 0, 556465, 556465
2015, RAJASTHAN, 8, KOTA, 100, SULTANPUR, 1322, BANETHYA, 40305, 1099817, Total, 0, 0, 0, 0, 0, 0, 1715765, 1715765
2015, RAJASTHAN, 8, KOTA, 100, SULTANPUR, 1322, BAROD, 40306, 1101766, Roads, 0, 0, 0, 0, 0, 0, 1073290, 1073290
2015, RAJASTHAN, 8, KOTA, 100, SULTANPUR, 1322, BAROD, 40306, 1101766, Sanitation, 0, 0, 0, 0, 0, 0, 696124, 696124
2015, RAJASTHAN, 8, KOTA, 100, SULTANPUR, 1322, BAROD, 40306, 1101766, Total, 0, 0, 0, 0, 0, 0, 1769414, 1769414
2015, RAJASTHAN, 8, KOTA, 100, SULTANPUR, 1322, BHANDA HEDA, 40307, 1101791, Drinking water, 0, 0, 0, 0, 0, 0, 105352, 105352
2015, RAJASTHAN, 8, KOTA, 100, SULTANPUR, 1322, BHANDA HEDA, 40307, 1101791, Maintenance of community system, 0, 0, 0, 0, 0, 0, 175589, 175589
2015, RAJASTHAN, 8, KOTA, 100, SULTANPUR, 1322, BHANDA HEDA, 40307, 1101791, Roads, 0, 0, 0, 0, 0, 0, 418487, 418487
2015, RAJASTHAN, 8, KOTA, 100, SULTANPUR, 1322, BHANDA HEDA, 40307, 1101791, Sanitation, 0, 0, 0, 0, 0, 0, 484624, 484624
2015, RAJASTHAN, 8, KOTA, 100, SULTANPUR, 1322, BHANDA HEDA, 40307, 1101791, Total, 0, 0, 0, 0, 0, 0, 1184052, 1184052
2015, RAJASTHAN, 8, KOTA, 100, SULTANPUR, 1322, BHORA, 40308, 1101607, Cultural activities, 0, 0, 0, 0, 0, 0, 269420, 269420
2015, RAJASTHAN, 8, KOTA, 100, SULTANPUR, 1322, BHORA, 40308, 1101607, Maintenance of community system, 0, 0, 0, 0, 0, 0, 269420, 269420
2015, RAJASTHAN, 8, KOTA, 100, SULTANPUR, 1322, BHORA, 40308, 1101607, Roads, 0, 0, 0, 0, 0, 0, 1347101, 1347101
2015, RAJASTHAN, 8, KOTA, 100, SULTANPUR, 1322, BHORA, 40308, 1101607, Total, 0, 0, 0, 0, 0, 0, 1885941, 1885941
2015, RAJASTHAN, 8, KOTA, 100, SULTANPUR, 1322, BISLAI, 40309, 1103996, Roads, 0, 0, 0, 0, 0, 0, 471840, 471840
2015, RAJASTHAN, 8, KOTA, 100, SULTANPUR, 1322, BISLAI, 40309, 1103996, Social welfare, 0, 0, 0, 0, 0, 0, 125824, 125824
2015, RAJASTHAN, 8, KOTA, 100, SULTANPUR, 1322, BISLAI, 40309, 1103996, Total, 0, 0, 0, 0, 0, 0, 597664, 597664
2015, RAJASTHAN, 8, KOTA, 100, SULTANPUR, 1322, BOODADEET, 40310, 1104493, Drinking water, 0, 0, 0, 0, 0, 0, 54307, 54307
2015, RAJASTHAN, 8, KOTA, 100, SULTANPUR, 1322, BOODADEET, 40310, 1104493, Health, 0, 0, 0, 0, 0, 0, 14203, 14203
2015, RAJASTHAN, 8, KOTA, 100, SULTANPUR, 1322, BOODADEET, 40310, 1104493, Roads, 0, 0, 0, 0, 0, 0, 1368934, 1368934
2015, RAJASTHAN, 8, KOTA, 100, SULTANPUR, 1322, BOODADEET, 40310, 1104493, Sanitation, 0, 0, 0, 0, 0, 0, 417742, 417742
2015, RAJASTHAN, 8, KOTA, 100, SULTANPUR, 1322, BOODADEET, 40310, 1104493, Total, 0, 0, 0, 0, 0, 0, 1855186, 1855186
2015, RAJASTHAN, 8, KOTA, 100, SULTANPUR, 1322, CHOMA MALIYAN, 40311, 1102993, Drinking water, 0, 0, 0, 0, 0, 0, 39314, 39314
2015, RAJASTHAN, 8, KOTA, 100, SULTANPUR, 1322, CHOMA MALIYAN, 40311, 1102993, Roads, 0, 0, 0, 0, 0, 0, 526805, 526805
2015, RAJASTHAN, 8, KOTA, 100, SULTANPUR, 1322, CHOMA MALIYAN, 40311, 1102993, Sanitation, 0, 0, 0, 0, 0, 0, 1000316, 1000316
2015, RAJASTHAN, 8, KOTA, 100, SULTANPUR, 1322, CHOMA MALIYAN, 40311, 1102993, Total, 0, 0, 0, 0, 0, 0, 1566435, 1566435
2015, RAJASTHAN, 8, KOTA, 100, SULTANPUR, 1322, DIGOD, 40312, 1103327, Drinking water, 0, 0, 0, 0, 0, 0, 165972, 165972
2015, RAJASTHAN, 8, KOTA, 100, SULTANPUR, 1322, DIGOD, 40312, 1103327, Health, 0, 0, 0, 0, 0, 0, 414928, 414928
2015, RAJASTHAN, 8, KOTA, 100, SULTANPUR, 1322, DIGOD, 40312, 1103327, Roads, 0, 0, 0, 0, 0, 0, 1696225, 1696225
2015, RAJASTHAN, 8, KOTA, 100, SULTANPUR, 1322, DIGOD, 40312, 1103327, Sanitation, 0, 0, 0, 0, 0, 0, 414928, 414928
2015, RAJASTHAN, 8, KOTA, 100, SULTANPUR, 1322, DIGOD, 40312, 1103327, Total, 0, 0, 0, 0, 0, 0, 2692053, 2692053
2015, RAJASTHAN, 8, KOTA, 100, SULTANPUR, 1322, DOONGARJA, 40313, 1103407, Drinking water, 0, 0, 0, 0, 0, 0, 145584, 145584
2015, RAJASTHAN, 8, KOTA, 100, SULTANPUR, 1322, DOONGARJA, 40313, 1103407, Fuel and fodder, 0, 0, 0, 0, 0, 0, 181978, 181978
2015, RAJASTHAN, 8, KOTA, 100, SULTANPUR, 1322, DOONGARJA, 40313, 1103407, Health, 0, 0, 0, 0, 0, 0, 36395, 36395
2015, RAJASTHAN, 8, KOTA, 100, SULTANPUR, 1322, DOONGARJA, 40313, 1103407, Roads, 0, 0, 0, 0, 0, 0, 727184, 727184
2015, RAJASTHAN, 8, KOTA, 100, SULTANPUR, 1322, DOONGARJA, 40313, 1103407, Sanitation, 0, 0, 0, 0, 0, 0, 390889, 390889
2015, RAJASTHAN, 8, KOTA, 100, SULTANPUR, 1322, DOONGARJA, 40313, 1103407, Total, 0, 0, 0, 0, 0, 0, 1482030, 1482030
2015, RAJASTHAN, 8, KOTA, 100, SULTANPUR, 1322, GADEPAN, 40314, 1103431, Roads, 0, 0, 0, 0, 0, 0, 844164, 844164
2015, RAJASTHAN, 8, KOTA, 100, SULTANPUR, 1322, GADEPAN, 40314, 1103431, Sanitation, 0, 0, 0, 0, 0, 0, 1354107, 1354107
2015, RAJASTHAN, 8, KOTA, 100, SULTANPUR, 1322, GADEPAN, 40314, 1103431, Total, 0, 0, 0, 0, 0, 0, 2198271, 2198271
2015, RAJASTHAN, 8, KOTA, 100, SULTANPUR, 1322, JALIMPURA, 40315, 1103439, Roads, 0, 0, 0, 0, 0, 0, 759765, 759765
2015, RAJASTHAN, 8, KOTA, 100, SULTANPUR, 1322, JALIMPURA, 40315, 1103439, Sanitation, 0, 0, 0, 0, 0, 0, 427367, 427367
2015, RAJASTHAN, 8, KOTA, 100, SULTANPUR, 1322, JALIMPURA, 40315, 1103439, Total, 0, 0, 0, 0, 0, 0, 1187132, 1187132
2015, RAJASTHAN, 8, KOTA, 100, SULTANPUR, 1322, JHADGAO, 40316, 1103456, Roads, 0, 0, 0, 0, 0, 0, 782133, 782133
2015, RAJASTHAN, 8, KOTA, 100, SULTANPUR, 1322, JHADGAO, 40316, 1103456, Sanitation, 0, 0, 0, 0, 0, 0, 990699, 990699
2015, RAJASTHAN, 8, KOTA, 100, SULTANPUR, 1322, JHADGAO, 40316, 1103456, Total, 0, 0, 0, 0, 0, 0, 1772832, 1772832
2015, RAJASTHAN, 8, KOTA, 100, SULTANPUR, 1322, KHERLI TAWRAN, 40317, 1101626, Roads, 0, 0, 0, 0, 0, 0, 986560, 986560
2015, RAJASTHAN, 8, KOTA, 100, SULTANPUR, 1322, KHERLI TAWRAN, 40317, 1101626, Sanitation, 0, 0, 0, 0, 0, 0, 271303, 271303
2015, RAJASTHAN, 8, KOTA, 100, SULTANPUR, 1322, KHERLI TAWRAN, 40317, 1101626, Total, 0, 0, 0, 0, 0, 0, 1257863, 1257863
2015, RAJASTHAN, 8, KOTA, 100, SULTANPUR, 1322, KHERULA, 40318, 1103986, Roads, 0, 0, 0, 0, 0, 0, 724849, 724849
2015, RAJASTHAN, 8, KOTA, 100, SULTANPUR, 1322, KHERULA, 40318, 1103986, Sanitation, 0, 0, 0, 0, 0, 0, 723009, 723009
2015, RAJASTHAN, 8, KOTA, 100, SULTANPUR, 1322, KHERULA, 40318, 1103986, Total, 0, 0, 0, 0, 0, 0, 1447858, 1447858
2015, RAJASTHAN, 8, KOTA, 100, SULTANPUR, 1322, KISHORPURA, 40319, 1104018, Health, 0, 0, 0, 0, 0, 0, 158575, 158575
2015, RAJASTHAN, 8, KOTA, 100, SULTANPUR, 1322, KISHORPURA, 40319, 1104018, Khadi, 0, 0, 0, 0, 0, 0, 222005, 222005
2015, RAJASTHAN, 8, KOTA, 100, SULTANPUR, 1322, KISHORPURA, 40319, 1104018, Roads, 0, 0, 0, 0, 0, 0, 888018, 888018
2015, RAJASTHAN, 8, KOTA, 100, SULTANPUR, 1322, KISHORPURA, 40319, 1104018, Sanitation, 0, 0, 0, 0, 0, 0, 469379, 469379
2015, RAJASTHAN, 8, KOTA, 100, SULTANPUR, 1322, KISHORPURA, 40319, 1104018, Total, 0, 0, 0, 0, 0, 0, 1737977, 1737977
2015, RAJASTHAN, 8, KOTA, 100, SULTANPUR, 1322, KOTRA DEEPSING, 40320, 1104429, Roads, 0, 0, 0, 0, 0, 0, 1798802, 1798802
2015, RAJASTHAN, 8, KOTA, 100, SULTANPUR, 1322, KOTRA DEEPSING, 40320, 1104429, Total, 0, 0, 0, 0, 0, 0, 1798802, 1798802
2015, RAJASTHAN, 8, KOTA, 100, SULTANPUR, 1322, KOTSUWA, 40321, 1103579, Drinking water, 0, 0, 0, 0, 0, 0, 24006, 24006
2015, RAJASTHAN, 8, KOTA, 100, SULTANPUR, 1322, KOTSUWA, 40321, 1103579, Health, 0, 0, 0, 0, 0, 0, 96023, 96023
2015, RAJASTHAN, 8, KOTA, 100, SULTANPUR, 1322, KOTSUWA, 40321, 1103579, Roads, 0, 0, 0, 0, 0, 0, 456108, 456108
2015, RAJASTHAN, 8, KOTA, 100, SULTANPUR, 1322, KOTSUWA, 40321, 1103579, Sanitation, 0, 0, 0, 0, 0, 0, 1056249, 1056249
2015, RAJASTHAN, 8, KOTA, 100, SULTANPUR, 1322, KOTSUWA, 40321, 1103579, Total, 0, 0, 0, 0, 0, 0, 1632386, 1632386
2015, RAJASTHAN, 8, KOTA, 100, SULTANPUR, 1322, LAKHSANIJA, 40322, 1101728, Roads, 0, 0, 0, 0, 0, 0, 1122761, 1122761
2015, RAJASTHAN, 8, KOTA, 100, SULTANPUR, 1322, LAKHSANIJA, 40322, 1101728, Sanitation, 0, 0, 0, 0, 0, 0, 80427, 80427
2015, RAJASTHAN, 8, KOTA, 100, SULTANPUR, 1322, LAKHSANIJA, 40322, 1101728, Total, 0, 0, 0, 0, 0, 0, 1203188, 1203188
2015, RAJASTHAN, 8, KOTA, 100, SULTANPUR, 1322, MADANPURA, 40323, 1104032, Roads, 0, 0, 0, 0, 0, 0, 1411636, 1411636
2015, RAJASTHAN, 8, KOTA, 100, SULTANPUR, 1322, MADANPURA, 40323, 1104032, Total, 0, 0, 0, 0, 0, 0, 1411636, 1411636
2015, RAJASTHAN, 8, KOTA, 100, SULTANPUR, 1322, MANDAWARA, 40324, 1101781, Animal husbandry, 0, 0, 0, 0, 0, 0, 209408, 209408
2015, RAJASTHAN, 8, KOTA, 100, SULTANPUR, 1322, MANDAWARA, 40324, 1101781, Roads, 0, 0, 0, 0, 0, 0, 593323, 593323
2015, RAJASTHAN, 8, KOTA, 100, SULTANPUR, 1322, MANDAWARA, 40324, 1101781, Sanitation, 0, 0, 0, 0, 0, 0, 488620, 488620
2015, RAJASTHAN, 8, KOTA, 100, SULTANPUR, 1322, MANDAWARA, 40324, 1101781, Total, 0, 0, 0, 0, 0, 0, 1291351, 1291351
2015, RAJASTHAN, 8, KOTA, 100, SULTANPUR, 1322, MORPA, 40325, 1103581, Health, 0, 0, 0, 0, 0, 0, 345719, 345719
2015, RAJASTHAN, 8, KOTA, 100, SULTANPUR, 1322, MORPA, 40325, 1103581, Roads, 0, 0, 0, 0, 0, 0, 960326, 960326
2015, RAJASTHAN, 8, KOTA, 100, SULTANPUR, 1322, MORPA, 40325, 1103581, Total, 0, 0, 0, 0, 0, 0, 1306045, 1306045
2015, RAJASTHAN, 8, KOTA, 100, SULTANPUR, 1322, MUNDLA, 40326, 1101759, Drinking water, 0, 0, 0, 0, 0, 0, 339048, 339048
2015, RAJASTHAN, 8, KOTA, 100, SULTANPUR, 1322, MUNDLA, 40326, 1101759, Roads, 0, 0, 0, 0, 0, 0, 1076347, 1076347
2015, RAJASTHAN, 8, KOTA, 100, SULTANPUR, 1322, MUNDLA, 40326, 1101759, Total, 0, 0, 0, 0, 0, 0, 1415395, 1415395
2015, RAJASTHAN, 8, KOTA, 100, SULTANPUR, 1322, NIMODA, 40327, 1103890, Roads, 0, 0, 0, 0, 0, 0, 711855, 711855
2015, RAJASTHAN, 8, KOTA, 100, SULTANPUR, 1322, NIMODA, 40327, 1103890, Sanitation, 0, 0, 0, 0, 0, 0, 212492, 212492
2015, RAJASTHAN, 8, KOTA, 100, SULTANPUR, 1322, NIMODA, 40327, 1103890, Total, 0, 0, 0, 0, 0, 0, 924347, 924347
2015, RAJASTHAN, 8, KOTA, 100, SULTANPUR, 1322, NOTADA, 40328, 1101562, Drinking water, 0, 0, 0, 0, 0, 0, 62290, 62290
2015, RAJASTHAN, 8, KOTA, 100, SULTANPUR, 1322, NOTADA, 40328, 1101562, Roads, 0, 0, 0, 0, 0, 0, 1596750, 1596750
2015, RAJASTHAN, 8, KOTA, 100, SULTANPUR, 1322, NOTADA, 40328, 1101562, Total, 0, 0, 0, 0, 0, 0, 1659040, 1659040
2015, RAJASTHAN, 8, KOTA, 100, SULTANPUR, 1322, POLAI KALAN, 40329, 1103975, Drinking water, 0, 0, 0, 0, 0, 0, 187747, 187747
2015, RAJASTHAN, 8, KOTA, 100, SULTANPUR, 1322, POLAI KALAN, 40329, 1103975, Roads, 0, 0, 0, 0, 0, 0, 1221839, 1221839
2015, RAJASTHAN, 8, KOTA, 100, SULTANPUR, 1322, POLAI KALAN, 40329, 1103975, Total, 0, 0, 0, 0, 0, 0, 1409586, 1409586
2015, RAJASTHAN, 8, KOTA, 100, SULTANPUR, 1322, RAILGAON, 40330, 1104505, Animal husbandry, 0, 0, 0, 0, 0, 0, 53959, 53959
2015, RAJASTHAN, 8, KOTA, 100, SULTANPUR, 1322, RAILGAON, 40330, 1104505, Roads, 0, 0, 0, 0, 0, 0, 717897, 717897
2015, RAJASTHAN, 8, KOTA, 100, SULTANPUR, 1322, RAILGAON, 40330, 1104505, Sanitation, 0, 0, 0, 0, 0, 0, 391010, 391010
2015, RAJASTHAN, 8, KOTA, 100, SULTANPUR, 1322, RAILGAON, 40330, 1104505, Total, 0, 0, 0, 0, 0, 0, 1162866, 1162866
2015, RAJASTHAN, 8, KOTA, 100, SULTANPUR, 1322, SAROLA, 40331, 1104506, Roads, 0, 0, 0, 0, 0, 0, 1433506, 1433506
2015, RAJASTHAN, 8, KOTA, 100, SULTANPUR, 1322, SAROLA, 40331, 1104506, Total, 0, 0, 0, 0, 0, 0, 1433506, 1433506
2015, RAJASTHAN, 8, KOTA, 100, SULTANPUR, 1322, SIMLIYA, 40332, 1101545, Drinking water, 0, 0, 0, 0, 0, 0, 164002, 164002
2015, RAJASTHAN, 8, KOTA, 100, SULTANPUR, 1322, SIMLIYA, 40332, 1101545, Health, 0, 0, 0, 0, 0, 0, 76996, 76996
2015, RAJASTHAN, 8, KOTA, 100, SULTANPUR, 1322, SIMLIYA, 40332, 1101545, Maintenance of community system, 0, 0, 0, 0, 0, 0, 192490, 192490
2015, RAJASTHAN, 8, KOTA, 100, SULTANPUR, 1322, SIMLIYA, 40332, 1101545, Roads, 0, 0, 0, 0, 0, 0, 192490, 192490
2015, RAJASTHAN, 8, KOTA, 100, SULTANPUR, 1322, SIMLIYA, 40332, 1101545, Sanitation, 0, 0, 0, 0, 0, 0, 2016526, 2016526
2015, RAJASTHAN, 8, KOTA, 100, SULTANPUR, 1322, SIMLIYA, 40332, 1101545, Total, 0, 0, 0, 0, 0, 0, 2642504, 2642504
2015, RAJASTHAN, 8, KOTA, 100, SULTANPUR, 1322, SULTANPUR, 40333, 1104749, Drinking water, 0, 0, 0, 0, 0, 0, 180601, 180601
2015, RAJASTHAN, 8, KOTA, 100, SULTANPUR, 1322, SULTANPUR, 40333, 1104749, Health, 0, 0, 0, 0, 0, 0, 180601, 180601
2015, RAJASTHAN, 8, KOTA, 100, SULTANPUR, 1322, SULTANPUR, 40333, 1104749, Land improvement, 0, 0, 0, 0, 0, 0, 180601, 180601
2015, RAJASTHAN, 8, KOTA, 100, SULTANPUR, 1322, SULTANPUR, 40333, 1104749, Maintenance of community system, 0, 0, 0, 0, 0, 0, 180601, 180601
2015, RAJASTHAN, 8, KOTA, 100, SULTANPUR, 1322, SULTANPUR, 40333, 1104749, Roads, 0, 0, 0, 0, 0, 0, 3973953, 3973953
2015, RAJASTHAN, 8, KOTA, 100, SULTANPUR, 1322, SULTANPUR, 40333, 1104749, Sanitation, 0, 0, 0, 0, 0, 0, 1004864, 1004864
2015, RAJASTHAN, 8, KOTA, 100, SULTANPUR, 1322, SULTANPUR, 40333, 1104749, Total, 0, 0, 0, 0, 0, 0, 5701221, 5701221
2015, RAJASTHAN, 8, KOTA, 100, SULTANPUR, 1322, TAKARWADA, 40334, 1103976, Land improvement, 0, 0, 0, 0, 0, 0, 334174, 334174
2015, RAJASTHAN, 8, KOTA, 100, SULTANPUR, 1322, TAKARWADA, 40334, 1103976, Roads, 0, 0, 0, 0, 0, 0, 1019110, 1019110
2015, RAJASTHAN, 8, KOTA, 100, SULTANPUR, 1322, TAKARWADA, 40334, 1103976, Sanitation, 0, 0, 0, 0, 0, 0, 406222, 406222
2015, RAJASTHAN, 8, KOTA, 100, SULTANPUR, 1322, TAKARWADA, 40334, 1103976, Total, 0, 0, 0, 0, 0, 0, 1759506, 1759506
2015, RAJASTHAN, 8, KOTA, 100, SULTANPUR, 1322, TORAN, 40335, 1101743, Roads, 0, 0, 0, 0, 0, 0, 616356, 616356
2015, RAJASTHAN, 8, KOTA, 100, SULTANPUR, 1322, TORAN, 40335, 1101743, Sanitation, 0, 0, 0, 0, 0, 0, 811000, 811000
2015, RAJASTHAN, 8, KOTA, 100, SULTANPUR, 1322, TORAN, 40335, 1101743, Total, 0, 0, 0, 0, 0, 0, 1427356, 1427356
2015, RAJASTHAN, 8, NAGAUR, 101, DEGANA, 1323, ANTROLI KALAN, 40336, 1162752, Drinking water, 0, 0, 0, 0, 0, 0, 150000, 150000
2015, RAJASTHAN, 8, NAGAUR, 101, DEGANA, 1323, ANTROLI KALAN, 40336, 1162752, Land improvement, 0, 0, 0, 0, 0, 0, 250000, 250000
2015, RAJASTHAN, 8, NAGAUR, 101, DEGANA, 1323, ANTROLI KALAN, 40336, 1162752, Public distribution system, 0, 0, 0, 0, 0, 0, 250000, 250000
2015, RAJASTHAN, 8, NAGAUR, 101, DEGANA, 1323, ANTROLI KALAN, 40336, 1162752, Roads, 0, 0, 0, 0, 0, 0, 1275891, 1275891
2015, RAJASTHAN, 8, NAGAUR, 101, DEGANA, 1323, ANTROLI KALAN, 40336, 1162752, Total, 0, 0, 0, 0, 0, 0, 1975891, 1975891
2015, RAJASTHAN, 8, NAGAUR, 101, DEGANA, 1323, ANTROLI KALAN, 40336, 1162752, Water Conservation, 0, 0, 0, 0, 0, 0, 50000, 50000
2015, RAJASTHAN, 8, NAGAUR, 101, DEGANA, 1323, BACHHWARI, 40337, 1199962, Drinking water, 0, 0, 0, 0, 0, 0, 100000, 100000
2015, RAJASTHAN, 8, NAGAUR, 101, DEGANA, 1323, BACHHWARI, 40337, 1199962, Land improvement, 0, 0, 0, 0, 0, 0, 245131, 245131
2015, RAJASTHAN, 8, NAGAUR, 101, DEGANA, 1323, BACHHWARI, 40337, 1199962, Libraries, 0, 0, 0, 0, 0, 0, 37093, 37093
2015, RAJASTHAN, 8, NAGAUR, 101, DEGANA, 1323, BACHHWARI, 40337, 1199962, Public distribution system, 0, 0, 0, 0, 0, 0, 30000, 30000
2015, RAJASTHAN, 8, NAGAUR, 101, DEGANA, 1323, BACHHWARI, 40337, 1199962, Roads, 0, 0, 0, 0, 0, 0, 2000000, 2000000
2015, RAJASTHAN, 8, NAGAUR, 101, DEGANA, 1323, BACHHWARI, 40337, 1199962, Total, 0, 0, 0, 0, 0, 0, 2412224, 2412224
2015, RAJASTHAN, 8, NAGAUR, 101, DEGANA, 1323, BANWARLA, 40338, 1232268, Land improvement, 0, 0, 0, 0, 0, 0, 388050, 388050
2015, RAJASTHAN, 8, NAGAUR, 101, DEGANA, 1323, BANWARLA, 40338, 1232268, Libraries, 0, 0, 0, 0, 0, 0, 206536, 206536
2015, RAJASTHAN, 8, NAGAUR, 101, DEGANA, 1323, BANWARLA, 40338, 1232268, Public distribution system, 0, 0, 0, 0, 0, 0, 280400, 280400
2015, RAJASTHAN, 8, NAGAUR, 101, DEGANA, 1323, BANWARLA, 40338, 1232268, Roads, 0, 0, 0, 0, 0, 0, 1448485, 1448485
2015, RAJASTHAN, 8, NAGAUR, 101, DEGANA, 1323, BANWARLA, 40338, 1232268, Total, 0, 0, 0, 0, 0, 0, 2323471, 2323471
2015, RAJASTHAN, 8, NAGAUR, 101, DEGANA, 1323, BARNA, 40339, 1176576, Public distribution system, 0, 0, 0, 0, 0, 0, 631000, 631000
2015, RAJASTHAN, 8, NAGAUR, 101, DEGANA, 1323, BARNA, 40339, 1176576, Roads, 0, 0, 0, 0, 0, 0, 1570000, 1570000
2015, RAJASTHAN, 8, NAGAUR, 101, DEGANA, 1323, BARNA, 40339, 1176576, Total, 0, 0, 0, 0, 0, 0, 2201000, 2201000
2015, RAJASTHAN, 8, NAGAUR, 101, DEGANA, 1323, BIKHARNIYA KALAN, 40340, 1312876, Drinking water, 0, 0, 0, 0, 0, 0, 100000, 100000
2015, RAJASTHAN, 8, NAGAUR, 101, DEGANA, 1323, BIKHARNIYA KALAN, 40340, 1312876, Land improvement, 0, 0, 0, 0, 0, 0, 398699, 398699
2015, RAJASTHAN, 8, NAGAUR, 101, DEGANA, 1323, BIKHARNIYA KALAN, 40340, 1312876, Libraries, 0, 0, 0, 0, 0, 0, 50000, 50000
2015, RAJASTHAN, 8, NAGAUR, 101, DEGANA, 1323, BIKHARNIYA KALAN, 40340, 1312876, Public distribution system, 0, 0, 0, 0, 0, 0, 150000, 150000
2015, RAJASTHAN, 8, NAGAUR, 101, DEGANA, 1323, BIKHARNIYA KALAN, 40340, 1312876, Roads, 0, 0, 0, 0, 0, 0, 1931691, 1931691
2015, RAJASTHAN, 8, NAGAUR, 101, DEGANA, 1323, BIKHARNIYA KALAN, 40340, 1312876, Total, 0, 0, 0, 0, 0, 0, 2630390, 2630390
2015, RAJASTHAN, 8, NAGAUR, 101, DEGANA, 1323, BUTATI, 40341, 1179025, Drinking water, 0, 0, 0, 0, 0, 0, 100000, 100000
2015, RAJASTHAN, 8, NAGAUR, 101, DEGANA, 1323, BUTATI, 40341, 1179025, Land improvement, 0, 0, 0, 0, 0, 0, 368544, 368544
2015, RAJASTHAN, 8, NAGAUR, 101, DEGANA, 1323, BUTATI, 40341, 1179025, Libraries, 0, 0, 0, 0, 0, 0, 74952, 74952
2015, RAJASTHAN, 8, NAGAUR, 101, DEGANA, 1323, BUTATI, 40341, 1179025, Public distribution system, 0, 0, 0, 0, 0, 0, 100000, 100000
2015, RAJASTHAN, 8, NAGAUR, 101, DEGANA, 1323, BUTATI, 40341, 1179025, Roads, 0, 0, 0, 0, 0, 0, 2450000, 2450000
2015, RAJASTHAN, 8, NAGAUR, 101, DEGANA, 1323, BUTATI, 40341, 1179025, Total, 0, 0, 0, 0, 0, 0, 3093496, 3093496
2015, RAJASTHAN, 8, NAGAUR, 101, DEGANA, 1323, CHANDA ROON, 40342, 1161820, Land improvement, 0, 0, 0, 0, 0, 0, 330429, 330429
2015, RAJASTHAN, 8, NAGAUR, 101, DEGANA, 1323, CHANDA ROON, 40342, 1161820, Public distribution system, 0, 0, 0, 0, 0, 0, 250000, 250000
2015, RAJASTHAN, 8, NAGAUR, 101, DEGANA, 1323, CHANDA ROON, 40342, 1161820, Roads, 0, 0, 0, 0, 0, 0, 2835856, 2835856
2015, RAJASTHAN, 8, NAGAUR, 101, DEGANA, 1323, CHANDA ROON, 40342, 1161820, Total, 0, 0, 0, 0, 0, 0, 3416285, 3416285
2015, RAJASTHAN, 8, NAGAUR, 101, DEGANA, 1323, CHOLIYAS, 40343, 1161752, Roads, 0, 0, 0, 0, 0, 0, 2245625, 2245625
2015, RAJASTHAN, 8, NAGAUR, 101, DEGANA, 1323, CHOLIYAS, 40343, 1161752, Total, 0, 0, 0, 0, 0, 0, 2245625, 2245625
2015, RAJASTHAN, 8, NAGAUR, 101, DEGANA, 1323, CHOSALI, 40344, 1252342, Drinking water, 0, 0, 0, 0, 0, 0, 525000, 525000
2015, RAJASTHAN, 8, NAGAUR, 101, DEGANA, 1323, CHOSALI, 40344, 1252342, Public distribution system, 0, 0, 0, 0, 0, 0, 700000, 700000
2015, RAJASTHAN, 8, NAGAUR, 101, DEGANA, 1323, CHOSALI, 40344, 1252342, Roads, 0, 0, 0, 0, 0, 0, 2332101, 2332101
2015, RAJASTHAN, 8, NAGAUR, 101, DEGANA, 1323, CHOSALI, 40344, 1252342, Total, 0, 0, 0, 0, 0, 0, 3557101, 3557101
2015, RAJASTHAN, 8, NAGAUR, 101, DEGANA, 1323, CHUI, 40345, 1160236, Roads, 0, 0, 0, 0, 0, 0, 3563050, 3563050
2015, RAJASTHAN, 8, NAGAUR, 101, DEGANA, 1323, CHUI, 40345, 1160236, Total, 0, 0, 0, 0, 0, 0, 3563050, 3563050
2015, RAJASTHAN, 8, NAGAUR, 101, DEGANA, 1323, DABOLI MEETHI, 40346, 1161768, Animal husbandry, 0, 0, 0, 0, 0, 0, 40000, 40000
2015, RAJASTHAN, 8, NAGAUR, 101, DEGANA, 1323, DABOLI MEETHI, 40346, 1161768, Drinking water, 0, 0, 0, 0, 0, 0, 603583, 603583
2015, RAJASTHAN, 8, NAGAUR, 101, DEGANA, 1323, DABOLI MEETHI, 40346, 1161768, Roads, 0, 0, 0, 0, 0, 0, 1250000, 1250000
2015, RAJASTHAN, 8, NAGAUR, 101, DEGANA, 1323, DABOLI MEETHI, 40346, 1161768, Total, 0, 0, 0, 0, 0, 0, 1893583, 1893583
2015, RAJASTHAN, 8, NAGAUR, 101, DEGANA, 1323, DEGANA  GAON, 40347, 1288065, Drinking water, 0, 0, 0, 0, 0, 0, 100000, 100000
2015, RAJASTHAN, 8, NAGAUR, 101, DEGANA, 1323, DEGANA  GAON, 40347, 1288065, Land improvement, 0, 0, 0, 0, 0, 0, 1000000, 1000000
2015, RAJASTHAN, 8, NAGAUR, 101, DEGANA, 1323, DEGANA  GAON, 40347, 1288065, Public distribution system, 0, 0, 0, 0, 0, 0, 400000, 400000
2015, RAJASTHAN, 8, NAGAUR, 101, DEGANA, 1323, DEGANA  GAON, 40347, 1288065, Roads, 0, 0, 0, 0, 0, 0, 1940601, 1940601
2015, RAJASTHAN, 8, NAGAUR, 101, DEGANA, 1323, DEGANA  GAON, 40347, 1288065, Total, 0, 0, 0, 0, 0, 0, 3440601, 3440601
2015, RAJASTHAN, 8, NAGAUR, 101, DEGANA, 1323, GONARDA, 40348, 1162306, Roads, 0, 0, 0, 0, 0, 0, 2112742, 2112742
2015, RAJASTHAN, 8, NAGAUR, 101, DEGANA, 1323, GONARDA, 40348, 1162306, Total, 0, 0, 0, 0, 0, 0, 2112742, 2112742
2015, RAJASTHAN, 8, NAGAUR, 101, DEGANA, 1323, GUNDISAR, 40360, 1261224, Libraries, 0, 0, 0, 0, 0, 0, 98881, 98881
2015, RAJASTHAN, 8, NAGAUR, 101, DEGANA, 1323, GUNDISAR, 40360, 1261224, Roads, 0, 0, 0, 0, 0, 0, 2564234, 2564234
2015, RAJASTHAN, 8, NAGAUR, 101, DEGANA, 1323, GUNDISAR, 40360, 1261224, Total, 0, 0, 0, 0, 0, 0, 2663115, 2663115
2015, RAJASTHAN, 8, NAGAUR, 101, DEGANA, 1323, GUNSALI, 40350, 1165051, Drinking water, 0, 0, 0, 0, 0, 0, 416809, 416809
2015, RAJASTHAN, 8, NAGAUR, 101, DEGANA, 1323, GUNSALI, 40350, 1165051, Public distribution system, 0, 0, 0, 0, 0, 0, 300000, 300000
2015, RAJASTHAN, 8, NAGAUR, 101, DEGANA, 1323, GUNSALI, 40350, 1165051, Roads, 0, 0, 0, 0, 0, 0, 1150000, 1150000
2015, RAJASTHAN, 8, NAGAUR, 101, DEGANA, 1323, GUNSALI, 40350, 1165051, Total, 0, 0, 0, 0, 0, 0, 1866809, 1866809
2015, RAJASTHAN, 8, NAGAUR, 101, DEGANA, 1323, HARSOR, 40351, 1175960, Drinking water, 0, 0, 0, 0, 0, 0, 1322730, 1322730
2015, RAJASTHAN, 8, NAGAUR, 101, DEGANA, 1323, HARSOR, 40351, 1175960, Roads, 0, 0, 0, 0, 0, 0, 3240910, 3240910
2015, RAJASTHAN, 8, NAGAUR, 101, DEGANA, 1323, HARSOR, 40351, 1175960, Total, 0, 0, 0, 0, 0, 0, 4563640, 4563640
2015, RAJASTHAN, 8, NAGAUR, 101, DEGANA, 1323, IDWA, 40352, 1213020, Drinking water, 0, 0, 0, 0, 0, 0, 500000, 500000
2015, RAJASTHAN, 8, NAGAUR, 101, DEGANA, 1323, IDWA, 40352, 1213020, Public distribution system, 0, 0, 0, 0, 0, 0, 1192408, 1192408
2015, RAJASTHAN, 8, NAGAUR, 101, DEGANA, 1323, IDWA, 40352, 1213020, Roads, 0, 0, 0, 0, 0, 0, 1100000, 1100000
2015, RAJASTHAN, 8, NAGAUR, 101, DEGANA, 1323, IDWA, 40352, 1213020, Rural electrification, 0, 0, 0, 0, 0, 0, 16482, 16482
2015, RAJASTHAN, 8, NAGAUR, 101, DEGANA, 1323, IDWA, 40352, 1213020, Total, 0, 0, 0, 0, 0, 0, 2808890, 2808890
2015, RAJASTHAN, 8, NAGAUR, 101, DEGANA, 1323, JAKHERA, 40353, 1200580, Roads, 0, 0, 0, 0, 0, 0, 2295208, 2295208
2015, RAJASTHAN, 8, NAGAUR, 101, DEGANA, 1323, JAKHERA, 40353, 1200580, Total, 0, 0, 0, 0, 0, 0, 2295208, 2295208
2015, RAJASTHAN, 8, NAGAUR, 101, DEGANA, 1323, JALSOO KHURD, 40354, 1169319, Roads, 0, 0, 0, 0, 0, 0, 2551552, 2551552
2015, RAJASTHAN, 8, NAGAUR, 101, DEGANA, 1323, JALSOO KHURD, 40354, 1169319, Total, 0, 0, 0, 0, 0, 0, 2551552, 2551552
2015, RAJASTHAN, 8, NAGAUR, 101, DEGANA, 1323, JALSOO NANAK, 40355, 1169420, Drinking water, 0, 0, 0, 0, 0, 0, 407029, 407029
2015, RAJASTHAN, 8, NAGAUR, 101, DEGANA, 1323, JALSOO NANAK, 40355, 1169420, Public distribution system, 0, 0, 0, 0, 0, 0, 600000, 600000
2015, RAJASTHAN, 8, NAGAUR, 101, DEGANA, 1323, JALSOO NANAK, 40355, 1169420, Roads, 0, 0, 0, 0, 0, 0, 1250000, 1250000
2015, RAJASTHAN, 8, NAGAUR, 101, DEGANA, 1323, JALSOO NANAK, 40355, 1169420, Total, 0, 0, 0, 0, 0, 0, 2257029, 2257029
2015, RAJASTHAN, 8, NAGAUR, 101, DEGANA, 1323, KHERWA, 40357, 1168389, Drinking water, 0, 0, 0, 0, 0, 0, 300000, 300000
2015, RAJASTHAN, 8, NAGAUR, 101, DEGANA, 1323, KHERWA, 40357, 1168389, Public distribution system, 0, 0, 0, 0, 0, 0, 896622, 896622
2015, RAJASTHAN, 8, NAGAUR, 101, DEGANA, 1323, KHERWA, 40357, 1168389, Roads, 0, 0, 0, 0, 0, 0, 2120000, 2120000
2015, RAJASTHAN, 8, NAGAUR, 101, DEGANA, 1323, KHERWA, 40357, 1168389, Total, 0, 0, 0, 0, 0, 0, 3316622, 3316622
2015, RAJASTHAN, 8, NAGAUR, 101, DEGANA, 1323, KHURI KALAN, 40358, 1162085, Public distribution system, 0, 0, 0, 0, 0, 0, 498558, 498558
2015, RAJASTHAN, 8, NAGAUR, 101, DEGANA, 1323, KHURI KALAN, 40358, 1162085, Roads, 0, 0, 0, 0, 0, 0, 3018876, 3018876
2015, RAJASTHAN, 8, NAGAUR, 101, DEGANA, 1323, KHURI KALAN, 40358, 1162085, Total, 0, 0, 0, 0, 0, 0, 3517434, 3517434
2015, RAJASTHAN, 8, NAGAUR, 101, DEGANA, 1323, KITALSAR, 40359, 1135548, Drinking water, 0, 0, 0, 0, 0, 0, 50000, 50000
2015, RAJASTHAN, 8, NAGAUR, 101, DEGANA, 1323, KITALSAR, 40359, 1135548, Roads, 0, 0, 0, 0, 0, 0, 35000, 35000
2015, RAJASTHAN, 8, NAGAUR, 101, DEGANA, 1323, KITALSAR, 40359, 1135548, Total, 0, 0, 0, 0, 0, 0, 85000, 85000
2015, RAJASTHAN, 8, NAGAUR, 101, DEGANA, 1323, KITALSAR, 40359, 1136237, Drinking water, 0, 0, 0, 0, 0, 0, 85000, 85000
2015, RAJASTHAN, 8, NAGAUR, 101, DEGANA, 1323, KITALSAR, 40359, 1136237, Roads, 0, 0, 0, 0, 0, 0, 100000, 100000
2015, RAJASTHAN, 8, NAGAUR, 101, DEGANA, 1323, KITALSAR, 40359, 1136237, Total, 0, 0, 0, 0, 0, 0, 185000, 185000
2015, RAJASTHAN, 8, NAGAUR, 101, DEGANA, 1323, MANDAL JODHA, 40361, 1318863, Drinking water, 0, 0, 0, 0, 0, 0, 1310034, 1310034
2015, RAJASTHAN, 8, NAGAUR, 101, DEGANA, 1323, MANDAL JODHA, 40361, 1318863, Roads, 0, 0, 0, 0, 0, 0, 1554884, 1554884
2015, RAJASTHAN, 8, NAGAUR, 101, DEGANA, 1323, MANDAL JODHA, 40361, 1318863, Total, 0, 0, 0, 0, 0, 0, 2864918, 2864918
2015, RAJASTHAN, 8, NAGAUR, 101, DEGANA, 1323, MANJHEE, 40362, 1176707, Roads, 0, 0, 0, 0, 0, 0, 2384953, 2384953
2015, RAJASTHAN, 8, NAGAUR, 101, DEGANA, 1323, MANJHEE, 40362, 1176707, Total, 0, 0, 0, 0, 0, 0, 2384953, 2384953
2015, RAJASTHAN, 8, NAGAUR, 101, DEGANA, 1323, MEORA, 40363, 1164746, Drinking water, 0, 0, 0, 0, 0, 0, 250000, 250000
2015, RAJASTHAN, 8, NAGAUR, 101, DEGANA, 1323, MEORA, 40363, 1164746, Public distribution system, 0, 0, 0, 0, 0, 0, 799870, 799870
2015, RAJASTHAN, 8, NAGAUR, 101, DEGANA, 1323, MEORA, 40363, 1164746, Roads, 0, 0, 0, 0, 0, 0, 750000, 750000
2015, RAJASTHAN, 8, NAGAUR, 101, DEGANA, 1323, MEORA, 40363, 1164746, Total, 0, 0, 0, 0, 0, 0, 1799870, 1799870
2015, RAJASTHAN, 8, NAGAUR, 101, DEGANA, 1323, MOGAS, 40364, 1252891, Drinking water, 0, 0, 0, 0, 0, 0, 117203, 117203
2015, RAJASTHAN, 8, NAGAUR, 101, DEGANA, 1323, MOGAS, 40364, 1252891, Roads, 0, 0, 0, 0, 0, 0, 2000000, 2000000
2015, RAJASTHAN, 8, NAGAUR, 101, DEGANA, 1323, MOGAS, 40364, 1252891, Total, 0, 0, 0, 0, 0, 0, 2117203, 2117203
2015, RAJASTHAN, 8, NAGAUR, 101, DEGANA, 1323, NATHWARA, 40365, 1156125, Drinking water, 0, 0, 0, 0, 0, 0, 40000, 40000
2015, RAJASTHAN, 8, NAGAUR, 101, DEGANA, 1323, NATHWARA, 40365, 1156125, Public distribution system, 0, 0, 0, 0, 0, 0, 70000, 70000
2015, RAJASTHAN, 8, NAGAUR, 101, DEGANA, 1323, NATHWARA, 40365, 1156125, Roads, 0, 0, 0, 0, 0, 0, 1672021, 1672021
2015, RAJASTHAN, 8, NAGAUR, 101, DEGANA, 1323, NATHWARA, 40365, 1156125, Total, 0, 0, 0, 0, 0, 0, 1782021, 1782021
2015, RAJASTHAN, 8, NAGAUR, 101, DEGANA, 1323, NIMBARI CHANDAWATAN, 40366, 1163842, Roads, 0, 0, 0, 0, 0, 0, 3507518, 3507518
2015, RAJASTHAN, 8, NAGAUR, 101, DEGANA, 1323, NIMBARI CHANDAWATAN, 40366, 1163842, Total, 0, 0, 0, 0, 0, 0, 3507518, 3507518
2015, RAJASTHAN, 8, NAGAUR, 101, DEGANA, 1323, NIMBARI KALAN, 40367, 1210080, Markets and fairs, 0, 0, 0, 0, 0, 0, 1500, 1500
2015, RAJASTHAN, 8, NAGAUR, 101, DEGANA, 1323, NIMBARI KALAN, 40367, 1210080, Roads, 0, 0, 0, 0, 0, 0, 1710113, 1710113
2015, RAJASTHAN, 8, NAGAUR, 101, DEGANA, 1323, NIMBARI KALAN, 40367, 1210080, Total, 0, 0, 0, 0, 0, 0, 1711613, 1711613
2015, RAJASTHAN, 8, NAGAUR, 101, DEGANA, 1323, NIMBOLA KALAN, 40368, 1165265, Drinking water, 0, 0, 0, 0, 0, 0, 250000, 250000
2015, RAJASTHAN, 8, NAGAUR, 101, DEGANA, 1323, NIMBOLA KALAN, 40368, 1165265, Public distribution system, 0, 0, 0, 0, 0, 0, 500000, 500000
2015, RAJASTHAN, 8, NAGAUR, 101, DEGANA, 1323, NIMBOLA KALAN, 40368, 1165265, Roads, 0, 0, 0, 0, 0, 0, 989379, 989379
2015, RAJASTHAN, 8, NAGAUR, 101, DEGANA, 1323, NIMBOLA KALAN, 40368, 1165265, Total, 0, 0, 0, 0, 0, 0, 1739379, 1739379
2015, RAJASTHAN, 8, NAGAUR, 101, DEGANA, 1323, PALIYAS, 40369, 1313914, Drinking water, 0, 0, 0, 0, 0, 0, 380000, 380000
2015, RAJASTHAN, 8, NAGAUR, 101, DEGANA, 1323, PALIYAS, 40369, 1313914, Libraries, 0, 0, 0, 0, 0, 0, 29254, 29254
2015, RAJASTHAN, 8, NAGAUR, 101, DEGANA, 1323, PALIYAS, 40369, 1313914, Public distribution system, 0, 0, 0, 0, 0, 0, 1132720, 1132720
2015, RAJASTHAN, 8, NAGAUR, 101, DEGANA, 1323, PALIYAS, 40369, 1313914, Roads, 0, 0, 0, 0, 0, 0, 900000, 900000
2015, RAJASTHAN, 8, NAGAUR, 101, DEGANA, 1323, PALIYAS, 40369, 1313914, Total, 0, 0, 0, 0, 0, 0, 2441974, 2441974
2015, RAJASTHAN, 8, NAGAUR, 101, DEGANA, 1323, PALRI KALAN, 40370, 1195028, Drinking water, 0, 0, 0, 0, 0, 0, 306000, 306000
2015, RAJASTHAN, 8, NAGAUR, 101, DEGANA, 1323, PALRI KALAN, 40370, 1195028, Roads, 0, 0, 0, 0, 0, 0, 2028378, 2028378
2015, RAJASTHAN, 8, NAGAUR, 101, DEGANA, 1323, PALRI KALAN, 40370, 1195028, Total, 0, 0, 0, 0, 0, 0, 2334378, 2334378
2015, RAJASTHAN, 8, NAGAUR, 101, DEGANA, 1323, POONAS, 40371, 1195402, Public distribution system, 0, 0, 0, 0, 0, 0, 230000, 230000
2015, RAJASTHAN, 8, NAGAUR, 101, DEGANA, 1323, POONAS, 40371, 1195402, Roads, 0, 0, 0, 0, 0, 0, 1729529, 1729529
2015, RAJASTHAN, 8, NAGAUR, 101, DEGANA, 1323, POONAS, 40371, 1195402, Total, 0, 0, 0, 0, 0, 0, 1959529, 1959529
2015, RAJASTHAN, 8, NAGAUR, 101, DEGANA, 1323, PUNDLOTA, 40372, 1174816, Public distribution system, 0, 0, 0, 0, 0, 0, 100000, 100000
2015, RAJASTHAN, 8, NAGAUR, 101, DEGANA, 1323, PUNDLOTA, 40372, 1174816, Roads, 0, 0, 0, 0, 0, 0, 1587317, 1587317
2015, RAJASTHAN, 8, NAGAUR, 101, DEGANA, 1323, PUNDLOTA, 40372, 1174816, Total, 0, 0, 0, 0, 0, 0, 1687317, 1687317
2015, RAJASTHAN, 8, NAGAUR, 101, DEGANA, 1323, RAJLOTA, 40373, 1169163, Drinking water, 0, 0, 0, 0, 0, 0, 20000, 20000
2015, RAJASTHAN, 8, NAGAUR, 101, DEGANA, 1323, RAJLOTA, 40373, 1169163, Land improvement, 0, 0, 0, 0, 0, 0, 20000, 20000
2015, RAJASTHAN, 8, NAGAUR, 101, DEGANA, 1323, RAJLOTA, 40373, 1169163, Public distribution system, 0, 0, 0, 0, 0, 0, 550000, 550000
2015, RAJASTHAN, 8, NAGAUR, 101, DEGANA, 1323, RAJLOTA, 40373, 1169163, Roads, 0, 0, 0, 0, 0, 0, 1925357, 1925357
2015, RAJASTHAN, 8, NAGAUR, 101, DEGANA, 1323, RAJLOTA, 40373, 1169163, Total, 0, 0, 0, 0, 0, 0, 2515357, 2515357
2015, RAJASTHAN, 8, NAGAUR, 101, DEGANA, 1323, RAJOD, 40374, 1161762, Land improvement, 0, 0, 0, 0, 0, 0, 120000, 120000
2015, RAJASTHAN, 8, NAGAUR, 101, DEGANA, 1323, RAJOD, 40374, 1161762, Libraries, 0, 0, 0, 0, 0, 0, 2696, 2696
2015, RAJASTHAN, 8, NAGAUR, 101, DEGANA, 1323, RAJOD, 40374, 1161762, Public distribution system, 0, 0, 0, 0, 0, 0, 600000, 600000
2015, RAJASTHAN, 8, NAGAUR, 101, DEGANA, 1323, RAJOD, 40374, 1161762, Roads, 0, 0, 0, 0, 0, 0, 1220967, 1220967
2015, RAJASTHAN, 8, NAGAUR, 101, DEGANA, 1323, RAJOD, 40374, 1161762, Total, 0, 0, 0, 0, 0, 0, 1943663, 1943663
2015, RAJASTHAN, 8, NAGAUR, 101, DEGANA, 1323, SANJOO, 40375, 1163689, Drinking water, 0, 0, 0, 0, 0, 0, 251057, 251057
2015, RAJASTHAN, 8, NAGAUR, 101, DEGANA, 1323, SANJOO, 40375, 1163689, Public distribution system, 0, 0, 0, 0, 0, 0, 50000, 50000
2015, RAJASTHAN, 8, NAGAUR, 101, DEGANA, 1323, SANJOO, 40375, 1163689, Roads, 0, 0, 0, 0, 0, 0, 2250000, 2250000
2015, RAJASTHAN, 8, NAGAUR, 101, DEGANA, 1323, SANJOO, 40375, 1163689, Total, 0, 0, 0, 0, 0, 0, 2551057, 2551057
2015, RAJASTHAN, 8, NAGAUR, 101, DEGANA, 1323, SIRASANA, 40376, 1163970, Roads, 0, 0, 0, 0, 0, 0, 1850000, 1850000
2015, RAJASTHAN, 8, NAGAUR, 101, DEGANA, 1323, SIRASANA, 40376, 1163970, Total, 0, 0, 0, 0, 0, 0, 1850000, 1850000
2015, RAJASTHAN, 8, NAGAUR, 101, DEGANA, 1323, THATA, 40377, 1194266, Drinking water, 0, 0, 0, 0, 0, 0, 990000, 990000
2015, RAJASTHAN, 8, NAGAUR, 101, DEGANA, 1323, THATA, 40377, 1194266, Land improvement, 0, 0, 0, 0, 0, 0, 66295, 66295
2015, RAJASTHAN, 8, NAGAUR, 101, DEGANA, 1323, THATA, 40377, 1194266, Libraries, 0, 0, 0, 0, 0, 0, 4645, 4645
2015, RAJASTHAN, 8, NAGAUR, 101, DEGANA, 1323, THATA, 40377, 1194266, Roads, 0, 0, 0, 0, 0, 0, 1266000, 1266000
2015, RAJASTHAN, 8, NAGAUR, 101, DEGANA, 1323, THATA, 40377, 1194266, Total, 0, 0, 0, 0, 0, 0, 2326940, 2326940
2015, RAJASTHAN, 8, NAGAUR, 101, DEGANA, 1323, TILANESH, 40378, 1309385, Drinking water, 0, 0, 0, 0, 0, 0, 276000, 276000
2015, RAJASTHAN, 8, NAGAUR, 101, DEGANA, 1323, TILANESH, 40378, 1309385, Roads, 0, 0, 0, 0, 0, 0, 2140687, 2140687
2015, RAJASTHAN, 8, NAGAUR, 101, DEGANA, 1323, TILANESH, 40378, 1309385, Total, 0, 0, 0, 0, 0, 0, 2416687, 2416687
2015, RAJASTHAN, 8, NAGAUR, 101, DIDWANA, 1324, AGUNTA, 40379, 1408775, Animal husbandry, 0, 0, 0, 0, 0, 0, 30000, 30000
2015, RAJASTHAN, 8, NAGAUR, 101, DIDWANA, 1324, AGUNTA, 40379, 1408775, Drinking water, 0, 0, 0, 0, 0, 0, 1001454, 1001454
2015, RAJASTHAN, 8, NAGAUR, 101, DIDWANA, 1324, AGUNTA, 40379, 1408775, Maintenance of community system, 0, 0, 0, 0, 0, 0, 50000, 50000
2015, RAJASTHAN, 8, NAGAUR, 101, DIDWANA, 1324, AGUNTA, 40379, 1408775, Roads, 0, 0, 0, 0, 0, 0, 2080000, 2080000
2015, RAJASTHAN, 8, NAGAUR, 101, DIDWANA, 1324, AGUNTA, 40379, 1408775, Social welfare, 0, 0, 0, 0, 0, 0, 40000, 40000
2015, RAJASTHAN, 8, NAGAUR, 101, DIDWANA, 1324, AGUNTA, 40379, 1408775, Total, 0, 0, 0, 0, 0, 0, 3201454, 3201454
2015, RAJASTHAN, 8, NAGAUR, 101, DIDWANA, 1324, BALIYA, 40382, 1401777, Drinking water, 0, 0, 0, 0, 0, 0, 735348, 735348
2015, RAJASTHAN, 8, NAGAUR, 101, DIDWANA, 1324, BALIYA, 40382, 1401777, Roads, 0, 0, 0, 0, 0, 0, 400000, 400000
2015, RAJASTHAN, 8, NAGAUR, 101, DIDWANA, 1324, BALIYA, 40382, 1401777, Sanitation, 0, 0, 0, 0, 0, 0, 2000000, 2000000
2015, RAJASTHAN, 8, NAGAUR, 101, DIDWANA, 1324, BALIYA, 40382, 1401777, Total, 0, 0, 0, 0, 0, 0, 3135348, 3135348
2015, RAJASTHAN, 8, NAGAUR, 101, DIDWANA, 1324, BARANGANA, 40385, 1179793, Animal husbandry, 0, 0, 0, 0, 0, 0, 90000, 90000
2015, RAJASTHAN, 8, NAGAUR, 101, DIDWANA, 1324, BARANGANA, 40385, 1179793, Drinking water, 0, 0, 0, 0, 0, 0, 1058213, 1058213
2015, RAJASTHAN, 8, NAGAUR, 101, DIDWANA, 1324, BARANGANA, 40385, 1179793, Roads, 0, 0, 0, 0, 0, 0, 1186894, 1186894
2015, RAJASTHAN, 8, NAGAUR, 101, DIDWANA, 1324, BARANGANA, 40385, 1179793, Sanitation, 0, 0, 0, 0, 0, 0, 210000, 210000
2015, RAJASTHAN, 8, NAGAUR, 101, DIDWANA, 1324, BARANGANA, 40385, 1179793, Total, 0, 0, 0, 0, 0, 0, 2545107, 2545107
2015, RAJASTHAN, 8, NAGAUR, 101, DIDWANA, 1324, BARDAWA, 40384, 1401778, Drinking water, 0, 0, 0, 0, 0, 0, 3008710, 3008710
2015, RAJASTHAN, 8, NAGAUR, 101, DIDWANA, 1324, BARDAWA, 40384, 1401778, Roads, 0, 0, 0, 0, 0, 0, 500000, 500000
2015, RAJASTHAN, 8, NAGAUR, 101, DIDWANA, 1324, BARDAWA, 40384, 1401778, Total, 0, 0, 0, 0, 0, 0, 3508710, 3508710
2015, RAJASTHAN, 8, NAGAUR, 101, DIDWANA, 1324, BERI  KHURD, 40387, 1180268, Drinking water, 0, 0, 0, 0, 0, 0, 1543238, 1543238
2015, RAJASTHAN, 8, NAGAUR, 101, DIDWANA, 1324, BERI  KHURD, 40387, 1180268, Roads, 0, 0, 0, 0, 0, 0, 500000, 500000
2015, RAJASTHAN, 8, NAGAUR, 101, DIDWANA, 1324, BERI  KHURD, 40387, 1180268, Sanitation, 0, 0, 0, 0, 0, 0, 1200000, 1200000
2015, RAJASTHAN, 8, NAGAUR, 101, DIDWANA, 1324, BERI  KHURD, 40387, 1180268, Total, 0, 0, 0, 0, 0, 0, 3243238, 3243238
2015, RAJASTHAN, 8, NAGAUR, 101, DIDWANA, 1324, BINCHAWA, 40390, 1401782, Animal husbandry, 0, 0, 0, 0, 0, 0, 40000, 40000
2015, RAJASTHAN, 8, NAGAUR, 101, DIDWANA, 1324, BINCHAWA, 40390, 1401782, Drinking water, 0, 0, 0, 0, 0, 0, 1438067, 1438067
2015, RAJASTHAN, 8, NAGAUR, 101, DIDWANA, 1324, BINCHAWA, 40390, 1401782, Roads, 0, 0, 0, 0, 0, 0, 1170000, 1170000
2015, RAJASTHAN, 8, NAGAUR, 101, DIDWANA, 1324, BINCHAWA, 40390, 1401782, Sanitation, 0, 0, 0, 0, 0, 0, 45000, 45000
2015, RAJASTHAN, 8, NAGAUR, 101, DIDWANA, 1324, BINCHAWA, 40390, 1401782, Total, 0, 0, 0, 0, 0, 0, 2693067, 2693067
2015, RAJASTHAN, 8, NAGAUR, 101, DIDWANA, 1324, CHOULUKHAN, 40393, 1180318, Drinking water, 0, 0, 0, 0, 0, 0, 450000, 450000
2015, RAJASTHAN, 8, NAGAUR, 101, DIDWANA, 1324, CHOULUKHAN, 40393, 1180318, Roads, 0, 0, 0, 0, 0, 0, 2006676, 2006676
2015, RAJASTHAN, 8, NAGAUR, 101, DIDWANA, 1324, CHOULUKHAN, 40393, 1180318, Sanitation, 0, 0, 0, 0, 0, 0, 717146, 717146
2015, RAJASTHAN, 8, NAGAUR, 101, DIDWANA, 1324, CHOULUKHAN, 40393, 1180318, Total, 0, 0, 0, 0, 0, 0, 3173822, 3173822
2015, RAJASTHAN, 8, NAGAUR, 101, DIDWANA, 1324, DADU BASNI, 40395, 1401843, Drinking water, 0, 0, 0, 0, 0, 0, 125746, 125746
2015, RAJASTHAN, 8, NAGAUR, 101, DIDWANA, 1324, DADU BASNI, 40395, 1401843, Roads, 0, 0, 0, 0, 0, 0, 1345228, 1345228
2015, RAJASTHAN, 8, NAGAUR, 101, DIDWANA, 1324, DADU BASNI, 40395, 1401843, Sanitation, 0, 0, 0, 0, 0, 0, 1190000, 1190000
2015, RAJASTHAN, 8, NAGAUR, 101, DIDWANA, 1324, DADU BASNI, 40395, 1401843, Total, 0, 0, 0, 0, 0, 0, 2660974, 2660974
2015, RAJASTHAN, 8, NAGAUR, 101, DIDWANA, 1324, DAULAT PURA, 40398, 1181294, Animal husbandry, 0, 0, 0, 0, 0, 0, 30000, 30000
2015, RAJASTHAN, 8, NAGAUR, 101, DIDWANA, 1324, DAULAT PURA, 40398, 1181294, Drinking water, 0, 0, 0, 0, 0, 0, 570000, 570000
2015, RAJASTHAN, 8, NAGAUR, 101, DIDWANA, 1324, DAULAT PURA, 40398, 1181294, Roads, 0, 0, 0, 0, 0, 0, 1730000, 1730000
2015, RAJASTHAN, 8, NAGAUR, 101, DIDWANA, 1324, DAULAT PURA, 40398, 1181294, Sanitation, 0, 0, 0, 0, 0, 0, 681685, 681685
2015, RAJASTHAN, 8, NAGAUR, 101, DIDWANA, 1324, DAULAT PURA, 40398, 1181294, Total, 0, 0, 0, 0, 0, 0, 3011685, 3011685
2015, RAJASTHAN, 8, NAGAUR, 101, DIDWANA, 1324, DAYAL PURA, 40399, 1181317, Drinking water, 0, 0, 0, 0, 0, 0, 180000, 180000
2015, RAJASTHAN, 8, NAGAUR, 101, DIDWANA, 1324, DAYAL PURA, 40399, 1181317, Education, 0, 0, 0, 0, 0, 0, 200000, 200000
2015, RAJASTHAN, 8, NAGAUR, 101, DIDWANA, 1324, DAYAL PURA, 40399, 1181317, Maintenance of community system, 0, 0, 0, 0, 0, 0, 366579, 366579
2015, RAJASTHAN, 8, NAGAUR, 101, DIDWANA, 1324, DAYAL PURA, 40399, 1181317, Sanitation, 0, 0, 0, 0, 0, 0, 1009854, 1009854
2015, RAJASTHAN, 8, NAGAUR, 101, DIDWANA, 1324, DAYAL PURA, 40399, 1181317, Social welfare, 0, 0, 0, 0, 0, 0, 750000, 750000
2015, RAJASTHAN, 8, NAGAUR, 101, DIDWANA, 1324, DAYAL PURA, 40399, 1181317, Total, 0, 0, 0, 0, 0, 0, 2506433, 2506433
2015, RAJASTHAN, 8, NAGAUR, 101, DIDWANA, 1324, DINDAR PURA, 40401, 1183135, Drinking water, 0, 0, 0, 0, 0, 0, 625000, 625000
2015, RAJASTHAN, 8, NAGAUR, 101, DIDWANA, 1324, DINDAR PURA, 40401, 1183135, Roads, 0, 0, 0, 0, 0, 0, 943695, 943695
2015, RAJASTHAN, 8, NAGAUR, 101, DIDWANA, 1324, DINDAR PURA, 40401, 1183135, Sanitation, 0, 0, 0, 0, 0, 0, 1417702, 1417702
2015, RAJASTHAN, 8, NAGAUR, 101, DIDWANA, 1324, DINDAR PURA, 40401, 1183135, Total, 0, 0, 0, 0, 0, 0, 2986397, 2986397
2015, RAJASTHAN, 8, NAGAUR, 101, DIDWANA, 1324, DUDOLI, 40402, 1408792, Drinking water, 0, 0, 0, 0, 0, 0, 1075223, 1075223
2015, RAJASTHAN, 8, NAGAUR, 101, DIDWANA, 1324, DUDOLI, 40402, 1408792, Roads, 0, 0, 0, 0, 0, 0, 2189739, 2189739
2015, RAJASTHAN, 8, NAGAUR, 101, DIDWANA, 1324, DUDOLI, 40402, 1408792, Total, 0, 0, 0, 0, 0, 0, 3264962, 3264962
2015, RAJASTHAN, 8, NAGAUR, 101, DIDWANA, 1324, GODRAS, 262116, 1408793, Drinking water, 0, 0, 0, 0, 0, 0, 1352031, 1352031
2015, RAJASTHAN, 8, NAGAUR, 101, DIDWANA, 1324, GODRAS, 262116, 1408793, Roads, 0, 0, 0, 0, 0, 0, 2246029, 2246029
2015, RAJASTHAN, 8, NAGAUR, 101, DIDWANA, 1324, GODRAS, 262116, 1408793, Total, 0, 0, 0, 0, 0, 0, 3598060, 3598060
2015, RAJASTHAN, 8, NAGAUR, 101, DIDWANA, 1324, KALWANI, 40403, 1401787, Drinking water, 0, 0, 0, 0, 0, 0, 2456688, 2456688
2015, RAJASTHAN, 8, NAGAUR, 101, DIDWANA, 1324, KALWANI, 40403, 1401787, Land improvement, 0, 0, 0, 0, 0, 0, 70000, 70000
2015, RAJASTHAN, 8, NAGAUR, 101, DIDWANA, 1324, KALWANI, 40403, 1401787, Roads, 0, 0, 0, 0, 0, 0, 1000000, 1000000
2015, RAJASTHAN, 8, NAGAUR, 101, DIDWANA, 1324, KALWANI, 40403, 1401787, Sanitation, 0, 0, 0, 0, 0, 0, 56102, 56102
2015, RAJASTHAN, 8, NAGAUR, 101, DIDWANA, 1324, KALWANI, 40403, 1401787, Total, 0, 0, 0, 0, 0, 0, 3582790, 3582790
2015, RAJASTHAN, 8, NAGAUR, 101, DIDWANA, 1324, KERAP, 40404, 1408794, Drinking water, 0, 0, 0, 0, 0, 0, 1586137, 1586137
2015, RAJASTHAN, 8, NAGAUR, 101, DIDWANA, 1324, KERAP, 40404, 1408794, Roads, 0, 0, 0, 0, 0, 0, 2310393, 2310393
2015, RAJASTHAN, 8, NAGAUR, 101, DIDWANA, 1324, KERAP, 40404, 1408794, Sanitation, 0, 0, 0, 0, 0, 0, 50000, 50000
2015, RAJASTHAN, 8, NAGAUR, 101, DIDWANA, 1324, KERAP, 40404, 1408794, Total, 0, 0, 0, 0, 0, 0, 3946530, 3946530
2015, RAJASTHAN, 8, NAGAUR, 101, DIDWANA, 1324, KHARESH, 40406, 1181337, Drinking water, 0, 0, 0, 0, 0, 0, 844935, 844935
2015, RAJASTHAN, 8, NAGAUR, 101, DIDWANA, 1324, KHARESH, 40406, 1181337, Maintenance of community system, 0, 0, 0, 0, 0, 0, 250000, 250000
2015, RAJASTHAN, 8, NAGAUR, 101, DIDWANA, 1324, KHARESH, 40406, 1181337, Sanitation, 0, 0, 0, 0, 0, 0, 739543, 739543
2015, RAJASTHAN, 8, NAGAUR, 101, DIDWANA, 1324, KHARESH, 40406, 1181337, Social welfare, 0, 0, 0, 0, 0, 0, 250000, 250000
2015, RAJASTHAN, 8, NAGAUR, 101, DIDWANA, 1324, KHARESH, 40406, 1181337, Total, 0, 0, 0, 0, 0, 0, 2084478, 2084478
2015, RAJASTHAN, 8, NAGAUR, 101, DIDWANA, 1324, KHATU KHURD, 40408, 1401788, Drinking water, 0, 0, 0, 0, 0, 0, 300000, 300000
2015, RAJASTHAN, 8, NAGAUR, 101, DIDWANA, 1324, KHATU KHURD, 40408, 1401788, Roads, 0, 0, 0, 0, 0, 0, 5824313, 5824313
2015, RAJASTHAN, 8, NAGAUR, 101, DIDWANA, 1324, KHATU KHURD, 40408, 1401788, Sanitation, 0, 0, 0, 0, 0, 0, 430000, 430000
2015, RAJASTHAN, 8, NAGAUR, 101, DIDWANA, 1324, KHATU KHURD, 40408, 1401788, Total, 0, 0, 0, 0, 0, 0, 6554313, 6554313
2015, RAJASTHAN, 8, NAGAUR, 101, DIDWANA, 1324, KHUNKHUNA, 40410, 1183174, Drinking water, 0, 0, 0, 0, 0, 0, 780000, 780000
2015, RAJASTHAN, 8, NAGAUR, 101, DIDWANA, 1324, KHUNKHUNA, 40410, 1183174, Land improvement, 0, 0, 0, 0, 0, 0, 544653, 544653
2015, RAJASTHAN, 8, NAGAUR, 101, DIDWANA, 1324, KHUNKHUNA, 40410, 1183174, Roads, 0, 0, 0, 0, 0, 0, 2020023, 2020023
2015, RAJASTHAN, 8, NAGAUR, 101, DIDWANA, 1324, KHUNKHUNA, 40410, 1183174, Sanitation, 0, 0, 0, 0, 0, 0, 25000, 25000
2015, RAJASTHAN, 8, NAGAUR, 101, DIDWANA, 1324, KHUNKHUNA, 40410, 1183174, Total, 0, 0, 0, 0, 0, 0, 3369676, 3369676
2015, RAJASTHAN, 8, NAGAUR, 101, DIDWANA, 1324, KOLIYA, 40411, 1408787, Animal husbandry, 0, 0, 0, 0, 0, 0, 72155, 72155
2015, RAJASTHAN, 8, NAGAUR, 101, DIDWANA, 1324, KOLIYA, 40411, 1408787, Drinking water, 0, 0, 0, 0, 0, 0, 985000, 985000
2015, RAJASTHAN, 8, NAGAUR, 101, DIDWANA, 1324, KOLIYA, 40411, 1408787, Education, 0, 0, 0, 0, 0, 0, 70000, 70000
2015, RAJASTHAN, 8, NAGAUR, 101, DIDWANA, 1324, KOLIYA, 40411, 1408787, Roads, 0, 0, 0, 0, 0, 0, 1130000, 1130000
2015, RAJASTHAN, 8, NAGAUR, 101, DIDWANA, 1324, KOLIYA, 40411, 1408787, Sanitation, 0, 0, 0, 0, 0, 0, 1400000, 1400000
2015, RAJASTHAN, 8, NAGAUR, 101, DIDWANA, 1324, KOLIYA, 40411, 1408787, Social welfare, 0, 0, 0, 0, 0, 0, 539804, 539804
2015, RAJASTHAN, 8, NAGAUR, 101, DIDWANA, 1324, KOLIYA, 40411, 1408787, Total, 0, 0, 0, 0, 0, 0, 4196959, 4196959
2015, RAJASTHAN, 8, NAGAUR, 101, DIDWANA, 1324, LALASARI, 40413, 1181080, Drinking water, 0, 0, 0, 0, 0, 0, 727668, 727668
2015, RAJASTHAN, 8, NAGAUR, 101, DIDWANA, 1324, LALASARI, 40413, 1181080, Roads, 0, 0, 0, 0, 0, 0, 844990, 844990
2015, RAJASTHAN, 8, NAGAUR, 101, DIDWANA, 1324, LALASARI, 40413, 1181080, Sanitation, 0, 0, 0, 0, 0, 0, 280000, 280000
2015, RAJASTHAN, 8, NAGAUR, 101, DIDWANA, 1324, LALASARI, 40413, 1181080, Social welfare, 0, 0, 0, 0, 0, 0, 270000, 270000
2015, RAJASTHAN, 8, NAGAUR, 101, DIDWANA, 1324, LALASARI, 40413, 1181080, Total, 0, 0, 0, 0, 0, 0, 2122658, 2122658
2015, RAJASTHAN, 8, NAGAUR, 101, DIDWANA, 1324, LOROLI KALAN, 40414, 1408786, Drinking water, 0, 0, 0, 0, 0, 0, 740000, 740000
2015, RAJASTHAN, 8, NAGAUR, 101, DIDWANA, 1324, LOROLI KALAN, 40414, 1408786, Roads, 0, 0, 0, 0, 0, 0, 2371964, 2371964
2015, RAJASTHAN, 8, NAGAUR, 101, DIDWANA, 1324, LOROLI KALAN, 40414, 1408786, Social welfare, 0, 0, 0, 0, 0, 0, 356785, 356785
2015, RAJASTHAN, 8, NAGAUR, 101, DIDWANA, 1324, LOROLI KALAN, 40414, 1408786, Total, 0, 0, 0, 0, 0, 0, 3468749, 3468749
2015, RAJASTHAN, 8, NAGAUR, 101, DIDWANA, 1324, MAMRODA, 40415, 1408789, Drinking water, 0, 0, 0, 0, 0, 0, 1765138, 1765138
2015, RAJASTHAN, 8, NAGAUR, 101, DIDWANA, 1324, MAMRODA, 40415, 1408789, Roads, 0, 0, 0, 0, 0, 0, 1489231, 1489231
2015, RAJASTHAN, 8, NAGAUR, 101, DIDWANA, 1324, MAMRODA, 40415, 1408789, Sanitation, 0, 0, 0, 0, 0, 0, 200000, 200000
2015, RAJASTHAN, 8, NAGAUR, 101, DIDWANA, 1324, MAMRODA, 40415, 1408789, Total, 0, 0, 0, 0, 0, 0, 3454369, 3454369
2015, RAJASTHAN, 8, NAGAUR, 101, DIDWANA, 1324, MAWA, 40417, 1183082, Drinking water, 0, 0, 0, 0, 0, 0, 649181, 649181
2015, RAJASTHAN, 8, NAGAUR, 101, DIDWANA, 1324, MAWA, 40417, 1183082, Education, 0, 0, 0, 0, 0, 0, 469503, 469503
2015, RAJASTHAN, 8, NAGAUR, 101, DIDWANA, 1324, MAWA, 40417, 1183082, Land improvement, 0, 0, 0, 0, 0, 0, 700000, 700000
2015, RAJASTHAN, 8, NAGAUR, 101, DIDWANA, 1324, MAWA, 40417, 1183082, Sanitation, 0, 0, 0, 0, 0, 0, 1050000, 1050000
2015, RAJASTHAN, 8, NAGAUR, 101, DIDWANA, 1324, MAWA, 40417, 1183082, Social welfare, 0, 0, 0, 0, 0, 0, 500000, 500000
2015, RAJASTHAN, 8, NAGAUR, 101, DIDWANA, 1324, MAWA, 40417, 1183082, Total, 0, 0, 0, 0, 0, 0, 3368684, 3368684
2015, RAJASTHAN, 8, NAGAUR, 101, DIDWANA, 1324, NIMBI KALAN, 40419, 1181058, Drinking water, 0, 0, 0, 0, 0, 0, 1174157, 1174157
2015, RAJASTHAN, 8, NAGAUR, 101, DIDWANA, 1324, NIMBI KALAN, 40419, 1181058, Sanitation, 0, 0, 0, 0, 0, 0, 675000, 675000
2015, RAJASTHAN, 8, NAGAUR, 101, DIDWANA, 1324, NIMBI KALAN, 40419, 1181058, Total, 0, 0, 0, 0, 0, 0, 1849157, 1849157
2015, RAJASTHAN, 8, NAGAUR, 101, DIDWANA, 1324, PALOT, 40422, 1401793, Animal husbandry, 0, 0, 0, 0, 0, 0, 40000, 40000
2015, RAJASTHAN, 8, NAGAUR, 101, DIDWANA, 1324, PALOT, 40422, 1401793, Drinking water, 0, 0, 0, 0, 0, 0, 1600000, 1600000
2015, RAJASTHAN, 8, NAGAUR, 101, DIDWANA, 1324, PALOT, 40422, 1401793, Roads, 0, 0, 0, 0, 0, 0, 928588, 928588
2015, RAJASTHAN, 8, NAGAUR, 101, DIDWANA, 1324, PALOT, 40422, 1401793, Sanitation, 0, 0, 0, 0, 0, 0, 488033, 488033
2015, RAJASTHAN, 8, NAGAUR, 101, DIDWANA, 1324, PALOT, 40422, 1401793, Total, 0, 0, 0, 0, 0, 0, 3056621, 3056621
2015, RAJASTHAN, 8, NAGAUR, 101, DIDWANA, 1324, RAMSABAS, 262115, 1208016, Roads, 0, 0, 0, 0, 0, 0, 1437948, 1437948
2015, RAJASTHAN, 8, NAGAUR, 101, DIDWANA, 1324, RAMSABAS, 262115, 1208016, Sanitation, 0, 0, 0, 0, 0, 0, 1299541, 1299541
2015, RAJASTHAN, 8, NAGAUR, 101, DIDWANA, 1324, RAMSABAS, 262115, 1208016, Total, 0, 0, 0, 0, 0, 0, 2737489, 2737489
2015, RAJASTHAN, 8, NAGAUR, 101, DIDWANA, 1324, SANIYA, 40427, 1408779, Drinking water, 0, 0, 0, 0, 0, 0, 351325, 351325
2015, RAJASTHAN, 8, NAGAUR, 101, DIDWANA, 1324, SANIYA, 40427, 1408779, Roads, 0, 0, 0, 0, 0, 0, 800000, 800000
2015, RAJASTHAN, 8, NAGAUR, 101, DIDWANA, 1324, SANIYA, 40427, 1408779, Sanitation, 0, 0, 0, 0, 0, 0, 2495248, 2495248
2015, RAJASTHAN, 8, NAGAUR, 101, DIDWANA, 1324, SANIYA, 40427, 1408779, Total, 0, 0, 0, 0, 0, 0, 3646573, 3646573
2015, RAJASTHAN, 8, NAGAUR, 101, DIDWANA, 1324, SHERANI ABAD, 40428, 1408796, Drinking water, 0, 0, 0, 0, 0, 0, 775000, 775000
2015, RAJASTHAN, 8, NAGAUR, 101, DIDWANA, 1324, SHERANI ABAD, 40428, 1408796, Roads, 0, 0, 0, 0, 0, 0, 3263839, 3263839
2015, RAJASTHAN, 8, NAGAUR, 101, DIDWANA, 1324, SHERANI ABAD, 40428, 1408796, Sanitation, 0, 0, 0, 0, 0, 0, 1270936, 1270936
2015, RAJASTHAN, 8, NAGAUR, 101, DIDWANA, 1324, SHERANI ABAD, 40428, 1408796, Total, 0, 0, 0, 0, 0, 0, 5309775, 5309775
2015, RAJASTHAN, 8, NAGAUR, 101, DIDWANA, 1324, SINGHANA, 40429, 1401796, Drinking water, 0, 0, 0, 0, 0, 0, 2199913, 2199913
2015, RAJASTHAN, 8, NAGAUR, 101, DIDWANA, 1324, SINGHANA, 40429, 1401796, Roads, 0, 0, 0, 0, 0, 0, 1043685, 1043685
2015, RAJASTHAN, 8, NAGAUR, 101, DIDWANA, 1324, SINGHANA, 40429, 1401796, Sanitation, 0, 0, 0, 0, 0, 0, 100000, 100000
2015, RAJASTHAN, 8, NAGAUR, 101, DIDWANA, 1324, SINGHANA, 40429, 1401796, Total, 0, 0, 0, 0, 0, 0, 3343598, 3343598
2015, RAJASTHAN, 8, NAGAUR, 101, DIDWANA, 1324, SINGRAWAT KALAN, 40430, 1183028, Drinking water, 0, 0, 0, 0, 0, 0, 600000, 600000
2015, RAJASTHAN, 8, NAGAUR, 101, DIDWANA, 1324, SINGRAWAT KALAN, 40430, 1183028, Maintenance of community system, 0, 0, 0, 0, 0, 0, 542897, 542897
2015, RAJASTHAN, 8, NAGAUR, 101, DIDWANA, 1324, SINGRAWAT KALAN, 40430, 1183028, Roads, 0, 0, 0, 0, 0, 0, 1300000, 1300000
2015, RAJASTHAN, 8, NAGAUR, 101, DIDWANA, 1324, SINGRAWAT KALAN, 40430, 1183028, Sanitation, 0, 0, 0, 0, 0, 0, 304013, 304013
2015, RAJASTHAN, 8, NAGAUR, 101, DIDWANA, 1324, SINGRAWAT KALAN, 40430, 1183028, Total, 0, 0, 0, 0, 0, 0, 2746910, 2746910
2015, RAJASTHAN, 8, NAGAUR, 101, DIDWANA, 1324, SOOPKA, 40431, 1408778, Drinking water, 0, 0, 0, 0, 0, 0, 260000, 260000
2015, RAJASTHAN, 8, NAGAUR, 101, DIDWANA, 1324, SOOPKA, 40431, 1408778, Roads, 0, 0, 0, 0, 0, 0, 2762471, 2762471
2015, RAJASTHAN, 8, NAGAUR, 101, DIDWANA, 1324, SOOPKA, 40431, 1408778, Sanitation, 0, 0, 0, 0, 0, 0, 1332827, 1332827
2015, RAJASTHAN, 8, NAGAUR, 101, DIDWANA, 1324, SOOPKA, 40431, 1408778, Total, 0, 0, 0, 0, 0, 0, 4355298, 4355298
2015, RAJASTHAN, 8, NAGAUR, 101, DIDWANA, 1324, THANU, 40433, 1408777, Animal husbandry, 0, 0, 0, 0, 0, 0, 550000, 550000
2015, RAJASTHAN, 8, NAGAUR, 101, DIDWANA, 1324, THANU, 40433, 1408777, Drinking water, 0, 0, 0, 0, 0, 0, 670000, 670000
2015, RAJASTHAN, 8, NAGAUR, 101, DIDWANA, 1324, THANU, 40433, 1408777, Roads, 0, 0, 0, 0, 0, 0, 2600000, 2600000
2015, RAJASTHAN, 8, NAGAUR, 101, DIDWANA, 1324, THANU, 40433, 1408777, Sanitation, 0, 0, 0, 0, 0, 0, 894480, 894480
2015, RAJASTHAN, 8, NAGAUR, 101, DIDWANA, 1324, THANU, 40433, 1408777, Total, 0, 0, 0, 0, 0, 0, 4714480, 4714480
2015, RAJASTHAN, 8, NAGAUR, 101, JAYAL, 1325, AKORA, 40436, 1129484, Drinking water, 0, 0, 0, 0, 0, 0, 217432, 217432
2015, RAJASTHAN, 8, NAGAUR, 101, JAYAL, 1325, AKORA, 40436, 1129484, Roads, 0, 0, 0, 0, 0, 0, 1450000, 1450000
2015, RAJASTHAN, 8, NAGAUR, 101, JAYAL, 1325, AKORA, 40436, 1129484, Sanitation, 0, 0, 0, 0, 0, 0, 200000, 200000
2015, RAJASTHAN, 8, NAGAUR, 101, JAYAL, 1325, AKORA, 40436, 1129484, Total, 0, 0, 0, 0, 0, 0, 1867432, 1867432
2015, RAJASTHAN, 8, NAGAUR, 101, JAYAL, 1325, AKORA, 40436, 1136316, Drinking water, 0, 0, 0, 0, 0, 0, 550000, 550000
2015, RAJASTHAN, 8, NAGAUR, 101, JAYAL, 1325, AKORA, 40436, 1136316, Roads, 0, 0, 0, 0, 0, 0, 1137685, 1137685
2015, RAJASTHAN, 8, NAGAUR, 101, JAYAL, 1325, AKORA, 40436, 1136316, Total, 0, 0, 0, 0, 0, 0, 1687685, 1687685
2015, RAJASTHAN, 8, NAGAUR, 101, JAYAL, 1325, ANWLIYASAR, 40437, 1183619, Administrative & Technical Support, 0, 0, 0, 0, 0, 0, 100000, 100000
2015, RAJASTHAN, 8, NAGAUR, 101, JAYAL, 1325, ANWLIYASAR, 40437, 1183619, Drinking water, 0, 0, 0, 0, 0, 0, 1150000, 1150000
2015, RAJASTHAN, 8, NAGAUR, 101, JAYAL, 1325, ANWLIYASAR, 40437, 1183619, Roads, 0, 0, 0, 0, 0, 0, 700000, 700000
2015, RAJASTHAN, 8, NAGAUR, 101, JAYAL, 1325, ANWLIYASAR, 40437, 1183619, Total, 0, 0, 0, 0, 0, 0, 1950000, 1950000
2015, RAJASTHAN, 8, NAGAUR, 101, JAYAL, 1325, BARNEL, 40439, 1181548, Administrative & Technical Support, 0, 0, 0, 0, 0, 0, 125000, 125000
2015, RAJASTHAN, 8, NAGAUR, 101, JAYAL, 1325, BARNEL, 40439, 1181548, Drinking water, 0, 0, 0, 0, 0, 0, 1125000, 1125000
2015, RAJASTHAN, 8, NAGAUR, 101, JAYAL, 1325, BARNEL, 40439, 1181548, Roads, 0, 0, 0, 0, 0, 0, 2750000, 2750000
2015, RAJASTHAN, 8, NAGAUR, 101, JAYAL, 1325, BARNEL, 40439, 1181548, Sanitation, 0, 0, 0, 0, 0, 0, 220000, 220000
2015, RAJASTHAN, 8, NAGAUR, 101, JAYAL, 1325, BARNEL, 40439, 1181548, Total, 0, 0, 0, 0, 0, 0, 4220000, 4220000
2015, RAJASTHAN, 8, NAGAUR, 101, JAYAL, 1325, BHAWALA, 40440, 1178235, Administrative & Technical Support, 0, 0, 0, 0, 0, 0, 100000, 100000
2015, RAJASTHAN, 8, NAGAUR, 101, JAYAL, 1325, BHAWALA, 40440, 1178235, Drinking water, 0, 0, 0, 0, 0, 0, 165000, 165000
2015, RAJASTHAN, 8, NAGAUR, 101, JAYAL, 1325, BHAWALA, 40440, 1178235, Maintenance of community system, 0, 0, 0, 0, 0, 0, 100000, 100000
2015, RAJASTHAN, 8, NAGAUR, 101, JAYAL, 1325, BHAWALA, 40440, 1178235, Roads, 0, 0, 0, 0, 0, 0, 1880000, 1880000
2015, RAJASTHAN, 8, NAGAUR, 101, JAYAL, 1325, BHAWALA, 40440, 1178235, Total, 0, 0, 0, 0, 0, 0, 2245000, 2245000
2015, RAJASTHAN, 8, NAGAUR, 101, JAYAL, 1325, BUGARDA, 40442, 1168297, Administrative & Technical Support, 0, 0, 0, 0, 0, 0, 85478, 85478
2015, RAJASTHAN, 8, NAGAUR, 101, JAYAL, 1325, BUGARDA, 40442, 1168297, Drinking water, 0, 0, 0, 0, 0, 0, 100000, 100000
2015, RAJASTHAN, 8, NAGAUR, 101, JAYAL, 1325, BUGARDA, 40442, 1168297, Maintenance of community system, 0, 0, 0, 0, 0, 0, 80000, 80000
2015, RAJASTHAN, 8, NAGAUR, 101, JAYAL, 1325, BUGARDA, 40442, 1168297, Roads, 0, 0, 0, 0, 0, 0, 1182173, 1182173
2015, RAJASTHAN, 8, NAGAUR, 101, JAYAL, 1325, BUGARDA, 40442, 1168297, Sanitation, 0, 0, 0, 0, 0, 0, 200000, 200000
2015, RAJASTHAN, 8, NAGAUR, 101, JAYAL, 1325, BUGARDA, 40442, 1168297, Total, 0, 0, 0, 0, 0, 0, 1647651, 1647651
2015, RAJASTHAN, 8, NAGAUR, 101, JAYAL, 1325, CHHAJOLI, 40444, 1175084, Administrative & Technical Support, 0, 0, 0, 0, 0, 0, 100000, 100000
2015, RAJASTHAN, 8, NAGAUR, 101, JAYAL, 1325, CHHAJOLI, 40444, 1175084, Drinking water, 0, 0, 0, 0, 0, 0, 335000, 335000
2015, RAJASTHAN, 8, NAGAUR, 101, JAYAL, 1325, CHHAJOLI, 40444, 1175084, Maintenance of community system, 0, 0, 0, 0, 0, 0, 50000, 50000
2015, RAJASTHAN, 8, NAGAUR, 101, JAYAL, 1325, CHHAJOLI, 40444, 1175084, Roads, 0, 0, 0, 0, 0, 0, 1360000, 1360000
2015, RAJASTHAN, 8, NAGAUR, 101, JAYAL, 1325, CHHAJOLI, 40444, 1175084, Sanitation, 0, 0, 0, 0, 0, 0, 30000, 30000
2015, RAJASTHAN, 8, NAGAUR, 101, JAYAL, 1325, CHHAJOLI, 40444, 1175084, Total, 0, 0, 0, 0, 0, 0, 1875000, 1875000
2015, RAJASTHAN, 8, NAGAUR, 101, JAYAL, 1325, CHHAPRA, 40443, 1168478, Administrative & Technical Support, 0, 0, 0, 0, 0, 0, 100000, 100000
2015, RAJASTHAN, 8, NAGAUR, 101, JAYAL, 1325, CHHAPRA, 40443, 1168478, Drinking water, 0, 0, 0, 0, 0, 0, 125000, 125000
2015, RAJASTHAN, 8, NAGAUR, 101, JAYAL, 1325, CHHAPRA, 40443, 1168478, Roads, 0, 0, 0, 0, 0, 0, 1520000, 1520000
2015, RAJASTHAN, 8, NAGAUR, 101, JAYAL, 1325, CHHAPRA, 40443, 1168478, Sanitation, 0, 0, 0, 0, 0, 0, 100000, 100000
2015, RAJASTHAN, 8, NAGAUR, 101, JAYAL, 1325, CHHAPRA, 40443, 1168478, Total, 0, 0, 0, 0, 0, 0, 1845000, 1845000
2015, RAJASTHAN, 8, NAGAUR, 101, JAYAL, 1325, DEH, 40445, 1182281, Roads, 0, 0, 0, 0, 0, 0, 5500000, 5500000
2015, RAJASTHAN, 8, NAGAUR, 101, JAYAL, 1325, DEH, 40445, 1182281, Total, 0, 0, 0, 0, 0, 0, 5500000, 5500000
2015, RAJASTHAN, 8, NAGAUR, 101, JAYAL, 1325, DHARNA, 40446, 1162672, Administrative & Technical Support, 0, 0, 0, 0, 0, 0, 114340, 114340
2015, RAJASTHAN, 8, NAGAUR, 101, JAYAL, 1325, DHARNA, 40446, 1162672, Drinking water, 0, 0, 0, 0, 0, 0, 750000, 750000
2015, RAJASTHAN, 8, NAGAUR, 101, JAYAL, 1325, DHARNA, 40446, 1162672, Roads, 0, 0, 0, 0, 0, 0, 1950000, 1950000
2015, RAJASTHAN, 8, NAGAUR, 101, JAYAL, 1325, DHARNA, 40446, 1162672, Sanitation, 0, 0, 0, 0, 0, 0, 60000, 60000
2015, RAJASTHAN, 8, NAGAUR, 101, JAYAL, 1325, DHARNA, 40446, 1162672, Total, 0, 0, 0, 0, 0, 0, 2874340, 2874340
2015, RAJASTHAN, 8, NAGAUR, 101, JAYAL, 1325, DHEHARI, 40447, 1169106, Administrative & Technical Support, 0, 0, 0, 0, 0, 0, 50000, 50000
2015, RAJASTHAN, 8, NAGAUR, 101, JAYAL, 1325, DHEHARI, 40447, 1169106, Maintenance of community system, 0, 0, 0, 0, 0, 0, 250000, 250000
2015, RAJASTHAN, 8, NAGAUR, 101, JAYAL, 1325, DHEHARI, 40447, 1169106, Roads, 0, 0, 0, 0, 0, 0, 4065000, 4065000
2015, RAJASTHAN, 8, NAGAUR, 101, JAYAL, 1325, DHEHARI, 40447, 1169106, Sanitation, 0, 0, 0, 0, 0, 0, 900000, 900000
2015, RAJASTHAN, 8, NAGAUR, 101, JAYAL, 1325, DHEHARI, 40447, 1169106, Total, 0, 0, 0, 0, 0, 0, 5265000, 5265000
2015, RAJASTHAN, 8, NAGAUR, 101, JAYAL, 1325, DOTINA, 40449, 1162664, Administrative & Technical Support, 0, 0, 0, 0, 0, 0, 100000, 100000
2015, RAJASTHAN, 8, NAGAUR, 101, JAYAL, 1325, DOTINA, 40449, 1162664, Drinking water, 0, 0, 0, 0, 0, 0, 600000, 600000
2015, RAJASTHAN, 8, NAGAUR, 101, JAYAL, 1325, DOTINA, 40449, 1162664, Roads, 0, 0, 0, 0, 0, 0, 1200000, 1200000
2015, RAJASTHAN, 8, NAGAUR, 101, JAYAL, 1325, DOTINA, 40449, 1162664, Total, 0, 0, 0, 0, 0, 0, 1900000, 1900000
2015, RAJASTHAN, 8, NAGAUR, 101, JAYAL, 1325, DUGASTAU, 40450, 1175110, Drinking water, 0, 0, 0, 0, 0, 0, 550000, 550000
2015, RAJASTHAN, 8, NAGAUR, 101, JAYAL, 1325, DUGASTAU, 40450, 1175110, Roads, 0, 0, 0, 0, 0, 0, 1500000, 1500000
2015, RAJASTHAN, 8, NAGAUR, 101, JAYAL, 1325, DUGASTAU, 40450, 1175110, Total, 0, 0, 0, 0, 0, 0, 2050000, 2050000
2015, RAJASTHAN, 8, NAGAUR, 101, JAYAL, 1325, DUGOLI, 40451, 1183615, Drinking water, 0, 0, 0, 0, 0, 0, 330000, 330000
2015, RAJASTHAN, 8, NAGAUR, 101, JAYAL, 1325, DUGOLI, 40451, 1183615, Roads, 0, 0, 0, 0, 0, 0, 2550000, 2550000
2015, RAJASTHAN, 8, NAGAUR, 101, JAYAL, 1325, DUGOLI, 40451, 1183615, Total, 0, 0, 0, 0, 0, 0, 2880000, 2880000
2015, RAJASTHAN, 8, NAGAUR, 101, JAYAL, 1325, GORAU, 40454, 1141973, Administrative & Technical Support, 0, 0, 0, 0, 0, 0, 40534, 40534
2015, RAJASTHAN, 8, NAGAUR, 101, JAYAL, 1325, GORAU, 40454, 1141973, Drinking water, 0, 0, 0, 0, 0, 0, 950000, 950000
2015, RAJASTHAN, 8, NAGAUR, 101, JAYAL, 1325, GORAU, 40454, 1141973, Education, 0, 0, 0, 0, 0, 0, 50000, 50000
2015, RAJASTHAN, 8, NAGAUR, 101, JAYAL, 1325, GORAU, 40454, 1141973, Roads, 0, 0, 0, 0, 0, 0, 1000000, 1000000
2015, RAJASTHAN, 8, NAGAUR, 101, JAYAL, 1325, GORAU, 40454, 1141973, Sanitation, 0, 0, 0, 0, 0, 0, 416316, 416316
2015, RAJASTHAN, 8, NAGAUR, 101, JAYAL, 1325, GORAU, 40454, 1141973, Total, 0, 0, 0, 0, 0, 0, 2456850, 2456850
2015, RAJASTHAN, 8, NAGAUR, 101, JAYAL, 1325, GUGRIYALI, 40455, 1182276, Administrative & Technical Support, 0, 0, 0, 0, 0, 0, 89000, 89000
2015, RAJASTHAN, 8, NAGAUR, 101, JAYAL, 1325, GUGRIYALI, 40455, 1182276, Drinking water, 0, 0, 0, 0, 0, 0, 1500000, 1500000
2015, RAJASTHAN, 8, NAGAUR, 101, JAYAL, 1325, GUGRIYALI, 40455, 1182276, Roads, 0, 0, 0, 0, 0, 0, 1250000, 1250000
2015, RAJASTHAN, 8, NAGAUR, 101, JAYAL, 1325, GUGRIYALI, 40455, 1182276, Total, 0, 0, 0, 0, 0, 0, 2839000, 2839000
2015, RAJASTHAN, 8, NAGAUR, 101, JAYAL, 1325, JALNIYASAR, 40456, 1140545, Administrative & Technical Support, 0, 0, 0, 0, 0, 0, 94857, 94857
2015, RAJASTHAN, 8, NAGAUR, 101, JAYAL, 1325, JALNIYASAR, 40456, 1140545, Drinking water, 0, 0, 0, 0, 0, 0, 1000000, 1000000
2015, RAJASTHAN, 8, NAGAUR, 101, JAYAL, 1325, JALNIYASAR, 40456, 1140545, Roads, 0, 0, 0, 0, 0, 0, 1430000, 1430000
2015, RAJASTHAN, 8, NAGAUR, 101, JAYAL, 1325, JALNIYASAR, 40456, 1140545, Sanitation, 0, 0, 0, 0, 0, 0, 50000, 50000
2015, RAJASTHAN, 8, NAGAUR, 101, JAYAL, 1325, JALNIYASAR, 40456, 1140545, Total, 0, 0, 0, 0, 0, 0, 2574857, 2574857
2015, RAJASTHAN, 8, NAGAUR, 101, JAYAL, 1325, JAYAL, 40457, 1185460, Health, 0, 0, 0, 0, 0, 0, 200000, 200000
2015, RAJASTHAN, 8, NAGAUR, 101, JAYAL, 1325, JAYAL, 40457, 1185460, Roads, 0, 0, 0, 0, 0, 0, 5320000, 5320000
2015, RAJASTHAN, 8, NAGAUR, 101, JAYAL, 1325, JAYAL, 40457, 1185460, Sanitation, 0, 0, 0, 0, 0, 0, 1250000, 1250000
2015, RAJASTHAN, 8, NAGAUR, 101, JAYAL, 1325, JAYAL, 40457, 1185460, Total, 0, 0, 0, 0, 0, 0, 6770000, 6770000
2015, RAJASTHAN, 8, NAGAUR, 101, JAYAL, 1325, JHARELI, 40458, 1185455, Drinking water, 0, 0, 0, 0, 0, 0, 2150000, 2150000
2015, RAJASTHAN, 8, NAGAUR, 101, JAYAL, 1325, JHARELI, 40458, 1185455, Roads, 0, 0, 0, 0, 0, 0, 4200000, 4200000
2015, RAJASTHAN, 8, NAGAUR, 101, JAYAL, 1325, JHARELI, 40458, 1185455, Total, 0, 0, 0, 0, 0, 0, 6350000, 6350000
2015, RAJASTHAN, 8, NAGAUR, 101, JAYAL, 1325, JOCHEENA, 40459, 1162684, Administrative & Technical Support, 0, 0, 0, 0, 0, 0, 155000, 155000
2015, RAJASTHAN, 8, NAGAUR, 101, JAYAL, 1325, JOCHEENA, 40459, 1162684, Drinking water, 0, 0, 0, 0, 0, 0, 1000000, 1000000
2015, RAJASTHAN, 8, NAGAUR, 101, JAYAL, 1325, JOCHEENA, 40459, 1162684, Roads, 0, 0, 0, 0, 0, 0, 1350000, 1350000
2015, RAJASTHAN, 8, NAGAUR, 101, JAYAL, 1325, JOCHEENA, 40459, 1162684, Sanitation, 0, 0, 0, 0, 0, 0, 100000, 100000
2015, RAJASTHAN, 8, NAGAUR, 101, JAYAL, 1325, JOCHEENA, 40459, 1162684, Total, 0, 0, 0, 0, 0, 0, 2605000, 2605000
2015, RAJASTHAN, 8, NAGAUR, 101, JAYAL, 1325, KAMEDIYA, 40460, 1178316, Drinking water, 0, 0, 0, 0, 0, 0, 200000, 200000
2015, RAJASTHAN, 8, NAGAUR, 101, JAYAL, 1325, KAMEDIYA, 40460, 1178316, Roads, 0, 0, 0, 0, 0, 0, 2300000, 2300000
2015, RAJASTHAN, 8, NAGAUR, 101, JAYAL, 1325, KAMEDIYA, 40460, 1178316, Total, 0, 0, 0, 0, 0, 0, 2500000, 2500000
2015, RAJASTHAN, 8, NAGAUR, 101, JAYAL, 1325, KATHOTI, 40461, 1169839, Administrative & Technical Support, 0, 0, 0, 0, 0, 0, 100000, 100000
2015, RAJASTHAN, 8, NAGAUR, 101, JAYAL, 1325, KATHOTI, 40461, 1169839, Drinking water, 0, 0, 0, 0, 0, 0, 760000, 760000
2015, RAJASTHAN, 8, NAGAUR, 101, JAYAL, 1325, KATHOTI, 40461, 1169839, Roads, 0, 0, 0, 0, 0, 0, 2700000, 2700000
2015, RAJASTHAN, 8, NAGAUR, 101, JAYAL, 1325, KATHOTI, 40461, 1169839, Total, 0, 0, 0, 0, 0, 0, 3560000, 3560000
2015, RAJASTHAN, 8, NAGAUR, 101, JAYAL, 1325, KHATU KALLAN, 40462, 1178325, Administrative & Technical Support, 0, 0, 0, 0, 0, 0, 600000, 600000
2015, RAJASTHAN, 8, NAGAUR, 101, JAYAL, 1325, KHATU KALLAN, 40462, 1178325, Drinking water, 0, 0, 0, 0, 0, 0, 4060000, 4060000
2015, RAJASTHAN, 8, NAGAUR, 101, JAYAL, 1325, KHATU KALLAN, 40462, 1178325, Roads, 0, 0, 0, 0, 0, 0, 4005000, 4005000
2015, RAJASTHAN, 8, NAGAUR, 101, JAYAL, 1325, KHATU KALLAN, 40462, 1178325, Sanitation, 0, 0, 0, 0, 0, 0, 800000, 800000
2015, RAJASTHAN, 8, NAGAUR, 101, JAYAL, 1325, KHATU KALLAN, 40462, 1178325, Total, 0, 0, 0, 0, 0, 0, 9465000, 9465000
2015, RAJASTHAN, 8, NAGAUR, 101, JAYAL, 1325, KHERAT, 40463, 1180752, Administrative & Technical Support, 0, 0, 0, 0, 0, 0, 100000, 100000
2015, RAJASTHAN, 8, NAGAUR, 101, JAYAL, 1325, KHERAT, 40463, 1180752, Drinking water, 0, 0, 0, 0, 0, 0, 1120000, 1120000
2015, RAJASTHAN, 8, NAGAUR, 101, JAYAL, 1325, KHERAT, 40463, 1180752, Maintenance of community system, 0, 0, 0, 0, 0, 0, 50000, 50000
2015, RAJASTHAN, 8, NAGAUR, 101, JAYAL, 1325, KHERAT, 40463, 1180752, Roads, 0, 0, 0, 0, 0, 0, 2050000, 2050000
2015, RAJASTHAN, 8, NAGAUR, 101, JAYAL, 1325, KHERAT, 40463, 1180752, Total, 0, 0, 0, 0, 0, 0, 3320000, 3320000
2015, RAJASTHAN, 8, NAGAUR, 101, JAYAL, 1325, KHINYALA, 40464, 1145331, Administrative & Technical Support, 0, 0, 0, 0, 0, 0, 100000, 100000
2015, RAJASTHAN, 8, NAGAUR, 101, JAYAL, 1325, KHINYALA, 40464, 1145331, Drinking water, 0, 0, 0, 0, 0, 0, 100000, 100000
2015, RAJASTHAN, 8, NAGAUR, 101, JAYAL, 1325, KHINYALA, 40464, 1145331, Roads, 0, 0, 0, 0, 0, 0, 2530000, 2530000
2015, RAJASTHAN, 8, NAGAUR, 101, JAYAL, 1325, KHINYALA, 40464, 1145331, Sanitation, 0, 0, 0, 0, 0, 0, 472000, 472000
2015, RAJASTHAN, 8, NAGAUR, 101, JAYAL, 1325, KHINYALA, 40464, 1145331, Total, 0, 0, 0, 0, 0, 0, 3202000, 3202000
2015, RAJASTHAN, 8, NAGAUR, 101, JAYAL, 1325, MANGLOD, 40466, 1182264, Administrative & Technical Support, 0, 0, 0, 0, 0, 0, 50000, 50000
2015, RAJASTHAN, 8, NAGAUR, 101, JAYAL, 1325, MANGLOD, 40466, 1182264, Drinking water, 0, 0, 0, 0, 0, 0, 200000, 200000
2015, RAJASTHAN, 8, NAGAUR, 101, JAYAL, 1325, MANGLOD, 40466, 1182264, Roads, 0, 0, 0, 0, 0, 0, 1900000, 1900000
2015, RAJASTHAN, 8, NAGAUR, 101, JAYAL, 1325, MANGLOD, 40466, 1182264, Sanitation, 0, 0, 0, 0, 0, 0, 135000, 135000
2015, RAJASTHAN, 8, NAGAUR, 101, JAYAL, 1325, MANGLOD, 40466, 1182264, Total, 0, 0, 0, 0, 0, 0, 2285000, 2285000
2015, RAJASTHAN, 8, NAGAUR, 101, JAYAL, 1325, PEENDIYA, 40467, 1163376, Administrative & Technical Support, 0, 0, 0, 0, 0, 0, 150000, 150000
2015, RAJASTHAN, 8, NAGAUR, 101, JAYAL, 1325, PEENDIYA, 40467, 1163376, Drinking water, 0, 0, 0, 0, 0, 0, 375000, 375000
2015, RAJASTHAN, 8, NAGAUR, 101, JAYAL, 1325, PEENDIYA, 40467, 1163376, Roads, 0, 0, 0, 0, 0, 0, 1880000, 1880000
2015, RAJASTHAN, 8, NAGAUR, 101, JAYAL, 1325, PEENDIYA, 40467, 1163376, Total, 0, 0, 0, 0, 0, 0, 2405000, 2405000
2015, RAJASTHAN, 8, NAGAUR, 101, JAYAL, 1325, PHARDOD, 40452, 1175091, Administrative & Technical Support, 0, 0, 0, 0, 0, 0, 100000, 100000
2015, RAJASTHAN, 8, NAGAUR, 101, JAYAL, 1325, PHARDOD, 40452, 1175091, Drinking water, 0, 0, 0, 0, 0, 0, 500000, 500000
2015, RAJASTHAN, 8, NAGAUR, 101, JAYAL, 1325, PHARDOD, 40452, 1175091, Roads, 0, 0, 0, 0, 0, 0, 2020000, 2020000
2015, RAJASTHAN, 8, NAGAUR, 101, JAYAL, 1325, PHARDOD, 40452, 1175091, Total, 0, 0, 0, 0, 0, 0, 2620000, 2620000
2015, RAJASTHAN, 8, NAGAUR, 101, JAYAL, 1325, RAJOD, 40468, 1185462, Administrative & Technical Support, 0, 0, 0, 0, 0, 0, 100000, 100000
2015, RAJASTHAN, 8, NAGAUR, 101, JAYAL, 1325, RAJOD, 40468, 1185462, Drinking water, 0, 0, 0, 0, 0, 0, 400000, 400000
2015, RAJASTHAN, 8, NAGAUR, 101, JAYAL, 1325, RAJOD, 40468, 1185462, Health, 0, 0, 0, 0, 0, 0, 750000, 750000
2015, RAJASTHAN, 8, NAGAUR, 101, JAYAL, 1325, RAJOD, 40468, 1185462, Roads, 0, 0, 0, 0, 0, 0, 800000, 800000
2015, RAJASTHAN, 8, NAGAUR, 101, JAYAL, 1325, RAJOD, 40468, 1185462, Sanitation, 0, 0, 0, 0, 0, 0, 1050000, 1050000
2015, RAJASTHAN, 8, NAGAUR, 101, JAYAL, 1325, RAJOD, 40468, 1185462, Total, 0, 0, 0, 0, 0, 0, 3100000, 3100000
2015, RAJASTHAN, 8, NAGAUR, 101, JAYAL, 1325, RATANGA, 40469, 1182647, Administrative & Technical Support, 0, 0, 0, 0, 0, 0, 100000, 100000
2015, RAJASTHAN, 8, NAGAUR, 101, JAYAL, 1325, RATANGA, 40469, 1182647, Education, 0, 0, 0, 0, 0, 0, 200000, 200000
2015, RAJASTHAN, 8, NAGAUR, 101, JAYAL, 1325, RATANGA, 40469, 1182647, Roads, 0, 0, 0, 0, 0, 0, 1450000, 1450000
2015, RAJASTHAN, 8, NAGAUR, 101, JAYAL, 1325, RATANGA, 40469, 1182647, Sanitation, 0, 0, 0, 0, 0, 0, 250000, 250000
2015, RAJASTHAN, 8, NAGAUR, 101, JAYAL, 1325, RATANGA, 40469, 1182647, Total, 0, 0, 0, 0, 0, 0, 2000000, 2000000
2015, RAJASTHAN, 8, NAGAUR, 101, JAYAL, 1325, ROHINA, 40470, 1169282, Administrative & Technical Support, 0, 0, 0, 0, 0, 0, 100000, 100000
2015, RAJASTHAN, 8, NAGAUR, 101, JAYAL, 1325, ROHINA, 40470, 1169282, Drinking water, 0, 0, 0, 0, 0, 0, 240000, 240000
2015, RAJASTHAN, 8, NAGAUR, 101, JAYAL, 1325, ROHINA, 40470, 1169282, Health, 0, 0, 0, 0, 0, 0, 300000, 300000
2015, RAJASTHAN, 8, NAGAUR, 101, JAYAL, 1325, ROHINA, 40470, 1169282, Roads, 0, 0, 0, 0, 0, 0, 1750000, 1750000
2015, RAJASTHAN, 8, NAGAUR, 101, JAYAL, 1325, ROHINA, 40470, 1169282, Total, 0, 0, 0, 0, 0, 0, 2390000, 2390000
2015, RAJASTHAN, 8, NAGAUR, 101, JAYAL, 1325, ROTOO, 40473, 1169208, Administrative & Technical Support, 0, 0, 0, 0, 0, 0, 150000, 150000
2015, RAJASTHAN, 8, NAGAUR, 101, JAYAL, 1325, ROTOO, 40473, 1169208, Drinking water, 0, 0, 0, 0, 0, 0, 300000, 300000
2015, RAJASTHAN, 8, NAGAUR, 101, JAYAL, 1325, ROTOO, 40473, 1169208, Roads, 0, 0, 0, 0, 0, 0, 1750000, 1750000
2015, RAJASTHAN, 8, NAGAUR, 101, JAYAL, 1325, ROTOO, 40473, 1169208, Sanitation, 0, 0, 0, 0, 0, 0, 250000, 250000
2015, RAJASTHAN, 8, NAGAUR, 101, JAYAL, 1325, ROTOO, 40473, 1169208, Total, 0, 0, 0, 0, 0, 0, 2450000, 2450000
2015, RAJASTHAN, 8, NAGAUR, 101, JAYAL, 1325, SANDEELA, 40474, 1172381, Administrative & Technical Support, 0, 0, 0, 0, 0, 0, 50000, 50000
2015, RAJASTHAN, 8, NAGAUR, 101, JAYAL, 1325, SANDEELA, 40474, 1172381, Drinking water, 0, 0, 0, 0, 0, 0, 1000000, 1000000
2015, RAJASTHAN, 8, NAGAUR, 101, JAYAL, 1325, SANDEELA, 40474, 1172381, Roads, 0, 0, 0, 0, 0, 0, 1500000, 1500000
2015, RAJASTHAN, 8, NAGAUR, 101, JAYAL, 1325, SANDEELA, 40474, 1172381, Total, 0, 0, 0, 0, 0, 0, 2550000, 2550000
2015, RAJASTHAN, 8, NAGAUR, 101, JAYAL, 1325, SOMNA, 40475, 1189168, Administrative & Technical Support, 0, 0, 0, 0, 0, 0, 100000, 100000
2015, RAJASTHAN, 8, NAGAUR, 101, JAYAL, 1325, SOMNA, 40475, 1189168, Drinking water, 0, 0, 0, 0, 0, 0, 800000, 800000
2015, RAJASTHAN, 8, NAGAUR, 101, JAYAL, 1325, SOMNA, 40475, 1189168, Roads, 0, 0, 0, 0, 0, 0, 1250000, 1250000
2015, RAJASTHAN, 8, NAGAUR, 101, JAYAL, 1325, SOMNA, 40475, 1189168, Total, 0, 0, 0, 0, 0, 0, 2150000, 2150000
2015, RAJASTHAN, 8, NAGAUR, 101, JAYAL, 1325, SONELI, 40476, 1163387, Administrative & Technical Support, 0, 0, 0, 0, 0, 0, 100000, 100000
2015, RAJASTHAN, 8, NAGAUR, 101, JAYAL, 1325, SONELI, 40476, 1163387, Drinking water, 0, 0, 0, 0, 0, 0, 325000, 325000
2015, RAJASTHAN, 8, NAGAUR, 101, JAYAL, 1325, SONELI, 40476, 1163387, Roads, 0, 0, 0, 0, 0, 0, 2350000, 2350000
2015, RAJASTHAN, 8, NAGAUR, 101, JAYAL, 1325, SONELI, 40476, 1163387, Total, 0, 0, 0, 0, 0, 0, 2775000, 2775000
2015, RAJASTHAN, 8, NAGAUR, 101, JAYAL, 1325, SURPALIYA, 40477, 1178252, Administrative & Technical Support, 0, 0, 0, 0, 0, 0, 300000, 300000
2015, RAJASTHAN, 8, NAGAUR, 101, JAYAL, 1325, SURPALIYA, 40477, 1178252, Drinking water, 0, 0, 0, 0, 0, 0, 2160000, 2160000
2015, RAJASTHAN, 8, NAGAUR, 101, JAYAL, 1325, SURPALIYA, 40477, 1178252, Education, 0, 0, 0, 0, 0, 0, 100000, 100000
2015, RAJASTHAN, 8, NAGAUR, 101, JAYAL, 1325, SURPALIYA, 40477, 1178252, Roads, 0, 0, 0, 0, 0, 0, 1600000, 1600000
2015, RAJASTHAN, 8, NAGAUR, 101, JAYAL, 1325, SURPALIYA, 40477, 1178252, Sanitation, 0, 0, 0, 0, 0, 0, 1250000, 1250000
2015, RAJASTHAN, 8, NAGAUR, 101, JAYAL, 1325, SURPALIYA, 40477, 1178252, Total, 0, 0, 0, 0, 0, 0, 5410000, 5410000
2015, RAJASTHAN, 8, NAGAUR, 101, JAYAL, 1325, TANGLA, 40478, 1183597, Administrative & Technical Support, 0, 0, 0, 0, 0, 0, 100000, 100000
2015, RAJASTHAN, 8, NAGAUR, 101, JAYAL, 1325, TANGLA, 40478, 1183597, Maintenance of community system, 0, 0, 0, 0, 0, 0, 100000, 100000
2015, RAJASTHAN, 8, NAGAUR, 101, JAYAL, 1325, TANGLA, 40478, 1183597, Roads, 0, 0, 0, 0, 0, 0, 2300000, 2300000
2015, RAJASTHAN, 8, NAGAUR, 101, JAYAL, 1325, TANGLA, 40478, 1183597, Sanitation, 0, 0, 0, 0, 0, 0, 500000, 500000
2015, RAJASTHAN, 8, NAGAUR, 101, JAYAL, 1325, TANGLA, 40478, 1183597, Total, 0, 0, 0, 0, 0, 0, 3000000, 3000000
2015, RAJASTHAN, 8, NAGAUR, 101, JAYAL, 1325, TANWRA, 40479, 1182267, Drinking water, 0, 0, 0, 0, 0, 0, 500000, 500000
2015, RAJASTHAN, 8, NAGAUR, 101, JAYAL, 1325, TANWRA, 40479, 1182267, Roads, 0, 0, 0, 0, 0, 0, 3000000, 3000000
2015, RAJASTHAN, 8, NAGAUR, 101, JAYAL, 1325, TANWRA, 40479, 1182267, Total, 0, 0, 0, 0, 0, 0, 3500000, 3500000
2015, RAJASTHAN, 8, NAGAUR, 101, JAYAL, 1325, TARNAU, 40480, 1135351, Administrative & Technical Support, 0, 0, 0, 0, 0, 0, 193939, 193939
2015, RAJASTHAN, 8, NAGAUR, 101, JAYAL, 1325, TARNAU, 40480, 1135351, Drinking water, 0, 0, 0, 0, 0, 0, 100000, 100000
2015, RAJASTHAN, 8, NAGAUR, 101, JAYAL, 1325, TARNAU, 40480, 1135351, Roads, 0, 0, 0, 0, 0, 0, 2300000, 2300000
2015, RAJASTHAN, 8, NAGAUR, 101, JAYAL, 1325, TARNAU, 40480, 1135351, Sanitation, 0, 0, 0, 0, 0, 0, 154955, 154955
2015, RAJASTHAN, 8, NAGAUR, 101, JAYAL, 1325, TARNAU, 40480, 1135351, Total, 0, 0, 0, 0, 0, 0, 2748894, 2748894
2015, RAJASTHAN, 8, NAGAUR, 101, KHINVSAR, 262085, AAKLA, 40639, 1179264, Administrative & Technical Support, 0, 0, 0, 0, 0, 0, 250000, 250000
2015, RAJASTHAN, 8, NAGAUR, 101, KHINVSAR, 262085, AAKLA, 40639, 1179264, Drinking water, 0, 0, 0, 0, 0, 0, 1402185, 1402185
2015, RAJASTHAN, 8, NAGAUR, 101, KHINVSAR, 262085, AAKLA, 40639, 1179264, Health, 0, 0, 0, 0, 0, 0, 250000, 250000
2015, RAJASTHAN, 8, NAGAUR, 101, KHINVSAR, 262085, AAKLA, 40639, 1179264, Maintenance of community system, 0, 0, 0, 0, 0, 0, 150000, 150000
2015, RAJASTHAN, 8, NAGAUR, 101, KHINVSAR, 262085, AAKLA, 40639, 1179264, Roads, 0, 0, 0, 0, 0, 0, 750000, 750000
2015, RAJASTHAN, 8, NAGAUR, 101, KHINVSAR, 262085, AAKLA, 40639, 1179264, Total, 0, 0, 0, 0, 0, 0, 2802185, 2802185
2015, RAJASTHAN, 8, NAGAUR, 101, KHINVSAR, 262085, AAKLA, 40639, 1208874, Drinking water, 0, 0, 0, 0, 0, 0, 438079, 438079
2015, RAJASTHAN, 8, NAGAUR, 101, KHINVSAR, 262085, AAKLA, 40639, 1208874, Total, 0, 0, 0, 0, 0, 0, 438079, 438079
2015, RAJASTHAN, 8, NAGAUR, 101, KHINVSAR, 262085, ACHEENA, 40638, 1213880, Drinking water, 0, 0, 0, 0, 0, 0, 1142306, 1142306
2015, RAJASTHAN, 8, NAGAUR, 101, KHINVSAR, 262085, ACHEENA, 40638, 1213880, Land improvement, 0, 0, 0, 0, 0, 0, 300000, 300000
2015, RAJASTHAN, 8, NAGAUR, 101, KHINVSAR, 262085, ACHEENA, 40638, 1213880, Maintenance of community system, 0, 0, 0, 0, 0, 0, 963967, 963967
2015, RAJASTHAN, 8, NAGAUR, 101, KHINVSAR, 262085, ACHEENA, 40638, 1213880, Total, 0, 0, 0, 0, 0, 0, 2406273, 2406273
2015, RAJASTHAN, 8, NAGAUR, 101, KHINVSAR, 262085, BERATHAL KALAN, 40642, 1179716, Drinking water, 0, 0, 0, 0, 0, 0, 1424419, 1424419
2015, RAJASTHAN, 8, NAGAUR, 101, KHINVSAR, 262085, BERATHAL KALAN, 40642, 1179716, Maintenance of community system, 0, 0, 0, 0, 0, 0, 1000000, 1000000
2015, RAJASTHAN, 8, NAGAUR, 101, KHINVSAR, 262085, BERATHAL KALAN, 40642, 1179716, Sanitation, 0, 0, 0, 0, 0, 0, 250000, 250000
2015, RAJASTHAN, 8, NAGAUR, 101, KHINVSAR, 262085, BERATHAL KALAN, 40642, 1179716, Social welfare, 0, 0, 0, 0, 0, 0, 41749, 41749
2015, RAJASTHAN, 8, NAGAUR, 101, KHINVSAR, 262085, BERATHAL KALAN, 40642, 1179716, Total, 0, 0, 0, 0, 0, 0, 2716168, 2716168
2015, RAJASTHAN, 8, NAGAUR, 101, KHINVSAR, 262085, BERAWAS, 40675, 1179839, Education, 0, 0, 0, 0, 0, 0, 247657, 247657
2015, RAJASTHAN, 8, NAGAUR, 101, KHINVSAR, 262085, BERAWAS, 40675, 1179839, Health, 0, 0, 0, 0, 0, 0, 300000, 300000
2015, RAJASTHAN, 8, NAGAUR, 101, KHINVSAR, 262085, BERAWAS, 40675, 1179839, Roads, 0, 0, 0, 0, 0, 0, 1056977, 1056977
2015, RAJASTHAN, 8, NAGAUR, 101, KHINVSAR, 262085, BERAWAS, 40675, 1179839, Social welfare, 0, 0, 0, 0, 0, 0, 43375, 43375
2015, RAJASTHAN, 8, NAGAUR, 101, KHINVSAR, 262085, BERAWAS, 40675, 1179839, Total, 0, 0, 0, 0, 0, 0, 1648009, 1648009
2015, RAJASTHAN, 8, NAGAUR, 101, KHINVSAR, 262085, BHAWANDA, 40643, 1207559, Drinking water, 0, 0, 0, 0, 0, 0, 430000, 430000
2015, RAJASTHAN, 8, NAGAUR, 101, KHINVSAR, 262085, BHAWANDA, 40643, 1207559, Roads, 0, 0, 0, 0, 0, 0, 803567, 803567
2015, RAJASTHAN, 8, NAGAUR, 101, KHINVSAR, 262085, BHAWANDA, 40643, 1207559, Social welfare, 0, 0, 0, 0, 0, 0, 985778, 985778
2015, RAJASTHAN, 8, NAGAUR, 101, KHINVSAR, 262085, BHAWANDA, 40643, 1207559, Total, 0, 0, 0, 0, 0, 0, 2219345, 2219345
2015, RAJASTHAN, 8, NAGAUR, 101, KHINVSAR, 262085, BHER, 40685, 1199690, Drinking water, 0, 0, 0, 0, 0, 0, 2555620, 2555620
2015, RAJASTHAN, 8, NAGAUR, 101, KHINVSAR, 262085, BHER, 40685, 1199690, Roads, 0, 0, 0, 0, 0, 0, 422348, 422348
2015, RAJASTHAN, 8, NAGAUR, 101, KHINVSAR, 262085, BHER, 40685, 1199690, Total, 0, 0, 0, 0, 0, 0, 2977968, 2977968
2015, RAJASTHAN, 8, NAGAUR, 101, KHINVSAR, 262085, BHOJAS, 40686, 1192828, Drinking water, 0, 0, 0, 0, 0, 0, 1064243, 1064243
2015, RAJASTHAN, 8, NAGAUR, 101, KHINVSAR, 262085, BHOJAS, 40686, 1192828, Education, 0, 0, 0, 0, 0, 0, 1000000, 1000000
2015, RAJASTHAN, 8, NAGAUR, 101, KHINVSAR, 262085, BHOJAS, 40686, 1192828, Maintenance of community system, 0, 0, 0, 0, 0, 0, 250000, 250000
2015, RAJASTHAN, 8, NAGAUR, 101, KHINVSAR, 262085, BHOJAS, 40686, 1192828, Roads, 0, 0, 0, 0, 0, 0, 750000, 750000
2015, RAJASTHAN, 8, NAGAUR, 101, KHINVSAR, 262085, BHOJAS, 40686, 1192828, Total, 0, 0, 0, 0, 0, 0, 3064243, 3064243
2015, RAJASTHAN, 8, NAGAUR, 101, KHINVSAR, 262085, BHOMASAR, 40687, 1213124, Drinking water, 0, 0, 0, 0, 0, 0, 2528839, 2528839
2015, RAJASTHAN, 8, NAGAUR, 101, KHINVSAR, 262085, BHOMASAR, 40687, 1213124, Maintenance of community system, 0, 0, 0, 0, 0, 0, 37850, 37850
2015, RAJASTHAN, 8, NAGAUR, 101, KHINVSAR, 262085, BHOMASAR, 40687, 1213124, Sanitation, 0, 0, 0, 0, 0, 0, 493587, 493587
2015, RAJASTHAN, 8, NAGAUR, 101, KHINVSAR, 262085, BHOMASAR, 40687, 1213124, Total, 0, 0, 0, 0, 0, 0, 3060276, 3060276
2015, RAJASTHAN, 8, NAGAUR, 101, KHINVSAR, 262085, BHUNDEL, 40688, 1208043, Drinking water, 0, 0, 0, 0, 0, 0, 1725693, 1725693
2015, RAJASTHAN, 8, NAGAUR, 101, KHINVSAR, 262085, BHUNDEL, 40688, 1208043, Roads, 0, 0, 0, 0, 0, 0, 2225000, 2225000
2015, RAJASTHAN, 8, NAGAUR, 101, KHINVSAR, 262085, BHUNDEL, 40688, 1208043, Sanitation, 0, 0, 0, 0, 0, 0, 316440, 316440
2015, RAJASTHAN, 8, NAGAUR, 101, KHINVSAR, 262085, BHUNDEL, 40688, 1208043, Total, 0, 0, 0, 0, 0, 0, 4267133, 4267133
2015, RAJASTHAN, 8, NAGAUR, 101, KHINVSAR, 262085, BIRLOKA, 40644, 1181674, Administrative & Technical Support, 0, 0, 0, 0, 0, 0, 210210, 210210
2015, RAJASTHAN, 8, NAGAUR, 101, KHINVSAR, 262085, BIRLOKA, 40644, 1181674, Drinking water, 0, 0, 0, 0, 0, 0, 857445, 857445
2015, RAJASTHAN, 8, NAGAUR, 101, KHINVSAR, 262085, BIRLOKA, 40644, 1181674, Education, 0, 0, 0, 0, 0, 0, 291810, 291810
2015, RAJASTHAN, 8, NAGAUR, 101, KHINVSAR, 262085, BIRLOKA, 40644, 1181674, Roads, 0, 0, 0, 0, 0, 0, 1500000, 1500000
2015, RAJASTHAN, 8, NAGAUR, 101, KHINVSAR, 262085, BIRLOKA, 40644, 1181674, Total, 0, 0, 0, 0, 0, 0, 2859465, 2859465
2015, RAJASTHAN, 8, NAGAUR, 101, KHINVSAR, 262085, CHAWANDIYA, 40690, 1203312, Drinking water, 0, 0, 0, 0, 0, 0, 2558990, 2558990
2015, RAJASTHAN, 8, NAGAUR, 101, KHINVSAR, 262085, CHAWANDIYA, 40690, 1203312, Total, 0, 0, 0, 0, 0, 0, 2558990, 2558990
2015, RAJASTHAN, 8, NAGAUR, 101, KHINVSAR, 262085, DATINA, 40694, 1213185, Administrative & Technical Support, 0, 0, 0, 0, 0, 0, 192136, 192136
2015, RAJASTHAN, 8, NAGAUR, 101, KHINVSAR, 262085, DATINA, 40694, 1213185, Drinking water, 0, 0, 0, 0, 0, 0, 2338887, 2338887
2015, RAJASTHAN, 8, NAGAUR, 101, KHINVSAR, 262085, DATINA, 40694, 1213185, Roads, 0, 0, 0, 0, 0, 0, 500000, 500000
2015, RAJASTHAN, 8, NAGAUR, 101, KHINVSAR, 262085, DATINA, 40694, 1213185, Total, 0, 0, 0, 0, 0, 0, 3031023, 3031023
2015, RAJASTHAN, 8, NAGAUR, 101, KHINVSAR, 262085, DEHROO, 40645, 1180198, Drinking water, 0, 0, 0, 0, 0, 0, 643492, 643492
2015, RAJASTHAN, 8, NAGAUR, 101, KHINVSAR, 262085, DEHROO, 40645, 1180198, Maintenance of community system, 0, 0, 0, 0, 0, 0, 228476, 228476
2015, RAJASTHAN, 8, NAGAUR, 101, KHINVSAR, 262085, DEHROO, 40645, 1180198, Roads, 0, 0, 0, 0, 0, 0, 2787910, 2787910
2015, RAJASTHAN, 8, NAGAUR, 101, KHINVSAR, 262085, DEHROO, 40645, 1180198, Rural electrification, 0, 0, 0, 0, 0, 0, 71260, 71260
2015, RAJASTHAN, 8, NAGAUR, 101, KHINVSAR, 262085, DEHROO, 40645, 1180198, Total, 0, 0, 0, 0, 0, 0, 3731138, 3731138
2015, RAJASTHAN, 8, NAGAUR, 101, KHINVSAR, 262085, DEU, 40695, 1187166, Drinking water, 0, 0, 0, 0, 0, 0, 2249073, 2249073
2015, RAJASTHAN, 8, NAGAUR, 101, KHINVSAR, 262085, DEU, 40695, 1187166, Rural electrification, 0, 0, 0, 0, 0, 0, 354283, 354283
2015, RAJASTHAN, 8, NAGAUR, 101, KHINVSAR, 262085, DEU, 40695, 1187166, Social welfare, 0, 0, 0, 0, 0, 0, 150000, 150000
2015, RAJASTHAN, 8, NAGAUR, 101, KHINVSAR, 262085, DEU, 40695, 1187166, Total, 0, 0, 0, 0, 0, 0, 2753356, 2753356
2015, RAJASTHAN, 8, NAGAUR, 101, KHINVSAR, 262085, DHEENGSARA, 40696, 1207145, Drinking water, 0, 0, 0, 0, 0, 0, 1387148, 1387148
2015, RAJASTHAN, 8, NAGAUR, 101, KHINVSAR, 262085, DHEENGSARA, 40696, 1207145, Social welfare, 0, 0, 0, 0, 0, 0, 1063256, 1063256
2015, RAJASTHAN, 8, NAGAUR, 101, KHINVSAR, 262085, DHEENGSARA, 40696, 1207145, Total, 0, 0, 0, 0, 0, 0, 2450404, 2450404
2015, RAJASTHAN, 8, NAGAUR, 101, KHINVSAR, 262085, GUDHA BHANGWAN DAS, 40701, 1198258, Drinking water, 0, 0, 0, 0, 0, 0, 887690, 887690
2015, RAJASTHAN, 8, NAGAUR, 101, KHINVSAR, 262085, GUDHA BHANGWAN DAS, 40701, 1198258, Maintenance of community system, 0, 0, 0, 0, 0, 0, 804615, 804615
2015, RAJASTHAN, 8, NAGAUR, 101, KHINVSAR, 262085, GUDHA BHANGWAN DAS, 40701, 1198258, Roads, 0, 0, 0, 0, 0, 0, 1076918, 1076918
2015, RAJASTHAN, 8, NAGAUR, 101, KHINVSAR, 262085, GUDHA BHANGWAN DAS, 40701, 1198258, Total, 0, 0, 0, 0, 0, 0, 2769223, 2769223
2015, RAJASTHAN, 8, NAGAUR, 101, KHINVSAR, 262085, KANTIYA, 40655, 1183162, Administrative & Technical Support, 0, 0, 0, 0, 0, 0, 278032, 278032
2015, RAJASTHAN, 8, NAGAUR, 101, KHINVSAR, 262085, KANTIYA, 40655, 1183162, Drinking water, 0, 0, 0, 0, 0, 0, 1155016, 1155016
2015, RAJASTHAN, 8, NAGAUR, 101, KHINVSAR, 262085, KANTIYA, 40655, 1183162, Roads, 0, 0, 0, 0, 0, 0, 1000000, 1000000
2015, RAJASTHAN, 8, NAGAUR, 101, KHINVSAR, 262085, KANTIYA, 40655, 1183162, Total, 0, 0, 0, 0, 0, 0, 2433048, 2433048
2015, RAJASTHAN, 8, NAGAUR, 101, KHINVSAR, 262085, KARNU, 40705, 1209040, Drinking water, 0, 0, 0, 0, 0, 0, 2463295, 2463295
2015, RAJASTHAN, 8, NAGAUR, 101, KHINVSAR, 262085, KARNU, 40705, 1209040, Total, 0, 0, 0, 0, 0, 0, 2463295, 2463295
2015, RAJASTHAN, 8, NAGAUR, 101, KHINVSAR, 262085, KHADKHALI, 40706, 1196730, Drinking water, 0, 0, 0, 0, 0, 0, 1025828, 1025828
2015, RAJASTHAN, 8, NAGAUR, 101, KHINVSAR, 262085, KHADKHALI, 40706, 1196730, Education, 0, 0, 0, 0, 0, 0, 250000, 250000
2015, RAJASTHAN, 8, NAGAUR, 101, KHINVSAR, 262085, KHADKHALI, 40706, 1196730, Maintenance of community system, 0, 0, 0, 0, 0, 0, 400000, 400000
2015, RAJASTHAN, 8, NAGAUR, 101, KHINVSAR, 262085, KHADKHALI, 40706, 1196730, Roads, 0, 0, 0, 0, 0, 0, 1000000, 1000000
2015, RAJASTHAN, 8, NAGAUR, 101, KHINVSAR, 262085, KHADKHALI, 40706, 1196730, Sanitation, 0, 0, 0, 0, 0, 0, 200000, 200000
2015, RAJASTHAN, 8, NAGAUR, 101, KHINVSAR, 262085, KHADKHALI, 40706, 1196730, Total, 0, 0, 0, 0, 0, 0, 2875828, 2875828
2015, RAJASTHAN, 8, NAGAUR, 101, KHINVSAR, 262085, KHATORA, 40659, 1194153, Drinking water, 0, 0, 0, 0, 0, 0, 2815349, 2815349
2015, RAJASTHAN, 8, NAGAUR, 101, KHINVSAR, 262085, KHATORA, 40659, 1194153, Education, 0, 0, 0, 0, 0, 0, 166091, 166091
2015, RAJASTHAN, 8, NAGAUR, 101, KHINVSAR, 262085, KHATORA, 40659, 1194153, Total, 0, 0, 0, 0, 0, 0, 2981440, 2981440
2015, RAJASTHAN, 8, NAGAUR, 101, KHINVSAR, 262085, KHEENWSAR, 40660, 1182982, Administrative & Technical Support, 0, 0, 0, 0, 0, 0, 25843, 25843
2015, RAJASTHAN, 8, NAGAUR, 101, KHINVSAR, 262085, KHEENWSAR, 40660, 1182982, Drinking water, 0, 0, 0, 0, 0, 0, 1564333, 1564333
2015, RAJASTHAN, 8, NAGAUR, 101, KHINVSAR, 262085, KHEENWSAR, 40660, 1182982, Land improvement, 0, 0, 0, 0, 0, 0, 796321, 796321
2015, RAJASTHAN, 8, NAGAUR, 101, KHINVSAR, 262085, KHEENWSAR, 40660, 1182982, Maintenance of community system, 0, 0, 0, 0, 0, 0, 100000, 100000
2015, RAJASTHAN, 8, NAGAUR, 101, KHINVSAR, 262085, KHEENWSAR, 40660, 1182982, Roads, 0, 0, 0, 0, 0, 0, 2719225, 2719225
2015, RAJASTHAN, 8, NAGAUR, 101, KHINVSAR, 262085, KHEENWSAR, 40660, 1182982, Sanitation, 0, 0, 0, 0, 0, 0, 100000, 100000
2015, RAJASTHAN, 8, NAGAUR, 101, KHINVSAR, 262085, KHEENWSAR, 40660, 1182982, Social welfare, 0, 0, 0, 0, 0, 0, 200000, 200000
2015, RAJASTHAN, 8, NAGAUR, 101, KHINVSAR, 262085, KHEENWSAR, 40660, 1182982, Total, 0, 0, 0, 0, 0, 0, 5505722, 5505722
2015, RAJASTHAN, 8, NAGAUR, 101, KHINVSAR, 262085, KURCHI, 40661, 1194283, Drinking water, 0, 0, 0, 0, 0, 0, 2878896, 2878896
2015, RAJASTHAN, 8, NAGAUR, 101, KHINVSAR, 262085, KURCHI, 40661, 1194283, Maintenance of community system, 0, 0, 0, 0, 0, 0, 1000000, 1000000
2015, RAJASTHAN, 8, NAGAUR, 101, KHINVSAR, 262085, KURCHI, 40661, 1194283, Total, 0, 0, 0, 0, 0, 0, 3878896, 3878896
2015, RAJASTHAN, 8, NAGAUR, 101, KHINVSAR, 262085, LALAWAS, 40646, 1190437, Drinking water, 0, 0, 0, 0, 0, 0, 536106, 536106
2015, RAJASTHAN, 8, NAGAUR, 101, KHINVSAR, 262085, LALAWAS, 40646, 1190437, Roads, 0, 0, 0, 0, 0, 0, 1139579, 1139579
2015, RAJASTHAN, 8, NAGAUR, 101, KHINVSAR, 262085, LALAWAS, 40646, 1190437, Sanitation, 0, 0, 0, 0, 0, 0, 199730, 199730
2015, RAJASTHAN, 8, NAGAUR, 101, KHINVSAR, 262085, LALAWAS, 40646, 1190437, Social welfare, 0, 0, 0, 0, 0, 0, 110889, 110889
2015, RAJASTHAN, 8, NAGAUR, 101, KHINVSAR, 262085, LALAWAS, 40646, 1190437, Total, 0, 0, 0, 0, 0, 0, 1986304, 1986304
2015, RAJASTHAN, 8, NAGAUR, 101, KHINVSAR, 262085, MADPURA, 40662, 1209030, Administrative & Technical Support, 0, 0, 0, 0, 0, 0, 530030, 530030
2015, RAJASTHAN, 8, NAGAUR, 101, KHINVSAR, 262085, MADPURA, 40662, 1209030, Drinking water, 0, 0, 0, 0, 0, 0, 1695294, 1695294
2015, RAJASTHAN, 8, NAGAUR, 101, KHINVSAR, 262085, MADPURA, 40662, 1209030, Maintenance of community system, 0, 0, 0, 0, 0, 0, 99019, 99019
2015, RAJASTHAN, 8, NAGAUR, 101, KHINVSAR, 262085, MADPURA, 40662, 1209030, Roads, 0, 0, 0, 0, 0, 0, 1891325, 1891325
2015, RAJASTHAN, 8, NAGAUR, 101, KHINVSAR, 262085, MADPURA, 40662, 1209030, Sanitation, 0, 0, 0, 0, 0, 0, 192776, 192776
2015, RAJASTHAN, 8, NAGAUR, 101, KHINVSAR, 262085, MADPURA, 40662, 1209030, Total, 0, 0, 0, 0, 0, 0, 4408444, 4408444
2015, RAJASTHAN, 8, NAGAUR, 101, KHINVSAR, 262085, NAGARI, 40665, 1181295, Administrative & Technical Support, 0, 0, 0, 0, 0, 0, 1293877, 1293877
2015, RAJASTHAN, 8, NAGAUR, 101, KHINVSAR, 262085, NAGARI, 40665, 1181295, Drinking water, 0, 0, 0, 0, 0, 0, 1348000, 1348000
2015, RAJASTHAN, 8, NAGAUR, 101, KHINVSAR, 262085, NAGARI, 40665, 1181295, Roads, 0, 0, 0, 0, 0, 0, 560218, 560218
2015, RAJASTHAN, 8, NAGAUR, 101, KHINVSAR, 262085, NAGARI, 40665, 1181295, Social welfare, 0, 0, 0, 0, 0, 0, 38169, 38169
2015, RAJASTHAN, 8, NAGAUR, 101, KHINVSAR, 262085, NAGARI, 40665, 1181295, Total, 0, 0, 0, 0, 0, 0, 3240264, 3240264
2015, RAJASTHAN, 8, NAGAUR, 101, KHINVSAR, 262085, NARWA KALAN, 40666, 1203258, Drinking water, 0, 0, 0, 0, 0, 0, 596062, 596062
2015, RAJASTHAN, 8, NAGAUR, 101, KHINVSAR, 262085, NARWA KALAN, 40666, 1203258, Land improvement, 0, 0, 0, 0, 0, 0, 1577997, 1577997
2015, RAJASTHAN, 8, NAGAUR, 101, KHINVSAR, 262085, NARWA KALAN, 40666, 1203258, Maintenance of community system, 0, 0, 0, 0, 0, 0, 500000, 500000
2015, RAJASTHAN, 8, NAGAUR, 101, KHINVSAR, 262085, NARWA KALAN, 40666, 1203258, Rural electrification, 0, 0, 0, 0, 0, 0, 500000, 500000
2015, RAJASTHAN, 8, NAGAUR, 101, KHINVSAR, 262085, NARWA KALAN, 40666, 1203258, Sanitation, 0, 0, 0, 0, 0, 0, 150000, 150000
2015, RAJASTHAN, 8, NAGAUR, 101, KHINVSAR, 262085, NARWA KALAN, 40666, 1203258, Total, 0, 0, 0, 0, 0, 0, 3324059, 3324059
2015, RAJASTHAN, 8, NAGAUR, 101, KHINVSAR, 262085, PABUSAR, 40710, 1207121, Drinking water, 0, 0, 0, 0, 0, 0, 2371752, 2371752
2015, RAJASTHAN, 8, NAGAUR, 101, KHINVSAR, 262085, PABUSAR, 40710, 1207121, Maintenance of community system, 0, 0, 0, 0, 0, 0, 521724, 521724
2015, RAJASTHAN, 8, NAGAUR, 101, KHINVSAR, 262085, PABUSAR, 40710, 1207121, Social welfare, 0, 0, 0, 0, 0, 0, 500000, 500000
2015, RAJASTHAN, 8, NAGAUR, 101, KHINVSAR, 262085, PABUSAR, 40710, 1207121, Total, 0, 0, 0, 0, 0, 0, 3393476, 3393476
2015, RAJASTHAN, 8, NAGAUR, 101, KHINVSAR, 262085, PANCHLA SIDHA, 40668, 1180408, Drinking water, 0, 0, 0, 0, 0, 0, 820000, 820000
2015, RAJASTHAN, 8, NAGAUR, 101, KHINVSAR, 262085, PANCHLA SIDHA, 40668, 1180408, Education, 0, 0, 0, 0, 0, 0, 500000, 500000
2015, RAJASTHAN, 8, NAGAUR, 101, KHINVSAR, 262085, PANCHLA SIDHA, 40668, 1180408, Roads, 0, 0, 0, 0, 0, 0, 500000, 500000
2015, RAJASTHAN, 8, NAGAUR, 101, KHINVSAR, 262085, PANCHLA SIDHA, 40668, 1180408, Rural electrification, 0, 0, 0, 0, 0, 0, 500000, 500000
2015, RAJASTHAN, 8, NAGAUR, 101, KHINVSAR, 262085, PANCHLA SIDHA, 40668, 1180408, Sanitation, 0, 0, 0, 0, 0, 0, 192743, 192743
2015, RAJASTHAN, 8, NAGAUR, 101, KHINVSAR, 262085, PANCHLA SIDHA, 40668, 1180408, Social welfare, 0, 0, 0, 0, 0, 0, 1033448, 1033448
2015, RAJASTHAN, 8, NAGAUR, 101, KHINVSAR, 262085, PANCHLA SIDHA, 40668, 1180408, Total, 0, 0, 0, 0, 0, 0, 3546191, 3546191
2015, RAJASTHAN, 8, NAGAUR, 101, KHINVSAR, 262085, PANCHORI, 40669, 1183292, Administrative & Technical Support, 0, 0, 0, 0, 0, 0, 219102, 219102
2015, RAJASTHAN, 8, NAGAUR, 101, KHINVSAR, 262085, PANCHORI, 40669, 1183292, Drinking water, 0, 0, 0, 0, 0, 0, 2870000, 2870000
2015, RAJASTHAN, 8, NAGAUR, 101, KHINVSAR, 262085, PANCHORI, 40669, 1183292, Education, 0, 0, 0, 0, 0, 0, 450000, 450000
2015, RAJASTHAN, 8, NAGAUR, 101, KHINVSAR, 262085, PANCHORI, 40669, 1183292, Maintenance of community system, 0, 0, 0, 0, 0, 0, 540000, 540000
2015, RAJASTHAN, 8, NAGAUR, 101, KHINVSAR, 262085, PANCHORI, 40669, 1183292, Roads, 0, 0, 0, 0, 0, 0, 200000, 200000
2015, RAJASTHAN, 8, NAGAUR, 101, KHINVSAR, 262085, PANCHORI, 40669, 1183292, Social welfare, 0, 0, 0, 0, 0, 0, 78768, 78768
2015, RAJASTHAN, 8, NAGAUR, 101, KHINVSAR, 262085, PANCHORI, 40669, 1183292, Total, 0, 0, 0, 0, 0, 0, 4357870, 4357870
2015, RAJASTHAN, 8, NAGAUR, 101, KHINVSAR, 262085, PAPASANI, 262697, 1176679, Administrative & Technical Support, 0, 0, 0, 0, 0, 0, 500000, 500000
2015, RAJASTHAN, 8, NAGAUR, 101, KHINVSAR, 262085, PAPASANI, 262697, 1176679, Drinking water, 0, 0, 0, 0, 0, 0, 1238783, 1238783
2015, RAJASTHAN, 8, NAGAUR, 101, KHINVSAR, 262085, PAPASANI, 262697, 1176679, Land improvement, 0, 0, 0, 0, 0, 0, 500000, 500000
2015, RAJASTHAN, 8, NAGAUR, 101, KHINVSAR, 262085, PAPASANI, 262697, 1176679, Maintenance of community system, 0, 0, 0, 0, 0, 0, 202200, 202200
2015, RAJASTHAN, 8, NAGAUR, 101, KHINVSAR, 262085, PAPASANI, 262697, 1176679, Total, 0, 0, 0, 0, 0, 0, 2440983, 2440983
2015, RAJASTHAN, 8, NAGAUR, 101, KHINVSAR, 262085, PEEPALIYA, 40670, 1189939, Drinking water, 0, 0, 0, 0, 0, 0, 2133185, 2133185
2015, RAJASTHAN, 8, NAGAUR, 101, KHINVSAR, 262085, PEEPALIYA, 40670, 1189939, Roads, 0, 0, 0, 0, 0, 0, 600000, 600000
2015, RAJASTHAN, 8, NAGAUR, 101, KHINVSAR, 262085, PEEPALIYA, 40670, 1189939, Rural electrification, 0, 0, 0, 0, 0, 0, 100000, 100000
2015, RAJASTHAN, 8, NAGAUR, 101, KHINVSAR, 262085, PEEPALIYA, 40670, 1189939, Total, 0, 0, 0, 0, 0, 0, 2833185, 2833185
2015, RAJASTHAN, 8, NAGAUR, 101, KHINVSAR, 262085, TANKLA, 40720, 1208299, Drinking water, 0, 0, 0, 0, 0, 0, 874562, 874562
2015, RAJASTHAN, 8, NAGAUR, 101, KHINVSAR, 262085, TANKLA, 40720, 1208299, Education, 0, 0, 0, 0, 0, 0, 193557, 193557
2015, RAJASTHAN, 8, NAGAUR, 101, KHINVSAR, 262085, TANKLA, 40720, 1208299, Maintenance of community system, 0, 0, 0, 0, 0, 0, 189300, 189300
2015, RAJASTHAN, 8, NAGAUR, 101, KHINVSAR, 262085, TANKLA, 40720, 1208299, Roads, 0, 0, 0, 0, 0, 0, 826341, 826341
2015, RAJASTHAN, 8, NAGAUR, 101, KHINVSAR, 262085, TANKLA, 40720, 1208299, Sanitation, 0, 0, 0, 0, 0, 0, 800000, 800000
2015, RAJASTHAN, 8, NAGAUR, 101, KHINVSAR, 262085, TANKLA, 40720, 1208299, Total, 0, 0, 0, 0, 0, 0, 2883760, 2883760
2015, RAJASTHAN, 8, NAGAUR, 101, KHINVSAR, 262085, TANTWAS, 40721, 1201695, Drinking water, 0, 0, 0, 0, 0, 0, 1491597, 1491597
2015, RAJASTHAN, 8, NAGAUR, 101, KHINVSAR, 262085, TANTWAS, 40721, 1201695, Maintenance of community system, 0, 0, 0, 0, 0, 0, 500000, 500000
2015, RAJASTHAN, 8, NAGAUR, 101, KHINVSAR, 262085, TANTWAS, 40721, 1201695, Roads, 0, 0, 0, 0, 0, 0, 890000, 890000
2015, RAJASTHAN, 8, NAGAUR, 101, KHINVSAR, 262085, TANTWAS, 40721, 1201695, Sanitation, 0, 0, 0, 0, 0, 0, 200000, 200000
2015, RAJASTHAN, 8, NAGAUR, 101, KHINVSAR, 262085, TANTWAS, 40721, 1201695, Total, 0, 0, 0, 0, 0, 0, 3081597, 3081597
2015, RAJASTHAN, 8, NAGAUR, 101, KUCHAMAN CITY, 1326, ADAKSAR, 40481, 1208941, Drinking water, 0, 0, 0, 0, 0, 0, 331000, 331000
2015, RAJASTHAN, 8, NAGAUR, 101, KUCHAMAN CITY, 1326, ADAKSAR, 40481, 1208941, Health, 0, 0, 0, 0, 0, 0, 400000, 400000
2015, RAJASTHAN, 8, NAGAUR, 101, KUCHAMAN CITY, 1326, ADAKSAR, 40481, 1208941, Maintenance of community system, 0, 0, 0, 0, 0, 0, 76000, 76000
2015, RAJASTHAN, 8, NAGAUR, 101, KUCHAMAN CITY, 1326, ADAKSAR, 40481, 1208941, Sanitation, 0, 0, 0, 0, 0, 0, 620000, 620000
2015, RAJASTHAN, 8, NAGAUR, 101, KUCHAMAN CITY, 1326, ADAKSAR, 40481, 1208941, Social welfare, 0, 0, 0, 0, 0, 0, 1212000, 1212000
2015, RAJASTHAN, 8, NAGAUR, 101, KUCHAMAN CITY, 1326, ADAKSAR, 40481, 1208941, Total, 0, 0, 0, 0, 0, 0, 2639000, 2639000
2015, RAJASTHAN, 8, NAGAUR, 101, KUCHAMAN CITY, 1326, ANANDPURA, 40482, 1204899, Drinking water, 0, 0, 0, 0, 0, 0, 650000, 650000
2015, RAJASTHAN, 8, NAGAUR, 101, KUCHAMAN CITY, 1326, ANANDPURA, 40482, 1204899, Roads, 0, 0, 0, 0, 0, 0, 400000, 400000
2015, RAJASTHAN, 8, NAGAUR, 101, KUCHAMAN CITY, 1326, ANANDPURA, 40482, 1204899, Social welfare, 0, 0, 0, 0, 0, 0, 1925000, 1925000
2015, RAJASTHAN, 8, NAGAUR, 101, KUCHAMAN CITY, 1326, ANANDPURA, 40482, 1204899, Total, 0, 0, 0, 0, 0, 0, 2975000, 2975000
2015, RAJASTHAN, 8, NAGAUR, 101, KUCHAMAN CITY, 1326, BHANWTA, 40485, 1213137, Drinking water, 0, 0, 0, 0, 0, 0, 530000, 530000
2015, RAJASTHAN, 8, NAGAUR, 101, KUCHAMAN CITY, 1326, BHANWTA, 40485, 1213137, Roads, 0, 0, 0, 0, 0, 0, 1800000, 1800000
2015, RAJASTHAN, 8, NAGAUR, 101, KUCHAMAN CITY, 1326, BHANWTA, 40485, 1213137, Social welfare, 0, 0, 0, 0, 0, 0, 830000, 830000
2015, RAJASTHAN, 8, NAGAUR, 101, KUCHAMAN CITY, 1326, BHANWTA, 40485, 1213137, Total, 0, 0, 0, 0, 0, 0, 3160000, 3160000
2015, RAJASTHAN, 8, NAGAUR, 101, KUCHAMAN CITY, 1326, CHARNWAS, 40487, 1213146, Drinking water, 0, 0, 0, 0, 0, 0, 213000, 213000
2015, RAJASTHAN, 8, NAGAUR, 101, KUCHAMAN CITY, 1326, CHARNWAS, 40487, 1213146, Roads, 0, 0, 0, 0, 0, 0, 1700000, 1700000
2015, RAJASTHAN, 8, NAGAUR, 101, KUCHAMAN CITY, 1326, CHARNWAS, 40487, 1213146, Social welfare, 0, 0, 0, 0, 0, 0, 642000, 642000
2015, RAJASTHAN, 8, NAGAUR, 101, KUCHAMAN CITY, 1326, CHARNWAS, 40487, 1213146, Total, 0, 0, 0, 0, 0, 0, 2555000, 2555000
2015, RAJASTHAN, 8, NAGAUR, 101, KUCHAMAN CITY, 1326, CHAWANDIYA, 40488, 1213388, Education, 0, 0, 0, 0, 0, 0, 250000, 250000
2015, RAJASTHAN, 8, NAGAUR, 101, KUCHAMAN CITY, 1326, CHAWANDIYA, 40488, 1213388, Roads, 0, 0, 0, 0, 0, 0, 448000, 448000
2015, RAJASTHAN, 8, NAGAUR, 101, KUCHAMAN CITY, 1326, CHAWANDIYA, 40488, 1213388, Social welfare, 0, 0, 0, 0, 0, 0, 1415000, 1415000
2015, RAJASTHAN, 8, NAGAUR, 101, KUCHAMAN CITY, 1326, CHAWANDIYA, 40488, 1213388, Total, 0, 0, 0, 0, 0, 0, 2313000, 2313000
2015, RAJASTHAN, 8, NAGAUR, 101, KUCHAMAN CITY, 1326, CHAWANDIYA, 40488, 1213388, Tribal Welfare, 0, 0, 0, 0, 0, 0, 200000, 200000
2015, RAJASTHAN, 8, NAGAUR, 101, KUCHAMAN CITY, 1326, CHITAWA, 40489, 1213783, Drinking water, 0, 0, 0, 0, 0, 0, 600000, 600000
2015, RAJASTHAN, 8, NAGAUR, 101, KUCHAMAN CITY, 1326, CHITAWA, 40489, 1213783, Roads, 0, 0, 0, 0, 0, 0, 2503000, 2503000
2015, RAJASTHAN, 8, NAGAUR, 101, KUCHAMAN CITY, 1326, CHITAWA, 40489, 1213783, Social welfare, 0, 0, 0, 0, 0, 0, 410000, 410000
2015, RAJASTHAN, 8, NAGAUR, 101, KUCHAMAN CITY, 1326, CHITAWA, 40489, 1213783, Total, 0, 0, 0, 0, 0, 0, 4013000, 4013000
2015, RAJASTHAN, 8, NAGAUR, 101, KUCHAMAN CITY, 1326, CHITAWA, 40489, 1213783, Tribal Welfare, 0, 0, 0, 0, 0, 0, 500000, 500000
2015, RAJASTHAN, 8, NAGAUR, 101, KUCHAMAN CITY, 1326, DEEPPURA, 40491, 1213787, Drinking water, 0, 0, 0, 0, 0, 0, 431000, 431000
2015, RAJASTHAN, 8, NAGAUR, 101, KUCHAMAN CITY, 1326, DEEPPURA, 40491, 1213787, Roads, 0, 0, 0, 0, 0, 0, 1222000, 1222000
2015, RAJASTHAN, 8, NAGAUR, 101, KUCHAMAN CITY, 1326, DEEPPURA, 40491, 1213787, Social welfare, 0, 0, 0, 0, 0, 0, 425000, 425000
2015, RAJASTHAN, 8, NAGAUR, 101, KUCHAMAN CITY, 1326, DEEPPURA, 40491, 1213787, Total, 0, 0, 0, 0, 0, 0, 2078000, 2078000
2015, RAJASTHAN, 8, NAGAUR, 101, KUCHAMAN CITY, 1326, GHATWA, 40493, 1217221, Drinking water, 0, 0, 0, 0, 0, 0, 850000, 850000
2015, RAJASTHAN, 8, NAGAUR, 101, KUCHAMAN CITY, 1326, GHATWA, 40493, 1217221, Roads, 0, 0, 0, 0, 0, 0, 1290182, 1290182
2015, RAJASTHAN, 8, NAGAUR, 101, KUCHAMAN CITY, 1326, GHATWA, 40493, 1217221, Social forestry and farm forestry, 0, 0, 0, 0, 0, 0, 100000, 100000
2015, RAJASTHAN, 8, NAGAUR, 101, KUCHAMAN CITY, 1326, GHATWA, 40493, 1217221, Social welfare, 0, 0, 0, 0, 0, 0, 2368818, 2368818
2015, RAJASTHAN, 8, NAGAUR, 101, KUCHAMAN CITY, 1326, GHATWA, 40493, 1217221, Total, 0, 0, 0, 0, 0, 0, 4609000, 4609000
2015, RAJASTHAN, 8, NAGAUR, 101, KUCHAMAN CITY, 1326, HEERANI, 40496, 1217222, Drinking water, 0, 0, 0, 0, 0, 0, 185000, 185000
2015, RAJASTHAN, 8, NAGAUR, 101, KUCHAMAN CITY, 1326, HEERANI, 40496, 1217222, Roads, 0, 0, 0, 0, 0, 0, 1409000, 1409000
2015, RAJASTHAN, 8, NAGAUR, 101, KUCHAMAN CITY, 1326, HEERANI, 40496, 1217222, Social welfare, 0, 0, 0, 0, 0, 0, 1060000, 1060000
2015, RAJASTHAN, 8, NAGAUR, 101, KUCHAMAN CITY, 1326, HEERANI, 40496, 1217222, Total, 0, 0, 0, 0, 0, 0, 2654000, 2654000
2015, RAJASTHAN, 8, NAGAUR, 101, KUCHAMAN CITY, 1326, HUDEEL, 40497, 1217223, Drinking water, 0, 0, 0, 0, 0, 0, 50000, 50000
2015, RAJASTHAN, 8, NAGAUR, 101, KUCHAMAN CITY, 1326, HUDEEL, 40497, 1217223, Roads, 0, 0, 0, 0, 0, 0, 2902000, 2902000
2015, RAJASTHAN, 8, NAGAUR, 101, KUCHAMAN CITY, 1326, HUDEEL, 40497, 1217223, Social welfare, 0, 0, 0, 0, 0, 0, 384000, 384000
2015, RAJASTHAN, 8, NAGAUR, 101, KUCHAMAN CITY, 1326, HUDEEL, 40497, 1217223, Total, 0, 0, 0, 0, 0, 0, 3336000, 3336000
2015, RAJASTHAN, 8, NAGAUR, 101, KUCHAMAN CITY, 1326, INDALI, 40498, 1217225, Drinking water, 0, 0, 0, 0, 0, 0, 1601000, 1601000
2015, RAJASTHAN, 8, NAGAUR, 101, KUCHAMAN CITY, 1326, INDALI, 40498, 1217225, Roads, 0, 0, 0, 0, 0, 0, 276000, 276000
2015, RAJASTHAN, 8, NAGAUR, 101, KUCHAMAN CITY, 1326, INDALI, 40498, 1217225, Total, 0, 0, 0, 0, 0, 0, 1877000, 1877000
2015, RAJASTHAN, 8, NAGAUR, 101, KUCHAMAN CITY, 1326, JEEJOT, 40501, 1217228, Drinking water, 0, 0, 0, 0, 0, 0, 50000, 50000
2015, RAJASTHAN, 8, NAGAUR, 101, KUCHAMAN CITY, 1326, JEEJOT, 40501, 1217228, Roads, 0, 0, 0, 0, 0, 0, 2064000, 2064000
2015, RAJASTHAN, 8, NAGAUR, 101, KUCHAMAN CITY, 1326, JEEJOT, 40501, 1217228, Sanitation, 0, 0, 0, 0, 0, 0, 30000, 30000
2015, RAJASTHAN, 8, NAGAUR, 101, KUCHAMAN CITY, 1326, JEEJOT, 40501, 1217228, Social welfare, 0, 0, 0, 0, 0, 0, 700000, 700000
2015, RAJASTHAN, 8, NAGAUR, 101, KUCHAMAN CITY, 1326, JEEJOT, 40501, 1217228, Total, 0, 0, 0, 0, 0, 0, 2844000, 2844000
2015, RAJASTHAN, 8, NAGAUR, 101, KUCHAMAN CITY, 1326, JILIYA, 40502, 1217233, Drinking water, 0, 0, 0, 0, 0, 0, 719500, 719500
2015, RAJASTHAN, 8, NAGAUR, 101, KUCHAMAN CITY, 1326, JILIYA, 40502, 1217233, Roads, 0, 0, 0, 0, 0, 0, 3514500, 3514500
2015, RAJASTHAN, 8, NAGAUR, 101, KUCHAMAN CITY, 1326, JILIYA, 40502, 1217233, Sanitation, 0, 0, 0, 0, 0, 0, 50000, 50000
2015, RAJASTHAN, 8, NAGAUR, 101, KUCHAMAN CITY, 1326, JILIYA, 40502, 1217233, Social welfare, 0, 0, 0, 0, 0, 0, 826000, 826000
2015, RAJASTHAN, 8, NAGAUR, 101, KUCHAMAN CITY, 1326, JILIYA, 40502, 1217233, Total, 0, 0, 0, 0, 0, 0, 5110000, 5110000
2015, RAJASTHAN, 8, NAGAUR, 101, KUCHAMAN CITY, 1326, KHARIYA, 40505, 1217237, Drinking water, 0, 0, 0, 0, 0, 0, 200000, 200000
2015, RAJASTHAN, 8, NAGAUR, 101, KUCHAMAN CITY, 1326, KHARIYA, 40505, 1217237, Roads, 0, 0, 0, 0, 0, 0, 192000, 192000
2015, RAJASTHAN, 8, NAGAUR, 101, KUCHAMAN CITY, 1326, KHARIYA, 40505, 1217237, Sanitation, 0, 0, 0, 0, 0, 0, 30000, 30000
2015, RAJASTHAN, 8, NAGAUR, 101, KUCHAMAN CITY, 1326, KHARIYA, 40505, 1217237, Social welfare, 0, 0, 0, 0, 0, 0, 2089000, 2089000
2015, RAJASTHAN, 8, NAGAUR, 101, KUCHAMAN CITY, 1326, KHARIYA, 40505, 1217237, Total, 0, 0, 0, 0, 0, 0, 2511000, 2511000
2015, RAJASTHAN, 8, NAGAUR, 101, KUCHAMAN CITY, 1326, KHORANDI, 40506, 1217239, Public distribution system, 0, 0, 0, 0, 0, 0, 200000, 200000
2015, RAJASTHAN, 8, NAGAUR, 101, KUCHAMAN CITY, 1326, KHORANDI, 40506, 1217239, Roads, 0, 0, 0, 0, 0, 0, 2293000, 2293000
2015, RAJASTHAN, 8, NAGAUR, 101, KUCHAMAN CITY, 1326, KHORANDI, 40506, 1217239, Total, 0, 0, 0, 0, 0, 0, 2493000, 2493000
2015, RAJASTHAN, 8, NAGAUR, 101, KUCHAMAN CITY, 1326, KUKANWALI, 40507, 1217242, Drinking water, 0, 0, 0, 0, 0, 0, 475000, 475000
2015, RAJASTHAN, 8, NAGAUR, 101, KUCHAMAN CITY, 1326, KUKANWALI, 40507, 1217242, Education, 0, 0, 0, 0, 0, 0, 950000, 950000
2015, RAJASTHAN, 8, NAGAUR, 101, KUCHAMAN CITY, 1326, KUKANWALI, 40507, 1217242, Roads, 0, 0, 0, 0, 0, 0, 1653000, 1653000
2015, RAJASTHAN, 8, NAGAUR, 101, KUCHAMAN CITY, 1326, KUKANWALI, 40507, 1217242, Sanitation, 0, 0, 0, 0, 0, 0, 50000, 50000
2015, RAJASTHAN, 8, NAGAUR, 101, KUCHAMAN CITY, 1326, KUKANWALI, 40507, 1217242, Social welfare, 0, 0, 0, 0, 0, 0, 143000, 143000
2015, RAJASTHAN, 8, NAGAUR, 101, KUCHAMAN CITY, 1326, KUKANWALI, 40507, 1217242, Total, 0, 0, 0, 0, 0, 0, 3271000, 3271000
2015, RAJASTHAN, 8, NAGAUR, 101, KUCHAMAN CITY, 1326, LALAS, 40508, 1217244, Drinking water, 0, 0, 0, 0, 0, 0, 100000, 100000
2015, RAJASTHAN, 8, NAGAUR, 101, KUCHAMAN CITY, 1326, LALAS, 40508, 1217244, Roads, 0, 0, 0, 0, 0, 0, 2045000, 2045000
2015, RAJASTHAN, 8, NAGAUR, 101, KUCHAMAN CITY, 1326, LALAS, 40508, 1217244, Social welfare, 0, 0, 0, 0, 0, 0, 35000, 35000
2015, RAJASTHAN, 8, NAGAUR, 101, KUCHAMAN CITY, 1326, LALAS, 40508, 1217244, Total, 0, 0, 0, 0, 0, 0, 2180000, 2180000
2015, RAJASTHAN, 8, NAGAUR, 101, KUCHAMAN CITY, 1326, MANDAWARA, 40512, 1217247, Drinking water, 0, 0, 0, 0, 0, 0, 105000, 105000
2015, RAJASTHAN, 8, NAGAUR, 101, KUCHAMAN CITY, 1326, MANDAWARA, 40512, 1217247, Roads, 0, 0, 0, 0, 0, 0, 927000, 927000
2015, RAJASTHAN, 8, NAGAUR, 101, KUCHAMAN CITY, 1326, MANDAWARA, 40512, 1217247, Sanitation, 0, 0, 0, 0, 0, 0, 285000, 285000
2015, RAJASTHAN, 8, NAGAUR, 101, KUCHAMAN CITY, 1326, MANDAWARA, 40512, 1217247, Social welfare, 0, 0, 0, 0, 0, 0, 844000, 844000
2015, RAJASTHAN, 8, NAGAUR, 101, KUCHAMAN CITY, 1326, MANDAWARA, 40512, 1217247, Total, 0, 0, 0, 0, 0, 0, 2161000, 2161000
2015, RAJASTHAN, 8, NAGAUR, 101, KUCHAMAN CITY, 1326, NAGWARA, 40518, 1217248, Drinking water, 0, 0, 0, 0, 0, 0, 500000, 500000
2015, RAJASTHAN, 8, NAGAUR, 101, KUCHAMAN CITY, 1326, NAGWARA, 40518, 1217248, Roads, 0, 0, 0, 0, 0, 0, 1977000, 1977000
2015, RAJASTHAN, 8, NAGAUR, 101, KUCHAMAN CITY, 1326, NAGWARA, 40518, 1217248, Social welfare, 0, 0, 0, 0, 0, 0, 625000, 625000
2015, RAJASTHAN, 8, NAGAUR, 101, KUCHAMAN CITY, 1326, NAGWARA, 40518, 1217248, Total, 0, 0, 0, 0, 0, 0, 3102000, 3102000
2015, RAJASTHAN, 8, NAGAUR, 101, KUCHAMAN CITY, 1326, NALOT, 40519, 1229128, Education, 0, 0, 0, 0, 0, 0, 220000, 220000
2015, RAJASTHAN, 8, NAGAUR, 101, KUCHAMAN CITY, 1326, NALOT, 40519, 1229128, Roads, 0, 0, 0, 0, 0, 0, 1994000, 1994000
2015, RAJASTHAN, 8, NAGAUR, 101, KUCHAMAN CITY, 1326, NALOT, 40519, 1229128, Total, 0, 0, 0, 0, 0, 0, 2214000, 2214000
2015, RAJASTHAN, 8, NAGAUR, 101, KUCHAMAN CITY, 1326, NARAYANPURA, 40520, 1217249, Drinking water, 0, 0, 0, 0, 0, 0, 62000, 62000
2015, RAJASTHAN, 8, NAGAUR, 101, KUCHAMAN CITY, 1326, NARAYANPURA, 40520, 1217249, Roads, 0, 0, 0, 0, 0, 0, 2240000, 2240000
2015, RAJASTHAN, 8, NAGAUR, 101, KUCHAMAN CITY, 1326, NARAYANPURA, 40520, 1217249, Social welfare, 0, 0, 0, 0, 0, 0, 100000, 100000
2015, RAJASTHAN, 8, NAGAUR, 101, KUCHAMAN CITY, 1326, NARAYANPURA, 40520, 1217249, Total, 0, 0, 0, 0, 0, 0, 2402000, 2402000
2015, RAJASTHAN, 8, NAGAUR, 101, KUCHAMAN CITY, 1326, PALARA, 40521, 1231689, Drinking water, 0, 0, 0, 0, 0, 0, 600000, 600000
2015, RAJASTHAN, 8, NAGAUR, 101, KUCHAMAN CITY, 1326, PALARA, 40521, 1231689, Roads, 0, 0, 0, 0, 0, 0, 1197000, 1197000
2015, RAJASTHAN, 8, NAGAUR, 101, KUCHAMAN CITY, 1326, PALARA, 40521, 1231689, Social welfare, 0, 0, 0, 0, 0, 0, 482000, 482000
2015, RAJASTHAN, 8, NAGAUR, 101, KUCHAMAN CITY, 1326, PALARA, 40521, 1231689, Total, 0, 0, 0, 0, 0, 0, 2279000, 2279000
2015, RAJASTHAN, 8, NAGAUR, 101, KUCHAMAN CITY, 1326, PANCHWA, 40523, 1230110, Drinking water, 0, 0, 0, 0, 0, 0, 1439000, 1439000
2015, RAJASTHAN, 8, NAGAUR, 101, KUCHAMAN CITY, 1326, PANCHWA, 40523, 1230110, Roads, 0, 0, 0, 0, 0, 0, 2092000, 2092000
2015, RAJASTHAN, 8, NAGAUR, 101, KUCHAMAN CITY, 1326, PANCHWA, 40523, 1230110, Sanitation, 0, 0, 0, 0, 0, 0, 37000, 37000
2015, RAJASTHAN, 8, NAGAUR, 101, KUCHAMAN CITY, 1326, PANCHWA, 40523, 1230110, Social welfare, 0, 0, 0, 0, 0, 0, 200000, 200000
2015, RAJASTHAN, 8, NAGAUR, 101, KUCHAMAN CITY, 1326, PANCHWA, 40523, 1230110, Total, 0, 0, 0, 0, 0, 0, 3768000, 3768000
2015, RAJASTHAN, 8, NAGAUR, 101, KUCHAMAN CITY, 1326, PAREWADI, 40524, 1233446, Drinking water, 0, 0, 0, 0, 0, 0, 1458000, 1458000
2015, RAJASTHAN, 8, NAGAUR, 101, KUCHAMAN CITY, 1326, PAREWADI, 40524, 1233446, Roads, 0, 0, 0, 0, 0, 0, 1200000, 1200000
2015, RAJASTHAN, 8, NAGAUR, 101, KUCHAMAN CITY, 1326, PAREWADI, 40524, 1233446, Sanitation, 0, 0, 0, 0, 0, 0, 250000, 250000
2015, RAJASTHAN, 8, NAGAUR, 101, KUCHAMAN CITY, 1326, PAREWADI, 40524, 1233446, Social welfare, 0, 0, 0, 0, 0, 0, 343000, 343000
2015, RAJASTHAN, 8, NAGAUR, 101, KUCHAMAN CITY, 1326, PAREWADI, 40524, 1233446, Total, 0, 0, 0, 0, 0, 0, 3251000, 3251000
2015, RAJASTHAN, 8, NAGAUR, 101, KUCHAMAN CITY, 1326, PREMPURA, 40525, 1233875, Drinking water, 0, 0, 0, 0, 0, 0, 1573000, 1573000
2015, RAJASTHAN, 8, NAGAUR, 101, KUCHAMAN CITY, 1326, PREMPURA, 40525, 1233875, Roads, 0, 0, 0, 0, 0, 0, 500000, 500000
2015, RAJASTHAN, 8, NAGAUR, 101, KUCHAMAN CITY, 1326, PREMPURA, 40525, 1233875, Social welfare, 0, 0, 0, 0, 0, 0, 954000, 954000
2015, RAJASTHAN, 8, NAGAUR, 101, KUCHAMAN CITY, 1326, PREMPURA, 40525, 1233875, Total, 0, 0, 0, 0, 0, 0, 3027000, 3027000
2015, RAJASTHAN, 8, NAGAUR, 101, KUCHAMAN CITY, 1326, RASAL, 40527, 1235354, Drinking water, 0, 0, 0, 0, 0, 0, 205000, 205000
2015, RAJASTHAN, 8, NAGAUR, 101, KUCHAMAN CITY, 1326, RASAL, 40527, 1235354, Roads, 0, 0, 0, 0, 0, 0, 1852000, 1852000
2015, RAJASTHAN, 8, NAGAUR, 101, KUCHAMAN CITY, 1326, RASAL, 40527, 1235354, Sanitation, 0, 0, 0, 0, 0, 0, 425000, 425000
2015, RAJASTHAN, 8, NAGAUR, 101, KUCHAMAN CITY, 1326, RASAL, 40527, 1235354, Social welfare, 0, 0, 0, 0, 0, 0, 8000, 8000
2015, RAJASTHAN, 8, NAGAUR, 101, KUCHAMAN CITY, 1326, RASAL, 40527, 1235354, Total, 0, 0, 0, 0, 0, 0, 2490000, 2490000
2015, RAJASTHAN, 8, NAGAUR, 101, KUCHAMAN CITY, 1326, ROOPPURA TORDA, 40528, 1235451, Drinking water, 0, 0, 0, 0, 0, 0, 2008000, 2008000
2015, RAJASTHAN, 8, NAGAUR, 101, KUCHAMAN CITY, 1326, ROOPPURA TORDA, 40528, 1235451, Roads, 0, 0, 0, 0, 0, 0, 1758000, 1758000
2015, RAJASTHAN, 8, NAGAUR, 101, KUCHAMAN CITY, 1326, ROOPPURA TORDA, 40528, 1235451, Social welfare, 0, 0, 0, 0, 0, 0, 453000, 453000
2015, RAJASTHAN, 8, NAGAUR, 101, KUCHAMAN CITY, 1326, ROOPPURA TORDA, 40528, 1235451, Total, 0, 0, 0, 0, 0, 0, 4219000, 4219000
2015, RAJASTHAN, 8, NAGAUR, 101, KUCHAMAN CITY, 1326, SARGOTH, 40529, 1235755, Drinking water, 0, 0, 0, 0, 0, 0, 53000, 53000
2015, RAJASTHAN, 8, NAGAUR, 101, KUCHAMAN CITY, 1326, SARGOTH, 40529, 1235755, Roads, 0, 0, 0, 0, 0, 0, 1600000, 1600000
2015, RAJASTHAN, 8, NAGAUR, 101, KUCHAMAN CITY, 1326, SARGOTH, 40529, 1235755, Sanitation, 0, 0, 0, 0, 0, 0, 150000, 150000
2015, RAJASTHAN, 8, NAGAUR, 101, KUCHAMAN CITY, 1326, SARGOTH, 40529, 1235755, Social welfare, 0, 0, 0, 0, 0, 0, 1570000, 1570000
2015, RAJASTHAN, 8, NAGAUR, 101, KUCHAMAN CITY, 1326, SARGOTH, 40529, 1235755, Total, 0, 0, 0, 0, 0, 0, 3373000, 3373000
2015, RAJASTHAN, 8, NAGAUR, 101, KUCHAMAN CITY, 1326, SHIV, 40531, 1217950, Roads, 0, 0, 0, 0, 0, 0, 1956000, 1956000
2015, RAJASTHAN, 8, NAGAUR, 101, KUCHAMAN CITY, 1326, SHIV, 40531, 1217950, Social welfare, 0, 0, 0, 0, 0, 0, 244000, 244000
2015, RAJASTHAN, 8, NAGAUR, 101, KUCHAMAN CITY, 1326, SHIV, 40531, 1217950, Total, 0, 0, 0, 0, 0, 0, 2200000, 2200000
2015, RAJASTHAN, 8, NAGAUR, 101, KUCHAMAN CITY, 1326, TODAS, 40534, 1228172, Drinking water, 0, 0, 0, 0, 0, 0, 316000, 316000
2015, RAJASTHAN, 8, NAGAUR, 101, KUCHAMAN CITY, 1326, TODAS, 40534, 1228172, Education, 0, 0, 0, 0, 0, 0, 250000, 250000
2015, RAJASTHAN, 8, NAGAUR, 101, KUCHAMAN CITY, 1326, TODAS, 40534, 1228172, Roads, 0, 0, 0, 0, 0, 0, 1600000, 1600000
2015, RAJASTHAN, 8, NAGAUR, 101, KUCHAMAN CITY, 1326, TODAS, 40534, 1228172, Social welfare, 0, 0, 0, 0, 0, 0, 200000, 200000
2015, RAJASTHAN, 8, NAGAUR, 101, KUCHAMAN CITY, 1326, TODAS, 40534, 1228172, Total, 0, 0, 0, 0, 0, 0, 2366000, 2366000
2015, RAJASTHAN, 8, NAGAUR, 101, KUCHAMAN CITY, 1326, UGARPURA, 40535, 1237386, Drinking water, 0, 0, 0, 0, 0, 0, 1167000, 1167000
2015, RAJASTHAN, 8, NAGAUR, 101, KUCHAMAN CITY, 1326, UGARPURA, 40535, 1237386, Roads, 0, 0, 0, 0, 0, 0, 1400000, 1400000
2015, RAJASTHAN, 8, NAGAUR, 101, KUCHAMAN CITY, 1326, UGARPURA, 40535, 1237386, Total, 0, 0, 0, 0, 0, 0, 2567000, 2567000
2015, RAJASTHAN, 8, NAGAUR, 101, LADNU, 1327, ASOTA, 40536, 1166147, Roads, 0, 0, 0, 0, 0, 0, 3073168, 3073168
2015, RAJASTHAN, 8, NAGAUR, 101, LADNU, 1327, ASOTA, 40536, 1166147, Total, 0, 0, 0, 0, 0, 0, 3073168, 3073168
2015, RAJASTHAN, 8, NAGAUR, 101, LADNU, 1327, BAKALIYA, 40537, 1191128, Drinking water, 0, 0, 0, 0, 0, 0, 318632, 318632
2015, RAJASTHAN, 8, NAGAUR, 101, LADNU, 1327, BAKALIYA, 40537, 1191128, Roads, 0, 0, 0, 0, 0, 0, 1650030, 1650030
2015, RAJASTHAN, 8, NAGAUR, 101, LADNU, 1327, BAKALIYA, 40537, 1191128, Sanitation, 0, 0, 0, 0, 0, 0, 282416, 282416
2015, RAJASTHAN, 8, NAGAUR, 101, LADNU, 1327, BAKALIYA, 40537, 1191128, Total, 0, 0, 0, 0, 0, 0, 2251078, 2251078
2015, RAJASTHAN, 8, NAGAUR, 101, LADNU, 1327, BALDU, 40538, 1179509, Drinking water, 0, 0, 0, 0, 0, 0, 790330, 790330
2015, RAJASTHAN, 8, NAGAUR, 101, LADNU, 1327, BALDU, 40538, 1179509, Roads, 0, 0, 0, 0, 0, 0, 2680000, 2680000
2015, RAJASTHAN, 8, NAGAUR, 101, LADNU, 1327, BALDU, 40538, 1179509, Total, 0, 0, 0, 0, 0, 0, 3470330, 3470330
2015, RAJASTHAN, 8, NAGAUR, 101, LADNU, 1327, BALSAMAND, 40539, 1184617, Drinking water, 0, 0, 0, 0, 0, 0, 402698, 402698
2015, RAJASTHAN, 8, NAGAUR, 101, LADNU, 1327, BALSAMAND, 40539, 1184617, Roads, 0, 0, 0, 0, 0, 0, 1417822, 1417822
2015, RAJASTHAN, 8, NAGAUR, 101, LADNU, 1327, BALSAMAND, 40539, 1184617, Sanitation, 0, 0, 0, 0, 0, 0, 140000, 140000
2015, RAJASTHAN, 8, NAGAUR, 101, LADNU, 1327, BALSAMAND, 40539, 1184617, Total, 0, 0, 0, 0, 0, 0, 1960520, 1960520
2015, RAJASTHAN, 8, NAGAUR, 101, LADNU, 1327, CHANDRAI, 40540, 1222353, Drinking water, 0, 0, 0, 0, 0, 0, 597032, 597032
2015, RAJASTHAN, 8, NAGAUR, 101, LADNU, 1327, CHANDRAI, 40540, 1222353, Roads, 0, 0, 0, 0, 0, 0, 1431813, 1431813
2015, RAJASTHAN, 8, NAGAUR, 101, LADNU, 1327, CHANDRAI, 40540, 1222353, Sanitation, 0, 0, 0, 0, 0, 0, 250000, 250000
2015, RAJASTHAN, 8, NAGAUR, 101, LADNU, 1327, CHANDRAI, 40540, 1222353, Total, 0, 0, 0, 0, 0, 0, 2278845, 2278845
2015, RAJASTHAN, 8, NAGAUR, 101, LADNU, 1327, CHHAPARA, 40541, 1202407, Drinking water, 0, 0, 0, 0, 0, 0, 338836, 338836
2015, RAJASTHAN, 8, NAGAUR, 101, LADNU, 1327, CHHAPARA, 40541, 1202407, Roads, 0, 0, 0, 0, 0, 0, 1657881, 1657881
2015, RAJASTHAN, 8, NAGAUR, 101, LADNU, 1327, CHHAPARA, 40541, 1202407, Total, 0, 0, 0, 0, 0, 0, 1996717, 1996717
2015, RAJASTHAN, 8, NAGAUR, 101, LADNU, 1327, DHEENGSARI, 40542, 1197598, Drinking water, 0, 0, 0, 0, 0, 0, 1250000, 1250000
2015, RAJASTHAN, 8, NAGAUR, 101, LADNU, 1327, DHEENGSARI, 40542, 1197598, Roads, 0, 0, 0, 0, 0, 0, 2311563, 2311563
2015, RAJASTHAN, 8, NAGAUR, 101, LADNU, 1327, DHEENGSARI, 40542, 1197598, Total, 0, 0, 0, 0, 0, 0, 3561563, 3561563
2015, RAJASTHAN, 8, NAGAUR, 101, LADNU, 1327, DHYAWA, 40543, 1200008, Drinking water, 0, 0, 0, 0, 0, 0, 293007, 293007
2015, RAJASTHAN, 8, NAGAUR, 101, LADNU, 1327, DHYAWA, 40543, 1200008, Roads, 0, 0, 0, 0, 0, 0, 2380262, 2380262
2015, RAJASTHAN, 8, NAGAUR, 101, LADNU, 1327, DHYAWA, 40543, 1200008, Sanitation, 0, 0, 0, 0, 0, 0, 150000, 150000
2015, RAJASTHAN, 8, NAGAUR, 101, LADNU, 1327, DHYAWA, 40543, 1200008, Total, 0, 0, 0, 0, 0, 0, 2823269, 2823269
2015, RAJASTHAN, 8, NAGAUR, 101, LADNU, 1327, DUJAR, 40544, 1193302, Roads, 0, 0, 0, 0, 0, 0, 2758315, 2758315
2015, RAJASTHAN, 8, NAGAUR, 101, LADNU, 1327, DUJAR, 40544, 1193302, Total, 0, 0, 0, 0, 0, 0, 2758315, 2758315
2015, RAJASTHAN, 8, NAGAUR, 101, LADNU, 1327, GENANA, 40545, 1188704, Drinking water, 0, 0, 0, 0, 0, 0, 243666, 243666
2015, RAJASTHAN, 8, NAGAUR, 101, LADNU, 1327, GENANA, 40545, 1188704, Health, 0, 0, 0, 0, 0, 0, 100000, 100000
2015, RAJASTHAN, 8, NAGAUR, 101, LADNU, 1327, GENANA, 40545, 1188704, Roads, 0, 0, 0, 0, 0, 0, 2214333, 2214333
2015, RAJASTHAN, 8, NAGAUR, 101, LADNU, 1327, GENANA, 40545, 1188704, Total, 0, 0, 0, 0, 0, 0, 2557999, 2557999
2015, RAJASTHAN, 8, NAGAUR, 101, LADNU, 1327, GHEERDODA MITHA, 40546, 1298868, Drinking water, 0, 0, 0, 0, 0, 0, 477178, 477178
2015, RAJASTHAN, 8, NAGAUR, 101, LADNU, 1327, GHEERDODA MITHA, 40546, 1298868, Roads, 0, 0, 0, 0, 0, 0, 1500000, 1500000
2015, RAJASTHAN, 8, NAGAUR, 101, LADNU, 1327, GHEERDODA MITHA, 40546, 1298868, Sanitation, 0, 0, 0, 0, 0, 0, 500000, 500000
2015, RAJASTHAN, 8, NAGAUR, 101, LADNU, 1327, GHEERDODA MITHA, 40546, 1298868, Total, 0, 0, 0, 0, 0, 0, 2477178, 2477178
2015, RAJASTHAN, 8, NAGAUR, 101, LADNU, 1327, HUDASH, 40547, 1200669, Roads, 0, 0, 0, 0, 0, 0, 2266450, 2266450
2015, RAJASTHAN, 8, NAGAUR, 101, LADNU, 1327, HUDASH, 40547, 1200669, Total, 0, 0, 0, 0, 0, 0, 2266450, 2266450
2015, RAJASTHAN, 8, NAGAUR, 101, LADNU, 1327, INDERPURA, 40548, 1197153, Roads, 0, 0, 0, 0, 0, 0, 1776443, 1776443
2015, RAJASTHAN, 8, NAGAUR, 101, LADNU, 1327, INDERPURA, 40548, 1197153, Rural electrification, 0, 0, 0, 0, 0, 0, 72831, 72831
2015, RAJASTHAN, 8, NAGAUR, 101, LADNU, 1327, INDERPURA, 40548, 1197153, Sanitation, 0, 0, 0, 0, 0, 0, 200000, 200000
2015, RAJASTHAN, 8, NAGAUR, 101, LADNU, 1327, INDERPURA, 40548, 1197153, Total, 0, 0, 0, 0, 0, 0, 2049274, 2049274
2015, RAJASTHAN, 8, NAGAUR, 101, LADNU, 1327, JASWANTGARH, 40549, 1199791, Roads, 0, 0, 0, 0, 0, 0, 4603780, 4603780
2015, RAJASTHAN, 8, NAGAUR, 101, LADNU, 1327, JASWANTGARH, 40549, 1199791, Sanitation, 0, 0, 0, 0, 0, 0, 300000, 300000
2015, RAJASTHAN, 8, NAGAUR, 101, LADNU, 1327, JASWANTGARH, 40549, 1199791, Total, 0, 0, 0, 0, 0, 0, 4903780, 4903780
2015, RAJASTHAN, 8, NAGAUR, 101, LADNU, 1327, KHAMIYAD, 40550, 1174314, Roads, 0, 0, 0, 0, 0, 0, 1906475, 1906475
2015, RAJASTHAN, 8, NAGAUR, 101, LADNU, 1327, KHAMIYAD, 40550, 1174314, Total, 0, 0, 0, 0, 0, 0, 1906475, 1906475
2015, RAJASTHAN, 8, NAGAUR, 101, LADNU, 1327, KUSUMBI ALIPUR, 40551, 1164337, Roads, 0, 0, 0, 0, 0, 0, 3564042, 3564042
2015, RAJASTHAN, 8, NAGAUR, 101, LADNU, 1327, KUSUMBI ALIPUR, 40551, 1164337, Total, 0, 0, 0, 0, 0, 0, 3564042, 3564042
2015, RAJASTHAN, 8, NAGAUR, 101, LADNU, 1327, LACHHARI, 40552, 1201902, Roads, 0, 0, 0, 0, 0, 0, 1627557, 1627557
2015, RAJASTHAN, 8, NAGAUR, 101, LADNU, 1327, LACHHARI, 40552, 1201902, Sanitation, 0, 0, 0, 0, 0, 0, 1470898, 1470898
2015, RAJASTHAN, 8, NAGAUR, 101, LADNU, 1327, LACHHARI, 40552, 1201902, Total, 0, 0, 0, 0, 0, 0, 3098455, 3098455
2015, RAJASTHAN, 8, NAGAUR, 101, LADNU, 1327, LEDI, 40553, 1197764, Roads, 0, 0, 0, 0, 0, 0, 2624952, 2624952
2015, RAJASTHAN, 8, NAGAUR, 101, LADNU, 1327, LEDI, 40553, 1197764, Sanitation, 0, 0, 0, 0, 0, 0, 468544, 468544
2015, RAJASTHAN, 8, NAGAUR, 101, LADNU, 1327, LEDI, 40553, 1197764, Total, 0, 0, 0, 0, 0, 0, 3093496, 3093496
2015, RAJASTHAN, 8, NAGAUR, 101, LADNU, 1327, MANGALPURA, 40554, 1193283, Drinking water, 0, 0, 0, 0, 0, 0, 200000, 200000
2015, RAJASTHAN, 8, NAGAUR, 101, LADNU, 1327, MANGALPURA, 40554, 1193283, Roads, 0, 0, 0, 0, 0, 0, 1626736, 1626736
2015, RAJASTHAN, 8, NAGAUR, 101, LADNU, 1327, MANGALPURA, 40554, 1193283, Sanitation, 0, 0, 0, 0, 0, 0, 699034, 699034
2015, RAJASTHAN, 8, NAGAUR, 101, LADNU, 1327, MANGALPURA, 40554, 1193283, Total, 0, 0, 0, 0, 0, 0, 2525770, 2525770
2015, RAJASTHAN, 8, NAGAUR, 101, LADNU, 1327, MEETHRI, 40555, 1159985, Roads, 0, 0, 0, 0, 0, 0, 2678981, 2678981
2015, RAJASTHAN, 8, NAGAUR, 101, LADNU, 1327, MEETHRI, 40555, 1159985, Total, 0, 0, 0, 0, 0, 0, 2678981, 2678981
2015, RAJASTHAN, 8, NAGAUR, 101, LADNU, 1327, NIMBI JODHA, 40556, 1201773, Drinking water, 0, 0, 0, 0, 0, 0, 333720, 333720
2015, RAJASTHAN, 8, NAGAUR, 101, LADNU, 1327, NIMBI JODHA, 40556, 1201773, Roads, 0, 0, 0, 0, 0, 0, 4924875, 4924875
2015, RAJASTHAN, 8, NAGAUR, 101, LADNU, 1327, NIMBI JODHA, 40556, 1201773, Sanitation, 0, 0, 0, 0, 0, 0, 500000, 500000
2015, RAJASTHAN, 8, NAGAUR, 101, LADNU, 1327, NIMBI JODHA, 40556, 1201773, Total, 0, 0, 0, 0, 0, 0, 5758595, 5758595
2015, RAJASTHAN, 8, NAGAUR, 101, LADNU, 1327, ODEET, 40557, 1200627, Drinking water, 0, 0, 0, 0, 0, 0, 1259345, 1259345
2015, RAJASTHAN, 8, NAGAUR, 101, LADNU, 1327, ODEET, 40557, 1200627, Roads, 0, 0, 0, 0, 0, 0, 1000000, 1000000
2015, RAJASTHAN, 8, NAGAUR, 101, LADNU, 1327, ODEET, 40557, 1200627, Sanitation, 0, 0, 0, 0, 0, 0, 1090001, 1090001
2015, RAJASTHAN, 8, NAGAUR, 101, LADNU, 1327, ODEET, 40557, 1200627, Total, 0, 0, 0, 0, 0, 0, 3349346, 3349346
2015, RAJASTHAN, 8, NAGAUR, 101, LADNU, 1327, RATAU, 40558, 1197317, Drinking water, 0, 0, 0, 0, 0, 0, 1163334, 1163334
2015, RAJASTHAN, 8, NAGAUR, 101, LADNU, 1327, RATAU, 40558, 1197317, Roads, 0, 0, 0, 0, 0, 0, 2303682, 2303682
2015, RAJASTHAN, 8, NAGAUR, 101, LADNU, 1327, RATAU, 40558, 1197317, Sanitation, 0, 0, 0, 0, 0, 0, 100000, 100000
2015, RAJASTHAN, 8, NAGAUR, 101, LADNU, 1327, RATAU, 40558, 1197317, Total, 0, 0, 0, 0, 0, 0, 3567016, 3567016
2015, RAJASTHAN, 8, NAGAUR, 101, LADNU, 1327, REENGAN, 40559, 1201859, Drinking water, 0, 0, 0, 0, 0, 0, 227069, 227069
2015, RAJASTHAN, 8, NAGAUR, 101, LADNU, 1327, REENGAN, 40559, 1201859, Roads, 0, 0, 0, 0, 0, 0, 1781131, 1781131
2015, RAJASTHAN, 8, NAGAUR, 101, LADNU, 1327, REENGAN, 40559, 1201859, Sanitation, 0, 0, 0, 0, 0, 0, 50000, 50000
2015, RAJASTHAN, 8, NAGAUR, 101, LADNU, 1327, REENGAN, 40559, 1201859, Total, 0, 0, 0, 0, 0, 0, 2058200, 2058200
2015, RAJASTHAN, 8, NAGAUR, 101, LADNU, 1327, RODOO, 40560, 1209552, Roads, 0, 0, 0, 0, 0, 0, 2165147, 2165147
2015, RAJASTHAN, 8, NAGAUR, 101, LADNU, 1327, RODOO, 40560, 1209552, Sanitation, 0, 0, 0, 0, 0, 0, 500000, 500000
2015, RAJASTHAN, 8, NAGAUR, 101, LADNU, 1327, RODOO, 40560, 1209552, Total, 0, 0, 0, 0, 0, 0, 2665147, 2665147
2015, RAJASTHAN, 8, NAGAUR, 101, LADNU, 1327, SANWARAD, 40561, 1194189, Roads, 0, 0, 0, 0, 0, 0, 3236308, 3236308
2015, RAJASTHAN, 8, NAGAUR, 101, LADNU, 1327, SANWARAD, 40561, 1194189, Total, 0, 0, 0, 0, 0, 0, 3236308, 3236308
2015, RAJASTHAN, 8, NAGAUR, 101, LADNU, 1327, SARDI, 40562, 1208781, Roads, 0, 0, 0, 0, 0, 0, 2754348, 2754348
2015, RAJASTHAN, 8, NAGAUR, 101, LADNU, 1327, SARDI, 40562, 1208781, Total, 0, 0, 0, 0, 0, 0, 2754348, 2754348
2015, RAJASTHAN, 8, NAGAUR, 101, LADNU, 1327, SEENWA, 40563, 1197633, Roads, 0, 0, 0, 0, 0, 0, 2927394, 2927394
2015, RAJASTHAN, 8, NAGAUR, 101, LADNU, 1327, SEENWA, 40563, 1197633, Total, 0, 0, 0, 0, 0, 0, 2927394, 2927394
2015, RAJASTHAN, 8, NAGAUR, 101, LADNU, 1327, SILANWAD, 40564, 1222246, Roads, 0, 0, 0, 0, 0, 0, 2828226, 2828226
2015, RAJASTHAN, 8, NAGAUR, 101, LADNU, 1327, SILANWAD, 40564, 1222246, Total, 0, 0, 0, 0, 0, 0, 2828226, 2828226
2015, RAJASTHAN, 8, NAGAUR, 101, LADNU, 1327, SUNARI, 40565, 1199897, Drinking water, 0, 0, 0, 0, 0, 0, 1211508, 1211508
2015, RAJASTHAN, 8, NAGAUR, 101, LADNU, 1327, SUNARI, 40565, 1199897, Roads, 0, 0, 0, 0, 0, 0, 1040540, 1040540
2015, RAJASTHAN, 8, NAGAUR, 101, LADNU, 1327, SUNARI, 40565, 1199897, Social welfare, 0, 0, 0, 0, 0, 0, 300000, 300000
2015, RAJASTHAN, 8, NAGAUR, 101, LADNU, 1327, SUNARI, 40565, 1199897, Total, 0, 0, 0, 0, 0, 0, 2552048, 2552048
2015, RAJASTHAN, 8, NAGAUR, 101, LADNU, 1327, TANWARA, 40566, 1200058, Drinking water, 0, 0, 0, 0, 0, 0, 147602, 147602
2015, RAJASTHAN, 8, NAGAUR, 101, LADNU, 1327, TANWARA, 40566, 1200058, Roads, 0, 0, 0, 0, 0, 0, 2750000, 2750000
2015, RAJASTHAN, 8, NAGAUR, 101, LADNU, 1327, TANWARA, 40566, 1200058, Sanitation, 0, 0, 0, 0, 0, 0, 48637, 48637
2015, RAJASTHAN, 8, NAGAUR, 101, LADNU, 1327, TANWARA, 40566, 1200058, Total, 0, 0, 0, 0, 0, 0, 2946239, 2946239
2015, RAJASTHAN, 8, NAGAUR, 101, LADNU, 1327, UDARASAR, 40567, 1197719, Drinking water, 0, 0, 0, 0, 0, 0, 824558, 824558
2015, RAJASTHAN, 8, NAGAUR, 101, LADNU, 1327, UDARASAR, 40567, 1197719, Roads, 0, 0, 0, 0, 0, 0, 1310000, 1310000
2015, RAJASTHAN, 8, NAGAUR, 101, LADNU, 1327, UDARASAR, 40567, 1197719, Total, 0, 0, 0, 0, 0, 0, 2134558, 2134558
2015, RAJASTHAN, 8, NAGAUR, 101, MAKRANA, 1328, ALTAWA, 40568, 1235874, Drinking water, 0, 0, 0, 0, 546310, 0, 650000, 1196310
2015, RAJASTHAN, 8, NAGAUR, 101, MAKRANA, 1328, ALTAWA, 40568, 1235874, Roads, 0, 0, 0, 0, 0, 0, 1270951, 1270951
2015, RAJASTHAN, 8, NAGAUR, 101, MAKRANA, 1328, ALTAWA, 40568, 1235874, Total, 0, 0, 0, 0, 546310, 0, 1920951, 2467261
2015, RAJASTHAN, 8, NAGAUR, 101, MAKRANA, 1328, ASARWA, 40569, 1247173, Roads, 0, 0, 0, 0, 200000, 0, 1791982, 1991982
2015, RAJASTHAN, 8, NAGAUR, 101, MAKRANA, 1328, ASARWA, 40569, 1247173, Total, 0, 0, 0, 0, 200000, 0, 1791982, 1991982
2015, RAJASTHAN, 8, NAGAUR, 101, MAKRANA, 1328, BAJOLI, 40570, 1247232, Roads, 0, 0, 0, 0, 588799, 0, 2070350, 2659149
2015, RAJASTHAN, 8, NAGAUR, 101, MAKRANA, 1328, BAJOLI, 40570, 1247232, Total, 0, 0, 0, 0, 588799, 0, 2070350, 2659149
2015, RAJASTHAN, 8, NAGAUR, 101, MAKRANA, 1328, BARWALI, 40571, 1209368, Drinking water, 0, 0, 0, 0, 0, 0, 299613, 299613
2015, RAJASTHAN, 8, NAGAUR, 101, MAKRANA, 1328, BARWALI, 40571, 1209368, Roads, 0, 0, 0, 0, 249609, 0, 1500391, 1750000
2015, RAJASTHAN, 8, NAGAUR, 101, MAKRANA, 1328, BARWALI, 40571, 1209368, Rural housing, 0, 0, 0, 0, 0, 0, 96000, 96000
2015, RAJASTHAN, 8, NAGAUR, 101, MAKRANA, 1328, BARWALI, 40571, 1209368, Sanitation, 0, 0, 0, 0, 0, 0, 100000, 100000
2015, RAJASTHAN, 8, NAGAUR, 101, MAKRANA, 1328, BARWALI, 40571, 1209368, Total, 0, 0, 0, 0, 249609, 0, 1996004, 2245613
2015, RAJASTHAN, 8, NAGAUR, 101, MAKRANA, 1328, BESROLI, 40572, 1247332, Drinking water, 0, 0, 0, 0, 0, 0, 512987, 512987
2015, RAJASTHAN, 8, NAGAUR, 101, MAKRANA, 1328, BESROLI, 40572, 1247332, Roads, 0, 0, 0, 0, 584297, 0, 1541535, 2125832
2015, RAJASTHAN, 8, NAGAUR, 101, MAKRANA, 1328, BESROLI, 40572, 1247332, Total, 0, 0, 0, 0, 584297, 0, 2054522, 2638819
2015, RAJASTHAN, 8, NAGAUR, 101, MAKRANA, 1328, BHAIYA KALAN, 40575, 1247393, Drinking water, 0, 0, 0, 0, 0, 0, 500000, 500000
2015, RAJASTHAN, 8, NAGAUR, 101, MAKRANA, 1328, BHAIYA KALAN, 40575, 1247393, Public distribution system, 0, 0, 0, 0, 281451, 0, 0, 281451
2015, RAJASTHAN, 8, NAGAUR, 101, MAKRANA, 1328, BHAIYA KALAN, 40575, 1247393, Roads, 0, 0, 0, 0, 0, 0, 1622439, 1622439
2015, RAJASTHAN, 8, NAGAUR, 101, MAKRANA, 1328, BHAIYA KALAN, 40575, 1247393, Total, 0, 0, 0, 0, 281451, 0, 2122439, 2403890
2015, RAJASTHAN, 8, NAGAUR, 101, MAKRANA, 1328, BHARNAI, 40573, 1209428, Drinking water, 0, 0, 0, 0, 100000, 0, 1188377, 1288377
2015, RAJASTHAN, 8, NAGAUR, 101, MAKRANA, 1328, BHARNAI, 40573, 1209428, Rural housing, 0, 0, 0, 0, 0, 0, 149634, 149634
2015, RAJASTHAN, 8, NAGAUR, 101, MAKRANA, 1328, BHARNAI, 40573, 1209428, Total, 0, 0, 0, 0, 100000, 0, 1338011, 1438011
2015, RAJASTHAN, 8, NAGAUR, 101, MAKRANA, 1328, BHINCHAWA, 40574, 1248117, Drinking water, 0, 0, 0, 0, 0, 0, 1510790, 1510790
2015, RAJASTHAN, 8, NAGAUR, 101, MAKRANA, 1328, BHINCHAWA, 40574, 1248117, Maintenance of community system, 0, 0, 0, 0, 0, 0, 259040, 259040
2015, RAJASTHAN, 8, NAGAUR, 101, MAKRANA, 1328, BHINCHAWA, 40574, 1248117, Public distribution system, 0, 0, 0, 0, 250000, 0, 0, 250000
2015, RAJASTHAN, 8, NAGAUR, 101, MAKRANA, 1328, BHINCHAWA, 40574, 1248117, Roads, 0, 0, 0, 0, 594607, 0, 1200000, 1794607
2015, RAJASTHAN, 8, NAGAUR, 101, MAKRANA, 1328, BHINCHAWA, 40574, 1248117, Total, 0, 0, 0, 0, 844607, 0, 2969830, 3814437
2015, RAJASTHAN, 8, NAGAUR, 101, MAKRANA, 1328, BILLU, 40576, 1248206, Drinking water, 0, 0, 0, 0, 0, 0, 820000, 820000
2015, RAJASTHAN, 8, NAGAUR, 101, MAKRANA, 1328, BILLU, 40576, 1248206, Maintenance of community system, 0, 0, 0, 0, 0, 0, 250000, 250000
2015, RAJASTHAN, 8, NAGAUR, 101, MAKRANA, 1328, BILLU, 40576, 1248206, Roads, 0, 0, 0, 0, 897712, 0, 1573500, 2471212
2015, RAJASTHAN, 8, NAGAUR, 101, MAKRANA, 1328, BILLU, 40576, 1248206, Rural electrification, 0, 0, 0, 0, 0, 0, 300000, 300000
2015, RAJASTHAN, 8, NAGAUR, 101, MAKRANA, 1328, BILLU, 40576, 1248206, Total, 0, 0, 0, 0, 897712, 0, 2943500, 3841212
2015, RAJASTHAN, 8, NAGAUR, 101, MAKRANA, 1328, BORAWAR, 40577, 1248628, Drinking water, 0, 0, 0, 0, 0, 0, 1450000, 1450000
2015, RAJASTHAN, 8, NAGAUR, 101, MAKRANA, 1328, BORAWAR, 40577, 1248628, Public distribution system, 0, 0, 0, 0, 0, 0, 450000, 450000
2015, RAJASTHAN, 8, NAGAUR, 101, MAKRANA, 1328, BORAWAR, 40577, 1248628, Roads, 0, 0, 0, 0, 0, 0, 2287341, 2287341
2015, RAJASTHAN, 8, NAGAUR, 101, MAKRANA, 1328, BORAWAR, 40577, 1248628, Total, 0, 0, 0, 0, 0, 0, 4187341, 4187341
2015, RAJASTHAN, 8, NAGAUR, 101, MAKRANA, 1328, BUDSU, 40578, 1248790, Drinking water, 0, 0, 0, 0, 0, 0, 500000, 500000
2015, RAJASTHAN, 8, NAGAUR, 101, MAKRANA, 1328, BUDSU, 40578, 1248790, Public distribution system, 0, 0, 0, 0, 356466, 0, 927651, 1284117
2015, RAJASTHAN, 8, NAGAUR, 101, MAKRANA, 1328, BUDSU, 40578, 1248790, Roads, 0, 0, 0, 0, 0, 0, 1869396, 1869396
2015, RAJASTHAN, 8, NAGAUR, 101, MAKRANA, 1328, BUDSU, 40578, 1248790, Total, 0, 0, 0, 0, 356466, 0, 3297047, 3653513
2015, RAJASTHAN, 8, NAGAUR, 101, MAKRANA, 1328, CHANDI, 40579, 1249027, Drinking water, 0, 0, 0, 0, 0, 0, 504632, 504632
2015, RAJASTHAN, 8, NAGAUR, 101, MAKRANA, 1328, CHANDI, 40579, 1249027, Public distribution system, 0, 0, 0, 0, 196246, 0, 0, 196246
2015, RAJASTHAN, 8, NAGAUR, 101, MAKRANA, 1328, CHANDI, 40579, 1249027, Roads, 0, 0, 0, 0, 0, 0, 1094995, 1094995
2015, RAJASTHAN, 8, NAGAUR, 101, MAKRANA, 1328, CHANDI, 40579, 1249027, Total, 0, 0, 0, 0, 196246, 0, 1599627, 1795873
2015, RAJASTHAN, 8, NAGAUR, 101, MAKRANA, 1328, DHANANWAN, 40580, 1249126, Drinking water, 0, 0, 0, 0, 0, 0, 550000, 550000
2015, RAJASTHAN, 8, NAGAUR, 101, MAKRANA, 1328, DHANANWAN, 40580, 1249126, Public distribution system, 0, 0, 0, 0, 281749, 0, 624287, 906036
2015, RAJASTHAN, 8, NAGAUR, 101, MAKRANA, 1328, DHANANWAN, 40580, 1249126, Roads, 0, 0, 0, 0, 0, 0, 800000, 800000
2015, RAJASTHAN, 8, NAGAUR, 101, MAKRANA, 1328, DHANANWAN, 40580, 1249126, Total, 0, 0, 0, 0, 281749, 0, 1974287, 2256036
2015, RAJASTHAN, 8, NAGAUR, 101, MAKRANA, 1328, DOBRI KALAN, 40581, 1249185, Drinking water, 0, 0, 0, 0, 0, 0, 152267, 152267
2015, RAJASTHAN, 8, NAGAUR, 101, MAKRANA, 1328, DOBRI KALAN, 40581, 1249185, Public distribution system, 0, 0, 0, 0, 0, 0, 350000, 350000
2015, RAJASTHAN, 8, NAGAUR, 101, MAKRANA, 1328, DOBRI KALAN, 40581, 1249185, Roads, 0, 0, 0, 0, 302953, 0, 1412628, 1715581
2015, RAJASTHAN, 8, NAGAUR, 101, MAKRANA, 1328, DOBRI KALAN, 40581, 1249185, Total, 0, 0, 0, 0, 302953, 0, 1914895, 2217848
2015, RAJASTHAN, 8, NAGAUR, 101, MAKRANA, 1328, GEHDAKALAN, 40583, 1249653, Drinking water, 0, 0, 0, 0, 0, 0, 525000, 525000
2015, RAJASTHAN, 8, NAGAUR, 101, MAKRANA, 1328, GEHDAKALAN, 40583, 1249653, Roads, 0, 0, 0, 0, 144974, 0, 815907, 960881
2015, RAJASTHAN, 8, NAGAUR, 101, MAKRANA, 1328, GEHDAKALAN, 40583, 1249653, Total, 0, 0, 0, 0, 144974, 0, 1340907, 1485881
2015, RAJASTHAN, 8, NAGAUR, 101, MAKRANA, 1328, GELASAR, 40584, 1249754, Drinking water, 0, 0, 0, 0, 0, 0, 494436, 494436
2015, RAJASTHAN, 8, NAGAUR, 101, MAKRANA, 1328, GELASAR, 40584, 1249754, Public distribution system, 0, 0, 0, 0, 192280, 0, 0, 192280
2015, RAJASTHAN, 8, NAGAUR, 101, MAKRANA, 1328, GELASAR, 40584, 1249754, Roads, 0, 0, 0, 0, 0, 0, 1072869, 1072869
2015, RAJASTHAN, 8, NAGAUR, 101, MAKRANA, 1328, GELASAR, 40584, 1249754, Total, 0, 0, 0, 0, 192280, 0, 1567305, 1759585
2015, RAJASTHAN, 8, NAGAUR, 101, MAKRANA, 1328, HUDIYA, 40585, 1249825, Public distribution system, 0, 0, 0, 0, 481229, 0, 259123, 740352
2015, RAJASTHAN, 8, NAGAUR, 101, MAKRANA, 1328, HUDIYA, 40585, 1249825, Roads, 0, 0, 0, 0, 0, 0, 1156664, 1156664
2015, RAJASTHAN, 8, NAGAUR, 101, MAKRANA, 1328, HUDIYA, 40585, 1249825, Total, 0, 0, 0, 0, 481229, 0, 1415787, 1897016
2015, RAJASTHAN, 8, NAGAUR, 101, MAKRANA, 1328, INDOKHA, 40586, 1249961, Drinking water, 0, 0, 0, 0, 0, 0, 1125000, 1125000
2015, RAJASTHAN, 8, NAGAUR, 101, MAKRANA, 1328, INDOKHA, 40586, 1249961, Public distribution system, 0, 0, 0, 0, 0, 0, 280389, 280389
2015, RAJASTHAN, 8, NAGAUR, 101, MAKRANA, 1328, INDOKHA, 40586, 1249961, Roads, 0, 0, 0, 0, 320097, 0, 1321419, 1641516
2015, RAJASTHAN, 8, NAGAUR, 101, MAKRANA, 1328, INDOKHA, 40586, 1249961, Total, 0, 0, 0, 0, 320097, 0, 2726808, 3046905
2015, RAJASTHAN, 8, NAGAUR, 101, MAKRANA, 1328, ITAWA BAMANIYA, 40582, 1250208, Drinking water, 0, 0, 0, 0, 318875, 0, 525000, 843875
2015, RAJASTHAN, 8, NAGAUR, 101, MAKRANA, 1328, ITAWA BAMANIYA, 40582, 1250208, Public distribution system, 0, 0, 0, 0, 0, 0, 185616, 185616
2015, RAJASTHAN, 8, NAGAUR, 101, MAKRANA, 1328, ITAWA BAMANIYA, 40582, 1250208, Roads, 0, 0, 0, 0, 0, 0, 1694043, 1694043
2015, RAJASTHAN, 8, NAGAUR, 101, MAKRANA, 1328, ITAWA BAMANIYA, 40582, 1250208, Total, 0, 0, 0, 0, 318875, 0, 2404659, 2723534
2015, RAJASTHAN, 8, NAGAUR, 101, MAKRANA, 1328, ITAWA LAKHA, 40587, 1250341, Drinking water, 0, 0, 0, 0, 0, 0, 313378, 313378
2015, RAJASTHAN, 8, NAGAUR, 101, MAKRANA, 1328, ITAWA LAKHA, 40587, 1250341, Public distribution system, 0, 0, 0, 0, 0, 0, 350000, 350000
2015, RAJASTHAN, 8, NAGAUR, 101, MAKRANA, 1328, ITAWA LAKHA, 40587, 1250341, Roads, 0, 0, 0, 0, 357204, 0, 1594474, 1951678
2015, RAJASTHAN, 8, NAGAUR, 101, MAKRANA, 1328, ITAWA LAKHA, 40587, 1250341, Total, 0, 0, 0, 0, 357204, 0, 2257852, 2615056
2015, RAJASTHAN, 8, NAGAUR, 101, MAKRANA, 1328, JAKHLI, 40588, 1250613, Drinking water, 0, 0, 0, 0, 0, 0, 427140, 427140
2015, RAJASTHAN, 8, NAGAUR, 101, MAKRANA, 1328, JAKHLI, 40588, 1250613, Public distribution system, 0, 0, 0, 0, 0, 0, 232183, 232183
2015, RAJASTHAN, 8, NAGAUR, 101, MAKRANA, 1328, JAKHLI, 40588, 1250613, Roads, 0, 0, 0, 0, 300000, 0, 2185000, 2485000
2015, RAJASTHAN, 8, NAGAUR, 101, MAKRANA, 1328, JAKHLI, 40588, 1250613, Total, 0, 0, 0, 0, 300000, 0, 2844323, 3144323
2015, RAJASTHAN, 8, NAGAUR, 101, MAKRANA, 1328, JOOSARI, 40589, 1250727, Drinking water, 0, 0, 0, 0, 364485, 0, 1100000, 1464485
2015, RAJASTHAN, 8, NAGAUR, 101, MAKRANA, 1328, JOOSARI, 40589, 1250727, Public distribution system, 0, 0, 0, 0, 0, 0, 120898, 120898
2015, RAJASTHAN, 8, NAGAUR, 101, MAKRANA, 1328, JOOSARI, 40589, 1250727, Roads, 0, 0, 0, 0, 0, 0, 800000, 800000
2015, RAJASTHAN, 8, NAGAUR, 101, MAKRANA, 1328, JOOSARI, 40589, 1250727, Total, 0, 0, 0, 0, 364485, 0, 2020898, 2385383
2015, RAJASTHAN, 8, NAGAUR, 101, MAKRANA, 1328, JUSARIYA, 40590, 1250875, Drinking water, 0, 0, 0, 0, 0, 0, 509452, 509452
2015, RAJASTHAN, 8, NAGAUR, 101, MAKRANA, 1328, JUSARIYA, 40590, 1250875, Public distribution system, 0, 0, 0, 0, 228000, 0, 0, 228000
2015, RAJASTHAN, 8, NAGAUR, 101, MAKRANA, 1328, JUSARIYA, 40590, 1250875, Roads, 0, 0, 0, 0, 0, 0, 1000128, 1000128
2015, RAJASTHAN, 8, NAGAUR, 101, MAKRANA, 1328, JUSARIYA, 40590, 1250875, Total, 0, 0, 0, 0, 228000, 0, 1509580, 1737580
2015, RAJASTHAN, 8, NAGAUR, 101, MAKRANA, 1328, KALWA BADA, 40591, 1250926, Drinking water, 0, 0, 0, 0, 0, 0, 1343158, 1343158
2015, RAJASTHAN, 8, NAGAUR, 101, MAKRANA, 1328, KALWA BADA, 40591, 1250926, Roads, 0, 0, 0, 0, 483346, 0, 2174057, 2657403
2015, RAJASTHAN, 8, NAGAUR, 101, MAKRANA, 1328, KALWA BADA, 40591, 1250926, Total, 0, 0, 0, 0, 483346, 0, 3517215, 4000561
2015, RAJASTHAN, 8, NAGAUR, 101, MAKRANA, 1328, KHARDIYA, 40592, 1250983, Drinking water, 0, 0, 0, 0, 0, 0, 468471, 468471
2015, RAJASTHAN, 8, NAGAUR, 101, MAKRANA, 1328, KHARDIYA, 40592, 1250983, Public distribution system, 0, 0, 0, 0, 0, 0, 58937, 58937
2015, RAJASTHAN, 8, NAGAUR, 101, MAKRANA, 1328, KHARDIYA, 40592, 1250983, Roads, 0, 0, 0, 0, 202979, 0, 1350000, 1552979
2015, RAJASTHAN, 8, NAGAUR, 101, MAKRANA, 1328, KHARDIYA, 40592, 1250983, Total, 0, 0, 0, 0, 202979, 0, 1877408, 2080387
2015, RAJASTHAN, 8, NAGAUR, 101, MAKRANA, 1328, KHERI SHEELA, 40593, 1251048, Public distribution system, 0, 0, 0, 0, 0, 0, 212041, 212041
2015, RAJASTHAN, 8, NAGAUR, 101, MAKRANA, 1328, KHERI SHEELA, 40593, 1251048, Roads, 0, 0, 0, 0, 217532, 0, 1312254, 1529786
2015, RAJASTHAN, 8, NAGAUR, 101, MAKRANA, 1328, KHERI SHEELA, 40593, 1251048, Total, 0, 0, 0, 0, 217532, 0, 1524295, 1741827
2015, RAJASTHAN, 8, NAGAUR, 101, MAKRANA, 1328, KUKROD, 40594, 1212444, Drinking water, 0, 0, 0, 0, 150000, 0, 823773, 973773
2015, RAJASTHAN, 8, NAGAUR, 101, MAKRANA, 1328, KUKROD, 40594, 1212444, Health, 0, 0, 0, 0, 0, 0, 249728, 249728
2015, RAJASTHAN, 8, NAGAUR, 101, MAKRANA, 1328, KUKROD, 40594, 1212444, Roads, 0, 0, 0, 0, 0, 0, 725245, 725245
2015, RAJASTHAN, 8, NAGAUR, 101, MAKRANA, 1328, KUKROD, 40594, 1212444, Total, 0, 0, 0, 0, 150000, 0, 1798746, 1948746
2015, RAJASTHAN, 8, NAGAUR, 101, MAKRANA, 1328, MANANA, 40595, 1224893, Drinking water, 0, 0, 0, 0, 0, 0, 1064853, 1064853
2015, RAJASTHAN, 8, NAGAUR, 101, MAKRANA, 1328, MANANA, 40595, 1224893, Roads, 0, 0, 0, 0, 0, 0, 500000, 500000
2015, RAJASTHAN, 8, NAGAUR, 101, MAKRANA, 1328, MANANA, 40595, 1224893, Sanitation, 0, 0, 0, 0, 0, 0, 100000, 100000
2015, RAJASTHAN, 8, NAGAUR, 101, MAKRANA, 1328, MANANA, 40595, 1224893, Total, 0, 0, 0, 0, 0, 0, 1664853, 1664853
2015, RAJASTHAN, 8, NAGAUR, 101, MAKRANA, 1328, MANANA, 40595, 1251102, Drinking water, 0, 0, 0, 0, 500000, 0, 0, 500000
2015, RAJASTHAN, 8, NAGAUR, 101, MAKRANA, 1328, MANANA, 40595, 1251102, Public distribution system, 0, 0, 0, 0, 0, 0, 265630, 265630
2015, RAJASTHAN, 8, NAGAUR, 101, MAKRANA, 1328, MANANA, 40595, 1251102, Roads, 0, 0, 0, 0, 276538, 0, 800000, 1076538
2015, RAJASTHAN, 8, NAGAUR, 101, MAKRANA, 1328, MANANA, 40595, 1251102, Total, 0, 0, 0, 0, 776538, 0, 1065630, 1842168
2015, RAJASTHAN, 8, NAGAUR, 101, MAKRANA, 1328, MODI CHARNA, 40596, 1251138, Drinking water, 0, 0, 0, 0, 0, 0, 369625, 369625
2015, RAJASTHAN, 8, NAGAUR, 101, MAKRANA, 1328, MODI CHARNA, 40596, 1251138, Public distribution system, 0, 0, 0, 0, 0, 0, 22794, 22794
2015, RAJASTHAN, 8, NAGAUR, 101, MAKRANA, 1328, MODI CHARNA, 40596, 1251138, Roads, 0, 0, 0, 0, 199029, 0, 850000, 1049029
2015, RAJASTHAN, 8, NAGAUR, 101, MAKRANA, 1328, MODI CHARNA, 40596, 1251138, Total, 0, 0, 0, 0, 199029, 0, 1242419, 1441448
2015, RAJASTHAN, 8, NAGAUR, 101, MAKRANA, 1328, NANDOLI MERTIYA, 40598, 1251653, Roads, 0, 0, 0, 0, 161630, 0, 838860, 1000490
2015, RAJASTHAN, 8, NAGAUR, 101, MAKRANA, 1328, NANDOLI MERTIYA, 40598, 1251653, Total, 0, 0, 0, 0, 161630, 0, 838860, 1000490
2015, RAJASTHAN, 8, NAGAUR, 101, MAKRANA, 1328, NIMBADI, 40597, 1165388, Drinking water, 0, 0, 0, 0, 40000, 0, 1665000, 1705000
2015, RAJASTHAN, 8, NAGAUR, 101, MAKRANA, 1328, NIMBADI, 40597, 1165388, Fisheries, 0, 0, 0, 0, 0, 0, 26000, 26000
2015, RAJASTHAN, 8, NAGAUR, 101, MAKRANA, 1328, NIMBADI, 40597, 1165388, Maintenance of community system, 0, 0, 0, 0, 0, 0, 160000, 160000
2015, RAJASTHAN, 8, NAGAUR, 101, MAKRANA, 1328, NIMBADI, 40597, 1165388, Roads, 0, 0, 0, 0, 0, 0, 1710000, 1710000
2015, RAJASTHAN, 8, NAGAUR, 101, MAKRANA, 1328, NIMBADI, 40597, 1165388, Rural electrification, 0, 0, 0, 0, 368000, 0, 100000, 468000
2015, RAJASTHAN, 8, NAGAUR, 101, MAKRANA, 1328, NIMBADI, 40597, 1165388, Social welfare, 0, 0, 0, 0, 0, 0, 100000, 100000
2015, RAJASTHAN, 8, NAGAUR, 101, MAKRANA, 1328, NIMBADI, 40597, 1165388, Total, 0, 0, 0, 0, 408000, 0, 3761000, 4169000
2015, RAJASTHAN, 8, NAGAUR, 101, MAKRANA, 1328, RAMSIYA, 40599, 1251686, Drinking water, 0, 0, 0, 0, 0, 0, 872004, 872004
2015, RAJASTHAN, 8, NAGAUR, 101, MAKRANA, 1328, RAMSIYA, 40599, 1251686, Public distribution system, 0, 0, 0, 0, 188568, 0, 0, 188568
2015, RAJASTHAN, 8, NAGAUR, 101, MAKRANA, 1328, RAMSIYA, 40599, 1251686, Roads, 0, 0, 0, 0, 0, 0, 550000, 550000
2015, RAJASTHAN, 8, NAGAUR, 101, MAKRANA, 1328, RAMSIYA, 40599, 1251686, Total, 0, 0, 0, 0, 188568, 0, 1422004, 1610572
2015, RAJASTHAN, 8, NAGAUR, 101, MAKRANA, 1328, RANIGAON, 40600, 1251780, Drinking water, 0, 0, 0, 0, 0, 0, 1415820, 1415820
2015, RAJASTHAN, 8, NAGAUR, 101, MAKRANA, 1328, RANIGAON, 40600, 1251780, Roads, 0, 0, 0, 0, 271869, 0, 634361, 906230
2015, RAJASTHAN, 8, NAGAUR, 101, MAKRANA, 1328, RANIGAON, 40600, 1251780, Total, 0, 0, 0, 0, 271869, 0, 2050181, 2322050
2015, RAJASTHAN, 8, NAGAUR, 101, MAKRANA, 1328, SABALPUR, 40601, 1251906, Cultural activities, 0, 0, 0, 0, 0, 0, 152737, 152737
2015, RAJASTHAN, 8, NAGAUR, 101, MAKRANA, 1328, SABALPUR, 40601, 1251906, Drinking water, 0, 0, 0, 0, 0, 0, 694384, 694384
2015, RAJASTHAN, 8, NAGAUR, 101, MAKRANA, 1328, SABALPUR, 40601, 1251906, Public distribution system, 0, 0, 0, 0, 0, 0, 403126, 403126
2015, RAJASTHAN, 8, NAGAUR, 101, MAKRANA, 1328, SABALPUR, 40601, 1251906, Roads, 0, 0, 0, 0, 821006, 0, 2410574, 3231580
2015, RAJASTHAN, 8, NAGAUR, 101, MAKRANA, 1328, SABALPUR, 40601, 1251906, Total, 0, 0, 0, 0, 821006, 0, 3660821, 4481827
2015, RAJASTHAN, 8, NAGAUR, 101, MAKRANA, 1328, SAFED BADI, 40602, 1252125, Drinking water, 0, 0, 0, 0, 686511, 0, 550000, 1236511
2015, RAJASTHAN, 8, NAGAUR, 101, MAKRANA, 1328, SAFED BADI, 40602, 1252125, Public distribution system, 0, 0, 0, 0, 0, 0, 363928, 363928
2015, RAJASTHAN, 8, NAGAUR, 101, MAKRANA, 1328, SAFED BADI, 40602, 1252125, Roads, 0, 0, 0, 0, 0, 0, 1500000, 1500000
2015, RAJASTHAN, 8, NAGAUR, 101, MAKRANA, 1328, SAFED BADI, 40602, 1252125, Total, 0, 0, 0, 0, 686511, 0, 2413928, 3100439
2015, RAJASTHAN, 8, NAGAUR, 101, MAKRANA, 1328, SARNAWDA, 40603, 1252219, Drinking water, 0, 0, 0, 0, 0, 0, 500000, 500000
2015, RAJASTHAN, 8, NAGAUR, 101, MAKRANA, 1328, SARNAWDA, 40603, 1252219, Public distribution system, 0, 0, 0, 0, 0, 0, 214739, 214739
2015, RAJASTHAN, 8, NAGAUR, 101, MAKRANA, 1328, SARNAWDA, 40603, 1252219, Roads, 0, 0, 0, 0, 520839, 0, 1116650, 1637489
2015, RAJASTHAN, 8, NAGAUR, 101, MAKRANA, 1328, SARNAWDA, 40603, 1252219, Total, 0, 0, 0, 0, 520839, 0, 1831389, 2352228
2015, RAJASTHAN, 8, NAGAUR, 101, MERTA, 1329, BARGAON, 40604, 1369130, Roads, 0, 0, 0, 0, 0, 0, 725000, 725000
2015, RAJASTHAN, 8, NAGAUR, 101, MERTA, 1329, BARGAON, 40604, 1369130, Sanitation, 0, 0, 0, 0, 0, 0, 1751174, 1751174
2015, RAJASTHAN, 8, NAGAUR, 101, MERTA, 1329, BARGAON, 40604, 1369130, Total, 0, 0, 0, 0, 0, 0, 2476174, 2476174
2015, RAJASTHAN, 8, NAGAUR, 101, MERTA, 1329, BASNI SEJA, 40605, 1174398, Maintenance of community system, 0, 0, 0, 0, 0, 0, 264000, 264000
2015, RAJASTHAN, 8, NAGAUR, 101, MERTA, 1329, BASNI SEJA, 40605, 1174398, Roads, 0, 0, 0, 0, 0, 0, 1571074, 1571074
2015, RAJASTHAN, 8, NAGAUR, 101, MERTA, 1329, BASNI SEJA, 40605, 1174398, Total, 0, 0, 0, 0, 0, 0, 1835074, 1835074
2015, RAJASTHAN, 8, NAGAUR, 101, MERTA, 1329, BEETAN, 262332, 1348640, Health, 0, 0, 0, 0, 0, 0, 348426, 348426
2015, RAJASTHAN, 8, NAGAUR, 101, MERTA, 1329, BEETAN, 262332, 1348640, Roads, 0, 0, 0, 0, 0, 0, 2070739, 2070739
2015, RAJASTHAN, 8, NAGAUR, 101, MERTA, 1329, BEETAN, 262332, 1348640, Total, 0, 0, 0, 0, 0, 0, 2419165, 2419165
2015, RAJASTHAN, 8, NAGAUR, 101, MERTA, 1329, BHATIYON KI DHANI, 40606, 1168077, Roads, 0, 0, 0, 0, 0, 0, 571658, 571658
2015, RAJASTHAN, 8, NAGAUR, 101, MERTA, 1329, BHATIYON KI DHANI, 40606, 1168077, Sanitation, 0, 0, 0, 0, 0, 0, 160685, 160685
2015, RAJASTHAN, 8, NAGAUR, 101, MERTA, 1329, BHATIYON KI DHANI, 40606, 1168077, Total, 0, 0, 0, 0, 0, 0, 732343, 732343
2015, RAJASTHAN, 8, NAGAUR, 101, MERTA, 1329, CHHAPRI KHURD, 40607, 1174448, Roads, 0, 0, 0, 0, 0, 0, 2820017, 2820017
2015, RAJASTHAN, 8, NAGAUR, 101, MERTA, 1329, CHHAPRI KHURD, 40607, 1174448, Sanitation, 0, 0, 0, 0, 0, 0, 454459, 454459
2015, RAJASTHAN, 8, NAGAUR, 101, MERTA, 1329, CHHAPRI KHURD, 40607, 1174448, Total, 0, 0, 0, 0, 0, 0, 3274476, 3274476
2015, RAJASTHAN, 8, NAGAUR, 101, MERTA, 1329, DABRIYANI KALAN, 40608, 1168406, Roads, 0, 0, 0, 0, 0, 0, 1584680, 1584680
2015, RAJASTHAN, 8, NAGAUR, 101, MERTA, 1329, DABRIYANI KALAN, 40608, 1168406, Total, 0, 0, 0, 0, 0, 0, 1584680, 1584680
2015, RAJASTHAN, 8, NAGAUR, 101, MERTA, 1329, DADHWARA, 40609, 1348601, Roads, 0, 0, 0, 0, 0, 0, 2329916, 2329916
2015, RAJASTHAN, 8, NAGAUR, 101, MERTA, 1329, DADHWARA, 40609, 1348601, Total, 0, 0, 0, 0, 0, 0, 2329916, 2329916
2015, RAJASTHAN, 8, NAGAUR, 101, MERTA, 1329, DANGAWAS, 40610, 1369315, Land improvement, 0, 0, 0, 0, 0, 0, 100000, 100000
2015, RAJASTHAN, 8, NAGAUR, 101, MERTA, 1329, DANGAWAS, 40610, 1369315, Maintenance of community system, 0, 0, 0, 0, 0, 0, 251746, 251746
2015, RAJASTHAN, 8, NAGAUR, 101, MERTA, 1329, DANGAWAS, 40610, 1369315, Roads, 0, 0, 0, 0, 0, 0, 2092931, 2092931
2015, RAJASTHAN, 8, NAGAUR, 101, MERTA, 1329, DANGAWAS, 40610, 1369315, Sanitation, 0, 0, 0, 0, 0, 0, 1750000, 1750000
2015, RAJASTHAN, 8, NAGAUR, 101, MERTA, 1329, DANGAWAS, 40610, 1369315, Total, 0, 0, 0, 0, 0, 0, 4194677, 4194677
2015, RAJASTHAN, 8, NAGAUR, 101, MERTA, 1329, DATANI, 40611, 1352231, Roads, 0, 0, 0, 0, 0, 0, 2413216, 2413216
2015, RAJASTHAN, 8, NAGAUR, 101, MERTA, 1329, DATANI, 40611, 1352231, Total, 0, 0, 0, 0, 0, 0, 2413216, 2413216
2015, RAJASTHAN, 8, NAGAUR, 101, MERTA, 1329, DHADHLAS UDA, 40769, 1174353, Roads, 0, 0, 0, 0, 0, 0, 2088582, 2088582
2015, RAJASTHAN, 8, NAGAUR, 101, MERTA, 1329, DHADHLAS UDA, 40769, 1174353, Sanitation, 0, 0, 0, 0, 0, 0, 400000, 400000
2015, RAJASTHAN, 8, NAGAUR, 101, MERTA, 1329, DHADHLAS UDA, 40769, 1174353, Total, 0, 0, 0, 0, 0, 0, 2488582, 2488582
2015, RAJASTHAN, 8, NAGAUR, 101, MERTA, 1329, DHAWA, 40612, 1133222, Cultural activities, 0, 0, 0, 0, 0, 0, 11419, 11419
2015, RAJASTHAN, 8, NAGAUR, 101, MERTA, 1329, DHAWA, 40612, 1133222, Drinking water, 0, 0, 0, 0, 0, 0, 474191, 474191
2015, RAJASTHAN, 8, NAGAUR, 101, MERTA, 1329, DHAWA, 40612, 1133222, Roads, 0, 0, 0, 0, 0, 0, 2892000, 2892000
2015, RAJASTHAN, 8, NAGAUR, 101, MERTA, 1329, DHAWA, 40612, 1133222, Total, 0, 0, 0, 0, 0, 0, 3377610, 3377610
2015, RAJASTHAN, 8, NAGAUR, 101, MERTA, 1329, GAGRANA, 40613, 1174391, Drinking water, 0, 0, 0, 0, 0, 0, 300000, 300000
2015, RAJASTHAN, 8, NAGAUR, 101, MERTA, 1329, GAGRANA, 40613, 1174391, Education, 0, 0, 0, 0, 0, 0, 598246, 598246
2015, RAJASTHAN, 8, NAGAUR, 101, MERTA, 1329, GAGRANA, 40613, 1174391, Roads, 0, 0, 0, 0, 0, 0, 3034357, 3034357
2015, RAJASTHAN, 8, NAGAUR, 101, MERTA, 1329, GAGRANA, 40613, 1174391, Sanitation, 0, 0, 0, 0, 0, 0, 100000, 100000
2015, RAJASTHAN, 8, NAGAUR, 101, MERTA, 1329, GAGRANA, 40613, 1174391, Total, 0, 0, 0, 0, 0, 0, 4032603, 4032603
2015, RAJASTHAN, 8, NAGAUR, 101, MERTA, 1329, GANTHIYA, 40614, 1176538, Roads, 0, 0, 0, 0, 0, 0, 2187116, 2187116
2015, RAJASTHAN, 8, NAGAUR, 101, MERTA, 1329, GANTHIYA, 40614, 1176538, Total, 0, 0, 0, 0, 0, 0, 2187116, 2187116
2015, RAJASTHAN, 8, NAGAUR, 101, MERTA, 1329, GOTTAN, 40615, 1369819, Health, 0, 0, 0, 0, 0, 0, 500000, 500000
2015, RAJASTHAN, 8, NAGAUR, 101, MERTA, 1329, GOTTAN, 40615, 1369819, Roads, 0, 0, 0, 0, 0, 0, 7252832, 7252832
2015, RAJASTHAN, 8, NAGAUR, 101, MERTA, 1329, GOTTAN, 40615, 1369819, Sanitation, 0, 0, 0, 0, 0, 0, 2066252, 2066252
2015, RAJASTHAN, 8, NAGAUR, 101, MERTA, 1329, GOTTAN, 40615, 1369819, Total, 0, 0, 0, 0, 0, 0, 9819084, 9819084
2015, RAJASTHAN, 8, NAGAUR, 101, MERTA, 1329, HARSOLAO, 40616, 1328716, Drinking water, 0, 0, 0, 0, 0, 0, 400000, 400000
2015, RAJASTHAN, 8, NAGAUR, 101, MERTA, 1329, HARSOLAO, 40616, 1328716, Roads, 0, 0, 0, 0, 0, 0, 4350569, 4350569
2015, RAJASTHAN, 8, NAGAUR, 101, MERTA, 1329, HARSOLAO, 40616, 1328716, Total, 0, 0, 0, 0, 0, 0, 4750569, 4750569
2015, RAJASTHAN, 8, NAGAUR, 101, MERTA, 1329, INDAWAR, 40617, 1174240, Roads, 0, 0, 0, 0, 0, 0, 3420250, 3420250
2015, RAJASTHAN, 8, NAGAUR, 101, MERTA, 1329, INDAWAR, 40617, 1174240, Total, 0, 0, 0, 0, 0, 0, 3420250, 3420250
2015, RAJASTHAN, 8, NAGAUR, 101, MERTA, 1329, JARODA KALAN, 40618, 1174337, Roads, 0, 0, 0, 0, 0, 0, 2672040, 2672040
2015, RAJASTHAN, 8, NAGAUR, 101, MERTA, 1329, JARODA KALAN, 40618, 1174337, Total, 0, 0, 0, 0, 0, 0, 2672040, 2672040
2015, RAJASTHAN, 8, NAGAUR, 101, MERTA, 1329, KALRU, 40619, 1168271, Roads, 0, 0, 0, 0, 0, 0, 1928291, 1928291
2015, RAJASTHAN, 8, NAGAUR, 101, MERTA, 1329, KALRU, 40619, 1168271, Total, 0, 0, 0, 0, 0, 0, 1928291, 1928291
2015, RAJASTHAN, 8, NAGAUR, 101, MERTA, 1329, KARWASARON KI DHANI, 40620, 1168176, Roads, 0, 0, 0, 0, 0, 0, 1476093, 1476093
2015, RAJASTHAN, 8, NAGAUR, 101, MERTA, 1329, KARWASARON KI DHANI, 40620, 1168176, Total, 0, 0, 0, 0, 0, 0, 1476093, 1476093
2015, RAJASTHAN, 8, NAGAUR, 101, MERTA, 1329, KATYASANI, 40778, 1176545, Education, 0, 0, 0, 0, 0, 0, 400000, 400000
2015, RAJASTHAN, 8, NAGAUR, 101, MERTA, 1329, KATYASANI, 40778, 1176545, Maintenance of community system, 0, 0, 0, 0, 0, 0, 698881, 698881
2015, RAJASTHAN, 8, NAGAUR, 101, MERTA, 1329, KATYASANI, 40778, 1176545, Roads, 0, 0, 0, 0, 0, 0, 1564234, 1564234
2015, RAJASTHAN, 8, NAGAUR, 101, MERTA, 1329, KATYASANI, 40778, 1176545, Total, 0, 0, 0, 0, 0, 0, 2663115, 2663115
2015, RAJASTHAN, 8, NAGAUR, 101, MERTA, 1329, KHAKHARKI, 40621, 1369376, Roads, 0, 0, 0, 0, 0, 0, 3042433, 3042433
2015, RAJASTHAN, 8, NAGAUR, 101, MERTA, 1329, KHAKHARKI, 40621, 1369376, Total, 0, 0, 0, 0, 0, 0, 3042433, 3042433
2015, RAJASTHAN, 8, NAGAUR, 101, MERTA, 1329, KHEDULI, 40622, 1180167, Roads, 0, 0, 0, 0, 0, 0, 2089099, 2089099
2015, RAJASTHAN, 8, NAGAUR, 101, MERTA, 1329, KHEDULI, 40622, 1180167, Sanitation, 0, 0, 0, 0, 0, 0, 100000, 100000
2015, RAJASTHAN, 8, NAGAUR, 101, MERTA, 1329, KHEDULI, 40622, 1180167, Total, 0, 0, 0, 0, 0, 0, 2189099, 2189099
2015, RAJASTHAN, 8, NAGAUR, 101, MERTA, 1329, KURDAYA, 40623, 1328891, Drinking water, 0, 0, 0, 0, 0, 0, 730890, 730890
2015, RAJASTHAN, 8, NAGAUR, 101, MERTA, 1329, KURDAYA, 40623, 1328891, Roads, 0, 0, 0, 0, 0, 0, 1612413, 1612413
2015, RAJASTHAN, 8, NAGAUR, 101, MERTA, 1329, KURDAYA, 40623, 1328891, Total, 0, 0, 0, 0, 0, 0, 2343303, 2343303
2015, RAJASTHAN, 8, NAGAUR, 101, MERTA, 1329, LAMBA JATAN, 40624, 1173692, Health, 0, 0, 0, 0, 0, 0, 330000, 330000
2015, RAJASTHAN, 8, NAGAUR, 101, MERTA, 1329, LAMBA JATAN, 40624, 1173692, Roads, 0, 0, 0, 0, 0, 0, 2603344, 2603344
2015, RAJASTHAN, 8, NAGAUR, 101, MERTA, 1329, LAMBA JATAN, 40624, 1173692, Total, 0, 0, 0, 0, 0, 0, 2933344, 2933344
2015, RAJASTHAN, 8, NAGAUR, 101, MERTA, 1329, MERTA ROAD, 40625, 1174334, Roads, 0, 0, 0, 0, 0, 0, 7512519, 7512519
2015, RAJASTHAN, 8, NAGAUR, 101, MERTA, 1329, MERTA ROAD, 40625, 1174334, Sanitation, 0, 0, 0, 0, 0, 0, 2300000, 2300000
2015, RAJASTHAN, 8, NAGAUR, 101, MERTA, 1329, MERTA ROAD, 40625, 1174334, Total, 0, 0, 0, 0, 0, 0, 9812519, 9812519
2015, RAJASTHAN, 8, NAGAUR, 101, MERTA, 1329, MOKALPUR, 40626, 1174350, Drinking water, 0, 0, 0, 0, 0, 0, 100000, 100000
2015, RAJASTHAN, 8, NAGAUR, 101, MERTA, 1329, MOKALPUR, 40626, 1174350, Roads, 0, 0, 0, 0, 0, 0, 3176934, 3176934
2015, RAJASTHAN, 8, NAGAUR, 101, MERTA, 1329, MOKALPUR, 40626, 1174350, Sanitation, 0, 0, 0, 0, 0, 0, 300000, 300000
2015, RAJASTHAN, 8, NAGAUR, 101, MERTA, 1329, MOKALPUR, 40626, 1174350, Total, 0, 0, 0, 0, 0, 0, 3576934, 3576934
2015, RAJASTHAN, 8, NAGAUR, 101, MERTA, 1329, MORARA, 40784, 1176541, Maintenance of community system, 0, 0, 0, 0, 0, 0, 670000, 670000
2015, RAJASTHAN, 8, NAGAUR, 101, MERTA, 1329, MORARA, 40784, 1176541, Roads, 0, 0, 0, 0, 0, 0, 1194736, 1194736
2015, RAJASTHAN, 8, NAGAUR, 101, MERTA, 1329, MORARA, 40784, 1176541, Sanitation, 0, 0, 0, 0, 0, 0, 352626, 352626
2015, RAJASTHAN, 8, NAGAUR, 101, MERTA, 1329, MORARA, 40784, 1176541, Total, 0, 0, 0, 0, 0, 0, 2217362, 2217362
2015, RAJASTHAN, 8, NAGAUR, 101, MERTA, 1329, NETADIYA, 40627, 1174360, Drinking water, 0, 0, 0, 0, 0, 0, 562239, 562239
2015, RAJASTHAN, 8, NAGAUR, 101, MERTA, 1329, NETADIYA, 40627, 1174360, Education, 0, 0, 0, 0, 0, 0, 400000, 400000
2015, RAJASTHAN, 8, NAGAUR, 101, MERTA, 1329, NETADIYA, 40627, 1174360, Roads, 0, 0, 0, 0, 0, 0, 1064723, 1064723
2015, RAJASTHAN, 8, NAGAUR, 101, MERTA, 1329, NETADIYA, 40627, 1174360, Total, 0, 0, 0, 0, 0, 0, 2026962, 2026962
2015, RAJASTHAN, 8, NAGAUR, 101, MERTA, 1329, NOKHA CHANDAWATA, 40628, 1173761, Drinking water, 0, 0, 0, 0, 0, 0, 98525, 98525
2015, RAJASTHAN, 8, NAGAUR, 101, MERTA, 1329, NOKHA CHANDAWATA, 40628, 1173761, Roads, 0, 0, 0, 0, 0, 0, 2215524, 2215524
2015, RAJASTHAN, 8, NAGAUR, 101, MERTA, 1329, NOKHA CHANDAWATA, 40628, 1173761, Total, 0, 0, 0, 0, 0, 0, 2314049, 2314049
2015, RAJASTHAN, 8, NAGAUR, 101, MERTA, 1329, OLADAN, 40629, 1369407, Drinking water, 0, 0, 0, 0, 0, 0, 250000, 250000
2015, RAJASTHAN, 8, NAGAUR, 101, MERTA, 1329, OLADAN, 40629, 1369407, Roads, 0, 0, 0, 0, 0, 0, 2189990, 2189990
2015, RAJASTHAN, 8, NAGAUR, 101, MERTA, 1329, OLADAN, 40629, 1369407, Sanitation, 0, 0, 0, 0, 0, 0, 183881, 183881
2015, RAJASTHAN, 8, NAGAUR, 101, MERTA, 1329, OLADAN, 40629, 1369407, Total, 0, 0, 0, 0, 0, 0, 2623871, 2623871
2015, RAJASTHAN, 8, NAGAUR, 101, MERTA, 1329, POONDLOO, 40630, 1176535, Drinking water, 0, 0, 0, 0, 0, 0, 76949, 76949
2015, RAJASTHAN, 8, NAGAUR, 101, MERTA, 1329, POONDLOO, 40630, 1176535, Roads, 0, 0, 0, 0, 0, 0, 3308097, 3308097
2015, RAJASTHAN, 8, NAGAUR, 101, MERTA, 1329, POONDLOO, 40630, 1176535, Total, 0, 0, 0, 0, 0, 0, 3385046, 3385046
2015, RAJASTHAN, 8, NAGAUR, 101, MERTA, 1329, REN, 40631, 1369715, Land improvement, 0, 0, 0, 0, 0, 0, 3000000, 3000000
2015, RAJASTHAN, 8, NAGAUR, 101, MERTA, 1329, REN, 40631, 1369715, Roads, 0, 0, 0, 0, 0, 0, 2920882, 2920882
2015, RAJASTHAN, 8, NAGAUR, 101, MERTA, 1329, REN, 40631, 1369715, Sanitation, 0, 0, 0, 0, 0, 0, 100000, 100000
2015, RAJASTHAN, 8, NAGAUR, 101, MERTA, 1329, REN, 40631, 1369715, Total, 0, 0, 0, 0, 0, 0, 6020882, 6020882
2015, RAJASTHAN, 8, NAGAUR, 101, MERTA, 1329, RIYA SHYAMDAS, 40632, 1174343, Roads, 0, 0, 0, 0, 0, 0, 3419259, 3419259
2015, RAJASTHAN, 8, NAGAUR, 101, MERTA, 1329, RIYA SHYAMDAS, 40632, 1174343, Total, 0, 0, 0, 0, 0, 0, 3419259, 3419259
2015, RAJASTHAN, 8, NAGAUR, 101, MERTA, 1329, ROL CHANDAWATA, 40633, 1174367, Drinking water, 0, 0, 0, 0, 0, 0, 68904, 68904
2015, RAJASTHAN, 8, NAGAUR, 101, MERTA, 1329, ROL CHANDAWATA, 40633, 1174367, Roads, 0, 0, 0, 0, 0, 0, 2393398, 2393398
2015, RAJASTHAN, 8, NAGAUR, 101, MERTA, 1329, ROL CHANDAWATA, 40633, 1174367, Total, 0, 0, 0, 0, 0, 0, 2462302, 2462302
2015, RAJASTHAN, 8, NAGAUR, 101, MERTA, 1329, SATLAWAS, 40634, 1162971, Roads, 0, 0, 0, 0, 0, 0, 1142893, 1142893
2015, RAJASTHAN, 8, NAGAUR, 101, MERTA, 1329, SATLAWAS, 40634, 1162971, Total, 0, 0, 0, 0, 0, 0, 1142893, 1142893
2015, RAJASTHAN, 8, NAGAUR, 101, MERTA, 1329, SOGAWAS, 40635, 1174377, Roads, 0, 0, 0, 0, 0, 0, 1859211, 1859211
2015, RAJASTHAN, 8, NAGAUR, 101, MERTA, 1329, SOGAWAS, 40635, 1174377, Social welfare, 0, 0, 0, 0, 0, 0, 852000, 852000
2015, RAJASTHAN, 8, NAGAUR, 101, MERTA, 1329, SOGAWAS, 40635, 1174377, Total, 0, 0, 0, 0, 0, 0, 2711211, 2711211
2015, RAJASTHAN, 8, NAGAUR, 101, MERTA, 1329, SOGAWAS, 40635, 1348748, Roads, 0, 0, 0, 0, 0, 0, 1924145, 1924145
2015, RAJASTHAN, 8, NAGAUR, 101, MERTA, 1329, SOGAWAS, 40635, 1348748, Sanitation, 0, 0, 0, 0, 0, 0, 787066, 787066
2015, RAJASTHAN, 8, NAGAUR, 101, MERTA, 1329, SOGAWAS, 40635, 1348748, Total, 0, 0, 0, 0, 0, 0, 2711211, 2711211
2015, RAJASTHAN, 8, NAGAUR, 101, MERTA, 1329, TALANPUR, 40636, 1163737, Roads, 0, 0, 0, 0, 0, 0, 2094395, 2094395
2015, RAJASTHAN, 8, NAGAUR, 101, MERTA, 1329, TALANPUR, 40636, 1163737, Total, 0, 0, 0, 0, 0, 0, 2094395, 2094395
2015, RAJASTHAN, 8, NAGAUR, 101, MERTA, 1329, TUNKLIYA, 40637, 1176532, Cultural activities, 0, 0, 0, 0, 0, 0, 357863, 357863
2015, RAJASTHAN, 8, NAGAUR, 101, MERTA, 1329, TUNKLIYA, 40637, 1176532, Drinking water, 0, 0, 0, 0, 0, 0, 550000, 550000
2015, RAJASTHAN, 8, NAGAUR, 101, MERTA, 1329, TUNKLIYA, 40637, 1176532, Roads, 0, 0, 0, 0, 0, 0, 1806033, 1806033
2015, RAJASTHAN, 8, NAGAUR, 101, MERTA, 1329, TUNKLIYA, 40637, 1176532, Social welfare, 0, 0, 0, 0, 0, 0, 357864, 357864
2015, RAJASTHAN, 8, NAGAUR, 101, MERTA, 1329, TUNKLIYA, 40637, 1176532, Total, 0, 0, 0, 0, 0, 0, 3071760, 3071760
2015, RAJASTHAN, 8, NAGAUR, 101, MOLASAR, 262369, AKODA, 40380, 1327314, Drinking water, 0, 0, 0, 0, 0, 0, 562549, 562549
2015, RAJASTHAN, 8, NAGAUR, 101, MOLASAR, 262369, AKODA, 40380, 1327314, Roads, 0, 0, 0, 0, 0, 0, 1286366, 1286366
2015, RAJASTHAN, 8, NAGAUR, 101, MOLASAR, 262369, AKODA, 40380, 1327314, Sanitation, 0, 0, 0, 0, 0, 0, 600000, 600000
2015, RAJASTHAN, 8, NAGAUR, 101, MOLASAR, 262369, AKODA, 40380, 1327314, Total, 0, 0, 0, 0, 0, 0, 2448915, 2448915
2015, RAJASTHAN, 8, NAGAUR, 101, MOLASAR, 262369, ALAKH PURA, 40381, 1292665, Drinking water, 0, 0, 0, 0, 0, 0, 840027, 840027
2015, RAJASTHAN, 8, NAGAUR, 101, MOLASAR, 262369, ALAKH PURA, 40381, 1292665, Roads, 0, 0, 0, 0, 0, 0, 1272746, 1272746
2015, RAJASTHAN, 8, NAGAUR, 101, MOLASAR, 262369, ALAKH PURA, 40381, 1292665, Sanitation, 0, 0, 0, 0, 0, 0, 710000, 710000
2015, RAJASTHAN, 8, NAGAUR, 101, MOLASAR, 262369, ALAKH PURA, 40381, 1292665, Total, 0, 0, 0, 0, 0, 0, 2822773, 2822773
2015, RAJASTHAN, 8, NAGAUR, 101, MOLASAR, 262369, BANSA, 40383, 1250698, Drinking water, 0, 0, 0, 0, 0, 0, 1005000, 1005000
2015, RAJASTHAN, 8, NAGAUR, 101, MOLASAR, 262369, BANSA, 40383, 1250698, Roads, 0, 0, 0, 0, 0, 0, 1149000, 1149000
2015, RAJASTHAN, 8, NAGAUR, 101, MOLASAR, 262369, BANSA, 40383, 1250698, Sanitation, 0, 0, 0, 0, 0, 0, 101293, 101293
2015, RAJASTHAN, 8, NAGAUR, 101, MOLASAR, 262369, BANSA, 40383, 1250698, Social welfare, 0, 0, 0, 0, 0, 0, 75119, 75119
2015, RAJASTHAN, 8, NAGAUR, 101, MOLASAR, 262369, BANSA, 40383, 1250698, Total, 0, 0, 0, 0, 0, 0, 2330412, 2330412
2015, RAJASTHAN, 8, NAGAUR, 101, MOLASAR, 262369, BEGSAR, 40386, 1259190, Roads, 0, 0, 0, 0, 0, 0, 1123845, 1123845
2015, RAJASTHAN, 8, NAGAUR, 101, MOLASAR, 262369, BEGSAR, 40386, 1259190, Sanitation, 0, 0, 0, 0, 0, 0, 1015671, 1015671
2015, RAJASTHAN, 8, NAGAUR, 101, MOLASAR, 262369, BEGSAR, 40386, 1259190, Total, 0, 0, 0, 0, 0, 0, 2139516, 2139516
2015, RAJASTHAN, 8, NAGAUR, 101, MOLASAR, 262369, BERWA, 40388, 1239892, Drinking water, 0, 0, 0, 0, 0, 0, 429000, 429000
2015, RAJASTHAN, 8, NAGAUR, 101, MOLASAR, 262369, BERWA, 40388, 1239892, Roads, 0, 0, 0, 0, 0, 0, 1100405, 1100405
2015, RAJASTHAN, 8, NAGAUR, 101, MOLASAR, 262369, BERWA, 40388, 1239892, Sanitation, 0, 0, 0, 0, 0, 0, 540487, 540487
2015, RAJASTHAN, 8, NAGAUR, 101, MOLASAR, 262369, BERWA, 40388, 1239892, Social welfare, 0, 0, 0, 0, 0, 0, 25000, 25000
2015, RAJASTHAN, 8, NAGAUR, 101, MOLASAR, 262369, BERWA, 40388, 1239892, Total, 0, 0, 0, 0, 0, 0, 2094892, 2094892
2015, RAJASTHAN, 8, NAGAUR, 101, MOLASAR, 262369, BHADALIYA, 40389, 1250575, Drinking water, 0, 0, 0, 0, 0, 0, 240000, 240000
2015, RAJASTHAN, 8, NAGAUR, 101, MOLASAR, 262369, BHADALIYA, 40389, 1250575, Roads, 0, 0, 0, 0, 0, 0, 1381663, 1381663
2015, RAJASTHAN, 8, NAGAUR, 101, MOLASAR, 262369, BHADALIYA, 40389, 1250575, Sanitation, 0, 0, 0, 0, 0, 0, 1351347, 1351347
2015, RAJASTHAN, 8, NAGAUR, 101, MOLASAR, 262369, BHADALIYA, 40389, 1250575, Total, 0, 0, 0, 0, 0, 0, 2973010, 2973010
2015, RAJASTHAN, 8, NAGAUR, 101, MOLASAR, 262369, CHHAPRI  KALAN, 40391, 1244706, Drinking water, 0, 0, 0, 0, 0, 0, 693644, 693644
2015, RAJASTHAN, 8, NAGAUR, 101, MOLASAR, 262369, CHHAPRI  KALAN, 40391, 1244706, Roads, 0, 0, 0, 0, 0, 0, 1044147, 1044147
2015, RAJASTHAN, 8, NAGAUR, 101, MOLASAR, 262369, CHHAPRI  KALAN, 40391, 1244706, Sanitation, 0, 0, 0, 0, 0, 0, 200000, 200000
2015, RAJASTHAN, 8, NAGAUR, 101, MOLASAR, 262369, CHHAPRI  KALAN, 40391, 1244706, Social welfare, 0, 0, 0, 0, 0, 0, 50000, 50000
2015, RAJASTHAN, 8, NAGAUR, 101, MOLASAR, 262369, CHHAPRI  KALAN, 40391, 1244706, Total, 0, 0, 0, 0, 0, 0, 1987791, 1987791
2015, RAJASTHAN, 8, NAGAUR, 101, MOLASAR, 262369, CHHAPRI  KHURD, 40392, 1250641, Education, 0, 0, 0, 0, 0, 0, 500000, 500000
2015, RAJASTHAN, 8, NAGAUR, 101, MOLASAR, 262369, CHHAPRI  KHURD, 40392, 1250641, Health, 0, 0, 0, 0, 0, 0, 130116, 130116
2015, RAJASTHAN, 8, NAGAUR, 101, MOLASAR, 262369, CHHAPRI  KHURD, 40392, 1250641, Roads, 0, 0, 0, 0, 0, 0, 1150000, 1150000
2015, RAJASTHAN, 8, NAGAUR, 101, MOLASAR, 262369, CHHAPRI  KHURD, 40392, 1250641, Sanitation, 0, 0, 0, 0, 0, 0, 1548406, 1548406
2015, RAJASTHAN, 8, NAGAUR, 101, MOLASAR, 262369, CHHAPRI  KHURD, 40392, 1250641, Total, 0, 0, 0, 0, 0, 0, 3328522, 3328522
2015, RAJASTHAN, 8, NAGAUR, 101, MOLASAR, 262369, DABRA, 40394, 1247442, Drinking water, 0, 0, 0, 0, 0, 0, 913539, 913539
2015, RAJASTHAN, 8, NAGAUR, 101, MOLASAR, 262369, DABRA, 40394, 1247442, Roads, 0, 0, 0, 0, 0, 0, 1785390, 1785390
2015, RAJASTHAN, 8, NAGAUR, 101, MOLASAR, 262369, DABRA, 40394, 1247442, Sanitation, 0, 0, 0, 0, 0, 0, 700000, 700000
2015, RAJASTHAN, 8, NAGAUR, 101, MOLASAR, 262369, DABRA, 40394, 1247442, Total, 0, 0, 0, 0, 0, 0, 3398929, 3398929
2015, RAJASTHAN, 8, NAGAUR, 101, MOLASAR, 262369, DAKI PURA, 40396, 1311266, Drinking water, 0, 0, 0, 0, 0, 0, 1219747, 1219747
2015, RAJASTHAN, 8, NAGAUR, 101, MOLASAR, 262369, DAKI PURA, 40396, 1311266, Roads, 0, 0, 0, 0, 0, 0, 1349656, 1349656
2015, RAJASTHAN, 8, NAGAUR, 101, MOLASAR, 262369, DAKI PURA, 40396, 1311266, Total, 0, 0, 0, 0, 0, 0, 2569403, 2569403
2015, RAJASTHAN, 8, NAGAUR, 101, MOLASAR, 262369, DAUDSAR, 40397, 1273818, Drinking water, 0, 0, 0, 0, 0, 0, 1565051, 1565051
2015, RAJASTHAN, 8, NAGAUR, 101, MOLASAR, 262369, DAUDSAR, 40397, 1273818, Roads, 0, 0, 0, 0, 0, 0, 1731737, 1731737
2015, RAJASTHAN, 8, NAGAUR, 101, MOLASAR, 262369, DAUDSAR, 40397, 1273818, Total, 0, 0, 0, 0, 0, 0, 3296788, 3296788
2015, RAJASTHAN, 8, NAGAUR, 101, MOLASAR, 262369, DHANKOLI, 40400, 1319697, Roads, 0, 0, 0, 0, 0, 0, 1986197, 1986197
2015, RAJASTHAN, 8, NAGAUR, 101, MOLASAR, 262369, DHANKOLI, 40400, 1319697, Sanitation, 0, 0, 0, 0, 0, 0, 1795019, 1795019
2015, RAJASTHAN, 8, NAGAUR, 101, MOLASAR, 262369, DHANKOLI, 40400, 1319697, Total, 0, 0, 0, 0, 0, 0, 3781216, 3781216
2015, RAJASTHAN, 8, NAGAUR, 101, MOLASAR, 262369, KHAKHOLI, 40405, 1312804, Drinking water, 0, 0, 0, 0, 0, 0, 1013967, 1013967
2015, RAJASTHAN, 8, NAGAUR, 101, MOLASAR, 262369, KHAKHOLI, 40405, 1312804, Roads, 0, 0, 0, 0, 0, 0, 1500457, 1500457
2015, RAJASTHAN, 8, NAGAUR, 101, MOLASAR, 262369, KHAKHOLI, 40405, 1312804, Sanitation, 0, 0, 0, 0, 0, 0, 300000, 300000
2015, RAJASTHAN, 8, NAGAUR, 101, MOLASAR, 262369, KHAKHOLI, 40405, 1312804, Social welfare, 0, 0, 0, 0, 0, 0, 42066, 42066
2015, RAJASTHAN, 8, NAGAUR, 101, MOLASAR, 262369, KHAKHOLI, 40405, 1312804, Total, 0, 0, 0, 0, 0, 0, 2856490, 2856490
2015, RAJASTHAN, 8, NAGAUR, 101, MOLASAR, 262369, KHARWALIYA, 40407, 1239391, Drinking water, 0, 0, 0, 0, 0, 0, 300000, 300000
2015, RAJASTHAN, 8, NAGAUR, 101, MOLASAR, 262369, KHARWALIYA, 40407, 1239391, Land improvement, 0, 0, 0, 0, 0, 0, 250000, 250000
2015, RAJASTHAN, 8, NAGAUR, 101, MOLASAR, 262369, KHARWALIYA, 40407, 1239391, Roads, 0, 0, 0, 0, 0, 0, 1144681, 1144681
2015, RAJASTHAN, 8, NAGAUR, 101, MOLASAR, 262369, KHARWALIYA, 40407, 1239391, Sanitation, 0, 0, 0, 0, 0, 0, 484501, 484501
2015, RAJASTHAN, 8, NAGAUR, 101, MOLASAR, 262369, KHARWALIYA, 40407, 1239391, Total, 0, 0, 0, 0, 0, 0, 2179182, 2179182
2015, RAJASTHAN, 8, NAGAUR, 101, MOLASAR, 262369, KHOJASH, 40409, 1277196, Drinking water, 0, 0, 0, 0, 0, 0, 1008106, 1008106
2015, RAJASTHAN, 8, NAGAUR, 101, MOLASAR, 262369, KHOJASH, 40409, 1277196, Roads, 0, 0, 0, 0, 0, 0, 1369971, 1369971
2015, RAJASTHAN, 8, NAGAUR, 101, MOLASAR, 262369, KHOJASH, 40409, 1277196, Sanitation, 0, 0, 0, 0, 0, 0, 230000, 230000
2015, RAJASTHAN, 8, NAGAUR, 101, MOLASAR, 262369, KHOJASH, 40409, 1277196, Total, 0, 0, 0, 0, 0, 0, 2608077, 2608077
2015, RAJASTHAN, 8, NAGAUR, 101, MOLASAR, 262369, LADARIYA, 40412, 1245912, Roads, 0, 0, 0, 0, 0, 0, 1470766, 1470766
2015, RAJASTHAN, 8, NAGAUR, 101, MOLASAR, 262369, LADARIYA, 40412, 1245912, Sanitation, 0, 0, 0, 0, 0, 0, 1329199, 1329199
2015, RAJASTHAN, 8, NAGAUR, 101, MOLASAR, 262369, LADARIYA, 40412, 1245912, Total, 0, 0, 0, 0, 0, 0, 2799965, 2799965
2015, RAJASTHAN, 8, NAGAUR, 101, MOLASAR, 262369, MANDUKARA, 40416, 1257136, Drinking water, 0, 0, 0, 0, 0, 0, 578753, 578753
2015, RAJASTHAN, 8, NAGAUR, 101, MOLASAR, 262369, MANDUKARA, 40416, 1257136, Roads, 0, 0, 0, 0, 0, 0, 1693646, 1693646
2015, RAJASTHAN, 8, NAGAUR, 101, MOLASAR, 262369, MANDUKARA, 40416, 1257136, Total, 0, 0, 0, 0, 0, 0, 2272399, 2272399
2015, RAJASTHAN, 8, NAGAUR, 101, MOLASAR, 262369, MOLASAR, 40418, 1291735, Drinking water, 0, 0, 0, 0, 0, 0, 554298, 554298
2015, RAJASTHAN, 8, NAGAUR, 101, MOLASAR, 262369, MOLASAR, 40418, 1291735, Roads, 0, 0, 0, 0, 0, 0, 1941140, 1941140
2015, RAJASTHAN, 8, NAGAUR, 101, MOLASAR, 262369, MOLASAR, 40418, 1291735, Sanitation, 0, 0, 0, 0, 0, 0, 1200000, 1200000
2015, RAJASTHAN, 8, NAGAUR, 101, MOLASAR, 262369, MOLASAR, 40418, 1291735, Total, 0, 0, 0, 0, 0, 0, 3695438, 3695438
2015, RAJASTHAN, 8, NAGAUR, 101, MOLASAR, 262369, NIMOD, 40420, 1312909, Drinking water, 0, 0, 0, 0, 0, 0, 600000, 600000
2015, RAJASTHAN, 8, NAGAUR, 101, MOLASAR, 262369, NIMOD, 40420, 1312909, Roads, 0, 0, 0, 0, 0, 0, 1512959, 1512959
2015, RAJASTHAN, 8, NAGAUR, 101, MOLASAR, 262369, NIMOD, 40420, 1312909, Sanitation, 0, 0, 0, 0, 0, 0, 767331, 767331
2015, RAJASTHAN, 8, NAGAUR, 101, MOLASAR, 262369, NIMOD, 40420, 1312909, Total, 0, 0, 0, 0, 0, 0, 2880290, 2880290
2015, RAJASTHAN, 8, NAGAUR, 101, MOLASAR, 262369, NUWA, 40421, 1276763, Drinking water, 0, 0, 0, 0, 0, 0, 769214, 769214
2015, RAJASTHAN, 8, NAGAUR, 101, MOLASAR, 262369, NUWA, 40421, 1276763, Roads, 0, 0, 0, 0, 0, 0, 1015042, 1015042
2015, RAJASTHAN, 8, NAGAUR, 101, MOLASAR, 262369, NUWA, 40421, 1276763, Sanitation, 0, 0, 0, 0, 0, 0, 1100000, 1100000
2015, RAJASTHAN, 8, NAGAUR, 101, MOLASAR, 262369, NUWA, 40421, 1276763, Total, 0, 0, 0, 0, 0, 0, 2884256, 2884256
2015, RAJASTHAN, 8, NAGAUR, 101, MOLASAR, 262369, PAWA, 40423, 1321619, Roads, 0, 0, 0, 0, 0, 0, 1537961, 1537961
2015, RAJASTHAN, 8, NAGAUR, 101, MOLASAR, 262369, PAWA, 40423, 1321619, Rural electrification, 0, 0, 0, 0, 0, 0, 389927, 389927
2015, RAJASTHAN, 8, NAGAUR, 101, MOLASAR, 262369, PAWA, 40423, 1321619, Social welfare, 0, 0, 0, 0, 0, 0, 1000000, 1000000
2015, RAJASTHAN, 8, NAGAUR, 101, MOLASAR, 262369, PAWA, 40423, 1321619, Total, 0, 0, 0, 0, 0, 0, 2927888, 2927888
2015, RAJASTHAN, 8, NAGAUR, 101, MOLASAR, 262369, PHOGRI, 40425, 1241760, Drinking water, 0, 0, 0, 0, 0, 0, 664395, 664395
2015, RAJASTHAN, 8, NAGAUR, 101, MOLASAR, 262369, PHOGRI, 40425, 1241760, Education, 0, 0, 0, 0, 0, 0, 100000, 100000
2015, RAJASTHAN, 8, NAGAUR, 101, MOLASAR, 262369, PHOGRI, 40425, 1241760, Roads, 0, 0, 0, 0, 0, 0, 977758, 977758
2015, RAJASTHAN, 8, NAGAUR, 101, MOLASAR, 262369, PHOGRI, 40425, 1241760, Sanitation, 0, 0, 0, 0, 0, 0, 500000, 500000
2015, RAJASTHAN, 8, NAGAUR, 101, MOLASAR, 262369, PHOGRI, 40425, 1241760, Total, 0, 0, 0, 0, 0, 0, 2242153, 2242153
2015, RAJASTHAN, 8, NAGAUR, 101, MOLASAR, 262369, PIDWA, 40424, 1261704, Drinking water, 0, 0, 0, 0, 0, 0, 900000, 900000
2015, RAJASTHAN, 8, NAGAUR, 101, MOLASAR, 262369, PIDWA, 40424, 1261704, Education, 0, 0, 0, 0, 0, 0, 674231, 674231
2015, RAJASTHAN, 8, NAGAUR, 101, MOLASAR, 262369, PIDWA, 40424, 1261704, Roads, 0, 0, 0, 0, 0, 0, 1741894, 1741894
2015, RAJASTHAN, 8, NAGAUR, 101, MOLASAR, 262369, PIDWA, 40424, 1261704, Total, 0, 0, 0, 0, 0, 0, 3316125, 3316125
2015, RAJASTHAN, 8, NAGAUR, 101, MOLASAR, 262369, RASIDPURA, 40426, 1238085, Drinking water, 0, 0, 0, 0, 0, 0, 1619444, 1619444
2015, RAJASTHAN, 8, NAGAUR, 101, MOLASAR, 262369, RASIDPURA, 40426, 1238085, Health, 0, 0, 0, 0, 0, 0, 100000, 100000
2015, RAJASTHAN, 8, NAGAUR, 101, MOLASAR, 262369, RASIDPURA, 40426, 1238085, Roads, 0, 0, 0, 0, 0, 0, 845000, 845000
2015, RAJASTHAN, 8, NAGAUR, 101, MOLASAR, 262369, RASIDPURA, 40426, 1238085, Total, 0, 0, 0, 0, 0, 0, 2564444, 2564444
2015, RAJASTHAN, 8, NAGAUR, 101, MOLASAR, 262369, SUDRASAN, 40432, 1318632, Drinking water, 0, 0, 0, 0, 0, 0, 1614247, 1614247
2015, RAJASTHAN, 8, NAGAUR, 101, MOLASAR, 262369, SUDRASAN, 40432, 1318632, Roads, 0, 0, 0, 0, 0, 0, 1786171, 1786171
2015, RAJASTHAN, 8, NAGAUR, 101, MOLASAR, 262369, SUDRASAN, 40432, 1318632, Total, 0, 0, 0, 0, 0, 0, 3400418, 3400418
2015, RAJASTHAN, 8, NAGAUR, 101, MOLASAR, 262369, THEBRI, 40434, 1314209, Drinking water, 0, 0, 0, 0, 0, 0, 1173252, 1173252
2015, RAJASTHAN, 8, NAGAUR, 101, MOLASAR, 262369, THEBRI, 40434, 1314209, Roads, 0, 0, 0, 0, 0, 0, 1630162, 1630162
2015, RAJASTHAN, 8, NAGAUR, 101, MOLASAR, 262369, THEBRI, 40434, 1314209, Sanitation, 0, 0, 0, 0, 0, 0, 300000, 300000
2015, RAJASTHAN, 8, NAGAUR, 101, MOLASAR, 262369, THEBRI, 40434, 1314209, Total, 0, 0, 0, 0, 0, 0, 3103414, 3103414
2015, RAJASTHAN, 8, NAGAUR, 101, MOLASAR, 262369, TOSHINA, 40435, 1321988, Drinking water, 0, 0, 0, 0, 0, 0, 600000, 600000
2015, RAJASTHAN, 8, NAGAUR, 101, MOLASAR, 262369, TOSHINA, 40435, 1321988, Roads, 0, 0, 0, 0, 0, 0, 1446283, 1446283
2015, RAJASTHAN, 8, NAGAUR, 101, MOLASAR, 262369, TOSHINA, 40435, 1321988, Sanitation, 0, 0, 0, 0, 0, 0, 707073, 707073
2015, RAJASTHAN, 8, NAGAUR, 101, MOLASAR, 262369, TOSHINA, 40435, 1321988, Total, 0, 0, 0, 0, 0, 0, 2753356, 2753356
2015, RAJASTHAN, 8, NAGAUR, 101, MUNDWA, 1330, ARAWAR, 40438, 1150285, Drinking water, 0, 0, 0, 0, 0, 0, 400000, 400000
2015, RAJASTHAN, 8, NAGAUR, 101, MUNDWA, 1330, ARAWAR, 40438, 1150285, Public distribution system, 0, 0, 0, 0, 0, 0, 525000, 525000
2015, RAJASTHAN, 8, NAGAUR, 101, MUNDWA, 1330, ARAWAR, 40438, 1150285, Roads, 0, 0, 0, 0, 0, 0, 854331, 854331
2015, RAJASTHAN, 8, NAGAUR, 101, MUNDWA, 1330, ARAWAR, 40438, 1150285, Sanitation, 0, 0, 0, 0, 0, 0, 608597, 608597
2015, RAJASTHAN, 8, NAGAUR, 101, MUNDWA, 1330, ARAWAR, 40438, 1150285, Total, 0, 0, 0, 0, 0, 0, 2387928, 2387928
2015, RAJASTHAN, 8, NAGAUR, 101, MUNDWA, 1330, ASAWARI, 40640, 1159343, Drinking water, 0, 0, 0, 0, 0, 0, 1273649, 1273649
2015, RAJASTHAN, 8, NAGAUR, 101, MUNDWA, 1330, ASAWARI, 40640, 1159343, Roads, 0, 0, 0, 0, 0, 0, 1409299, 1409299
2015, RAJASTHAN, 8, NAGAUR, 101, MUNDWA, 1330, ASAWARI, 40640, 1159343, Total, 0, 0, 0, 0, 0, 0, 2682948, 2682948
2015, RAJASTHAN, 8, NAGAUR, 101, MUNDWA, 1330, BALAYA, 40641, 1159344, Drinking water, 0, 0, 0, 0, 0, 0, 1130537, 1130537
2015, RAJASTHAN, 8, NAGAUR, 101, MUNDWA, 1330, BALAYA, 40641, 1159344, Roads, 0, 0, 0, 0, 0, 0, 1250945, 1250945
2015, RAJASTHAN, 8, NAGAUR, 101, MUNDWA, 1330, BALAYA, 40641, 1159344, Total, 0, 0, 0, 0, 0, 0, 2381482, 2381482
2015, RAJASTHAN, 8, NAGAUR, 101, MUNDWA, 1330, BHAKROD, 40684, 1159346, Drinking water, 0, 0, 0, 0, 0, 0, 990015, 990015
2015, RAJASTHAN, 8, NAGAUR, 101, MUNDWA, 1330, BHAKROD, 40684, 1159346, Roads, 0, 0, 0, 0, 0, 0, 1095456, 1095456
2015, RAJASTHAN, 8, NAGAUR, 101, MUNDWA, 1330, BHAKROD, 40684, 1159346, Total, 0, 0, 0, 0, 0, 0, 2085471, 2085471
2015, RAJASTHAN, 8, NAGAUR, 101, MUNDWA, 1330, BORWA, 40441, 1162156, Drinking water, 0, 0, 0, 0, 0, 0, 872088, 872088
2015, RAJASTHAN, 8, NAGAUR, 101, MUNDWA, 1330, BORWA, 40441, 1162156, Roads, 0, 0, 0, 0, 0, 0, 964970, 964970
2015, RAJASTHAN, 8, NAGAUR, 101, MUNDWA, 1330, BORWA, 40441, 1162156, Total, 0, 0, 0, 0, 0, 0, 1837058, 1837058
2015, RAJASTHAN, 8, NAGAUR, 101, MUNDWA, 1330, DEEDIYA KALAN, 40448, 1162150, Drinking water, 0, 0, 0, 0, 0, 0, 1350000, 1350000
2015, RAJASTHAN, 8, NAGAUR, 101, MUNDWA, 1330, DEEDIYA KALAN, 40448, 1162150, Roads, 0, 0, 0, 0, 0, 0, 1454427, 1454427
2015, RAJASTHAN, 8, NAGAUR, 101, MUNDWA, 1330, DEEDIYA KALAN, 40448, 1162150, Total, 0, 0, 0, 0, 0, 0, 2804427, 2804427
2015, RAJASTHAN, 8, NAGAUR, 101, MUNDWA, 1330, FIROD, 40647, 1162155, Drinking water, 0, 0, 0, 0, 0, 0, 1783746, 1783746
2015, RAJASTHAN, 8, NAGAUR, 101, MUNDWA, 1330, FIROD, 40647, 1162155, Sanitation, 0, 0, 0, 0, 0, 0, 150000, 150000
2015, RAJASTHAN, 8, NAGAUR, 101, MUNDWA, 1330, FIROD, 40647, 1162155, Total, 0, 0, 0, 0, 0, 0, 1933746, 1933746
2015, RAJASTHAN, 8, NAGAUR, 101, MUNDWA, 1330, GAAJU, 40648, 1182956, Drinking water, 0, 0, 0, 0, 0, 0, 1787500, 1787500
2015, RAJASTHAN, 8, NAGAUR, 101, MUNDWA, 1330, GAAJU, 40648, 1182956, Roads, 0, 0, 0, 0, 0, 0, 713974, 713974
2015, RAJASTHAN, 8, NAGAUR, 101, MUNDWA, 1330, GAAJU, 40648, 1182956, Total, 0, 0, 0, 0, 0, 0, 2501474, 2501474
2015, RAJASTHAN, 8, NAGAUR, 101, MUNDWA, 1330, GELOLI, 40453, 1162153, Drinking water, 0, 0, 0, 0, 0, 0, 1035391, 1035391
2015, RAJASTHAN, 8, NAGAUR, 101, MUNDWA, 1330, GELOLI, 40453, 1162153, Roads, 0, 0, 0, 0, 0, 0, 1000000, 1000000
2015, RAJASTHAN, 8, NAGAUR, 101, MUNDWA, 1330, GELOLI, 40453, 1162153, Total, 0, 0, 0, 0, 0, 0, 2035391, 2035391
2015, RAJASTHAN, 8, NAGAUR, 101, MUNDWA, 1330, GOTHARA, 40649, 1164070, Drinking water, 0, 0, 0, 0, 0, 0, 337771, 337771
2015, RAJASTHAN, 8, NAGAUR, 101, MUNDWA, 1330, GOTHARA, 40649, 1164070, Public distribution system, 0, 0, 0, 0, 0, 0, 1026500, 1026500
2015, RAJASTHAN, 8, NAGAUR, 101, MUNDWA, 1330, GOTHARA, 40649, 1164070, Roads, 0, 0, 0, 0, 0, 0, 1509572, 1509572
2015, RAJASTHAN, 8, NAGAUR, 101, MUNDWA, 1330, GOTHARA, 40649, 1164070, Total, 0, 0, 0, 0, 0, 0, 2873843, 2873843
2015, RAJASTHAN, 8, NAGAUR, 101, MUNDWA, 1330, GWALOO, 40650, 1164068, Drinking water, 0, 0, 0, 0, 0, 0, 2421149, 2421149
2015, RAJASTHAN, 8, NAGAUR, 101, MUNDWA, 1330, GWALOO, 40650, 1164068, Libraries, 0, 0, 0, 0, 0, 0, 10000, 10000
2015, RAJASTHAN, 8, NAGAUR, 101, MUNDWA, 1330, GWALOO, 40650, 1164068, Total, 0, 0, 0, 0, 0, 0, 2431149, 2431149
2015, RAJASTHAN, 8, NAGAUR, 101, MUNDWA, 1330, HILORI, 40651, 1164066, Drinking water, 0, 0, 0, 0, 0, 0, 77000, 77000
2015, RAJASTHAN, 8, NAGAUR, 101, MUNDWA, 1330, HILORI, 40651, 1164066, Roads, 0, 0, 0, 0, 0, 0, 1124887, 1124887
2015, RAJASTHAN, 8, NAGAUR, 101, MUNDWA, 1330, HILORI, 40651, 1164066, Sanitation, 0, 0, 0, 0, 0, 0, 490000, 490000
2015, RAJASTHAN, 8, NAGAUR, 101, MUNDWA, 1330, HILORI, 40651, 1164066, Social forestry and farm forestry, 0, 0, 0, 0, 0, 0, 449613, 449613
2015, RAJASTHAN, 8, NAGAUR, 101, MUNDWA, 1330, HILORI, 40651, 1164066, Total, 0, 0, 0, 0, 0, 0, 2141500, 2141500
2015, RAJASTHAN, 8, NAGAUR, 101, MUNDWA, 1330, INANA, 40652, 1164064, Drinking water, 0, 0, 0, 0, 0, 0, 3385769, 3385769
2015, RAJASTHAN, 8, NAGAUR, 101, MUNDWA, 1330, INANA, 40652, 1164064, Roads, 0, 0, 0, 0, 0, 0, 984000, 984000
2015, RAJASTHAN, 8, NAGAUR, 101, MUNDWA, 1330, INANA, 40652, 1164064, Total, 0, 0, 0, 0, 0, 0, 4369769, 4369769
2015, RAJASTHAN, 8, NAGAUR, 101, MUNDWA, 1330, JANANA, 40653, 1175199, Drinking water, 0, 0, 0, 0, 0, 0, 500000, 500000
2015, RAJASTHAN, 8, NAGAUR, 101, MUNDWA, 1330, JANANA, 40653, 1175199, Roads, 0, 0, 0, 0, 0, 0, 2916779, 2916779
2015, RAJASTHAN, 8, NAGAUR, 101, MUNDWA, 1330, JANANA, 40653, 1175199, Total, 0, 0, 0, 0, 0, 0, 3416779, 3416779
2015, RAJASTHAN, 8, NAGAUR, 101, MUNDWA, 1330, JHUJHANDA, 40654, 1170365, Drinking water, 0, 0, 0, 0, 0, 0, 1881994, 1881994
2015, RAJASTHAN, 8, NAGAUR, 101, MUNDWA, 1330, JHUJHANDA, 40654, 1170365, Roads, 0, 0, 0, 0, 0, 0, 196672, 196672
2015, RAJASTHAN, 8, NAGAUR, 101, MUNDWA, 1330, JHUJHANDA, 40654, 1170365, Sanitation, 0, 0, 0, 0, 0, 0, 400000, 400000
2015, RAJASTHAN, 8, NAGAUR, 101, MUNDWA, 1330, JHUJHANDA, 40654, 1170365, Total, 0, 0, 0, 0, 0, 0, 2478666, 2478666
2015, RAJASTHAN, 8, NAGAUR, 101, MUNDWA, 1330, KARLOO, 40656, 1170363, Drinking water, 0, 0, 0, 0, 0, 0, 1812672, 1812672
2015, RAJASTHAN, 8, NAGAUR, 101, MUNDWA, 1330, KARLOO, 40656, 1170363, Roads, 0, 0, 0, 0, 0, 0, 2005732, 2005732
2015, RAJASTHAN, 8, NAGAUR, 101, MUNDWA, 1330, KARLOO, 40656, 1170363, Total, 0, 0, 0, 0, 0, 0, 3818404, 3818404
2015, RAJASTHAN, 8, NAGAUR, 101, MUNDWA, 1330, KHAJWANA, 40657, 1170384, Drinking water, 0, 0, 0, 0, 0, 0, 540000, 540000
2015, RAJASTHAN, 8, NAGAUR, 101, MUNDWA, 1330, KHAJWANA, 40657, 1170384, Roads, 0, 0, 0, 0, 0, 0, 3118250, 3118250
2015, RAJASTHAN, 8, NAGAUR, 101, MUNDWA, 1330, KHAJWANA, 40657, 1170384, Total, 0, 0, 0, 0, 0, 0, 3658250, 3658250
2015, RAJASTHAN, 8, NAGAUR, 101, MUNDWA, 1330, KHARNAL, 40658, 1170396, Drinking water, 0, 0, 0, 0, 0, 0, 1575929, 1575929
2015, RAJASTHAN, 8, NAGAUR, 101, MUNDWA, 1330, KHARNAL, 40658, 1170396, Roads, 0, 0, 0, 0, 0, 0, 690521, 690521
2015, RAJASTHAN, 8, NAGAUR, 101, MUNDWA, 1330, KHARNAL, 40658, 1170396, Total, 0, 0, 0, 0, 0, 0, 2266450, 2266450
2015, RAJASTHAN, 8, NAGAUR, 101, MUNDWA, 1330, LUNSARA, 40465, 1170476, Drinking water, 0, 0, 0, 0, 0, 0, 784377, 784377
2015, RAJASTHAN, 8, NAGAUR, 101, MUNDWA, 1330, LUNSARA, 40465, 1170476, Roads, 0, 0, 0, 0, 0, 0, 2026495, 2026495
2015, RAJASTHAN, 8, NAGAUR, 101, MUNDWA, 1330, LUNSARA, 40465, 1170476, Total, 0, 0, 0, 0, 0, 0, 2810872, 2810872
2015, RAJASTHAN, 8, NAGAUR, 101, MUNDWA, 1330, MANAKPUR, 40663, 1173490, Roads, 0, 0, 0, 0, 0, 0, 3058789, 3058789
2015, RAJASTHAN, 8, NAGAUR, 101, MUNDWA, 1330, MANAKPUR, 40663, 1173490, Total, 0, 0, 0, 0, 0, 0, 3058789, 3058789
2015, RAJASTHAN, 8, NAGAUR, 101, MUNDWA, 1330, MUNDIYAR, 40664, 1170629, Drinking water, 0, 0, 0, 0, 0, 0, 1781385, 1781385
2015, RAJASTHAN, 8, NAGAUR, 101, MUNDWA, 1330, MUNDIYAR, 40664, 1170629, Total, 0, 0, 0, 0, 0, 0, 1963495, 1963495
2015, RAJASTHAN, 8, NAGAUR, 101, MUNDWA, 1330, MUNDIYAR, 40664, 1170629, Water Conservation, 0, 0, 0, 0, 0, 0, 182110, 182110
2015, RAJASTHAN, 8, NAGAUR, 101, MUNDWA, 1330, PALRI JODHA, 40667, 1170661, Drinking water, 0, 0, 0, 0, 0, 0, 1197621, 1197621
2015, RAJASTHAN, 8, NAGAUR, 101, MUNDWA, 1330, PALRI JODHA, 40667, 1170661, Roads, 0, 0, 0, 0, 0, 0, 1325174, 1325174
2015, RAJASTHAN, 8, NAGAUR, 101, MUNDWA, 1330, PALRI JODHA, 40667, 1170661, Total, 0, 0, 0, 0, 0, 0, 2522795, 2522795
2015, RAJASTHAN, 8, NAGAUR, 101, MUNDWA, 1330, ROL, 40471, 1177892, Drinking water, 0, 0, 0, 0, 0, 0, 232172, 232172
2015, RAJASTHAN, 8, NAGAUR, 101, MUNDWA, 1330, ROL, 40471, 1177892, Land improvement, 0, 0, 0, 0, 0, 0, 500000, 500000
2015, RAJASTHAN, 8, NAGAUR, 101, MUNDWA, 1330, ROL, 40471, 1177892, Roads, 0, 0, 0, 0, 0, 0, 2916657, 2916657
2015, RAJASTHAN, 8, NAGAUR, 101, MUNDWA, 1330, ROL, 40471, 1177892, Total, 0, 0, 0, 0, 0, 0, 3648829, 3648829
2015, RAJASTHAN, 8, NAGAUR, 101, MUNDWA, 1330, ROON, 40671, 1170699, Drinking water, 0, 0, 0, 0, 0, 0, 2058126, 2058126
2015, RAJASTHAN, 8, NAGAUR, 101, MUNDWA, 1330, ROON, 40671, 1170699, Roads, 0, 0, 0, 0, 0, 0, 3330578, 3330578
2015, RAJASTHAN, 8, NAGAUR, 101, MUNDWA, 1330, ROON, 40671, 1170699, Total, 0, 0, 0, 0, 0, 0, 5388704, 5388704
2015, RAJASTHAN, 8, NAGAUR, 101, MUNDWA, 1330, ROOPATHAL, 40472, 1173328, Drinking water, 0, 0, 0, 0, 0, 0, 428344, 428344
2015, RAJASTHAN, 8, NAGAUR, 101, MUNDWA, 1330, ROOPATHAL, 40472, 1173328, Roads, 0, 0, 0, 0, 0, 0, 1027218, 1027218
2015, RAJASTHAN, 8, NAGAUR, 101, MUNDWA, 1330, ROOPATHAL, 40472, 1173328, Social welfare, 0, 0, 0, 0, 0, 0, 500000, 500000
2015, RAJASTHAN, 8, NAGAUR, 101, MUNDWA, 1330, ROOPATHAL, 40472, 1173328, Total, 0, 0, 0, 0, 0, 0, 1955562, 1955562
2015, RAJASTHAN, 8, NAGAUR, 101, MUNDWA, 1330, SANKHWAS, 40672, 1187978, Drinking water, 0, 0, 0, 0, 0, 0, 1802552, 1802552
2015, RAJASTHAN, 8, NAGAUR, 101, MUNDWA, 1330, SANKHWAS, 40672, 1187978, Roads, 0, 0, 0, 0, 0, 0, 1994532, 1994532
2015, RAJASTHAN, 8, NAGAUR, 101, MUNDWA, 1330, SANKHWAS, 40672, 1187978, Total, 0, 0, 0, 0, 0, 0, 3797084, 3797084
2015, RAJASTHAN, 8, NAGAUR, 101, MUNDWA, 1330, SENANI, 40673, 1175003, Drinking water, 0, 0, 0, 0, 0, 0, 608833, 608833
2015, RAJASTHAN, 8, NAGAUR, 101, MUNDWA, 1330, SENANI, 40673, 1175003, Roads, 0, 0, 0, 0, 0, 0, 2780181, 2780181
2015, RAJASTHAN, 8, NAGAUR, 101, MUNDWA, 1330, SENANI, 40673, 1175003, Total, 0, 0, 0, 0, 0, 0, 3389014, 3389014
2015, RAJASTHAN, 8, NAGAUR, 101, MUNDWA, 1330, SHEELGOAN, 40674, 1187848, Drinking water, 0, 0, 0, 0, 0, 0, 1927588, 1927588
2015, RAJASTHAN, 8, NAGAUR, 101, MUNDWA, 1330, SHEELGOAN, 40674, 1187848, Roads, 0, 0, 0, 0, 0, 0, 1079634, 1079634
2015, RAJASTHAN, 8, NAGAUR, 101, MUNDWA, 1330, SHEELGOAN, 40674, 1187848, Total, 0, 0, 0, 0, 0, 0, 3007222, 3007222
2015, RAJASTHAN, 8, NAGAUR, 101, MUNDWA, 1330, THIROD, 40676, 1178433, Roads, 0, 0, 0, 0, 0, 0, 2319999, 2319999
2015, RAJASTHAN, 8, NAGAUR, 101, MUNDWA, 1330, THIROD, 40676, 1178433, Total, 0, 0, 0, 0, 0, 0, 2319999, 2319999
2015, RAJASTHAN, 8, NAGAUR, 101, NAGAUR, 1331, ALAY, 40677, 1345660, Drinking water, 0, 0, 0, 0, 0, 0, 1692743, 1692743
2015, RAJASTHAN, 8, NAGAUR, 101, NAGAUR, 1331, ALAY, 40677, 1345660, Roads, 0, 0, 0, 0, 0, 0, 1350000, 1350000
2015, RAJASTHAN, 8, NAGAUR, 101, NAGAUR, 1331, ALAY, 40677, 1345660, Social welfare, 0, 0, 0, 0, 0, 0, 200000, 200000
2015, RAJASTHAN, 8, NAGAUR, 101, NAGAUR, 1331, ALAY, 40677, 1345660, Total, 0, 0, 0, 0, 0, 0, 3242743, 3242743
2015, RAJASTHAN, 8, NAGAUR, 101, NAGAUR, 1331, AMARPURA, 40678, 1341839, Roads, 0, 0, 0, 0, 0, 0, 2427000, 2427000
2015, RAJASTHAN, 8, NAGAUR, 101, NAGAUR, 1331, AMARPURA, 40678, 1341839, Rural housing, 0, 0, 0, 0, 0, 0, 170000, 170000
2015, RAJASTHAN, 8, NAGAUR, 101, NAGAUR, 1331, AMARPURA, 40678, 1341839, Social welfare, 0, 0, 0, 0, 0, 0, 15045, 15045
2015, RAJASTHAN, 8, NAGAUR, 101, NAGAUR, 1331, AMARPURA, 40678, 1341839, Total, 0, 0, 0, 0, 0, 0, 2612045, 2612045
2015, RAJASTHAN, 8, NAGAUR, 101, NAGAUR, 1331, BALWA, 40679, 1173190, Administrative & Technical Support, 0, 0, 0, 0, 0, 0, 43000, 43000
2015, RAJASTHAN, 8, NAGAUR, 101, NAGAUR, 1331, BALWA, 40679, 1173190, Drinking water, 0, 0, 0, 0, 0, 0, 745776, 745776
2015, RAJASTHAN, 8, NAGAUR, 101, NAGAUR, 1331, BALWA, 40679, 1173190, Education, 0, 0, 0, 0, 0, 0, 1000000, 1000000
2015, RAJASTHAN, 8, NAGAUR, 101, NAGAUR, 1331, BALWA, 40679, 1173190, Roads, 0, 0, 0, 0, 0, 0, 1450000, 1450000
2015, RAJASTHAN, 8, NAGAUR, 101, NAGAUR, 1331, BALWA, 40679, 1173190, Total, 0, 0, 0, 0, 0, 0, 3238776, 3238776
2015, RAJASTHAN, 8, NAGAUR, 101, NAGAUR, 1331, BARANGAON, 40680, 1369403, Roads, 0, 0, 0, 0, 0, 0, 2706253, 2706253
2015, RAJASTHAN, 8, NAGAUR, 101, NAGAUR, 1331, BARANGAON, 40680, 1369403, Total, 0, 0, 0, 0, 0, 0, 2706253, 2706253
2015, RAJASTHAN, 8, NAGAUR, 101, NAGAUR, 1331, BARANI, 40681, 1170011, Drinking water, 0, 0, 0, 0, 0, 0, 700000, 700000
2015, RAJASTHAN, 8, NAGAUR, 101, NAGAUR, 1331, BARANI, 40681, 1170011, Education, 0, 0, 0, 0, 0, 0, 500000, 500000
2015, RAJASTHAN, 8, NAGAUR, 101, NAGAUR, 1331, BARANI, 40681, 1170011, Health, 0, 0, 0, 0, 0, 0, 190033, 190033
2015, RAJASTHAN, 8, NAGAUR, 101, NAGAUR, 1331, BARANI, 40681, 1170011, Roads, 0, 0, 0, 0, 0, 0, 1351324, 1351324
2015, RAJASTHAN, 8, NAGAUR, 101, NAGAUR, 1331, BARANI, 40681, 1170011, Total, 0, 0, 0, 0, 0, 0, 2741357, 2741357
2015, RAJASTHAN, 8, NAGAUR, 101, NAGAUR, 1331, BASANI BELIMA, 40682, 1275340, Roads, 0, 0, 0, 0, 0, 0, 7832379, 7832379
2015, RAJASTHAN, 8, NAGAUR, 101, NAGAUR, 1331, BASANI BELIMA, 40682, 1275340, Total, 0, 0, 0, 0, 0, 0, 7832379, 7832379
2015, RAJASTHAN, 8, NAGAUR, 101, NAGAUR, 1331, BAWAD, 262465, 1369443, Administrative & Technical Support, 0, 0, 0, 0, 0, 0, 638718, 638718
2015, RAJASTHAN, 8, NAGAUR, 101, NAGAUR, 1331, BAWAD, 262465, 1369443, Roads, 0, 0, 0, 0, 0, 0, 1541000, 1541000
2015, RAJASTHAN, 8, NAGAUR, 101, NAGAUR, 1331, BAWAD, 262465, 1369443, Social welfare, 0, 0, 0, 0, 0, 0, 456185, 456185
2015, RAJASTHAN, 8, NAGAUR, 101, NAGAUR, 1331, BAWAD, 262465, 1369443, Total, 0, 0, 0, 0, 0, 0, 2635903, 2635903
2015, RAJASTHAN, 8, NAGAUR, 101, NAGAUR, 1331, BHADANA, 40683, 1342868, Drinking water, 0, 0, 0, 0, 0, 0, 275000, 275000
2015, RAJASTHAN, 8, NAGAUR, 101, NAGAUR, 1331, BHADANA, 40683, 1342868, Roads, 0, 0, 0, 0, 0, 0, 2350000, 2350000
2015, RAJASTHAN, 8, NAGAUR, 101, NAGAUR, 1331, BHADANA, 40683, 1342868, Social welfare, 0, 0, 0, 0, 0, 0, 310000, 310000
2015, RAJASTHAN, 8, NAGAUR, 101, NAGAUR, 1331, BHADANA, 40683, 1342868, Total, 0, 0, 0, 0, 0, 0, 2935000, 2935000
2015, RAJASTHAN, 8, NAGAUR, 101, NAGAUR, 1331, CHAU, 40689, 1173463, Administrative & Technical Support, 0, 0, 0, 0, 0, 0, 160289, 160289
2015, RAJASTHAN, 8, NAGAUR, 101, NAGAUR, 1331, CHAU, 40689, 1173463, Roads, 0, 0, 0, 0, 0, 0, 3115000, 3115000
2015, RAJASTHAN, 8, NAGAUR, 101, NAGAUR, 1331, CHAU, 40689, 1173463, Sanitation, 0, 0, 0, 0, 0, 0, 200000, 200000
2015, RAJASTHAN, 8, NAGAUR, 101, NAGAUR, 1331, CHAU, 40689, 1173463, Total, 0, 0, 0, 0, 0, 0, 3475289, 3475289
2015, RAJASTHAN, 8, NAGAUR, 101, NAGAUR, 1331, CHENAR, 40691, 1167436, Roads, 0, 0, 0, 0, 0, 0, 1576975, 1576975
2015, RAJASTHAN, 8, NAGAUR, 101, NAGAUR, 1331, CHENAR, 40691, 1167436, Sanitation, 0, 0, 0, 0, 0, 0, 2312332, 2312332
2015, RAJASTHAN, 8, NAGAUR, 101, NAGAUR, 1331, CHENAR, 40691, 1167436, Total, 0, 0, 0, 0, 0, 0, 3889307, 3889307
2015, RAJASTHAN, 8, NAGAUR, 101, NAGAUR, 1331, CHHEELA, 40692, 1175447, Health, 0, 0, 0, 0, 0, 0, 500000, 500000
2015, RAJASTHAN, 8, NAGAUR, 101, NAGAUR, 1331, CHHEELA, 40692, 1175447, Roads, 0, 0, 0, 0, 0, 0, 1716922, 1716922
2015, RAJASTHAN, 8, NAGAUR, 101, NAGAUR, 1331, CHHEELA, 40692, 1175447, Rural electrification, 0, 0, 0, 0, 0, 0, 346524, 346524
2015, RAJASTHAN, 8, NAGAUR, 101, NAGAUR, 1331, CHHEELA, 40692, 1175447, Total, 0, 0, 0, 0, 0, 0, 2563446, 2563446
2015, RAJASTHAN, 8, NAGAUR, 101, NAGAUR, 1331, CHUNTISARA, 40693, 1334174, Administrative & Technical Support, 0, 0, 0, 0, 0, 0, 194190, 194190
2015, RAJASTHAN, 8, NAGAUR, 101, NAGAUR, 1331, CHUNTISARA, 40693, 1334174, Drinking water, 0, 0, 0, 0, 0, 0, 2150000, 2150000
2015, RAJASTHAN, 8, NAGAUR, 101, NAGAUR, 1331, CHUNTISARA, 40693, 1334174, Maintenance of community system, 0, 0, 0, 0, 0, 0, 50000, 50000
2015, RAJASTHAN, 8, NAGAUR, 101, NAGAUR, 1331, CHUNTISARA, 40693, 1334174, Roads, 0, 0, 0, 0, 0, 0, 200000, 200000
2015, RAJASTHAN, 8, NAGAUR, 101, NAGAUR, 1331, CHUNTISARA, 40693, 1334174, Sanitation, 0, 0, 0, 0, 0, 0, 60000, 60000
2015, RAJASTHAN, 8, NAGAUR, 101, NAGAUR, 1331, CHUNTISARA, 40693, 1334174, Total, 0, 0, 0, 0, 0, 0, 2654190, 2654190
2015, RAJASTHAN, 8, NAGAUR, 101, NAGAUR, 1331, DHUNDHWALON KI DHANI, 262556, 1356140, Drinking water, 0, 0, 0, 0, 0, 0, 1090642, 1090642
2015, RAJASTHAN, 8, NAGAUR, 101, NAGAUR, 1331, DHUNDHWALON KI DHANI, 262556, 1356140, Roads, 0, 0, 0, 0, 0, 0, 500000, 500000
2015, RAJASTHAN, 8, NAGAUR, 101, NAGAUR, 1331, DHUNDHWALON KI DHANI, 262556, 1356140, Social welfare, 0, 0, 0, 0, 0, 0, 455000, 455000
2015, RAJASTHAN, 8, NAGAUR, 101, NAGAUR, 1331, DHUNDHWALON KI DHANI, 262556, 1356140, Total, 0, 0, 0, 0, 0, 0, 2045642, 2045642
2015, RAJASTHAN, 8, NAGAUR, 101, NAGAUR, 1331, DUKOSI, 40697, 1270663, Roads, 0, 0, 0, 0, 0, 0, 3924144, 3924144
2015, RAJASTHAN, 8, NAGAUR, 101, NAGAUR, 1331, DUKOSI, 40697, 1270663, Total, 0, 0, 0, 0, 0, 0, 3924144, 3924144
2015, RAJASTHAN, 8, NAGAUR, 101, NAGAUR, 1331, GAGWANA, 40698, 1369436, Drinking water, 0, 0, 0, 0, 0, 0, 1200000, 1200000
2015, RAJASTHAN, 8, NAGAUR, 101, NAGAUR, 1331, GAGWANA, 40698, 1369436, Roads, 0, 0, 0, 0, 0, 0, 1768338, 1768338
2015, RAJASTHAN, 8, NAGAUR, 101, NAGAUR, 1331, GAGWANA, 40698, 1369436, Total, 0, 0, 0, 0, 0, 0, 2968338, 2968338
2015, RAJASTHAN, 8, NAGAUR, 101, NAGAUR, 1331, GHANTHILASAR, 40699, 1173267, Administrative & Technical Support, 0, 0, 0, 0, 0, 0, 58798, 58798
2015, RAJASTHAN, 8, NAGAUR, 101, NAGAUR, 1331, GHANTHILASAR, 40699, 1173267, Roads, 0, 0, 0, 0, 0, 0, 2908758, 2908758
2015, RAJASTHAN, 8, NAGAUR, 101, NAGAUR, 1331, GHANTHILASAR, 40699, 1173267, Total, 0, 0, 0, 0, 0, 0, 2967556, 2967556
2015, RAJASTHAN, 8, NAGAUR, 101, NAGAUR, 1331, GOGELAO, 40700, 1159359, Animal husbandry, 0, 0, 0, 0, 0, 0, 1000000, 1000000
2015, RAJASTHAN, 8, NAGAUR, 101, NAGAUR, 1331, GOGELAO, 40700, 1159359, Sanitation, 0, 0, 0, 0, 0, 0, 154782, 154782
2015, RAJASTHAN, 8, NAGAUR, 101, NAGAUR, 1331, GOGELAO, 40700, 1159359, Total, 0, 0, 0, 0, 0, 0, 1154782, 1154782
2015, RAJASTHAN, 8, NAGAUR, 101, NAGAUR, 1331, GOGELAO, 40700, 1160110, Education, 0, 0, 0, 0, 0, 0, 527771, 527771
2015, RAJASTHAN, 8, NAGAUR, 101, NAGAUR, 1331, GOGELAO, 40700, 1160110, Roads, 0, 0, 0, 0, 0, 0, 750000, 750000
2015, RAJASTHAN, 8, NAGAUR, 101, NAGAUR, 1331, GOGELAO, 40700, 1160110, Total, 0, 0, 0, 0, 0, 0, 1277771, 1277771
2015, RAJASTHAN, 8, NAGAUR, 101, NAGAUR, 1331, HANUMANNAGR, 262539, 1352607, Roads, 0, 0, 0, 0, 0, 0, 1769000, 1769000
2015, RAJASTHAN, 8, NAGAUR, 101, NAGAUR, 1331, HANUMANNAGR, 262539, 1352607, Social welfare, 0, 0, 0, 0, 0, 0, 522552, 522552
2015, RAJASTHAN, 8, NAGAUR, 101, NAGAUR, 1331, HANUMANNAGR, 262539, 1352607, Total, 0, 0, 0, 0, 0, 0, 2291552, 2291552
2015, RAJASTHAN, 8, NAGAUR, 101, NAGAUR, 1331, JHADISARA, 40702, 1338979, Drinking water, 0, 0, 0, 0, 0, 0, 1880000, 1880000
2015, RAJASTHAN, 8, NAGAUR, 101, NAGAUR, 1331, JHADISARA, 40702, 1338979, Roads, 0, 0, 0, 0, 0, 0, 2857786, 2857786
2015, RAJASTHAN, 8, NAGAUR, 101, NAGAUR, 1331, JHADISARA, 40702, 1338979, Social welfare, 0, 0, 0, 0, 0, 0, 450000, 450000
2015, RAJASTHAN, 8, NAGAUR, 101, NAGAUR, 1331, JHADISARA, 40702, 1338979, Total, 0, 0, 0, 0, 0, 0, 5187786, 5187786
2015, RAJASTHAN, 8, NAGAUR, 101, NAGAUR, 1331, JODHIYASI, 40703, 1330710, Administrative & Technical Support, 0, 0, 0, 0, 0, 0, 74070, 74070
2015, RAJASTHAN, 8, NAGAUR, 101, NAGAUR, 1331, JODHIYASI, 40703, 1330710, Roads, 0, 0, 0, 0, 0, 0, 3663017, 3663017
2015, RAJASTHAN, 8, NAGAUR, 101, NAGAUR, 1331, JODHIYASI, 40703, 1330710, Total, 0, 0, 0, 0, 0, 0, 3737087, 3737087
2015, RAJASTHAN, 8, NAGAUR, 101, NAGAUR, 1331, KALRI, 40704, 1171089, Administrative & Technical Support, 0, 0, 0, 0, 0, 0, 41647, 41647
2015, RAJASTHAN, 8, NAGAUR, 101, NAGAUR, 1331, KALRI, 40704, 1171089, Drinking water, 0, 0, 0, 0, 0, 0, 250000, 250000
2015, RAJASTHAN, 8, NAGAUR, 101, NAGAUR, 1331, KALRI, 40704, 1171089, Health, 0, 0, 0, 0, 0, 0, 400000, 400000
2015, RAJASTHAN, 8, NAGAUR, 101, NAGAUR, 1331, KALRI, 40704, 1171089, Land improvement, 0, 0, 0, 0, 0, 0, 250000, 250000
2015, RAJASTHAN, 8, NAGAUR, 101, NAGAUR, 1331, KALRI, 40704, 1171089, Roads, 0, 0, 0, 0, 0, 0, 2314383, 2314383
2015, RAJASTHAN, 8, NAGAUR, 101, NAGAUR, 1331, KALRI, 40704, 1171089, Sanitation, 0, 0, 0, 0, 0, 0, 250000, 250000
2015, RAJASTHAN, 8, NAGAUR, 101, NAGAUR, 1331, KALRI, 40704, 1171089, Total, 0, 0, 0, 0, 0, 0, 3506030, 3506030
2015, RAJASTHAN, 8, NAGAUR, 101, NAGAUR, 1331, KALRI, 40704, 2030435, Drinking water, 0, 0, 0, 0, 0, 0, 500000, 500000
2015, RAJASTHAN, 8, NAGAUR, 101, NAGAUR, 1331, KALRI, 40704, 2030435, Total, 0, 0, 0, 0, 0, 0, 500000, 500000
2015, RAJASTHAN, 8, NAGAUR, 101, NAGAUR, 1331, KHARI KARAMSOTA, 40707, 1172067, Administrative & Technical Support, 0, 0, 0, 0, 0, 0, 241433, 241433
2015, RAJASTHAN, 8, NAGAUR, 101, NAGAUR, 1331, KHARI KARAMSOTA, 40707, 1172067, Cultural activities, 0, 0, 0, 0, 0, 0, 500000, 500000
2015, RAJASTHAN, 8, NAGAUR, 101, NAGAUR, 1331, KHARI KARAMSOTA, 40707, 1172067, Drinking water, 0, 0, 0, 0, 0, 0, 300000, 300000
2015, RAJASTHAN, 8, NAGAUR, 101, NAGAUR, 1331, KHARI KARAMSOTA, 40707, 1172067, Roads, 0, 0, 0, 0, 0, 0, 1108000, 1108000
2015, RAJASTHAN, 8, NAGAUR, 101, NAGAUR, 1331, KHARI KARAMSOTA, 40707, 1172067, Total, 0, 0, 0, 0, 0, 0, 2149433, 2149433
2015, RAJASTHAN, 8, NAGAUR, 101, NAGAUR, 1331, KHARI KARAMSOTA, 40707, 2030229, Drinking water, 0, 0, 0, 0, 0, 0, 300000, 300000
2015, RAJASTHAN, 8, NAGAUR, 101, NAGAUR, 1331, KHARI KARAMSOTA, 40707, 2030229, Total, 0, 0, 0, 0, 0, 0, 300000, 300000
2015, RAJASTHAN, 8, NAGAUR, 101, NAGAUR, 1331, KUMARI, 40708, 1354164, Drinking water, 0, 0, 0, 0, 0, 0, 100000, 100000
2015, RAJASTHAN, 8, NAGAUR, 101, NAGAUR, 1331, KUMARI, 40708, 1354164, Roads, 0, 0, 0, 0, 0, 0, 2840000, 2840000
2015, RAJASTHAN, 8, NAGAUR, 101, NAGAUR, 1331, KUMARI, 40708, 1354164, Social welfare, 0, 0, 0, 0, 0, 0, 1181233, 1181233
2015, RAJASTHAN, 8, NAGAUR, 101, NAGAUR, 1331, KUMARI, 40708, 1354164, Total, 0, 0, 0, 0, 0, 0, 4121233, 4121233
2015, RAJASTHAN, 8, NAGAUR, 101, NAGAUR, 1331, MAKORI, 40709, 1369345, Drinking water, 0, 0, 0, 0, 0, 0, 173397, 173397
2015, RAJASTHAN, 8, NAGAUR, 101, NAGAUR, 1331, MAKORI, 40709, 1369345, Roads, 0, 0, 0, 0, 0, 0, 1906236, 1906236
2015, RAJASTHAN, 8, NAGAUR, 101, NAGAUR, 1331, MAKORI, 40709, 1369345, Social welfare, 0, 0, 0, 0, 0, 0, 900000, 900000
2015, RAJASTHAN, 8, NAGAUR, 101, NAGAUR, 1331, MAKORI, 40709, 1369345, Total, 0, 0, 0, 0, 0, 0, 2979633, 2979633
2015, RAJASTHAN, 8, NAGAUR, 101, NAGAUR, 1331, RAIDHANU, 40711, 1168825, Drinking water, 0, 0, 0, 0, 0, 0, 1261942, 1261942
2015, RAJASTHAN, 8, NAGAUR, 101, NAGAUR, 1331, RAIDHANU, 40711, 1168825, Roads, 0, 0, 0, 0, 0, 0, 2080959, 2080959
2015, RAJASTHAN, 8, NAGAUR, 101, NAGAUR, 1331, RAIDHANU, 40711, 1168825, Total, 0, 0, 0, 0, 0, 0, 3342901, 3342901
2015, RAJASTHAN, 8, NAGAUR, 101, NAGAUR, 1331, ROHINI, 40712, 1348968, Drinking water, 0, 0, 0, 0, 0, 0, 100000, 100000
2015, RAJASTHAN, 8, NAGAUR, 101, NAGAUR, 1331, ROHINI, 40712, 1348968, Roads, 0, 0, 0, 0, 0, 0, 1700000, 1700000
2015, RAJASTHAN, 8, NAGAUR, 101, NAGAUR, 1331, ROHINI, 40712, 1348968, Social welfare, 0, 0, 0, 0, 0, 0, 1403796, 1403796
2015, RAJASTHAN, 8, NAGAUR, 101, NAGAUR, 1331, ROHINI, 40712, 1348968, Total, 0, 0, 0, 0, 0, 0, 3203796, 3203796
2015, RAJASTHAN, 8, NAGAUR, 101, NAGAUR, 1331, SARASANI, 40713, 1355990, Drinking water, 0, 0, 0, 0, 0, 0, 176018, 176018
2015, RAJASTHAN, 8, NAGAUR, 101, NAGAUR, 1331, SARASANI, 40713, 1355990, Roads, 0, 0, 0, 0, 0, 0, 350000, 350000
2015, RAJASTHAN, 8, NAGAUR, 101, NAGAUR, 1331, SARASANI, 40713, 1355990, Social welfare, 0, 0, 0, 0, 0, 0, 637511, 637511
2015, RAJASTHAN, 8, NAGAUR, 101, NAGAUR, 1331, SARASANI, 40713, 1355990, Total, 0, 0, 0, 0, 0, 0, 1163529, 1163529
2015, RAJASTHAN, 8, NAGAUR, 101, NAGAUR, 1331, SATHERAN, 40714, 1360595, Drinking water, 0, 0, 0, 0, 0, 0, 1250000, 1250000
2015, RAJASTHAN, 8, NAGAUR, 101, NAGAUR, 1331, SATHERAN, 40714, 1360595, Education, 0, 0, 0, 0, 0, 0, 935000, 935000
2015, RAJASTHAN, 8, NAGAUR, 101, NAGAUR, 1331, SATHERAN, 40714, 1360595, Roads, 0, 0, 0, 0, 0, 0, 894246, 894246
2015, RAJASTHAN, 8, NAGAUR, 101, NAGAUR, 1331, SATHERAN, 40714, 1360595, Sanitation, 0, 0, 0, 0, 0, 0, 520000, 520000
2015, RAJASTHAN, 8, NAGAUR, 101, NAGAUR, 1331, SATHERAN, 40714, 1360595, Total, 0, 0, 0, 0, 0, 0, 3599246, 3599246
2015, RAJASTHAN, 8, NAGAUR, 101, NAGAUR, 1331, SEWRI, 40715, 1172690, Drinking water, 0, 0, 0, 0, 0, 0, 500000, 500000
2015, RAJASTHAN, 8, NAGAUR, 101, NAGAUR, 1331, SEWRI, 40715, 1172690, Health, 0, 0, 0, 0, 0, 0, 300000, 300000
2015, RAJASTHAN, 8, NAGAUR, 101, NAGAUR, 1331, SEWRI, 40715, 1172690, Roads, 0, 0, 0, 0, 0, 0, 1543757, 1543757
2015, RAJASTHAN, 8, NAGAUR, 101, NAGAUR, 1331, SEWRI, 40715, 1172690, Sanitation, 0, 0, 0, 0, 0, 0, 600000, 600000
2015, RAJASTHAN, 8, NAGAUR, 101, NAGAUR, 1331, SEWRI, 40715, 1172690, Total, 0, 0, 0, 0, 0, 0, 2943757, 2943757
2015, RAJASTHAN, 8, NAGAUR, 101, NAGAUR, 1331, SHRI BALAJI, 40716, 1352341, Roads, 0, 0, 0, 0, 0, 0, 2037881, 2037881
2015, RAJASTHAN, 8, NAGAUR, 101, NAGAUR, 1331, SHRI BALAJI, 40716, 1352341, Social welfare, 0, 0, 0, 0, 0, 0, 120000, 120000
2015, RAJASTHAN, 8, NAGAUR, 101, NAGAUR, 1331, SHRI BALAJI, 40716, 1352341, Total, 0, 0, 0, 0, 0, 0, 2157881, 2157881
2015, RAJASTHAN, 8, NAGAUR, 101, NAGAUR, 1331, SHYAMSAR, 40717, 1197557, Drinking water, 0, 0, 0, 0, 0, 0, 823000, 823000
2015, RAJASTHAN, 8, NAGAUR, 101, NAGAUR, 1331, SHYAMSAR, 40717, 1197557, Roads, 0, 0, 0, 0, 0, 0, 3130271, 3130271
2015, RAJASTHAN, 8, NAGAUR, 101, NAGAUR, 1331, SHYAMSAR, 40717, 1197557, Total, 0, 0, 0, 0, 0, 0, 3953271, 3953271
2015, RAJASTHAN, 8, NAGAUR, 101, NAGAUR, 1331, SINGER, 40718, 1170262, Drinking water, 0, 0, 0, 0, 0, 0, 813965, 813965
2015, RAJASTHAN, 8, NAGAUR, 101, NAGAUR, 1331, SINGER, 40718, 1170262, Roads, 0, 0, 0, 0, 0, 0, 957914, 957914
2015, RAJASTHAN, 8, NAGAUR, 101, NAGAUR, 1331, SINGER, 40718, 1170262, Sanitation, 0, 0, 0, 0, 0, 0, 941000, 941000
2015, RAJASTHAN, 8, NAGAUR, 101, NAGAUR, 1331, SINGER, 40718, 1170262, Total, 0, 0, 0, 0, 0, 0, 2712879, 2712879
2015, RAJASTHAN, 8, NAGAUR, 101, NAGAUR, 1331, SINOD, 40719, 1366217, Drinking water, 0, 0, 0, 0, 0, 0, 1632733, 1632733
2015, RAJASTHAN, 8, NAGAUR, 101, NAGAUR, 1331, SINOD, 40719, 1366217, Roads, 0, 0, 0, 0, 0, 0, 653332, 653332
2015, RAJASTHAN, 8, NAGAUR, 101, NAGAUR, 1331, SINOD, 40719, 1366217, Social welfare, 0, 0, 0, 0, 0, 0, 100000, 100000
2015, RAJASTHAN, 8, NAGAUR, 101, NAGAUR, 1331, SINOD, 40719, 1366217, Total, 0, 0, 0, 0, 0, 0, 2386065, 2386065
2015, RAJASTHAN, 8, NAGAUR, 101, NAGAUR, 1331, TAUSAR, 40722, 1172586, Administrative & Technical Support, 0, 0, 0, 0, 0, 0, 1420, 1420
2015, RAJASTHAN, 8, NAGAUR, 101, NAGAUR, 1331, TAUSAR, 40722, 1172586, Drinking water, 0, 0, 0, 0, 0, 0, 2596910, 2596910
2015, RAJASTHAN, 8, NAGAUR, 101, NAGAUR, 1331, TAUSAR, 40722, 1172586, Roads, 0, 0, 0, 0, 0, 0, 551000, 551000
2015, RAJASTHAN, 8, NAGAUR, 101, NAGAUR, 1331, TAUSAR, 40722, 1172586, Sanitation, 0, 0, 0, 0, 0, 0, 678000, 678000
2015, RAJASTHAN, 8, NAGAUR, 101, NAGAUR, 1331, TAUSAR, 40722, 1172586, Total, 0, 0, 0, 0, 0, 0, 3827330, 3827330
2015, RAJASTHAN, 8, NAGAUR, 101, NAGAUR, 1331, UNTWALIYA, 40723, 1188888, Administrative & Technical Support, 0, 0, 0, 0, 0, 0, 500000, 500000
2015, RAJASTHAN, 8, NAGAUR, 101, NAGAUR, 1331, UNTWALIYA, 40723, 1188888, Drinking water, 0, 0, 0, 0, 0, 0, 1577291, 1577291
2015, RAJASTHAN, 8, NAGAUR, 101, NAGAUR, 1331, UNTWALIYA, 40723, 1188888, Education, 0, 0, 0, 0, 0, 0, 1245280, 1245280
2015, RAJASTHAN, 8, NAGAUR, 101, NAGAUR, 1331, UNTWALIYA, 40723, 1188888, Total, 0, 0, 0, 0, 0, 0, 3322571, 3322571
2015, RAJASTHAN, 8, NAGAUR, 101, NAWA, 262096, BARJAN, 40483, 1207379, Roads, 0, 0, 0, 0, 0, 0, 1515561, 1515561
2015, RAJASTHAN, 8, NAGAUR, 101, NAWA, 262096, BARJAN, 40483, 1207379, Sanitation, 0, 0, 0, 0, 0, 0, 439009, 439009
2015, RAJASTHAN, 8, NAGAUR, 101, NAWA, 262096, BARJAN, 40483, 1207379, Total, 0, 0, 0, 0, 0, 0, 1954570, 1954570
2015, RAJASTHAN, 8, NAGAUR, 101, NAWA, 262096, BHAGWANPURA, 40484, 1201876, Roads, 0, 0, 0, 0, 0, 0, 2164803, 2164803
2015, RAJASTHAN, 8, NAGAUR, 101, NAWA, 262096, BHAGWANPURA, 40484, 1201876, Total, 0, 0, 0, 0, 0, 0, 2164803, 2164803
2015, RAJASTHAN, 8, NAGAUR, 101, NAWA, 262096, BHOONI, 40486, 1171671, Drinking water, 0, 0, 0, 0, 0, 0, 1012657, 1012657
2015, RAJASTHAN, 8, NAGAUR, 101, NAWA, 262096, BHOONI, 40486, 1171671, Health, 0, 0, 0, 0, 0, 0, 50000, 50000
2015, RAJASTHAN, 8, NAGAUR, 101, NAWA, 262096, BHOONI, 40486, 1171671, Sanitation, 0, 0, 0, 0, 0, 0, 1480963, 1480963
2015, RAJASTHAN, 8, NAGAUR, 101, NAWA, 262096, BHOONI, 40486, 1171671, Total, 0, 0, 0, 0, 0, 0, 2543620, 2543620
2015, RAJASTHAN, 8, NAGAUR, 101, NAWA, 262096, CHOSLA, 40490, 1233927, Drinking water, 0, 0, 0, 0, 0, 0, 375639, 375639
2015, RAJASTHAN, 8, NAGAUR, 101, NAWA, 262096, CHOSLA, 40490, 1233927, Roads, 0, 0, 0, 0, 0, 0, 1678306, 1678306
2015, RAJASTHAN, 8, NAGAUR, 101, NAWA, 262096, CHOSLA, 40490, 1233927, Sanitation, 0, 0, 0, 0, 0, 0, 570000, 570000
2015, RAJASTHAN, 8, NAGAUR, 101, NAWA, 262096, CHOSLA, 40490, 1233927, Total, 0, 0, 0, 0, 0, 0, 2623945, 2623945
2015, RAJASTHAN, 8, NAGAUR, 101, NAWA, 262096, DEVALI  KALAN, 40492, 1171604, Drinking water, 0, 0, 0, 0, 0, 0, 914772, 914772
2015, RAJASTHAN, 8, NAGAUR, 101, NAWA, 262096, DEVALI  KALAN, 40492, 1171604, Roads, 0, 0, 0, 0, 0, 0, 2031000, 2031000
2015, RAJASTHAN, 8, NAGAUR, 101, NAWA, 262096, DEVALI  KALAN, 40492, 1171604, Sanitation, 0, 0, 0, 0, 0, 0, 170000, 170000
2015, RAJASTHAN, 8, NAGAUR, 101, NAWA, 262096, DEVALI  KALAN, 40492, 1171604, Social welfare, 0, 0, 0, 0, 0, 0, 442816, 442816
2015, RAJASTHAN, 8, NAGAUR, 101, NAWA, 262096, DEVALI  KALAN, 40492, 1171604, Total, 0, 0, 0, 0, 0, 0, 3558588, 3558588
2015, RAJASTHAN, 8, NAGAUR, 101, NAWA, 262096, GOVINDI, 40494, 1195379, Drinking water, 0, 0, 0, 0, 0, 0, 294000, 294000
2015, RAJASTHAN, 8, NAGAUR, 101, NAWA, 262096, GOVINDI, 40494, 1195379, Roads, 0, 0, 0, 0, 0, 0, 1000000, 1000000
2015, RAJASTHAN, 8, NAGAUR, 101, NAWA, 262096, GOVINDI, 40494, 1195379, Sanitation, 0, 0, 0, 0, 0, 0, 916421, 916421
2015, RAJASTHAN, 8, NAGAUR, 101, NAWA, 262096, GOVINDI, 40494, 1195379, Total, 0, 0, 0, 0, 0, 0, 2210421, 2210421
2015, RAJASTHAN, 8, NAGAUR, 101, NAWA, 262096, GUDHA SALT, 40495, 1229810, Drinking water, 0, 0, 0, 0, 0, 0, 40000, 40000
2015, RAJASTHAN, 8, NAGAUR, 101, NAWA, 262096, GUDHA SALT, 40495, 1229810, Roads, 0, 0, 0, 0, 0, 0, 1000000, 1000000
2015, RAJASTHAN, 8, NAGAUR, 101, NAWA, 262096, GUDHA SALT, 40495, 1229810, Sanitation, 0, 0, 0, 0, 0, 0, 1126787, 1126787
2015, RAJASTHAN, 8, NAGAUR, 101, NAWA, 262096, GUDHA SALT, 40495, 1229810, Total, 0, 0, 0, 0, 0, 0, 2166787, 2166787
2015, RAJASTHAN, 8, NAGAUR, 101, NAWA, 262096, INDOKHA, 40499, 1258717, Drinking water, 0, 0, 0, 0, 0, 0, 869732, 869732
2015, RAJASTHAN, 8, NAGAUR, 101, NAWA, 262096, INDOKHA, 40499, 1258717, Roads, 0, 0, 0, 0, 0, 0, 1505145, 1505145
2015, RAJASTHAN, 8, NAGAUR, 101, NAWA, 262096, INDOKHA, 40499, 1258717, Sanitation, 0, 0, 0, 0, 0, 0, 490537, 490537
2015, RAJASTHAN, 8, NAGAUR, 101, NAWA, 262096, INDOKHA, 40499, 1258717, Total, 0, 0, 0, 0, 0, 0, 2865414, 2865414
2015, RAJASTHAN, 8, NAGAUR, 101, NAWA, 262096, JABDINAGAR, 40500, 1201966, Education, 0, 0, 0, 0, 0, 0, 130000, 130000
2015, RAJASTHAN, 8, NAGAUR, 101, NAWA, 262096, JABDINAGAR, 40500, 1201966, Roads, 0, 0, 0, 0, 0, 0, 1292579, 1292579
2015, RAJASTHAN, 8, NAGAUR, 101, NAWA, 262096, JABDINAGAR, 40500, 1201966, Sanitation, 0, 0, 0, 0, 0, 0, 293000, 293000
2015, RAJASTHAN, 8, NAGAUR, 101, NAWA, 262096, JABDINAGAR, 40500, 1201966, Total, 0, 0, 0, 0, 0, 0, 1715579, 1715579
2015, RAJASTHAN, 8, NAGAUR, 101, NAWA, 262096, KHAKHARKI, 40503, 1201160, Roads, 0, 0, 0, 0, 0, 0, 825000, 825000
2015, RAJASTHAN, 8, NAGAUR, 101, NAWA, 262096, KHAKHARKI, 40503, 1201160, Sanitation, 0, 0, 0, 0, 0, 0, 70000, 70000
2015, RAJASTHAN, 8, NAGAUR, 101, NAWA, 262096, KHAKHARKI, 40503, 1201160, Total, 0, 0, 0, 0, 0, 0, 895000, 895000
2015, RAJASTHAN, 8, NAGAUR, 101, NAWA, 262096, KHARDIYA, 40504, 1174195, Drinking water, 0, 0, 0, 0, 0, 0, 597351, 597351
2015, RAJASTHAN, 8, NAGAUR, 101, NAWA, 262096, KHARDIYA, 40504, 1174195, Roads, 0, 0, 0, 0, 0, 0, 598000, 598000
2015, RAJASTHAN, 8, NAGAUR, 101, NAWA, 262096, KHARDIYA, 40504, 1174195, Rural housing, 0, 0, 0, 0, 0, 0, 500000, 500000
2015, RAJASTHAN, 8, NAGAUR, 101, NAWA, 262096, KHARDIYA, 40504, 1174195, Social welfare, 0, 0, 0, 0, 0, 0, 1524087, 1524087
2015, RAJASTHAN, 8, NAGAUR, 101, NAWA, 262096, KHARDIYA, 40504, 1174195, Total, 0, 0, 0, 0, 0, 0, 3219438, 3219438
2015, RAJASTHAN, 8, NAGAUR, 101, NAWA, 262096, LICHANA, 40509, 1258724, Drinking water, 0, 0, 0, 0, 0, 0, 1215257, 1215257
2015, RAJASTHAN, 8, NAGAUR, 101, NAWA, 262096, LICHANA, 40509, 1258724, Roads, 0, 0, 0, 0, 0, 0, 1713028, 1713028
2015, RAJASTHAN, 8, NAGAUR, 101, NAWA, 262096, LICHANA, 40509, 1258724, Sanitation, 0, 0, 0, 0, 0, 0, 327350, 327350
2015, RAJASTHAN, 8, NAGAUR, 101, NAWA, 262096, LICHANA, 40509, 1258724, Total, 0, 0, 0, 0, 0, 0, 3255635, 3255635
2015, RAJASTHAN, 8, NAGAUR, 101, NAWA, 262096, LOONWA, 40510, 1199460, Drinking water, 0, 0, 0, 0, 0, 0, 650000, 650000
2015, RAJASTHAN, 8, NAGAUR, 101, NAWA, 262096, LOONWA, 40510, 1199460, Roads, 0, 0, 0, 0, 0, 0, 2568030, 2568030
2015, RAJASTHAN, 8, NAGAUR, 101, NAWA, 262096, LOONWA, 40510, 1199460, Sanitation, 0, 0, 0, 0, 0, 0, 50000, 50000
2015, RAJASTHAN, 8, NAGAUR, 101, NAWA, 262096, LOONWA, 40510, 1199460, Total, 0, 0, 0, 0, 0, 0, 3268030, 3268030
2015, RAJASTHAN, 8, NAGAUR, 101, NAWA, 262096, MAHARAJPURA, 40511, 1205097, Drinking water, 0, 0, 0, 0, 0, 0, 700000, 700000
2015, RAJASTHAN, 8, NAGAUR, 101, NAWA, 262096, MAHARAJPURA, 40511, 1205097, Roads, 0, 0, 0, 0, 0, 0, 923819, 923819
2015, RAJASTHAN, 8, NAGAUR, 101, NAWA, 262096, MAHARAJPURA, 40511, 1205097, Sanitation, 0, 0, 0, 0, 0, 0, 134898, 134898
2015, RAJASTHAN, 8, NAGAUR, 101, NAWA, 262096, MAHARAJPURA, 40511, 1205097, Total, 0, 0, 0, 0, 0, 0, 1758717, 1758717
2015, RAJASTHAN, 8, NAGAUR, 101, NAWA, 262096, MAROTH, 40513, 1203183, Education, 0, 0, 0, 0, 0, 0, 339000, 339000
2015, RAJASTHAN, 8, NAGAUR, 101, NAWA, 262096, MAROTH, 40513, 1203183, Maintenance of community system, 0, 0, 0, 0, 0, 0, 855000, 855000
2015, RAJASTHAN, 8, NAGAUR, 101, NAWA, 262096, MAROTH, 40513, 1203183, Roads, 0, 0, 0, 0, 0, 0, 3764042, 3764042
2015, RAJASTHAN, 8, NAGAUR, 101, NAWA, 262096, MAROTH, 40513, 1203183, Sanitation, 0, 0, 0, 0, 0, 0, 450000, 450000
2015, RAJASTHAN, 8, NAGAUR, 101, NAWA, 262096, MAROTH, 40513, 1203183, Total, 0, 0, 0, 0, 0, 0, 5408042, 5408042
2015, RAJASTHAN, 8, NAGAUR, 101, NAWA, 262096, MEETHARI, 40515, 1315057, Drinking water, 0, 0, 0, 0, 0, 0, 220000, 220000
2015, RAJASTHAN, 8, NAGAUR, 101, NAWA, 262096, MEETHARI, 40515, 1315057, Health, 0, 0, 0, 0, 0, 0, 200000, 200000
2015, RAJASTHAN, 8, NAGAUR, 101, NAWA, 262096, MEETHARI, 40515, 1315057, Roads, 0, 0, 0, 0, 0, 0, 3528752, 3528752
2015, RAJASTHAN, 8, NAGAUR, 101, NAWA, 262096, MEETHARI, 40515, 1315057, Sanitation, 0, 0, 0, 0, 0, 0, 1776555, 1776555
2015, RAJASTHAN, 8, NAGAUR, 101, NAWA, 262096, MEETHARI, 40515, 1315057, Total, 0, 0, 0, 0, 0, 0, 5725307, 5725307
2015, RAJASTHAN, 8, NAGAUR, 101, NAWA, 262096, MINDA, 40514, 1204368, Drinking water, 0, 0, 0, 0, 0, 0, 837000, 837000
2015, RAJASTHAN, 8, NAGAUR, 101, NAWA, 262096, MINDA, 40514, 1204368, Roads, 0, 0, 0, 0, 0, 0, 3936000, 3936000
2015, RAJASTHAN, 8, NAGAUR, 101, NAWA, 262096, MINDA, 40514, 1204368, Sanitation, 0, 0, 0, 0, 0, 0, 1024986, 1024986
2015, RAJASTHAN, 8, NAGAUR, 101, NAWA, 262096, MINDA, 40514, 1204368, Total, 0, 0, 0, 0, 0, 0, 5797986, 5797986
2015, RAJASTHAN, 8, NAGAUR, 101, NAWA, 262096, MOONDGASOI, 40516, 1208336, Drinking water, 0, 0, 0, 0, 0, 0, 1146283, 1146283
2015, RAJASTHAN, 8, NAGAUR, 101, NAWA, 262096, MOONDGASOI, 40516, 1208336, Roads, 0, 0, 0, 0, 0, 0, 1794994, 1794994
2015, RAJASTHAN, 8, NAGAUR, 101, NAWA, 262096, MOONDGASOI, 40516, 1208336, Total, 0, 0, 0, 0, 0, 0, 2941277, 2941277
2015, RAJASTHAN, 8, NAGAUR, 101, NAWA, 262096, MUWANA, 40517, 1315055, Drinking water, 0, 0, 0, 0, 0, 0, 1573388, 1573388
2015, RAJASTHAN, 8, NAGAUR, 101, NAWA, 262096, MUWANA, 40517, 1315055, Roads, 0, 0, 0, 0, 0, 0, 1859358, 1859358
2015, RAJASTHAN, 8, NAGAUR, 101, NAWA, 262096, MUWANA, 40517, 1315055, Sanitation, 0, 0, 0, 0, 0, 0, 107000, 107000
2015, RAJASTHAN, 8, NAGAUR, 101, NAWA, 262096, MUWANA, 40517, 1315055, Total, 0, 0, 0, 0, 0, 0, 3539746, 3539746
2015, RAJASTHAN, 8, NAGAUR, 101, NAWA, 262096, PANCHOTA, 40522, 1204387, Drinking water, 0, 0, 0, 0, 0, 0, 857487, 857487
2015, RAJASTHAN, 8, NAGAUR, 101, NAWA, 262096, PANCHOTA, 40522, 1204387, Roads, 0, 0, 0, 0, 0, 0, 1152000, 1152000
2015, RAJASTHAN, 8, NAGAUR, 101, NAWA, 262096, PANCHOTA, 40522, 1204387, Sanitation, 0, 0, 0, 0, 0, 0, 431000, 431000
2015, RAJASTHAN, 8, NAGAUR, 101, NAWA, 262096, PANCHOTA, 40522, 1204387, Total, 0, 0, 0, 0, 0, 0, 2440487, 2440487
2015, RAJASTHAN, 8, NAGAUR, 101, NAWA, 262096, RAJLIYA, 40526, 1229454, Drinking water, 0, 0, 0, 0, 0, 0, 400000, 400000
2015, RAJASTHAN, 8, NAGAUR, 101, NAWA, 262096, RAJLIYA, 40526, 1229454, Roads, 0, 0, 0, 0, 0, 0, 2370818, 2370818
2015, RAJASTHAN, 8, NAGAUR, 101, NAWA, 262096, RAJLIYA, 40526, 1229454, Sanitation, 0, 0, 0, 0, 0, 0, 225000, 225000
2015, RAJASTHAN, 8, NAGAUR, 101, NAWA, 262096, RAJLIYA, 40526, 1229454, Total, 0, 0, 0, 0, 0, 0, 2995818, 2995818
2015, RAJASTHAN, 8, NAGAUR, 101, NAWA, 262096, SHIMBHUPURA, 40530, 1174542, Administrative & Technical Support, 0, 0, 0, 0, 0, 0, 250000, 250000
2015, RAJASTHAN, 8, NAGAUR, 101, NAWA, 262096, SHIMBHUPURA, 40530, 1174542, Drinking water, 0, 0, 0, 0, 0, 0, 50000, 50000
2015, RAJASTHAN, 8, NAGAUR, 101, NAWA, 262096, SHIMBHUPURA, 40530, 1174542, Roads, 0, 0, 0, 0, 0, 0, 600000, 600000
2015, RAJASTHAN, 8, NAGAUR, 101, NAWA, 262096, SHIMBHUPURA, 40530, 1174542, Rural housing, 0, 0, 0, 0, 0, 0, 184672, 184672
2015, RAJASTHAN, 8, NAGAUR, 101, NAWA, 262096, SHIMBHUPURA, 40530, 1174542, Sanitation, 0, 0, 0, 0, 0, 0, 380129, 380129
2015, RAJASTHAN, 8, NAGAUR, 101, NAWA, 262096, SHIMBHUPURA, 40530, 1174542, Social welfare, 0, 0, 0, 0, 0, 0, 700000, 700000
2015, RAJASTHAN, 8, NAGAUR, 101, NAWA, 262096, SHIMBHUPURA, 40530, 1174542, Total, 0, 0, 0, 0, 0, 0, 2164801, 2164801
2015, RAJASTHAN, 8, NAGAUR, 101, NAWA, 262096, SHYAMGARH, 40532, 1205543, Drinking water, 0, 0, 0, 0, 0, 0, 770537, 770537
2015, RAJASTHAN, 8, NAGAUR, 101, NAWA, 262096, SHYAMGARH, 40532, 1205543, Maintenance of community system, 0, 0, 0, 0, 0, 0, 360000, 360000
2015, RAJASTHAN, 8, NAGAUR, 101, NAWA, 262096, SHYAMGARH, 40532, 1205543, Roads, 0, 0, 0, 0, 0, 0, 1227000, 1227000
2015, RAJASTHAN, 8, NAGAUR, 101, NAWA, 262096, SHYAMGARH, 40532, 1205543, Sanitation, 0, 0, 0, 0, 0, 0, 23945, 23945
2015, RAJASTHAN, 8, NAGAUR, 101, NAWA, 262096, SHYAMGARH, 40532, 1205543, Total, 0, 0, 0, 0, 0, 0, 2381482, 2381482
2015, RAJASTHAN, 8, NAGAUR, 101, NAWA, 262096, SOLAYA, 40533, 1195347, Roads, 0, 0, 0, 0, 0, 0, 1777141, 1777141
2015, RAJASTHAN, 8, NAGAUR, 101, NAWA, 262096, SOLAYA, 40533, 1195347, Sanitation, 0, 0, 0, 0, 0, 0, 50000, 50000
2015, RAJASTHAN, 8, NAGAUR, 101, NAWA, 262096, SOLAYA, 40533, 1195347, Total, 0, 0, 0, 0, 0, 0, 1827141, 1827141
2015, RAJASTHAN, 8, NAGAUR, 101, PARBATSAR, 1332, BADU, 40724, 1157672, Roads, 0, 0, 0, 0, 0, 0, 100000, 100000
2015, RAJASTHAN, 8, NAGAUR, 101, PARBATSAR, 1332, BADU, 40724, 1157672, Total, 0, 0, 0, 0, 0, 0, 100000, 100000
2015, RAJASTHAN, 8, NAGAUR, 101, PARBATSAR, 1332, BAGOT, 40725, 1172588, Drinking water, 0, 0, 0, 0, 0, 0, 869000, 869000
2015, RAJASTHAN, 8, NAGAUR, 101, PARBATSAR, 1332, BAGOT, 40725, 1172588, Education, 0, 0, 0, 0, 0, 0, 500000, 500000
2015, RAJASTHAN, 8, NAGAUR, 101, PARBATSAR, 1332, BAGOT, 40725, 1172588, Health, 0, 0, 0, 0, 0, 0, 20000, 20000
2015, RAJASTHAN, 8, NAGAUR, 101, PARBATSAR, 1332, BAGOT, 40725, 1172588, Roads, 0, 0, 0, 0, 0, 0, 1300000, 1300000
2015, RAJASTHAN, 8, NAGAUR, 101, PARBATSAR, 1332, BAGOT, 40725, 1172588, Rural housing, 0, 0, 0, 0, 0, 0, 50000, 50000
2015, RAJASTHAN, 8, NAGAUR, 101, PARBATSAR, 1332, BAGOT, 40725, 1172588, Sanitation, 0, 0, 0, 0, 0, 0, 200000, 200000
2015, RAJASTHAN, 8, NAGAUR, 101, PARBATSAR, 1332, BAGOT, 40725, 1172588, Total, 0, 0, 0, 0, 0, 0, 2939000, 2939000
2015, RAJASTHAN, 8, NAGAUR, 101, PARBATSAR, 1332, BAJWAS, 40726, 1168600, Drinking water, 0, 0, 0, 0, 0, 0, 350000, 350000
2015, RAJASTHAN, 8, NAGAUR, 101, PARBATSAR, 1332, BAJWAS, 40726, 1168600, Roads, 0, 0, 0, 0, 0, 0, 2271565, 2271565
2015, RAJASTHAN, 8, NAGAUR, 101, PARBATSAR, 1332, BAJWAS, 40726, 1168600, Sanitation, 0, 0, 0, 0, 0, 0, 250000, 250000
2015, RAJASTHAN, 8, NAGAUR, 101, PARBATSAR, 1332, BAJWAS, 40726, 1168600, Total, 0, 0, 0, 0, 0, 0, 2871565, 2871565
2015, RAJASTHAN, 8, NAGAUR, 101, PARBATSAR, 1332, BAREV, 40727, 1172735, Cultural activities, 0, 0, 0, 0, 0, 0, 100000, 100000
2015, RAJASTHAN, 8, NAGAUR, 101, PARBATSAR, 1332, BAREV, 40727, 1172735, Maintenance of community system, 0, 0, 0, 0, 0, 0, 125000, 125000
2015, RAJASTHAN, 8, NAGAUR, 101, PARBATSAR, 1332, BAREV, 40727, 1172735, Roads, 0, 0, 0, 0, 0, 0, 1403000, 1403000
2015, RAJASTHAN, 8, NAGAUR, 101, PARBATSAR, 1332, BAREV, 40727, 1172735, Rural electrification, 0, 0, 0, 0, 0, 0, 221208, 221208
2015, RAJASTHAN, 8, NAGAUR, 101, PARBATSAR, 1332, BAREV, 40727, 1172735, Total, 0, 0, 0, 0, 0, 0, 1849208, 1849208
2015, RAJASTHAN, 8, NAGAUR, 101, PARBATSAR, 1332, BASSI, 40728, 1172940, Drinking water, 0, 0, 0, 0, 0, 0, 900000, 900000
2015, RAJASTHAN, 8, NAGAUR, 101, PARBATSAR, 1332, BASSI, 40728, 1172940, Roads, 0, 0, 0, 0, 0, 0, 900000, 900000
2015, RAJASTHAN, 8, NAGAUR, 101, PARBATSAR, 1332, BASSI, 40728, 1172940, Sanitation, 0, 0, 0, 0, 0, 0, 560000, 560000
2015, RAJASTHAN, 8, NAGAUR, 101, PARBATSAR, 1332, BASSI, 40728, 1172940, Total, 0, 0, 0, 0, 0, 0, 2360000, 2360000
2015, RAJASTHAN, 8, NAGAUR, 101, PARBATSAR, 1332, BHADSIYA, 40729, 1172942, Drinking water, 0, 0, 0, 0, 0, 0, 130000, 130000
2015, RAJASTHAN, 8, NAGAUR, 101, PARBATSAR, 1332, BHADSIYA, 40729, 1172942, Roads, 0, 0, 0, 0, 0, 0, 900000, 900000
2015, RAJASTHAN, 8, NAGAUR, 101, PARBATSAR, 1332, BHADSIYA, 40729, 1172942, Sanitation, 0, 0, 0, 0, 0, 0, 507000, 507000
2015, RAJASTHAN, 8, NAGAUR, 101, PARBATSAR, 1332, BHADSIYA, 40729, 1172942, Total, 0, 0, 0, 0, 0, 0, 1537000, 1537000
2015, RAJASTHAN, 8, NAGAUR, 101, PARBATSAR, 1332, BHADWA, 40730, 1172944, Drinking water, 0, 0, 0, 0, 0, 0, 610000, 610000
2015, RAJASTHAN, 8, NAGAUR, 101, PARBATSAR, 1332, BHADWA, 40730, 1172944, Roads, 0, 0, 0, 0, 0, 0, 3095000, 3095000
2015, RAJASTHAN, 8, NAGAUR, 101, PARBATSAR, 1332, BHADWA, 40730, 1172944, Sanitation, 0, 0, 0, 0, 0, 0, 130000, 130000
2015, RAJASTHAN, 8, NAGAUR, 101, PARBATSAR, 1332, BHADWA, 40730, 1172944, Total, 0, 0, 0, 0, 0, 0, 3835000, 3835000
2015, RAJASTHAN, 8, NAGAUR, 101, PARBATSAR, 1332, BHAKRI MAULAS, 40731, 1172945, Markets and fairs, 0, 0, 0, 0, 0, 0, 640000, 640000
2015, RAJASTHAN, 8, NAGAUR, 101, PARBATSAR, 1332, BHAKRI MAULAS, 40731, 1172945, Roads, 0, 0, 0, 0, 0, 0, 2480000, 2480000
2015, RAJASTHAN, 8, NAGAUR, 101, PARBATSAR, 1332, BHAKRI MAULAS, 40731, 1172945, Total, 0, 0, 0, 0, 0, 0, 3120000, 3120000
2015, RAJASTHAN, 8, NAGAUR, 101, PARBATSAR, 1332, BIDIYAD, 40732, 1172948, Roads, 0, 0, 0, 0, 0, 0, 4950000, 4950000
2015, RAJASTHAN, 8, NAGAUR, 101, PARBATSAR, 1332, BIDIYAD, 40732, 1172948, Total, 0, 0, 0, 0, 0, 0, 4950000, 4950000
2015, RAJASTHAN, 8, NAGAUR, 101, PARBATSAR, 1332, BITHWALIYA, 40733, 1172950, Drinking water, 0, 0, 0, 0, 0, 0, 400000, 400000
2015, RAJASTHAN, 8, NAGAUR, 101, PARBATSAR, 1332, BITHWALIYA, 40733, 1172950, Roads, 0, 0, 0, 0, 0, 0, 1915257, 1915257
2015, RAJASTHAN, 8, NAGAUR, 101, PARBATSAR, 1332, BITHWALIYA, 40733, 1172950, Rural electrification, 0, 0, 0, 0, 0, 0, 224000, 224000
2015, RAJASTHAN, 8, NAGAUR, 101, PARBATSAR, 1332, BITHWALIYA, 40733, 1172950, Sanitation, 0, 0, 0, 0, 0, 0, 200000, 200000
2015, RAJASTHAN, 8, NAGAUR, 101, PARBATSAR, 1332, BITHWALIYA, 40733, 1172950, Social welfare, 0, 0, 0, 0, 0, 0, 50000, 50000
2015, RAJASTHAN, 8, NAGAUR, 101, PARBATSAR, 1332, BITHWALIYA, 40733, 1172950, Total, 0, 0, 0, 0, 0, 0, 2789257, 2789257
2015, RAJASTHAN, 8, NAGAUR, 101, PARBATSAR, 1332, CHITAI, 40734, 1175926, Drinking water, 0, 0, 0, 0, 0, 0, 1598000, 1598000
2015, RAJASTHAN, 8, NAGAUR, 101, PARBATSAR, 1332, CHITAI, 40734, 1175926, Roads, 0, 0, 0, 0, 0, 0, 1260000, 1260000
2015, RAJASTHAN, 8, NAGAUR, 101, PARBATSAR, 1332, CHITAI, 40734, 1175926, Rural electrification, 0, 0, 0, 0, 0, 0, 150000, 150000
2015, RAJASTHAN, 8, NAGAUR, 101, PARBATSAR, 1332, CHITAI, 40734, 1175926, Total, 0, 0, 0, 0, 0, 0, 3008000, 3008000
2015, RAJASTHAN, 8, NAGAUR, 101, PARBATSAR, 1332, DHADHOTA, 40735, 1176015, Drinking water, 0, 0, 0, 0, 0, 0, 234000, 234000
2015, RAJASTHAN, 8, NAGAUR, 101, PARBATSAR, 1332, DHADHOTA, 40735, 1176015, Roads, 0, 0, 0, 0, 0, 0, 1511000, 1511000
2015, RAJASTHAN, 8, NAGAUR, 101, PARBATSAR, 1332, DHADHOTA, 40735, 1176015, Social welfare, 0, 0, 0, 0, 0, 0, 96000, 96000
2015, RAJASTHAN, 8, NAGAUR, 101, PARBATSAR, 1332, DHADHOTA, 40735, 1176015, Total, 0, 0, 0, 0, 0, 0, 1841000, 1841000
2015, RAJASTHAN, 8, NAGAUR, 101, PARBATSAR, 1332, GANGWA, 40736, 1176017, Drinking water, 0, 0, 0, 0, 0, 0, 1418000, 1418000
2015, RAJASTHAN, 8, NAGAUR, 101, PARBATSAR, 1332, GANGWA, 40736, 1176017, Roads, 0, 0, 0, 0, 0, 0, 1269000, 1269000
2015, RAJASTHAN, 8, NAGAUR, 101, PARBATSAR, 1332, GANGWA, 40736, 1176017, Social welfare, 0, 0, 0, 0, 0, 0, 300000, 300000
2015, RAJASTHAN, 8, NAGAUR, 101, PARBATSAR, 1332, GANGWA, 40736, 1176017, Total, 0, 0, 0, 0, 0, 0, 2987000, 2987000
2015, RAJASTHAN, 8, NAGAUR, 101, PARBATSAR, 1332, GINGOLI, 262317, 1289436, Drinking water, 0, 0, 0, 0, 0, 0, 3400000, 3400000
2015, RAJASTHAN, 8, NAGAUR, 101, PARBATSAR, 1332, GINGOLI, 262317, 1289436, Sanitation, 0, 0, 0, 0, 0, 0, 200000, 200000
2015, RAJASTHAN, 8, NAGAUR, 101, PARBATSAR, 1332, GINGOLI, 262317, 1289436, Social welfare, 0, 0, 0, 0, 0, 0, 400000, 400000
2015, RAJASTHAN, 8, NAGAUR, 101, PARBATSAR, 1332, GINGOLI, 262317, 1289436, Total, 0, 0, 0, 0, 0, 0, 4000000, 4000000
2015, RAJASTHAN, 8, NAGAUR, 101, PARBATSAR, 1332, GULAR, 40737, 1176019, Drinking water, 0, 0, 0, 0, 0, 0, 1200000, 1200000
2015, RAJASTHAN, 8, NAGAUR, 101, PARBATSAR, 1332, GULAR, 40737, 1176019, Health, 0, 0, 0, 0, 0, 0, 300000, 300000
2015, RAJASTHAN, 8, NAGAUR, 101, PARBATSAR, 1332, GULAR, 40737, 1176019, Roads, 0, 0, 0, 0, 0, 0, 1500000, 1500000
2015, RAJASTHAN, 8, NAGAUR, 101, PARBATSAR, 1332, GULAR, 40737, 1176019, Sanitation, 0, 0, 0, 0, 0, 0, 943000, 943000
2015, RAJASTHAN, 8, NAGAUR, 101, PARBATSAR, 1332, GULAR, 40737, 1176019, Total, 0, 0, 0, 0, 0, 0, 3943000, 3943000
2015, RAJASTHAN, 8, NAGAUR, 101, PARBATSAR, 1332, HARNAWA, 40738, 1176021, Drinking water, 0, 0, 0, 0, 0, 0, 982000, 982000
2015, RAJASTHAN, 8, NAGAUR, 101, PARBATSAR, 1332, HARNAWA, 40738, 1176021, Roads, 0, 0, 0, 0, 0, 0, 1972000, 1972000
2015, RAJASTHAN, 8, NAGAUR, 101, PARBATSAR, 1332, HARNAWA, 40738, 1176021, Total, 0, 0, 0, 0, 0, 0, 2954000, 2954000
2015, RAJASTHAN, 8, NAGAUR, 101, PARBATSAR, 1332, JANJEELA, 40739, 1175931, Drinking water, 0, 0, 0, 0, 0, 0, 1596000, 1596000
2015, RAJASTHAN, 8, NAGAUR, 101, PARBATSAR, 1332, JANJEELA, 40739, 1175931, Roads, 0, 0, 0, 0, 0, 0, 1135000, 1135000
2015, RAJASTHAN, 8, NAGAUR, 101, PARBATSAR, 1332, JANJEELA, 40739, 1175931, Total, 0, 0, 0, 0, 0, 0, 2731000, 2731000
2015, RAJASTHAN, 8, NAGAUR, 101, PARBATSAR, 1332, JAWLA, 40740, 1175935, Drinking water, 0, 0, 0, 0, 0, 0, 2473000, 2473000
2015, RAJASTHAN, 8, NAGAUR, 101, PARBATSAR, 1332, JAWLA, 40740, 1175935, Roads, 0, 0, 0, 0, 0, 0, 600000, 600000
2015, RAJASTHAN, 8, NAGAUR, 101, PARBATSAR, 1332, JAWLA, 40740, 1175935, Total, 0, 0, 0, 0, 0, 0, 3073000, 3073000
2015, RAJASTHAN, 8, NAGAUR, 101, PARBATSAR, 1332, JHALARA, 40741, 1175938, Drinking water, 0, 0, 0, 0, 0, 0, 700000, 700000
2015, RAJASTHAN, 8, NAGAUR, 101, PARBATSAR, 1332, JHALARA, 40741, 1175938, Roads, 0, 0, 0, 0, 0, 0, 1550000, 1550000
2015, RAJASTHAN, 8, NAGAUR, 101, PARBATSAR, 1332, JHALARA, 40741, 1175938, Sanitation, 0, 0, 0, 0, 0, 0, 81000, 81000
2015, RAJASTHAN, 8, NAGAUR, 101, PARBATSAR, 1332, JHALARA, 40741, 1175938, Social welfare, 0, 0, 0, 0, 0, 0, 473000, 473000
2015, RAJASTHAN, 8, NAGAUR, 101, PARBATSAR, 1332, JHALARA, 40741, 1175938, Total, 0, 0, 0, 0, 0, 0, 2804000, 2804000
2015, RAJASTHAN, 8, NAGAUR, 101, PARBATSAR, 1332, KALETARA, 40742, 1175940, Drinking water, 0, 0, 0, 0, 0, 0, 1319000, 1319000
2015, RAJASTHAN, 8, NAGAUR, 101, PARBATSAR, 1332, KALETARA, 40742, 1175940, Sanitation, 0, 0, 0, 0, 0, 0, 410000, 410000
2015, RAJASTHAN, 8, NAGAUR, 101, PARBATSAR, 1332, KALETARA, 40742, 1175940, Social welfare, 0, 0, 0, 0, 0, 0, 200000, 200000
2015, RAJASTHAN, 8, NAGAUR, 101, PARBATSAR, 1332, KALETARA, 40742, 1175940, Total, 0, 0, 0, 0, 0, 0, 1929000, 1929000
2015, RAJASTHAN, 8, NAGAUR, 101, PARBATSAR, 1332, KHOKHAR, 40743, 1175941, Drinking water, 0, 0, 0, 0, 0, 0, 1518000, 1518000
2015, RAJASTHAN, 8, NAGAUR, 101, PARBATSAR, 1332, KHOKHAR, 40743, 1175941, Roads, 0, 0, 0, 0, 0, 0, 500000, 500000
2015, RAJASTHAN, 8, NAGAUR, 101, PARBATSAR, 1332, KHOKHAR, 40743, 1175941, Rural electrification, 0, 0, 0, 0, 0, 0, 68000, 68000
2015, RAJASTHAN, 8, NAGAUR, 101, PARBATSAR, 1332, KHOKHAR, 40743, 1175941, Social welfare, 0, 0, 0, 0, 0, 0, 518000, 518000
2015, RAJASTHAN, 8, NAGAUR, 101, PARBATSAR, 1332, KHOKHAR, 40743, 1175941, Total, 0, 0, 0, 0, 0, 0, 2604000, 2604000
2015, RAJASTHAN, 8, NAGAUR, 101, PARBATSAR, 1332, KINSARIYA, 40744, 1175942, Drinking water, 0, 0, 0, 0, 0, 0, 1540000, 1540000
2015, RAJASTHAN, 8, NAGAUR, 101, PARBATSAR, 1332, KINSARIYA, 40744, 1175942, Roads, 0, 0, 0, 0, 0, 0, 1058000, 1058000
2015, RAJASTHAN, 8, NAGAUR, 101, PARBATSAR, 1332, KINSARIYA, 40744, 1175942, Sanitation, 0, 0, 0, 0, 0, 0, 550000, 550000
2015, RAJASTHAN, 8, NAGAUR, 101, PARBATSAR, 1332, KINSARIYA, 40744, 1175942, Social welfare, 0, 0, 0, 0, 0, 0, 588000, 588000
2015, RAJASTHAN, 8, NAGAUR, 101, PARBATSAR, 1332, KINSARIYA, 40744, 1175942, Total, 0, 0, 0, 0, 0, 0, 3736000, 3736000
2015, RAJASTHAN, 8, NAGAUR, 101, PARBATSAR, 1332, KUNDARI, 40745, 1175946, Drinking water, 0, 0, 0, 0, 0, 0, 353000, 353000
2015, RAJASTHAN, 8, NAGAUR, 101, PARBATSAR, 1332, KUNDARI, 40745, 1175946, Roads, 0, 0, 0, 0, 0, 0, 2200000, 2200000
2015, RAJASTHAN, 8, NAGAUR, 101, PARBATSAR, 1332, KUNDARI, 40745, 1175946, Social welfare, 0, 0, 0, 0, 0, 0, 86000, 86000
2015, RAJASTHAN, 8, NAGAUR, 101, PARBATSAR, 1332, KUNDARI, 40745, 1175946, Total, 0, 0, 0, 0, 0, 0, 2639000, 2639000
2015, RAJASTHAN, 8, NAGAUR, 101, PARBATSAR, 1332, KURADA, 40746, 1175947, Drinking water, 0, 0, 0, 0, 0, 0, 315000, 315000
2015, RAJASTHAN, 8, NAGAUR, 101, PARBATSAR, 1332, KURADA, 40746, 1175947, Roads, 0, 0, 0, 0, 0, 0, 2455000, 2455000
2015, RAJASTHAN, 8, NAGAUR, 101, PARBATSAR, 1332, KURADA, 40746, 1175947, Total, 0, 0, 0, 0, 0, 0, 2770000, 2770000
2015, RAJASTHAN, 8, NAGAUR, 101, PARBATSAR, 1332, MANGLANA, 40747, 1175949, Drinking water, 0, 0, 0, 0, 0, 0, 331000, 331000
2015, RAJASTHAN, 8, NAGAUR, 101, PARBATSAR, 1332, MANGLANA, 40747, 1175949, Roads, 0, 0, 0, 0, 0, 0, 2500000, 2500000
2015, RAJASTHAN, 8, NAGAUR, 101, PARBATSAR, 1332, MANGLANA, 40747, 1175949, Sanitation, 0, 0, 0, 0, 0, 0, 194000, 194000
2015, RAJASTHAN, 8, NAGAUR, 101, PARBATSAR, 1332, MANGLANA, 40747, 1175949, Social welfare, 0, 0, 0, 0, 0, 0, 200000, 200000
2015, RAJASTHAN, 8, NAGAUR, 101, PARBATSAR, 1332, MANGLANA, 40747, 1175949, Total, 0, 0, 0, 0, 0, 0, 3225000, 3225000
2015, RAJASTHAN, 8, NAGAUR, 101, PARBATSAR, 1332, MAYAPUR, 40748, 1175952, Drinking water, 0, 0, 0, 0, 0, 0, 924000, 924000
2015, RAJASTHAN, 8, NAGAUR, 101, PARBATSAR, 1332, MAYAPUR, 40748, 1175952, Roads, 0, 0, 0, 0, 0, 0, 900000, 900000
2015, RAJASTHAN, 8, NAGAUR, 101, PARBATSAR, 1332, MAYAPUR, 40748, 1175952, Rural electrification, 0, 0, 0, 0, 0, 0, 500000, 500000
2015, RAJASTHAN, 8, NAGAUR, 101, PARBATSAR, 1332, MAYAPUR, 40748, 1175952, Sanitation, 0, 0, 0, 0, 0, 0, 200000, 200000
2015, RAJASTHAN, 8, NAGAUR, 101, PARBATSAR, 1332, MAYAPUR, 40748, 1175952, Social welfare, 0, 0, 0, 0, 0, 0, 107000, 107000
2015, RAJASTHAN, 8, NAGAUR, 101, PARBATSAR, 1332, MAYAPUR, 40748, 1175952, Total, 0, 0, 0, 0, 0, 0, 2631000, 2631000
2015, RAJASTHAN, 8, NAGAUR, 101, PARBATSAR, 1332, NENIYA, 40749, 1175953, Drinking water, 0, 0, 0, 0, 0, 0, 160000, 160000
2015, RAJASTHAN, 8, NAGAUR, 101, PARBATSAR, 1332, NENIYA, 40749, 1175953, Roads, 0, 0, 0, 0, 0, 0, 1600000, 1600000
2015, RAJASTHAN, 8, NAGAUR, 101, PARBATSAR, 1332, NENIYA, 40749, 1175953, Sanitation, 0, 0, 0, 0, 0, 0, 895000, 895000
2015, RAJASTHAN, 8, NAGAUR, 101, PARBATSAR, 1332, NENIYA, 40749, 1175953, Total, 0, 0, 0, 0, 0, 0, 2655000, 2655000
2015, RAJASTHAN, 8, NAGAUR, 101, PARBATSAR, 1332, NETIYAS, 40750, 1175956, Animal husbandry, 0, 0, 0, 0, 0, 0, 200000, 200000
2015, RAJASTHAN, 8, NAGAUR, 101, PARBATSAR, 1332, NETIYAS, 40750, 1175956, Drinking water, 0, 0, 0, 0, 0, 0, 1045000, 1045000
2015, RAJASTHAN, 8, NAGAUR, 101, PARBATSAR, 1332, NETIYAS, 40750, 1175956, Roads, 0, 0, 0, 0, 0, 0, 956000, 956000
2015, RAJASTHAN, 8, NAGAUR, 101, PARBATSAR, 1332, NETIYAS, 40750, 1175956, Total, 0, 0, 0, 0, 0, 0, 2201000, 2201000
2015, RAJASTHAN, 8, NAGAUR, 101, PARBATSAR, 1332, PEEH, 40751, 1175961, Drinking water, 0, 0, 0, 0, 0, 0, 1316000, 1316000
2015, RAJASTHAN, 8, NAGAUR, 101, PARBATSAR, 1332, PEEH, 40751, 1175961, Roads, 0, 0, 0, 0, 0, 0, 700000, 700000
2015, RAJASTHAN, 8, NAGAUR, 101, PARBATSAR, 1332, PEEH, 40751, 1175961, Sanitation, 0, 0, 0, 0, 0, 0, 2500000, 2500000
2015, RAJASTHAN, 8, NAGAUR, 101, PARBATSAR, 1332, PEEH, 40751, 1175961, Social welfare, 0, 0, 0, 0, 0, 0, 200000, 200000
2015, RAJASTHAN, 8, NAGAUR, 101, PARBATSAR, 1332, PEEH, 40751, 1175961, Total, 0, 0, 0, 0, 0, 0, 4716000, 4716000
2015, RAJASTHAN, 8, NAGAUR, 101, PARBATSAR, 1332, PEELWA, 40752, 1175967, Drinking water, 0, 0, 0, 0, 0, 0, 500000, 500000
2015, RAJASTHAN, 8, NAGAUR, 101, PARBATSAR, 1332, PEELWA, 40752, 1175967, Roads, 0, 0, 0, 0, 0, 0, 1169000, 1169000
2015, RAJASTHAN, 8, NAGAUR, 101, PARBATSAR, 1332, PEELWA, 40752, 1175967, Sanitation, 0, 0, 0, 0, 0, 0, 347000, 347000
2015, RAJASTHAN, 8, NAGAUR, 101, PARBATSAR, 1332, PEELWA, 40752, 1175967, Social welfare, 0, 0, 0, 0, 0, 0, 400000, 400000
2015, RAJASTHAN, 8, NAGAUR, 101, PARBATSAR, 1332, PEELWA, 40752, 1175967, Total, 0, 0, 0, 0, 0, 0, 2416000, 2416000
2015, RAJASTHAN, 8, NAGAUR, 101, PARBATSAR, 1332, PEEPLAD, 40753, 1175973, Drinking water, 0, 0, 0, 0, 0, 0, 785000, 785000
2015, RAJASTHAN, 8, NAGAUR, 101, PARBATSAR, 1332, PEEPLAD, 40753, 1175973, Roads, 0, 0, 0, 0, 0, 0, 2075000, 2075000
2015, RAJASTHAN, 8, NAGAUR, 101, PARBATSAR, 1332, PEEPLAD, 40753, 1175973, Social welfare, 0, 0, 0, 0, 0, 0, 426000, 426000
2015, RAJASTHAN, 8, NAGAUR, 101, PARBATSAR, 1332, PEEPLAD, 40753, 1175973, Total, 0, 0, 0, 0, 0, 0, 3286000, 3286000
2015, RAJASTHAN, 8, NAGAUR, 101, PARBATSAR, 1332, RABDIYAD, 40754, 1175978, Drinking water, 0, 0, 0, 0, 0, 0, 650000, 650000
2015, RAJASTHAN, 8, NAGAUR, 101, PARBATSAR, 1332, RABDIYAD, 40754, 1175978, Roads, 0, 0, 0, 0, 0, 0, 1334000, 1334000
2015, RAJASTHAN, 8, NAGAUR, 101, PARBATSAR, 1332, RABDIYAD, 40754, 1175978, Total, 0, 0, 0, 0, 0, 0, 1984000, 1984000
2015, RAJASTHAN, 8, NAGAUR, 101, PARBATSAR, 1332, RID, 40755, 1175983, Drinking water, 0, 0, 0, 0, 0, 0, 624000, 624000
2015, RAJASTHAN, 8, NAGAUR, 101, PARBATSAR, 1332, RID, 40755, 1175983, Roads, 0, 0, 0, 0, 0, 0, 683000, 683000
2015, RAJASTHAN, 8, NAGAUR, 101, PARBATSAR, 1332, RID, 40755, 1175983, Sanitation, 0, 0, 0, 0, 0, 0, 550000, 550000
2015, RAJASTHAN, 8, NAGAUR, 101, PARBATSAR, 1332, RID, 40755, 1175983, Social welfare, 0, 0, 0, 0, 0, 0, 300000, 300000
2015, RAJASTHAN, 8, NAGAUR, 101, PARBATSAR, 1332, RID, 40755, 1175983, Total, 0, 0, 0, 0, 0, 0, 2157000, 2157000
2015, RAJASTHAN, 8, NAGAUR, 101, PARBATSAR, 1332, ROHINDI, 40756, 1175990, Drinking water, 0, 0, 0, 0, 0, 0, 1198000, 1198000
2015, RAJASTHAN, 8, NAGAUR, 101, PARBATSAR, 1332, ROHINDI, 40756, 1175990, Roads, 0, 0, 0, 0, 0, 0, 700000, 700000
2015, RAJASTHAN, 8, NAGAUR, 101, PARBATSAR, 1332, ROHINDI, 40756, 1175990, Sanitation, 0, 0, 0, 0, 0, 0, 400000, 400000
2015, RAJASTHAN, 8, NAGAUR, 101, PARBATSAR, 1332, ROHINDI, 40756, 1175990, Total, 0, 0, 0, 0, 0, 0, 2298000, 2298000
2015, RAJASTHAN, 8, NAGAUR, 101, PARBATSAR, 1332, RUNIJA, 40757, 1175994, Drinking water, 0, 0, 0, 0, 0, 0, 1000000, 1000000
2015, RAJASTHAN, 8, NAGAUR, 101, PARBATSAR, 1332, RUNIJA, 40757, 1175994, Roads, 0, 0, 0, 0, 0, 0, 300000, 300000
2015, RAJASTHAN, 8, NAGAUR, 101, PARBATSAR, 1332, RUNIJA, 40757, 1175994, Rural electrification, 0, 0, 0, 0, 0, 0, 500000, 500000
2015, RAJASTHAN, 8, NAGAUR, 101, PARBATSAR, 1332, RUNIJA, 40757, 1175994, Sanitation, 0, 0, 0, 0, 0, 0, 1002000, 1002000
2015, RAJASTHAN, 8, NAGAUR, 101, PARBATSAR, 1332, RUNIJA, 40757, 1175994, Total, 0, 0, 0, 0, 0, 0, 2802000, 2802000
2015, RAJASTHAN, 8, NAGAUR, 101, PARBATSAR, 1332, TAPARWARA, 40758, 1176013, Roads, 0, 0, 0, 0, 0, 0, 1703000, 1703000
2015, RAJASTHAN, 8, NAGAUR, 101, PARBATSAR, 1332, TAPARWARA, 40758, 1176013, Rural electrification, 0, 0, 0, 0, 0, 0, 228000, 228000
2015, RAJASTHAN, 8, NAGAUR, 101, PARBATSAR, 1332, TAPARWARA, 40758, 1176013, Social welfare, 0, 0, 0, 0, 0, 0, 550000, 550000
2015, RAJASTHAN, 8, NAGAUR, 101, PARBATSAR, 1332, TAPARWARA, 40758, 1176013, Total, 0, 0, 0, 0, 0, 0, 2481000, 2481000
2015, RAJASTHAN, 8, NAGAUR, 101, RIYAN BADI, 1333, ALNIYAWAS, 40759, 1152181, Drinking water, 0, 0, 0, 0, 0, 0, 500000, 500000
2015, RAJASTHAN, 8, NAGAUR, 101, RIYAN BADI, 1333, ALNIYAWAS, 40759, 1152181, Roads, 0, 0, 0, 0, 970000, 0, 3309975, 4279975
2015, RAJASTHAN, 8, NAGAUR, 101, RIYAN BADI, 1333, ALNIYAWAS, 40759, 1152181, Rural housing, 0, 0, 0, 0, 0, 0, 1246688, 1246688
2015, RAJASTHAN, 8, NAGAUR, 101, RIYAN BADI, 1333, ALNIYAWAS, 40759, 1152181, Total, 0, 0, 0, 0, 970000, 0, 5056663, 6026663
2015, RAJASTHAN, 8, NAGAUR, 101, RIYAN BADI, 1333, ARNIYALA, 40760, 1164297, Drinking water, 0, 0, 0, 0, 0, 0, 479026, 479026
2015, RAJASTHAN, 8, NAGAUR, 101, RIYAN BADI, 1333, ARNIYALA, 40760, 1164297, Roads, 0, 0, 0, 0, 0, 0, 1600000, 1600000
2015, RAJASTHAN, 8, NAGAUR, 101, RIYAN BADI, 1333, ARNIYALA, 40760, 1164297, Total, 0, 0, 0, 0, 0, 0, 2079026, 2079026
2015, RAJASTHAN, 8, NAGAUR, 101, RIYAN BADI, 1333, BAGAR, 40761, 1170317, Roads, 0, 0, 0, 0, 0, 0, 2078033, 2078033
2015, RAJASTHAN, 8, NAGAUR, 101, RIYAN BADI, 1333, BAGAR, 40761, 1170317, Total, 0, 0, 0, 0, 0, 0, 2078033, 2078033
2015, RAJASTHAN, 8, NAGAUR, 101, RIYAN BADI, 1333, BARAYALI, 40762, 1170315, Roads, 0, 0, 0, 0, 0, 0, 1890609, 1890609
2015, RAJASTHAN, 8, NAGAUR, 101, RIYAN BADI, 1333, BARAYALI, 40762, 1170315, Total, 0, 0, 0, 0, 0, 0, 1890609, 1890609
2015, RAJASTHAN, 8, NAGAUR, 101, RIYAN BADI, 1333, BARI GHATI, 40763, 1175917, Drinking water, 0, 0, 0, 0, 0, 0, 95787, 95787
2015, RAJASTHAN, 8, NAGAUR, 101, RIYAN BADI, 1333, BARI GHATI, 40763, 1175917, Roads, 0, 0, 0, 0, 0, 0, 1952000, 1952000
2015, RAJASTHAN, 8, NAGAUR, 101, RIYAN BADI, 1333, BARI GHATI, 40763, 1175917, Total, 0, 0, 0, 0, 0, 0, 2047787, 2047787
2015, RAJASTHAN, 8, NAGAUR, 101, RIYAN BADI, 1333, BEEJATHAL, 40764, 1164184, Drinking water, 0, 0, 0, 0, 0, 0, 214125, 214125
2015, RAJASTHAN, 8, NAGAUR, 101, RIYAN BADI, 1333, BEEJATHAL, 40764, 1164184, Education, 0, 0, 0, 0, 0, 0, 292183, 292183
2015, RAJASTHAN, 8, NAGAUR, 101, RIYAN BADI, 1333, BEEJATHAL, 40764, 1164184, Roads, 0, 0, 0, 0, 0, 0, 1844272, 1844272
2015, RAJASTHAN, 8, NAGAUR, 101, RIYAN BADI, 1333, BEEJATHAL, 40764, 1164184, Rural housing, 0, 0, 0, 0, 0, 0, 178660, 178660
2015, RAJASTHAN, 8, NAGAUR, 101, RIYAN BADI, 1333, BEEJATHAL, 40764, 1164184, Total, 0, 0, 0, 0, 0, 0, 2529240, 2529240
2015, RAJASTHAN, 8, NAGAUR, 101, RIYAN BADI, 1333, BHAWAL, 40765, 1169238, Drinking water, 0, 0, 0, 0, 0, 0, 600000, 600000
2015, RAJASTHAN, 8, NAGAUR, 101, RIYAN BADI, 1333, BHAWAL, 40765, 1169238, Roads, 0, 0, 0, 0, 0, 0, 1829083, 1829083
2015, RAJASTHAN, 8, NAGAUR, 101, RIYAN BADI, 1333, BHAWAL, 40765, 1169238, Total, 0, 0, 0, 0, 0, 0, 2429083, 2429083
2015, RAJASTHAN, 8, NAGAUR, 101, RIYAN BADI, 1333, BHERUNDA, 40766, 1165165, Drinking water, 0, 0, 0, 0, 0, 0, 334328, 334328
2015, RAJASTHAN, 8, NAGAUR, 101, RIYAN BADI, 1333, BHERUNDA, 40766, 1165165, Roads, 0, 0, 0, 0, 0, 0, 3605000, 3605000
2015, RAJASTHAN, 8, NAGAUR, 101, RIYAN BADI, 1333, BHERUNDA, 40766, 1165165, Sanitation, 0, 0, 0, 0, 0, 0, 126000, 126000
2015, RAJASTHAN, 8, NAGAUR, 101, RIYAN BADI, 1333, BHERUNDA, 40766, 1165165, Total, 0, 0, 0, 0, 0, 0, 4065328, 4065328
2015, RAJASTHAN, 8, NAGAUR, 101, RIYAN BADI, 1333, CHAWADIYA  KALAN, 40767, 1183978, Administrative & Technical Support, 0, 0, 0, 0, 0, 0, 33587, 33587
2015, RAJASTHAN, 8, NAGAUR, 101, RIYAN BADI, 1333, CHAWADIYA  KALAN, 40767, 1183978, Roads, 0, 0, 0, 0, 0, 0, 1800000, 1800000
2015, RAJASTHAN, 8, NAGAUR, 101, RIYAN BADI, 1333, CHAWADIYA  KALAN, 40767, 1183978, Total, 0, 0, 0, 0, 0, 0, 1833587, 1833587
2015, RAJASTHAN, 8, NAGAUR, 101, RIYAN BADI, 1333, CHUNDIYA, 40768, 1184025, Roads, 0, 0, 0, 0, 0, 0, 1586167, 1586167
2015, RAJASTHAN, 8, NAGAUR, 101, RIYAN BADI, 1333, CHUNDIYA, 40768, 1184025, Total, 0, 0, 0, 0, 0, 0, 1586167, 1586167
2015, RAJASTHAN, 8, NAGAUR, 101, RIYAN BADI, 1333, DHANIPURA, 40770, 1190478, Drinking water, 0, 0, 0, 0, 0, 0, 1355822, 1355822
2015, RAJASTHAN, 8, NAGAUR, 101, RIYAN BADI, 1333, DHANIPURA, 40770, 1190478, Roads, 0, 0, 0, 0, 0, 0, 450000, 450000
2015, RAJASTHAN, 8, NAGAUR, 101, RIYAN BADI, 1333, DHANIPURA, 40770, 1190478, Total, 0, 0, 0, 0, 0, 0, 1805822, 1805822
2015, RAJASTHAN, 8, NAGAUR, 101, RIYAN BADI, 1333, DODIYANA, 40771, 1168444, Administrative & Technical Support, 0, 0, 0, 0, 0, 0, 24153, 24153
2015, RAJASTHAN, 8, NAGAUR, 101, RIYAN BADI, 1333, DODIYANA, 40771, 1168444, Roads, 0, 0, 0, 0, 0, 0, 2456000, 2456000
2015, RAJASTHAN, 8, NAGAUR, 101, RIYAN BADI, 1333, DODIYANA, 40771, 1168444, Total, 0, 0, 0, 0, 0, 0, 2480153, 2480153
2015, RAJASTHAN, 8, NAGAUR, 101, RIYAN BADI, 1333, GAWARDI, 40772, 1175044, Roads, 0, 0, 0, 0, 0, 0, 1706159, 1706159
2015, RAJASTHAN, 8, NAGAUR, 101, RIYAN BADI, 1333, GAWARDI, 40772, 1175044, Total, 0, 0, 0, 0, 0, 0, 1706159, 1706159
2015, RAJASTHAN, 8, NAGAUR, 101, RIYAN BADI, 1333, JARAU KALAN, 40773, 1185876, Drinking water, 0, 0, 0, 0, 0, 0, 229000, 229000
2015, RAJASTHAN, 8, NAGAUR, 101, RIYAN BADI, 1333, JARAU KALAN, 40773, 1185876, Roads, 0, 0, 0, 0, 0, 0, 1550000, 1550000
2015, RAJASTHAN, 8, NAGAUR, 101, RIYAN BADI, 1333, JARAU KALAN, 40773, 1185876, Rural housing, 0, 0, 0, 0, 0, 0, 195404, 195404
2015, RAJASTHAN, 8, NAGAUR, 101, RIYAN BADI, 1333, JARAU KALAN, 40773, 1185876, Total, 0, 0, 0, 0, 0, 0, 1974404, 1974404
2015, RAJASTHAN, 8, NAGAUR, 101, RIYAN BADI, 1333, JASNAGAR, 40774, 1168797, Drinking water, 0, 0, 0, 0, 0, 0, 100000, 100000
2015, RAJASTHAN, 8, NAGAUR, 101, RIYAN BADI, 1333, JASNAGAR, 40774, 1168797, Roads, 0, 0, 0, 0, 0, 0, 4654535, 4654535
2015, RAJASTHAN, 8, NAGAUR, 101, RIYAN BADI, 1333, JASNAGAR, 40774, 1168797, Total, 0, 0, 0, 0, 0, 0, 4754535, 4754535
2015, RAJASTHAN, 8, NAGAUR, 101, RIYAN BADI, 1333, JASWANTABAD, 40775, 1174553, Adult and non-formal education, 0, 0, 0, 0, 0, 0, 2013, 2013
2015, RAJASTHAN, 8, NAGAUR, 101, RIYAN BADI, 1333, JASWANTABAD, 40775, 1174553, Drinking water, 0, 0, 0, 0, 0, 0, 100000, 100000
2015, RAJASTHAN, 8, NAGAUR, 101, RIYAN BADI, 1333, JASWANTABAD, 40775, 1174553, Roads, 0, 0, 0, 0, 0, 0, 1800000, 1800000
2015, RAJASTHAN, 8, NAGAUR, 101, RIYAN BADI, 1333, JASWANTABAD, 40775, 1174553, Total, 0, 0, 0, 0, 0, 0, 1902013, 1902013
2015, RAJASTHAN, 8, NAGAUR, 101, RIYAN BADI, 1333, JATAWAS, 40776, 1163664, Drinking water, 0, 0, 0, 0, 0, 0, 50000, 50000
2015, RAJASTHAN, 8, NAGAUR, 101, RIYAN BADI, 1333, JATAWAS, 40776, 1163664, Roads, 0, 0, 0, 0, 0, 0, 1581785, 1581785
2015, RAJASTHAN, 8, NAGAUR, 101, RIYAN BADI, 1333, JATAWAS, 40776, 1163664, Total, 0, 0, 0, 0, 0, 0, 1631785, 1631785
2015, RAJASTHAN, 8, NAGAUR, 101, RIYAN BADI, 1333, JHINTIYA, 40777, 1163373, Drinking water, 0, 0, 0, 0, 0, 0, 538375, 538375
2015, RAJASTHAN, 8, NAGAUR, 101, RIYAN BADI, 1333, JHINTIYA, 40777, 1163373, Roads, 0, 0, 0, 0, 0, 0, 1499000, 1499000
2015, RAJASTHAN, 8, NAGAUR, 101, RIYAN BADI, 1333, JHINTIYA, 40777, 1163373, Total, 0, 0, 0, 0, 0, 0, 2037375, 2037375
2015, RAJASTHAN, 8, NAGAUR, 101, RIYAN BADI, 1333, KOD, 40779, 1191005, Administrative & Technical Support, 0, 0, 0, 0, 0, 0, 17274, 17274
2015, RAJASTHAN, 8, NAGAUR, 101, RIYAN BADI, 1333, KOD, 40779, 1191005, Drinking water, 0, 0, 0, 0, 0, 0, 1420000, 1420000
2015, RAJASTHAN, 8, NAGAUR, 101, RIYAN BADI, 1333, KOD, 40779, 1191005, Rural housing, 0, 0, 0, 0, 0, 0, 850000, 850000
2015, RAJASTHAN, 8, NAGAUR, 101, RIYAN BADI, 1333, KOD, 40779, 1191005, Total, 0, 0, 0, 0, 0, 0, 2287274, 2287274
2015, RAJASTHAN, 8, NAGAUR, 101, RIYAN BADI, 1333, LADPURA, 40780, 1174687, Drinking water, 0, 0, 0, 0, 0, 0, 2287389, 2287389
2015, RAJASTHAN, 8, NAGAUR, 101, RIYAN BADI, 1333, LADPURA, 40780, 1174687, Rural housing, 0, 0, 0, 0, 0, 0, 500000, 500000
2015, RAJASTHAN, 8, NAGAUR, 101, RIYAN BADI, 1333, LADPURA, 40780, 1174687, Sanitation, 0, 0, 0, 0, 0, 0, 200000, 200000
2015, RAJASTHAN, 8, NAGAUR, 101, RIYAN BADI, 1333, LADPURA, 40780, 1174687, Total, 0, 0, 0, 0, 0, 0, 2987389, 2987389
2015, RAJASTHAN, 8, NAGAUR, 101, RIYAN BADI, 1333, LAMPOLAI, 40781, 1177491, Drinking water, 0, 0, 0, 0, 0, 0, 550000, 550000
2015, RAJASTHAN, 8, NAGAUR, 101, RIYAN BADI, 1333, LAMPOLAI, 40781, 1177491, Roads, 0, 0, 0, 0, 0, 0, 1542908, 1542908
2015, RAJASTHAN, 8, NAGAUR, 101, RIYAN BADI, 1333, LAMPOLAI, 40781, 1177491, Total, 0, 0, 0, 0, 0, 0, 2092908, 2092908
2015, RAJASTHAN, 8, NAGAUR, 101, RIYAN BADI, 1333, LEELIYA, 40782, 1184087, Roads, 0, 0, 0, 0, 0, 0, 1936160, 1936160
2015, RAJASTHAN, 8, NAGAUR, 101, RIYAN BADI, 1333, LEELIYA, 40782, 1184087, Rural housing, 0, 0, 0, 0, 0, 0, 900000, 900000
2015, RAJASTHAN, 8, NAGAUR, 101, RIYAN BADI, 1333, LEELIYA, 40782, 1184087, Total, 0, 0, 0, 0, 0, 0, 2836160, 2836160
2015, RAJASTHAN, 8, NAGAUR, 101, RIYAN BADI, 1333, MEDAS, 40783, 1171101, Administrative & Technical Support, 0, 0, 0, 0, 0, 0, 34437, 34437
2015, RAJASTHAN, 8, NAGAUR, 101, RIYAN BADI, 1333, MEDAS, 40783, 1171101, Roads, 0, 0, 0, 0, 0, 0, 1997979, 1997979
2015, RAJASTHAN, 8, NAGAUR, 101, RIYAN BADI, 1333, MEDAS, 40783, 1171101, Total, 0, 0, 0, 0, 0, 0, 2032416, 2032416
2015, RAJASTHAN, 8, NAGAUR, 101, RIYAN BADI, 1333, MORI KALAN, 40785, 1163379, Drinking water, 0, 0, 0, 0, 0, 0, 1600000, 1600000
2015, RAJASTHAN, 8, NAGAUR, 101, RIYAN BADI, 1333, MORI KALAN, 40785, 1163379, Roads, 0, 0, 0, 0, 0, 0, 1278305, 1278305
2015, RAJASTHAN, 8, NAGAUR, 101, RIYAN BADI, 1333, MORI KALAN, 40785, 1163379, Total, 0, 0, 0, 0, 0, 0, 2878305, 2878305
2015, RAJASTHAN, 8, NAGAUR, 101, RIYAN BADI, 1333, MUGDARA, 40786, 1188815, Education, 0, 0, 0, 0, 0, 0, 400000, 400000
2015, RAJASTHAN, 8, NAGAUR, 101, RIYAN BADI, 1333, MUGDARA, 40786, 1188815, Roads, 0, 0, 0, 0, 0, 0, 1385491, 1385491
2015, RAJASTHAN, 8, NAGAUR, 101, RIYAN BADI, 1333, MUGDARA, 40786, 1188815, Total, 0, 0, 0, 0, 0, 0, 1785491, 1785491
2015, RAJASTHAN, 8, NAGAUR, 101, RIYAN BADI, 1333, NIMBOLA BISWA, 40787, 1182761, Drinking water, 0, 0, 0, 0, 0, 0, 1703101, 1703101
2015, RAJASTHAN, 8, NAGAUR, 101, RIYAN BADI, 1333, NIMBOLA BISWA, 40787, 1182761, Roads, 0, 0, 0, 0, 0, 0, 1000000, 1000000
2015, RAJASTHAN, 8, NAGAUR, 101, RIYAN BADI, 1333, NIMBOLA BISWA, 40787, 1182761, Sanitation, 0, 0, 0, 0, 0, 0, 140000, 140000
2015, RAJASTHAN, 8, NAGAUR, 101, RIYAN BADI, 1333, NIMBOLA BISWA, 40787, 1182761, Total, 0, 0, 0, 0, 0, 0, 2843101, 2843101
2015, RAJASTHAN, 8, NAGAUR, 101, RIYAN BADI, 1333, PADOO KALAN, 40788, 1170308, Roads, 0, 0, 0, 0, 0, 0, 3379686, 3379686
2015, RAJASTHAN, 8, NAGAUR, 101, RIYAN BADI, 1333, PADOO KALAN, 40788, 1170308, Rural housing, 0, 0, 0, 0, 0, 0, 1000000, 1000000
2015, RAJASTHAN, 8, NAGAUR, 101, RIYAN BADI, 1333, PADOO KALAN, 40788, 1170308, Total, 0, 0, 0, 0, 0, 0, 4379686, 4379686
2015, RAJASTHAN, 8, NAGAUR, 101, RIYAN BADI, 1333, PADOO KHURD, 40789, 1163427, Drinking water, 0, 0, 0, 0, 0, 0, 429170, 429170
2015, RAJASTHAN, 8, NAGAUR, 101, RIYAN BADI, 1333, PADOO KHURD, 40789, 1163427, Roads, 0, 0, 0, 0, 0, 0, 1811000, 1811000
2015, RAJASTHAN, 8, NAGAUR, 101, RIYAN BADI, 1333, PADOO KHURD, 40789, 1163427, Total, 0, 0, 0, 0, 0, 0, 2240170, 2240170
2015, RAJASTHAN, 8, NAGAUR, 101, RIYAN BADI, 1333, RIYAN BARI, 40790, 1188136, Roads, 0, 0, 0, 0, 0, 0, 6093283, 6093283
2015, RAJASTHAN, 8, NAGAUR, 101, RIYAN BADI, 1333, RIYAN BARI, 40790, 1188136, Total, 0, 0, 0, 0, 0, 0, 6093283, 6093283
2015, RAJASTHAN, 8, NAGAUR, 101, RIYAN BADI, 1333, ROHISA, 40791, 1175182, Roads, 0, 0, 0, 0, 0, 0, 1731540, 1731540
2015, RAJASTHAN, 8, NAGAUR, 101, RIYAN BADI, 1333, ROHISA, 40791, 1175182, Rural housing, 0, 0, 0, 0, 0, 0, 1000000, 1000000
2015, RAJASTHAN, 8, NAGAUR, 101, RIYAN BADI, 1333, ROHISA, 40791, 1175182, Total, 0, 0, 0, 0, 0, 0, 2731540, 2731540
2015, RAJASTHAN, 8, NAGAUR, 101, RIYAN BADI, 1333, SATHANA KALAN, 40792, 1169247, Drinking water, 0, 0, 0, 0, 0, 0, 142000, 142000
2015, RAJASTHAN, 8, NAGAUR, 101, RIYAN BADI, 1333, SATHANA KALAN, 40792, 1169247, Roads, 0, 0, 0, 0, 0, 0, 1130000, 1130000
2015, RAJASTHAN, 8, NAGAUR, 101, RIYAN BADI, 1333, SATHANA KALAN, 40792, 1169247, Rural housing, 0, 0, 0, 0, 0, 0, 796116, 796116
2015, RAJASTHAN, 8, NAGAUR, 101, RIYAN BADI, 1333, SATHANA KALAN, 40792, 1169247, Total, 0, 0, 0, 0, 0, 0, 2068116, 2068116
2015, RAJASTHAN, 8, NAGAUR, 101, RIYAN BADI, 1333, SENSRA, 40793, 1165075, Roads, 0, 0, 0, 0, 0, 0, 2458831, 2458831
2015, RAJASTHAN, 8, NAGAUR, 101, RIYAN BADI, 1333, SENSRA, 40793, 1165075, Total, 0, 0, 0, 0, 0, 0, 2458831, 2458831
2015, RAJASTHAN, 8, NAGAUR, 101, RIYAN BADI, 1333, SOODWAR, 40794, 1192686, Drinking water, 0, 0, 0, 0, 0, 0, 705987, 705987
2015, RAJASTHAN, 8, NAGAUR, 101, RIYAN BADI, 1333, SOODWAR, 40794, 1192686, Roads, 0, 0, 0, 0, 0, 0, 900000, 900000
2015, RAJASTHAN, 8, NAGAUR, 101, RIYAN BADI, 1333, SOODWAR, 40794, 1192686, Sanitation, 0, 0, 0, 0, 0, 0, 180000, 180000
2015, RAJASTHAN, 8, NAGAUR, 101, RIYAN BADI, 1333, SOODWAR, 40794, 1192686, Total, 0, 0, 0, 0, 0, 0, 1785987, 1785987
2015, RAJASTHAN, 8, NAGAUR, 101, RIYAN BADI, 1333, TEHLA, 40795, 1191185, Drinking water, 0, 0, 0, 0, 0, 0, 600000, 600000
2015, RAJASTHAN, 8, NAGAUR, 101, RIYAN BADI, 1333, TEHLA, 40795, 1191185, Roads, 0, 0, 0, 0, 0, 0, 2169223, 2169223
2015, RAJASTHAN, 8, NAGAUR, 101, RIYAN BADI, 1333, TEHLA, 40795, 1191185, Total, 0, 0, 0, 0, 0, 0, 2769223, 2769223
2015, RAJASTHAN, 8, NAGAUR, 101, RIYAN BADI, 1333, THANWALA, 40796, 1161013, Drinking water, 0, 0, 0, 0, 0, 0, 3863917, 3863917
2015, RAJASTHAN, 8, NAGAUR, 101, RIYAN BADI, 1333, THANWALA, 40796, 1161013, Roads, 0, 0, 0, 0, 0, 0, 2361000, 2361000
2015, RAJASTHAN, 8, NAGAUR, 101, RIYAN BADI, 1333, THANWALA, 40796, 1161013, Rural housing, 0, 0, 0, 0, 0, 0, 150000, 150000
2015, RAJASTHAN, 8, NAGAUR, 101, RIYAN BADI, 1333, THANWALA, 40796, 1161013, Total, 0, 0, 0, 0, 0, 0, 6374917, 6374917
2015, RAJASTHAN, 8, PALI, 102, BALI, 1334, AMLIYA, 40797, 1121004, Drinking water, 0, 0, 0, 0, 0, 0, 560000, 560000
2015, RAJASTHAN, 8, PALI, 102, BALI, 1334, AMLIYA, 40797, 1121004, Roads, 0, 0, 0, 0, 0, 0, 1939237, 1939237
2015, RAJASTHAN, 8, PALI, 102, BALI, 1334, AMLIYA, 40797, 1121004, Sanitation, 0, 0, 0, 0, 0, 0, 200000, 200000
2015, RAJASTHAN, 8, PALI, 102, BALI, 1334, AMLIYA, 40797, 1121004, Total, 0, 0, 0, 0, 0, 0, 2699237, 2699237
2015, RAJASTHAN, 8, PALI, 102, BALI, 1334, BARWA, 40798, 1094768, Maintenance of community system, 0, 0, 0, 0, 0, 0, 28119, 28119
2015, RAJASTHAN, 8, PALI, 102, BALI, 1334, BARWA, 40798, 1094768, Roads, 0, 0, 0, 0, 0, 0, 1250000, 1250000
2015, RAJASTHAN, 8, PALI, 102, BALI, 1334, BARWA, 40798, 1094768, Total, 0, 0, 0, 0, 0, 0, 1278119, 1278119
2015, RAJASTHAN, 8, PALI, 102, BALI, 1334, BEDAL, 40799, 1127284, Sanitation, 0, 0, 0, 0, 0, 0, 1523238, 1523238
2015, RAJASTHAN, 8, PALI, 102, BALI, 1334, BEDAL, 40799, 1127284, Total, 0, 0, 0, 0, 0, 0, 1523238, 1523238
2015, RAJASTHAN, 8, PALI, 102, BALI, 1334, BERA, 40800, 1173516, Drinking water, 0, 0, 0, 0, 0, 0, 102324, 102324
2015, RAJASTHAN, 8, PALI, 102, BALI, 1334, BERA, 40800, 1173516, Roads, 0, 0, 0, 0, 0, 0, 5700000, 5700000
2015, RAJASTHAN, 8, PALI, 102, BALI, 1334, BERA, 40800, 1173516, Total, 0, 0, 0, 0, 0, 0, 5802324, 5802324
2015, RAJASTHAN, 8, PALI, 102, BALI, 1334, BHANDAR, 40801, 1113217, Cultural activities, 0, 0, 0, 0, 0, 0, 1000000, 1000000
2015, RAJASTHAN, 8, PALI, 102, BALI, 1334, BHANDAR, 40801, 1113217, Drinking water, 0, 0, 0, 0, 0, 0, 46188, 46188
2015, RAJASTHAN, 8, PALI, 102, BALI, 1334, BHANDAR, 40801, 1113217, Roads, 0, 0, 0, 0, 0, 0, 1550000, 1550000
2015, RAJASTHAN, 8, PALI, 102, BALI, 1334, BHANDAR, 40801, 1113217, Sanitation, 0, 0, 0, 0, 0, 0, 1000000, 1000000
2015, RAJASTHAN, 8, PALI, 102, BALI, 1334, BHANDAR, 40801, 1113217, Total, 0, 0, 0, 0, 0, 0, 3596188, 3596188
2015, RAJASTHAN, 8, PALI, 102, BALI, 1334, BHATUND, 40802, 1135732, Roads, 0, 0, 0, 0, 0, 0, 2553279, 2553279
2015, RAJASTHAN, 8, PALI, 102, BALI, 1334, BHATUND, 40802, 1135732, Total, 0, 0, 0, 0, 0, 0, 2553279, 2553279
2015, RAJASTHAN, 8, PALI, 102, BALI, 1334, BHEETWARA, 40803, 1127416, Sanitation, 0, 0, 0, 0, 0, 0, 1350000, 1350000
2015, RAJASTHAN, 8, PALI, 102, BALI, 1334, BHEETWARA, 40803, 1127416, Total, 0, 0, 0, 0, 0, 0, 1350000, 1350000
2015, RAJASTHAN, 8, PALI, 102, BALI, 1334, BHIMANA, 40804, 1120312, Drinking water, 0, 0, 0, 0, 0, 0, 1400000, 1400000
2015, RAJASTHAN, 8, PALI, 102, BALI, 1334, BHIMANA, 40804, 1120312, Roads, 0, 0, 0, 0, 0, 0, 3692751, 3692751
2015, RAJASTHAN, 8, PALI, 102, BALI, 1334, BHIMANA, 40804, 1120312, Total, 0, 0, 0, 0, 0, 0, 5092751, 5092751
2015, RAJASTHAN, 8, PALI, 102, BALI, 1334, BIJAPUR, 40805, 1236237, Cultural activities, 0, 0, 0, 0, 0, 0, 50000, 50000
2015, RAJASTHAN, 8, PALI, 102, BALI, 1334, BIJAPUR, 40805, 1236237, Drinking water, 0, 0, 0, 0, 0, 0, 1600000, 1600000
2015, RAJASTHAN, 8, PALI, 102, BALI, 1334, BIJAPUR, 40805, 1236237, Roads, 0, 0, 0, 0, 0, 0, 2200000, 2200000
2015, RAJASTHAN, 8, PALI, 102, BALI, 1334, BIJAPUR, 40805, 1236237, Sanitation, 0, 0, 0, 0, 0, 0, 1600000, 1600000
2015, RAJASTHAN, 8, PALI, 102, BALI, 1334, BIJAPUR, 40805, 1236237, Total, 0, 0, 0, 0, 0, 0, 5450000, 5450000
2015, RAJASTHAN, 8, PALI, 102, BALI, 1334, BISALPUR, 40806, 1113127, Drinking water, 0, 0, 0, 0, 0, 0, 50000, 50000
2015, RAJASTHAN, 8, PALI, 102, BALI, 1334, BISALPUR, 40806, 1113127, Land improvement, 0, 0, 0, 0, 0, 0, 1050000, 1050000
2015, RAJASTHAN, 8, PALI, 102, BALI, 1334, BISALPUR, 40806, 1113127, Roads, 0, 0, 0, 0, 0, 0, 1150000, 1150000
2015, RAJASTHAN, 8, PALI, 102, BALI, 1334, BISALPUR, 40806, 1113127, Sanitation, 0, 0, 0, 0, 0, 0, 471919, 471919
2015, RAJASTHAN, 8, PALI, 102, BALI, 1334, BISALPUR, 40806, 1113127, Total, 0, 0, 0, 0, 0, 0, 2721919, 2721919
2015, RAJASTHAN, 8, PALI, 102, BALI, 1334, BOYA, 40807, 1121533, Land improvement, 0, 0, 0, 0, 0, 0, 466384, 466384
2015, RAJASTHAN, 8, PALI, 102, BALI, 1334, BOYA, 40807, 1121533, Roads, 0, 0, 0, 0, 0, 0, 700000, 700000
2015, RAJASTHAN, 8, PALI, 102, BALI, 1334, BOYA, 40807, 1121533, Sanitation, 0, 0, 0, 0, 0, 0, 200000, 200000
2015, RAJASTHAN, 8, PALI, 102, BALI, 1334, BOYA, 40807, 1121533, Total, 0, 0, 0, 0, 0, 0, 1366384, 1366384
2015, RAJASTHAN, 8, PALI, 102, BALI, 1334, CHAMUNDERI, 40808, 1095938, Roads, 0, 0, 0, 0, 0, 0, 2550000, 2550000
2015, RAJASTHAN, 8, PALI, 102, BALI, 1334, CHAMUNDERI, 40808, 1095938, Sanitation, 0, 0, 0, 0, 0, 0, 3279, 3279
2015, RAJASTHAN, 8, PALI, 102, BALI, 1334, CHAMUNDERI, 40808, 1095938, Total, 0, 0, 0, 0, 0, 0, 2553279, 2553279
2015, RAJASTHAN, 8, PALI, 102, BALI, 1334, DHANI, 40809, 1125478, Drinking water, 0, 0, 0, 0, 0, 0, 55251, 55251
2015, RAJASTHAN, 8, PALI, 102, BALI, 1334, DHANI, 40809, 1125478, Roads, 0, 0, 0, 0, 0, 0, 2500000, 2500000
2015, RAJASTHAN, 8, PALI, 102, BALI, 1334, DHANI, 40809, 1125478, Total, 0, 0, 0, 0, 0, 0, 2555251, 2555251
2015, RAJASTHAN, 8, PALI, 102, BALI, 1334, DOODNI, 40810, 1169095, Drinking water, 0, 0, 0, 0, 0, 0, 800000, 800000
2015, RAJASTHAN, 8, PALI, 102, BALI, 1334, DOODNI, 40810, 1169095, Roads, 0, 0, 0, 0, 0, 0, 2406639, 2406639
2015, RAJASTHAN, 8, PALI, 102, BALI, 1334, DOODNI, 40810, 1169095, Total, 0, 0, 0, 0, 0, 0, 3206639, 3206639
2015, RAJASTHAN, 8, PALI, 102, BALI, 1334, GORIYA, 40812, 1115370, Non-conventional energy sources, 0, 0, 0, 0, 0, 0, 43018, 43018
2015, RAJASTHAN, 8, PALI, 102, BALI, 1334, GORIYA, 40812, 1115370, Roads, 0, 0, 0, 0, 0, 0, 1800000, 1800000
2015, RAJASTHAN, 8, PALI, 102, BALI, 1334, GORIYA, 40812, 1115370, Sanitation, 0, 0, 0, 0, 0, 0, 300000, 300000
2015, RAJASTHAN, 8, PALI, 102, BALI, 1334, GORIYA, 40812, 1115370, Total, 0, 0, 0, 0, 0, 0, 2143018, 2143018
2015, RAJASTHAN, 8, PALI, 102, BALI, 1334, GURALAS, 40813, 1113305, Drinking water, 0, 0, 0, 0, 0, 0, 160000, 160000
2015, RAJASTHAN, 8, PALI, 102, BALI, 1334, GURALAS, 40813, 1113305, Roads, 0, 0, 0, 0, 0, 0, 1442087, 1442087
2015, RAJASTHAN, 8, PALI, 102, BALI, 1334, GURALAS, 40813, 1113305, Total, 0, 0, 0, 0, 0, 0, 1602087, 1602087
2015, RAJASTHAN, 8, PALI, 102, BALI, 1334, KAKARADI, 40814, 1127431, Drinking water, 0, 0, 0, 0, 0, 0, 2227219, 2227219
2015, RAJASTHAN, 8, PALI, 102, BALI, 1334, KAKARADI, 40814, 1127431, Roads, 0, 0, 0, 0, 0, 0, 171367, 171367
2015, RAJASTHAN, 8, PALI, 102, BALI, 1334, KAKARADI, 40814, 1127431, Total, 0, 0, 0, 0, 0, 0, 2398586, 2398586
2015, RAJASTHAN, 8, PALI, 102, BALI, 1334, KHIMEL, 40815, 1104070, Drinking water, 0, 0, 0, 0, 0, 0, 276530, 276530
2015, RAJASTHAN, 8, PALI, 102, BALI, 1334, KHIMEL, 40815, 1104070, Roads, 0, 0, 0, 0, 0, 0, 1830000, 1830000
2015, RAJASTHAN, 8, PALI, 102, BALI, 1334, KHIMEL, 40815, 1104070, Total, 0, 0, 0, 0, 0, 0, 2106530, 2106530
2015, RAJASTHAN, 8, PALI, 102, BALI, 1334, KOTBALIYAN, 40816, 1100701, Drinking water, 0, 0, 0, 0, 0, 0, 625000, 625000
2015, RAJASTHAN, 8, PALI, 102, BALI, 1334, KOTBALIYAN, 40816, 1100701, Land improvement, 0, 0, 0, 0, 0, 0, 1400000, 1400000
2015, RAJASTHAN, 8, PALI, 102, BALI, 1334, KOTBALIYAN, 40816, 1100701, Roads, 0, 0, 0, 0, 0, 0, 900000, 900000
2015, RAJASTHAN, 8, PALI, 102, BALI, 1334, KOTBALIYAN, 40816, 1100701, Sanitation, 0, 0, 0, 0, 0, 0, 92839, 92839
2015, RAJASTHAN, 8, PALI, 102, BALI, 1334, KOTBALIYAN, 40816, 1100701, Total, 0, 0, 0, 0, 0, 0, 3017839, 3017839
2015, RAJASTHAN, 8, PALI, 102, BALI, 1334, KOTHAR, 40817, 1105077, Drinking water, 0, 0, 0, 0, 0, 0, 100000, 100000
2015, RAJASTHAN, 8, PALI, 102, BALI, 1334, KOTHAR, 40817, 1105077, Roads, 0, 0, 0, 0, 0, 0, 1700000, 1700000
2015, RAJASTHAN, 8, PALI, 102, BALI, 1334, KOTHAR, 40817, 1105077, Sanitation, 0, 0, 0, 0, 0, 0, 256233, 256233
2015, RAJASTHAN, 8, PALI, 102, BALI, 1334, KOTHAR, 40817, 1105077, Total, 0, 0, 0, 0, 0, 0, 2056233, 2056233
2015, RAJASTHAN, 8, PALI, 102, BALI, 1334, KOYALWAO, 40818, 1118749, Animal husbandry, 0, 0, 0, 0, 0, 0, 150000, 150000
2015, RAJASTHAN, 8, PALI, 102, BALI, 1334, KOYALWAO, 40818, 1118749, Drinking water, 0, 0, 0, 0, 0, 0, 2680000, 2680000
2015, RAJASTHAN, 8, PALI, 102, BALI, 1334, KOYALWAO, 40818, 1118749, Education, 0, 0, 0, 0, 0, 0, 1885, 1885
2015, RAJASTHAN, 8, PALI, 102, BALI, 1334, KOYALWAO, 40818, 1118749, Roads, 0, 0, 0, 0, 0, 0, 500000, 500000
2015, RAJASTHAN, 8, PALI, 102, BALI, 1334, KOYALWAO, 40818, 1118749, Total, 0, 0, 0, 0, 0, 0, 3331885, 3331885
2015, RAJASTHAN, 8, PALI, 102, BALI, 1334, KUMTIYA, 40819, 1229661, Drinking water, 0, 0, 0, 0, 0, 0, 700000, 700000
2015, RAJASTHAN, 8, PALI, 102, BALI, 1334, KUMTIYA, 40819, 1229661, Roads, 0, 0, 0, 0, 0, 0, 800000, 800000
2015, RAJASTHAN, 8, PALI, 102, BALI, 1334, KUMTIYA, 40819, 1229661, Sanitation, 0, 0, 0, 0, 0, 0, 600000, 600000
2015, RAJASTHAN, 8, PALI, 102, BALI, 1334, KUMTIYA, 40819, 1229661, Total, 0, 0, 0, 0, 0, 0, 2100000, 2100000
2015, RAJASTHAN, 8, PALI, 102, BALI, 1334, KURAN, 40820, 1180854, Roads, 0, 0, 0, 0, 0, 0, 3000000, 3000000
2015, RAJASTHAN, 8, PALI, 102, BALI, 1334, KURAN, 40820, 1180854, Sanitation, 0, 0, 0, 0, 0, 0, 141055, 141055
2015, RAJASTHAN, 8, PALI, 102, BALI, 1334, KURAN, 40820, 1180854, Total, 0, 0, 0, 0, 0, 0, 3141055, 3141055
2015, RAJASTHAN, 8, PALI, 102, BALI, 1334, LATARA, 40821, 1091554, Drinking water, 0, 0, 0, 0, 0, 0, 750000, 750000
2015, RAJASTHAN, 8, PALI, 102, BALI, 1334, LATARA, 40821, 1091554, Roads, 0, 0, 0, 0, 0, 0, 2079774, 2079774
2015, RAJASTHAN, 8, PALI, 102, BALI, 1334, LATARA, 40821, 1091554, Sanitation, 0, 0, 0, 0, 0, 0, 100000, 100000
2015, RAJASTHAN, 8, PALI, 102, BALI, 1334, LATARA, 40821, 1091554, Total, 0, 0, 0, 0, 0, 0, 2929774, 2929774
2015, RAJASTHAN, 8, PALI, 102, BALI, 1334, LUNAWA, 40822, 1093438, Drinking water, 0, 0, 0, 0, 0, 0, 499603, 499603
2015, RAJASTHAN, 8, PALI, 102, BALI, 1334, LUNAWA, 40822, 1093438, Roads, 0, 0, 0, 0, 0, 0, 1294045, 1294045
2015, RAJASTHAN, 8, PALI, 102, BALI, 1334, LUNAWA, 40822, 1093438, Sanitation, 0, 0, 0, 0, 0, 0, 560655, 560655
2015, RAJASTHAN, 8, PALI, 102, BALI, 1334, LUNAWA, 40822, 1093438, Total, 0, 0, 0, 0, 0, 0, 2354303, 2354303
2015, RAJASTHAN, 8, PALI, 102, BALI, 1334, LUNDARA, 40823, 1173513, Drinking water, 0, 0, 0, 0, 0, 0, 893415, 893415
2015, RAJASTHAN, 8, PALI, 102, BALI, 1334, LUNDARA, 40823, 1173513, Roads, 0, 0, 0, 0, 0, 0, 1400000, 1400000
2015, RAJASTHAN, 8, PALI, 102, BALI, 1334, LUNDARA, 40823, 1173513, Total, 0, 0, 0, 0, 0, 0, 2293415, 2293415
2015, RAJASTHAN, 8, PALI, 102, BALI, 1334, MALNOO, 40824, 1102844, Drinking water, 0, 0, 0, 0, 0, 0, 300000, 300000
2015, RAJASTHAN, 8, PALI, 102, BALI, 1334, MALNOO, 40824, 1102844, Roads, 0, 0, 400000, 400000, 0, 0, 1067181, 1067181
2015, RAJASTHAN, 8, PALI, 102, BALI, 1334, MALNOO, 40824, 1102844, Sanitation, 0, 0, 0, 0, 0, 0, 400000, 400000
2015, RAJASTHAN, 8, PALI, 102, BALI, 1334, MALNOO, 40824, 1102844, Total, 0, 0, 400000, 400000, 0, 0, 1767181, 1767181
2015, RAJASTHAN, 8, PALI, 102, BALI, 1334, MIRGESWAR, 40825, 1094752, Health, 0, 0, 0, 0, 0, 0, 500000, 500000
2015, RAJASTHAN, 8, PALI, 102, BALI, 1334, MIRGESWAR, 40825, 1094752, Maintenance of community system, 0, 0, 0, 0, 0, 0, 150000, 150000
2015, RAJASTHAN, 8, PALI, 102, BALI, 1334, MIRGESWAR, 40825, 1094752, Roads, 0, 0, 0, 0, 0, 0, 300000, 300000
2015, RAJASTHAN, 8, PALI, 102, BALI, 1334, MIRGESWAR, 40825, 1094752, Sanitation, 0, 0, 0, 0, 0, 0, 854751, 854751
2015, RAJASTHAN, 8, PALI, 102, BALI, 1334, MIRGESWAR, 40825, 1094752, Total, 0, 0, 0, 0, 0, 0, 1804751, 1804751
2015, RAJASTHAN, 8, PALI, 102, BALI, 1334, MOKAMPURA, 40826, 1105361, Drinking water, 0, 0, 0, 0, 0, 0, 600000, 600000
2015, RAJASTHAN, 8, PALI, 102, BALI, 1334, MOKAMPURA, 40826, 1105361, Roads, 0, 0, 0, 0, 0, 0, 1871229, 1871229
2015, RAJASTHAN, 8, PALI, 102, BALI, 1334, MOKAMPURA, 40826, 1105361, Sanitation, 0, 0, 0, 0, 0, 0, 200000, 200000
2015, RAJASTHAN, 8, PALI, 102, BALI, 1334, MOKAMPURA, 40826, 1105361, Total, 0, 0, 0, 0, 0, 0, 2671229, 2671229
2015, RAJASTHAN, 8, PALI, 102, BALI, 1334, MUNDARA, 40827, 1141921, Cultural activities, 0, 0, 0, 0, 0, 0, 293529, 293529
2015, RAJASTHAN, 8, PALI, 102, BALI, 1334, MUNDARA, 40827, 1141921, Roads, 0, 0, 0, 0, 0, 0, 1500000, 1500000
2015, RAJASTHAN, 8, PALI, 102, BALI, 1334, MUNDARA, 40827, 1141921, Sanitation, 0, 0, 0, 0, 0, 0, 2100000, 2100000
2015, RAJASTHAN, 8, PALI, 102, BALI, 1334, MUNDARA, 40827, 1141921, Total, 0, 0, 0, 0, 0, 0, 3893529, 3893529
2015, RAJASTHAN, 8, PALI, 102, BALI, 1334, NANA, 40828, 1233404, Drinking water, 0, 0, 0, 0, 0, 0, 2600000, 2600000
2015, RAJASTHAN, 8, PALI, 102, BALI, 1334, NANA, 40828, 1233404, Land improvement, 0, 0, 0, 0, 0, 0, 400000, 400000
2015, RAJASTHAN, 8, PALI, 102, BALI, 1334, NANA, 40828, 1233404, Roads, 0, 0, 0, 0, 0, 0, 2200000, 2200000
2015, RAJASTHAN, 8, PALI, 102, BALI, 1334, NANA, 40828, 1233404, Sanitation, 0, 0, 0, 0, 0, 0, 1440000, 1440000
2015, RAJASTHAN, 8, PALI, 102, BALI, 1334, NANA, 40828, 1233404, Total, 0, 0, 0, 0, 0, 0, 6640000, 6640000
2015, RAJASTHAN, 8, PALI, 102, BALI, 1334, PADERLA, 40829, 1115417, Cultural activities, 0, 0, 0, 0, 0, 0, 600000, 600000
2015, RAJASTHAN, 8, PALI, 102, BALI, 1334, PADERLA, 40829, 1115417, Roads, 0, 0, 0, 0, 0, 0, 208990, 208990
2015, RAJASTHAN, 8, PALI, 102, BALI, 1334, PADERLA, 40829, 1115417, Sanitation, 0, 0, 0, 0, 0, 0, 800000, 800000
2015, RAJASTHAN, 8, PALI, 102, BALI, 1334, PADERLA, 40829, 1115417, Total, 0, 0, 0, 0, 0, 0, 1608990, 1608990
2015, RAJASTHAN, 8, PALI, 102, BALI, 1334, PEEPLA, 40830, 1088632, Cultural activities, 0, 0, 0, 0, 0, 0, 100000, 100000
2015, RAJASTHAN, 8, PALI, 102, BALI, 1334, PEEPLA, 40830, 1088632, Drinking water, 0, 0, 0, 0, 0, 227587, 772413, 1000000
2015, RAJASTHAN, 8, PALI, 102, BALI, 1334, PEEPLA, 40830, 1088632, Roads, 0, 0, 0, 0, 0, 500000, 1000000, 1500000
2015, RAJASTHAN, 8, PALI, 102, BALI, 1334, PEEPLA, 40830, 1088632, Total, 0, 0, 0, 0, 0, 727587, 1872413, 2600000
2015, RAJASTHAN, 8, PALI, 102, BALI, 1334, PERWA, 40831, 1173511, Roads, 0, 0, 0, 0, 0, 0, 1481770, 1481770
2015, RAJASTHAN, 8, PALI, 102, BALI, 1334, PERWA, 40831, 1173511, Total, 0, 0, 0, 0, 0, 0, 1481770, 1481770
2015, RAJASTHAN, 8, PALI, 102, BALI, 1334, PHALNA (RURAL), 40811, 1111302, Roads, 0, 0, 0, 0, 0, 0, 650000, 650000
2015, RAJASTHAN, 8, PALI, 102, BALI, 1334, PHALNA (RURAL), 40811, 1111302, Sanitation, 0, 0, 0, 0, 0, 0, 1060076, 1060076
2015, RAJASTHAN, 8, PALI, 102, BALI, 1334, PHALNA (RURAL), 40811, 1111302, Total, 0, 0, 0, 0, 0, 0, 1710076, 1710076
2015, RAJASTHAN, 8, PALI, 102, BALI, 1334, SENA, 40832, 1095962, Drinking water, 0, 0, 0, 0, 0, 0, 100000, 100000
2015, RAJASTHAN, 8, PALI, 102, BALI, 1334, SENA, 40832, 1095962, Health, 0, 0, 0, 0, 0, 0, 33543, 33543
2015, RAJASTHAN, 8, PALI, 102, BALI, 1334, SENA, 40832, 1095962, Roads, 0, 0, 0, 0, 0, 0, 1150000, 1150000
2015, RAJASTHAN, 8, PALI, 102, BALI, 1334, SENA, 40832, 1095962, Total, 0, 0, 0, 0, 0, 0, 1283543, 1283543
2015, RAJASTHAN, 8, PALI, 102, BALI, 1334, SESLI, 40833, 1127241, Drinking water, 0, 0, 0, 0, 0, 0, 34874, 34874
2015, RAJASTHAN, 8, PALI, 102, BALI, 1334, SESLI, 40833, 1127241, Roads, 0, 0, 0, 0, 0, 0, 116548, 116548
2015, RAJASTHAN, 8, PALI, 102, BALI, 1334, SESLI, 40833, 1127241, Total, 0, 0, 0, 0, 0, 0, 151422, 151422
2015, RAJASTHAN, 8, PALI, 102, BALI, 1334, SEWARI, 40834, 1112572, Drinking water, 0, 0, 0, 0, 0, 0, 525000, 525000
2015, RAJASTHAN, 8, PALI, 102, BALI, 1334, SEWARI, 40834, 1112572, Roads, 0, 0, 0, 0, 0, 0, 3967549, 3967549
2015, RAJASTHAN, 8, PALI, 102, BALI, 1334, SEWARI, 40834, 1112572, Sanitation, 0, 0, 0, 0, 0, 0, 150000, 150000
2015, RAJASTHAN, 8, PALI, 102, BALI, 1334, SEWARI, 40834, 1112572, Total, 0, 0, 0, 0, 0, 0, 4642549, 4642549
2015, RAJASTHAN, 8, PALI, 102, BALI, 1334, SHIVTALOB, 40835, 1141918, Drinking water, 0, 0, 0, 0, 0, 0, 800000, 800000
2015, RAJASTHAN, 8, PALI, 102, BALI, 1334, SHIVTALOB, 40835, 1141918, Roads, 0, 0, 0, 0, 0, 0, 1390357, 1390357
2015, RAJASTHAN, 8, PALI, 102, BALI, 1334, SHIVTALOB, 40835, 1141918, Total, 0, 0, 0, 0, 0, 0, 2190357, 2190357
2015, RAJASTHAN, 8, PALI, 102, DESURI, 1335, AANA, 40836, 1112079, Health, 0, 0, 0, 0, 0, 0, 100000, 100000
2015, RAJASTHAN, 8, PALI, 102, DESURI, 1335, AANA, 40836, 1112079, Sanitation, 0, 0, 0, 0, 0, 0, 200000, 200000
2015, RAJASTHAN, 8, PALI, 102, DESURI, 1335, AANA, 40836, 1112079, Total, 0, 0, 0, 0, 0, 0, 300000, 300000
2015, RAJASTHAN, 8, PALI, 102, DESURI, 1335, BAGOL, 40837, 1112311, Sanitation, 0, 0, 0, 0, 0, 0, 600000, 600000
2015, RAJASTHAN, 8, PALI, 102, DESURI, 1335, BAGOL, 40837, 1112311, Total, 0, 0, 0, 0, 0, 0, 600000, 600000
2015, RAJASTHAN, 8, PALI, 102, DESURI, 1335, BAROD, 40838, 1114184, Sanitation, 0, 0, 0, 0, 0, 0, 295000, 295000
2015, RAJASTHAN, 8, PALI, 102, DESURI, 1335, BAROD, 40838, 1114184, Total, 0, 0, 0, 0, 0, 0, 295000, 295000
2015, RAJASTHAN, 8, PALI, 102, DESURI, 1335, DADAI, 40839, 1104683, Health, 0, 0, 0, 0, 0, 0, 300000, 300000
2015, RAJASTHAN, 8, PALI, 102, DESURI, 1335, DADAI, 40839, 1104683, Sanitation, 0, 0, 0, 0, 0, 0, 232000, 232000
2015, RAJASTHAN, 8, PALI, 102, DESURI, 1335, DADAI, 40839, 1104683, Total, 0, 0, 0, 0, 0, 0, 532000, 532000
2015, RAJASTHAN, 8, PALI, 102, DESURI, 1335, DAYLANA KALAN, 40840, 1114171, Sanitation, 0, 0, 0, 0, 0, 0, 220000, 220000
2015, RAJASTHAN, 8, PALI, 102, DESURI, 1335, DAYLANA KALAN, 40840, 1114171, Total, 0, 0, 0, 0, 0, 0, 220000, 220000
2015, RAJASTHAN, 8, PALI, 102, DESURI, 1335, DESURI, 40841, 1113936, Sanitation, 0, 0, 0, 0, 0, 0, 350000, 350000
2015, RAJASTHAN, 8, PALI, 102, DESURI, 1335, DESURI, 40841, 1113936, Total, 0, 0, 0, 0, 0, 0, 350000, 350000
2015, RAJASTHAN, 8, PALI, 102, DESURI, 1335, DHALOP, 40842, 1114109, Sanitation, 0, 0, 0, 0, 0, 0, 234000, 234000
2015, RAJASTHAN, 8, PALI, 102, DESURI, 1335, DHALOP, 40842, 1114109, Total, 0, 0, 0, 0, 0, 0, 354000, 354000
2015, RAJASTHAN, 8, PALI, 102, DESURI, 1335, DHALOP, 40842, 1114109, Women and child development, 0, 0, 0, 0, 0, 0, 120000, 120000
2015, RAJASTHAN, 8, PALI, 102, DESURI, 1335, DUDAPURA, 40843, 1099789, Sanitation, 0, 0, 0, 0, 0, 0, 500000, 500000
2015, RAJASTHAN, 8, PALI, 102, DESURI, 1335, DUDAPURA, 40843, 1099789, Total, 0, 0, 0, 0, 0, 0, 500000, 500000
2015, RAJASTHAN, 8, PALI, 102, DESURI, 1335, GHANERAO, 40844, 1113942, Roads, 0, 0, 0, 0, 0, 0, 1475000, 1475000
2015, RAJASTHAN, 8, PALI, 102, DESURI, 1335, GHANERAO, 40844, 1113942, Total, 0, 0, 0, 0, 0, 0, 1475000, 1475000
2015, RAJASTHAN, 8, PALI, 102, DESURI, 1335, GUDA JATAN, 40845, 1113940, Drinking water, 0, 0, 0, 0, 0, 0, 340000, 340000
2015, RAJASTHAN, 8, PALI, 102, DESURI, 1335, GUDA JATAN, 40845, 1113940, Total, 0, 0, 0, 0, 0, 0, 340000, 340000
2015, RAJASTHAN, 8, PALI, 102, DESURI, 1335, KESULI, 40846, 1135625, Health, 0, 0, 0, 0, 0, 0, 79000, 79000
2015, RAJASTHAN, 8, PALI, 102, DESURI, 1335, KESULI, 40846, 1135625, Sanitation, 0, 0, 0, 0, 0, 0, 745000, 745000
2015, RAJASTHAN, 8, PALI, 102, DESURI, 1335, KESULI, 40846, 1135625, Total, 0, 0, 0, 0, 0, 0, 824000, 824000
2015, RAJASTHAN, 8, PALI, 102, DESURI, 1335, KOT SOLANKIYAN, 40847, 1112396, Drinking water, 0, 0, 0, 0, 0, 0, 400000, 400000
2015, RAJASTHAN, 8, PALI, 102, DESURI, 1335, KOT SOLANKIYAN, 40847, 1112396, Sanitation, 0, 0, 0, 0, 0, 0, 110000, 110000
2015, RAJASTHAN, 8, PALI, 102, DESURI, 1335, KOT SOLANKIYAN, 40847, 1112396, Total, 0, 0, 0, 0, 0, 0, 510000, 510000
2015, RAJASTHAN, 8, PALI, 102, DESURI, 1335, KOTRI, 40848, 1131745, Agriculture, 0, 0, 0, 0, 0, 0, 900000, 900000
2015, RAJASTHAN, 8, PALI, 102, DESURI, 1335, KOTRI, 40848, 1131745, Drinking water, 0, 0, 0, 0, 0, 0, 1100000, 1100000
2015, RAJASTHAN, 8, PALI, 102, DESURI, 1335, KOTRI, 40848, 1131745, Maintenance of community system, 0, 0, 0, 0, 0, 0, 200000, 200000
2015, RAJASTHAN, 8, PALI, 102, DESURI, 1335, KOTRI, 40848, 1131745, Sanitation, 0, 0, 0, 0, 0, 0, 550000, 550000
2015, RAJASTHAN, 8, PALI, 102, DESURI, 1335, KOTRI, 40848, 1131745, Total, 0, 0, 0, 0, 0, 0, 2750000, 2750000
2015, RAJASTHAN, 8, PALI, 102, DESURI, 1335, MADA, 40849, 1104397, Roads, 0, 0, 0, 0, 0, 0, 50000, 50000
2015, RAJASTHAN, 8, PALI, 102, DESURI, 1335, MADA, 40849, 1104397, Sanitation, 0, 0, 0, 0, 0, 0, 10000, 10000
2015, RAJASTHAN, 8, PALI, 102, DESURI, 1335, MADA, 40849, 1104397, Total, 0, 0, 0, 0, 0, 0, 60000, 60000
2015, RAJASTHAN, 8, PALI, 102, DESURI, 1335, MAGAR TALAB, 40851, 1104642, Agriculture, 0, 0, 0, 0, 0, 0, 420000, 420000
2015, RAJASTHAN, 8, PALI, 102, DESURI, 1335, MAGAR TALAB, 40851, 1104642, Sanitation, 0, 0, 0, 0, 0, 0, 539000, 539000
2015, RAJASTHAN, 8, PALI, 102, DESURI, 1335, MAGAR TALAB, 40851, 1104642, Total, 0, 0, 0, 0, 0, 0, 959000, 959000
2015, RAJASTHAN, 8, PALI, 102, DESURI, 1335, MANDIGARH, 40852, 1104452, Drinking water, 0, 0, 0, 0, 0, 0, 1751000, 1751000
2015, RAJASTHAN, 8, PALI, 102, DESURI, 1335, MANDIGARH, 40852, 1104452, Total, 0, 0, 0, 0, 0, 0, 1751000, 1751000
2015, RAJASTHAN, 8, PALI, 102, DESURI, 1335, MANDPUR, 40850, 1126731, Drinking water, 0, 0, 0, 0, 0, 0, 320000, 320000
2015, RAJASTHAN, 8, PALI, 102, DESURI, 1335, MANDPUR, 40850, 1126731, Roads, 0, 0, 0, 0, 0, 0, 400000, 400000
2015, RAJASTHAN, 8, PALI, 102, DESURI, 1335, MANDPUR, 40850, 1126731, Total, 0, 0, 0, 0, 0, 0, 720000, 720000
2015, RAJASTHAN, 8, PALI, 102, DESURI, 1335, MORKHA, 40853, 1132042, Drinking water, 0, 0, 0, 0, 0, 0, 1100000, 1100000
2015, RAJASTHAN, 8, PALI, 102, DESURI, 1335, MORKHA, 40853, 1132042, Education, 0, 0, 0, 0, 0, 0, 250000, 250000
2015, RAJASTHAN, 8, PALI, 102, DESURI, 1335, MORKHA, 40853, 1132042, Roads, 0, 0, 0, 0, 0, 0, 100000, 100000
2015, RAJASTHAN, 8, PALI, 102, DESURI, 1335, MORKHA, 40853, 1132042, Sanitation, 0, 0, 0, 0, 0, 0, 668000, 668000
2015, RAJASTHAN, 8, PALI, 102, DESURI, 1335, MORKHA, 40853, 1132042, Total, 0, 0, 0, 0, 0, 0, 2118000, 2118000
2015, RAJASTHAN, 8, PALI, 102, DESURI, 1335, NADOL, 40855, 1114249, Sanitation, 0, 0, 0, 0, 0, 0, 264000, 264000
2015, RAJASTHAN, 8, PALI, 102, DESURI, 1335, NADOL, 40855, 1114249, Total, 0, 0, 0, 0, 0, 0, 264000, 264000
2015, RAJASTHAN, 8, PALI, 102, DESURI, 1335, NARLAI, 40854, 1135601, Roads, 0, 0, 0, 0, 0, 0, 2509000, 2509000
2015, RAJASTHAN, 8, PALI, 102, DESURI, 1335, NARLAI, 40854, 1135601, Total, 0, 0, 0, 0, 0, 0, 2509000, 2509000
2015, RAJASTHAN, 8, PALI, 102, DESURI, 1335, PANOTA, 40856, 1126770, Drinking water, 0, 0, 0, 0, 0, 0, 570000, 570000
2015, RAJASTHAN, 8, PALI, 102, DESURI, 1335, PANOTA, 40856, 1126770, Sanitation, 0, 0, 0, 0, 0, 0, 400000, 400000
2015, RAJASTHAN, 8, PALI, 102, DESURI, 1335, PANOTA, 40856, 1126770, Total, 0, 0, 0, 0, 0, 0, 970000, 970000
2015, RAJASTHAN, 8, PALI, 102, DESURI, 1335, SANSARI, 40857, 1112282, Roads, 0, 0, 0, 0, 0, 0, 120000, 120000
2015, RAJASTHAN, 8, PALI, 102, DESURI, 1335, SANSARI, 40857, 1112282, Sanitation, 0, 0, 0, 0, 0, 0, 586000, 586000
2015, RAJASTHAN, 8, PALI, 102, DESURI, 1335, SANSARI, 40857, 1112282, Total, 0, 0, 0, 0, 0, 0, 706000, 706000
2015, RAJASTHAN, 8, PALI, 102, DESURI, 1335, SINDARLI, 40858, 1113933, Drinking water, 0, 0, 0, 0, 0, 0, 100000, 100000
2015, RAJASTHAN, 8, PALI, 102, DESURI, 1335, SINDARLI, 40858, 1113933, Sanitation, 0, 0, 0, 0, 0, 0, 75000, 75000
2015, RAJASTHAN, 8, PALI, 102, DESURI, 1335, SINDARLI, 40858, 1113933, Total, 0, 0, 0, 0, 0, 0, 175000, 175000
2015, RAJASTHAN, 8, PALI, 102, DESURI, 1335, SUMER, 40859, 1113938, Health, 0, 0, 0, 0, 0, 0, 1150000, 1150000
2015, RAJASTHAN, 8, PALI, 102, DESURI, 1335, SUMER, 40859, 1113938, Total, 0, 0, 0, 0, 0, 0, 1150000, 1150000
2015, RAJASTHAN, 8, PALI, 102, JAITARAN, 1336, AGEWA, 40861, 1175391, Roads, 0, 0, 0, 0, 0, 0, 1203020, 1203020
2015, RAJASTHAN, 8, PALI, 102, JAITARAN, 1336, AGEWA, 40861, 1175391, Sanitation, 0, 0, 0, 0, 0, 0, 50000, 50000
2015, RAJASTHAN, 8, PALI, 102, JAITARAN, 1336, AGEWA, 40861, 1175391, Total, 0, 0, 0, 0, 0, 0, 1253020, 1253020
2015, RAJASTHAN, 8, PALI, 102, JAITARAN, 1336, ANANDPUR KALU, 40860, 1125233, Sanitation, 0, 0, 0, 0, 0, 0, 803836, 803836
2015, RAJASTHAN, 8, PALI, 102, JAITARAN, 1336, ANANDPUR KALU, 40860, 1125233, Total, 0, 0, 0, 0, 0, 0, 803836, 803836
2015, RAJASTHAN, 8, PALI, 102, JAITARAN, 1336, ASARLAI, 40862, 1121735, Health, 0, 0, 0, 0, 0, 0, 347700, 347700
2015, RAJASTHAN, 8, PALI, 102, JAITARAN, 1336, ASARLAI, 40862, 1121735, Sanitation, 0, 0, 0, 0, 0, 0, 50000, 50000
2015, RAJASTHAN, 8, PALI, 102, JAITARAN, 1336, ASARLAI, 40862, 1121735, Total, 0, 0, 0, 0, 0, 0, 397700, 397700
2015, RAJASTHAN, 8, PALI, 102, JAITARAN, 1336, BALARA, 40863, 1168186, Roads, 0, 0, 0, 0, 0, 0, 848002, 848002
2015, RAJASTHAN, 8, PALI, 102, JAITARAN, 1336, BALARA, 40863, 1168186, Total, 0, 0, 0, 0, 0, 0, 848002, 848002
2015, RAJASTHAN, 8, PALI, 102, JAITARAN, 1336, BALUNDA, 40864, 1167923, Drinking water, 0, 0, 0, 0, 0, 0, 70000, 70000
2015, RAJASTHAN, 8, PALI, 102, JAITARAN, 1336, BALUNDA, 40864, 1167923, Roads, 0, 0, 0, 0, 0, 0, 650000, 650000
2015, RAJASTHAN, 8, PALI, 102, JAITARAN, 1336, BALUNDA, 40864, 1167923, Total, 0, 0, 0, 0, 0, 0, 720000, 720000
2015, RAJASTHAN, 8, PALI, 102, JAITARAN, 1336, BANJA KURI, 40865, 1128714, Drinking water, 0, 0, 0, 0, 0, 0, 47983, 47983
2015, RAJASTHAN, 8, PALI, 102, JAITARAN, 1336, BANJA KURI, 40865, 1128714, Roads, 0, 0, 0, 0, 0, 0, 400756, 400756
2015, RAJASTHAN, 8, PALI, 102, JAITARAN, 1336, BANJA KURI, 40865, 1128714, Total, 0, 0, 0, 0, 0, 0, 448739, 448739
2015, RAJASTHAN, 8, PALI, 102, JAITARAN, 1336, BER KALAN, 40866, 1166885, Roads, 0, 0, 0, 0, 0, 0, 2008000, 2008000
2015, RAJASTHAN, 8, PALI, 102, JAITARAN, 1336, BER KALAN, 40866, 1166885, Sanitation, 0, 0, 0, 0, 0, 0, 96000, 96000
2015, RAJASTHAN, 8, PALI, 102, JAITARAN, 1336, BER KALAN, 40866, 1166885, Total, 0, 0, 0, 0, 0, 0, 2104000, 2104000
2015, RAJASTHAN, 8, PALI, 102, JAITARAN, 1336, BHOOMBALIYA, 40867, 1121795, Health, 0, 0, 0, 0, 0, 0, 94340, 94340
2015, RAJASTHAN, 8, PALI, 102, JAITARAN, 1336, BHOOMBALIYA, 40867, 1121795, Roads, 0, 0, 0, 0, 0, 0, 274000, 274000
2015, RAJASTHAN, 8, PALI, 102, JAITARAN, 1336, BHOOMBALIYA, 40867, 1121795, Total, 0, 0, 0, 0, 0, 0, 368340, 368340
2015, RAJASTHAN, 8, PALI, 102, JAITARAN, 1336, BIROL, 40868, 1128643, Roads, 0, 0, 0, 0, 0, 0, 729142, 729142
2015, RAJASTHAN, 8, PALI, 102, JAITARAN, 1336, BIROL, 40868, 1128643, Total, 0, 0, 0, 0, 0, 0, 729142, 729142
2015, RAJASTHAN, 8, PALI, 102, JAITARAN, 1336, CHAWANDIA KALLAN, 40869, 1124186, Roads, 0, 0, 0, 0, 0, 0, 999887, 999887
2015, RAJASTHAN, 8, PALI, 102, JAITARAN, 1336, CHAWANDIA KALLAN, 40869, 1124186, Sanitation, 0, 0, 0, 0, 0, 0, 641029, 641029
2015, RAJASTHAN, 8, PALI, 102, JAITARAN, 1336, CHAWANDIA KALLAN, 40869, 1124186, Total, 0, 0, 0, 0, 0, 0, 1640916, 1640916
2015, RAJASTHAN, 8, PALI, 102, JAITARAN, 1336, DEORIYA, 40870, 1123269, Health, 0, 0, 0, 0, 0, 0, 89570, 89570
2015, RAJASTHAN, 8, PALI, 102, JAITARAN, 1336, DEORIYA, 40870, 1123269, Roads, 0, 0, 0, 0, 0, 0, 217216, 217216
2015, RAJASTHAN, 8, PALI, 102, JAITARAN, 1336, DEORIYA, 40870, 1123269, Sanitation, 0, 0, 0, 0, 0, 0, 899472, 899472
2015, RAJASTHAN, 8, PALI, 102, JAITARAN, 1336, DEORIYA, 40870, 1123269, Total, 0, 0, 0, 0, 0, 0, 1206258, 1206258
2015, RAJASTHAN, 8, PALI, 102, JAITARAN, 1336, DIGARNA, 40871, 1159055, Roads, 0, 0, 0, 0, 0, 0, 918978, 918978
2015, RAJASTHAN, 8, PALI, 102, JAITARAN, 1336, DIGARNA, 40871, 1159055, Total, 0, 0, 0, 0, 0, 0, 918978, 918978
2015, RAJASTHAN, 8, PALI, 102, JAITARAN, 1336, FALKA, 40872, 1175446, Land improvement, 0, 0, 0, 0, 0, 0, 1900000, 1900000
2015, RAJASTHAN, 8, PALI, 102, JAITARAN, 1336, FALKA, 40872, 1175446, Roads, 0, 0, 0, 0, 0, 0, 1600000, 1600000
2015, RAJASTHAN, 8, PALI, 102, JAITARAN, 1336, FALKA, 40872, 1175446, Sanitation, 0, 0, 0, 0, 0, 0, 300000, 300000
2015, RAJASTHAN, 8, PALI, 102, JAITARAN, 1336, FALKA, 40872, 1175446, Total, 0, 0, 0, 0, 0, 0, 3800000, 3800000
2015, RAJASTHAN, 8, PALI, 102, JAITARAN, 1336, GARNIYA, 40873, 1124136, Roads, 0, 0, 0, 0, 0, 0, 574781, 574781
2015, RAJASTHAN, 8, PALI, 102, JAITARAN, 1336, GARNIYA, 40873, 1124136, Sanitation, 0, 0, 0, 0, 0, 0, 78510, 78510
2015, RAJASTHAN, 8, PALI, 102, JAITARAN, 1336, GARNIYA, 40873, 1124136, Total, 0, 0, 0, 0, 0, 0, 653291, 653291
2015, RAJASTHAN, 8, PALI, 102, JAITARAN, 1336, GHORAWAR, 40874, 1121775, Roads, 0, 0, 0, 0, 0, 0, 1496000, 1496000
2015, RAJASTHAN, 8, PALI, 102, JAITARAN, 1336, GHORAWAR, 40874, 1121775, Total, 0, 0, 0, 0, 0, 0, 1496000, 1496000
2015, RAJASTHAN, 8, PALI, 102, JAITARAN, 1336, KANECHA, 40875, 1127316, Roads, 0, 0, 0, 0, 0, 0, 563107, 563107
2015, RAJASTHAN, 8, PALI, 102, JAITARAN, 1336, KANECHA, 40875, 1127316, Total, 0, 0, 0, 0, 0, 0, 563107, 563107
2015, RAJASTHAN, 8, PALI, 102, JAITARAN, 1336, KANWALIYA    KALLAN, 40876, 1127375, Roads, 0, 0, 0, 0, 0, 0, 546017, 546017
2015, RAJASTHAN, 8, PALI, 102, JAITARAN, 1336, KANWALIYA    KALLAN, 40876, 1127375, Sanitation, 0, 0, 0, 0, 0, 0, 235000, 235000
2015, RAJASTHAN, 8, PALI, 102, JAITARAN, 1336, KANWALIYA    KALLAN, 40876, 1127375, Total, 0, 0, 0, 0, 0, 0, 781017, 781017
2015, RAJASTHAN, 8, PALI, 102, JAITARAN, 1336, KEKINDARA, 40877, 1160241, Drinking water, 0, 0, 0, 0, 0, 0, 110623, 110623
2015, RAJASTHAN, 8, PALI, 102, JAITARAN, 1336, KEKINDARA, 40877, 1160241, Roads, 0, 0, 0, 0, 0, 0, 382017, 382017
2015, RAJASTHAN, 8, PALI, 102, JAITARAN, 1336, KEKINDARA, 40877, 1160241, Sanitation, 0, 0, 0, 0, 0, 0, 83526, 83526
2015, RAJASTHAN, 8, PALI, 102, JAITARAN, 1336, KEKINDARA, 40877, 1160241, Total, 0, 0, 0, 0, 0, 0, 576166, 576166
2015, RAJASTHAN, 8, PALI, 102, JAITARAN, 1336, KURKI, 40878, 1159112, Roads, 0, 0, 0, 0, 0, 0, 420162, 420162
2015, RAJASTHAN, 8, PALI, 102, JAITARAN, 1336, KURKI, 40878, 1159112, Sanitation, 0, 0, 0, 0, 0, 0, 104656, 104656
2015, RAJASTHAN, 8, PALI, 102, JAITARAN, 1336, KURKI, 40878, 1159112, Total, 0, 0, 0, 0, 0, 0, 524818, 524818
2015, RAJASTHAN, 8, PALI, 102, JAITARAN, 1336, LAMBIYA, 40879, 1124050, Drinking water, 0, 0, 0, 0, 0, 0, 78066, 78066
2015, RAJASTHAN, 8, PALI, 102, JAITARAN, 1336, LAMBIYA, 40879, 1124050, Roads, 0, 0, 0, 0, 0, 0, 721280, 721280
2015, RAJASTHAN, 8, PALI, 102, JAITARAN, 1336, LAMBIYA, 40879, 1124050, Sanitation, 0, 0, 0, 0, 0, 0, 90298, 90298
2015, RAJASTHAN, 8, PALI, 102, JAITARAN, 1336, LAMBIYA, 40879, 1124050, Total, 0, 0, 0, 0, 0, 0, 889644, 889644
2015, RAJASTHAN, 8, PALI, 102, JAITARAN, 1336, LOTOTI, 40880, 1121717, Drinking water, 0, 0, 0, 0, 0, 0, 311182, 311182
2015, RAJASTHAN, 8, PALI, 102, JAITARAN, 1336, LOTOTI, 40880, 1121717, Roads, 0, 0, 0, 0, 0, 0, 303035, 303035
2015, RAJASTHAN, 8, PALI, 102, JAITARAN, 1336, LOTOTI, 40880, 1121717, Total, 0, 0, 0, 0, 0, 0, 614217, 614217
2015, RAJASTHAN, 8, PALI, 102, JAITARAN, 1336, MOHRAI, 40881, 1124219, Roads, 0, 0, 0, 0, 0, 0, 1597000, 1597000
2015, RAJASTHAN, 8, PALI, 102, JAITARAN, 1336, MOHRAI, 40881, 1124219, Total, 0, 0, 0, 0, 0, 0, 1597000, 1597000
2015, RAJASTHAN, 8, PALI, 102, JAITARAN, 1336, NIMAJ, 40882, 1127343, Sanitation, 0, 0, 0, 0, 0, 0, 188664, 188664
2015, RAJASTHAN, 8, PALI, 102, JAITARAN, 1336, NIMAJ, 40882, 1127343, Total, 0, 0, 0, 0, 0, 0, 188664, 188664
2015, RAJASTHAN, 8, PALI, 102, JAITARAN, 1336, NIMBOL, 40883, 1124235, Roads, 0, 0, 0, 0, 0, 0, 222228, 222228
2015, RAJASTHAN, 8, PALI, 102, JAITARAN, 1336, NIMBOL, 40883, 1124235, Sanitation, 0, 0, 0, 0, 0, 0, 71100, 71100
2015, RAJASTHAN, 8, PALI, 102, JAITARAN, 1336, NIMBOL, 40883, 1124235, Total, 0, 0, 0, 0, 0, 0, 293328, 293328
2015, RAJASTHAN, 8, PALI, 102, JAITARAN, 1336, PATWA, 40884, 1125262, Drinking water, 0, 0, 0, 0, 0, 0, 98493, 98493
2015, RAJASTHAN, 8, PALI, 102, JAITARAN, 1336, PATWA, 40884, 1125262, Roads, 0, 0, 0, 0, 0, 0, 900981, 900981
2015, RAJASTHAN, 8, PALI, 102, JAITARAN, 1336, PATWA, 40884, 1125262, Total, 0, 0, 0, 0, 0, 0, 999474, 999474
2015, RAJASTHAN, 8, PALI, 102, JAITARAN, 1336, PEEPALIYA KHURD, 40885, 1124078, Health, 0, 0, 0, 0, 0, 0, 171108, 171108
2015, RAJASTHAN, 8, PALI, 102, JAITARAN, 1336, PEEPALIYA KHURD, 40885, 1124078, Roads, 0, 0, 0, 0, 0, 0, 150000, 150000
2015, RAJASTHAN, 8, PALI, 102, JAITARAN, 1336, PEEPALIYA KHURD, 40885, 1124078, Sanitation, 0, 0, 0, 0, 0, 0, 233928, 233928
2015, RAJASTHAN, 8, PALI, 102, JAITARAN, 1336, PEEPALIYA KHURD, 40885, 1124078, Total, 0, 0, 0, 0, 0, 0, 555036, 555036
2015, RAJASTHAN, 8, PALI, 102, JAITARAN, 1336, PHOOLMAL, 40886, 1165547, Roads, 0, 0, 0, 0, 0, 0, 729000, 729000
2015, RAJASTHAN, 8, PALI, 102, JAITARAN, 1336, PHOOLMAL, 40886, 1165547, Sanitation, 0, 0, 0, 0, 0, 0, 697000, 697000
2015, RAJASTHAN, 8, PALI, 102, JAITARAN, 1336, PHOOLMAL, 40886, 1165547, Total, 0, 0, 0, 0, 0, 0, 1426000, 1426000
2015, RAJASTHAN, 8, PALI, 102, JAITARAN, 1336, RABRIYAWAS, 40887, 1296906, Land improvement, 0, 0, 0, 0, 0, 0, 922000, 922000
2015, RAJASTHAN, 8, PALI, 102, JAITARAN, 1336, RABRIYAWAS, 40887, 1296906, Rural housing, 0, 0, 0, 0, 0, 0, 71900, 71900
2015, RAJASTHAN, 8, PALI, 102, JAITARAN, 1336, RABRIYAWAS, 40887, 1296906, Sanitation, 0, 0, 0, 0, 0, 0, 231036, 231036
2015, RAJASTHAN, 8, PALI, 102, JAITARAN, 1336, RABRIYAWAS, 40887, 1296906, Total, 0, 0, 0, 0, 0, 0, 1224936, 1224936
2015, RAJASTHAN, 8, PALI, 102, JAITARAN, 1336, RAMAWAS KALAN, 40888, 1103782, Roads, 0, 0, 0, 0, 0, 0, 537882, 537882
2015, RAJASTHAN, 8, PALI, 102, JAITARAN, 1336, RAMAWAS KALAN, 40888, 1103782, Total, 0, 0, 0, 0, 0, 0, 537882, 537882
2015, RAJASTHAN, 8, PALI, 102, JAITARAN, 1336, RAS, 40889, 1159329, Roads, 0, 0, 0, 0, 0, 0, 4294228, 4294228
2015, RAJASTHAN, 8, PALI, 102, JAITARAN, 1336, RAS, 40889, 1159329, Sanitation, 0, 0, 0, 0, 0, 0, 996839, 996839
2015, RAJASTHAN, 8, PALI, 102, JAITARAN, 1336, RAS, 40889, 1159329, Total, 0, 0, 0, 0, 0, 0, 5291067, 5291067
2015, RAJASTHAN, 8, PALI, 102, JAITARAN, 1336, SANGAWAS, 40890, 1121681, Drinking water, 0, 0, 0, 0, 0, 0, 359441, 359441
2015, RAJASTHAN, 8, PALI, 102, JAITARAN, 1336, SANGAWAS, 40890, 1121681, Roads, 0, 0, 0, 0, 0, 0, 143530, 143530
2015, RAJASTHAN, 8, PALI, 102, JAITARAN, 1336, SANGAWAS, 40890, 1121681, Total, 0, 0, 0, 0, 0, 0, 502971, 502971
2015, RAJASTHAN, 8, PALI, 102, JAITARAN, 1336, SEWARIYA, 40891, 1160224, Drinking water, 0, 0, 0, 0, 0, 0, 168771, 168771
2015, RAJASTHAN, 8, PALI, 102, JAITARAN, 1336, SEWARIYA, 40891, 1160224, Education, 0, 0, 0, 0, 0, 0, 155755, 155755
2015, RAJASTHAN, 8, PALI, 102, JAITARAN, 1336, SEWARIYA, 40891, 1160224, Roads, 0, 0, 0, 0, 0, 0, 791191, 791191
2015, RAJASTHAN, 8, PALI, 102, JAITARAN, 1336, SEWARIYA, 40891, 1160224, Total, 0, 0, 0, 0, 0, 0, 1115717, 1115717
2015, RAJASTHAN, 8, PALI, 102, JAITARAN, 1336, TOONKARA, 40892, 1103742, Health, 0, 0, 0, 0, 0, 0, 28700, 28700
2015, RAJASTHAN, 8, PALI, 102, JAITARAN, 1336, TOONKARA, 40892, 1103742, Roads, 0, 0, 0, 0, 0, 0, 279417, 279417
2015, RAJASTHAN, 8, PALI, 102, JAITARAN, 1336, TOONKARA, 40892, 1103742, Sanitation, 0, 0, 0, 0, 0, 0, 47625, 47625
2015, RAJASTHAN, 8, PALI, 102, JAITARAN, 1336, TOONKARA, 40892, 1103742, Total, 0, 0, 0, 0, 0, 0, 355742, 355742
2015, RAJASTHAN, 8, PALI, 102, KHARCHI(MAR.JUN), 1337, BANSOR, 262224, 1128662, Sanitation, 0, 0, 0, 0, 0, 0, 1734152, 1734152
2015, RAJASTHAN, 8, PALI, 102, KHARCHI(MAR.JUN), 1337, BANSOR, 262224, 1128662, Total, 0, 0, 0, 0, 0, 0, 1734152, 1734152
2015, RAJASTHAN, 8, PALI, 102, KHARCHI(MAR.JUN), 1337, BANTA, 40894, 1118696, Roads, 0, 0, 0, 0, 0, 0, 1786000, 1786000
2015, RAJASTHAN, 8, PALI, 102, KHARCHI(MAR.JUN), 1337, BANTA, 40894, 1118696, Total, 0, 0, 0, 0, 0, 0, 1786000, 1786000
2015, RAJASTHAN, 8, PALI, 102, KHARCHI(MAR.JUN), 1337, BARSA, 40895, 1130428, Roads, 0, 0, 0, 0, 0, 0, 568259, 568259
2015, RAJASTHAN, 8, PALI, 102, KHARCHI(MAR.JUN), 1337, BARSA, 40895, 1130428, Total, 0, 0, 0, 0, 0, 0, 568259, 568259
2015, RAJASTHAN, 8, PALI, 102, KHARCHI(MAR.JUN), 1337, BASNI JOJAWAR, 40896, 1128783, Sanitation, 0, 0, 0, 0, 0, 0, 1202252, 1202252
2015, RAJASTHAN, 8, PALI, 102, KHARCHI(MAR.JUN), 1337, BASNI JOJAWAR, 40896, 1128783, Total, 0, 0, 0, 0, 0, 0, 1202252, 1202252
2015, RAJASTHAN, 8, PALI, 102, KHARCHI(MAR.JUN), 1337, BHAGORA, 40897, 1116515, Land improvement, 0, 0, 0, 0, 0, 0, 81591, 81591
2015, RAJASTHAN, 8, PALI, 102, KHARCHI(MAR.JUN), 1337, BHAGORA, 40897, 1116515, Roads, 0, 0, 0, 0, 0, 0, 589733, 589733
2015, RAJASTHAN, 8, PALI, 102, KHARCHI(MAR.JUN), 1337, BHAGORA, 40897, 1116515, Total, 0, 0, 0, 0, 0, 0, 671324, 671324
2015, RAJASTHAN, 8, PALI, 102, KHARCHI(MAR.JUN), 1337, BHIWALIYA, 40898, 1106770, Roads, 0, 0, 0, 0, 0, 0, 529935, 529935
2015, RAJASTHAN, 8, PALI, 102, KHARCHI(MAR.JUN), 1337, BHIWALIYA, 40898, 1106770, Sanitation, 0, 0, 0, 0, 0, 0, 52826, 52826
2015, RAJASTHAN, 8, PALI, 102, KHARCHI(MAR.JUN), 1337, BHIWALIYA, 40898, 1106770, Total, 0, 0, 0, 0, 0, 0, 582761, 582761
2015, RAJASTHAN, 8, PALI, 102, KHARCHI(MAR.JUN), 1337, BITHORA KALAN, 40899, 1118580, Health, 0, 0, 0, 0, 0, 0, 243671, 243671
2015, RAJASTHAN, 8, PALI, 102, KHARCHI(MAR.JUN), 1337, BITHORA KALAN, 40899, 1118580, Land improvement, 0, 0, 0, 0, 0, 0, 200000, 200000
2015, RAJASTHAN, 8, PALI, 102, KHARCHI(MAR.JUN), 1337, BITHORA KALAN, 40899, 1118580, Roads, 0, 0, 0, 0, 0, 0, 39538, 39538
2015, RAJASTHAN, 8, PALI, 102, KHARCHI(MAR.JUN), 1337, BITHORA KALAN, 40899, 1118580, Sanitation, 0, 0, 0, 0, 0, 0, 43928, 43928
2015, RAJASTHAN, 8, PALI, 102, KHARCHI(MAR.JUN), 1337, BITHORA KALAN, 40899, 1118580, Total, 0, 0, 0, 0, 0, 0, 527137, 527137
2015, RAJASTHAN, 8, PALI, 102, KHARCHI(MAR.JUN), 1337, BORI MADA, 40900, 1132234, Land improvement, 0, 0, 0, 0, 0, 0, 290446, 290446
2015, RAJASTHAN, 8, PALI, 102, KHARCHI(MAR.JUN), 1337, BORI MADA, 40900, 1132234, Roads, 0, 0, 0, 0, 0, 0, 1469174, 1469174
2015, RAJASTHAN, 8, PALI, 102, KHARCHI(MAR.JUN), 1337, BORI MADA, 40900, 1132234, Total, 0, 0, 0, 0, 0, 0, 1759620, 1759620
2015, RAJASTHAN, 8, PALI, 102, KHARCHI(MAR.JUN), 1337, BORNARI, 40901, 1205129, Roads, 0, 0, 0, 0, 0, 0, 825843, 825843
2015, RAJASTHAN, 8, PALI, 102, KHARCHI(MAR.JUN), 1337, BORNARI, 40901, 1205129, Total, 0, 0, 0, 0, 0, 0, 825843, 825843
2015, RAJASTHAN, 8, PALI, 102, KHARCHI(MAR.JUN), 1337, CHAUKARIYA, 40904, 1128801, Roads, 0, 0, 0, 0, 0, 0, 557520, 557520
2015, RAJASTHAN, 8, PALI, 102, KHARCHI(MAR.JUN), 1337, CHAUKARIYA, 40904, 1128801, Total, 0, 0, 0, 0, 0, 0, 557520, 557520
2015, RAJASTHAN, 8, PALI, 102, KHARCHI(MAR.JUN), 1337, CHAWADIYA, 40902, 1405675, Roads, 0, 0, 0, 0, 0, 0, 100000, 100000
2015, RAJASTHAN, 8, PALI, 102, KHARCHI(MAR.JUN), 1337, CHAWADIYA, 40902, 1405675, Total, 0, 0, 0, 0, 0, 0, 100000, 100000
2015, RAJASTHAN, 8, PALI, 102, KHARCHI(MAR.JUN), 1337, CHIRPATIYA, 40903, 1118763, Roads, 0, 0, 0, 0, 0, 0, 1039966, 1039966
2015, RAJASTHAN, 8, PALI, 102, KHARCHI(MAR.JUN), 1337, CHIRPATIYA, 40903, 1118763, Total, 0, 0, 0, 0, 0, 0, 1039966, 1039966
2015, RAJASTHAN, 8, PALI, 102, KHARCHI(MAR.JUN), 1337, DEOLI, 40905, 1116142, Roads, 0, 0, 0, 0, 0, 0, 678269, 678269
2015, RAJASTHAN, 8, PALI, 102, KHARCHI(MAR.JUN), 1337, DEOLI, 40905, 1116142, Rural electrification, 0, 0, 0, 0, 0, 0, 138945, 138945
2015, RAJASTHAN, 8, PALI, 102, KHARCHI(MAR.JUN), 1337, DEOLI, 40905, 1116142, Total, 0, 0, 0, 0, 0, 0, 817214, 817214
2015, RAJASTHAN, 8, PALI, 102, KHARCHI(MAR.JUN), 1337, DHAMLI, 40906, 1167452, Roads, 0, 0, 0, 0, 0, 0, 2027314, 2027314
2015, RAJASTHAN, 8, PALI, 102, KHARCHI(MAR.JUN), 1337, DHAMLI, 40906, 1167452, Sanitation, 0, 0, 0, 0, 0, 0, 99400, 99400
2015, RAJASTHAN, 8, PALI, 102, KHARCHI(MAR.JUN), 1337, DHAMLI, 40906, 1167452, Total, 0, 0, 0, 0, 0, 0, 2126714, 2126714
2015, RAJASTHAN, 8, PALI, 102, KHARCHI(MAR.JUN), 1337, DHANLA, 40907, 1142669, Roads, 0, 0, 0, 0, 0, 0, 1134792, 1134792
2015, RAJASTHAN, 8, PALI, 102, KHARCHI(MAR.JUN), 1337, DHANLA, 40907, 1142669, Total, 0, 0, 0, 0, 0, 0, 1134792, 1134792
2015, RAJASTHAN, 8, PALI, 102, KHARCHI(MAR.JUN), 1337, DHUNDHALA, 40908, 1230473, Roads, 0, 0, 0, 0, 0, 0, 1018588, 1018588
2015, RAJASTHAN, 8, PALI, 102, KHARCHI(MAR.JUN), 1337, DHUNDHALA, 40908, 1230473, Total, 0, 0, 0, 0, 0, 0, 1018588, 1018588
2015, RAJASTHAN, 8, PALI, 102, KHARCHI(MAR.JUN), 1337, DUDOR, 40909, 1120443, Roads, 0, 0, 0, 0, 0, 0, 776646, 776646
2015, RAJASTHAN, 8, PALI, 102, KHARCHI(MAR.JUN), 1337, DUDOR, 40909, 1120443, Sanitation, 0, 0, 0, 0, 0, 0, 423718, 423718
2015, RAJASTHAN, 8, PALI, 102, KHARCHI(MAR.JUN), 1337, DUDOR, 40909, 1120443, Total, 0, 0, 0, 0, 0, 0, 1200364, 1200364
2015, RAJASTHAN, 8, PALI, 102, KHARCHI(MAR.JUN), 1337, GADANA, 40910, 1130776, Roads, 0, 0, 0, 0, 0, 0, 480380, 480380
2015, RAJASTHAN, 8, PALI, 102, KHARCHI(MAR.JUN), 1337, GADANA, 40910, 1130776, Total, 0, 0, 0, 0, 0, 0, 480380, 480380
2015, RAJASTHAN, 8, PALI, 102, KHARCHI(MAR.JUN), 1337, GURA KESHAR SINGH, 40911, 1113577, Land improvement, 0, 0, 0, 0, 0, 0, 121949, 121949
2015, RAJASTHAN, 8, PALI, 102, KHARCHI(MAR.JUN), 1337, GURA KESHAR SINGH, 40911, 1113577, Roads, 0, 0, 0, 0, 0, 0, 917005, 917005
2015, RAJASTHAN, 8, PALI, 102, KHARCHI(MAR.JUN), 1337, GURA KESHAR SINGH, 40911, 1113577, Total, 0, 0, 0, 0, 0, 0, 1038954, 1038954
2015, RAJASTHAN, 8, PALI, 102, KHARCHI(MAR.JUN), 1337, GURA RAMSINGH, 40912, 1107726, Roads, 0, 0, 0, 0, 0, 0, 771560, 771560
2015, RAJASTHAN, 8, PALI, 102, KHARCHI(MAR.JUN), 1337, GURA RAMSINGH, 40912, 1107726, Total, 0, 0, 0, 0, 0, 0, 771560, 771560
2015, RAJASTHAN, 8, PALI, 102, KHARCHI(MAR.JUN), 1337, GURA SOORSINGH, 40913, 1121114, Roads, 0, 0, 0, 0, 0, 0, 1141807, 1141807
2015, RAJASTHAN, 8, PALI, 102, KHARCHI(MAR.JUN), 1337, GURA SOORSINGH, 40913, 1121114, Total, 0, 0, 0, 0, 0, 0, 1141807, 1141807
2015, RAJASTHAN, 8, PALI, 102, KHARCHI(MAR.JUN), 1337, HEMLIYA WAS KHURD (RURAL), 40914, 1130748, Roads, 0, 0, 0, 0, 0, 0, 614995, 614995
2015, RAJASTHAN, 8, PALI, 102, KHARCHI(MAR.JUN), 1337, HEMLIYA WAS KHURD (RURAL), 40914, 1130748, Total, 0, 0, 0, 0, 0, 0, 614995, 614995
2015, RAJASTHAN, 8, PALI, 102, KHARCHI(MAR.JUN), 1337, HINGOLA KHURD, 40915, 1103283, Roads, 0, 0, 0, 0, 0, 0, 195916, 195916
2015, RAJASTHAN, 8, PALI, 102, KHARCHI(MAR.JUN), 1337, HINGOLA KHURD, 40915, 1103283, Total, 0, 0, 0, 0, 0, 0, 195916, 195916
2015, RAJASTHAN, 8, PALI, 102, KHARCHI(MAR.JUN), 1337, ISALI, 40916, 1129389, Roads, 0, 0, 0, 0, 0, 0, 452700, 452700
2015, RAJASTHAN, 8, PALI, 102, KHARCHI(MAR.JUN), 1337, ISALI, 40916, 1129389, Total, 0, 0, 0, 0, 0, 0, 452700, 452700
2015, RAJASTHAN, 8, PALI, 102, KHARCHI(MAR.JUN), 1337, JADAN, 40917, 1119255, Roads, 0, 0, 0, 0, 0, 0, 34851, 34851
2015, RAJASTHAN, 8, PALI, 102, KHARCHI(MAR.JUN), 1337, JADAN, 40917, 1119255, Sanitation, 0, 0, 0, 0, 0, 0, 1370741, 1370741
2015, RAJASTHAN, 8, PALI, 102, KHARCHI(MAR.JUN), 1337, JADAN, 40917, 1119255, Total, 0, 0, 0, 0, 0, 0, 1405592, 1405592
2015, RAJASTHAN, 8, PALI, 102, KHARCHI(MAR.JUN), 1337, JANUDA, 40918, 1129363, Roads, 0, 0, 0, 0, 0, 0, 682134, 682134
2015, RAJASTHAN, 8, PALI, 102, KHARCHI(MAR.JUN), 1337, JANUDA, 40918, 1129363, Total, 0, 0, 0, 0, 0, 0, 682134, 682134
2015, RAJASTHAN, 8, PALI, 102, KHARCHI(MAR.JUN), 1337, JHINJHARDI, 40919, 1130696, Drinking water, 0, 0, 0, 0, 0, 0, 158229, 158229
2015, RAJASTHAN, 8, PALI, 102, KHARCHI(MAR.JUN), 1337, JHINJHARDI, 40919, 1130696, Roads, 0, 0, 0, 0, 0, 0, 816607, 816607
2015, RAJASTHAN, 8, PALI, 102, KHARCHI(MAR.JUN), 1337, JHINJHARDI, 40919, 1130696, Total, 0, 0, 0, 0, 0, 0, 974836, 974836
2015, RAJASTHAN, 8, PALI, 102, KHARCHI(MAR.JUN), 1337, JOJAWAR, 40920, 1119124, Roads, 0, 0, 0, 0, 0, 0, 1315764, 1315764
2015, RAJASTHAN, 8, PALI, 102, KHARCHI(MAR.JUN), 1337, JOJAWAR, 40920, 1119124, Total, 0, 0, 0, 0, 0, 0, 1315764, 1315764
2015, RAJASTHAN, 8, PALI, 102, KHARCHI(MAR.JUN), 1337, KANTALIYA, 40921, 1119057, Drinking water, 0, 0, 0, 0, 0, 0, 49539, 49539
2015, RAJASTHAN, 8, PALI, 102, KHARCHI(MAR.JUN), 1337, KANTALIYA, 40921, 1119057, Roads, 0, 0, 0, 0, 0, 0, 75462, 75462
2015, RAJASTHAN, 8, PALI, 102, KHARCHI(MAR.JUN), 1337, KANTALIYA, 40921, 1119057, Sanitation, 0, 0, 0, 0, 0, 0, 81000, 81000
2015, RAJASTHAN, 8, PALI, 102, KHARCHI(MAR.JUN), 1337, KANTALIYA, 40921, 1119057, Total, 0, 0, 0, 0, 0, 0, 206001, 206001
2015, RAJASTHAN, 8, PALI, 102, KHARCHI(MAR.JUN), 1337, KARARI, 40922, 1107216, Drinking water, 0, 0, 0, 0, 0, 0, 87221, 87221
2015, RAJASTHAN, 8, PALI, 102, KHARCHI(MAR.JUN), 1337, KARARI, 40922, 1107216, Roads, 0, 0, 0, 0, 0, 0, 499019, 499019
2015, RAJASTHAN, 8, PALI, 102, KHARCHI(MAR.JUN), 1337, KARARI, 40922, 1107216, Total, 0, 0, 0, 0, 0, 0, 586240, 586240
2015, RAJASTHAN, 8, PALI, 102, KHARCHI(MAR.JUN), 1337, KHARCHI, 40923, 1118767, Roads, 0, 0, 0, 0, 0, 0, 598829, 598829
2015, RAJASTHAN, 8, PALI, 102, KHARCHI(MAR.JUN), 1337, KHARCHI, 40923, 1118767, Sanitation, 0, 0, 0, 0, 0, 0, 186485, 186485
2015, RAJASTHAN, 8, PALI, 102, KHARCHI(MAR.JUN), 1337, KHARCHI, 40923, 1118767, Total, 0, 0, 0, 0, 0, 0, 785314, 785314
2015, RAJASTHAN, 8, PALI, 102, KHARCHI(MAR.JUN), 1337, MALSA BAORI, 40924, 1191015, Drinking water, 0, 0, 0, 0, 0, 0, 93031, 93031
2015, RAJASTHAN, 8, PALI, 102, KHARCHI(MAR.JUN), 1337, MALSA BAORI, 40924, 1191015, Roads, 0, 0, 0, 0, 0, 0, 545926, 545926
2015, RAJASTHAN, 8, PALI, 102, KHARCHI(MAR.JUN), 1337, MALSA BAORI, 40924, 1191015, Sanitation, 0, 0, 0, 0, 0, 0, 127359, 127359
2015, RAJASTHAN, 8, PALI, 102, KHARCHI(MAR.JUN), 1337, MALSA BAORI, 40924, 1191015, Total, 0, 0, 0, 0, 0, 0, 766316, 766316
2015, RAJASTHAN, 8, PALI, 102, KHARCHI(MAR.JUN), 1337, MANDA, 40925, 1109098, Health, 0, 0, 0, 0, 0, 0, 499821, 499821
2015, RAJASTHAN, 8, PALI, 102, KHARCHI(MAR.JUN), 1337, MANDA, 40925, 1109098, Roads, 0, 0, 0, 0, 0, 0, 1494718, 1494718
2015, RAJASTHAN, 8, PALI, 102, KHARCHI(MAR.JUN), 1337, MANDA, 40925, 1109098, Total, 0, 0, 0, 0, 0, 0, 1994539, 1994539
2015, RAJASTHAN, 8, PALI, 102, KHARCHI(MAR.JUN), 1337, MARWAR JUNCTION (C.T.), 40926, 1103373, Roads, 0, 0, 0, 0, 0, 0, 3104183, 3104183
2015, RAJASTHAN, 8, PALI, 102, KHARCHI(MAR.JUN), 1337, MARWAR JUNCTION (C.T.), 40926, 1103373, Sanitation, 0, 0, 0, 0, 0, 0, 593862, 593862
2015, RAJASTHAN, 8, PALI, 102, KHARCHI(MAR.JUN), 1337, MARWAR JUNCTION (C.T.), 40926, 1103373, Total, 0, 0, 0, 0, 0, 0, 3698045, 3698045
2015, RAJASTHAN, 8, PALI, 102, KHARCHI(MAR.JUN), 1337, MUSALIYA, 40927, 1142899, Roads, 0, 0, 0, 0, 0, 0, 221645, 221645
2015, RAJASTHAN, 8, PALI, 102, KHARCHI(MAR.JUN), 1337, MUSALIYA, 40927, 1142899, Sanitation, 0, 0, 0, 0, 0, 0, 481144, 481144
2015, RAJASTHAN, 8, PALI, 102, KHARCHI(MAR.JUN), 1337, MUSALIYA, 40927, 1142899, Total, 0, 0, 0, 0, 0, 0, 702789, 702789
2015, RAJASTHAN, 8, PALI, 102, KHARCHI(MAR.JUN), 1337, NIMBLI MANDA, 40928, 1129282, Sanitation, 0, 0, 0, 0, 0, 0, 757017, 757017
2015, RAJASTHAN, 8, PALI, 102, KHARCHI(MAR.JUN), 1337, NIMBLI MANDA, 40928, 1129282, Total, 0, 0, 0, 0, 0, 0, 757017, 757017
2015, RAJASTHAN, 8, PALI, 102, KHARCHI(MAR.JUN), 1337, PANCHETIYA, 40929, 1117011, Roads, 0, 0, 0, 0, 0, 0, 982487, 982487
2015, RAJASTHAN, 8, PALI, 102, KHARCHI(MAR.JUN), 1337, PANCHETIYA, 40929, 1117011, Total, 0, 0, 0, 0, 0, 0, 982487, 982487
2015, RAJASTHAN, 8, PALI, 102, KHARCHI(MAR.JUN), 1337, PHULAD, 40930, 1181446, Roads, 0, 0, 0, 0, 0, 0, 994147, 994147
2015, RAJASTHAN, 8, PALI, 102, KHARCHI(MAR.JUN), 1337, PHULAD, 40930, 1181446, Total, 0, 0, 0, 0, 0, 0, 994147, 994147
2015, RAJASTHAN, 8, PALI, 102, KHARCHI(MAR.JUN), 1337, RADAWAS, 40931, 1130784, Roads, 0, 0, 0, 0, 0, 0, 708000, 708000
2015, RAJASTHAN, 8, PALI, 102, KHARCHI(MAR.JUN), 1337, RADAWAS, 40931, 1130784, Total, 0, 0, 0, 0, 0, 0, 708000, 708000
2015, RAJASTHAN, 8, PALI, 102, KHARCHI(MAR.JUN), 1337, RANAWAS, 40932, 1153762, Roads, 0, 0, 0, 0, 0, 0, 884338, 884338
2015, RAJASTHAN, 8, PALI, 102, KHARCHI(MAR.JUN), 1337, RANAWAS, 40932, 1153762, Total, 0, 0, 0, 0, 0, 0, 884338, 884338
2015, RAJASTHAN, 8, PALI, 102, KHARCHI(MAR.JUN), 1337, SARAN, 40933, 1129199, Drinking water, 0, 0, 0, 0, 0, 0, 45046, 45046
2015, RAJASTHAN, 8, PALI, 102, KHARCHI(MAR.JUN), 1337, SARAN, 40933, 1129199, Health, 0, 0, 0, 0, 0, 0, 249790, 249790
2015, RAJASTHAN, 8, PALI, 102, KHARCHI(MAR.JUN), 1337, SARAN, 40933, 1129199, Sanitation, 0, 0, 0, 0, 0, 0, 404506, 404506
2015, RAJASTHAN, 8, PALI, 102, KHARCHI(MAR.JUN), 1337, SARAN, 40933, 1129199, Total, 0, 0, 0, 0, 0, 0, 699342, 699342
2015, RAJASTHAN, 8, PALI, 102, KHARCHI(MAR.JUN), 1337, SAWRAD, 40934, 1103409, Roads, 0, 0, 0, 0, 0, 0, 983851, 983851
2015, RAJASTHAN, 8, PALI, 102, KHARCHI(MAR.JUN), 1337, SAWRAD, 40934, 1103409, Total, 0, 0, 0, 0, 0, 0, 983851, 983851
2015, RAJASTHAN, 8, PALI, 102, KHARCHI(MAR.JUN), 1337, SEERIYARI, 40938, 1127177, Roads, 0, 0, 0, 0, 0, 0, 1447380, 1447380
2015, RAJASTHAN, 8, PALI, 102, KHARCHI(MAR.JUN), 1337, SEERIYARI, 40938, 1127177, Total, 0, 0, 0, 0, 0, 0, 1447380, 1447380
2015, RAJASTHAN, 8, PALI, 102, KHARCHI(MAR.JUN), 1337, SEHWAJ, 40935, 1129153, Land improvement, 0, 0, 0, 0, 0, 0, 852490, 852490
2015, RAJASTHAN, 8, PALI, 102, KHARCHI(MAR.JUN), 1337, SEHWAJ, 40935, 1129153, Roads, 0, 0, 0, 0, 0, 0, 249454, 249454
2015, RAJASTHAN, 8, PALI, 102, KHARCHI(MAR.JUN), 1337, SEHWAJ, 40935, 1129153, Total, 0, 0, 0, 0, 0, 0, 1101944, 1101944
2015, RAJASTHAN, 8, PALI, 102, KHARCHI(MAR.JUN), 1337, SHEKHAWAS, 40936, 1319931, Drinking water, 0, 0, 0, 0, 0, 0, 43035, 43035
2015, RAJASTHAN, 8, PALI, 102, KHARCHI(MAR.JUN), 1337, SHEKHAWAS, 40936, 1319931, Roads, 0, 0, 0, 0, 0, 0, 2070342, 2070342
2015, RAJASTHAN, 8, PALI, 102, KHARCHI(MAR.JUN), 1337, SHEKHAWAS, 40936, 1319931, Total, 0, 0, 0, 0, 0, 0, 2113377, 2113377
2015, RAJASTHAN, 8, PALI, 102, KHARCHI(MAR.JUN), 1337, SINLA, 40937, 1129018, Sanitation, 0, 0, 0, 0, 0, 0, 663578, 663578
2015, RAJASTHAN, 8, PALI, 102, KHARCHI(MAR.JUN), 1337, SINLA, 40937, 1129018, Total, 0, 0, 0, 0, 0, 0, 663578, 663578
2015, RAJASTHAN, 8, PALI, 102, KHARCHI(MAR.JUN), 1337, VOPARI, 40939, 1129092, Land improvement, 0, 0, 0, 0, 0, 0, 183488, 183488
2015, RAJASTHAN, 8, PALI, 102, KHARCHI(MAR.JUN), 1337, VOPARI, 40939, 1129092, Roads, 0, 0, 0, 0, 0, 0, 51426, 51426
2015, RAJASTHAN, 8, PALI, 102, KHARCHI(MAR.JUN), 1337, VOPARI, 40939, 1129092, Sanitation, 0, 0, 0, 0, 0, 0, 37896, 37896
2015, RAJASTHAN, 8, PALI, 102, KHARCHI(MAR.JUN), 1337, VOPARI, 40939, 1129092, Total, 0, 0, 0, 0, 0, 0, 272810, 272810
2015, RAJASTHAN, 8, PALI, 102, PALI, 1338, BADER WAS, 40940, 1099762, Land improvement, 0, 0, 0, 0, 0, 0, 247543, 247543
2015, RAJASTHAN, 8, PALI, 102, PALI, 1338, BADER WAS, 40940, 1099762, Roads, 0, 0, 0, 0, 0, 0, 444098, 444098
2015, RAJASTHAN, 8, PALI, 102, PALI, 1338, BADER WAS, 40940, 1099762, Total, 0, 0, 0, 0, 0, 0, 691641, 691641
2015, RAJASTHAN, 8, PALI, 102, PALI, 1338, BANIYAWAS, 40941, 1108569, Drinking water, 0, 0, 0, 0, 0, 0, 525643, 525643
2015, RAJASTHAN, 8, PALI, 102, PALI, 1338, BANIYAWAS, 40941, 1108569, Roads, 0, 0, 0, 0, 0, 0, 479323, 479323
2015, RAJASTHAN, 8, PALI, 102, PALI, 1338, BANIYAWAS, 40941, 1108569, Total, 0, 0, 0, 0, 0, 0, 1004966, 1004966
2015, RAJASTHAN, 8, PALI, 102, PALI, 1338, BHANGESAR, 40942, 1135158, Roads, 0, 0, 0, 0, 0, 0, 1450000, 1450000
2015, RAJASTHAN, 8, PALI, 102, PALI, 1338, BHANGESAR, 40942, 1135158, Sanitation, 0, 0, 0, 0, 0, 0, 150000, 150000
2015, RAJASTHAN, 8, PALI, 102, PALI, 1338, BHANGESAR, 40942, 1135158, Total, 0, 0, 0, 0, 0, 0, 1600000, 1600000
2015, RAJASTHAN, 8, PALI, 102, PALI, 1338, BHANWARI, 40943, 1125589, Sanitation, 0, 0, 0, 0, 0, 0, 405063, 405063
2015, RAJASTHAN, 8, PALI, 102, PALI, 1338, BHANWARI, 40943, 1125589, Total, 0, 0, 0, 0, 0, 0, 405063, 405063
2015, RAJASTHAN, 8, PALI, 102, PALI, 1338, BOMADARA, 40944, 1108438, Drinking water, 0, 0, 0, 0, 0, 0, 490232, 490232
2015, RAJASTHAN, 8, PALI, 102, PALI, 1338, BOMADARA, 40944, 1108438, Land improvement, 0, 0, 0, 0, 0, 0, 379725, 379725
2015, RAJASTHAN, 8, PALI, 102, PALI, 1338, BOMADARA, 40944, 1108438, Roads, 0, 0, 0, 0, 0, 0, 394697, 394697
2015, RAJASTHAN, 8, PALI, 102, PALI, 1338, BOMADARA, 40944, 1108438, Sanitation, 0, 0, 0, 0, 0, 0, 206916, 206916
2015, RAJASTHAN, 8, PALI, 102, PALI, 1338, BOMADARA, 40944, 1108438, Total, 0, 0, 0, 0, 0, 0, 1471570, 1471570
2015, RAJASTHAN, 8, PALI, 102, PALI, 1338, DARI, 40945, 1111898, Sanitation, 0, 0, 0, 0, 0, 0, 750000, 750000
2015, RAJASTHAN, 8, PALI, 102, PALI, 1338, DARI, 40945, 1111898, Total, 0, 0, 0, 0, 0, 0, 750000, 750000
2015, RAJASTHAN, 8, PALI, 102, PALI, 1338, DAYALPURA, 40946, 1114093, Drinking water, 0, 0, 0, 0, 0, 0, 749864, 749864
2015, RAJASTHAN, 8, PALI, 102, PALI, 1338, DAYALPURA, 40946, 1114093, Total, 0, 0, 0, 0, 0, 0, 749864, 749864
2015, RAJASTHAN, 8, PALI, 102, PALI, 1338, DENDA, 40948, 1114039, Roads, 0, 0, 0, 0, 0, 0, 805000, 805000
2015, RAJASTHAN, 8, PALI, 102, PALI, 1338, DENDA, 40948, 1114039, Sanitation, 0, 0, 0, 0, 0, 0, 42400, 42400
2015, RAJASTHAN, 8, PALI, 102, PALI, 1338, DENDA, 40948, 1114039, Total, 0, 0, 0, 0, 0, 0, 847400, 847400
2015, RAJASTHAN, 8, PALI, 102, PALI, 1338, DINGAI, 40947, 1135061, Drinking water, 0, 0, 0, 0, 0, 0, 74917, 74917
2015, RAJASTHAN, 8, PALI, 102, PALI, 1338, DINGAI, 40947, 1135061, Education, 0, 0, 0, 0, 0, 0, 199846, 199846
2015, RAJASTHAN, 8, PALI, 102, PALI, 1338, DINGAI, 40947, 1135061, Roads, 0, 0, 0, 0, 0, 0, 1465956, 1465956
2015, RAJASTHAN, 8, PALI, 102, PALI, 1338, DINGAI, 40947, 1135061, Sanitation, 0, 0, 0, 0, 0, 0, 245911, 245911
2015, RAJASTHAN, 8, PALI, 102, PALI, 1338, DINGAI, 40947, 1135061, Total, 0, 0, 0, 0, 0, 0, 1986630, 1986630
2015, RAJASTHAN, 8, PALI, 102, PALI, 1338, GIRADRA, 40949, 1138456, Roads, 0, 0, 0, 0, 0, 0, 1385290, 1385290
2015, RAJASTHAN, 8, PALI, 102, PALI, 1338, GIRADRA, 40949, 1138456, Total, 0, 0, 0, 0, 0, 0, 1385290, 1385290
2015, RAJASTHAN, 8, PALI, 102, PALI, 1338, GUNDOJ, 40951, 1096414, Health, 0, 0, 0, 0, 0, 0, 15908, 15908
2015, RAJASTHAN, 8, PALI, 102, PALI, 1338, GUNDOJ, 40951, 1096414, Roads, 0, 0, 0, 0, 0, 0, 750451, 750451
2015, RAJASTHAN, 8, PALI, 102, PALI, 1338, GUNDOJ, 40951, 1096414, Sanitation, 0, 0, 0, 0, 0, 0, 47928, 47928
2015, RAJASTHAN, 8, PALI, 102, PALI, 1338, GUNDOJ, 40951, 1096414, Total, 0, 0, 0, 0, 0, 0, 814287, 814287
2015, RAJASTHAN, 8, PALI, 102, PALI, 1338, GURA ENDLA, 40950, 1197250, Animal husbandry, 0, 0, 0, 0, 0, 0, 22913, 22913
2015, RAJASTHAN, 8, PALI, 102, PALI, 1338, GURA ENDLA, 40950, 1197250, Roads, 0, 0, 0, 0, 0, 0, 222035, 222035
2015, RAJASTHAN, 8, PALI, 102, PALI, 1338, GURA ENDLA, 40950, 1197250, Sanitation, 0, 0, 0, 0, 0, 0, 460997, 460997
2015, RAJASTHAN, 8, PALI, 102, PALI, 1338, GURA ENDLA, 40950, 1197250, Total, 0, 0, 0, 0, 0, 0, 705945, 705945
2015, RAJASTHAN, 8, PALI, 102, PALI, 1338, HEMAWAS, 40952, 1201034, Drinking water, 0, 0, 0, 0, 0, 0, 450000, 450000
2015, RAJASTHAN, 8, PALI, 102, PALI, 1338, HEMAWAS, 40952, 1201034, Roads, 0, 0, 0, 0, 0, 0, 970000, 970000
2015, RAJASTHAN, 8, PALI, 102, PALI, 1338, HEMAWAS, 40952, 1201034, Sanitation, 0, 0, 0, 0, 0, 0, 178000, 178000
2015, RAJASTHAN, 8, PALI, 102, PALI, 1338, HEMAWAS, 40952, 1201034, Total, 0, 0, 0, 0, 0, 0, 1598000, 1598000
2015, RAJASTHAN, 8, PALI, 102, PALI, 1338, KHERWA, 40953, 1135085, Drinking water, 0, 0, 0, 0, 0, 0, 299898, 299898
2015, RAJASTHAN, 8, PALI, 102, PALI, 1338, KHERWA, 40953, 1135085, Roads, 0, 0, 0, 0, 0, 0, 199696, 199696
2015, RAJASTHAN, 8, PALI, 102, PALI, 1338, KHERWA, 40953, 1135085, Sanitation, 0, 0, 0, 0, 0, 0, 698176, 698176
2015, RAJASTHAN, 8, PALI, 102, PALI, 1338, KHERWA, 40953, 1135085, Total, 0, 0, 0, 0, 0, 0, 1197770, 1197770
2015, RAJASTHAN, 8, PALI, 102, PALI, 1338, KOORNA, 40954, 1114282, Drinking water, 0, 0, 0, 0, 0, 0, 287520, 287520
2015, RAJASTHAN, 8, PALI, 102, PALI, 1338, KOORNA, 40954, 1114282, Roads, 0, 0, 0, 0, 0, 0, 2699407, 2699407
2015, RAJASTHAN, 8, PALI, 102, PALI, 1338, KOORNA, 40954, 1114282, Sanitation, 0, 0, 0, 0, 0, 0, 477785, 477785
2015, RAJASTHAN, 8, PALI, 102, PALI, 1338, KOORNA, 40954, 1114282, Total, 0, 0, 0, 0, 0, 0, 3464712, 3464712
2015, RAJASTHAN, 8, PALI, 102, PALI, 1338, LAMBIYA, 40955, 1114987, Roads, 0, 0, 0, 0, 0, 0, 499969, 499969
2015, RAJASTHAN, 8, PALI, 102, PALI, 1338, LAMBIYA, 40955, 1114987, Sanitation, 0, 0, 0, 0, 0, 0, 610000, 610000
2015, RAJASTHAN, 8, PALI, 102, PALI, 1338, LAMBIYA, 40955, 1114987, Total, 0, 0, 0, 0, 0, 0, 1109969, 1109969
2015, RAJASTHAN, 8, PALI, 102, PALI, 1338, MANIHARI, 40956, 1135025, Sanitation, 0, 0, 0, 0, 0, 0, 326193, 326193
2015, RAJASTHAN, 8, PALI, 102, PALI, 1338, MANIHARI, 40956, 1135025, Total, 0, 0, 0, 0, 0, 0, 326193, 326193
2015, RAJASTHAN, 8, PALI, 102, PALI, 1338, ROOPAWAS, 40957, 1108282, Drinking water, 0, 0, 0, 0, 0, 0, 144528, 144528
2015, RAJASTHAN, 8, PALI, 102, PALI, 1338, ROOPAWAS, 40957, 1108282, Roads, 0, 0, 0, 0, 0, 0, 389052, 389052
2015, RAJASTHAN, 8, PALI, 102, PALI, 1338, ROOPAWAS, 40957, 1108282, Total, 0, 0, 0, 0, 0, 0, 533580, 533580
2015, RAJASTHAN, 8, PALI, 102, PALI, 1338, SAKDARA, 40958, 1135249, Roads, 0, 0, 0, 0, 0, 0, 1492485, 1492485
2015, RAJASTHAN, 8, PALI, 102, PALI, 1338, SAKDARA, 40958, 1135249, Sanitation, 0, 0, 0, 0, 0, 0, 84000, 84000
2015, RAJASTHAN, 8, PALI, 102, PALI, 1338, SAKDARA, 40958, 1135249, Total, 0, 0, 0, 0, 0, 0, 2003705, 2003705
2015, RAJASTHAN, 8, PALI, 102, PALI, 1338, SAKDARA, 40958, 1135249, Women and child development, 0, 0, 0, 0, 0, 0, 427220, 427220
2015, RAJASTHAN, 8, PALI, 102, PALI, 1338, SANPA, 40959, 1106943, Roads, 0, 0, 0, 0, 0, 0, 687602, 687602
2015, RAJASTHAN, 8, PALI, 102, PALI, 1338, SANPA, 40959, 1106943, Sanitation, 0, 0, 0, 0, 0, 0, 124958, 124958
2015, RAJASTHAN, 8, PALI, 102, PALI, 1338, SANPA, 40959, 1106943, Total, 0, 0, 0, 0, 0, 0, 812560, 812560
2015, RAJASTHAN, 8, PALI, 102, PALI, 1338, SODAWAS, 40960, 1138370, Drinking water, 0, 0, 0, 0, 0, 0, 436354, 436354
2015, RAJASTHAN, 8, PALI, 102, PALI, 1338, SODAWAS, 40960, 1138370, Rural electrification, 0, 0, 0, 0, 0, 0, 853466, 853466
2015, RAJASTHAN, 8, PALI, 102, PALI, 1338, SODAWAS, 40960, 1138370, Total, 0, 0, 0, 0, 0, 0, 1289820, 1289820
2015, RAJASTHAN, 8, PALI, 102, PALI, 1338, SONAI MANJI, 40961, 1114017, Roads, 0, 0, 0, 0, 0, 0, 868303, 868303
2015, RAJASTHAN, 8, PALI, 102, PALI, 1338, SONAI MANJI, 40961, 1114017, Sanitation, 0, 0, 0, 0, 0, 0, 94966, 94966
2015, RAJASTHAN, 8, PALI, 102, PALI, 1338, SONAI MANJI, 40961, 1114017, Total, 0, 0, 0, 0, 0, 0, 963269, 963269
2015, RAJASTHAN, 8, PALI, 102, PALI, 1338, TEWALI, 40962, 1104838, Land improvement, 0, 0, 0, 0, 0, 0, 450000, 450000
2015, RAJASTHAN, 8, PALI, 102, PALI, 1338, TEWALI, 40962, 1104838, Total, 0, 0, 0, 0, 0, 0, 450000, 450000
2015, RAJASTHAN, 8, PALI, 102, RAIPUR, 1339, AMARPURA, 40963, 1162084, Drinking water, 0, 0, 0, 0, 0, 0, 140000, 140000
2015, RAJASTHAN, 8, PALI, 102, RAIPUR, 1339, AMARPURA, 40963, 1162084, Roads, 0, 0, 0, 0, 0, 0, 497285, 497285
2015, RAJASTHAN, 8, PALI, 102, RAIPUR, 1339, AMARPURA, 40963, 1162084, Total, 0, 0, 0, 0, 0, 0, 637285, 637285
2015, RAJASTHAN, 8, PALI, 102, RAIPUR, 1339, BABRA, 40964, 1176776, Roads, 0, 0, 0, 0, 0, 0, 1165279, 1165279
2015, RAJASTHAN, 8, PALI, 102, RAIPUR, 1339, BABRA, 40964, 1176776, Sanitation, 0, 0, 0, 0, 0, 0, 545166, 545166
2015, RAJASTHAN, 8, PALI, 102, RAIPUR, 1339, BABRA, 40964, 1176776, Total, 0, 0, 0, 0, 0, 0, 1710445, 1710445
2015, RAJASTHAN, 8, PALI, 102, RAIPUR, 1339, BAGRI, 40965, 1135955, Drinking water, 0, 0, 0, 0, 0, 0, 210900, 210900
2015, RAJASTHAN, 8, PALI, 102, RAIPUR, 1339, BAGRI, 40965, 1135955, Total, 0, 0, 0, 0, 0, 0, 210900, 210900
2015, RAJASTHAN, 8, PALI, 102, RAIPUR, 1339, BANSIYA, 40966, 1160465, Drinking water, 0, 0, 0, 0, 0, 0, 51808, 51808
2015, RAJASTHAN, 8, PALI, 102, RAIPUR, 1339, BANSIYA, 40966, 1160465, Sanitation, 0, 0, 0, 0, 0, 0, 187223, 187223
2015, RAJASTHAN, 8, PALI, 102, RAIPUR, 1339, BANSIYA, 40966, 1160465, Total, 0, 0, 0, 0, 0, 0, 239031, 239031
2015, RAJASTHAN, 8, PALI, 102, RAIPUR, 1339, BAR, 40967, 1141693, Roads, 0, 0, 0, 0, 0, 0, 3085512, 3085512
2015, RAJASTHAN, 8, PALI, 102, RAIPUR, 1339, BAR, 40967, 1141693, Sanitation, 0, 0, 0, 0, 0, 0, 521519, 521519
2015, RAJASTHAN, 8, PALI, 102, RAIPUR, 1339, BAR, 40967, 1141693, Total, 0, 0, 0, 0, 0, 0, 3607031, 3607031
2015, RAJASTHAN, 8, PALI, 102, RAIPUR, 1339, BIRATIYA KALLAN, 40968, 1175176, Sanitation, 0, 0, 0, 0, 0, 0, 1000000, 1000000
2015, RAJASTHAN, 8, PALI, 102, RAIPUR, 1339, BIRATIYA KALLAN, 40968, 1175176, Total, 0, 0, 0, 0, 0, 0, 1000000, 1000000
2015, RAJASTHAN, 8, PALI, 102, RAIPUR, 1339, BIRATIYA KHURD, 40969, 1135851, Roads, 0, 0, 0, 0, 0, 0, 860000, 860000
2015, RAJASTHAN, 8, PALI, 102, RAIPUR, 1339, BIRATIYA KHURD, 40969, 1135851, Total, 0, 0, 0, 0, 0, 0, 860000, 860000
2015, RAJASTHAN, 8, PALI, 102, RAIPUR, 1339, BOOTIWAS, 40970, 1141357, Roads, 0, 0, 0, 0, 0, 0, 2020590, 2020590
2015, RAJASTHAN, 8, PALI, 102, RAIPUR, 1339, BOOTIWAS, 40970, 1141357, Sanitation, 0, 0, 0, 0, 0, 0, 466000, 466000
2015, RAJASTHAN, 8, PALI, 102, RAIPUR, 1339, BOOTIWAS, 40970, 1141357, Total, 0, 0, 0, 0, 0, 0, 2486590, 2486590
2015, RAJASTHAN, 8, PALI, 102, RAIPUR, 1339, CHANG, 40971, 1129211, Roads, 0, 0, 0, 0, 0, 0, 500000, 500000
2015, RAJASTHAN, 8, PALI, 102, RAIPUR, 1339, CHANG, 40971, 1129211, Total, 0, 0, 0, 0, 0, 0, 500000, 500000
2015, RAJASTHAN, 8, PALI, 102, RAIPUR, 1339, CHITAR, 40972, 1109361, Drinking water, 0, 0, 0, 0, 0, 0, 2381200, 2381200
2015, RAJASTHAN, 8, PALI, 102, RAIPUR, 1339, CHITAR, 40972, 1109361, Roads, 0, 0, 0, 0, 0, 0, 3570000, 3570000
2015, RAJASTHAN, 8, PALI, 102, RAIPUR, 1339, CHITAR, 40972, 1109361, Sanitation, 0, 0, 0, 0, 0, 0, 40000, 40000
2015, RAJASTHAN, 8, PALI, 102, RAIPUR, 1339, CHITAR, 40972, 1109361, Total, 0, 0, 0, 0, 0, 0, 5991200, 5991200
2015, RAJASTHAN, 8, PALI, 102, RAIPUR, 1339, DEEPAWAS, 40973, 1118484, Drinking water, 0, 0, 0, 0, 0, 0, 60000, 60000
2015, RAJASTHAN, 8, PALI, 102, RAIPUR, 1339, DEEPAWAS, 40973, 1118484, Roads, 0, 0, 0, 0, 0, 0, 800000, 800000
2015, RAJASTHAN, 8, PALI, 102, RAIPUR, 1339, DEEPAWAS, 40973, 1118484, Total, 0, 0, 0, 0, 0, 0, 860000, 860000
2015, RAJASTHAN, 8, PALI, 102, RAIPUR, 1339, DEOLI KALAN, 40974, 1167530, Roads, 0, 0, 0, 0, 0, 0, 2140000, 2140000
2015, RAJASTHAN, 8, PALI, 102, RAIPUR, 1339, DEOLI KALAN, 40974, 1167530, Total, 0, 0, 0, 0, 0, 0, 2140000, 2140000
2015, RAJASTHAN, 8, PALI, 102, RAIPUR, 1339, GIRI, 40975, 1129585, Drinking water, 0, 0, 0, 0, 0, 0, 948900, 948900
2015, RAJASTHAN, 8, PALI, 102, RAIPUR, 1339, GIRI, 40975, 1129585, Roads, 0, 0, 0, 0, 0, 0, 875000, 875000
2015, RAJASTHAN, 8, PALI, 102, RAIPUR, 1339, GIRI, 40975, 1129585, Sanitation, 0, 0, 0, 0, 0, 0, 90000, 90000
2015, RAJASTHAN, 8, PALI, 102, RAIPUR, 1339, GIRI, 40975, 1129585, Total, 0, 0, 0, 0, 0, 0, 1913900, 1913900
2015, RAJASTHAN, 8, PALI, 102, RAIPUR, 1339, HAJIWAS, 40976, 1139998, Drinking water, 0, 0, 0, 0, 0, 0, 26810, 26810
2015, RAJASTHAN, 8, PALI, 102, RAIPUR, 1339, HAJIWAS, 40976, 1139998, Roads, 0, 0, 0, 0, 0, 0, 445722, 445722
2015, RAJASTHAN, 8, PALI, 102, RAIPUR, 1339, HAJIWAS, 40976, 1139998, Sanitation, 0, 0, 0, 0, 0, 0, 525111, 525111
2015, RAJASTHAN, 8, PALI, 102, RAIPUR, 1339, HAJIWAS, 40976, 1139998, Total, 0, 0, 0, 0, 0, 0, 997643, 997643
2015, RAJASTHAN, 8, PALI, 102, RAIPUR, 1339, JHALA KI CHOWKI, 40977, 1128651, Drinking water, 0, 0, 0, 0, 0, 0, 200000, 200000
2015, RAJASTHAN, 8, PALI, 102, RAIPUR, 1339, JHALA KI CHOWKI, 40977, 1128651, Roads, 0, 0, 0, 0, 0, 0, 300000, 300000
2015, RAJASTHAN, 8, PALI, 102, RAIPUR, 1339, JHALA KI CHOWKI, 40977, 1128651, Total, 0, 0, 0, 0, 0, 0, 500000, 500000
2015, RAJASTHAN, 8, PALI, 102, RAIPUR, 1339, JHOONTHA, 40978, 1194275, Health, 0, 0, 0, 0, 0, 0, 148000, 148000
2015, RAJASTHAN, 8, PALI, 102, RAIPUR, 1339, JHOONTHA, 40978, 1194275, Roads, 0, 0, 0, 0, 0, 0, 488000, 488000
2015, RAJASTHAN, 8, PALI, 102, RAIPUR, 1339, JHOONTHA, 40978, 1194275, Sanitation, 0, 0, 0, 0, 0, 0, 2242000, 2242000
2015, RAJASTHAN, 8, PALI, 102, RAIPUR, 1339, JHOONTHA, 40978, 1194275, Total, 0, 0, 0, 0, 0, 0, 2878000, 2878000
2015, RAJASTHAN, 8, PALI, 102, RAIPUR, 1339, KALAB KALAN, 40979, 1167624, Sanitation, 0, 0, 0, 0, 0, 0, 25000, 25000
2015, RAJASTHAN, 8, PALI, 102, RAIPUR, 1339, KALAB KALAN, 40979, 1167624, Total, 0, 0, 0, 0, 0, 0, 25000, 25000
2015, RAJASTHAN, 8, PALI, 102, RAIPUR, 1339, KALALIYA, 40980, 1174568, Roads, 0, 0, 0, 0, 0, 0, 1449000, 1449000
2015, RAJASTHAN, 8, PALI, 102, RAIPUR, 1339, KALALIYA, 40980, 1174568, Total, 0, 0, 0, 0, 0, 0, 1449000, 1449000
2015, RAJASTHAN, 8, PALI, 102, RAIPUR, 1339, KANUJA, 40981, 1171478, Drinking water, 0, 0, 0, 0, 0, 0, 207900, 207900
2015, RAJASTHAN, 8, PALI, 102, RAIPUR, 1339, KANUJA, 40981, 1171478, Total, 0, 0, 0, 0, 0, 0, 207900, 207900
2015, RAJASTHAN, 8, PALI, 102, RAIPUR, 1339, KOT KIRANA, 40982, 1141928, Roads, 0, 0, 0, 0, 0, 0, 240697, 240697
2015, RAJASTHAN, 8, PALI, 102, RAIPUR, 1339, KOT KIRANA, 40982, 1141928, Total, 0, 0, 0, 0, 0, 0, 240697, 240697
2015, RAJASTHAN, 8, PALI, 102, RAIPUR, 1339, KUSHALPURA, 40983, 1141562, Roads, 0, 0, 0, 0, 0, 0, 909310, 909310
2015, RAJASTHAN, 8, PALI, 102, RAIPUR, 1339, KUSHALPURA, 40983, 1141562, Total, 0, 0, 0, 0, 0, 0, 909310, 909310
2015, RAJASTHAN, 8, PALI, 102, RAIPUR, 1339, LEELAMBA, 40984, 1135884, Drinking water, 0, 0, 0, 0, 0, 0, 446100, 446100
2015, RAJASTHAN, 8, PALI, 102, RAIPUR, 1339, LEELAMBA, 40984, 1135884, Roads, 0, 0, 0, 0, 0, 0, 801000, 801000
2015, RAJASTHAN, 8, PALI, 102, RAIPUR, 1339, LEELAMBA, 40984, 1135884, Total, 0, 0, 0, 0, 0, 0, 1247100, 1247100
2015, RAJASTHAN, 8, PALI, 102, RAIPUR, 1339, MOHRA KALAN, 40985, 1168595, Drinking water, 0, 0, 0, 0, 0, 0, 99841, 99841
2015, RAJASTHAN, 8, PALI, 102, RAIPUR, 1339, MOHRA KALAN, 40985, 1168595, Health, 0, 0, 0, 0, 0, 0, 162361, 162361
2015, RAJASTHAN, 8, PALI, 102, RAIPUR, 1339, MOHRA KALAN, 40985, 1168595, Roads, 0, 0, 0, 0, 0, 0, 496965, 496965
2015, RAJASTHAN, 8, PALI, 102, RAIPUR, 1339, MOHRA KALAN, 40985, 1168595, Total, 0, 0, 0, 0, 0, 0, 759167, 759167
2015, RAJASTHAN, 8, PALI, 102, RAIPUR, 1339, NANANA, 40986, 1123655, Drinking water, 0, 0, 0, 0, 0, 0, 476000, 476000
2015, RAJASTHAN, 8, PALI, 102, RAIPUR, 1339, NANANA, 40986, 1123655, Total, 0, 0, 0, 0, 0, 0, 476000, 476000
2015, RAJASTHAN, 8, PALI, 102, RAIPUR, 1339, NIMBERA KALAN, 40987, 1141363, Roads, 0, 0, 0, 0, 0, 0, 646776, 646776
2015, RAJASTHAN, 8, PALI, 102, RAIPUR, 1339, NIMBERA KALAN, 40987, 1141363, Total, 0, 0, 0, 0, 0, 0, 646776, 646776
2015, RAJASTHAN, 8, PALI, 102, RAIPUR, 1339, PACHANPURA, 40988, 1166316, Education, 0, 0, 0, 0, 0, 0, 390600, 390600
2015, RAJASTHAN, 8, PALI, 102, RAIPUR, 1339, PACHANPURA, 40988, 1166316, Roads, 0, 0, 0, 0, 0, 0, 1483500, 1483500
2015, RAJASTHAN, 8, PALI, 102, RAIPUR, 1339, PACHANPURA, 40988, 1166316, Total, 0, 0, 0, 0, 0, 0, 1874100, 1874100
2015, RAJASTHAN, 8, PALI, 102, RAIPUR, 1339, PEEPALIYA  KALAN, 40989, 1166341, Sanitation, 0, 0, 0, 0, 0, 0, 55000, 55000
2015, RAJASTHAN, 8, PALI, 102, RAIPUR, 1339, PEEPALIYA  KALAN, 40989, 1166341, Total, 0, 0, 0, 0, 0, 0, 55000, 55000
2015, RAJASTHAN, 8, PALI, 102, RAIPUR, 1339, PRATAPGARH, 40990, 1174409, Roads, 0, 0, 0, 0, 0, 0, 788103, 788103
2015, RAJASTHAN, 8, PALI, 102, RAIPUR, 1339, PRATAPGARH, 40990, 1174409, Total, 0, 0, 0, 0, 0, 0, 788103, 788103
2015, RAJASTHAN, 8, PALI, 102, RAIPUR, 1339, RAIPUR, 40991, 1099047, Roads, 0, 0, 0, 0, 0, 0, 3106322, 3106322
2015, RAJASTHAN, 8, PALI, 102, RAIPUR, 1339, RAIPUR, 40991, 1099047, Total, 0, 0, 0, 0, 0, 0, 3106322, 3106322
2015, RAJASTHAN, 8, PALI, 102, RAIPUR, 1339, RAMPURA KALAN, 40992, 1173439, Drinking water, 0, 0, 0, 0, 0, 0, 24950, 24950
2015, RAJASTHAN, 8, PALI, 102, RAIPUR, 1339, RAMPURA KALAN, 40992, 1173439, Roads, 0, 0, 0, 0, 0, 0, 789676, 789676
2015, RAJASTHAN, 8, PALI, 102, RAIPUR, 1339, RAMPURA KALAN, 40992, 1173439, Total, 0, 0, 0, 0, 0, 0, 814626, 814626
2015, RAJASTHAN, 8, PALI, 102, RAIPUR, 1339, RATDIYA, 40993, 1168141, Drinking water, 0, 0, 0, 0, 0, 0, 409000, 409000
2015, RAJASTHAN, 8, PALI, 102, RAIPUR, 1339, RATDIYA, 40993, 1168141, Total, 0, 0, 0, 0, 0, 0, 409000, 409000
2015, RAJASTHAN, 8, PALI, 102, RAIPUR, 1339, RELRA, 40994, 1130982, Health, 0, 0, 0, 0, 0, 0, 244400, 244400
2015, RAJASTHAN, 8, PALI, 102, RAIPUR, 1339, RELRA, 40994, 1130982, Roads, 0, 0, 0, 0, 0, 0, 400900, 400900
2015, RAJASTHAN, 8, PALI, 102, RAIPUR, 1339, RELRA, 40994, 1130982, Total, 0, 0, 0, 0, 0, 0, 645300, 645300
2015, RAJASTHAN, 8, PALI, 102, RAIPUR, 1339, SABALPURA, 40995, 1171493, Drinking water, 0, 0, 0, 0, 0, 0, 70300, 70300
2015, RAJASTHAN, 8, PALI, 102, RAIPUR, 1339, SABALPURA, 40995, 1171493, Roads, 0, 0, 0, 0, 0, 0, 182000, 182000
2015, RAJASTHAN, 8, PALI, 102, RAIPUR, 1339, SABALPURA, 40995, 1171493, Total, 0, 0, 0, 0, 0, 0, 252300, 252300
2015, RAJASTHAN, 8, PALI, 102, RAIPUR, 1339, SENDARA, 40996, 1126255, Roads, 0, 0, 0, 0, 0, 0, 650000, 650000
2015, RAJASTHAN, 8, PALI, 102, RAIPUR, 1339, SENDARA, 40996, 1126255, Total, 0, 0, 0, 0, 0, 0, 650000, 650000
2015, RAJASTHAN, 8, PALI, 102, RAIPUR, 1339, SUMEL, 40997, 1174413, Drinking water, 0, 0, 0, 0, 0, 0, 25000, 25000
2015, RAJASTHAN, 8, PALI, 102, RAIPUR, 1339, SUMEL, 40997, 1174413, Roads, 0, 0, 0, 0, 0, 0, 997800, 997800
2015, RAJASTHAN, 8, PALI, 102, RAIPUR, 1339, SUMEL, 40997, 1174413, Total, 0, 0, 0, 0, 0, 0, 1022800, 1022800
2015, RAJASTHAN, 8, PALI, 102, RANI STATION, 1340, BALRAI, 40998, 1153733, Roads, 0, 0, 0, 0, 0, 0, 311469, 311469
2015, RAJASTHAN, 8, PALI, 102, RANI STATION, 1340, BALRAI, 40998, 1153733, Total, 0, 0, 0, 0, 0, 0, 311469, 311469
2015, RAJASTHAN, 8, PALI, 102, RANI STATION, 1340, BHADARLAU, 40999, 1141884, Drinking water, 0, 0, 0, 0, 0, 0, 320830, 320830
2015, RAJASTHAN, 8, PALI, 102, RANI STATION, 1340, BHADARLAU, 40999, 1141884, Sanitation, 0, 0, 0, 0, 0, 0, 10000, 10000
2015, RAJASTHAN, 8, PALI, 102, RANI STATION, 1340, BHADARLAU, 40999, 1141884, Total, 0, 0, 0, 0, 0, 0, 330830, 330830
2015, RAJASTHAN, 8, PALI, 102, RANI STATION, 1340, BIJOWA, 41000, 1172215, Roads, 0, 0, 0, 0, 0, 0, 348000, 348000
2015, RAJASTHAN, 8, PALI, 102, RANI STATION, 1340, BIJOWA, 41000, 1172215, Total, 0, 0, 0, 0, 0, 0, 348000, 348000
2015, RAJASTHAN, 8, PALI, 102, RANI STATION, 1340, BUSI, 41001, 1162435, Roads, 0, 0, 0, 0, 0, 0, 70000, 70000
2015, RAJASTHAN, 8, PALI, 102, RANI STATION, 1340, BUSI, 41001, 1162435, Sanitation, 0, 0, 0, 0, 0, 0, 40000, 40000
2015, RAJASTHAN, 8, PALI, 102, RANI STATION, 1340, BUSI, 41001, 1162435, Total, 0, 0, 0, 0, 0, 0, 110000, 110000
2015, RAJASTHAN, 8, PALI, 102, RANI STATION, 1340, CHANCHORI, 41002, 1172005, Sanitation, 0, 0, 0, 0, 0, 0, 208000, 208000
2015, RAJASTHAN, 8, PALI, 102, RANI STATION, 1340, CHANCHORI, 41002, 1172005, Total, 0, 0, 0, 0, 0, 0, 208000, 208000
2015, RAJASTHAN, 8, PALI, 102, RANI STATION, 1340, DEOLI PABUJI, 41003, 1119051, Maintenance of community system, 0, 0, 0, 0, 0, 0, 78250, 78250
2015, RAJASTHAN, 8, PALI, 102, RANI STATION, 1340, DEOLI PABUJI, 41003, 1119051, Sanitation, 0, 0, 0, 0, 0, 0, 84000, 84000
2015, RAJASTHAN, 8, PALI, 102, RANI STATION, 1340, DEOLI PABUJI, 41003, 1119051, Total, 0, 0, 0, 0, 0, 0, 162250, 162250
2015, RAJASTHAN, 8, PALI, 102, RANI STATION, 1340, DHARIYA, 41004, 1130272, Drinking water, 0, 0, 0, 0, 0, 0, 118000, 118000
2015, RAJASTHAN, 8, PALI, 102, RANI STATION, 1340, DHARIYA, 41004, 1130272, Health, 0, 0, 0, 0, 0, 0, 359948, 359948
2015, RAJASTHAN, 8, PALI, 102, RANI STATION, 1340, DHARIYA, 41004, 1130272, Total, 0, 0, 0, 0, 0, 0, 477948, 477948
2015, RAJASTHAN, 8, PALI, 102, RANI STATION, 1340, GAJNIPURA, 41005, 1135926, Sanitation, 0, 0, 0, 0, 0, 0, 45000, 45000
2015, RAJASTHAN, 8, PALI, 102, RANI STATION, 1340, GAJNIPURA, 41005, 1135926, Total, 0, 0, 0, 0, 0, 0, 45000, 45000
2015, RAJASTHAN, 8, PALI, 102, RANI STATION, 1340, GHENARI, 41006, 1135963, Sanitation, 0, 0, 0, 0, 0, 0, 54000, 54000
2015, RAJASTHAN, 8, PALI, 102, RANI STATION, 1340, GHENARI, 41006, 1135963, Total, 0, 0, 0, 0, 0, 0, 54000, 54000
2015, RAJASTHAN, 8, PALI, 102, RANI STATION, 1340, INDERWARA, 41007, 1171779, Sanitation, 0, 0, 0, 0, 0, 0, 92000, 92000
2015, RAJASTHAN, 8, PALI, 102, RANI STATION, 1340, INDERWARA, 41007, 1171779, Total, 0, 0, 0, 0, 0, 0, 92000, 92000
2015, RAJASTHAN, 8, PALI, 102, RANI STATION, 1340, ITENDRA CHARANAN, 41008, 1130312, Sanitation, 0, 0, 0, 0, 0, 0, 34000, 34000
2015, RAJASTHAN, 8, PALI, 102, RANI STATION, 1340, ITENDRA CHARANAN, 41008, 1130312, Total, 0, 0, 0, 0, 0, 0, 34000, 34000
2015, RAJASTHAN, 8, PALI, 102, RANI STATION, 1340, ITENDRA MERTIYAN, 41009, 1117202, Sanitation, 0, 0, 0, 0, 0, 0, 355544, 355544
2015, RAJASTHAN, 8, PALI, 102, RANI STATION, 1340, ITENDRA MERTIYAN, 41009, 1117202, Total, 0, 0, 0, 0, 0, 0, 355544, 355544
2015, RAJASTHAN, 8, PALI, 102, RANI STATION, 1340, JAWALI, 41010, 1172006, Roads, 0, 0, 0, 0, 0, 0, 663000, 663000
2015, RAJASTHAN, 8, PALI, 102, RANI STATION, 1340, JAWALI, 41010, 1172006, Total, 0, 0, 0, 0, 0, 0, 663000, 663000
2015, RAJASTHAN, 8, PALI, 102, RANI STATION, 1340, JEEWAND KALAN, 41011, 1128581, Health, 0, 0, 0, 0, 0, 0, 105000, 105000
2015, RAJASTHAN, 8, PALI, 102, RANI STATION, 1340, JEEWAND KALAN, 41011, 1128581, Total, 0, 0, 0, 0, 0, 0, 105000, 105000
2015, RAJASTHAN, 8, PALI, 102, RANI STATION, 1340, KERLI, 41012, 1172175, Sanitation, 0, 0, 0, 0, 0, 0, 570000, 570000
2015, RAJASTHAN, 8, PALI, 102, RANI STATION, 1340, KERLI, 41012, 1172175, Total, 0, 0, 0, 0, 0, 0, 570000, 570000
2015, RAJASTHAN, 8, PALI, 102, RANI STATION, 1340, KHINWARA, 41013, 1123345, Sanitation, 0, 0, 0, 0, 0, 0, 498270, 498270
2015, RAJASTHAN, 8, PALI, 102, RANI STATION, 1340, KHINWARA, 41013, 1123345, Total, 0, 0, 0, 0, 0, 0, 498270, 498270
2015, RAJASTHAN, 8, PALI, 102, RANI STATION, 1340, KHOR, 41014, 1171875, Roads, 0, 0, 0, 0, 0, 0, 333000, 333000
2015, RAJASTHAN, 8, PALI, 102, RANI STATION, 1340, KHOR, 41014, 1171875, Sanitation, 0, 0, 0, 0, 0, 0, 98000, 98000
2015, RAJASTHAN, 8, PALI, 102, RANI STATION, 1340, KHOR, 41014, 1171875, Total, 0, 0, 0, 0, 0, 0, 431000, 431000
2015, RAJASTHAN, 8, PALI, 102, RANI STATION, 1340, KIRWA, 41015, 1172001, Sanitation, 0, 0, 0, 0, 0, 0, 391000, 391000
2015, RAJASTHAN, 8, PALI, 102, RANI STATION, 1340, KIRWA, 41015, 1172001, Total, 0, 0, 0, 0, 0, 0, 391000, 391000
2015, RAJASTHAN, 8, PALI, 102, RANI STATION, 1340, KISHANPURA, 41016, 1121559, Sanitation, 0, 0, 0, 0, 0, 0, 209636, 209636
2015, RAJASTHAN, 8, PALI, 102, RANI STATION, 1340, KISHANPURA, 41016, 1121559, Total, 0, 0, 0, 0, 0, 0, 209636, 209636
2015, RAJASTHAN, 8, PALI, 102, RANI STATION, 1340, MANDAL, 41017, 1148834, Roads, 0, 0, 0, 0, 0, 0, 253671, 253671
2015, RAJASTHAN, 8, PALI, 102, RANI STATION, 1340, MANDAL, 41017, 1148834, Total, 0, 0, 0, 0, 0, 0, 253671, 253671
2015, RAJASTHAN, 8, PALI, 102, RANI STATION, 1340, NADANA  BHATAN, 41018, 1163282, Roads, 0, 0, 0, 0, 0, 0, 825894, 825894
2015, RAJASTHAN, 8, PALI, 102, RANI STATION, 1340, NADANA  BHATAN, 41018, 1163282, Sanitation, 0, 0, 0, 0, 0, 0, 492000, 492000
2015, RAJASTHAN, 8, PALI, 102, RANI STATION, 1340, NADANA  BHATAN, 41018, 1163282, Total, 0, 0, 0, 0, 0, 0, 1317894, 1317894
2015, RAJASTHAN, 8, PALI, 102, RANI STATION, 1340, NEEPAL, 41020, 1098673, Sanitation, 0, 0, 0, 0, 0, 0, 1521620, 1521620
2015, RAJASTHAN, 8, PALI, 102, RANI STATION, 1340, NEEPAL, 41020, 1098673, Total, 0, 0, 0, 0, 0, 0, 1521620, 1521620
2015, RAJASTHAN, 8, PALI, 102, RANI STATION, 1340, NIMBARA, 41019, 1142980, Roads, 0, 0, 0, 0, 0, 0, 32990, 32990
2015, RAJASTHAN, 8, PALI, 102, RANI STATION, 1340, NIMBARA, 41019, 1142980, Sanitation, 0, 0, 0, 0, 0, 0, 7970, 7970
2015, RAJASTHAN, 8, PALI, 102, RANI STATION, 1340, NIMBARA, 41019, 1142980, Total, 0, 0, 0, 0, 0, 0, 40960, 40960
2015, RAJASTHAN, 8, PALI, 102, RANI STATION, 1340, RANI KALAN, 41021, 1095160, Roads, 0, 0, 0, 0, 0, 0, 2672293, 2672293
2015, RAJASTHAN, 8, PALI, 102, RANI STATION, 1340, RANI KALAN, 41021, 1095160, Total, 0, 0, 0, 0, 0, 0, 2672293, 2672293
2015, RAJASTHAN, 8, PALI, 102, RANI STATION, 1340, SALARIYA, 41022, 1144071, Maintenance of community system, 0, 0, 0, 0, 0, 0, 175974, 175974
2015, RAJASTHAN, 8, PALI, 102, RANI STATION, 1340, SALARIYA, 41022, 1144071, Sanitation, 0, 0, 0, 0, 0, 0, 151067, 151067
2015, RAJASTHAN, 8, PALI, 102, RANI STATION, 1340, SALARIYA, 41022, 1144071, Total, 0, 0, 0, 0, 0, 0, 327041, 327041
2015, RAJASTHAN, 8, PALI, 102, RANI STATION, 1340, SANWALTA, 41023, 1141741, Sanitation, 0, 0, 0, 0, 0, 0, 120000, 120000
2015, RAJASTHAN, 8, PALI, 102, RANI STATION, 1340, SANWALTA, 41023, 1141741, Total, 0, 0, 0, 0, 0, 0, 120000, 120000
2015, RAJASTHAN, 8, PALI, 102, RANI STATION, 1340, SIWAS, 41024, 1135997, Sanitation, 0, 0, 0, 0, 0, 0, 125090, 125090
2015, RAJASTHAN, 8, PALI, 102, RANI STATION, 1340, SIWAS, 41024, 1135997, Total, 0, 0, 0, 0, 0, 0, 125090, 125090
2015, RAJASTHAN, 8, PALI, 102, RANI STATION, 1340, VARKANA, 41025, 1171786, Roads, 0, 0, 0, 0, 0, 0, 825000, 825000
2015, RAJASTHAN, 8, PALI, 102, RANI STATION, 1340, VARKANA, 41025, 1171786, Total, 0, 0, 0, 0, 0, 0, 825000, 825000
2015, RAJASTHAN, 8, PALI, 102, RANI STATION, 1340, WANDAR, 41026, 1121741, Sanitation, 0, 0, 0, 0, 0, 0, 895497, 895497
2015, RAJASTHAN, 8, PALI, 102, RANI STATION, 1340, WANDAR, 41026, 1121741, Total, 0, 0, 0, 0, 0, 0, 895497, 895497
2015, RAJASTHAN, 8, PALI, 102, ROHAT, 1341, BHAKRIWALA, 41027, 1098273, Drinking water, 0, 0, 0, 0, 0, 0, 45503, 45503
2015, RAJASTHAN, 8, PALI, 102, ROHAT, 1341, BHAKRIWALA, 41027, 1098273, Roads, 0, 0, 0, 0, 0, 0, 500000, 500000
2015, RAJASTHAN, 8, PALI, 102, ROHAT, 1341, BHAKRIWALA, 41027, 1098273, Total, 0, 0, 0, 0, 0, 0, 545503, 545503
2015, RAJASTHAN, 8, PALI, 102, ROHAT, 1341, BITHOO, 41028, 1112240, Roads, 0, 0, 0, 0, 0, 0, 1239413, 1239413
2015, RAJASTHAN, 8, PALI, 102, ROHAT, 1341, BITHOO, 41028, 1112240, Sanitation, 0, 0, 0, 0, 0, 0, 275074, 275074
2015, RAJASTHAN, 8, PALI, 102, ROHAT, 1341, BITHOO, 41028, 1112240, Total, 0, 0, 0, 0, 0, 0, 1514487, 1514487
2015, RAJASTHAN, 8, PALI, 102, ROHAT, 1341, CHENDA, 41029, 1108793, Roads, 0, 0, 0, 0, 0, 0, 447000, 447000
2015, RAJASTHAN, 8, PALI, 102, ROHAT, 1341, CHENDA, 41029, 1108793, Total, 0, 0, 0, 0, 0, 0, 447000, 447000
2015, RAJASTHAN, 8, PALI, 102, ROHAT, 1341, CHOTILA, 41030, 1117322, Education, 0, 0, 0, 0, 0, 0, 349947, 349947
2015, RAJASTHAN, 8, PALI, 102, ROHAT, 1341, CHOTILA, 41030, 1117322, Roads, 0, 0, 0, 0, 0, 0, 919566, 919566
2015, RAJASTHAN, 8, PALI, 102, ROHAT, 1341, CHOTILA, 41030, 1117322, Total, 0, 0, 0, 0, 0, 0, 1269513, 1269513
2015, RAJASTHAN, 8, PALI, 102, ROHAT, 1341, DHABAR, 41031, 1109166, Roads, 0, 0, 0, 0, 0, 0, 400000, 400000
2015, RAJASTHAN, 8, PALI, 102, ROHAT, 1341, DHABAR, 41031, 1109166, Sanitation, 0, 0, 0, 0, 0, 0, 421111, 421111
2015, RAJASTHAN, 8, PALI, 102, ROHAT, 1341, DHABAR, 41031, 1109166, Total, 0, 0, 0, 0, 0, 0, 821111, 821111
2015, RAJASTHAN, 8, PALI, 102, ROHAT, 1341, DHOLERIYA SASAN, 41032, 1108650, Roads, 0, 0, 0, 0, 0, 0, 818230, 818230
2015, RAJASTHAN, 8, PALI, 102, ROHAT, 1341, DHOLERIYA SASAN, 41032, 1108650, Total, 0, 0, 0, 0, 0, 0, 818230, 818230
2015, RAJASTHAN, 8, PALI, 102, ROHAT, 1341, DIWANDI, 41033, 1112338, Roads, 0, 0, 0, 0, 0, 0, 1954704, 1954704
2015, RAJASTHAN, 8, PALI, 102, ROHAT, 1341, DIWANDI, 41033, 1112338, Total, 0, 0, 0, 0, 0, 0, 1954704, 1954704
2015, RAJASTHAN, 8, PALI, 102, ROHAT, 1341, GADHWARA, 41034, 1114008, Roads, 0, 0, 0, 0, 0, 0, 1494097, 1494097
2015, RAJASTHAN, 8, PALI, 102, ROHAT, 1341, GADHWARA, 41034, 1114008, Total, 0, 0, 0, 0, 0, 0, 1494097, 1494097
2015, RAJASTHAN, 8, PALI, 102, ROHAT, 1341, GELAWAS, 41035, 1116257, Roads, 0, 0, 0, 0, 0, 0, 2000000, 2000000
2015, RAJASTHAN, 8, PALI, 102, ROHAT, 1341, GELAWAS, 41035, 1116257, Total, 0, 0, 0, 0, 0, 0, 2000000, 2000000
2015, RAJASTHAN, 8, PALI, 102, ROHAT, 1341, JHEETRA, 41036, 1112446, Roads, 0, 0, 0, 0, 0, 0, 749547, 749547
2015, RAJASTHAN, 8, PALI, 102, ROHAT, 1341, JHEETRA, 41036, 1112446, Total, 0, 0, 0, 0, 0, 0, 749547, 749547
2015, RAJASTHAN, 8, PALI, 102, ROHAT, 1341, KALALI, 41037, 1095375, Drinking water, 0, 0, 0, 0, 0, 0, 151724, 151724
2015, RAJASTHAN, 8, PALI, 102, ROHAT, 1341, KALALI, 41037, 1095375, Roads, 0, 0, 0, 0, 0, 0, 1139158, 1139158
2015, RAJASTHAN, 8, PALI, 102, ROHAT, 1341, KALALI, 41037, 1095375, Total, 0, 0, 0, 0, 0, 0, 1290882, 1290882
2015, RAJASTHAN, 8, PALI, 102, ROHAT, 1341, KHANDI, 41038, 1115378, Drinking water, 0, 0, 0, 0, 0, 0, 950000, 950000
2015, RAJASTHAN, 8, PALI, 102, ROHAT, 1341, KHANDI, 41038, 1115378, Health, 0, 0, 0, 0, 0, 0, 100000, 100000
2015, RAJASTHAN, 8, PALI, 102, ROHAT, 1341, KHANDI, 41038, 1115378, Roads, 0, 0, 0, 0, 0, 0, 200000, 200000
2015, RAJASTHAN, 8, PALI, 102, ROHAT, 1341, KHANDI, 41038, 1115378, Sanitation, 0, 0, 0, 0, 0, 0, 500000, 500000
2015, RAJASTHAN, 8, PALI, 102, ROHAT, 1341, KHANDI, 41038, 1115378, Total, 0, 0, 0, 0, 0, 0, 1750000, 1750000
2015, RAJASTHAN, 8, PALI, 102, ROHAT, 1341, KHARDA, 41039, 1115427, Roads, 0, 0, 0, 0, 0, 0, 900068, 900068
2015, RAJASTHAN, 8, PALI, 102, ROHAT, 1341, KHARDA, 41039, 1115427, Total, 0, 0, 0, 0, 0, 0, 900068, 900068
2015, RAJASTHAN, 8, PALI, 102, ROHAT, 1341, KHUNDAWAS, 41040, 1117427, Roads, 0, 0, 0, 0, 0, 0, 1689871, 1689871
2015, RAJASTHAN, 8, PALI, 102, ROHAT, 1341, KHUNDAWAS, 41040, 1117427, Total, 0, 0, 0, 0, 0, 0, 1689871, 1689871
2015, RAJASTHAN, 8, PALI, 102, ROHAT, 1341, KULTHANA, 41041, 1117165, Drinking water, 0, 0, 0, 0, 0, 0, 50000, 50000
2015, RAJASTHAN, 8, PALI, 102, ROHAT, 1341, KULTHANA, 41041, 1117165, Roads, 0, 0, 0, 0, 0, 0, 750000, 750000
2015, RAJASTHAN, 8, PALI, 102, ROHAT, 1341, KULTHANA, 41041, 1117165, Total, 0, 0, 0, 0, 0, 0, 800000, 800000
2015, RAJASTHAN, 8, PALI, 102, ROHAT, 1341, MANDAWAS, 41042, 1109139, Roads, 0, 0, 0, 0, 0, 0, 1903996, 1903996
2015, RAJASTHAN, 8, PALI, 102, ROHAT, 1341, MANDAWAS, 41042, 1109139, Total, 0, 0, 0, 0, 0, 0, 1903996, 1903996
2015, RAJASTHAN, 8, PALI, 102, ROHAT, 1341, NIMBLI URA, 41043, 1115308, Roads, 0, 0, 0, 0, 0, 0, 949641, 949641
2015, RAJASTHAN, 8, PALI, 102, ROHAT, 1341, NIMBLI URA, 41043, 1115308, Total, 0, 0, 0, 0, 0, 0, 949641, 949641
2015, RAJASTHAN, 8, PALI, 102, ROHAT, 1341, RANA, 41044, 1108890, Roads, 0, 0, 0, 0, 0, 0, 1470000, 1470000
2015, RAJASTHAN, 8, PALI, 102, ROHAT, 1341, RANA, 41044, 1108890, Sanitation, 0, 0, 0, 0, 0, 0, 60000, 60000
2015, RAJASTHAN, 8, PALI, 102, ROHAT, 1341, RANA, 41044, 1108890, Total, 0, 0, 0, 0, 0, 0, 1530000, 1530000
2015, RAJASTHAN, 8, PALI, 102, ROHAT, 1341, ROHAT, 41045, 1095212, Roads, 0, 0, 0, 0, 0, 0, 249830, 249830
2015, RAJASTHAN, 8, PALI, 102, ROHAT, 1341, ROHAT, 41045, 1095212, Sanitation, 0, 0, 0, 0, 0, 0, 1414895, 1414895
2015, RAJASTHAN, 8, PALI, 102, ROHAT, 1341, ROHAT, 41045, 1095212, Total, 0, 0, 0, 0, 0, 0, 1664725, 1664725
2015, RAJASTHAN, 8, PALI, 102, ROHAT, 1341, SANWALTA KALAN, 41046, 1110619, Education, 0, 0, 0, 0, 0, 0, 170000, 170000
2015, RAJASTHAN, 8, PALI, 102, ROHAT, 1341, SANWALTA KALAN, 41046, 1110619, Roads, 0, 0, 0, 0, 0, 0, 530000, 530000
2015, RAJASTHAN, 8, PALI, 102, ROHAT, 1341, SANWALTA KALAN, 41046, 1110619, Total, 0, 0, 0, 0, 0, 0, 700000, 700000
2015, RAJASTHAN, 8, PALI, 102, ROHAT, 1341, SINGARI, 41047, 1116243, Roads, 0, 0, 0, 0, 0, 0, 1100000, 1100000
2015, RAJASTHAN, 8, PALI, 102, ROHAT, 1341, SINGARI, 41047, 1116243, Total, 0, 0, 0, 0, 0, 0, 1100000, 1100000
2015, RAJASTHAN, 8, PALI, 102, ROHAT, 1341, SONAILAKHA, 41048, 1098780, Roads, 0, 0, 0, 0, 0, 0, 1228628, 1228628
2015, RAJASTHAN, 8, PALI, 102, ROHAT, 1341, SONAILAKHA, 41048, 1098780, Total, 0, 0, 0, 0, 0, 0, 1228628, 1228628
2015, RAJASTHAN, 8, PALI, 102, ROHAT, 1341, VAYAD, 41049, 1166137, Roads, 0, 0, 0, 0, 0, 0, 3000000, 3000000
2015, RAJASTHAN, 8, PALI, 102, ROHAT, 1341, VAYAD, 41049, 1166137, Total, 0, 0, 0, 0, 0, 0, 3000000, 3000000
2015, RAJASTHAN, 8, PALI, 102, SOJAT, 1342, ATBRA, 41050, 1134038, Drinking water, 0, 0, 0, 0, 0, 0, 150000, 150000
2015, RAJASTHAN, 8, PALI, 102, SOJAT, 1342, ATBRA, 41050, 1134038, Health, 0, 0, 0, 0, 0, 0, 1170000, 1170000
2015, RAJASTHAN, 8, PALI, 102, SOJAT, 1342, ATBRA, 41050, 1134038, Total, 0, 0, 0, 0, 0, 0, 1320000, 1320000
2015, RAJASTHAN, 8, PALI, 102, SOJAT, 1342, BAGARI NAGAR, 41051, 1163093, Drinking water, 0, 0, 0, 0, 0, 0, 420000, 420000
2015, RAJASTHAN, 8, PALI, 102, SOJAT, 1342, BAGARI NAGAR, 41051, 1163093, Sanitation, 0, 0, 0, 0, 0, 0, 420000, 420000
2015, RAJASTHAN, 8, PALI, 102, SOJAT, 1342, BAGARI NAGAR, 41051, 1163093, Total, 0, 0, 0, 0, 0, 0, 840000, 840000
2015, RAJASTHAN, 8, PALI, 102, SOJAT, 1342, BASNA, 41052, 1170596, Roads, 0, 0, 0, 0, 0, 0, 1150993, 1150993
2015, RAJASTHAN, 8, PALI, 102, SOJAT, 1342, BASNA, 41052, 1170596, Total, 0, 0, 0, 0, 0, 0, 1150993, 1150993
2015, RAJASTHAN, 8, PALI, 102, SOJAT, 1342, BHAISANA, 41053, 1167782, Drinking water, 0, 0, 0, 0, 0, 0, 60000, 60000
2015, RAJASTHAN, 8, PALI, 102, SOJAT, 1342, BHAISANA, 41053, 1167782, Health, 0, 0, 0, 0, 0, 0, 50000, 50000
2015, RAJASTHAN, 8, PALI, 102, SOJAT, 1342, BHAISANA, 41053, 1167782, Roads, 0, 0, 0, 0, 0, 0, 2060000, 2060000
2015, RAJASTHAN, 8, PALI, 102, SOJAT, 1342, BHAISANA, 41053, 1167782, Sanitation, 0, 0, 0, 0, 0, 0, 50000, 50000
2015, RAJASTHAN, 8, PALI, 102, SOJAT, 1342, BHAISANA, 41053, 1167782, Total, 0, 0, 0, 0, 0, 0, 2220000, 2220000
2015, RAJASTHAN, 8, PALI, 102, SOJAT, 1342, BIRAWAS, 41054, 1098373, Sanitation, 0, 0, 0, 0, 0, 0, 1000000, 1000000
2015, RAJASTHAN, 8, PALI, 102, SOJAT, 1342, BIRAWAS, 41054, 1098373, Total, 0, 0, 0, 0, 0, 0, 1000000, 1000000
2015, RAJASTHAN, 8, PALI, 102, SOJAT, 1342, BOYAL, 41055, 1114101, Drinking water, 0, 0, 0, 0, 0, 0, 160000, 160000
2015, RAJASTHAN, 8, PALI, 102, SOJAT, 1342, BOYAL, 41055, 1114101, Roads, 0, 0, 0, 0, 0, 0, 725000, 725000
2015, RAJASTHAN, 8, PALI, 102, SOJAT, 1342, BOYAL, 41055, 1114101, Sanitation, 0, 0, 0, 0, 0, 0, 1475000, 1475000
2015, RAJASTHAN, 8, PALI, 102, SOJAT, 1342, BOYAL, 41055, 1114101, Total, 0, 0, 0, 0, 0, 0, 2560000, 2560000
2015, RAJASTHAN, 8, PALI, 102, SOJAT, 1342, BOYAL, 41055, 1114101, Women and child development, 0, 0, 0, 0, 0, 0, 200000, 200000
2015, RAJASTHAN, 8, PALI, 102, SOJAT, 1342, CHANDAWAL STATION, 41058, 1183798, Roads, 0, 0, 0, 0, 0, 0, 87100, 87100
2015, RAJASTHAN, 8, PALI, 102, SOJAT, 1342, CHANDAWAL STATION, 41058, 1183798, Sanitation, 0, 0, 0, 0, 0, 0, 382600, 382600
2015, RAJASTHAN, 8, PALI, 102, SOJAT, 1342, CHANDAWAL STATION, 41058, 1183798, Total, 0, 0, 0, 0, 0, 0, 469700, 469700
2015, RAJASTHAN, 8, PALI, 102, SOJAT, 1342, CHANDAWAL, 41057, 1121737, Health, 0, 0, 0, 0, 0, 0, 550000, 550000
2015, RAJASTHAN, 8, PALI, 102, SOJAT, 1342, CHANDAWAL, 41057, 1121737, Land improvement, 0, 0, 0, 0, 0, 0, 100000, 100000
2015, RAJASTHAN, 8, PALI, 102, SOJAT, 1342, CHANDAWAL, 41057, 1121737, Sanitation, 0, 0, 0, 0, 0, 0, 950000, 950000
2015, RAJASTHAN, 8, PALI, 102, SOJAT, 1342, CHANDAWAL, 41057, 1121737, Total, 0, 0, 0, 0, 0, 0, 1600000, 1600000
2015, RAJASTHAN, 8, PALI, 102, SOJAT, 1342, CHARWAS, 41056, 1159747, Administrative & Technical Support, 0, 0, 0, 0, 0, 0, 200000, 200000
2015, RAJASTHAN, 8, PALI, 102, SOJAT, 1342, CHARWAS, 41056, 1159747, Roads, 0, 0, 0, 0, 0, 0, 650000, 650000
2015, RAJASTHAN, 8, PALI, 102, SOJAT, 1342, CHARWAS, 41056, 1159747, Sanitation, 0, 0, 0, 0, 0, 0, 500000, 500000
2015, RAJASTHAN, 8, PALI, 102, SOJAT, 1342, CHARWAS, 41056, 1159747, Total, 0, 0, 0, 0, 0, 0, 1350000, 1350000
2015, RAJASTHAN, 8, PALI, 102, SOJAT, 1342, CHOPRA, 41059, 1130556, Drinking water, 0, 0, 0, 0, 0, 0, 89155, 89155
2015, RAJASTHAN, 8, PALI, 102, SOJAT, 1342, CHOPRA, 41059, 1130556, Sanitation, 0, 0, 0, 0, 0, 0, 1091968, 1091968
2015, RAJASTHAN, 8, PALI, 102, SOJAT, 1342, CHOPRA, 41059, 1130556, Total, 0, 0, 0, 0, 0, 0, 1181123, 1181123
2015, RAJASTHAN, 8, PALI, 102, SOJAT, 1342, DHAKRI, 41060, 1130997, Drinking water, 0, 0, 0, 0, 0, 0, 60000, 60000
2015, RAJASTHAN, 8, PALI, 102, SOJAT, 1342, DHAKRI, 41060, 1130997, Health, 0, 0, 0, 0, 0, 0, 250000, 250000
2015, RAJASTHAN, 8, PALI, 102, SOJAT, 1342, DHAKRI, 41060, 1130997, Land improvement, 0, 0, 0, 0, 0, 0, 400000, 400000
2015, RAJASTHAN, 8, PALI, 102, SOJAT, 1342, DHAKRI, 41060, 1130997, Roads, 0, 0, 0, 0, 0, 0, 1711000, 1711000
2015, RAJASTHAN, 8, PALI, 102, SOJAT, 1342, DHAKRI, 41060, 1130997, Total, 0, 0, 0, 0, 0, 0, 2421000, 2421000
2015, RAJASTHAN, 8, PALI, 102, SOJAT, 1342, DHEENAWAS, 41061, 1114684, Roads, 0, 0, 0, 0, 0, 0, 1300000, 1300000
2015, RAJASTHAN, 8, PALI, 102, SOJAT, 1342, DHEENAWAS, 41061, 1114684, Sanitation, 0, 0, 0, 0, 0, 0, 250000, 250000
2015, RAJASTHAN, 8, PALI, 102, SOJAT, 1342, DHEENAWAS, 41061, 1114684, Total, 0, 0, 0, 0, 0, 0, 1550000, 1550000
2015, RAJASTHAN, 8, PALI, 102, SOJAT, 1342, DHURASANI, 41062, 1130627, Drinking water, 0, 0, 0, 0, 0, 0, 43054, 43054
2015, RAJASTHAN, 8, PALI, 102, SOJAT, 1342, DHURASANI, 41062, 1130627, Health, 0, 0, 0, 0, 0, 0, 175460, 175460
2015, RAJASTHAN, 8, PALI, 102, SOJAT, 1342, DHURASANI, 41062, 1130627, Sanitation, 0, 0, 0, 0, 0, 0, 507262, 507262
2015, RAJASTHAN, 8, PALI, 102, SOJAT, 1342, DHURASANI, 41062, 1130627, Total, 0, 0, 0, 0, 0, 0, 725776, 725776
2015, RAJASTHAN, 8, PALI, 102, SOJAT, 1342, GAGRAU, 41063, 1131110, Drinking water, 0, 0, 0, 0, 0, 0, 187000, 187000
2015, RAJASTHAN, 8, PALI, 102, SOJAT, 1342, GAGRAU, 41063, 1131110, Roads, 0, 0, 0, 0, 0, 0, 270000, 270000
2015, RAJASTHAN, 8, PALI, 102, SOJAT, 1342, GAGRAU, 41063, 1131110, Sanitation, 0, 0, 0, 0, 0, 0, 786000, 786000
2015, RAJASTHAN, 8, PALI, 102, SOJAT, 1342, GAGRAU, 41063, 1131110, Total, 0, 0, 0, 0, 0, 0, 1243000, 1243000
2015, RAJASTHAN, 8, PALI, 102, SOJAT, 1342, GUDA BEEJA, 41064, 1195623, Health, 0, 0, 0, 0, 0, 0, 1117000, 1117000
2015, RAJASTHAN, 8, PALI, 102, SOJAT, 1342, GUDA BEEJA, 41064, 1195623, Roads, 0, 0, 0, 0, 0, 0, 3367000, 3367000
2015, RAJASTHAN, 8, PALI, 102, SOJAT, 1342, GUDA BEEJA, 41064, 1195623, Sanitation, 0, 0, 0, 0, 0, 0, 80000, 80000
2015, RAJASTHAN, 8, PALI, 102, SOJAT, 1342, GUDA BEEJA, 41064, 1195623, Total, 0, 0, 0, 0, 0, 0, 4564000, 4564000
2015, RAJASTHAN, 8, PALI, 102, SOJAT, 1342, GUDA KALAN, 41065, 1163222, Drinking water, 0, 0, 0, 0, 0, 0, 222753, 222753
2015, RAJASTHAN, 8, PALI, 102, SOJAT, 1342, GUDA KALAN, 41065, 1163222, Total, 0, 0, 0, 0, 0, 0, 222753, 222753
2015, RAJASTHAN, 8, PALI, 102, SOJAT, 1342, GUDA RAMSINGH, 41066, 1131213, Drinking water, 0, 0, 0, 0, 0, 0, 150000, 150000
2015, RAJASTHAN, 8, PALI, 102, SOJAT, 1342, GUDA RAMSINGH, 41066, 1131213, Sanitation, 0, 0, 0, 0, 0, 0, 610700, 610700
2015, RAJASTHAN, 8, PALI, 102, SOJAT, 1342, GUDA RAMSINGH, 41066, 1131213, Total, 0, 0, 0, 0, 0, 0, 760700, 760700
2015, RAJASTHAN, 8, PALI, 102, SOJAT, 1342, HARIYA MALI, 41067, 1135430, Drinking water, 0, 0, 0, 0, 0, 0, 20000, 20000
2015, RAJASTHAN, 8, PALI, 102, SOJAT, 1342, HARIYA MALI, 41067, 1135430, Health, 0, 0, 0, 0, 0, 0, 12691, 12691
2015, RAJASTHAN, 8, PALI, 102, SOJAT, 1342, HARIYA MALI, 41067, 1135430, Roads, 0, 0, 0, 0, 0, 0, 22975, 22975
2015, RAJASTHAN, 8, PALI, 102, SOJAT, 1342, HARIYA MALI, 41067, 1135430, Sanitation, 0, 0, 0, 0, 0, 0, 560380, 560380
2015, RAJASTHAN, 8, PALI, 102, SOJAT, 1342, HARIYA MALI, 41067, 1135430, Total, 0, 0, 0, 0, 0, 0, 616046, 616046
2015, RAJASTHAN, 8, PALI, 102, SOJAT, 1342, JHUPELAO, 41068, 1184131, Drinking water, 0, 0, 0, 0, 0, 0, 250000, 250000
2015, RAJASTHAN, 8, PALI, 102, SOJAT, 1342, JHUPELAO, 41068, 1184131, Roads, 0, 0, 0, 0, 0, 0, 924000, 924000
2015, RAJASTHAN, 8, PALI, 102, SOJAT, 1342, JHUPELAO, 41068, 1184131, Total, 0, 0, 0, 0, 0, 0, 1174000, 1174000
2015, RAJASTHAN, 8, PALI, 102, SOJAT, 1342, KARMAWAS, 41069, 1134012, Sanitation, 0, 0, 0, 0, 0, 0, 3510000, 3510000
2015, RAJASTHAN, 8, PALI, 102, SOJAT, 1342, KARMAWAS, 41069, 1134012, Total, 0, 0, 0, 0, 0, 0, 3510000, 3510000
2015, RAJASTHAN, 8, PALI, 102, SOJAT, 1342, KELWAD, 41070, 1130914, Sanitation, 0, 0, 0, 0, 0, 0, 917650, 917650
2015, RAJASTHAN, 8, PALI, 102, SOJAT, 1342, KELWAD, 41070, 1130914, Total, 0, 0, 0, 0, 0, 0, 917650, 917650
2015, RAJASTHAN, 8, PALI, 102, SOJAT, 1342, KHARIYA NEEV, 41071, 1134245, Roads, 0, 0, 0, 0, 0, 0, 488000, 488000
2015, RAJASTHAN, 8, PALI, 102, SOJAT, 1342, KHARIYA NEEV, 41071, 1134245, Sanitation, 0, 0, 0, 0, 0, 0, 1298000, 1298000
2015, RAJASTHAN, 8, PALI, 102, SOJAT, 1342, KHARIYA NEEV, 41071, 1134245, Total, 0, 0, 0, 0, 0, 0, 1786000, 1786000
2015, RAJASTHAN, 8, PALI, 102, SOJAT, 1342, KHARIYA SODA, 41072, 1158783, Administrative & Technical Support, 0, 0, 0, 0, 0, 0, 200000, 200000
2015, RAJASTHAN, 8, PALI, 102, SOJAT, 1342, KHARIYA SODA, 41072, 1158783, Sanitation, 0, 0, 0, 0, 0, 0, 100000, 100000
2015, RAJASTHAN, 8, PALI, 102, SOJAT, 1342, KHARIYA SODA, 41072, 1158783, Total, 0, 0, 0, 0, 0, 0, 300000, 300000
2015, RAJASTHAN, 8, PALI, 102, SOJAT, 1342, KHOKHARA, 41074, 1135054, Land improvement, 0, 0, 0, 0, 0, 0, 50700, 50700
2015, RAJASTHAN, 8, PALI, 102, SOJAT, 1342, KHOKHARA, 41074, 1135054, Sanitation, 0, 0, 0, 0, 0, 0, 759365, 759365
2015, RAJASTHAN, 8, PALI, 102, SOJAT, 1342, KHOKHARA, 41074, 1135054, Total, 0, 0, 0, 0, 0, 0, 810065, 810065
2015, RAJASTHAN, 8, PALI, 102, SOJAT, 1342, KHORIYA, 41073, 1183892, Drinking water, 0, 0, 0, 0, 0, 0, 160000, 160000
2015, RAJASTHAN, 8, PALI, 102, SOJAT, 1342, KHORIYA, 41073, 1183892, Roads, 0, 0, 0, 0, 0, 0, 500000, 500000
2015, RAJASTHAN, 8, PALI, 102, SOJAT, 1342, KHORIYA, 41073, 1183892, Total, 0, 0, 0, 0, 0, 0, 660000, 660000
2015, RAJASTHAN, 8, PALI, 102, SOJAT, 1342, MANDLA, 41075, 1163155, Drinking water, 0, 0, 0, 0, 0, 0, 583000, 583000
2015, RAJASTHAN, 8, PALI, 102, SOJAT, 1342, MANDLA, 41075, 1163155, Roads, 0, 0, 0, 0, 0, 0, 50000, 50000
2015, RAJASTHAN, 8, PALI, 102, SOJAT, 1342, MANDLA, 41075, 1163155, Total, 0, 0, 0, 0, 0, 0, 633000, 633000
2015, RAJASTHAN, 8, PALI, 102, SOJAT, 1342, MEV, 41076, 1184026, Drinking water, 0, 0, 0, 0, 0, 0, 130000, 130000
2015, RAJASTHAN, 8, PALI, 102, SOJAT, 1342, MEV, 41076, 1184026, Sanitation, 0, 0, 0, 0, 0, 0, 376000, 376000
2015, RAJASTHAN, 8, PALI, 102, SOJAT, 1342, MEV, 41076, 1184026, Total, 0, 0, 0, 0, 0, 0, 506000, 506000
2015, RAJASTHAN, 8, PALI, 102, SOJAT, 1342, RAJOLA KALAN, 41078, 1159487, Administrative & Technical Support, 0, 0, 0, 0, 0, 0, 585000, 585000
2015, RAJASTHAN, 8, PALI, 102, SOJAT, 1342, RAJOLA KALAN, 41078, 1159487, Drinking water, 0, 0, 0, 0, 0, 0, 481000, 481000
2015, RAJASTHAN, 8, PALI, 102, SOJAT, 1342, RAJOLA KALAN, 41078, 1159487, Roads, 0, 0, 0, 0, 0, 0, 400000, 400000
2015, RAJASTHAN, 8, PALI, 102, SOJAT, 1342, RAJOLA KALAN, 41078, 1159487, Sanitation, 0, 0, 0, 0, 0, 0, 490000, 490000
2015, RAJASTHAN, 8, PALI, 102, SOJAT, 1342, RAJOLA KALAN, 41078, 1159487, Social welfare, 0, 0, 0, 0, 0, 0, 323000, 323000
2015, RAJASTHAN, 8, PALI, 102, SOJAT, 1342, RAJOLA KALAN, 41078, 1159487, Total, 0, 0, 0, 0, 0, 0, 2279000, 2279000
2015, RAJASTHAN, 8, PALI, 102, SOJAT, 1342, RAYARA KALAN (KHURD), 41077, 1114488, Roads, 0, 0, 0, 0, 0, 0, 175000, 175000
2015, RAJASTHAN, 8, PALI, 102, SOJAT, 1342, RAYARA KALAN (KHURD), 41077, 1114488, Sanitation, 0, 0, 0, 0, 0, 0, 1200000, 1200000
2015, RAJASTHAN, 8, PALI, 102, SOJAT, 1342, RAYARA KALAN (KHURD), 41077, 1114488, Total, 0, 0, 0, 0, 0, 0, 1375000, 1375000
2015, RAJASTHAN, 8, PALI, 102, SOJAT, 1342, RENDRI, 41079, 1195046, Administrative & Technical Support, 0, 0, 0, 0, 0, 0, 300000, 300000
2015, RAJASTHAN, 8, PALI, 102, SOJAT, 1342, RENDRI, 41079, 1195046, Health, 0, 0, 0, 0, 0, 0, 180000, 180000
2015, RAJASTHAN, 8, PALI, 102, SOJAT, 1342, RENDRI, 41079, 1195046, Roads, 0, 0, 0, 0, 0, 0, 25000, 25000
2015, RAJASTHAN, 8, PALI, 102, SOJAT, 1342, RENDRI, 41079, 1195046, Total, 0, 0, 0, 0, 0, 0, 505000, 505000
2015, RAJASTHAN, 8, PALI, 102, SOJAT, 1342, REPRAWAS, 41080, 1195285, Drinking water, 0, 0, 0, 0, 0, 0, 25000, 25000
2015, RAJASTHAN, 8, PALI, 102, SOJAT, 1342, REPRAWAS, 41080, 1195285, Roads, 0, 0, 0, 0, 0, 0, 2250000, 2250000
2015, RAJASTHAN, 8, PALI, 102, SOJAT, 1342, REPRAWAS, 41080, 1195285, Sanitation, 0, 0, 0, 0, 0, 0, 500000, 500000
2015, RAJASTHAN, 8, PALI, 102, SOJAT, 1342, REPRAWAS, 41080, 1195285, Total, 0, 0, 0, 0, 0, 0, 2775000, 2775000
2015, RAJASTHAN, 8, PALI, 102, SOJAT, 1342, RUPAWAS, 41081, 1195261, Sanitation, 0, 0, 0, 0, 0, 0, 1200000, 1200000
2015, RAJASTHAN, 8, PALI, 102, SOJAT, 1342, RUPAWAS, 41081, 1195261, Total, 0, 0, 0, 0, 0, 0, 1200000, 1200000
2015, RAJASTHAN, 8, PALI, 102, SOJAT, 1342, SANDIYA, 41082, 1135157, Sanitation, 0, 0, 0, 0, 0, 0, 1082136, 1082136
2015, RAJASTHAN, 8, PALI, 102, SOJAT, 1342, SANDIYA, 41082, 1135157, Total, 0, 0, 0, 0, 0, 0, 1082136, 1082136
2015, RAJASTHAN, 8, PALI, 102, SOJAT, 1342, SARDAR SAMAND, 41083, 1134128, Roads, 0, 0, 0, 0, 0, 0, 518661, 518661
2015, RAJASTHAN, 8, PALI, 102, SOJAT, 1342, SARDAR SAMAND, 41083, 1134128, Sanitation, 0, 0, 0, 0, 0, 0, 182936, 182936
2015, RAJASTHAN, 8, PALI, 102, SOJAT, 1342, SARDAR SAMAND, 41083, 1134128, Total, 0, 0, 0, 0, 0, 0, 701597, 701597
2015, RAJASTHAN, 8, PALI, 102, SOJAT, 1342, SHIVPURA, 41084, 1098700, Animal husbandry, 0, 0, 0, 0, 0, 0, 100000, 100000
2015, RAJASTHAN, 8, PALI, 102, SOJAT, 1342, SHIVPURA, 41084, 1098700, Drinking water, 0, 0, 0, 0, 0, 0, 50000, 50000
2015, RAJASTHAN, 8, PALI, 102, SOJAT, 1342, SHIVPURA, 41084, 1098700, Roads, 0, 0, 0, 0, 0, 0, 2600000, 2600000
2015, RAJASTHAN, 8, PALI, 102, SOJAT, 1342, SHIVPURA, 41084, 1098700, Sanitation, 0, 0, 0, 0, 0, 0, 600000, 600000
2015, RAJASTHAN, 8, PALI, 102, SOJAT, 1342, SHIVPURA, 41084, 1098700, Total, 0, 0, 0, 0, 0, 0, 3350000, 3350000
2015, RAJASTHAN, 8, PALI, 102, SOJAT, 1342, SIYAT, 41085, 1121850, Land improvement, 0, 0, 0, 0, 0, 0, 1780000, 1780000
2015, RAJASTHAN, 8, PALI, 102, SOJAT, 1342, SIYAT, 41085, 1121850, Roads, 0, 0, 0, 0, 0, 0, 1450000, 1450000
2015, RAJASTHAN, 8, PALI, 102, SOJAT, 1342, SIYAT, 41085, 1121850, Sanitation, 0, 0, 0, 0, 0, 0, 250000, 250000
2015, RAJASTHAN, 8, PALI, 102, SOJAT, 1342, SIYAT, 41085, 1121850, Total, 0, 0, 0, 0, 0, 0, 3480000, 3480000
2015, RAJASTHAN, 8, PALI, 102, SOJAT, 1342, SOJAT ROAD, 41086, 1195574, Drinking water, 0, 0, 0, 0, 0, 0, 122000, 122000
2015, RAJASTHAN, 8, PALI, 102, SOJAT, 1342, SOJAT ROAD, 41086, 1195574, Roads, 0, 0, 0, 0, 0, 0, 100000, 100000
2015, RAJASTHAN, 8, PALI, 102, SOJAT, 1342, SOJAT ROAD, 41086, 1195574, Sanitation, 0, 0, 0, 0, 0, 0, 405000, 405000
2015, RAJASTHAN, 8, PALI, 102, SOJAT, 1342, SOJAT ROAD, 41086, 1195574, Total, 0, 0, 0, 0, 0, 0, 627000, 627000
2015, RAJASTHAN, 8, PALI, 102, SOJAT, 1342, SURAYTA, 41087, 1169034, Roads, 0, 0, 0, 0, 0, 0, 1750000, 1750000
2015, RAJASTHAN, 8, PALI, 102, SOJAT, 1342, SURAYTA, 41087, 1169034, Total, 0, 0, 0, 0, 0, 0, 1750000, 1750000
2015, RAJASTHAN, 8, PALI, 102, SUMERPUR, 1343, AIRANPURA, 41089, 1173264, Drinking water, 0, 0, 0, 0, 0, 0, 142658, 142658
2015, RAJASTHAN, 8, PALI, 102, SUMERPUR, 1343, AIRANPURA, 41089, 1173264, Roads, 0, 0, 0, 0, 0, 0, 716750, 716750
2015, RAJASTHAN, 8, PALI, 102, SUMERPUR, 1343, AIRANPURA, 41089, 1173264, Total, 0, 0, 0, 0, 0, 0, 859408, 859408
2015, RAJASTHAN, 8, PALI, 102, SUMERPUR, 1343, ANOPPURA, 41088, 1113838, Drinking water, 0, 0, 0, 0, 0, 0, 639000, 639000
2015, RAJASTHAN, 8, PALI, 102, SUMERPUR, 1343, ANOPPURA, 41088, 1113838, Sanitation, 0, 0, 0, 0, 0, 0, 58300, 58300
2015, RAJASTHAN, 8, PALI, 102, SUMERPUR, 1343, ANOPPURA, 41088, 1113838, Total, 0, 0, 0, 0, 0, 0, 697300, 697300
2015, RAJASTHAN, 8, PALI, 102, SUMERPUR, 1343, BALANA, 41090, 1117947, Drinking water, 0, 0, 0, 0, 0, 0, 450000, 450000
2015, RAJASTHAN, 8, PALI, 102, SUMERPUR, 1343, BALANA, 41090, 1117947, Sanitation, 0, 0, 0, 0, 0, 0, 988400, 988400
2015, RAJASTHAN, 8, PALI, 102, SUMERPUR, 1343, BALANA, 41090, 1117947, Total, 0, 0, 0, 0, 0, 0, 1438400, 1438400
2015, RAJASTHAN, 8, PALI, 102, SUMERPUR, 1343, BALUPURA, 41091, 1113764, Land improvement, 0, 0, 0, 0, 0, 0, 500000, 500000
2015, RAJASTHAN, 8, PALI, 102, SUMERPUR, 1343, BALUPURA, 41091, 1113764, Sanitation, 0, 0, 0, 0, 0, 0, 150000, 150000
2015, RAJASTHAN, 8, PALI, 102, SUMERPUR, 1343, BALUPURA, 41091, 1113764, Total, 0, 0, 0, 0, 0, 0, 650000, 650000
2015, RAJASTHAN, 8, PALI, 102, SUMERPUR, 1343, BAMNERA, 41092, 1123627, Health, 0, 0, 0, 0, 0, 0, 550000, 550000
2015, RAJASTHAN, 8, PALI, 102, SUMERPUR, 1343, BAMNERA, 41092, 1123627, Roads, 0, 0, 0, 0, 0, 0, 600000, 600000
2015, RAJASTHAN, 8, PALI, 102, SUMERPUR, 1343, BAMNERA, 41092, 1123627, Sanitation, 0, 0, 0, 0, 0, 0, 170000, 170000
2015, RAJASTHAN, 8, PALI, 102, SUMERPUR, 1343, BAMNERA, 41092, 1123627, Total, 0, 0, 0, 0, 0, 0, 1320000, 1320000
2015, RAJASTHAN, 8, PALI, 102, SUMERPUR, 1343, BANKALI, 41093, 1170860, Roads, 0, 0, 0, 0, 0, 0, 616000, 616000
2015, RAJASTHAN, 8, PALI, 102, SUMERPUR, 1343, BANKALI, 41093, 1170860, Sanitation, 0, 0, 0, 0, 0, 0, 192400, 192400
2015, RAJASTHAN, 8, PALI, 102, SUMERPUR, 1343, BANKALI, 41093, 1170860, Total, 0, 0, 0, 0, 0, 0, 808400, 808400
2015, RAJASTHAN, 8, PALI, 102, SUMERPUR, 1343, BASANT, 41094, 1169987, Sanitation, 0, 0, 0, 0, 0, 0, 492000, 492000
2015, RAJASTHAN, 8, PALI, 102, SUMERPUR, 1343, BASANT, 41094, 1169987, Total, 0, 0, 0, 0, 0, 0, 492000, 492000
2015, RAJASTHAN, 8, PALI, 102, SUMERPUR, 1343, BHARUNDA, 41095, 1123730, Sanitation, 0, 0, 0, 0, 0, 0, 1168000, 1168000
2015, RAJASTHAN, 8, PALI, 102, SUMERPUR, 1343, BHARUNDA, 41095, 1123730, Total, 0, 0, 0, 0, 0, 0, 1168000, 1168000
2015, RAJASTHAN, 8, PALI, 102, SUMERPUR, 1343, BIRAMI, 41096, 1113479, Drinking water, 0, 0, 0, 0, 0, 0, 824000, 824000
2015, RAJASTHAN, 8, PALI, 102, SUMERPUR, 1343, BIRAMI, 41096, 1113479, Sanitation, 0, 0, 0, 0, 0, 0, 455000, 455000
2015, RAJASTHAN, 8, PALI, 102, SUMERPUR, 1343, BIRAMI, 41096, 1113479, Total, 0, 0, 0, 0, 0, 0, 1279000, 1279000
2015, RAJASTHAN, 8, PALI, 102, SUMERPUR, 1343, CHANOD, 41097, 1099573, Animal husbandry, 0, 0, 0, 0, 0, 0, 100000, 100000
2015, RAJASTHAN, 8, PALI, 102, SUMERPUR, 1343, CHANOD, 41097, 1099573, Roads, 0, 0, 0, 0, 0, 0, 200000, 200000
2015, RAJASTHAN, 8, PALI, 102, SUMERPUR, 1343, CHANOD, 41097, 1099573, Sanitation, 0, 0, 0, 0, 0, 0, 743000, 743000
2015, RAJASTHAN, 8, PALI, 102, SUMERPUR, 1343, CHANOD, 41097, 1099573, Total, 0, 0, 0, 0, 0, 0, 1043000, 1043000
2015, RAJASTHAN, 8, PALI, 102, SUMERPUR, 1343, DAOTARA, 41098, 1174378, Drinking water, 0, 0, 0, 0, 0, 0, 150000, 150000
2015, RAJASTHAN, 8, PALI, 102, SUMERPUR, 1343, DAOTARA, 41098, 1174378, Roads, 0, 0, 0, 0, 0, 0, 1327000, 1327000
2015, RAJASTHAN, 8, PALI, 102, SUMERPUR, 1343, DAOTARA, 41098, 1174378, Sanitation, 0, 0, 0, 0, 0, 0, 267000, 267000
2015, RAJASTHAN, 8, PALI, 102, SUMERPUR, 1343, DAOTARA, 41098, 1174378, Total, 0, 0, 0, 0, 0, 0, 1744000, 1744000
2015, RAJASTHAN, 8, PALI, 102, SUMERPUR, 1343, DHANA, 41099, 1171657, Sanitation, 0, 0, 0, 0, 0, 0, 348000, 348000
2015, RAJASTHAN, 8, PALI, 102, SUMERPUR, 1343, DHANA, 41099, 1171657, Total, 0, 0, 0, 0, 0, 0, 348000, 348000
2015, RAJASTHAN, 8, PALI, 102, SUMERPUR, 1343, DHOLA, 41100, 1102909, Drinking water, 0, 0, 0, 0, 0, 0, 247000, 247000
2015, RAJASTHAN, 8, PALI, 102, SUMERPUR, 1343, DHOLA, 41100, 1102909, Sanitation, 0, 0, 0, 0, 0, 0, 320000, 320000
2015, RAJASTHAN, 8, PALI, 102, SUMERPUR, 1343, DHOLA, 41100, 1102909, Total, 0, 0, 0, 0, 0, 0, 567000, 567000
2015, RAJASTHAN, 8, PALI, 102, SUMERPUR, 1343, DUJANA, 41101, 1118507, Sanitation, 0, 0, 0, 0, 0, 0, 528700, 528700
2015, RAJASTHAN, 8, PALI, 102, SUMERPUR, 1343, DUJANA, 41101, 1118507, Total, 0, 0, 0, 0, 0, 0, 528700, 528700
2015, RAJASTHAN, 8, PALI, 102, SUMERPUR, 1343, GOGARA, 41102, 1118442, Drinking water, 0, 0, 0, 0, 0, 0, 705000, 705000
2015, RAJASTHAN, 8, PALI, 102, SUMERPUR, 1343, GOGARA, 41102, 1118442, Sanitation, 0, 0, 0, 0, 0, 0, 63000, 63000
2015, RAJASTHAN, 8, PALI, 102, SUMERPUR, 1343, GOGARA, 41102, 1118442, Total, 0, 0, 0, 0, 0, 0, 768000, 768000
2015, RAJASTHAN, 8, PALI, 102, SUMERPUR, 1343, KHIMARA, 41103, 1170680, Sanitation, 0, 0, 0, 0, 0, 0, 900000, 900000
2015, RAJASTHAN, 8, PALI, 102, SUMERPUR, 1343, KHIMARA, 41103, 1170680, Total, 0, 0, 0, 0, 0, 0, 900000, 900000
2015, RAJASTHAN, 8, PALI, 102, SUMERPUR, 1343, KHIWANDI, 41104, 1117373, Sanitation, 0, 0, 0, 0, 0, 0, 590040, 590040
2015, RAJASTHAN, 8, PALI, 102, SUMERPUR, 1343, KHIWANDI, 41104, 1117373, Total, 0, 0, 0, 0, 0, 0, 590040, 590040
2015, RAJASTHAN, 8, PALI, 102, SUMERPUR, 1343, KOLIWARA, 41105, 1170664, Drinking water, 0, 0, 0, 0, 0, 0, 80000, 80000
2015, RAJASTHAN, 8, PALI, 102, SUMERPUR, 1343, KOLIWARA, 41105, 1170664, Total, 0, 0, 0, 0, 0, 0, 80000, 80000
2015, RAJASTHAN, 8, PALI, 102, SUMERPUR, 1343, KORTA, 41106, 1113631, Roads, 0, 0, 0, 0, 0, 0, 760445, 760445
2015, RAJASTHAN, 8, PALI, 102, SUMERPUR, 1343, KORTA, 41106, 1113631, Sanitation, 0, 0, 0, 0, 0, 0, 133700, 133700
2015, RAJASTHAN, 8, PALI, 102, SUMERPUR, 1343, KORTA, 41106, 1113631, Total, 0, 0, 0, 0, 0, 0, 894145, 894145
2015, RAJASTHAN, 8, PALI, 102, SUMERPUR, 1343, KOSELAO, 41107, 1174411, Roads, 0, 0, 0, 0, 0, 0, 2393000, 2393000
2015, RAJASTHAN, 8, PALI, 102, SUMERPUR, 1343, KOSELAO, 41107, 1174411, Sanitation, 0, 0, 0, 0, 0, 0, 1000000, 1000000
2015, RAJASTHAN, 8, PALI, 102, SUMERPUR, 1343, KOSELAO, 41107, 1174411, Total, 0, 0, 0, 0, 0, 0, 3393000, 3393000
2015, RAJASTHAN, 8, PALI, 102, SUMERPUR, 1343, LAPOD, 41108, 1123582, Roads, 0, 0, 0, 0, 0, 0, 500000, 500000
2015, RAJASTHAN, 8, PALI, 102, SUMERPUR, 1343, LAPOD, 41108, 1123582, Sanitation, 0, 0, 0, 0, 0, 0, 1906000, 1906000
2015, RAJASTHAN, 8, PALI, 102, SUMERPUR, 1343, LAPOD, 41108, 1123582, Total, 0, 0, 0, 0, 0, 0, 2406000, 2406000
2015, RAJASTHAN, 8, PALI, 102, SUMERPUR, 1343, NETRA, 41109, 1171417, Drinking water, 0, 0, 0, 0, 0, 0, 931000, 931000
2015, RAJASTHAN, 8, PALI, 102, SUMERPUR, 1343, NETRA, 41109, 1171417, Sanitation, 0, 0, 0, 0, 0, 0, 619000, 619000
2015, RAJASTHAN, 8, PALI, 102, SUMERPUR, 1343, NETRA, 41109, 1171417, Total, 0, 0, 0, 0, 0, 0, 1550000, 1550000
2015, RAJASTHAN, 8, PALI, 102, SUMERPUR, 1343, NOVI, 41110, 1118089, Sanitation, 0, 0, 0, 0, 0, 0, 923340, 923340
2015, RAJASTHAN, 8, PALI, 102, SUMERPUR, 1343, NOVI, 41110, 1118089, Total, 0, 0, 0, 0, 0, 0, 923340, 923340
2015, RAJASTHAN, 8, PALI, 102, SUMERPUR, 1343, PALRI, 41111, 1123769, Land improvement, 0, 0, 0, 0, 0, 0, 600000, 600000
2015, RAJASTHAN, 8, PALI, 102, SUMERPUR, 1343, PALRI, 41111, 1123769, Sanitation, 0, 0, 0, 0, 0, 0, 793000, 793000
2015, RAJASTHAN, 8, PALI, 102, SUMERPUR, 1343, PALRI, 41111, 1123769, Total, 0, 0, 0, 0, 0, 0, 1393000, 1393000
2015, RAJASTHAN, 8, PALI, 102, SUMERPUR, 1343, PAWA, 41112, 1117756, Sanitation, 0, 0, 0, 0, 0, 0, 3018944, 3018944
2015, RAJASTHAN, 8, PALI, 102, SUMERPUR, 1343, PAWA, 41112, 1117756, Total, 0, 0, 0, 0, 0, 0, 3018944, 3018944
2015, RAJASTHAN, 8, PALI, 102, SUMERPUR, 1343, POMAWA, 41113, 1171009, Roads, 0, 0, 0, 0, 0, 0, 620000, 620000
2015, RAJASTHAN, 8, PALI, 102, SUMERPUR, 1343, POMAWA, 41113, 1171009, Sanitation, 0, 0, 0, 0, 0, 0, 440000, 440000
2015, RAJASTHAN, 8, PALI, 102, SUMERPUR, 1343, POMAWA, 41113, 1171009, Total, 0, 0, 0, 0, 0, 0, 1060000, 1060000
2015, RAJASTHAN, 8, PALI, 102, SUMERPUR, 1343, SALODARIYA, 41114, 1199683, Drinking water, 0, 0, 0, 0, 0, 0, 66000, 66000
2015, RAJASTHAN, 8, PALI, 102, SUMERPUR, 1343, SALODARIYA, 41114, 1199683, Sanitation, 0, 0, 0, 0, 0, 0, 409000, 409000
2015, RAJASTHAN, 8, PALI, 102, SUMERPUR, 1343, SALODARIYA, 41114, 1199683, Total, 0, 0, 0, 0, 0, 0, 475000, 475000
2015, RAJASTHAN, 8, PALI, 102, SUMERPUR, 1343, SANDERAO, 41115, 1199737, Land improvement, 0, 0, 0, 0, 0, 0, 1150000, 1150000
2015, RAJASTHAN, 8, PALI, 102, SUMERPUR, 1343, SANDERAO, 41115, 1199737, Roads, 0, 0, 0, 0, 0, 0, 1000000, 1000000
2015, RAJASTHAN, 8, PALI, 102, SUMERPUR, 1343, SANDERAO, 41115, 1199737, Total, 0, 0, 0, 0, 0, 0, 2150000, 2150000
2015, RAJASTHAN, 8, PALI, 102, SUMERPUR, 1343, SINDRU, 41116, 1123255, Land improvement, 0, 0, 0, 0, 0, 0, 200000, 200000
2015, RAJASTHAN, 8, PALI, 102, SUMERPUR, 1343, SINDRU, 41116, 1123255, Sanitation, 0, 0, 0, 0, 0, 0, 657922, 657922
2015, RAJASTHAN, 8, PALI, 102, SUMERPUR, 1343, SINDRU, 41116, 1123255, Total, 0, 0, 0, 0, 0, 0, 857922, 857922
2015, RAJASTHAN, 8, PRATAPGARH, 573, ARNOD, 1223, ACHLAWADA, 36394, 1135924, Drinking water, 0, 0, 0, 0, 0, 0, 678800, 678800
2015, RAJASTHAN, 8, PRATAPGARH, 573, ARNOD, 1223, ACHLAWADA, 36394, 1135924, Roads, 0, 0, 0, 0, 0, 0, 1500000, 1500000
2015, RAJASTHAN, 8, PRATAPGARH, 573, ARNOD, 1223, ACHLAWADA, 36394, 1135924, Total, 0, 0, 0, 0, 0, 0, 2178800, 2178800
2015, RAJASTHAN, 8, PRATAPGARH, 573, ARNOD, 1223, ACHNARA, 36395, 1121750, Drinking water, 0, 0, 0, 0, 0, 0, 798500, 798500
2015, RAJASTHAN, 8, PRATAPGARH, 573, ARNOD, 1223, ACHNARA, 36395, 1121750, Education, 0, 0, 0, 0, 0, 0, 500000, 500000
2015, RAJASTHAN, 8, PRATAPGARH, 573, ARNOD, 1223, ACHNARA, 36395, 1121750, Roads, 0, 0, 0, 0, 0, 0, 3230000, 3230000
2015, RAJASTHAN, 8, PRATAPGARH, 573, ARNOD, 1223, ACHNARA, 36395, 1121750, Sanitation, 0, 0, 0, 0, 0, 0, 130000, 130000
2015, RAJASTHAN, 8, PRATAPGARH, 573, ARNOD, 1223, ACHNARA, 36395, 1121750, Total, 0, 0, 0, 0, 0, 0, 4658500, 4658500
2015, RAJASTHAN, 8, PRATAPGARH, 573, ARNOD, 1223, AMBEE RAMA, 36396, 1170415, Drinking water, 0, 0, 0, 0, 0, 0, 1849836, 1849836
2015, RAJASTHAN, 8, PRATAPGARH, 573, ARNOD, 1223, AMBEE RAMA, 36396, 1170415, Maintenance of community system, 0, 0, 0, 0, 0, 0, 394827, 394827
2015, RAJASTHAN, 8, PRATAPGARH, 573, ARNOD, 1223, AMBEE RAMA, 36396, 1170415, Roads, 0, 0, 0, 0, 0, 0, 300000, 300000
2015, RAJASTHAN, 8, PRATAPGARH, 573, ARNOD, 1223, AMBEE RAMA, 36396, 1170415, Total, 0, 0, 0, 0, 0, 0, 2544663, 2544663
2015, RAJASTHAN, 8, PRATAPGARH, 573, ARNOD, 1223, ARNOD, 36397, 1113105, Adult and non-formal education, 0, 0, 0, 0, 0, 0, 12000, 12000
2015, RAJASTHAN, 8, PRATAPGARH, 573, ARNOD, 1223, ARNOD, 36397, 1113105, Cultural activities, 0, 0, 0, 0, 0, 0, 218000, 218000
2015, RAJASTHAN, 8, PRATAPGARH, 573, ARNOD, 1223, ARNOD, 36397, 1113105, Drinking water, 0, 0, 0, 0, 0, 0, 1674000, 1674000
2015, RAJASTHAN, 8, PRATAPGARH, 573, ARNOD, 1223, ARNOD, 36397, 1113105, Maintenance of community system, 0, 0, 0, 0, 0, 0, 469000, 469000
2015, RAJASTHAN, 8, PRATAPGARH, 573, ARNOD, 1223, ARNOD, 36397, 1113105, Non-conventional energy sources, 0, 0, 0, 0, 0, 0, 20000, 20000
2015, RAJASTHAN, 8, PRATAPGARH, 573, ARNOD, 1223, ARNOD, 36397, 1113105, Roads, 0, 0, 0, 0, 0, 0, 840000, 840000
2015, RAJASTHAN, 8, PRATAPGARH, 573, ARNOD, 1223, ARNOD, 36397, 1113105, Rural electrification, 0, 0, 0, 0, 0, 0, 427754, 427754
2015, RAJASTHAN, 8, PRATAPGARH, 573, ARNOD, 1223, ARNOD, 36397, 1113105, Sanitation, 0, 0, 0, 0, 0, 0, 1322199, 1322199
2015, RAJASTHAN, 8, PRATAPGARH, 573, ARNOD, 1223, ARNOD, 36397, 1113105, Total, 0, 0, 0, 0, 0, 0, 4982953, 4982953
2015, RAJASTHAN, 8, PRATAPGARH, 573, ARNOD, 1223, BARI SAKHTHALI, 36398, 1196299, Adult and non-formal education, 0, 0, 0, 0, 0, 0, 12000, 12000
2015, RAJASTHAN, 8, PRATAPGARH, 573, ARNOD, 1223, BARI SAKHTHALI, 36398, 1196299, Maintenance of community system, 0, 0, 0, 0, 0, 0, 245252, 245252
2015, RAJASTHAN, 8, PRATAPGARH, 573, ARNOD, 1223, BARI SAKHTHALI, 36398, 1196299, Total, 0, 0, 0, 0, 0, 0, 257252, 257252
2015, RAJASTHAN, 8, PRATAPGARH, 573, ARNOD, 1223, BEDMA, 36399, 1138860, Drinking water, 0, 0, 0, 0, 0, 0, 845000, 845000
2015, RAJASTHAN, 8, PRATAPGARH, 573, ARNOD, 1223, BEDMA, 36399, 1138860, Maintenance of community system, 0, 0, 0, 0, 0, 0, 181000, 181000
2015, RAJASTHAN, 8, PRATAPGARH, 573, ARNOD, 1223, BEDMA, 36399, 1138860, Roads, 0, 0, 0, 0, 0, 0, 1150000, 1150000
2015, RAJASTHAN, 8, PRATAPGARH, 573, ARNOD, 1223, BEDMA, 36399, 1138860, Sanitation, 0, 0, 0, 0, 0, 0, 200000, 200000
2015, RAJASTHAN, 8, PRATAPGARH, 573, ARNOD, 1223, BEDMA, 36399, 1138860, Total, 0, 0, 0, 0, 0, 0, 2376000, 2376000
2015, RAJASTHAN, 8, PRATAPGARH, 573, ARNOD, 1223, BHACHUNDLA, 36400, 1161418, Drinking water, 0, 0, 0, 0, 0, 0, 762000, 762000
2015, RAJASTHAN, 8, PRATAPGARH, 573, ARNOD, 1223, BHACHUNDLA, 36400, 1161418, Maintenance of community system, 0, 0, 0, 0, 0, 0, 340258, 340258
2015, RAJASTHAN, 8, PRATAPGARH, 573, ARNOD, 1223, BHACHUNDLA, 36400, 1161418, Roads, 0, 0, 0, 0, 0, 0, 1500000, 1500000
2015, RAJASTHAN, 8, PRATAPGARH, 573, ARNOD, 1223, BHACHUNDLA, 36400, 1161418, Sanitation, 0, 0, 0, 0, 0, 0, 50000, 50000
2015, RAJASTHAN, 8, PRATAPGARH, 573, ARNOD, 1223, BHACHUNDLA, 36400, 1161418, Total, 0, 0, 0, 0, 0, 0, 2652258, 2652258
2015, RAJASTHAN, 8, PRATAPGARH, 573, ARNOD, 1223, BORDIYA, 36401, 1160664, Drinking water, 0, 0, 0, 0, 0, 0, 647500, 647500
2015, RAJASTHAN, 8, PRATAPGARH, 573, ARNOD, 1223, BORDIYA, 36401, 1160664, Education, 0, 0, 0, 0, 0, 0, 249925, 249925
2015, RAJASTHAN, 8, PRATAPGARH, 573, ARNOD, 1223, BORDIYA, 36401, 1160664, Maintenance of community system, 0, 0, 0, 0, 0, 0, 221253, 221253
2015, RAJASTHAN, 8, PRATAPGARH, 573, ARNOD, 1223, BORDIYA, 36401, 1160664, Roads, 0, 0, 0, 0, 0, 0, 355900, 355900
2015, RAJASTHAN, 8, PRATAPGARH, 573, ARNOD, 1223, BORDIYA, 36401, 1160664, Sanitation, 0, 0, 0, 0, 0, 0, 103000, 103000
2015, RAJASTHAN, 8, PRATAPGARH, 573, ARNOD, 1223, BORDIYA, 36401, 1160664, Total, 0, 0, 0, 0, 0, 0, 1577578, 1577578
2015, RAJASTHAN, 8, PRATAPGARH, 573, ARNOD, 1223, Bhat Bhamriya, 262185, 1167708, Drinking water, 0, 0, 0, 0, 0, 0, 670000, 670000
2015, RAJASTHAN, 8, PRATAPGARH, 573, ARNOD, 1223, Bhat Bhamriya, 262185, 1167708, Maintenance of community system, 0, 0, 0, 0, 0, 0, 208476, 208476
2015, RAJASTHAN, 8, PRATAPGARH, 573, ARNOD, 1223, Bhat Bhamriya, 262185, 1167708, Roads, 0, 0, 0, 0, 0, 0, 542892, 542892
2015, RAJASTHAN, 8, PRATAPGARH, 573, ARNOD, 1223, Bhat Bhamriya, 262185, 1167708, Total, 0, 0, 0, 0, 0, 0, 1421368, 1421368
2015, RAJASTHAN, 8, PRATAPGARH, 573, ARNOD, 1223, CHAKOONDA, 36403, 1138255, Drinking water, 0, 0, 0, 0, 0, 0, 820000, 820000
2015, RAJASTHAN, 8, PRATAPGARH, 573, ARNOD, 1223, CHAKOONDA, 36403, 1138255, Maintenance of community system, 0, 0, 0, 0, 0, 0, 150000, 150000
2015, RAJASTHAN, 8, PRATAPGARH, 573, ARNOD, 1223, CHAKOONDA, 36403, 1138255, Roads, 0, 0, 0, 0, 0, 0, 100000, 100000
2015, RAJASTHAN, 8, PRATAPGARH, 573, ARNOD, 1223, CHAKOONDA, 36403, 1138255, Total, 0, 0, 0, 0, 0, 0, 1070000, 1070000
2015, RAJASTHAN, 8, PRATAPGARH, 573, ARNOD, 1223, CHOOPNA, 36404, 1159773, Drinking water, 0, 0, 0, 0, 0, 0, 729480, 729480
2015, RAJASTHAN, 8, PRATAPGARH, 573, ARNOD, 1223, CHOOPNA, 36404, 1159773, Roads, 0, 0, 0, 0, 0, 0, 1400000, 1400000
2015, RAJASTHAN, 8, PRATAPGARH, 573, ARNOD, 1223, CHOOPNA, 36404, 1159773, Sanitation, 0, 0, 0, 0, 0, 0, 241022, 241022
2015, RAJASTHAN, 8, PRATAPGARH, 573, ARNOD, 1223, CHOOPNA, 36404, 1159773, Total, 0, 0, 0, 0, 0, 0, 2370502, 2370502
2015, RAJASTHAN, 8, PRATAPGARH, 573, ARNOD, 1223, DALOT, 36405, 1168829, Drinking water, 0, 0, 0, 0, 0, 0, 996609, 996609
2015, RAJASTHAN, 8, PRATAPGARH, 573, ARNOD, 1223, DALOT, 36405, 1168829, Maintenance of community system, 0, 0, 0, 0, 0, 0, 289874, 289874
2015, RAJASTHAN, 8, PRATAPGARH, 573, ARNOD, 1223, DALOT, 36405, 1168829, Roads, 0, 0, 0, 0, 0, 0, 944180, 944180
2015, RAJASTHAN, 8, PRATAPGARH, 573, ARNOD, 1223, DALOT, 36405, 1168829, Rural electrification, 0, 0, 0, 0, 0, 0, 198012, 198012
2015, RAJASTHAN, 8, PRATAPGARH, 573, ARNOD, 1223, DALOT, 36405, 1168829, Sanitation, 0, 0, 0, 0, 0, 0, 196156, 196156
2015, RAJASTHAN, 8, PRATAPGARH, 573, ARNOD, 1223, DALOT, 36405, 1168829, Total, 0, 0, 0, 0, 0, 0, 2624831, 2624831
2015, RAJASTHAN, 8, PRATAPGARH, 573, ARNOD, 1223, FATEHGARH, 36406, 1151739, Adult and non-formal education, 0, 0, 0, 0, 0, 0, 12000, 12000
2015, RAJASTHAN, 8, PRATAPGARH, 573, ARNOD, 1223, FATEHGARH, 36406, 1151739, Drinking water, 0, 0, 0, 0, 0, 0, 1215367, 1215367
2015, RAJASTHAN, 8, PRATAPGARH, 573, ARNOD, 1223, FATEHGARH, 36406, 1151739, Maintenance of community system, 0, 0, 0, 0, 0, 0, 97000, 97000
2015, RAJASTHAN, 8, PRATAPGARH, 573, ARNOD, 1223, FATEHGARH, 36406, 1151739, Roads, 0, 0, 0, 0, 0, 0, 700000, 700000
2015, RAJASTHAN, 8, PRATAPGARH, 573, ARNOD, 1223, FATEHGARH, 36406, 1151739, Sanitation, 0, 0, 0, 0, 0, 0, 30000, 30000
2015, RAJASTHAN, 8, PRATAPGARH, 573, ARNOD, 1223, FATEHGARH, 36406, 1151739, Total, 0, 0, 0, 0, 0, 0, 2054367, 2054367
2015, RAJASTHAN, 8, PRATAPGARH, 573, ARNOD, 1223, HEENGLAT, 36407, 1169198, Drinking water, 0, 0, 0, 0, 0, 0, 1091940, 1091940
2015, RAJASTHAN, 8, PRATAPGARH, 573, ARNOD, 1223, HEENGLAT, 36407, 1169198, Education, 0, 0, 0, 0, 0, 0, 499850, 499850
2015, RAJASTHAN, 8, PRATAPGARH, 573, ARNOD, 1223, HEENGLAT, 36407, 1169198, Maintenance of community system, 0, 0, 0, 0, 0, 0, 308774, 308774
2015, RAJASTHAN, 8, PRATAPGARH, 573, ARNOD, 1223, HEENGLAT, 36407, 1169198, Roads, 0, 0, 0, 0, 0, 0, 193700, 193700
2015, RAJASTHAN, 8, PRATAPGARH, 573, ARNOD, 1223, HEENGLAT, 36407, 1169198, Total, 0, 0, 0, 0, 0, 0, 2094264, 2094264
2015, RAJASTHAN, 8, PRATAPGARH, 573, ARNOD, 1223, JAJALI, 36408, 1136642, Drinking water, 0, 0, 0, 0, 0, 0, 200000, 200000
2015, RAJASTHAN, 8, PRATAPGARH, 573, ARNOD, 1223, JAJALI, 36408, 1136642, Maintenance of community system, 0, 0, 0, 0, 0, 0, 180000, 180000
2015, RAJASTHAN, 8, PRATAPGARH, 573, ARNOD, 1223, JAJALI, 36408, 1136642, Roads, 0, 0, 0, 0, 0, 0, 758950, 758950
2015, RAJASTHAN, 8, PRATAPGARH, 573, ARNOD, 1223, JAJALI, 36408, 1136642, Sanitation, 0, 0, 0, 0, 0, 0, 385755, 385755
2015, RAJASTHAN, 8, PRATAPGARH, 573, ARNOD, 1223, JAJALI, 36408, 1136642, Total, 0, 0, 0, 0, 0, 0, 1524705, 1524705
2015, RAJASTHAN, 8, PRATAPGARH, 573, ARNOD, 1223, KAN GARH, 36409, 1174764, Adult and non-formal education, 0, 0, 0, 0, 0, 0, 12000, 12000
2015, RAJASTHAN, 8, PRATAPGARH, 573, ARNOD, 1223, KAN GARH, 36409, 1174764, Drinking water, 0, 0, 0, 0, 0, 0, 1260000, 1260000
2015, RAJASTHAN, 8, PRATAPGARH, 573, ARNOD, 1223, KAN GARH, 36409, 1174764, Maintenance of community system, 0, 0, 0, 0, 0, 0, 49922, 49922
2015, RAJASTHAN, 8, PRATAPGARH, 573, ARNOD, 1223, KAN GARH, 36409, 1174764, Roads, 0, 0, 0, 0, 0, 0, 429943, 429943
2015, RAJASTHAN, 8, PRATAPGARH, 573, ARNOD, 1223, KAN GARH, 36409, 1174764, Total, 0, 0, 0, 0, 0, 0, 1751865, 1751865
2015, RAJASTHAN, 8, PRATAPGARH, 573, ARNOD, 1223, KOTRI, 36410, 1133056, Adult and non-formal education, 0, 0, 0, 0, 0, 0, 12000, 12000
2015, RAJASTHAN, 8, PRATAPGARH, 573, ARNOD, 1223, KOTRI, 36410, 1133056, Drinking water, 0, 0, 0, 0, 0, 0, 839397, 839397
2015, RAJASTHAN, 8, PRATAPGARH, 573, ARNOD, 1223, KOTRI, 36410, 1133056, Maintenance of community system, 0, 0, 0, 0, 0, 0, 37000, 37000
2015, RAJASTHAN, 8, PRATAPGARH, 573, ARNOD, 1223, KOTRI, 36410, 1133056, Roads, 0, 0, 0, 0, 0, 0, 549922, 549922
2015, RAJASTHAN, 8, PRATAPGARH, 573, ARNOD, 1223, KOTRI, 36410, 1133056, Sanitation, 0, 0, 0, 0, 0, 0, 300000, 300000
2015, RAJASTHAN, 8, PRATAPGARH, 573, ARNOD, 1223, KOTRI, 36410, 1133056, Total, 0, 0, 0, 0, 0, 0, 1738319, 1738319
2015, RAJASTHAN, 8, PRATAPGARH, 573, ARNOD, 1223, LALGARH, 36411, 1144015, Maintenance of community system, 0, 0, 0, 0, 0, 0, 155791, 155791
2015, RAJASTHAN, 8, PRATAPGARH, 573, ARNOD, 1223, LALGARH, 36411, 1144015, Roads, 0, 0, 0, 0, 0, 0, 308403, 308403
2015, RAJASTHAN, 8, PRATAPGARH, 573, ARNOD, 1223, LALGARH, 36411, 1144015, Sanitation, 0, 0, 0, 0, 0, 0, 20690, 20690
2015, RAJASTHAN, 8, PRATAPGARH, 573, ARNOD, 1223, LALGARH, 36411, 1144015, Total, 0, 0, 0, 0, 0, 0, 484884, 484884
2015, RAJASTHAN, 8, PRATAPGARH, 573, ARNOD, 1223, MOHEDA, 36412, 1168559, Drinking water, 0, 0, 0, 0, 0, 0, 339400, 339400
2015, RAJASTHAN, 8, PRATAPGARH, 573, ARNOD, 1223, MOHEDA, 36412, 1168559, Education, 0, 0, 0, 0, 0, 0, 499850, 499850
2015, RAJASTHAN, 8, PRATAPGARH, 573, ARNOD, 1223, MOHEDA, 36412, 1168559, Maintenance of community system, 0, 0, 0, 0, 0, 0, 377049, 377049
2015, RAJASTHAN, 8, PRATAPGARH, 573, ARNOD, 1223, MOHEDA, 36412, 1168559, Roads, 0, 0, 0, 0, 0, 0, 1060000, 1060000
2015, RAJASTHAN, 8, PRATAPGARH, 573, ARNOD, 1223, MOHEDA, 36412, 1168559, Total, 0, 0, 0, 0, 0, 0, 2379299, 2379299
2015, RAJASTHAN, 8, PRATAPGARH, 573, ARNOD, 1223, MOHEDA, 36412, 1168559, Women and child development, 0, 0, 0, 0, 0, 0, 103000, 103000
2015, RAJASTHAN, 8, PRATAPGARH, 573, ARNOD, 1223, MOWAI, 36414, 1153888, Drinking water, 0, 0, 0, 0, 0, 0, 822597, 822597
2015, RAJASTHAN, 8, PRATAPGARH, 573, ARNOD, 1223, MOWAI, 36414, 1153888, Education, 0, 0, 0, 0, 0, 0, 249925, 249925
2015, RAJASTHAN, 8, PRATAPGARH, 573, ARNOD, 1223, MOWAI, 36414, 1153888, Maintenance of community system, 0, 0, 0, 0, 0, 0, 49922, 49922
2015, RAJASTHAN, 8, PRATAPGARH, 573, ARNOD, 1223, MOWAI, 36414, 1153888, Roads, 0, 0, 0, 0, 0, 0, 100000, 100000
2015, RAJASTHAN, 8, PRATAPGARH, 573, ARNOD, 1223, MOWAI, 36414, 1153888, Sanitation, 0, 0, 0, 0, 0, 0, 59000, 59000
2015, RAJASTHAN, 8, PRATAPGARH, 573, ARNOD, 1223, MOWAI, 36414, 1153888, Total, 0, 0, 0, 0, 0, 0, 1281444, 1281444
2015, RAJASTHAN, 8, PRATAPGARH, 573, ARNOD, 1223, NEENOR, 36415, 1158930, Drinking water, 0, 0, 0, 0, 0, 0, 757320, 757320
2015, RAJASTHAN, 8, PRATAPGARH, 573, ARNOD, 1223, NEENOR, 36415, 1158930, Education, 0, 0, 0, 0, 0, 0, 499850, 499850
2015, RAJASTHAN, 8, PRATAPGARH, 573, ARNOD, 1223, NEENOR, 36415, 1158930, Maintenance of community system, 0, 0, 0, 0, 0, 0, 19600, 19600
2015, RAJASTHAN, 8, PRATAPGARH, 573, ARNOD, 1223, NEENOR, 36415, 1158930, Sanitation, 0, 0, 0, 0, 0, 0, 275780, 275780
2015, RAJASTHAN, 8, PRATAPGARH, 573, ARNOD, 1223, NEENOR, 36415, 1158930, Total, 0, 0, 0, 0, 0, 0, 1552550, 1552550
2015, RAJASTHAN, 8, PRATAPGARH, 573, ARNOD, 1223, NOGAWAN, 36416, 1171158, Drinking water, 0, 0, 0, 0, 0, 0, 640000, 640000
2015, RAJASTHAN, 8, PRATAPGARH, 573, ARNOD, 1223, NOGAWAN, 36416, 1171158, Maintenance of community system, 0, 0, 0, 0, 0, 0, 140398, 140398
2015, RAJASTHAN, 8, PRATAPGARH, 573, ARNOD, 1223, NOGAWAN, 36416, 1171158, Roads, 0, 0, 0, 0, 0, 0, 1100000, 1100000
2015, RAJASTHAN, 8, PRATAPGARH, 573, ARNOD, 1223, NOGAWAN, 36416, 1171158, Total, 0, 0, 0, 0, 0, 0, 1880398, 1880398
2015, RAJASTHAN, 8, PRATAPGARH, 573, ARNOD, 1223, RAIPUR JANGAL, 36418, 1166822, Drinking water, 0, 0, 0, 0, 0, 0, 694200, 694200
2015, RAJASTHAN, 8, PRATAPGARH, 573, ARNOD, 1223, RAIPUR JANGAL, 36418, 1166822, Education, 0, 0, 0, 0, 0, 0, 500000, 500000
2015, RAJASTHAN, 8, PRATAPGARH, 573, ARNOD, 1223, RAIPUR JANGAL, 36418, 1166822, Maintenance of community system, 0, 0, 0, 0, 0, 0, 227258, 227258
2015, RAJASTHAN, 8, PRATAPGARH, 573, ARNOD, 1223, RAIPUR JANGAL, 36418, 1166822, Roads, 0, 0, 0, 0, 0, 0, 1000000, 1000000
2015, RAJASTHAN, 8, PRATAPGARH, 573, ARNOD, 1223, RAIPUR JANGAL, 36418, 1166822, Total, 0, 0, 0, 0, 0, 0, 2421458, 2421458
2015, RAJASTHAN, 8, PRATAPGARH, 573, ARNOD, 1223, RAIPUR, 36417, 1159358, Drinking water, 0, 0, 0, 0, 0, 0, 1002840, 1002840
2015, RAJASTHAN, 8, PRATAPGARH, 573, ARNOD, 1223, RAIPUR, 36417, 1159358, Education, 0, 0, 0, 0, 0, 0, 499850, 499850
2015, RAJASTHAN, 8, PRATAPGARH, 573, ARNOD, 1223, RAIPUR, 36417, 1159358, Maintenance of community system, 0, 0, 0, 0, 0, 0, 181042, 181042
2015, RAJASTHAN, 8, PRATAPGARH, 573, ARNOD, 1223, RAIPUR, 36417, 1159358, Roads, 0, 0, 0, 0, 0, 0, 417314, 417314
2015, RAJASTHAN, 8, PRATAPGARH, 573, ARNOD, 1223, RAIPUR, 36417, 1159358, Total, 0, 0, 0, 0, 0, 0, 2101046, 2101046
2015, RAJASTHAN, 8, PRATAPGARH, 573, ARNOD, 1223, SAKHTHALI KHURD, 36419, 1127097, Drinking water, 0, 0, 0, 0, 0, 0, 560000, 560000
2015, RAJASTHAN, 8, PRATAPGARH, 573, ARNOD, 1223, SAKHTHALI KHURD, 36419, 1127097, Maintenance of community system, 0, 0, 0, 0, 0, 0, 44790, 44790
2015, RAJASTHAN, 8, PRATAPGARH, 573, ARNOD, 1223, SAKHTHALI KHURD, 36419, 1127097, Roads, 0, 0, 0, 0, 0, 0, 1500000, 1500000
2015, RAJASTHAN, 8, PRATAPGARH, 573, ARNOD, 1223, SAKHTHALI KHURD, 36419, 1127097, Sanitation, 0, 0, 0, 0, 0, 0, 500000, 500000
2015, RAJASTHAN, 8, PRATAPGARH, 573, ARNOD, 1223, SAKHTHALI KHURD, 36419, 1127097, Total, 0, 0, 0, 0, 0, 0, 2604790, 2604790
2015, RAJASTHAN, 8, PRATAPGARH, 573, ARNOD, 1223, SAKHTHALI KHURD, 36419, 1127211, Cultural activities, 0, 0, 0, 0, 0, 0, 272103, 272103
2015, RAJASTHAN, 8, PRATAPGARH, 573, ARNOD, 1223, SAKHTHALI KHURD, 36419, 1127211, Drinking water, 0, 0, 0, 0, 0, 0, 89995, 89995
2015, RAJASTHAN, 8, PRATAPGARH, 573, ARNOD, 1223, SAKHTHALI KHURD, 36419, 1127211, Total, 0, 0, 0, 0, 0, 0, 362098, 362098
2015, RAJASTHAN, 8, PRATAPGARH, 573, ARNOD, 1223, SALAMGARH, 36421, 1132077, Roads, 0, 0, 0, 0, 0, 0, 1036530, 1036530
2015, RAJASTHAN, 8, PRATAPGARH, 573, ARNOD, 1223, SALAMGARH, 36421, 1132077, Total, 0, 0, 0, 0, 0, 0, 1036530, 1036530
2015, RAJASTHAN, 8, PRATAPGARH, 573, ARNOD, 1223, SEWANA, 36420, 1169172, Drinking water, 0, 0, 0, 0, 0, 0, 1382620, 1382620
2015, RAJASTHAN, 8, PRATAPGARH, 573, ARNOD, 1223, SEWANA, 36420, 1169172, Education, 0, 0, 0, 0, 0, 0, 499890, 499890
2015, RAJASTHAN, 8, PRATAPGARH, 573, ARNOD, 1223, SEWANA, 36420, 1169172, Maintenance of community system, 0, 0, 0, 0, 0, 0, 188690, 188690
2015, RAJASTHAN, 8, PRATAPGARH, 573, ARNOD, 1223, SEWANA, 36420, 1169172, Roads, 0, 0, 0, 0, 0, 0, 230000, 230000
2015, RAJASTHAN, 8, PRATAPGARH, 573, ARNOD, 1223, SEWANA, 36420, 1169172, Sanitation, 0, 0, 0, 0, 0, 0, 178450, 178450
2015, RAJASTHAN, 8, PRATAPGARH, 573, ARNOD, 1223, SEWANA, 36420, 1169172, Total, 0, 0, 0, 0, 0, 0, 2479650, 2479650
2015, RAJASTHAN, 8, PRATAPGARH, 573, ARNOD, 1223, UTHEL, 36422, 1170974, Drinking water, 0, 0, 0, 0, 0, 0, 863760, 863760
2015, RAJASTHAN, 8, PRATAPGARH, 573, ARNOD, 1223, UTHEL, 36422, 1170974, Maintenance of community system, 0, 0, 0, 0, 0, 0, 390890, 390890
2015, RAJASTHAN, 8, PRATAPGARH, 573, ARNOD, 1223, UTHEL, 36422, 1170974, Roads, 0, 0, 0, 0, 0, 0, 1050000, 1050000
2015, RAJASTHAN, 8, PRATAPGARH, 573, ARNOD, 1223, UTHEL, 36422, 1170974, Total, 0, 0, 0, 0, 0, 0, 2304650, 2304650
2015, RAJASTHAN, 8, PRATAPGARH, 573, ARNOD, 1223, VEERAWALI, 36423, 1138448, Maintenance of community system, 0, 0, 0, 0, 0, 0, 200000, 200000
2015, RAJASTHAN, 8, PRATAPGARH, 573, ARNOD, 1223, VEERAWALI, 36423, 1138448, Roads, 0, 0, 0, 0, 0, 0, 1860000, 1860000
2015, RAJASTHAN, 8, PRATAPGARH, 573, ARNOD, 1223, VEERAWALI, 36423, 1138448, Sanitation, 0, 0, 0, 0, 0, 0, 16000, 16000
2015, RAJASTHAN, 8, PRATAPGARH, 573, ARNOD, 1223, VEERAWALI, 36423, 1138448, Total, 0, 0, 0, 0, 0, 0, 2076000, 2076000
2015, RAJASTHAN, 8, PRATAPGARH, 573, CHHOTI SADRI, 1229, AMBAWALI, 36545, 1126540, Animal husbandry, 0, 0, 0, 0, 0, 0, 432358, 432358
2015, RAJASTHAN, 8, PRATAPGARH, 573, CHHOTI SADRI, 1229, AMBAWALI, 36545, 1126540, Drinking water, 0, 0, 0, 0, 0, 0, 907000, 907000
2015, RAJASTHAN, 8, PRATAPGARH, 573, CHHOTI SADRI, 1229, AMBAWALI, 36545, 1126540, Total, 0, 0, 0, 0, 0, 0, 1339358, 1339358
2015, RAJASTHAN, 8, PRATAPGARH, 573, CHHOTI SADRI, 1229, BAMBORI, 36546, 1126571, Animal husbandry, 0, 0, 0, 0, 0, 0, 76000, 76000
2015, RAJASTHAN, 8, PRATAPGARH, 573, CHHOTI SADRI, 1229, BAMBORI, 36546, 1126571, Drinking water, 0, 0, 0, 0, 0, 0, 1017991, 1017991
2015, RAJASTHAN, 8, PRATAPGARH, 573, CHHOTI SADRI, 1229, BAMBORI, 36546, 1126571, Roads, 0, 0, 0, 0, 0, 0, 895000, 895000
2015, RAJASTHAN, 8, PRATAPGARH, 573, CHHOTI SADRI, 1229, BAMBORI, 36546, 1126571, Total, 0, 0, 0, 0, 0, 0, 1988991, 1988991
2015, RAJASTHAN, 8, PRATAPGARH, 573, CHHOTI SADRI, 1229, BASERA, 36547, 1123667, Drinking water, 0, 0, 0, 0, 0, 0, 1336751, 1336751
2015, RAJASTHAN, 8, PRATAPGARH, 573, CHHOTI SADRI, 1229, BASERA, 36547, 1123667, Total, 0, 0, 0, 0, 0, 0, 1336751, 1336751
2015, RAJASTHAN, 8, PRATAPGARH, 573, CHHOTI SADRI, 1229, CHANDOLI, 36548, 1126597, Adult and non-formal education, 0, 0, 0, 0, 0, 0, 100000, 100000
2015, RAJASTHAN, 8, PRATAPGARH, 573, CHHOTI SADRI, 1229, CHANDOLI, 36548, 1126597, Drinking water, 0, 0, 0, 0, 0, 0, 1182315, 1182315
2015, RAJASTHAN, 8, PRATAPGARH, 573, CHHOTI SADRI, 1229, CHANDOLI, 36548, 1126597, Total, 0, 0, 0, 0, 0, 0, 1282315, 1282315
2015, RAJASTHAN, 8, PRATAPGARH, 573, CHHOTI SADRI, 1229, DHAULA PANI, 36549, 1117794, Drinking water, 0, 0, 0, 0, 0, 0, 683243, 683243
2015, RAJASTHAN, 8, PRATAPGARH, 573, CHHOTI SADRI, 1229, DHAULA PANI, 36549, 1117794, Roads, 0, 0, 0, 0, 0, 0, 900000, 900000
2015, RAJASTHAN, 8, PRATAPGARH, 573, CHHOTI SADRI, 1229, DHAULA PANI, 36549, 1117794, Rural electrification, 0, 0, 0, 0, 0, 0, 100000, 100000
2015, RAJASTHAN, 8, PRATAPGARH, 573, CHHOTI SADRI, 1229, DHAULA PANI, 36549, 1117794, Total, 0, 0, 0, 0, 0, 0, 1683243, 1683243
2015, RAJASTHAN, 8, PRATAPGARH, 573, CHHOTI SADRI, 1229, GAGROL, 36550, 1123306, Drinking water, 0, 0, 0, 0, 0, 0, 768120, 768120
2015, RAJASTHAN, 8, PRATAPGARH, 573, CHHOTI SADRI, 1229, GAGROL, 36550, 1123306, Roads, 0, 0, 0, 0, 0, 0, 950000, 950000
2015, RAJASTHAN, 8, PRATAPGARH, 573, CHHOTI SADRI, 1229, GAGROL, 36550, 1123306, Total, 0, 0, 0, 0, 0, 0, 1718120, 1718120
2015, RAJASTHAN, 8, PRATAPGARH, 573, CHHOTI SADRI, 1229, GANESH PURA, 36551, 1127984, Adult and non-formal education, 0, 0, 0, 0, 0, 0, 447085, 447085
2015, RAJASTHAN, 8, PRATAPGARH, 573, CHHOTI SADRI, 1229, GANESH PURA, 36551, 1127984, Animal husbandry, 0, 0, 0, 0, 0, 0, 40000, 40000
2015, RAJASTHAN, 8, PRATAPGARH, 573, CHHOTI SADRI, 1229, GANESH PURA, 36551, 1127984, Drinking water, 0, 0, 0, 0, 0, 0, 400000, 400000
2015, RAJASTHAN, 8, PRATAPGARH, 573, CHHOTI SADRI, 1229, GANESH PURA, 36551, 1127984, Roads, 0, 0, 0, 0, 0, 0, 700000, 700000
2015, RAJASTHAN, 8, PRATAPGARH, 573, CHHOTI SADRI, 1229, GANESH PURA, 36551, 1127984, Total, 0, 0, 0, 0, 0, 0, 1587085, 1587085
2015, RAJASTHAN, 8, PRATAPGARH, 573, CHHOTI SADRI, 1229, GOMANA, 36552, 1122033, Drinking water, 0, 0, 0, 0, 0, 0, 350000, 350000
2015, RAJASTHAN, 8, PRATAPGARH, 573, CHHOTI SADRI, 1229, GOMANA, 36552, 1122033, Public distribution system, 0, 0, 0, 0, 0, 0, 87000, 87000
2015, RAJASTHAN, 8, PRATAPGARH, 573, CHHOTI SADRI, 1229, GOMANA, 36552, 1122033, Roads, 0, 0, 0, 0, 0, 0, 1367371, 1367371
2015, RAJASTHAN, 8, PRATAPGARH, 573, CHHOTI SADRI, 1229, GOMANA, 36552, 1122033, Social welfare, 0, 0, 0, 0, 0, 0, 50000, 50000
2015, RAJASTHAN, 8, PRATAPGARH, 573, CHHOTI SADRI, 1229, GOMANA, 36552, 1122033, Total, 0, 0, 0, 0, 0, 0, 1854371, 1854371
2015, RAJASTHAN, 8, PRATAPGARH, 573, CHHOTI SADRI, 1229, JALODA JAGEER, 36553, 1122035, Drinking water, 0, 0, 0, 0, 0, 0, 146000, 146000
2015, RAJASTHAN, 8, PRATAPGARH, 573, CHHOTI SADRI, 1229, JALODA JAGEER, 36553, 1122035, Roads, 0, 0, 0, 0, 0, 0, 1327000, 1327000
2015, RAJASTHAN, 8, PRATAPGARH, 573, CHHOTI SADRI, 1229, JALODA JAGEER, 36553, 1122035, Total, 0, 0, 0, 0, 0, 0, 1473000, 1473000
2015, RAJASTHAN, 8, PRATAPGARH, 573, CHHOTI SADRI, 1229, JALODIYA KELOO KHERA, 36554, 1128013, Drinking water, 0, 0, 0, 0, 0, 0, 1599146, 1599146
2015, RAJASTHAN, 8, PRATAPGARH, 573, CHHOTI SADRI, 1229, JALODIYA KELOO KHERA, 36554, 1128013, Total, 0, 0, 0, 0, 0, 0, 1599146, 1599146
2015, RAJASTHAN, 8, PRATAPGARH, 573, CHHOTI SADRI, 1229, KALA KOT, 36555, 1128755, Drinking water, 0, 0, 0, 0, 0, 0, 1878165, 1878165
2015, RAJASTHAN, 8, PRATAPGARH, 573, CHHOTI SADRI, 1229, KALA KOT, 36555, 1128755, Total, 0, 0, 0, 0, 0, 0, 1878165, 1878165
2015, RAJASTHAN, 8, PRATAPGARH, 573, CHHOTI SADRI, 1229, KARJOO, 36556, 1127996, Drinking water, 0, 0, 0, 0, 0, 0, 1487668, 1487668
2015, RAJASTHAN, 8, PRATAPGARH, 573, CHHOTI SADRI, 1229, KARJOO, 36556, 1127996, Total, 0, 0, 0, 0, 0, 0, 1487668, 1487668
2015, RAJASTHAN, 8, PRATAPGARH, 573, CHHOTI SADRI, 1229, KARUNDA, 36557, 1128017, Adult and non-formal education, 0, 0, 0, 0, 0, 0, 1255022, 1255022
2015, RAJASTHAN, 8, PRATAPGARH, 573, CHHOTI SADRI, 1229, KARUNDA, 36557, 1128017, Drinking water, 0, 0, 0, 0, 0, 0, 600000, 600000
2015, RAJASTHAN, 8, PRATAPGARH, 573, CHHOTI SADRI, 1229, KARUNDA, 36557, 1128017, Total, 0, 0, 0, 0, 0, 0, 1855022, 1855022
2015, RAJASTHAN, 8, PRATAPGARH, 573, CHHOTI SADRI, 1229, KESUNDA, 36558, 1162793, Adult and non-formal education, 0, 0, 0, 0, 0, 0, 1578937, 1578937
2015, RAJASTHAN, 8, PRATAPGARH, 573, CHHOTI SADRI, 1229, KESUNDA, 36558, 1162793, Drinking water, 0, 0, 0, 0, 0, 0, 1578937, 1578937
2015, RAJASTHAN, 8, PRATAPGARH, 573, CHHOTI SADRI, 1229, KESUNDA, 36558, 1162793, Total, 0, 0, 0, 0, 0, 0, 3157874, 3157874
2015, RAJASTHAN, 8, PRATAPGARH, 573, CHHOTI SADRI, 1229, MANPURA JAGEER, 36559, 1122150, Adult and non-formal education, 0, 0, 0, 0, 0, 0, 100000, 100000
2015, RAJASTHAN, 8, PRATAPGARH, 573, CHHOTI SADRI, 1229, MANPURA JAGEER, 36559, 1122150, Drinking water, 0, 0, 0, 0, 0, 0, 1445689, 1445689
2015, RAJASTHAN, 8, PRATAPGARH, 573, CHHOTI SADRI, 1229, MANPURA JAGEER, 36559, 1122150, Total, 0, 0, 0, 0, 0, 0, 1545689, 1545689
2015, RAJASTHAN, 8, PRATAPGARH, 573, CHHOTI SADRI, 1229, NARANI, 36560, 1120709, Animal husbandry, 0, 0, 0, 0, 0, 0, 176000, 176000
2015, RAJASTHAN, 8, PRATAPGARH, 573, CHHOTI SADRI, 1229, NARANI, 36560, 1120709, Cultural activities, 0, 0, 0, 0, 0, 0, 500000, 500000
2015, RAJASTHAN, 8, PRATAPGARH, 573, CHHOTI SADRI, 1229, NARANI, 36560, 1120709, Drinking water, 0, 0, 0, 0, 0, 0, 415000, 415000
2015, RAJASTHAN, 8, PRATAPGARH, 573, CHHOTI SADRI, 1229, NARANI, 36560, 1120709, Non-conventional energy sources, 0, 0, 0, 0, 0, 0, 707632, 707632
2015, RAJASTHAN, 8, PRATAPGARH, 573, CHHOTI SADRI, 1229, NARANI, 36560, 1120709, Total, 0, 0, 0, 0, 0, 0, 1798632, 1798632
2015, RAJASTHAN, 8, PRATAPGARH, 573, CHHOTI SADRI, 1229, PEELI KHERA, 36561, 1120527, Adult and non-formal education, 0, 0, 0, 0, 0, 0, 201671, 201671
2015, RAJASTHAN, 8, PRATAPGARH, 573, CHHOTI SADRI, 1229, PEELI KHERA, 36561, 1120527, Drinking water, 0, 0, 0, 0, 0, 0, 939000, 939000
2015, RAJASTHAN, 8, PRATAPGARH, 573, CHHOTI SADRI, 1229, PEELI KHERA, 36561, 1120527, Roads, 0, 0, 0, 0, 0, 0, 450000, 450000
2015, RAJASTHAN, 8, PRATAPGARH, 573, CHHOTI SADRI, 1229, PEELI KHERA, 36561, 1120527, Total, 0, 0, 0, 0, 0, 0, 1590671, 1590671
2015, RAJASTHAN, 8, PRATAPGARH, 573, CHHOTI SADRI, 1229, PEETHALWARI KALAN, 36562, 1121127, Drinking water, 0, 0, 0, 0, 0, 0, 702258, 702258
2015, RAJASTHAN, 8, PRATAPGARH, 573, CHHOTI SADRI, 1229, PEETHALWARI KALAN, 36562, 1121127, Roads, 0, 0, 0, 0, 0, 0, 450000, 450000
2015, RAJASTHAN, 8, PRATAPGARH, 573, CHHOTI SADRI, 1229, PEETHALWARI KALAN, 36562, 1121127, Total, 0, 0, 0, 0, 0, 0, 1152258, 1152258
2015, RAJASTHAN, 8, PRATAPGARH, 573, CHHOTI SADRI, 1229, RAMBHAWALI, 36563, 1122146, Adult and non-formal education, 0, 0, 0, 0, 0, 0, 197409, 197409
2015, RAJASTHAN, 8, PRATAPGARH, 573, CHHOTI SADRI, 1229, RAMBHAWALI, 36563, 1122146, Drinking water, 0, 0, 0, 0, 0, 0, 1125000, 1125000
2015, RAJASTHAN, 8, PRATAPGARH, 573, CHHOTI SADRI, 1229, RAMBHAWALI, 36563, 1122146, Total, 0, 0, 0, 0, 0, 0, 1322409, 1322409
2015, RAJASTHAN, 8, PRATAPGARH, 573, CHHOTI SADRI, 1229, SATOLA, 36564, 1121045, Drinking water, 0, 0, 0, 0, 0, 0, 150000, 150000
2015, RAJASTHAN, 8, PRATAPGARH, 573, CHHOTI SADRI, 1229, SATOLA, 36564, 1121045, Roads, 0, 0, 0, 0, 0, 0, 1493476, 1493476
2015, RAJASTHAN, 8, PRATAPGARH, 573, CHHOTI SADRI, 1229, SATOLA, 36564, 1121045, Total, 0, 0, 0, 0, 0, 0, 1643476, 1643476
2015, RAJASTHAN, 8, PRATAPGARH, 573, CHHOTI SADRI, 1229, SEMARTHALI, 36565, 1128023, Drinking water, 0, 0, 0, 0, 0, 0, 915201, 915201
2015, RAJASTHAN, 8, PRATAPGARH, 573, CHHOTI SADRI, 1229, SEMARTHALI, 36565, 1128023, Roads, 0, 0, 0, 0, 0, 0, 490000, 490000
2015, RAJASTHAN, 8, PRATAPGARH, 573, CHHOTI SADRI, 1229, SEMARTHALI, 36565, 1128023, Total, 0, 0, 0, 0, 0, 0, 1405201, 1405201
2015, RAJASTHAN, 8, PRATAPGARH, 573, CHHOTI SADRI, 1229, SIYAKHERI, 36566, 1123665, Adult and non-formal education, 0, 0, 0, 0, 0, 0, 100000, 100000
2015, RAJASTHAN, 8, PRATAPGARH, 573, CHHOTI SADRI, 1229, SIYAKHERI, 36566, 1123665, Drinking water, 0, 0, 0, 0, 0, 0, 656702, 656702
2015, RAJASTHAN, 8, PRATAPGARH, 573, CHHOTI SADRI, 1229, SIYAKHERI, 36566, 1123665, Roads, 0, 0, 0, 0, 0, 0, 700000, 700000
2015, RAJASTHAN, 8, PRATAPGARH, 573, CHHOTI SADRI, 1229, SIYAKHERI, 36566, 1123665, Total, 0, 0, 0, 0, 0, 0, 1456702, 1456702
2015, RAJASTHAN, 8, PRATAPGARH, 573, CHHOTI SADRI, 1229, SOOBI, 36567, 1120930, Adult and non-formal education, 0, 0, 0, 0, 0, 0, 100000, 100000
2015, RAJASTHAN, 8, PRATAPGARH, 573, CHHOTI SADRI, 1229, SOOBI, 36567, 1120930, Drinking water, 0, 0, 0, 0, 0, 0, 1139615, 1139615
2015, RAJASTHAN, 8, PRATAPGARH, 573, CHHOTI SADRI, 1229, SOOBI, 36567, 1120930, Total, 0, 0, 0, 0, 0, 0, 1239615, 1239615
2015, RAJASTHAN, 8, PRATAPGARH, 573, CHHOTI SADRI, 1229, SWAROOPGANJ, 36568, 1128611, Adult and non-formal education, 0, 0, 0, 0, 0, 0, 344392, 344392
2015, RAJASTHAN, 8, PRATAPGARH, 573, CHHOTI SADRI, 1229, SWAROOPGANJ, 36568, 1128611, Drinking water, 0, 0, 0, 0, 0, 0, 1557569, 1557569
2015, RAJASTHAN, 8, PRATAPGARH, 573, CHHOTI SADRI, 1229, SWAROOPGANJ, 36568, 1128611, Total, 0, 0, 0, 0, 0, 0, 1901961, 1901961
2015, RAJASTHAN, 8, PRATAPGARH, 573, DHARIAWAD, 1377, AAD, 42307, 1160792, Drinking water, 0, 0, 0, 0, 0, 0, 1500000, 1500000
2015, RAJASTHAN, 8, PRATAPGARH, 573, DHARIAWAD, 1377, AAD, 42307, 1160792, Health, 0, 0, 0, 0, 0, 0, 400000, 400000
2015, RAJASTHAN, 8, PRATAPGARH, 573, DHARIAWAD, 1377, AAD, 42307, 1160792, Roads, 0, 0, 0, 0, 0, 0, 4743000, 4743000
2015, RAJASTHAN, 8, PRATAPGARH, 573, DHARIAWAD, 1377, AAD, 42307, 1160792, Rural electrification, 0, 0, 0, 0, 0, 0, 225000, 225000
2015, RAJASTHAN, 8, PRATAPGARH, 573, DHARIAWAD, 1377, AAD, 42307, 1160792, Sanitation, 0, 0, 0, 0, 0, 0, 400000, 400000
2015, RAJASTHAN, 8, PRATAPGARH, 573, DHARIAWAD, 1377, AAD, 42307, 1160792, Total, 0, 0, 0, 0, 0, 0, 7268000, 7268000
2015, RAJASTHAN, 8, PRATAPGARH, 573, DHARIAWAD, 1377, ANT, 42311, 1163766, Agriculture, 0, 0, 0, 0, 0, 0, 500000, 500000
2015, RAJASTHAN, 8, PRATAPGARH, 573, DHARIAWAD, 1377, ANT, 42311, 1163766, Drinking water, 0, 0, 0, 0, 0, 0, 1200000, 1200000
2015, RAJASTHAN, 8, PRATAPGARH, 573, DHARIAWAD, 1377, ANT, 42311, 1163766, Health, 0, 0, 0, 0, 0, 0, 100000, 100000
2015, RAJASTHAN, 8, PRATAPGARH, 573, DHARIAWAD, 1377, ANT, 42311, 1163766, Land improvement, 0, 0, 0, 0, 0, 0, 400000, 400000
2015, RAJASTHAN, 8, PRATAPGARH, 573, DHARIAWAD, 1377, ANT, 42311, 1163766, Roads, 0, 0, 0, 0, 0, 0, 1800000, 1800000
2015, RAJASTHAN, 8, PRATAPGARH, 573, DHARIAWAD, 1377, ANT, 42311, 1163766, Rural electrification, 0, 0, 0, 0, 0, 0, 350000, 350000
2015, RAJASTHAN, 8, PRATAPGARH, 573, DHARIAWAD, 1377, ANT, 42311, 1163766, Sanitation, 0, 0, 0, 0, 0, 0, 450000, 450000
2015, RAJASTHAN, 8, PRATAPGARH, 573, DHARIAWAD, 1377, ANT, 42311, 1163766, Social welfare, 0, 0, 0, 0, 0, 0, 100000, 100000
2015, RAJASTHAN, 8, PRATAPGARH, 573, DHARIAWAD, 1377, ANT, 42311, 1163766, Total, 0, 0, 0, 0, 0, 0, 4900000, 4900000
2015, RAJASTHAN, 8, PRATAPGARH, 573, DHARIAWAD, 1377, BHANDLA, 42314, 1165483, Drinking water, 0, 0, 0, 0, 0, 0, 550000, 550000
2015, RAJASTHAN, 8, PRATAPGARH, 573, DHARIAWAD, 1377, BHANDLA, 42314, 1165483, Roads, 0, 0, 0, 0, 0, 0, 2200000, 2200000
2015, RAJASTHAN, 8, PRATAPGARH, 573, DHARIAWAD, 1377, BHANDLA, 42314, 1165483, Total, 0, 0, 0, 0, 0, 0, 2750000, 2750000
2015, RAJASTHAN, 8, PRATAPGARH, 573, DHARIAWAD, 1377, BHARKUNDI, 42316, 1164698, Drinking water, 0, 0, 0, 0, 0, 0, 1295000, 1295000
2015, RAJASTHAN, 8, PRATAPGARH, 573, DHARIAWAD, 1377, BHARKUNDI, 42316, 1164698, Roads, 0, 0, 0, 0, 0, 0, 2500000, 2500000
2015, RAJASTHAN, 8, PRATAPGARH, 573, DHARIAWAD, 1377, BHARKUNDI, 42316, 1164698, Sanitation, 0, 0, 0, 0, 0, 0, 350000, 350000
2015, RAJASTHAN, 8, PRATAPGARH, 573, DHARIAWAD, 1377, BHARKUNDI, 42316, 1164698, Social welfare, 0, 0, 0, 0, 0, 0, 1639000, 1639000
2015, RAJASTHAN, 8, PRATAPGARH, 573, DHARIAWAD, 1377, BHARKUNDI, 42316, 1164698, Total, 0, 0, 0, 0, 0, 0, 5784000, 5784000
2015, RAJASTHAN, 8, PRATAPGARH, 573, DHARIAWAD, 1377, BHOJPUR, 42317, 1166088, Administrative & Technical Support, 0, 0, 0, 0, 0, 0, 500000, 500000
2015, RAJASTHAN, 8, PRATAPGARH, 573, DHARIAWAD, 1377, BHOJPUR, 42317, 1166088, Drinking water, 0, 0, 0, 0, 0, 0, 1880000, 1880000
2015, RAJASTHAN, 8, PRATAPGARH, 573, DHARIAWAD, 1377, BHOJPUR, 42317, 1166088, Land improvement, 0, 0, 0, 0, 0, 0, 510000, 510000
2015, RAJASTHAN, 8, PRATAPGARH, 573, DHARIAWAD, 1377, BHOJPUR, 42317, 1166088, Roads, 0, 0, 0, 0, 0, 0, 3800000, 3800000
2015, RAJASTHAN, 8, PRATAPGARH, 573, DHARIAWAD, 1377, BHOJPUR, 42317, 1166088, Social forestry and farm forestry, 0, 0, 0, 0, 0, 0, 200000, 200000
2015, RAJASTHAN, 8, PRATAPGARH, 573, DHARIAWAD, 1377, BHOJPUR, 42317, 1166088, Social welfare, 0, 0, 0, 0, 0, 0, 634000, 634000
2015, RAJASTHAN, 8, PRATAPGARH, 573, DHARIAWAD, 1377, BHOJPUR, 42317, 1166088, Total, 0, 0, 0, 0, 0, 0, 7524000, 7524000
2015, RAJASTHAN, 8, PRATAPGARH, 573, DHARIAWAD, 1377, BILDIYA, 42318, 1164960, Drinking water, 0, 0, 0, 0, 0, 0, 786000, 786000
2015, RAJASTHAN, 8, PRATAPGARH, 573, DHARIAWAD, 1377, BILDIYA, 42318, 1164960, Health, 0, 0, 0, 0, 0, 0, 200000, 200000
2015, RAJASTHAN, 8, PRATAPGARH, 573, DHARIAWAD, 1377, BILDIYA, 42318, 1164960, Roads, 0, 0, 0, 0, 0, 0, 1000000, 1000000
2015, RAJASTHAN, 8, PRATAPGARH, 573, DHARIAWAD, 1377, BILDIYA, 42318, 1164960, Sanitation, 0, 0, 0, 0, 0, 0, 248000, 248000
2015, RAJASTHAN, 8, PRATAPGARH, 573, DHARIAWAD, 1377, BILDIYA, 42318, 1164960, Total, 0, 0, 0, 0, 0, 0, 2234000, 2234000
2015, RAJASTHAN, 8, PRATAPGARH, 573, DHARIAWAD, 1377, CHARI, 42319, 1165031, Agriculture, 0, 0, 0, 0, 0, 0, 100000, 100000
2015, RAJASTHAN, 8, PRATAPGARH, 573, DHARIAWAD, 1377, CHARI, 42319, 1165031, Drinking water, 0, 0, 0, 0, 0, 0, 150000, 150000
2015, RAJASTHAN, 8, PRATAPGARH, 573, DHARIAWAD, 1377, CHARI, 42319, 1165031, Roads, 0, 0, 0, 0, 0, 0, 1300000, 1300000
2015, RAJASTHAN, 8, PRATAPGARH, 573, DHARIAWAD, 1377, CHARI, 42319, 1165031, Rural housing, 0, 0, 0, 0, 0, 0, 96000, 96000
2015, RAJASTHAN, 8, PRATAPGARH, 573, DHARIAWAD, 1377, CHARI, 42319, 1165031, Total, 0, 0, 0, 0, 0, 0, 1646000, 1646000
2015, RAJASTHAN, 8, PRATAPGARH, 573, DHARIAWAD, 1377, CHARNIYA, 42320, 1162373, Drinking water, 0, 0, 0, 0, 0, 0, 750000, 750000
2015, RAJASTHAN, 8, PRATAPGARH, 573, DHARIAWAD, 1377, CHARNIYA, 42320, 1162373, Education, 0, 0, 0, 0, 0, 0, 100000, 100000
2015, RAJASTHAN, 8, PRATAPGARH, 573, DHARIAWAD, 1377, CHARNIYA, 42320, 1162373, Health, 0, 0, 0, 0, 0, 0, 650000, 650000
2015, RAJASTHAN, 8, PRATAPGARH, 573, DHARIAWAD, 1377, CHARNIYA, 42320, 1162373, Roads, 0, 0, 0, 0, 0, 0, 3738000, 3738000
2015, RAJASTHAN, 8, PRATAPGARH, 573, DHARIAWAD, 1377, CHARNIYA, 42320, 1162373, Sanitation, 0, 0, 0, 0, 0, 0, 1200000, 1200000
2015, RAJASTHAN, 8, PRATAPGARH, 573, DHARIAWAD, 1377, CHARNIYA, 42320, 1162373, Total, 0, 0, 0, 0, 0, 0, 6438000, 6438000
2015, RAJASTHAN, 8, PRATAPGARH, 573, DHARIAWAD, 1377, CHITORIYA, 42321, 1167574, Drinking water, 0, 0, 0, 0, 0, 0, 650000, 650000
2015, RAJASTHAN, 8, PRATAPGARH, 573, DHARIAWAD, 1377, CHITORIYA, 42321, 1167574, Health, 0, 0, 0, 0, 0, 0, 450000, 450000
2015, RAJASTHAN, 8, PRATAPGARH, 573, DHARIAWAD, 1377, CHITORIYA, 42321, 1167574, Sanitation, 0, 0, 0, 0, 0, 0, 622000, 622000
2015, RAJASTHAN, 8, PRATAPGARH, 573, DHARIAWAD, 1377, CHITORIYA, 42321, 1167574, Total, 0, 0, 0, 0, 0, 0, 1722000, 1722000
2015, RAJASTHAN, 8, PRATAPGARH, 573, DHARIAWAD, 1377, DATALIYA, 42322, 1167137, Agriculture, 0, 0, 0, 0, 0, 0, 75000, 75000
2015, RAJASTHAN, 8, PRATAPGARH, 573, DHARIAWAD, 1377, DATALIYA, 42322, 1167137, Drinking water, 0, 0, 0, 0, 0, 0, 550000, 550000
2015, RAJASTHAN, 8, PRATAPGARH, 573, DHARIAWAD, 1377, DATALIYA, 42322, 1167137, Land improvement, 0, 0, 0, 0, 0, 0, 150000, 150000
2015, RAJASTHAN, 8, PRATAPGARH, 573, DHARIAWAD, 1377, DATALIYA, 42322, 1167137, Roads, 0, 0, 0, 0, 0, 0, 1350000, 1350000
2015, RAJASTHAN, 8, PRATAPGARH, 573, DHARIAWAD, 1377, DATALIYA, 42322, 1167137, Sanitation, 0, 0, 0, 0, 0, 0, 300000, 300000
2015, RAJASTHAN, 8, PRATAPGARH, 573, DHARIAWAD, 1377, DATALIYA, 42322, 1167137, Total, 0, 0, 0, 0, 0, 0, 2425000, 2425000
2015, RAJASTHAN, 8, PRATAPGARH, 573, DHARIAWAD, 1377, DEVLA, 42323, 1164664, Drinking water, 0, 0, 0, 0, 0, 0, 1450000, 1450000
2015, RAJASTHAN, 8, PRATAPGARH, 573, DHARIAWAD, 1377, DEVLA, 42323, 1164664, Roads, 0, 0, 0, 0, 0, 0, 800000, 800000
2015, RAJASTHAN, 8, PRATAPGARH, 573, DHARIAWAD, 1377, DEVLA, 42323, 1164664, Sanitation, 0, 0, 0, 0, 0, 0, 200000, 200000
2015, RAJASTHAN, 8, PRATAPGARH, 573, DHARIAWAD, 1377, DEVLA, 42323, 1164664, Total, 0, 0, 0, 0, 0, 0, 2450000, 2450000
2015, RAJASTHAN, 8, PRATAPGARH, 573, DHARIAWAD, 1377, DHARIYAWAD, 42326, 1165573, Administrative & Technical Support, 0, 0, 0, 0, 0, 0, 200000, 200000
2015, RAJASTHAN, 8, PRATAPGARH, 573, DHARIAWAD, 1377, DHARIYAWAD, 42326, 1165573, Drinking water, 0, 0, 0, 0, 0, 0, 300000, 300000
2015, RAJASTHAN, 8, PRATAPGARH, 573, DHARIAWAD, 1377, DHARIYAWAD, 42326, 1165573, Roads, 0, 0, 0, 0, 0, 0, 2350000, 2350000
2015, RAJASTHAN, 8, PRATAPGARH, 573, DHARIAWAD, 1377, DHARIYAWAD, 42326, 1165573, Rural electrification, 0, 0, 0, 0, 0, 0, 1100000, 1100000
2015, RAJASTHAN, 8, PRATAPGARH, 573, DHARIAWAD, 1377, DHARIYAWAD, 42326, 1165573, Sanitation, 0, 0, 0, 0, 0, 0, 1700000, 1700000
2015, RAJASTHAN, 8, PRATAPGARH, 573, DHARIAWAD, 1377, DHARIYAWAD, 42326, 1165573, Total, 0, 0, 0, 0, 0, 0, 5650000, 5650000
2015, RAJASTHAN, 8, PRATAPGARH, 573, DHARIAWAD, 1377, GADARIYAWAS, 42330, 1165631, Adult and non-formal education, 0, 0, 0, 0, 0, 0, 194000, 194000
2015, RAJASTHAN, 8, PRATAPGARH, 573, DHARIAWAD, 1377, GADARIYAWAS, 42330, 1165631, Drinking water, 0, 0, 0, 0, 0, 0, 800000, 800000
2015, RAJASTHAN, 8, PRATAPGARH, 573, DHARIAWAD, 1377, GADARIYAWAS, 42330, 1165631, Roads, 0, 0, 0, 0, 0, 0, 1500000, 1500000
2015, RAJASTHAN, 8, PRATAPGARH, 573, DHARIAWAD, 1377, GADARIYAWAS, 42330, 1165631, Sanitation, 0, 0, 0, 0, 0, 0, 1300000, 1300000
2015, RAJASTHAN, 8, PRATAPGARH, 573, DHARIAWAD, 1377, GADARIYAWAS, 42330, 1165631, Total, 0, 0, 0, 0, 0, 0, 3794000, 3794000
2015, RAJASTHAN, 8, PRATAPGARH, 573, DHARIAWAD, 1377, GOPALPURA, 42331, 1160453, Drinking water, 0, 0, 0, 0, 0, 0, 2100000, 2100000
2015, RAJASTHAN, 8, PRATAPGARH, 573, DHARIAWAD, 1377, GOPALPURA, 42331, 1160453, Education, 0, 0, 0, 0, 0, 0, 2940000, 2940000
2015, RAJASTHAN, 8, PRATAPGARH, 573, DHARIAWAD, 1377, GOPALPURA, 42331, 1160453, Health, 0, 0, 0, 0, 0, 0, 900000, 900000
2015, RAJASTHAN, 8, PRATAPGARH, 573, DHARIAWAD, 1377, GOPALPURA, 42331, 1160453, Roads, 0, 0, 0, 0, 0, 0, 2825000, 2825000
2015, RAJASTHAN, 8, PRATAPGARH, 573, DHARIAWAD, 1377, GOPALPURA, 42331, 1160453, Social welfare, 0, 0, 0, 0, 0, 0, 500000, 500000
2015, RAJASTHAN, 8, PRATAPGARH, 573, DHARIAWAD, 1377, GOPALPURA, 42331, 1160453, Total, 0, 0, 0, 0, 0, 0, 9265000, 9265000
2015, RAJASTHAN, 8, PRATAPGARH, 573, DHARIAWAD, 1377, GOTHRA, 42332, 1164559, Agriculture, 0, 0, 0, 0, 0, 0, 629000, 629000
2015, RAJASTHAN, 8, PRATAPGARH, 573, DHARIAWAD, 1377, GOTHRA, 42332, 1164559, Drinking water, 0, 0, 0, 0, 0, 0, 550000, 550000
2015, RAJASTHAN, 8, PRATAPGARH, 573, DHARIAWAD, 1377, GOTHRA, 42332, 1164559, Roads, 0, 0, 0, 0, 0, 0, 2950000, 2950000
2015, RAJASTHAN, 8, PRATAPGARH, 573, DHARIAWAD, 1377, GOTHRA, 42332, 1164559, Sanitation, 0, 0, 0, 0, 0, 0, 700000, 700000
2015, RAJASTHAN, 8, PRATAPGARH, 573, DHARIAWAD, 1377, GOTHRA, 42332, 1164559, Total, 0, 0, 0, 0, 0, 0, 4829000, 4829000
2015, RAJASTHAN, 8, PRATAPGARH, 573, DHARIAWAD, 1377, Gadwas, 262212, 1169036, Drinking water, 0, 0, 0, 0, 0, 0, 800000, 800000
2015, RAJASTHAN, 8, PRATAPGARH, 573, DHARIAWAD, 1377, Gadwas, 262212, 1169036, Health, 0, 0, 0, 0, 0, 0, 500000, 500000
2015, RAJASTHAN, 8, PRATAPGARH, 573, DHARIAWAD, 1377, Gadwas, 262212, 1169036, Roads, 0, 0, 0, 0, 0, 0, 1000000, 1000000
2015, RAJASTHAN, 8, PRATAPGARH, 573, DHARIAWAD, 1377, Gadwas, 262212, 1169036, Total, 0, 0, 0, 0, 0, 0, 2300000, 2300000
2015, RAJASTHAN, 8, PRATAPGARH, 573, DHARIAWAD, 1377, Hajari Gurha, 262209, 1168552, Drinking water, 0, 0, 0, 0, 0, 0, 950000, 950000
2015, RAJASTHAN, 8, PRATAPGARH, 573, DHARIAWAD, 1377, Hajari Gurha, 262209, 1168552, Education, 0, 0, 0, 0, 0, 0, 350000, 350000
2015, RAJASTHAN, 8, PRATAPGARH, 573, DHARIAWAD, 1377, Hajari Gurha, 262209, 1168552, Health, 0, 0, 0, 0, 0, 0, 50000, 50000
2015, RAJASTHAN, 8, PRATAPGARH, 573, DHARIAWAD, 1377, Hajari Gurha, 262209, 1168552, Roads, 0, 0, 0, 0, 0, 0, 650000, 650000
2015, RAJASTHAN, 8, PRATAPGARH, 573, DHARIAWAD, 1377, Hajari Gurha, 262209, 1168552, Sanitation, 0, 0, 0, 0, 0, 0, 100000, 100000
2015, RAJASTHAN, 8, PRATAPGARH, 573, DHARIAWAD, 1377, Hajari Gurha, 262209, 1168552, Social welfare, 0, 0, 0, 0, 0, 0, 50000, 50000
2015, RAJASTHAN, 8, PRATAPGARH, 573, DHARIAWAD, 1377, Hajari Gurha, 262209, 1168552, Total, 0, 0, 0, 0, 0, 0, 2150000, 2150000
2015, RAJASTHAN, 8, PRATAPGARH, 573, DHARIAWAD, 1377, JAWAHAR NAGAR, 42334, 1167666, Drinking water, 0, 0, 0, 0, 0, 0, 1500000, 1500000
2015, RAJASTHAN, 8, PRATAPGARH, 573, DHARIAWAD, 1377, JAWAHAR NAGAR, 42334, 1167666, Roads, 0, 0, 0, 0, 0, 0, 300000, 300000
2015, RAJASTHAN, 8, PRATAPGARH, 573, DHARIAWAD, 1377, JAWAHAR NAGAR, 42334, 1167666, Total, 0, 0, 0, 0, 0, 0, 1800000, 1800000
2015, RAJASTHAN, 8, PRATAPGARH, 573, DHARIAWAD, 1377, JHADOLI, 42333, 1164628, Agriculture, 0, 0, 0, 0, 0, 0, 629000, 629000
2015, RAJASTHAN, 8, PRATAPGARH, 573, DHARIAWAD, 1377, JHADOLI, 42333, 1164628, Drinking water, 0, 0, 0, 0, 0, 0, 620000, 620000
2015, RAJASTHAN, 8, PRATAPGARH, 573, DHARIAWAD, 1377, JHADOLI, 42333, 1164628, Land improvement, 0, 0, 0, 0, 0, 0, 800000, 800000
2015, RAJASTHAN, 8, PRATAPGARH, 573, DHARIAWAD, 1377, JHADOLI, 42333, 1164628, Roads, 0, 0, 0, 0, 0, 0, 3750000, 3750000
2015, RAJASTHAN, 8, PRATAPGARH, 573, DHARIAWAD, 1377, JHADOLI, 42333, 1164628, Sanitation, 0, 0, 0, 0, 0, 0, 300000, 300000
2015, RAJASTHAN, 8, PRATAPGARH, 573, DHARIAWAD, 1377, JHADOLI, 42333, 1164628, Total, 0, 0, 0, 0, 0, 0, 6099000, 6099000
2015, RAJASTHAN, 8, PRATAPGARH, 573, DHARIAWAD, 1377, KESHARIYAWAD, 42336, 1168647, Roads, 0, 0, 0, 0, 0, 0, 3000000, 3000000
2015, RAJASTHAN, 8, PRATAPGARH, 573, DHARIAWAD, 1377, KESHARIYAWAD, 42336, 1168647, Sanitation, 0, 0, 0, 0, 0, 0, 500000, 500000
2015, RAJASTHAN, 8, PRATAPGARH, 573, DHARIAWAD, 1377, KESHARIYAWAD, 42336, 1168647, Total, 0, 0, 0, 0, 0, 0, 3500000, 3500000
2015, RAJASTHAN, 8, PRATAPGARH, 573, DHARIAWAD, 1377, KHOONTA, 42337, 1167999, Cultural activities, 0, 0, 0, 0, 0, 0, 200000, 200000
2015, RAJASTHAN, 8, PRATAPGARH, 573, DHARIAWAD, 1377, KHOONTA, 42337, 1167999, Drinking water, 0, 0, 0, 0, 0, 0, 400000, 400000
2015, RAJASTHAN, 8, PRATAPGARH, 573, DHARIAWAD, 1377, KHOONTA, 42337, 1167999, Roads, 0, 0, 0, 0, 0, 0, 1222000, 1222000
2015, RAJASTHAN, 8, PRATAPGARH, 573, DHARIAWAD, 1377, KHOONTA, 42337, 1167999, Sanitation, 0, 0, 0, 0, 0, 0, 578000, 578000
2015, RAJASTHAN, 8, PRATAPGARH, 573, DHARIAWAD, 1377, KHOONTA, 42337, 1167999, Total, 0, 0, 0, 0, 0, 0, 2400000, 2400000
2015, RAJASTHAN, 8, PRATAPGARH, 573, DHARIAWAD, 1377, LODIYA, 42341, 1165052, Cultural activities, 0, 0, 0, 0, 0, 0, 200000, 200000
2015, RAJASTHAN, 8, PRATAPGARH, 573, DHARIAWAD, 1377, LODIYA, 42341, 1165052, Drinking water, 0, 0, 0, 0, 0, 0, 300000, 300000
2015, RAJASTHAN, 8, PRATAPGARH, 573, DHARIAWAD, 1377, LODIYA, 42341, 1165052, Roads, 0, 0, 0, 0, 0, 0, 1700000, 1700000
2015, RAJASTHAN, 8, PRATAPGARH, 573, DHARIAWAD, 1377, LODIYA, 42341, 1165052, Sanitation, 0, 0, 0, 0, 0, 0, 200000, 200000
2015, RAJASTHAN, 8, PRATAPGARH, 573, DHARIAWAD, 1377, LODIYA, 42341, 1165052, Total, 0, 0, 0, 0, 0, 0, 2400000, 2400000
2015, RAJASTHAN, 8, PRATAPGARH, 573, DHARIAWAD, 1377, LOHAGARH, 42342, 1164641, Agriculture, 0, 0, 0, 0, 0, 0, 629000, 629000
2015, RAJASTHAN, 8, PRATAPGARH, 573, DHARIAWAD, 1377, LOHAGARH, 42342, 1164641, Drinking water, 0, 0, 0, 0, 0, 0, 650000, 650000
2015, RAJASTHAN, 8, PRATAPGARH, 573, DHARIAWAD, 1377, LOHAGARH, 42342, 1164641, Land improvement, 0, 0, 0, 0, 0, 0, 250000, 250000
2015, RAJASTHAN, 8, PRATAPGARH, 573, DHARIAWAD, 1377, LOHAGARH, 42342, 1164641, Roads, 0, 0, 0, 0, 0, 0, 3050000, 3050000
2015, RAJASTHAN, 8, PRATAPGARH, 573, DHARIAWAD, 1377, LOHAGARH, 42342, 1164641, Total, 0, 0, 0, 0, 0, 0, 4579000, 4579000
2015, RAJASTHAN, 8, PRATAPGARH, 573, DHARIAWAD, 1377, Lodi  Mandvi, 262199, 1165369, Drinking water, 0, 0, 0, 0, 0, 0, 150000, 150000
2015, RAJASTHAN, 8, PRATAPGARH, 573, DHARIAWAD, 1377, Lodi  Mandvi, 262199, 1165369, Roads, 0, 0, 0, 0, 0, 0, 1949000, 1949000
2015, RAJASTHAN, 8, PRATAPGARH, 573, DHARIAWAD, 1377, Lodi  Mandvi, 262199, 1165369, Total, 0, 0, 0, 0, 0, 0, 2099000, 2099000
2015, RAJASTHAN, 8, PRATAPGARH, 573, DHARIAWAD, 1377, MANDVI, 42343, 1165067, Drinking water, 0, 0, 0, 0, 0, 0, 549000, 549000
2015, RAJASTHAN, 8, PRATAPGARH, 573, DHARIAWAD, 1377, MANDVI, 42343, 1165067, Roads, 0, 0, 0, 0, 0, 0, 1410000, 1410000
2015, RAJASTHAN, 8, PRATAPGARH, 573, DHARIAWAD, 1377, MANDVI, 42343, 1165067, Total, 0, 0, 0, 0, 0, 0, 1959000, 1959000
2015, RAJASTHAN, 8, PRATAPGARH, 573, DHARIAWAD, 1377, MUGANA, 42345, 1168014, Drinking water, 0, 0, 0, 0, 0, 0, 600000, 600000
2015, RAJASTHAN, 8, PRATAPGARH, 573, DHARIAWAD, 1377, MUGANA, 42345, 1168014, Land improvement, 0, 0, 0, 0, 0, 0, 200000, 200000
2015, RAJASTHAN, 8, PRATAPGARH, 573, DHARIAWAD, 1377, MUGANA, 42345, 1168014, Roads, 0, 0, 0, 0, 0, 0, 1750000, 1750000
2015, RAJASTHAN, 8, PRATAPGARH, 573, DHARIAWAD, 1377, MUGANA, 42345, 1168014, Rural electrification, 0, 0, 0, 0, 0, 0, 500000, 500000
2015, RAJASTHAN, 8, PRATAPGARH, 573, DHARIAWAD, 1377, MUGANA, 42345, 1168014, Total, 0, 0, 0, 0, 0, 0, 3050000, 3050000
2015, RAJASTHAN, 8, PRATAPGARH, 573, DHARIAWAD, 1377, NALWA, 42347, 1165596, Cultural activities, 0, 0, 0, 0, 0, 0, 250000, 250000
2015, RAJASTHAN, 8, PRATAPGARH, 573, DHARIAWAD, 1377, NALWA, 42347, 1165596, Drinking water, 0, 0, 0, 0, 0, 0, 800000, 800000
2015, RAJASTHAN, 8, PRATAPGARH, 573, DHARIAWAD, 1377, NALWA, 42347, 1165596, Roads, 0, 0, 0, 0, 0, 0, 1950000, 1950000
2015, RAJASTHAN, 8, PRATAPGARH, 573, DHARIAWAD, 1377, NALWA, 42347, 1165596, Total, 0, 0, 0, 0, 0, 0, 3000000, 3000000
2015, RAJASTHAN, 8, PRATAPGARH, 573, DHARIAWAD, 1377, NAR, 42346, 1165403, Drinking water, 0, 0, 0, 0, 0, 0, 350000, 350000
2015, RAJASTHAN, 8, PRATAPGARH, 573, DHARIAWAD, 1377, NAR, 42346, 1165403, Roads, 0, 0, 0, 0, 0, 0, 2100000, 2100000
2015, RAJASTHAN, 8, PRATAPGARH, 573, DHARIAWAD, 1377, NAR, 42346, 1165403, Sanitation, 0, 0, 0, 0, 0, 0, 500000, 500000
2015, RAJASTHAN, 8, PRATAPGARH, 573, DHARIAWAD, 1377, NAR, 42346, 1165403, Total, 0, 0, 0, 0, 0, 0, 2950000, 2950000
2015, RAJASTHAN, 8, PRATAPGARH, 573, DHARIAWAD, 1377, NAYA BORIYA, 42348, 1165079, Drinking water, 0, 0, 0, 0, 0, 0, 1168000, 1168000
2015, RAJASTHAN, 8, PRATAPGARH, 573, DHARIAWAD, 1377, NAYA BORIYA, 42348, 1165079, Roads, 0, 0, 0, 0, 0, 0, 500000, 500000
2015, RAJASTHAN, 8, PRATAPGARH, 573, DHARIAWAD, 1377, NAYA BORIYA, 42348, 1165079, Total, 0, 0, 0, 0, 0, 0, 1668000, 1668000
2015, RAJASTHAN, 8, PRATAPGARH, 573, DHARIAWAD, 1377, PAREL, 42350, 1165314, Education, 0, 0, 0, 0, 0, 0, 500000, 500000
2015, RAJASTHAN, 8, PRATAPGARH, 573, DHARIAWAD, 1377, PAREL, 42350, 1165314, Roads, 0, 0, 0, 0, 0, 0, 1600000, 1600000
2015, RAJASTHAN, 8, PRATAPGARH, 573, DHARIAWAD, 1377, PAREL, 42350, 1165314, Total, 0, 0, 0, 0, 0, 0, 2100000, 2100000
2015, RAJASTHAN, 8, PRATAPGARH, 573, DHARIAWAD, 1377, PARSOLA, 42351, 1167549, Drinking water, 0, 0, 0, 0, 0, 0, 1050000, 1050000
2015, RAJASTHAN, 8, PRATAPGARH, 573, DHARIAWAD, 1377, PARSOLA, 42351, 1167549, Roads, 0, 0, 0, 0, 0, 0, 850000, 850000
2015, RAJASTHAN, 8, PRATAPGARH, 573, DHARIAWAD, 1377, PARSOLA, 42351, 1167549, Sanitation, 0, 0, 0, 0, 0, 0, 1300000, 1300000
2015, RAJASTHAN, 8, PRATAPGARH, 573, DHARIAWAD, 1377, PARSOLA, 42351, 1167549, Total, 0, 0, 0, 0, 0, 0, 3200000, 3200000
2015, RAJASTHAN, 8, PRATAPGARH, 573, DHARIAWAD, 1377, PEEPLIYA, 42352, 1162966, Agriculture, 0, 0, 0, 0, 0, 0, 629000, 629000
2015, RAJASTHAN, 8, PRATAPGARH, 573, DHARIAWAD, 1377, PEEPLIYA, 42352, 1162966, Drinking water, 0, 0, 0, 0, 0, 0, 2150000, 2150000
2015, RAJASTHAN, 8, PRATAPGARH, 573, DHARIAWAD, 1377, PEEPLIYA, 42352, 1162966, Roads, 0, 0, 0, 0, 0, 0, 3271000, 3271000
2015, RAJASTHAN, 8, PRATAPGARH, 573, DHARIAWAD, 1377, PEEPLIYA, 42352, 1162966, Sanitation, 0, 0, 0, 0, 0, 0, 250000, 250000
2015, RAJASTHAN, 8, PRATAPGARH, 573, DHARIAWAD, 1377, PEEPLIYA, 42352, 1162966, Total, 0, 0, 0, 0, 0, 0, 6947000, 6947000
2015, RAJASTHAN, 8, PRATAPGARH, 573, DHARIAWAD, 1377, PEEPLIYA, 42352, 1162966, Women and child development, 0, 0, 0, 0, 0, 0, 647000, 647000
2015, RAJASTHAN, 8, PRATAPGARH, 573, DHARIAWAD, 1377, Pahara, 262189, 1168534, Drinking water, 0, 0, 0, 0, 0, 0, 600000, 600000
2015, RAJASTHAN, 8, PRATAPGARH, 573, DHARIAWAD, 1377, Pahara, 262189, 1168534, Land improvement, 0, 0, 0, 0, 0, 0, 200000, 200000
2015, RAJASTHAN, 8, PRATAPGARH, 573, DHARIAWAD, 1377, Pahara, 262189, 1168534, Roads, 0, 0, 0, 0, 0, 0, 600000, 600000
2015, RAJASTHAN, 8, PRATAPGARH, 573, DHARIAWAD, 1377, Pahara, 262189, 1168534, Social welfare, 0, 0, 0, 0, 0, 0, 100000, 100000
2015, RAJASTHAN, 8, PRATAPGARH, 573, DHARIAWAD, 1377, Pahara, 262189, 1168534, Total, 0, 0, 0, 0, 0, 0, 1800000, 1800000
2015, RAJASTHAN, 8, PRATAPGARH, 573, DHARIAWAD, 1377, Pahara, 262189, 1168534, Women and child development, 0, 0, 0, 0, 0, 0, 300000, 300000
2015, RAJASTHAN, 8, PRATAPGARH, 573, DHARIAWAD, 1377, SIHAR, 42353, 1168803, Drinking water, 0, 0, 0, 0, 0, 0, 450000, 450000
2015, RAJASTHAN, 8, PRATAPGARH, 573, DHARIAWAD, 1377, SIHAR, 42353, 1168803, Roads, 0, 0, 0, 0, 0, 0, 2100000, 2100000
2015, RAJASTHAN, 8, PRATAPGARH, 573, DHARIAWAD, 1377, SIHAR, 42353, 1168803, Total, 0, 0, 0, 0, 0, 0, 2550000, 2550000
2015, RAJASTHAN, 8, PRATAPGARH, 573, DHARIAWAD, 1377, VAJPURA, 42312, 1165627, Drinking water, 0, 0, 0, 0, 0, 0, 1300000, 1300000
2015, RAJASTHAN, 8, PRATAPGARH, 573, DHARIAWAD, 1377, VAJPURA, 42312, 1165627, Roads, 0, 0, 0, 0, 0, 0, 1600000, 1600000
2015, RAJASTHAN, 8, PRATAPGARH, 573, DHARIAWAD, 1377, VAJPURA, 42312, 1165627, Total, 0, 0, 0, 0, 0, 0, 2900000, 2900000
2015, RAJASTHAN, 8, PRATAPGARH, 573, DHARIAWAD, 1377, charpotiya, 262206, 1168813, Agriculture, 0, 0, 0, 0, 0, 0, 629000, 629000
2015, RAJASTHAN, 8, PRATAPGARH, 573, DHARIAWAD, 1377, charpotiya, 262206, 1168813, Drinking water, 0, 0, 0, 0, 0, 0, 1000000, 1000000
2015, RAJASTHAN, 8, PRATAPGARH, 573, DHARIAWAD, 1377, charpotiya, 262206, 1168813, Education, 0, 0, 0, 0, 0, 0, 100000, 100000
2015, RAJASTHAN, 8, PRATAPGARH, 573, DHARIAWAD, 1377, charpotiya, 262206, 1168813, Health, 0, 0, 0, 0, 0, 0, 700000, 700000
2015, RAJASTHAN, 8, PRATAPGARH, 573, DHARIAWAD, 1377, charpotiya, 262206, 1168813, Roads, 0, 0, 0, 0, 0, 0, 2000000, 2000000
2015, RAJASTHAN, 8, PRATAPGARH, 573, DHARIAWAD, 1377, charpotiya, 262206, 1168813, Total, 0, 0, 0, 0, 0, 0, 4429000, 4429000
2015, RAJASTHAN, 8, PRATAPGARH, 573, DHARIAWAD, 1377, manpur, 262215, 1164882, Drinking water, 0, 0, 0, 0, 0, 0, 700000, 700000
2015, RAJASTHAN, 8, PRATAPGARH, 573, DHARIAWAD, 1377, manpur, 262215, 1164882, Roads, 0, 0, 0, 0, 0, 0, 400000, 400000
2015, RAJASTHAN, 8, PRATAPGARH, 573, DHARIAWAD, 1377, manpur, 262215, 1164882, Sanitation, 0, 0, 0, 0, 0, 0, 50000, 50000
2015, RAJASTHAN, 8, PRATAPGARH, 573, DHARIAWAD, 1377, manpur, 262215, 1164882, Social welfare, 0, 0, 0, 0, 0, 0, 50000, 50000
2015, RAJASTHAN, 8, PRATAPGARH, 573, DHARIAWAD, 1377, manpur, 262215, 1164882, Total, 0, 0, 0, 0, 0, 0, 1200000, 1200000
2015, RAJASTHAN, 8, PRATAPGARH, 573, DHARIAWAD, 1377, shakarkand, 262205, 1165417, Drinking water, 0, 0, 0, 0, 0, 0, 350000, 350000
2015, RAJASTHAN, 8, PRATAPGARH, 573, DHARIAWAD, 1377, shakarkand, 262205, 1165417, Roads, 0, 0, 0, 0, 0, 0, 900000, 900000
2015, RAJASTHAN, 8, PRATAPGARH, 573, DHARIAWAD, 1377, shakarkand, 262205, 1165417, Sanitation, 0, 0, 0, 0, 0, 0, 200000, 200000
2015, RAJASTHAN, 8, PRATAPGARH, 573, DHARIAWAD, 1377, shakarkand, 262205, 1165417, Social welfare, 0, 0, 0, 0, 0, 0, 300000, 300000
2015, RAJASTHAN, 8, PRATAPGARH, 573, DHARIAWAD, 1377, shakarkand, 262205, 1165417, Total, 0, 0, 0, 0, 0, 0, 1750000, 1750000
2015, RAJASTHAN, 8, PRATAPGARH, 573, PEEPAL KHOONT, 1177, BAKTOR, 262233, 1148995, Drinking water, 0, 0, 0, 0, 0, 0, 912000, 912000
2015, RAJASTHAN, 8, PRATAPGARH, 573, PEEPAL KHOONT, 1177, BAKTOR, 262233, 1148995, Roads, 0, 0, 0, 0, 0, 0, 250000, 250000
2015, RAJASTHAN, 8, PRATAPGARH, 573, PEEPAL KHOONT, 1177, BAKTOR, 262233, 1148995, Total, 0, 0, 0, 0, 0, 0, 1162000, 1162000
2015, RAJASTHAN, 8, PRATAPGARH, 573, PEEPAL KHOONT, 1177, BORI A, 36402, 1176639, Drinking water, 0, 0, 0, 0, 0, 0, 898050, 898050
2015, RAJASTHAN, 8, PRATAPGARH, 573, PEEPAL KHOONT, 1177, BORI A, 36402, 1176639, Roads, 0, 0, 0, 0, 0, 0, 272000, 272000
2015, RAJASTHAN, 8, PRATAPGARH, 573, PEEPAL KHOONT, 1177, BORI A, 36402, 1176639, Total, 0, 0, 0, 0, 0, 0, 1170050, 1170050
2015, RAJASTHAN, 8, PRATAPGARH, 573, PEEPAL KHOONT, 1177, BORI P, 34594, 1190844, Drinking water, 0, 0, 0, 0, 0, 0, 1901000, 1901000
2015, RAJASTHAN, 8, PRATAPGARH, 573, PEEPAL KHOONT, 1177, BORI P, 34594, 1190844, Total, 0, 0, 0, 0, 0, 0, 1901000, 1901000
2015, RAJASTHAN, 8, PRATAPGARH, 573, PEEPAL KHOONT, 1177, CHHARI, 34595, 1187345, Drinking water, 0, 0, 0, 0, 0, 0, 896550, 896550
2015, RAJASTHAN, 8, PRATAPGARH, 573, PEEPAL KHOONT, 1177, CHHARI, 34595, 1187345, Roads, 0, 0, 0, 0, 0, 0, 715450, 715450
2015, RAJASTHAN, 8, PRATAPGARH, 573, PEEPAL KHOONT, 1177, CHHARI, 34595, 1187345, Total, 0, 0, 0, 0, 0, 0, 1612000, 1612000
2015, RAJASTHAN, 8, PRATAPGARH, 573, PEEPAL KHOONT, 1177, DUNGLAWANI, 34599, 1162800, Drinking water, 0, 0, 0, 0, 0, 0, 1080000, 1080000
2015, RAJASTHAN, 8, PRATAPGARH, 573, PEEPAL KHOONT, 1177, DUNGLAWANI, 34599, 1162800, Roads, 0, 0, 0, 0, 0, 0, 717000, 717000
2015, RAJASTHAN, 8, PRATAPGARH, 573, PEEPAL KHOONT, 1177, DUNGLAWANI, 34599, 1162800, Total, 0, 0, 0, 0, 0, 0, 1797000, 1797000
2015, RAJASTHAN, 8, PRATAPGARH, 573, PEEPAL KHOONT, 1177, GHANTALI, 34601, 1176599, Drinking water, 0, 0, 0, 0, 0, 0, 1102000, 1102000
2015, RAJASTHAN, 8, PRATAPGARH, 573, PEEPAL KHOONT, 1177, GHANTALI, 34601, 1176599, Public distribution system, 0, 0, 0, 0, 0, 0, 409479, 409479
2015, RAJASTHAN, 8, PRATAPGARH, 573, PEEPAL KHOONT, 1177, GHANTALI, 34601, 1176599, Sanitation, 0, 0, 0, 0, 0, 0, 150000, 150000
2015, RAJASTHAN, 8, PRATAPGARH, 573, PEEPAL KHOONT, 1177, GHANTALI, 34601, 1176599, Total, 0, 0, 0, 0, 0, 0, 1661479, 1661479
2015, RAJASTHAN, 8, PRATAPGARH, 573, PEEPAL KHOONT, 1177, JAMLI, 34605, 1162465, Drinking water, 0, 0, 0, 0, 0, 0, 696000, 696000
2015, RAJASTHAN, 8, PRATAPGARH, 573, PEEPAL KHOONT, 1177, JAMLI, 34605, 1162465, Total, 0, 0, 0, 0, 0, 0, 696000, 696000
2015, RAJASTHAN, 8, PRATAPGARH, 573, PEEPAL KHOONT, 1177, JETHLIYA, 34606, 1149144, Drinking water, 0, 0, 0, 0, 0, 0, 641108, 641108
2015, RAJASTHAN, 8, PRATAPGARH, 573, PEEPAL KHOONT, 1177, JETHLIYA, 34606, 1149144, Roads, 0, 0, 0, 0, 0, 0, 517000, 517000
2015, RAJASTHAN, 8, PRATAPGARH, 573, PEEPAL KHOONT, 1177, JETHLIYA, 34606, 1149144, Total, 0, 0, 0, 0, 0, 0, 1158108, 1158108
2015, RAJASTHAN, 8, PRATAPGARH, 573, PEEPAL KHOONT, 1177, KACHOTIYA, 36734, 1135168, Drinking water, 0, 0, 0, 0, 0, 0, 870000, 870000
2015, RAJASTHAN, 8, PRATAPGARH, 573, PEEPAL KHOONT, 1177, KACHOTIYA, 36734, 1135168, Roads, 0, 0, 0, 0, 0, 0, 499620, 499620
2015, RAJASTHAN, 8, PRATAPGARH, 573, PEEPAL KHOONT, 1177, KACHOTIYA, 36734, 1135168, Total, 0, 0, 0, 0, 0, 0, 1369620, 1369620
2015, RAJASTHAN, 8, PRATAPGARH, 573, PEEPAL KHOONT, 1177, KALI GHATI, 34607, 1162272, Drinking water, 0, 0, 0, 0, 0, 0, 462507, 462507
2015, RAJASTHAN, 8, PRATAPGARH, 573, PEEPAL KHOONT, 1177, KALI GHATI, 34607, 1162272, Roads, 0, 0, 0, 0, 0, 0, 215000, 215000
2015, RAJASTHAN, 8, PRATAPGARH, 573, PEEPAL KHOONT, 1177, KALI GHATI, 34607, 1162272, Total, 0, 0, 0, 0, 0, 0, 677507, 677507
2015, RAJASTHAN, 8, PRATAPGARH, 573, PEEPAL KHOONT, 1177, KELAMELA, 34609, 1181139, Administrative & Technical Support, 0, 0, 0, 0, 0, 0, 100000, 100000
2015, RAJASTHAN, 8, PRATAPGARH, 573, PEEPAL KHOONT, 1177, KELAMELA, 34609, 1181139, Drinking water, 0, 0, 0, 0, 0, 0, 1246000, 1246000
2015, RAJASTHAN, 8, PRATAPGARH, 573, PEEPAL KHOONT, 1177, KELAMELA, 34609, 1181139, Roads, 0, 0, 0, 0, 0, 0, 322000, 322000
2015, RAJASTHAN, 8, PRATAPGARH, 573, PEEPAL KHOONT, 1177, KELAMELA, 34609, 1181139, Total, 0, 0, 0, 0, 0, 0, 1668000, 1668000
2015, RAJASTHAN, 8, PRATAPGARH, 573, PEEPAL KHOONT, 1177, KESHARPURA, 34610, 1181098, Drinking water, 0, 0, 0, 0, 0, 0, 1202500, 1202500
2015, RAJASTHAN, 8, PRATAPGARH, 573, PEEPAL KHOONT, 1177, KESHARPURA, 34610, 1181098, Total, 0, 0, 0, 0, 0, 0, 1202500, 1202500
2015, RAJASTHAN, 8, PRATAPGARH, 573, PEEPAL KHOONT, 1177, KUPDA, 34613, 1176610, Roads, 0, 0, 0, 0, 0, 0, 949000, 949000
2015, RAJASTHAN, 8, PRATAPGARH, 573, PEEPAL KHOONT, 1177, KUPDA, 34613, 1176610, Total, 0, 0, 0, 0, 0, 0, 949000, 949000
2015, RAJASTHAN, 8, PRATAPGARH, 573, PEEPAL KHOONT, 1177, MORWANIYA, 262229, 1149355, Drinking water, 0, 0, 0, 0, 0, 0, 912000, 912000
2015, RAJASTHAN, 8, PRATAPGARH, 573, PEEPAL KHOONT, 1177, MORWANIYA, 262229, 1149355, Total, 0, 0, 0, 0, 0, 0, 912000, 912000
2015, RAJASTHAN, 8, PRATAPGARH, 573, PEEPAL KHOONT, 1177, MOTA DHAMANIYA, 36413, 1189944, Drinking water, 0, 0, 0, 0, 0, 0, 1213226, 1213226
2015, RAJASTHAN, 8, PRATAPGARH, 573, PEEPAL KHOONT, 1177, MOTA DHAMANIYA, 36413, 1189944, Total, 0, 0, 0, 0, 0, 0, 1213226, 1213226
2015, RAJASTHAN, 8, PRATAPGARH, 573, PEEPAL KHOONT, 1177, MOTI KHERI, 36746, 1187215, Drinking water, 0, 0, 0, 0, 0, 0, 539100, 539100
2015, RAJASTHAN, 8, PRATAPGARH, 573, PEEPAL KHOONT, 1177, MOTI KHERI, 36746, 1187215, Roads, 0, 0, 0, 0, 0, 0, 772000, 772000
2015, RAJASTHAN, 8, PRATAPGARH, 573, PEEPAL KHOONT, 1177, MOTI KHERI, 36746, 1187215, Total, 0, 0, 0, 0, 0, 0, 1311100, 1311100
2015, RAJASTHAN, 8, PRATAPGARH, 573, PEEPAL KHOONT, 1177, NAYAN, 34618, 1148750, Drinking water, 0, 0, 0, 0, 0, 0, 1076000, 1076000
2015, RAJASTHAN, 8, PRATAPGARH, 573, PEEPAL KHOONT, 1177, NAYAN, 34618, 1148750, Total, 0, 0, 0, 0, 0, 0, 1076000, 1076000
2015, RAJASTHAN, 8, PRATAPGARH, 573, PEEPAL KHOONT, 1177, PANDAWA, 36750, 1247612, Drinking water, 0, 0, 0, 0, 0, 0, 605000, 605000
2015, RAJASTHAN, 8, PRATAPGARH, 573, PEEPAL KHOONT, 1177, PANDAWA, 36750, 1247612, Roads, 0, 0, 0, 0, 0, 0, 319572, 319572
2015, RAJASTHAN, 8, PRATAPGARH, 573, PEEPAL KHOONT, 1177, PANDAWA, 36750, 1247612, Total, 0, 0, 0, 0, 0, 0, 924572, 924572
2015, RAJASTHAN, 8, PRATAPGARH, 573, PEEPAL KHOONT, 1177, PARTHIPURA, 34619, 1181161, Drinking water, 0, 0, 0, 0, 0, 0, 371000, 371000
2015, RAJASTHAN, 8, PRATAPGARH, 573, PEEPAL KHOONT, 1177, PARTHIPURA, 34619, 1181161, Roads, 0, 0, 0, 0, 0, 0, 500000, 500000
2015, RAJASTHAN, 8, PRATAPGARH, 573, PEEPAL KHOONT, 1177, PARTHIPURA, 34619, 1181161, Total, 0, 0, 0, 0, 0, 0, 871000, 871000
2015, RAJASTHAN, 8, PRATAPGARH, 573, PEEPAL KHOONT, 1177, PEEPAL KHOONT, 34620, 1148868, Drinking water, 0, 0, 0, 0, 0, 0, 1368000, 1368000
2015, RAJASTHAN, 8, PRATAPGARH, 573, PEEPAL KHOONT, 1177, PEEPAL KHOONT, 34620, 1148868, Total, 0, 0, 0, 0, 0, 0, 1368000, 1368000
2015, RAJASTHAN, 8, PRATAPGARH, 573, PEEPAL KHOONT, 1177, RAM PURIYA, 36753, 1162321, Drinking water, 0, 0, 0, 0, 0, 0, 413000, 413000
2015, RAJASTHAN, 8, PRATAPGARH, 573, PEEPAL KHOONT, 1177, RAM PURIYA, 36753, 1162321, Education, 0, 0, 0, 0, 0, 0, 500000, 500000
2015, RAJASTHAN, 8, PRATAPGARH, 573, PEEPAL KHOONT, 1177, RAM PURIYA, 36753, 1162321, Roads, 0, 0, 0, 0, 0, 0, 500000, 500000
2015, RAJASTHAN, 8, PRATAPGARH, 573, PEEPAL KHOONT, 1177, RAM PURIYA, 36753, 1162321, Total, 0, 0, 0, 0, 0, 0, 1413000, 1413000
2015, RAJASTHAN, 8, PRATAPGARH, 573, PEEPAL KHOONT, 1177, RATAN PURIYA, 36754, 1162324, Drinking water, 0, 0, 0, 0, 0, 0, 299493, 299493
2015, RAJASTHAN, 8, PRATAPGARH, 573, PEEPAL KHOONT, 1177, RATAN PURIYA, 36754, 1162324, Education, 0, 0, 0, 0, 0, 0, 499850, 499850
2015, RAJASTHAN, 8, PRATAPGARH, 573, PEEPAL KHOONT, 1177, RATAN PURIYA, 36754, 1162324, Total, 0, 0, 0, 0, 0, 0, 799343, 799343
2015, RAJASTHAN, 8, PRATAPGARH, 573, PEEPAL KHOONT, 1177, ROHANIYA, 34622, 1176616, Administrative & Technical Support, 0, 0, 0, 0, 0, 0, 150000, 150000
2015, RAJASTHAN, 8, PRATAPGARH, 573, PEEPAL KHOONT, 1177, ROHANIYA, 34622, 1176616, Drinking water, 0, 0, 0, 0, 0, 0, 250000, 250000
2015, RAJASTHAN, 8, PRATAPGARH, 573, PEEPAL KHOONT, 1177, ROHANIYA, 34622, 1176616, Roads, 0, 0, 0, 0, 0, 0, 845000, 845000
2015, RAJASTHAN, 8, PRATAPGARH, 573, PEEPAL KHOONT, 1177, ROHANIYA, 34622, 1176616, Total, 0, 0, 0, 0, 0, 0, 1245000, 1245000
2015, RAJASTHAN, 8, PRATAPGARH, 573, PEEPAL KHOONT, 1177, SEMALIYA, 34624, 1148915, Drinking water, 0, 0, 0, 0, 0, 0, 696000, 696000
2015, RAJASTHAN, 8, PRATAPGARH, 573, PEEPAL KHOONT, 1177, SEMALIYA, 34624, 1148915, Roads, 0, 0, 0, 0, 0, 0, 600000, 600000
2015, RAJASTHAN, 8, PRATAPGARH, 573, PEEPAL KHOONT, 1177, SEMALIYA, 34624, 1148915, Total, 0, 0, 0, 0, 0, 0, 1296000, 1296000
2015, RAJASTHAN, 8, PRATAPGARH, 573, PEEPAL KHOONT, 1177, SODALPUR, 34625, 1181387, Drinking water, 0, 0, 0, 0, 0, 0, 1205400, 1205400
2015, RAJASTHAN, 8, PRATAPGARH, 573, PEEPAL KHOONT, 1177, SODALPUR, 34625, 1181387, Total, 0, 0, 0, 0, 0, 0, 1205400, 1205400
2015, RAJASTHAN, 8, PRATAPGARH, 573, PEEPAL KHOONT, 1177, SUHAG PURA, 36758, 1176651, Drinking water, 0, 0, 0, 0, 0, 0, 939387, 939387
2015, RAJASTHAN, 8, PRATAPGARH, 573, PEEPAL KHOONT, 1177, SUHAG PURA, 36758, 1176651, Total, 0, 0, 0, 0, 0, 0, 939387, 939387
2015, RAJASTHAN, 8, PRATAPGARH, 573, PEEPAL KHOONT, 1177, Sobaniya, 262238, 1176644, Drinking water, 0, 0, 0, 0, 0, 0, 986000, 986000
2015, RAJASTHAN, 8, PRATAPGARH, 573, PEEPAL KHOONT, 1177, Sobaniya, 262238, 1176644, Roads, 0, 0, 0, 0, 0, 0, 246000, 246000
2015, RAJASTHAN, 8, PRATAPGARH, 573, PEEPAL KHOONT, 1177, Sobaniya, 262238, 1176644, Total, 0, 0, 0, 0, 0, 0, 1232000, 1232000
2015, RAJASTHAN, 8, PRATAPGARH, 573, PEEPAL KHOONT, 1177, TAMTIYA, 34626, 1162429, Drinking water, 0, 0, 0, 0, 0, 0, 898500, 898500
2015, RAJASTHAN, 8, PRATAPGARH, 573, PEEPAL KHOONT, 1177, TAMTIYA, 34626, 1162429, Total, 0, 0, 0, 0, 0, 0, 898500, 898500
2015, RAJASTHAN, 8, PRATAPGARH, 573, PEEPAL KHOONT, 1177, THECHLA, 34627, 1177177, Administrative & Technical Support, 0, 0, 0, 0, 0, 0, 150000, 150000
2015, RAJASTHAN, 8, PRATAPGARH, 573, PEEPAL KHOONT, 1177, THECHLA, 34627, 1177177, Drinking water, 0, 0, 0, 0, 0, 0, 928000, 928000
2015, RAJASTHAN, 8, PRATAPGARH, 573, PEEPAL KHOONT, 1177, THECHLA, 34627, 1177177, Roads, 0, 0, 0, 0, 0, 0, 200000, 200000
2015, RAJASTHAN, 8, PRATAPGARH, 573, PEEPAL KHOONT, 1177, THECHLA, 34627, 1177177, Sanitation, 0, 0, 0, 0, 0, 0, 50000, 50000
2015, RAJASTHAN, 8, PRATAPGARH, 573, PEEPAL KHOONT, 1177, THECHLA, 34627, 1177177, Total, 0, 0, 0, 0, 0, 0, 1328000, 1328000
2015, RAJASTHAN, 8, PRATAPGARH, 573, PEEPAL KHOONT, 1177, VEERPUR, 36761, 1177431, Drinking water, 0, 0, 0, 0, 0, 0, 720000, 720000
2015, RAJASTHAN, 8, PRATAPGARH, 573, PEEPAL KHOONT, 1177, VEERPUR, 36761, 1177431, Roads, 0, 0, 0, 0, 0, 0, 541000, 541000
2015, RAJASTHAN, 8, PRATAPGARH, 573, PEEPAL KHOONT, 1177, VEERPUR, 36761, 1177431, Social welfare, 0, 0, 0, 0, 0, 0, 500000, 500000
2015, RAJASTHAN, 8, PRATAPGARH, 573, PEEPAL KHOONT, 1177, VEERPUR, 36761, 1177431, Total, 0, 0, 0, 0, 0, 0, 1761000, 1761000
2015, RAJASTHAN, 8, PRATAPGARH, 573, PEEPAL KHOONT, 1177, nalpara, 262223, 1190322, Drinking water, 0, 0, 0, 0, 0, 0, 1747555, 1747555
2015, RAJASTHAN, 8, PRATAPGARH, 573, PEEPAL KHOONT, 1177, nalpara, 262223, 1190322, Total, 0, 0, 0, 0, 0, 0, 1747555, 1747555
2015, RAJASTHAN, 8, PRATAPGARH, 573, PRATAPGARH, 1235, ACHAL PUR, 36713, 1159008, Drinking water, 0, 0, 0, 0, 0, 0, 616164, 616164
2015, RAJASTHAN, 8, PRATAPGARH, 573, PRATAPGARH, 1235, ACHAL PUR, 36713, 1159008, Khadi, 0, 0, 0, 0, 0, 0, 100000, 100000
2015, RAJASTHAN, 8, PRATAPGARH, 573, PRATAPGARH, 1235, ACHAL PUR, 36713, 1159008, Roads, 0, 0, 0, 0, 0, 0, 1000000, 1000000
2015, RAJASTHAN, 8, PRATAPGARH, 573, PRATAPGARH, 1235, ACHAL PUR, 36713, 1159008, Total, 0, 0, 0, 0, 0, 0, 1716164, 1716164
2015, RAJASTHAN, 8, PRATAPGARH, 573, PRATAPGARH, 1235, AMLAWAD, 36714, 1168025, Drinking water, 0, 0, 0, 0, 0, 0, 150000, 150000
2015, RAJASTHAN, 8, PRATAPGARH, 573, PRATAPGARH, 1235, AMLAWAD, 36714, 1168025, Roads, 0, 0, 0, 0, 0, 0, 250000, 250000
2015, RAJASTHAN, 8, PRATAPGARH, 573, PRATAPGARH, 1235, AMLAWAD, 36714, 1168025, Total, 0, 0, 0, 0, 0, 0, 400000, 400000
2015, RAJASTHAN, 8, PRATAPGARH, 573, PRATAPGARH, 1235, ASAWATA, 36715, 1166565, Roads, 0, 0, 0, 0, 0, 0, 1715838, 1715838
2015, RAJASTHAN, 8, PRATAPGARH, 573, PRATAPGARH, 1235, ASAWATA, 36715, 1166565, Total, 0, 0, 0, 0, 0, 0, 1715838, 1715838
2015, RAJASTHAN, 8, PRATAPGARH, 573, PRATAPGARH, 1235, AWLESHWAR, 36716, 1166589, Roads, 0, 0, 0, 0, 0, 0, 1721706, 1721706
2015, RAJASTHAN, 8, PRATAPGARH, 573, PRATAPGARH, 1235, AWLESHWAR, 36716, 1166589, Total, 0, 0, 0, 0, 0, 0, 1721706, 1721706
2015, RAJASTHAN, 8, PRATAPGARH, 573, PRATAPGARH, 1235, BARAWARDA, 36717, 1184696, Drinking water, 0, 0, 0, 0, 0, 0, 2455109, 2455109
2015, RAJASTHAN, 8, PRATAPGARH, 573, PRATAPGARH, 1235, BARAWARDA, 36717, 1184696, Total, 0, 0, 0, 0, 0, 0, 2455109, 2455109
2015, RAJASTHAN, 8, PRATAPGARH, 573, PRATAPGARH, 1235, BARDEEYA, 36718, 1166586, Drinking water, 0, 0, 0, 0, 0, 0, 737687, 737687
2015, RAJASTHAN, 8, PRATAPGARH, 573, PRATAPGARH, 1235, BARDEEYA, 36718, 1166586, Roads, 0, 0, 0, 0, 0, 0, 1250000, 1250000
2015, RAJASTHAN, 8, PRATAPGARH, 573, PRATAPGARH, 1235, BARDEEYA, 36718, 1166586, Total, 0, 0, 0, 0, 0, 0, 1987687, 1987687
2015, RAJASTHAN, 8, PRATAPGARH, 573, PRATAPGARH, 1235, BARI LANK, 36719, 1159297, Drinking water, 0, 0, 0, 0, 0, 0, 201530, 201530
2015, RAJASTHAN, 8, PRATAPGARH, 573, PRATAPGARH, 1235, BARI LANK, 36719, 1159297, Roads, 0, 0, 0, 0, 0, 0, 1307000, 1307000
2015, RAJASTHAN, 8, PRATAPGARH, 573, PRATAPGARH, 1235, BARI LANK, 36719, 1159297, Total, 0, 0, 0, 0, 0, 0, 1508530, 1508530
2015, RAJASTHAN, 8, PRATAPGARH, 573, PRATAPGARH, 1235, BAROTHA, 36720, 1184722, Drinking water, 0, 0, 0, 0, 0, 0, 250000, 250000
2015, RAJASTHAN, 8, PRATAPGARH, 573, PRATAPGARH, 1235, BAROTHA, 36720, 1184722, Roads, 0, 0, 0, 0, 0, 0, 867381, 867381
2015, RAJASTHAN, 8, PRATAPGARH, 573, PRATAPGARH, 1235, BAROTHA, 36720, 1184722, Total, 0, 0, 0, 0, 0, 0, 1117381, 1117381
2015, RAJASTHAN, 8, PRATAPGARH, 573, PRATAPGARH, 1235, BASAD, 36721, 1168149, Drinking water, 0, 0, 0, 0, 0, 0, 100000, 100000
2015, RAJASTHAN, 8, PRATAPGARH, 573, PRATAPGARH, 1235, BASAD, 36721, 1168149, Education, 0, 0, 0, 0, 0, 0, 250000, 250000
2015, RAJASTHAN, 8, PRATAPGARH, 573, PRATAPGARH, 1235, BASAD, 36721, 1168149, Roads, 0, 0, 0, 0, 0, 0, 500000, 500000
2015, RAJASTHAN, 8, PRATAPGARH, 573, PRATAPGARH, 1235, BASAD, 36721, 1168149, Total, 0, 0, 0, 0, 0, 0, 850000, 850000
2015, RAJASTHAN, 8, PRATAPGARH, 573, PRATAPGARH, 1235, BASERA, 36722, 1159217, Roads, 0, 0, 0, 0, 0, 0, 1019269, 1019269
2015, RAJASTHAN, 8, PRATAPGARH, 573, PRATAPGARH, 1235, BASERA, 36722, 1159217, Total, 0, 0, 0, 0, 0, 0, 1019269, 1019269
2015, RAJASTHAN, 8, PRATAPGARH, 573, PRATAPGARH, 1235, BORI, 36723, 1159364, Drinking water, 0, 0, 0, 0, 0, 0, 500000, 500000
2015, RAJASTHAN, 8, PRATAPGARH, 573, PRATAPGARH, 1235, BORI, 36723, 1159364, Roads, 0, 0, 0, 0, 0, 0, 448802, 448802
2015, RAJASTHAN, 8, PRATAPGARH, 573, PRATAPGARH, 1235, BORI, 36723, 1159364, Sanitation, 0, 0, 0, 0, 0, 0, 150000, 150000
2015, RAJASTHAN, 8, PRATAPGARH, 573, PRATAPGARH, 1235, BORI, 36723, 1159364, Total, 0, 0, 0, 0, 0, 0, 1098802, 1098802
2015, RAJASTHAN, 8, PRATAPGARH, 573, PRATAPGARH, 1235, CHIKLAD, 36724, 1159373, Roads, 0, 0, 0, 0, 0, 0, 1500000, 1500000
2015, RAJASTHAN, 8, PRATAPGARH, 573, PRATAPGARH, 1235, CHIKLAD, 36724, 1159373, Social welfare, 0, 0, 0, 0, 0, 0, 195629, 195629
2015, RAJASTHAN, 8, PRATAPGARH, 573, PRATAPGARH, 1235, CHIKLAD, 36724, 1159373, Total, 0, 0, 0, 0, 0, 0, 1695629, 1695629
2015, RAJASTHAN, 8, PRATAPGARH, 573, PRATAPGARH, 1235, DABRA, 36725, 1159636, Khadi, 0, 0, 0, 0, 0, 0, 400000, 400000
2015, RAJASTHAN, 8, PRATAPGARH, 573, PRATAPGARH, 1235, DABRA, 36725, 1159636, Roads, 0, 0, 0, 0, 0, 0, 994445, 994445
2015, RAJASTHAN, 8, PRATAPGARH, 573, PRATAPGARH, 1235, DABRA, 36725, 1159636, Total, 0, 0, 0, 0, 0, 0, 1394445, 1394445
2015, RAJASTHAN, 8, PRATAPGARH, 573, PRATAPGARH, 1235, DEVGARH, 36726, 1166454, Drinking water, 0, 0, 0, 0, 0, 0, 805151, 805151
2015, RAJASTHAN, 8, PRATAPGARH, 573, PRATAPGARH, 1235, DEVGARH, 36726, 1166454, Roads, 0, 0, 0, 0, 0, 0, 1000000, 1000000
2015, RAJASTHAN, 8, PRATAPGARH, 573, PRATAPGARH, 1235, DEVGARH, 36726, 1166454, Total, 0, 0, 0, 0, 0, 0, 1805151, 1805151
2015, RAJASTHAN, 8, PRATAPGARH, 573, PRATAPGARH, 1235, DHAMOTAR, 36727, 1159690, Drinking water, 0, 0, 0, 0, 0, 0, 21759, 21759
2015, RAJASTHAN, 8, PRATAPGARH, 573, PRATAPGARH, 1235, DHAMOTAR, 36727, 1159690, Land improvement, 0, 0, 0, 0, 0, 0, 120000, 120000
2015, RAJASTHAN, 8, PRATAPGARH, 573, PRATAPGARH, 1235, DHAMOTAR, 36727, 1159690, Roads, 0, 0, 0, 0, 0, 0, 1445000, 1445000
2015, RAJASTHAN, 8, PRATAPGARH, 573, PRATAPGARH, 1235, DHAMOTAR, 36727, 1159690, Total, 0, 0, 0, 0, 0, 0, 1586759, 1586759
2015, RAJASTHAN, 8, PRATAPGARH, 573, PRATAPGARH, 1235, Deopura, 262220, 1166463, Drinking water, 0, 0, 0, 0, 0, 0, 296000, 296000
2015, RAJASTHAN, 8, PRATAPGARH, 573, PRATAPGARH, 1235, Deopura, 262220, 1166463, Roads, 0, 0, 0, 0, 0, 0, 681219, 681219
2015, RAJASTHAN, 8, PRATAPGARH, 573, PRATAPGARH, 1235, Deopura, 262220, 1166463, Total, 0, 0, 0, 0, 0, 0, 977219, 977219
2015, RAJASTHAN, 8, PRATAPGARH, 573, PRATAPGARH, 1235, GADOLA, 36728, 1159335, Drinking water, 0, 0, 0, 0, 0, 0, 480000, 480000
2015, RAJASTHAN, 8, PRATAPGARH, 573, PRATAPGARH, 1235, GADOLA, 36728, 1159335, Roads, 0, 0, 0, 0, 0, 0, 750000, 750000
2015, RAJASTHAN, 8, PRATAPGARH, 573, PRATAPGARH, 1235, GADOLA, 36728, 1159335, Sanitation, 0, 0, 0, 0, 0, 0, 216598, 216598
2015, RAJASTHAN, 8, PRATAPGARH, 573, PRATAPGARH, 1235, GADOLA, 36728, 1159335, Total, 0, 0, 0, 0, 0, 0, 1446598, 1446598
2015, RAJASTHAN, 8, PRATAPGARH, 573, PRATAPGARH, 1235, GANDHER, 36729, 1184703, Drinking water, 0, 0, 0, 0, 0, 0, 750000, 750000
2015, RAJASTHAN, 8, PRATAPGARH, 573, PRATAPGARH, 1235, GANDHER, 36729, 1184703, Roads, 0, 0, 0, 0, 0, 0, 500000, 500000
2015, RAJASTHAN, 8, PRATAPGARH, 573, PRATAPGARH, 1235, GANDHER, 36729, 1184703, Total, 0, 0, 0, 0, 0, 0, 1250000, 1250000
2015, RAJASTHAN, 8, PRATAPGARH, 573, PRATAPGARH, 1235, GHOTARSI, 36730, 1164365, Drinking water, 0, 0, 0, 0, 0, 0, 180000, 180000
2015, RAJASTHAN, 8, PRATAPGARH, 573, PRATAPGARH, 1235, GHOTARSI, 36730, 1164365, Khadi, 0, 0, 0, 0, 0, 0, 253600, 253600
2015, RAJASTHAN, 8, PRATAPGARH, 573, PRATAPGARH, 1235, GHOTARSI, 36730, 1164365, Roads, 0, 0, 0, 0, 0, 0, 1116000, 1116000
2015, RAJASTHAN, 8, PRATAPGARH, 573, PRATAPGARH, 1235, GHOTARSI, 36730, 1164365, Total, 0, 0, 0, 0, 0, 0, 1549600, 1549600
2015, RAJASTHAN, 8, PRATAPGARH, 573, PRATAPGARH, 1235, GYASPUR, 36731, 1159154, Drinking water, 0, 0, 0, 0, 0, 0, 295679, 295679
2015, RAJASTHAN, 8, PRATAPGARH, 573, PRATAPGARH, 1235, GYASPUR, 36731, 1159154, Roads, 0, 0, 0, 0, 0, 0, 1000000, 1000000
2015, RAJASTHAN, 8, PRATAPGARH, 573, PRATAPGARH, 1235, GYASPUR, 36731, 1159154, Total, 0, 0, 0, 0, 0, 0, 1295679, 1295679
2015, RAJASTHAN, 8, PRATAPGARH, 573, PRATAPGARH, 1235, JHASRI, 36732, 1166431, Roads, 0, 0, 0, 0, 0, 0, 1227229, 1227229
2015, RAJASTHAN, 8, PRATAPGARH, 573, PRATAPGARH, 1235, JHASRI, 36732, 1166431, Total, 0, 0, 0, 0, 0, 0, 1227229, 1227229
2015, RAJASTHAN, 8, PRATAPGARH, 573, PRATAPGARH, 1235, JOLAR, 36733, 1166531, Education, 0, 0, 0, 0, 0, 0, 1000000, 1000000
2015, RAJASTHAN, 8, PRATAPGARH, 573, PRATAPGARH, 1235, JOLAR, 36733, 1166531, Roads, 0, 0, 0, 0, 0, 0, 1275181, 1275181
2015, RAJASTHAN, 8, PRATAPGARH, 573, PRATAPGARH, 1235, JOLAR, 36733, 1166531, Total, 0, 0, 0, 0, 0, 0, 2275181, 2275181
2015, RAJASTHAN, 8, PRATAPGARH, 573, PRATAPGARH, 1235, KALYAN PURA, 36735, 1166513, Drinking water, 0, 0, 0, 0, 0, 0, 350000, 350000
2015, RAJASTHAN, 8, PRATAPGARH, 573, PRATAPGARH, 1235, KALYAN PURA, 36735, 1166513, Roads, 0, 0, 0, 0, 0, 0, 655904, 655904
2015, RAJASTHAN, 8, PRATAPGARH, 573, PRATAPGARH, 1235, KALYAN PURA, 36735, 1166513, Total, 0, 0, 0, 0, 0, 0, 1005904, 1005904
2015, RAJASTHAN, 8, PRATAPGARH, 573, PRATAPGARH, 1235, KERWAS, 36736, 1166471, Drinking water, 0, 0, 0, 0, 0, 0, 870650, 870650
2015, RAJASTHAN, 8, PRATAPGARH, 573, PRATAPGARH, 1235, KERWAS, 36736, 1166471, Roads, 0, 0, 0, 0, 0, 0, 500000, 500000
2015, RAJASTHAN, 8, PRATAPGARH, 573, PRATAPGARH, 1235, KERWAS, 36736, 1166471, Total, 0, 0, 0, 0, 0, 0, 1370650, 1370650
2015, RAJASTHAN, 8, PRATAPGARH, 573, PRATAPGARH, 1235, KHEROT, 36737, 1167998, Roads, 0, 0, 0, 0, 0, 0, 400000, 400000
2015, RAJASTHAN, 8, PRATAPGARH, 573, PRATAPGARH, 1235, KHEROT, 36737, 1167998, Total, 0, 0, 0, 0, 0, 0, 400000, 400000
2015, RAJASTHAN, 8, PRATAPGARH, 573, PRATAPGARH, 1235, KHORIYA, 36738, 1167734, Drinking water, 0, 0, 0, 0, 0, 0, 620000, 620000
2015, RAJASTHAN, 8, PRATAPGARH, 573, PRATAPGARH, 1235, KHORIYA, 36738, 1167734, Roads, 0, 0, 0, 0, 0, 0, 825000, 825000
2015, RAJASTHAN, 8, PRATAPGARH, 573, PRATAPGARH, 1235, KHORIYA, 36738, 1167734, Total, 0, 0, 0, 0, 0, 0, 1445000, 1445000
2015, RAJASTHAN, 8, PRATAPGARH, 573, PRATAPGARH, 1235, KULMI PURA, 36739, 1168016, Roads, 0, 0, 0, 0, 0, 0, 1177000, 1177000
2015, RAJASTHAN, 8, PRATAPGARH, 573, PRATAPGARH, 1235, KULMI PURA, 36739, 1168016, Total, 0, 0, 0, 0, 0, 0, 1177000, 1177000
2015, RAJASTHAN, 8, PRATAPGARH, 573, PRATAPGARH, 1235, KULTHANA, 36740, 1166524, Roads, 0, 0, 0, 0, 0, 0, 1711927, 1711927
2015, RAJASTHAN, 8, PRATAPGARH, 573, PRATAPGARH, 1235, KULTHANA, 36740, 1166524, Total, 0, 0, 0, 0, 0, 0, 1711927, 1711927
2015, RAJASTHAN, 8, PRATAPGARH, 573, PRATAPGARH, 1235, KUNI, 36741, 1166561, Roads, 0, 0, 0, 0, 0, 0, 1956721, 1956721
2015, RAJASTHAN, 8, PRATAPGARH, 573, PRATAPGARH, 1235, KUNI, 36741, 1166561, Total, 0, 0, 0, 0, 0, 0, 1956721, 1956721
2015, RAJASTHAN, 8, PRATAPGARH, 573, PRATAPGARH, 1235, LUHARIYA, 36742, 1166554, Roads, 0, 0, 0, 0, 0, 0, 1466808, 1466808
2015, RAJASTHAN, 8, PRATAPGARH, 573, PRATAPGARH, 1235, LUHARIYA, 36742, 1166554, Total, 0, 0, 0, 0, 0, 0, 1466808, 1466808
2015, RAJASTHAN, 8, PRATAPGARH, 573, PRATAPGARH, 1235, MADHURA TALAB, 36743, 1168262, Drinking water, 0, 0, 0, 0, 0, 0, 800000, 800000
2015, RAJASTHAN, 8, PRATAPGARH, 573, PRATAPGARH, 1235, MADHURA TALAB, 36743, 1168262, Total, 0, 0, 0, 0, 0, 0, 800000, 800000
2015, RAJASTHAN, 8, PRATAPGARH, 573, PRATAPGARH, 1235, MANOHAR GARH, 36744, 1168063, Drinking water, 0, 0, 0, 0, 0, 0, 372000, 372000
2015, RAJASTHAN, 8, PRATAPGARH, 573, PRATAPGARH, 1235, MANOHAR GARH, 36744, 1168063, Roads, 0, 0, 0, 0, 0, 0, 750000, 750000
2015, RAJASTHAN, 8, PRATAPGARH, 573, PRATAPGARH, 1235, MANOHAR GARH, 36744, 1168063, Total, 0, 0, 0, 0, 0, 0, 1122000, 1122000
2015, RAJASTHAN, 8, PRATAPGARH, 573, PRATAPGARH, 1235, MERIYA KHERI, 36745, 1166553, Drinking water, 0, 0, 0, 0, 0, 0, 810408, 810408
2015, RAJASTHAN, 8, PRATAPGARH, 573, PRATAPGARH, 1235, MERIYA KHERI, 36745, 1166553, Roads, 0, 0, 0, 0, 0, 0, 895000, 895000
2015, RAJASTHAN, 8, PRATAPGARH, 573, PRATAPGARH, 1235, MERIYA KHERI, 36745, 1166553, Total, 0, 0, 0, 0, 0, 0, 1705408, 1705408
2015, RAJASTHAN, 8, PRATAPGARH, 573, PRATAPGARH, 1235, NAKOR, 36747, 1166598, Roads, 0, 0, 0, 0, 0, 0, 2481512, 2481512
2015, RAJASTHAN, 8, PRATAPGARH, 573, PRATAPGARH, 1235, NAKOR, 36747, 1166598, Total, 0, 0, 0, 0, 0, 0, 2481512, 2481512
2015, RAJASTHAN, 8, PRATAPGARH, 573, PRATAPGARH, 1235, NARAYAN  KHEDA, 36748, 1166592, Drinking water, 0, 0, 0, 0, 0, 0, 87663, 87663
2015, RAJASTHAN, 8, PRATAPGARH, 573, PRATAPGARH, 1235, NARAYAN  KHEDA, 36748, 1166592, Roads, 0, 0, 0, 0, 0, 0, 1194000, 1194000
2015, RAJASTHAN, 8, PRATAPGARH, 573, PRATAPGARH, 1235, NARAYAN  KHEDA, 36748, 1166592, Total, 0, 0, 0, 0, 0, 0, 1281663, 1281663
2015, RAJASTHAN, 8, PRATAPGARH, 573, PRATAPGARH, 1235, PAL, 36749, 1166602, Drinking water, 0, 0, 0, 0, 0, 0, 976930, 976930
2015, RAJASTHAN, 8, PRATAPGARH, 573, PRATAPGARH, 1235, PAL, 36749, 1166602, Roads, 0, 0, 0, 0, 0, 0, 1000000, 1000000
2015, RAJASTHAN, 8, PRATAPGARH, 573, PRATAPGARH, 1235, PAL, 36749, 1166602, Total, 0, 0, 0, 0, 0, 0, 1976930, 1976930
2015, RAJASTHAN, 8, PRATAPGARH, 573, PRATAPGARH, 1235, PANMODI, 36751, 1166608, Roads, 0, 0, 0, 0, 0, 0, 1683895, 1683895
2015, RAJASTHAN, 8, PRATAPGARH, 573, PRATAPGARH, 1235, PANMODI, 36751, 1166608, Total, 0, 0, 0, 0, 0, 0, 1683895, 1683895
2015, RAJASTHAN, 8, PRATAPGARH, 573, PRATAPGARH, 1235, PEELOO, 36752, 1166605, Roads, 0, 0, 0, 0, 0, 0, 2014742, 2014742
2015, RAJASTHAN, 8, PRATAPGARH, 573, PRATAPGARH, 1235, PEELOO, 36752, 1166605, Total, 0, 0, 0, 0, 0, 0, 2014742, 2014742
2015, RAJASTHAN, 8, PRATAPGARH, 573, PRATAPGARH, 1235, RATHAJANA, 36755, 1166611, Roads, 0, 0, 0, 0, 0, 0, 1585455, 1585455
2015, RAJASTHAN, 8, PRATAPGARH, 573, PRATAPGARH, 1235, RATHAJANA, 36755, 1166611, Total, 0, 0, 0, 0, 0, 0, 1585455, 1585455
2015, RAJASTHAN, 8, PRATAPGARH, 573, PRATAPGARH, 1235, SAREE PEEPLI, 36756, 1166537, Roads, 0, 0, 0, 0, 0, 0, 1070117, 1070117
2015, RAJASTHAN, 8, PRATAPGARH, 573, PRATAPGARH, 1235, SAREE PEEPLI, 36756, 1166537, Total, 0, 0, 0, 0, 0, 0, 1070117, 1070117
2015, RAJASTHAN, 8, PRATAPGARH, 573, PRATAPGARH, 1235, SIDH PURA, 36757, 1114152, Drinking water, 0, 0, 0, 0, 0, 0, 694762, 694762
2015, RAJASTHAN, 8, PRATAPGARH, 573, PRATAPGARH, 1235, SIDH PURA, 36757, 1114152, Roads, 0, 0, 0, 0, 0, 0, 450000, 450000
2015, RAJASTHAN, 8, PRATAPGARH, 573, PRATAPGARH, 1235, SIDH PURA, 36757, 1114152, Total, 0, 0, 0, 0, 0, 0, 1144762, 1144762
2015, RAJASTHAN, 8, PRATAPGARH, 573, PRATAPGARH, 1235, THARA, 36759, 1166544, Education, 0, 0, 0, 0, 0, 0, 1296984, 1296984
2015, RAJASTHAN, 8, PRATAPGARH, 573, PRATAPGARH, 1235, THARA, 36759, 1166544, Total, 0, 0, 0, 0, 0, 0, 1296984, 1296984
2015, RAJASTHAN, 8, PRATAPGARH, 573, PRATAPGARH, 1235, VARMANDAL, 36760, 1168131, Roads, 0, 0, 0, 0, 0, 0, 400000, 400000
2015, RAJASTHAN, 8, PRATAPGARH, 573, PRATAPGARH, 1235, VARMANDAL, 36760, 1168131, Total, 0, 0, 0, 0, 0, 0, 400000, 400000
2015, RAJASTHAN, 8, RAJSAMAND, 103, AMET, 1344, AGARIYA, 41117, 1128595, Drinking water, 0, 0, 0, 0, 0, 0, 1550000, 1550000
2015, RAJASTHAN, 8, RAJSAMAND, 103, AMET, 1344, AGARIYA, 41117, 1128595, Roads, 0, 0, 0, 0, 0, 0, 200000, 200000
2015, RAJASTHAN, 8, RAJSAMAND, 103, AMET, 1344, AGARIYA, 41117, 1128595, Total, 0, 0, 0, 0, 0, 0, 1750000, 1750000
2015, RAJASTHAN, 8, RAJSAMAND, 103, AMET, 1344, AIDANA, 41118, 1100991, Drinking water, 0, 0, 0, 0, 0, 0, 1250000, 1250000
2015, RAJASTHAN, 8, RAJSAMAND, 103, AMET, 1344, AIDANA, 41118, 1100991, Total, 0, 0, 0, 0, 0, 0, 1250000, 1250000
2015, RAJASTHAN, 8, RAJSAMAND, 103, AMET, 1344, BEEKAWAS, 41119, 1104034, Drinking water, 0, 0, 0, 0, 0, 0, 1035000, 1035000
2015, RAJASTHAN, 8, RAJSAMAND, 103, AMET, 1344, BEEKAWAS, 41119, 1104034, Total, 0, 0, 0, 0, 0, 0, 1035000, 1035000
2015, RAJASTHAN, 8, RAJSAMAND, 103, AMET, 1344, DOWADA, 41120, 1142425, Drinking water, 0, 0, 0, 0, 0, 0, 1210000, 1210000
2015, RAJASTHAN, 8, RAJSAMAND, 103, AMET, 1344, DOWADA, 41120, 1142425, Total, 0, 0, 0, 0, 0, 0, 1210000, 1210000
2015, RAJASTHAN, 8, RAJSAMAND, 103, AMET, 1344, GALWA, 41121, 1098385, Drinking water, 0, 0, 0, 0, 0, 0, 1200000, 1200000
2015, RAJASTHAN, 8, RAJSAMAND, 103, AMET, 1344, GALWA, 41121, 1098385, Total, 0, 0, 0, 0, 0, 0, 1200000, 1200000
2015, RAJASTHAN, 8, RAJSAMAND, 103, AMET, 1344, GHOSUNDI, 41122, 1104206, Drinking water, 0, 0, 0, 0, 0, 0, 505000, 505000
2015, RAJASTHAN, 8, RAJSAMAND, 103, AMET, 1344, GHOSUNDI, 41122, 1104206, Markets and fairs, 0, 0, 0, 0, 0, 0, 40000, 40000
2015, RAJASTHAN, 8, RAJSAMAND, 103, AMET, 1344, GHOSUNDI, 41122, 1104206, Roads, 0, 0, 0, 0, 0, 0, 100000, 100000
2015, RAJASTHAN, 8, RAJSAMAND, 103, AMET, 1344, GHOSUNDI, 41122, 1104206, Sanitation, 0, 0, 0, 0, 0, 0, 30000, 30000
2015, RAJASTHAN, 8, RAJSAMAND, 103, AMET, 1344, GHOSUNDI, 41122, 1104206, Total, 0, 0, 0, 0, 0, 0, 675000, 675000
2015, RAJASTHAN, 8, RAJSAMAND, 103, AMET, 1344, GOWAL, 41123, 1123083, Drinking water, 0, 0, 0, 0, 0, 0, 780000, 780000
2015, RAJASTHAN, 8, RAJSAMAND, 103, AMET, 1344, GOWAL, 41123, 1123083, Total, 0, 0, 0, 0, 0, 0, 780000, 780000
2015, RAJASTHAN, 8, RAJSAMAND, 103, AMET, 1344, JEELOLA, 41126, 1104224, Drinking water, 0, 0, 0, 0, 0, 0, 1100000, 1100000
2015, RAJASTHAN, 8, RAJSAMAND, 103, AMET, 1344, JEELOLA, 41126, 1104224, Total, 0, 0, 0, 0, 0, 0, 1100000, 1100000
2015, RAJASTHAN, 8, RAJSAMAND, 103, AMET, 1344, JETPURA, 41124, 1141605, Drinking water, 0, 0, 0, 0, 0, 0, 550000, 550000
2015, RAJASTHAN, 8, RAJSAMAND, 103, AMET, 1344, JETPURA, 41124, 1141605, Roads, 0, 0, 0, 0, 0, 0, 150000, 150000
2015, RAJASTHAN, 8, RAJSAMAND, 103, AMET, 1344, JETPURA, 41124, 1141605, Total, 0, 0, 0, 0, 0, 0, 700000, 700000
2015, RAJASTHAN, 8, RAJSAMAND, 103, AMET, 1344, JHOR, 41125, 1096812, Drinking water, 0, 0, 0, 0, 0, 0, 230000, 230000
2015, RAJASTHAN, 8, RAJSAMAND, 103, AMET, 1344, JHOR, 41125, 1096812, Roads, 0, 0, 0, 0, 0, 0, 825000, 825000
2015, RAJASTHAN, 8, RAJSAMAND, 103, AMET, 1344, JHOR, 41125, 1096812, Total, 0, 0, 0, 0, 0, 0, 1055000, 1055000
2015, RAJASTHAN, 8, RAJSAMAND, 103, AMET, 1344, KHAKHAR MALA, 41127, 1098364, Drinking water, 0, 0, 0, 0, 0, 0, 800000, 800000
2015, RAJASTHAN, 8, RAJSAMAND, 103, AMET, 1344, KHAKHAR MALA, 41127, 1098364, Total, 0, 0, 0, 0, 0, 0, 800000, 800000
2015, RAJASTHAN, 8, RAJSAMAND, 103, AMET, 1344, LIKI, 41128, 1119950, Drinking water, 0, 0, 0, 0, 0, 0, 1300000, 1300000
2015, RAJASTHAN, 8, RAJSAMAND, 103, AMET, 1344, LIKI, 41128, 1119950, Markets and fairs, 0, 0, 0, 0, 0, 0, 30000, 30000
2015, RAJASTHAN, 8, RAJSAMAND, 103, AMET, 1344, LIKI, 41128, 1119950, Total, 0, 0, 0, 0, 0, 0, 1330000, 1330000
2015, RAJASTHAN, 8, RAJSAMAND, 103, AMET, 1344, LODHIYANA, 41129, 1140670, Drinking water, 0, 0, 0, 0, 0, 0, 800000, 800000
2015, RAJASTHAN, 8, RAJSAMAND, 103, AMET, 1344, LODHIYANA, 41129, 1140670, Roads, 0, 0, 0, 0, 0, 0, 200000, 200000
2015, RAJASTHAN, 8, RAJSAMAND, 103, AMET, 1344, LODHIYANA, 41129, 1140670, Total, 0, 0, 0, 0, 0, 0, 1000000, 1000000
2015, RAJASTHAN, 8, RAJSAMAND, 103, AMET, 1344, OLANO KA KHERA, 41130, 1127702, Roads, 0, 0, 0, 0, 0, 0, 1300000, 1300000
2015, RAJASTHAN, 8, RAJSAMAND, 103, AMET, 1344, OLANO KA KHERA, 41130, 1127702, Total, 0, 0, 0, 0, 0, 0, 1300000, 1300000
2015, RAJASTHAN, 8, RAJSAMAND, 103, AMET, 1344, PANOTIYA, 41131, 1104036, Drinking water, 0, 0, 0, 0, 0, 0, 200000, 200000
2015, RAJASTHAN, 8, RAJSAMAND, 103, AMET, 1344, PANOTIYA, 41131, 1104036, Roads, 0, 0, 0, 0, 0, 0, 1230000, 1230000
2015, RAJASTHAN, 8, RAJSAMAND, 103, AMET, 1344, PANOTIYA, 41131, 1104036, Total, 0, 0, 0, 0, 0, 0, 1430000, 1430000
2015, RAJASTHAN, 8, RAJSAMAND, 103, AMET, 1344, RACHHETI, 41132, 1123118, Drinking water, 0, 0, 0, 0, 0, 0, 660000, 660000
2015, RAJASTHAN, 8, RAJSAMAND, 103, AMET, 1344, RACHHETI, 41132, 1123118, Total, 0, 0, 0, 0, 0, 0, 660000, 660000
2015, RAJASTHAN, 8, RAJSAMAND, 103, AMET, 1344, SAKARDA, 41134, 1127411, Drinking water, 0, 0, 0, 0, 0, 0, 892504, 892504
2015, RAJASTHAN, 8, RAJSAMAND, 103, AMET, 1344, SAKARDA, 41134, 1127411, Roads, 0, 0, 0, 0, 0, 0, 200000, 200000
2015, RAJASTHAN, 8, RAJSAMAND, 103, AMET, 1344, SAKARDA, 41134, 1127411, Total, 0, 0, 0, 0, 0, 0, 1092504, 1092504
2015, RAJASTHAN, 8, RAJSAMAND, 103, AMET, 1344, SARDARGARH, 41135, 1098386, Drinking water, 0, 0, 0, 0, 0, 0, 1600000, 1600000
2015, RAJASTHAN, 8, RAJSAMAND, 103, AMET, 1344, SARDARGARH, 41135, 1098386, Total, 0, 0, 0, 0, 0, 0, 1600000, 1600000
2015, RAJASTHAN, 8, RAJSAMAND, 103, AMET, 1344, SELA GURHA, 41133, 1098432, Drinking water, 0, 0, 0, 0, 0, 0, 670000, 670000
2015, RAJASTHAN, 8, RAJSAMAND, 103, AMET, 1344, SELA GURHA, 41133, 1098432, Total, 0, 0, 0, 0, 0, 0, 670000, 670000
2015, RAJASTHAN, 8, RAJSAMAND, 103, AMET, 1344, SIYANA, 41136, 1127428, Drinking water, 0, 0, 0, 0, 0, 0, 500000, 500000
2015, RAJASTHAN, 8, RAJSAMAND, 103, AMET, 1344, SIYANA, 41136, 1127428, Roads, 0, 0, 0, 0, 0, 0, 250000, 250000
2015, RAJASTHAN, 8, RAJSAMAND, 103, AMET, 1344, SIYANA, 41136, 1127428, Total, 0, 0, 0, 0, 0, 0, 750000, 750000
2015, RAJASTHAN, 8, RAJSAMAND, 103, BHIM, 1345, AJEETGARH, 41137, 1117695, Drinking water, 0, 0, 0, 0, 0, 0, 325000, 325000
2015, RAJASTHAN, 8, RAJSAMAND, 103, BHIM, 1345, AJEETGARH, 41137, 1117695, Education, 0, 0, 0, 0, 0, 0, 800000, 800000
2015, RAJASTHAN, 8, RAJSAMAND, 103, BHIM, 1345, AJEETGARH, 41137, 1117695, Roads, 0, 0, 0, 0, 0, 0, 350000, 350000
2015, RAJASTHAN, 8, RAJSAMAND, 103, BHIM, 1345, AJEETGARH, 41137, 1117695, Total, 0, 0, 0, 0, 0, 0, 1475000, 1475000
2015, RAJASTHAN, 8, RAJSAMAND, 103, BHIM, 1345, BAGGAR, 41138, 1105164, Drinking water, 0, 0, 0, 0, 0, 0, 1070000, 1070000
2015, RAJASTHAN, 8, RAJSAMAND, 103, BHIM, 1345, BAGGAR, 41138, 1105164, Social welfare, 0, 0, 0, 0, 0, 0, 34398, 34398
2015, RAJASTHAN, 8, RAJSAMAND, 103, BHIM, 1345, BAGGAR, 41138, 1105164, Total, 0, 0, 0, 0, 0, 0, 1104398, 1104398
2015, RAJASTHAN, 8, RAJSAMAND, 103, BHIM, 1345, BAGHNA, 41139, 1128762, Drinking water, 0, 0, 0, 0, 0, 0, 840000, 840000
2015, RAJASTHAN, 8, RAJSAMAND, 103, BHIM, 1345, BAGHNA, 41139, 1128762, Total, 0, 0, 0, 0, 0, 0, 840000, 840000
2015, RAJASTHAN, 8, RAJSAMAND, 103, BHIM, 1345, BALI, 41140, 1129993, Drinking water, 0, 0, 0, 0, 0, 0, 985000, 985000
2015, RAJASTHAN, 8, RAJSAMAND, 103, BHIM, 1345, BALI, 41140, 1129993, Land improvement, 0, 0, 0, 0, 0, 0, 200000, 200000
2015, RAJASTHAN, 8, RAJSAMAND, 103, BHIM, 1345, BALI, 41140, 1129993, Total, 0, 0, 0, 0, 0, 0, 1185000, 1185000
2015, RAJASTHAN, 8, RAJSAMAND, 103, BHIM, 1345, BAR, 41141, 1118811, Drinking water, 0, 0, 0, 0, 0, 0, 836800, 836800
2015, RAJASTHAN, 8, RAJSAMAND, 103, BHIM, 1345, BAR, 41141, 1118811, Roads, 0, 0, 0, 0, 0, 0, 650000, 650000
2015, RAJASTHAN, 8, RAJSAMAND, 103, BHIM, 1345, BAR, 41141, 1118811, Total, 0, 0, 0, 0, 0, 0, 1486800, 1486800
2015, RAJASTHAN, 8, RAJSAMAND, 103, BHIM, 1345, BARAR, 41142, 1115338, Drinking water, 0, 0, 0, 0, 0, 0, 655000, 655000
2015, RAJASTHAN, 8, RAJSAMAND, 103, BHIM, 1345, BARAR, 41142, 1115338, Education, 0, 0, 0, 0, 0, 0, 100000, 100000
2015, RAJASTHAN, 8, RAJSAMAND, 103, BHIM, 1345, BARAR, 41142, 1115338, Land improvement, 0, 0, 0, 0, 0, 0, 200000, 200000
2015, RAJASTHAN, 8, RAJSAMAND, 103, BHIM, 1345, BARAR, 41142, 1115338, Public distribution system, 0, 0, 0, 0, 0, 0, 100000, 100000
2015, RAJASTHAN, 8, RAJSAMAND, 103, BHIM, 1345, BARAR, 41142, 1115338, Roads, 0, 0, 0, 0, 0, 0, 250000, 250000
2015, RAJASTHAN, 8, RAJSAMAND, 103, BHIM, 1345, BARAR, 41142, 1115338, Social welfare, 0, 0, 0, 0, 0, 0, 910000, 910000
2015, RAJASTHAN, 8, RAJSAMAND, 103, BHIM, 1345, BARAR, 41142, 1115338, Total, 0, 0, 0, 0, 0, 0, 2215000, 2215000
2015, RAJASTHAN, 8, RAJSAMAND, 103, BHIM, 1345, BARJAL, 41143, 1103257, Drinking water, 0, 0, 0, 0, 0, 0, 500000, 500000
2015, RAJASTHAN, 8, RAJSAMAND, 103, BHIM, 1345, BARJAL, 41143, 1103257, Public distribution system, 0, 0, 0, 0, 0, 0, 40000, 40000
2015, RAJASTHAN, 8, RAJSAMAND, 103, BHIM, 1345, BARJAL, 41143, 1103257, Roads, 0, 0, 0, 0, 0, 0, 856000, 856000
2015, RAJASTHAN, 8, RAJSAMAND, 103, BHIM, 1345, BARJAL, 41143, 1103257, Total, 0, 0, 0, 0, 0, 0, 1396000, 1396000
2015, RAJASTHAN, 8, RAJSAMAND, 103, BHIM, 1345, BHIM, 41144, 1106644, Drinking water, 0, 0, 0, 0, 0, 0, 365000, 365000
2015, RAJASTHAN, 8, RAJSAMAND, 103, BHIM, 1345, BHIM, 41144, 1106644, Land improvement, 0, 0, 0, 0, 0, 0, 392000, 392000
2015, RAJASTHAN, 8, RAJSAMAND, 103, BHIM, 1345, BHIM, 41144, 1106644, Roads, 0, 0, 0, 0, 0, 0, 200000, 200000
2015, RAJASTHAN, 8, RAJSAMAND, 103, BHIM, 1345, BHIM, 41144, 1106644, Sanitation, 0, 0, 0, 0, 0, 0, 100000, 100000
2015, RAJASTHAN, 8, RAJSAMAND, 103, BHIM, 1345, BHIM, 41144, 1106644, Total, 0, 0, 0, 0, 0, 0, 1057000, 1057000
2015, RAJASTHAN, 8, RAJSAMAND, 103, BHIM, 1345, BILIYAWAS, 262240, 1115595, Drinking water, 0, 0, 0, 0, 0, 0, 454650, 454650
2015, RAJASTHAN, 8, RAJSAMAND, 103, BHIM, 1345, BILIYAWAS, 262240, 1115595, Roads, 0, 0, 0, 0, 0, 0, 334800, 334800
2015, RAJASTHAN, 8, RAJSAMAND, 103, BHIM, 1345, BILIYAWAS, 262240, 1115595, Total, 0, 0, 0, 0, 0, 0, 789450, 789450
2015, RAJASTHAN, 8, RAJSAMAND, 103, BHIM, 1345, BORWA, 41145, 1106948, Drinking water, 0, 0, 0, 0, 0, 0, 270000, 270000
2015, RAJASTHAN, 8, RAJSAMAND, 103, BHIM, 1345, BORWA, 41145, 1106948, Roads, 0, 0, 0, 0, 0, 0, 2100000, 2100000
2015, RAJASTHAN, 8, RAJSAMAND, 103, BHIM, 1345, BORWA, 41145, 1106948, Sanitation, 0, 0, 0, 0, 0, 0, 200000, 200000
2015, RAJASTHAN, 8, RAJSAMAND, 103, BHIM, 1345, BORWA, 41145, 1106948, Total, 0, 0, 0, 0, 0, 0, 2570000, 2570000
2015, RAJASTHAN, 8, RAJSAMAND, 103, BHIM, 1345, CHHAPLI, 41146, 1098716, Roads, 0, 0, 790000, 790000, 0, 0, 150000, 150000
2015, RAJASTHAN, 8, RAJSAMAND, 103, BHIM, 1345, CHHAPLI, 41146, 1098716, Sanitation, 0, 0, 0, 0, 0, 0, 60000, 60000
2015, RAJASTHAN, 8, RAJSAMAND, 103, BHIM, 1345, CHHAPLI, 41146, 1098716, Total, 0, 0, 790000, 790000, 0, 0, 210000, 210000
2015, RAJASTHAN, 8, RAJSAMAND, 103, BHIM, 1345, DAWER, 41147, 1104761, Roads, 0, 0, 0, 0, 0, 0, 1580000, 1580000
2015, RAJASTHAN, 8, RAJSAMAND, 103, BHIM, 1345, DAWER, 41147, 1104761, Total, 0, 0, 0, 0, 0, 0, 1580000, 1580000
2015, RAJASTHAN, 8, RAJSAMAND, 103, BHIM, 1345, DOONGAJI KA GAON, 262173, 1116769, Drinking water, 0, 0, 0, 0, 0, 0, 955000, 955000
2015, RAJASTHAN, 8, RAJSAMAND, 103, BHIM, 1345, DOONGAJI KA GAON, 262173, 1116769, Roads, 0, 0, 0, 0, 0, 0, 500000, 500000
2015, RAJASTHAN, 8, RAJSAMAND, 103, BHIM, 1345, DOONGAJI KA GAON, 262173, 1116769, Total, 0, 0, 0, 0, 0, 0, 1455000, 1455000
2015, RAJASTHAN, 8, RAJSAMAND, 103, BHIM, 1345, DOONGARKHERA, 41148, 1120273, Drinking water, 0, 0, 0, 0, 0, 0, 250000, 250000
2015, RAJASTHAN, 8, RAJSAMAND, 103, BHIM, 1345, DOONGARKHERA, 41148, 1120273, Total, 0, 0, 0, 0, 0, 0, 250000, 250000
2015, RAJASTHAN, 8, RAJSAMAND, 103, BHIM, 1345, KACHHBALI, 41149, 1115510, Drinking water, 0, 0, 0, 0, 0, 0, 49500, 49500
2015, RAJASTHAN, 8, RAJSAMAND, 103, BHIM, 1345, KACHHBALI, 41149, 1115510, Markets and fairs, 0, 0, 0, 0, 0, 0, 74000, 74000
2015, RAJASTHAN, 8, RAJSAMAND, 103, BHIM, 1345, KACHHBALI, 41149, 1115510, Roads, 0, 0, 0, 0, 0, 0, 1000000, 1000000
2015, RAJASTHAN, 8, RAJSAMAND, 103, BHIM, 1345, KACHHBALI, 41149, 1115510, Total, 0, 0, 0, 0, 0, 0, 1123500, 1123500
2015, RAJASTHAN, 8, RAJSAMAND, 103, BHIM, 1345, KALA GUMAN, 41150, 1104808, Drinking water, 0, 0, 0, 0, 0, 0, 520000, 520000
2015, RAJASTHAN, 8, RAJSAMAND, 103, BHIM, 1345, KALA GUMAN, 41150, 1104808, Total, 0, 0, 0, 0, 0, 0, 520000, 520000
2015, RAJASTHAN, 8, RAJSAMAND, 103, BHIM, 1345, KALADEH, 41151, 1118087, Drinking water, 0, 0, 0, 0, 0, 0, 1370221, 1370221
2015, RAJASTHAN, 8, RAJSAMAND, 103, BHIM, 1345, KALADEH, 41151, 1118087, Roads, 0, 0, 0, 0, 0, 0, 218620, 218620
2015, RAJASTHAN, 8, RAJSAMAND, 103, BHIM, 1345, KALADEH, 41151, 1118087, Total, 0, 0, 0, 0, 0, 0, 1588841, 1588841
2015, RAJASTHAN, 8, RAJSAMAND, 103, BHIM, 1345, KHEEMA KHERA, 41152, 1118594, Roads, 0, 0, 0, 0, 0, 0, 466817, 466817
2015, RAJASTHAN, 8, RAJSAMAND, 103, BHIM, 1345, KHEEMA KHERA, 41152, 1118594, Total, 0, 0, 0, 0, 0, 0, 466817, 466817
2015, RAJASTHAN, 8, RAJSAMAND, 103, BHIM, 1345, KOOKAR KHERA, 41153, 1113335, Drinking water, 0, 0, 0, 0, 0, 0, 395000, 395000
2015, RAJASTHAN, 8, RAJSAMAND, 103, BHIM, 1345, KOOKAR KHERA, 41153, 1113335, Roads, 0, 0, 0, 0, 0, 0, 1350000, 1350000
2015, RAJASTHAN, 8, RAJSAMAND, 103, BHIM, 1345, KOOKAR KHERA, 41153, 1113335, Total, 0, 0, 0, 0, 0, 0, 1745000, 1745000
2015, RAJASTHAN, 8, RAJSAMAND, 103, BHIM, 1345, KOOKRA, 41154, 1117362, Administrative & Technical Support, 0, 0, 0, 0, 0, 0, 100000, 100000
2015, RAJASTHAN, 8, RAJSAMAND, 103, BHIM, 1345, KOOKRA, 41154, 1117362, Cultural activities, 0, 0, 0, 0, 0, 0, 500000, 500000
2015, RAJASTHAN, 8, RAJSAMAND, 103, BHIM, 1345, KOOKRA, 41154, 1117362, Drinking water, 0, 0, 0, 0, 0, 0, 625000, 625000
2015, RAJASTHAN, 8, RAJSAMAND, 103, BHIM, 1345, KOOKRA, 41154, 1117362, Education, 0, 0, 0, 0, 0, 0, 500000, 500000
2015, RAJASTHAN, 8, RAJSAMAND, 103, BHIM, 1345, KOOKRA, 41154, 1117362, Total, 0, 0, 0, 0, 0, 0, 1725000, 1725000
2015, RAJASTHAN, 8, RAJSAMAND, 103, BHIM, 1345, KUSHALPURA, 41155, 1128647, Roads, 0, 0, 0, 0, 0, 0, 1262600, 1262600
2015, RAJASTHAN, 8, RAJSAMAND, 103, BHIM, 1345, KUSHALPURA, 41155, 1128647, Total, 0, 0, 0, 0, 0, 0, 1262600, 1262600
2015, RAJASTHAN, 8, RAJSAMAND, 103, BHIM, 1345, LAGET KHERA, 41156, 1118804, Drinking water, 0, 0, 0, 0, 0, 0, 927210, 927210
2015, RAJASTHAN, 8, RAJSAMAND, 103, BHIM, 1345, LAGET KHERA, 41156, 1118804, Land improvement, 0, 0, 0, 0, 0, 0, 100000, 100000
2015, RAJASTHAN, 8, RAJSAMAND, 103, BHIM, 1345, LAGET KHERA, 41156, 1118804, Roads, 0, 0, 0, 0, 0, 0, 511333, 511333
2015, RAJASTHAN, 8, RAJSAMAND, 103, BHIM, 1345, LAGET KHERA, 41156, 1118804, Total, 0, 0, 0, 0, 0, 0, 1538543, 1538543
2015, RAJASTHAN, 8, RAJSAMAND, 103, BHIM, 1345, LAKHA GURHA, 41157, 1115528, Drinking water, 0, 0, 0, 0, 0, 0, 650000, 650000
2015, RAJASTHAN, 8, RAJSAMAND, 103, BHIM, 1345, LAKHA GURHA, 41157, 1115528, Roads, 0, 0, 0, 0, 0, 0, 599950, 599950
2015, RAJASTHAN, 8, RAJSAMAND, 103, BHIM, 1345, LAKHA GURHA, 41157, 1115528, Total, 0, 0, 0, 0, 0, 0, 1249950, 1249950
2015, RAJASTHAN, 8, RAJSAMAND, 103, BHIM, 1345, LASARIYA, 41158, 1118624, Drinking water, 0, 0, 0, 0, 0, 0, 300000, 300000
2015, RAJASTHAN, 8, RAJSAMAND, 103, BHIM, 1345, LASARIYA, 41158, 1118624, Total, 0, 0, 0, 0, 0, 0, 300000, 300000
2015, RAJASTHAN, 8, RAJSAMAND, 103, BHIM, 1345, MANDAWAR, 41159, 1118775, Drinking water, 0, 0, 0, 0, 0, 0, 70000, 70000
2015, RAJASTHAN, 8, RAJSAMAND, 103, BHIM, 1345, MANDAWAR, 41159, 1118775, Roads, 0, 0, 0, 0, 0, 0, 499425, 499425
2015, RAJASTHAN, 8, RAJSAMAND, 103, BHIM, 1345, MANDAWAR, 41159, 1118775, Total, 0, 0, 0, 0, 0, 0, 569425, 569425
2015, RAJASTHAN, 8, RAJSAMAND, 103, BHIM, 1345, PEEPALI, 41160, 1113742, Drinking water, 0, 0, 0, 0, 0, 0, 975000, 975000
2015, RAJASTHAN, 8, RAJSAMAND, 103, BHIM, 1345, PEEPALI, 41160, 1113742, Roads, 0, 0, 0, 0, 0, 0, 500000, 500000
2015, RAJASTHAN, 8, RAJSAMAND, 103, BHIM, 1345, PEEPALI, 41160, 1113742, Total, 0, 0, 0, 0, 0, 0, 1475000, 1475000
2015, RAJASTHAN, 8, RAJSAMAND, 103, BHIM, 1345, SAMELIYA, 41161, 1105119, Drinking water, 0, 0, 0, 0, 0, 0, 390000, 390000
2015, RAJASTHAN, 8, RAJSAMAND, 103, BHIM, 1345, SAMELIYA, 41161, 1105119, Fuel and fodder, 0, 0, 0, 0, 0, 0, 16854, 16854
2015, RAJASTHAN, 8, RAJSAMAND, 103, BHIM, 1345, SAMELIYA, 41161, 1105119, Roads, 0, 0, 0, 0, 0, 0, 199000, 199000
2015, RAJASTHAN, 8, RAJSAMAND, 103, BHIM, 1345, SAMELIYA, 41161, 1105119, Social welfare, 0, 0, 0, 0, 0, 0, 49686, 49686
2015, RAJASTHAN, 8, RAJSAMAND, 103, BHIM, 1345, SAMELIYA, 41161, 1105119, Total, 0, 0, 0, 0, 0, 0, 655540, 655540
2015, RAJASTHAN, 8, RAJSAMAND, 103, BHIM, 1345, SAROTH, 41162, 1117045, Drinking water, 0, 0, 0, 0, 0, 0, 390000, 390000
2015, RAJASTHAN, 8, RAJSAMAND, 103, BHIM, 1345, SAROTH, 41162, 1117045, Roads, 0, 0, 0, 0, 0, 0, 520000, 520000
2015, RAJASTHAN, 8, RAJSAMAND, 103, BHIM, 1345, SAROTH, 41162, 1117045, Total, 0, 0, 0, 0, 0, 0, 910000, 910000
2015, RAJASTHAN, 8, RAJSAMAND, 103, BHIM, 1345, SHEKHAWAS, 41163, 1104720, Drinking water, 0, 0, 0, 0, 0, 0, 140000, 140000
2015, RAJASTHAN, 8, RAJSAMAND, 103, BHIM, 1345, SHEKHAWAS, 41163, 1104720, Land improvement, 0, 0, 0, 0, 0, 0, 200000, 200000
2015, RAJASTHAN, 8, RAJSAMAND, 103, BHIM, 1345, SHEKHAWAS, 41163, 1104720, Roads, 0, 0, 0, 0, 0, 0, 750000, 750000
2015, RAJASTHAN, 8, RAJSAMAND, 103, BHIM, 1345, SHEKHAWAS, 41163, 1104720, Social forestry and farm forestry, 0, 0, 0, 0, 0, 0, 15000, 15000
2015, RAJASTHAN, 8, RAJSAMAND, 103, BHIM, 1345, SHEKHAWAS, 41163, 1104720, Social welfare, 0, 0, 0, 0, 0, 0, 480000, 480000
2015, RAJASTHAN, 8, RAJSAMAND, 103, BHIM, 1345, SHEKHAWAS, 41163, 1104720, Total, 0, 0, 0, 0, 0, 0, 1585000, 1585000
2015, RAJASTHAN, 8, RAJSAMAND, 103, BHIM, 1345, THANETA, 41164, 1115778, Drinking water, 0, 0, 0, 0, 0, 0, 410000, 410000
2015, RAJASTHAN, 8, RAJSAMAND, 103, BHIM, 1345, THANETA, 41164, 1115778, Roads, 0, 0, 0, 0, 0, 0, 495000, 495000
2015, RAJASTHAN, 8, RAJSAMAND, 103, BHIM, 1345, THANETA, 41164, 1115778, Total, 0, 0, 0, 0, 0, 0, 905000, 905000
2015, RAJASTHAN, 8, RAJSAMAND, 103, BHIM, 1345, THEEKARWAS KALAN, 41165, 1117838, Drinking water, 0, 0, 0, 0, 0, 0, 870000, 870000
2015, RAJASTHAN, 8, RAJSAMAND, 103, BHIM, 1345, THEEKARWAS KALAN, 41165, 1117838, Education, 0, 0, 0, 0, 0, 0, 250000, 250000
2015, RAJASTHAN, 8, RAJSAMAND, 103, BHIM, 1345, THEEKARWAS KALAN, 41165, 1117838, Sanitation, 0, 0, 0, 0, 0, 0, 125000, 125000
2015, RAJASTHAN, 8, RAJSAMAND, 103, BHIM, 1345, THEEKARWAS KALAN, 41165, 1117838, Total, 0, 0, 0, 0, 0, 0, 1245000, 1245000
2015, RAJASTHAN, 8, RAJSAMAND, 103, BHIM, 1345, TOGI, 41166, 1118743, Cultural activities, 0, 0, 0, 0, 0, 0, 250000, 250000
2015, RAJASTHAN, 8, RAJSAMAND, 103, BHIM, 1345, TOGI, 41166, 1118743, Drinking water, 0, 0, 0, 0, 0, 0, 310000, 310000
2015, RAJASTHAN, 8, RAJSAMAND, 103, BHIM, 1345, TOGI, 41166, 1118743, Roads, 0, 0, 0, 0, 0, 0, 470000, 470000
2015, RAJASTHAN, 8, RAJSAMAND, 103, BHIM, 1345, TOGI, 41166, 1118743, Total, 0, 0, 0, 0, 0, 0, 1030000, 1030000
2015, RAJASTHAN, 8, RAJSAMAND, 103, DEOGARH, 1346, ANJNA, 41167, 1099921, Drinking water, 0, 0, 0, 0, 0, 0, 350000, 350000
2015, RAJASTHAN, 8, RAJSAMAND, 103, DEOGARH, 1346, ANJNA, 41167, 1099921, Health, 0, 0, 0, 0, 0, 0, 560000, 560000
2015, RAJASTHAN, 8, RAJSAMAND, 103, DEOGARH, 1346, ANJNA, 41167, 1099921, Sanitation, 0, 0, 0, 0, 0, 0, 329000, 329000
2015, RAJASTHAN, 8, RAJSAMAND, 103, DEOGARH, 1346, ANJNA, 41167, 1099921, Total, 0, 0, 0, 0, 0, 0, 1239000, 1239000
2015, RAJASTHAN, 8, RAJSAMAND, 103, DEOGARH, 1346, DAULPURA, 41168, 1096457, Administrative & Technical Support, 0, 0, 0, 0, 0, 0, 100000, 100000
2015, RAJASTHAN, 8, RAJSAMAND, 103, DEOGARH, 1346, DAULPURA, 41168, 1096457, Drinking water, 0, 0, 0, 0, 0, 0, 190000, 190000
2015, RAJASTHAN, 8, RAJSAMAND, 103, DEOGARH, 1346, DAULPURA, 41168, 1096457, Sanitation, 0, 0, 0, 0, 0, 0, 350000, 350000
2015, RAJASTHAN, 8, RAJSAMAND, 103, DEOGARH, 1346, DAULPURA, 41168, 1096457, Total, 0, 0, 0, 0, 0, 0, 640000, 640000
2015, RAJASTHAN, 8, RAJSAMAND, 103, DEOGARH, 1346, JEERAN, 41170, 1096870, Drinking water, 0, 0, 0, 0, 0, 0, 70000, 70000
2015, RAJASTHAN, 8, RAJSAMAND, 103, DEOGARH, 1346, JEERAN, 41170, 1096870, Total, 0, 0, 0, 0, 0, 0, 70000, 70000
2015, RAJASTHAN, 8, RAJSAMAND, 103, DEOGARH, 1346, KAKROD, 41171, 1133405, Drinking water, 0, 0, 0, 0, 0, 0, 634349, 634349
2015, RAJASTHAN, 8, RAJSAMAND, 103, DEOGARH, 1346, KAKROD, 41171, 1133405, Education, 0, 0, 0, 0, 0, 0, 81865, 81865
2015, RAJASTHAN, 8, RAJSAMAND, 103, DEOGARH, 1346, KAKROD, 41171, 1133405, Total, 0, 0, 0, 0, 0, 0, 716214, 716214
2015, RAJASTHAN, 8, RAJSAMAND, 103, DEOGARH, 1346, KALESARIYA, 41172, 1134156, Drinking water, 0, 0, 0, 0, 0, 0, 1196434, 1196434
2015, RAJASTHAN, 8, RAJSAMAND, 103, DEOGARH, 1346, KALESARIYA, 41172, 1134156, Education, 0, 0, 0, 0, 0, 0, 229751, 229751
2015, RAJASTHAN, 8, RAJSAMAND, 103, DEOGARH, 1346, KALESARIYA, 41172, 1134156, Roads, 0, 0, 0, 0, 0, 0, 195136, 195136
2015, RAJASTHAN, 8, RAJSAMAND, 103, DEOGARH, 1346, KALESARIYA, 41172, 1134156, Total, 0, 0, 0, 0, 0, 0, 1621321, 1621321
2015, RAJASTHAN, 8, RAJSAMAND, 103, DEOGARH, 1346, KUNDWA, 41174, 1096465, Drinking water, 0, 0, 0, 0, 0, 0, 495000, 495000
2015, RAJASTHAN, 8, RAJSAMAND, 103, DEOGARH, 1346, KUNDWA, 41174, 1096465, Total, 0, 0, 0, 0, 0, 0, 495000, 495000
2015, RAJASTHAN, 8, RAJSAMAND, 103, DEOGARH, 1346, MAD, 41176, 1134096, Drinking water, 0, 0, 0, 0, 0, 0, 563903, 563903
2015, RAJASTHAN, 8, RAJSAMAND, 103, DEOGARH, 1346, MAD, 41176, 1134096, Total, 0, 0, 0, 0, 0, 0, 563903, 563903
2015, RAJASTHAN, 8, RAJSAMAND, 103, DEOGARH, 1346, MADARIYA, 41177, 1088593, Drinking water, 0, 0, 0, 0, 0, 0, 118863, 118863
2015, RAJASTHAN, 8, RAJSAMAND, 103, DEOGARH, 1346, MADARIYA, 41177, 1088593, Total, 0, 0, 0, 0, 0, 0, 118863, 118863
2015, RAJASTHAN, 8, RAJSAMAND, 103, DEOGARH, 1346, MIYALA, 41178, 1136947, Drinking water, 0, 0, 0, 0, 0, 0, 455000, 455000
2015, RAJASTHAN, 8, RAJSAMAND, 103, DEOGARH, 1346, MIYALA, 41178, 1136947, Rural electrification, 0, 0, 0, 0, 0, 0, 255259, 255259
2015, RAJASTHAN, 8, RAJSAMAND, 103, DEOGARH, 1346, MIYALA, 41178, 1136947, Total, 0, 0, 0, 0, 0, 0, 710259, 710259
2015, RAJASTHAN, 8, RAJSAMAND, 103, DEOGARH, 1346, NARANA, 41179, 1134508, Drinking water, 0, 0, 0, 0, 0, 0, 440000, 440000
2015, RAJASTHAN, 8, RAJSAMAND, 103, DEOGARH, 1346, NARANA, 41179, 1134508, Roads, 0, 0, 0, 0, 0, 0, 115000, 115000
2015, RAJASTHAN, 8, RAJSAMAND, 103, DEOGARH, 1346, NARANA, 41179, 1134508, Total, 0, 0, 0, 0, 0, 0, 555000, 555000
2015, RAJASTHAN, 8, RAJSAMAND, 103, DEOGARH, 1346, NARDAS KA GURHA, 41180, 1095297, Drinking water, 0, 0, 0, 0, 0, 0, 347153, 347153
2015, RAJASTHAN, 8, RAJSAMAND, 103, DEOGARH, 1346, NARDAS KA GURHA, 41180, 1095297, Total, 0, 0, 0, 0, 0, 0, 347153, 347153
2015, RAJASTHAN, 8, RAJSAMAND, 103, DEOGARH, 1346, PARDI, 41181, 1133945, Drinking water, 0, 0, 0, 0, 0, 0, 1125129, 1125129
2015, RAJASTHAN, 8, RAJSAMAND, 103, DEOGARH, 1346, PARDI, 41181, 1133945, Education, 0, 0, 0, 0, 0, 0, 98511, 98511
2015, RAJASTHAN, 8, RAJSAMAND, 103, DEOGARH, 1346, PARDI, 41181, 1133945, Roads, 0, 0, 0, 0, 0, 0, 93110, 93110
2015, RAJASTHAN, 8, RAJSAMAND, 103, DEOGARH, 1346, PARDI, 41181, 1133945, Total, 0, 0, 0, 0, 0, 0, 1316750, 1316750
2015, RAJASTHAN, 8, RAJSAMAND, 103, DEOGARH, 1346, SWADARI(A), 41183, 1096225, Drinking water, 0, 0, 0, 0, 0, 0, 700000, 700000
2015, RAJASTHAN, 8, RAJSAMAND, 103, DEOGARH, 1346, SWADARI(A), 41183, 1096225, Total, 0, 0, 0, 0, 0, 0, 700000, 700000
2015, RAJASTHAN, 8, RAJSAMAND, 103, DEOGARH, 1346, TAL, 41184, 1133642, Drinking water, 0, 0, 0, 0, 0, 0, 1026940, 1026940
2015, RAJASTHAN, 8, RAJSAMAND, 103, DEOGARH, 1346, TAL, 41184, 1133642, Education, 0, 0, 0, 0, 0, 0, 100000, 100000
2015, RAJASTHAN, 8, RAJSAMAND, 103, DEOGARH, 1346, TAL, 41184, 1133642, Roads, 0, 0, 0, 0, 0, 0, 298505, 298505
2015, RAJASTHAN, 8, RAJSAMAND, 103, DEOGARH, 1346, TAL, 41184, 1133642, Total, 0, 0, 0, 0, 0, 0, 1425445, 1425445
2015, RAJASTHAN, 8, RAJSAMAND, 103, DEOGARH, 1346, VIJAIPURA, 41185, 1098034, Drinking water, 0, 0, 0, 0, 0, 0, 1628755, 1628755
2015, RAJASTHAN, 8, RAJSAMAND, 103, DEOGARH, 1346, VIJAIPURA, 41185, 1098034, Roads, 0, 0, 0, 0, 0, 0, 941420, 941420
2015, RAJASTHAN, 8, RAJSAMAND, 103, DEOGARH, 1346, VIJAIPURA, 41185, 1098034, Sanitation, 0, 0, 0, 0, 0, 0, 70900, 70900
2015, RAJASTHAN, 8, RAJSAMAND, 103, DEOGARH, 1346, VIJAIPURA, 41185, 1098034, Total, 0, 0, 0, 0, 0, 0, 2641075, 2641075
2015, RAJASTHAN, 8, RAJSAMAND, 103, KHAMNOR, 1347, BAGOL, 41187, 1104903, Roads, 0, 0, 0, 0, 0, 0, 1300000, 1300000
2015, RAJASTHAN, 8, RAJSAMAND, 103, KHAMNOR, 1347, BAGOL, 41187, 1104903, Total, 0, 0, 0, 0, 0, 0, 1300000, 1300000
2015, RAJASTHAN, 8, RAJSAMAND, 103, KHAMNOR, 1347, BAMAN HERA, 41189, 1123054, Roads, 0, 0, 0, 0, 0, 0, 600000, 600000
2015, RAJASTHAN, 8, RAJSAMAND, 103, KHAMNOR, 1347, BAMAN HERA, 41189, 1123054, Total, 0, 0, 0, 0, 0, 0, 600000, 600000
2015, RAJASTHAN, 8, RAJSAMAND, 103, KHAMNOR, 1347, BARA BHANUJA, 41186, 1118457, Roads, 0, 0, 0, 0, 0, 0, 1400000, 1400000
2015, RAJASTHAN, 8, RAJSAMAND, 103, KHAMNOR, 1347, BARA BHANUJA, 41186, 1118457, Total, 0, 0, 0, 0, 0, 0, 1400000, 1400000
2015, RAJASTHAN, 8, RAJSAMAND, 103, KHAMNOR, 1347, BHAINSA KAMED, 41188, 1106652, Drinking water, 0, 0, 0, 0, 0, 0, 50000, 50000
2015, RAJASTHAN, 8, RAJSAMAND, 103, KHAMNOR, 1347, BHAINSA KAMED, 41188, 1106652, Roads, 0, 0, 0, 0, 0, 0, 800000, 800000
2015, RAJASTHAN, 8, RAJSAMAND, 103, KHAMNOR, 1347, BHAINSA KAMED, 41188, 1106652, Total, 0, 0, 0, 0, 0, 0, 850000, 850000
2015, RAJASTHAN, 8, RAJSAMAND, 103, KHAMNOR, 1347, BIJNOL, 41190, 1109885, Drinking water, 0, 0, 0, 0, 0, 0, 240000, 240000
2015, RAJASTHAN, 8, RAJSAMAND, 103, KHAMNOR, 1347, BIJNOL, 41190, 1109885, Roads, 0, 0, 0, 0, 0, 0, 200000, 200000
2015, RAJASTHAN, 8, RAJSAMAND, 103, KHAMNOR, 1347, BIJNOL, 41190, 1109885, Total, 0, 0, 0, 0, 0, 0, 440000, 440000
2015, RAJASTHAN, 8, RAJSAMAND, 103, KHAMNOR, 1347, BILOTA, 41191, 1103339, Cultural activities, 0, 0, 0, 0, 0, 0, 200000, 200000
2015, RAJASTHAN, 8, RAJSAMAND, 103, KHAMNOR, 1347, BILOTA, 41191, 1103339, Drinking water, 0, 0, 0, 0, 0, 0, 710000, 710000
2015, RAJASTHAN, 8, RAJSAMAND, 103, KHAMNOR, 1347, BILOTA, 41191, 1103339, Maintenance of community system, 0, 0, 0, 0, 0, 0, 160000, 160000
2015, RAJASTHAN, 8, RAJSAMAND, 103, KHAMNOR, 1347, BILOTA, 41191, 1103339, Roads, 0, 0, 0, 0, 0, 0, 450000, 450000
2015, RAJASTHAN, 8, RAJSAMAND, 103, KHAMNOR, 1347, BILOTA, 41191, 1103339, Total, 0, 0, 0, 0, 0, 0, 1520000, 1520000
2015, RAJASTHAN, 8, RAJSAMAND, 103, KHAMNOR, 1347, DELWARA, 41192, 1110126, Roads, 0, 0, 0, 0, 0, 0, 550000, 550000
2015, RAJASTHAN, 8, RAJSAMAND, 103, KHAMNOR, 1347, DELWARA, 41192, 1110126, Total, 0, 0, 0, 0, 0, 0, 550000, 550000
2015, RAJASTHAN, 8, RAJSAMAND, 103, KHAMNOR, 1347, DHANYLA, 41193, 1126180, Roads, 0, 0, 0, 0, 0, 0, 1100000, 1100000
2015, RAJASTHAN, 8, RAJSAMAND, 103, KHAMNOR, 1347, DHANYLA, 41193, 1126180, Total, 0, 0, 0, 0, 0, 0, 1100000, 1100000
2015, RAJASTHAN, 8, RAJSAMAND, 103, KHAMNOR, 1347, FATEHPUR, 41194, 1108928, Public distribution system, 0, 0, 0, 0, 0, 0, 400000, 400000
2015, RAJASTHAN, 8, RAJSAMAND, 103, KHAMNOR, 1347, FATEHPUR, 41194, 1108928, Roads, 0, 0, 0, 0, 0, 0, 1600000, 1600000
2015, RAJASTHAN, 8, RAJSAMAND, 103, KHAMNOR, 1347, FATEHPUR, 41194, 1108928, Total, 0, 0, 0, 0, 0, 0, 2000000, 2000000
2015, RAJASTHAN, 8, RAJSAMAND, 103, KHAMNOR, 1347, GAON GURHA, 41195, 1108456, Drinking water, 0, 0, 0, 0, 0, 0, 1000000, 1000000
2015, RAJASTHAN, 8, RAJSAMAND, 103, KHAMNOR, 1347, GAON GURHA, 41195, 1108456, Roads, 0, 0, 0, 0, 0, 0, 400000, 400000
2015, RAJASTHAN, 8, RAJSAMAND, 103, KHAMNOR, 1347, GAON GURHA, 41195, 1108456, Rural electrification, 0, 0, 0, 0, 0, 0, 50000, 50000
2015, RAJASTHAN, 8, RAJSAMAND, 103, KHAMNOR, 1347, GAON GURHA, 41195, 1108456, Total, 0, 0, 0, 0, 0, 0, 1450000, 1450000
2015, RAJASTHAN, 8, RAJSAMAND, 103, KHAMNOR, 1347, GHODACH, 41196, 1117839, Roads, 0, 0, 0, 0, 0, 0, 1550000, 1550000
2015, RAJASTHAN, 8, RAJSAMAND, 103, KHAMNOR, 1347, GHODACH, 41196, 1117839, Total, 0, 0, 0, 0, 0, 0, 1550000, 1550000
2015, RAJASTHAN, 8, RAJSAMAND, 103, KHAMNOR, 1347, GUNJOL, 41197, 1123246, Drinking water, 0, 0, 0, 0, 0, 0, 130000, 130000
2015, RAJASTHAN, 8, RAJSAMAND, 103, KHAMNOR, 1347, GUNJOL, 41197, 1123246, Health, 0, 0, 0, 0, 0, 0, 200000, 200000
2015, RAJASTHAN, 8, RAJSAMAND, 103, KHAMNOR, 1347, GUNJOL, 41197, 1123246, Total, 0, 0, 0, 0, 0, 0, 330000, 330000
2015, RAJASTHAN, 8, RAJSAMAND, 103, KHAMNOR, 1347, JHALON KI MADAR, 41198, 1126174, Roads, 0, 0, 0, 0, 0, 0, 785000, 785000
2015, RAJASTHAN, 8, RAJSAMAND, 103, KHAMNOR, 1347, JHALON KI MADAR, 41198, 1126174, Sanitation, 0, 0, 0, 0, 0, 0, 100000, 100000
2015, RAJASTHAN, 8, RAJSAMAND, 103, KHAMNOR, 1347, JHALON KI MADAR, 41198, 1126174, Total, 0, 0, 0, 0, 0, 0, 885000, 885000
2015, RAJASTHAN, 8, RAJSAMAND, 103, KHAMNOR, 1347, KALIWAS, 41199, 1123259, Drinking water, 0, 0, 0, 0, 0, 0, 550000, 550000
2015, RAJASTHAN, 8, RAJSAMAND, 103, KHAMNOR, 1347, KALIWAS, 41199, 1123259, Total, 0, 0, 0, 0, 0, 0, 550000, 550000
2015, RAJASTHAN, 8, RAJSAMAND, 103, KHAMNOR, 1347, KAROLI, 41200, 1117689, Drinking water, 0, 0, 0, 0, 0, 0, 550000, 550000
2015, RAJASTHAN, 8, RAJSAMAND, 103, KHAMNOR, 1347, KAROLI, 41200, 1117689, Roads, 0, 0, 0, 0, 0, 0, 500000, 500000
2015, RAJASTHAN, 8, RAJSAMAND, 103, KHAMNOR, 1347, KAROLI, 41200, 1117689, Total, 0, 0, 0, 0, 0, 0, 1050000, 1050000
2015, RAJASTHAN, 8, RAJSAMAND, 103, KHAMNOR, 1347, KESOOLI, 41201, 1108514, Drinking water, 0, 0, 0, 0, 0, 0, 200000, 200000
2015, RAJASTHAN, 8, RAJSAMAND, 103, KHAMNOR, 1347, KESOOLI, 41201, 1108514, Roads, 0, 0, 0, 0, 0, 0, 1000000, 1000000
2015, RAJASTHAN, 8, RAJSAMAND, 103, KHAMNOR, 1347, KESOOLI, 41201, 1108514, Total, 0, 0, 0, 0, 0, 0, 1200000, 1200000
2015, RAJASTHAN, 8, RAJSAMAND, 103, KHAMNOR, 1347, KHAMNOR, 41202, 1110643, Roads, 0, 0, 0, 0, 0, 0, 1430000, 1430000
2015, RAJASTHAN, 8, RAJSAMAND, 103, KHAMNOR, 1347, KHAMNOR, 41202, 1110643, Sanitation, 0, 0, 0, 0, 0, 0, 30000, 30000
2015, RAJASTHAN, 8, RAJSAMAND, 103, KHAMNOR, 1347, KHAMNOR, 41202, 1110643, Total, 0, 0, 0, 0, 0, 0, 1460000, 1460000
2015, RAJASTHAN, 8, RAJSAMAND, 103, KHAMNOR, 1347, KOSHIWARA, 41203, 1110139, Drinking water, 0, 0, 0, 0, 0, 0, 450000, 450000
2015, RAJASTHAN, 8, RAJSAMAND, 103, KHAMNOR, 1347, KOSHIWARA, 41203, 1110139, Roads, 0, 0, 0, 0, 0, 0, 200000, 200000
2015, RAJASTHAN, 8, RAJSAMAND, 103, KHAMNOR, 1347, KOSHIWARA, 41203, 1110139, Sanitation, 0, 0, 0, 0, 0, 0, 380000, 380000
2015, RAJASTHAN, 8, RAJSAMAND, 103, KHAMNOR, 1347, KOSHIWARA, 41203, 1110139, Total, 0, 0, 0, 0, 0, 0, 1030000, 1030000
2015, RAJASTHAN, 8, RAJSAMAND, 103, KHAMNOR, 1347, KOTHARIYA CHAK OR KOTHARIYA, 41204, 1107487, Education, 0, 0, 0, 0, 0, 0, 50000, 50000
2015, RAJASTHAN, 8, RAJSAMAND, 103, KHAMNOR, 1347, KOTHARIYA CHAK OR KOTHARIYA, 41204, 1107487, Maintenance of community system, 0, 0, 0, 0, 0, 0, 100000, 100000
2015, RAJASTHAN, 8, RAJSAMAND, 103, KHAMNOR, 1347, KOTHARIYA CHAK OR KOTHARIYA, 41204, 1107487, Roads, 0, 0, 0, 0, 0, 0, 1900000, 1900000
2015, RAJASTHAN, 8, RAJSAMAND, 103, KHAMNOR, 1347, KOTHARIYA CHAK OR KOTHARIYA, 41204, 1107487, Sanitation, 0, 0, 0, 0, 0, 0, 100000, 100000
2015, RAJASTHAN, 8, RAJSAMAND, 103, KHAMNOR, 1347, KOTHARIYA CHAK OR KOTHARIYA, 41204, 1107487, Total, 0, 0, 0, 0, 0, 0, 2150000, 2150000
2015, RAJASTHAN, 8, RAJSAMAND, 103, KHAMNOR, 1347, KUNTHWA, 41205, 1107459, Cultural activities, 0, 0, 0, 0, 0, 0, 100000, 100000
2015, RAJASTHAN, 8, RAJSAMAND, 103, KHAMNOR, 1347, KUNTHWA, 41205, 1107459, Roads, 0, 0, 0, 0, 0, 0, 800000, 800000
2015, RAJASTHAN, 8, RAJSAMAND, 103, KHAMNOR, 1347, KUNTHWA, 41205, 1107459, Total, 0, 0, 0, 0, 0, 0, 900000, 900000
2015, RAJASTHAN, 8, RAJSAMAND, 103, KHAMNOR, 1347, LAL MADRI, 41206, 1105065, Drinking water, 0, 0, 0, 0, 0, 0, 900000, 900000
2015, RAJASTHAN, 8, RAJSAMAND, 103, KHAMNOR, 1347, LAL MADRI, 41206, 1105065, Total, 0, 0, 0, 0, 0, 0, 900000, 900000
2015, RAJASTHAN, 8, RAJSAMAND, 103, KHAMNOR, 1347, MACHIND, 41207, 1117823, Drinking water, 0, 0, 0, 0, 0, 0, 250000, 250000
2015, RAJASTHAN, 8, RAJSAMAND, 103, KHAMNOR, 1347, MACHIND, 41207, 1117823, Roads, 0, 0, 0, 0, 0, 0, 250000, 250000
2015, RAJASTHAN, 8, RAJSAMAND, 103, KHAMNOR, 1347, MACHIND, 41207, 1117823, Total, 0, 0, 0, 0, 0, 0, 500000, 500000
2015, RAJASTHAN, 8, RAJSAMAND, 103, KHAMNOR, 1347, MANDIYANA, 41208, 1106623, Drinking water, 0, 0, 0, 0, 0, 0, 500000, 500000
2015, RAJASTHAN, 8, RAJSAMAND, 103, KHAMNOR, 1347, MANDIYANA, 41208, 1106623, Roads, 0, 0, 0, 0, 0, 0, 2000000, 2000000
2015, RAJASTHAN, 8, RAJSAMAND, 103, KHAMNOR, 1347, MANDIYANA, 41208, 1106623, Total, 0, 0, 0, 0, 0, 0, 2500000, 2500000
2015, RAJASTHAN, 8, RAJSAMAND, 103, KHAMNOR, 1347, MOLELA, 41209, 1120177, Roads, 0, 0, 0, 0, 0, 0, 1450000, 1450000
2015, RAJASTHAN, 8, RAJSAMAND, 103, KHAMNOR, 1347, MOLELA, 41209, 1120177, Sanitation, 0, 0, 0, 0, 0, 0, 400000, 400000
2015, RAJASTHAN, 8, RAJSAMAND, 103, KHAMNOR, 1347, MOLELA, 41209, 1120177, Total, 0, 0, 0, 0, 0, 0, 1850000, 1850000
2015, RAJASTHAN, 8, RAJSAMAND, 103, KHAMNOR, 1347, NAMANA, 41210, 1097786, Roads, 0, 0, 0, 0, 0, 0, 425000, 425000
2015, RAJASTHAN, 8, RAJSAMAND, 103, KHAMNOR, 1347, NAMANA, 41210, 1097786, Sanitation, 0, 0, 0, 0, 0, 0, 50000, 50000
2015, RAJASTHAN, 8, RAJSAMAND, 103, KHAMNOR, 1347, NAMANA, 41210, 1097786, Total, 0, 0, 0, 0, 0, 0, 475000, 475000
2015, RAJASTHAN, 8, RAJSAMAND, 103, KHAMNOR, 1347, NEDACH, 41211, 1110199, Drinking water, 0, 0, 0, 0, 0, 0, 150000, 150000
2015, RAJASTHAN, 8, RAJSAMAND, 103, KHAMNOR, 1347, NEDACH, 41211, 1110199, Maintenance of community system, 0, 0, 0, 0, 0, 0, 55000, 55000
2015, RAJASTHAN, 8, RAJSAMAND, 103, KHAMNOR, 1347, NEDACH, 41211, 1110199, Roads, 0, 0, 0, 0, 0, 0, 1300000, 1300000
2015, RAJASTHAN, 8, RAJSAMAND, 103, KHAMNOR, 1347, NEDACH, 41211, 1110199, Total, 0, 0, 0, 0, 0, 0, 1505000, 1505000
2015, RAJASTHAN, 8, RAJSAMAND, 103, KHAMNOR, 1347, NEGDIYA, 41212, 1119041, Drinking water, 0, 0, 0, 0, 0, 0, 700000, 700000
2015, RAJASTHAN, 8, RAJSAMAND, 103, KHAMNOR, 1347, NEGDIYA, 41212, 1119041, Roads, 0, 0, 0, 0, 0, 0, 700000, 700000
2015, RAJASTHAN, 8, RAJSAMAND, 103, KHAMNOR, 1347, NEGDIYA, 41212, 1119041, Total, 0, 0, 0, 0, 0, 0, 1400000, 1400000
2015, RAJASTHAN, 8, RAJSAMAND, 103, KHAMNOR, 1347, PAKHAND, 41213, 1120635, Drinking water, 0, 0, 0, 0, 0, 0, 400000, 400000
2015, RAJASTHAN, 8, RAJSAMAND, 103, KHAMNOR, 1347, PAKHAND, 41213, 1120635, Roads, 0, 0, 0, 0, 0, 0, 675000, 675000
2015, RAJASTHAN, 8, RAJSAMAND, 103, KHAMNOR, 1347, PAKHAND, 41213, 1120635, Total, 0, 0, 0, 0, 0, 0, 1075000, 1075000
2015, RAJASTHAN, 8, RAJSAMAND, 103, KHAMNOR, 1347, SAGROON, 41214, 1117730, Roads, 0, 0, 0, 0, 0, 0, 2700000, 2700000
2015, RAJASTHAN, 8, RAJSAMAND, 103, KHAMNOR, 1347, SAGROON, 41214, 1117730, Total, 0, 0, 0, 0, 0, 0, 2700000, 2700000
2015, RAJASTHAN, 8, RAJSAMAND, 103, KHAMNOR, 1347, SALODA, 41215, 1120173, Roads, 0, 0, 0, 0, 0, 0, 350000, 350000
2015, RAJASTHAN, 8, RAJSAMAND, 103, KHAMNOR, 1347, SALODA, 41215, 1120173, Sanitation, 0, 0, 0, 0, 0, 0, 350000, 350000
2015, RAJASTHAN, 8, RAJSAMAND, 103, KHAMNOR, 1347, SALODA, 41215, 1120173, Total, 0, 0, 0, 0, 0, 0, 700000, 700000
2015, RAJASTHAN, 8, RAJSAMAND, 103, KHAMNOR, 1347, SALOR, 41216, 1126196, Drinking water, 0, 0, 0, 0, 0, 0, 300000, 300000
2015, RAJASTHAN, 8, RAJSAMAND, 103, KHAMNOR, 1347, SALOR, 41216, 1126196, Sanitation, 0, 0, 0, 0, 0, 0, 146000, 146000
2015, RAJASTHAN, 8, RAJSAMAND, 103, KHAMNOR, 1347, SALOR, 41216, 1126196, Total, 0, 0, 0, 0, 0, 0, 446000, 446000
2015, RAJASTHAN, 8, RAJSAMAND, 103, KHAMNOR, 1347, SAYA KA KHERA, 41217, 1126249, Drinking water, 0, 0, 0, 0, 0, 0, 700000, 700000
2015, RAJASTHAN, 8, RAJSAMAND, 103, KHAMNOR, 1347, SAYA KA KHERA, 41217, 1126249, Total, 0, 0, 0, 0, 0, 0, 700000, 700000
2015, RAJASTHAN, 8, RAJSAMAND, 103, KHAMNOR, 1347, SEMA, 41218, 1120794, Drinking water, 0, 0, 0, 0, 0, 0, 600000, 600000
2015, RAJASTHAN, 8, RAJSAMAND, 103, KHAMNOR, 1347, SEMA, 41218, 1120794, Roads, 0, 0, 0, 0, 0, 0, 450000, 450000
2015, RAJASTHAN, 8, RAJSAMAND, 103, KHAMNOR, 1347, SEMA, 41218, 1120794, Total, 0, 0, 0, 0, 0, 0, 1050000, 1050000
2015, RAJASTHAN, 8, RAJSAMAND, 103, KHAMNOR, 1347, SEMAL, 41219, 1117831, Roads, 0, 0, 0, 0, 0, 0, 1400000, 1400000
2015, RAJASTHAN, 8, RAJSAMAND, 103, KHAMNOR, 1347, SEMAL, 41219, 1117831, Total, 0, 0, 0, 0, 0, 0, 1400000, 1400000
2015, RAJASTHAN, 8, RAJSAMAND, 103, KHAMNOR, 1347, SHISHODA, 41220, 1118446, Drinking water, 0, 0, 0, 0, 0, 0, 750000, 750000
2015, RAJASTHAN, 8, RAJSAMAND, 103, KHAMNOR, 1347, SHISHODA, 41220, 1118446, Roads, 0, 0, 0, 0, 0, 0, 700000, 700000
2015, RAJASTHAN, 8, RAJSAMAND, 103, KHAMNOR, 1347, SHISHODA, 41220, 1118446, Sanitation, 0, 0, 0, 0, 0, 0, 100000, 100000
2015, RAJASTHAN, 8, RAJSAMAND, 103, KHAMNOR, 1347, SHISHODA, 41220, 1118446, Total, 0, 0, 0, 0, 0, 0, 1550000, 1550000
2015, RAJASTHAN, 8, RAJSAMAND, 103, KHAMNOR, 1347, SHISHVI, 41221, 1119021, Roads, 0, 0, 0, 0, 0, 0, 6700000, 6700000
2015, RAJASTHAN, 8, RAJSAMAND, 103, KHAMNOR, 1347, SHISHVI, 41221, 1119021, Sanitation, 0, 0, 0, 0, 0, 0, 200000, 200000
2015, RAJASTHAN, 8, RAJSAMAND, 103, KHAMNOR, 1347, SHISHVI, 41221, 1119021, Total, 0, 0, 0, 0, 0, 0, 6900000, 6900000
2015, RAJASTHAN, 8, RAJSAMAND, 103, KHAMNOR, 1347, TATOL, 41222, 1123264, Roads, 0, 0, 0, 0, 0, 0, 1400000, 1400000
2015, RAJASTHAN, 8, RAJSAMAND, 103, KHAMNOR, 1347, TATOL, 41222, 1123264, Total, 0, 0, 0, 0, 0, 0, 1400000, 1400000
2015, RAJASTHAN, 8, RAJSAMAND, 103, KHAMNOR, 1347, UNTHARDA, 41225, 1117910, Drinking water, 0, 0, 0, 0, 0, 0, 750000, 750000
2015, RAJASTHAN, 8, RAJSAMAND, 103, KHAMNOR, 1347, UNTHARDA, 41225, 1117910, Total, 0, 0, 0, 0, 0, 0, 750000, 750000
2015, RAJASTHAN, 8, RAJSAMAND, 103, KHAMNOR, 1347, UNWAS, 41223, 1118523, Roads, 0, 0, 0, 0, 0, 0, 200000, 200000
2015, RAJASTHAN, 8, RAJSAMAND, 103, KHAMNOR, 1347, UNWAS, 41223, 1118523, Total, 0, 0, 0, 0, 0, 0, 200000, 200000
2015, RAJASTHAN, 8, RAJSAMAND, 103, KHAMNOR, 1347, UPLI ODAN, 41224, 1110650, Roads, 0, 0, 0, 0, 0, 0, 2000000, 2000000
2015, RAJASTHAN, 8, RAJSAMAND, 103, KHAMNOR, 1347, UPLI ODAN, 41224, 1110650, Total, 0, 0, 0, 0, 0, 0, 2000000, 2000000
2015, RAJASTHAN, 8, RAJSAMAND, 103, KHAMNOR, 1347, UTHNOL, 41226, 1117578, Drinking water, 0, 0, 0, 0, 0, 0, 1630000, 1630000
2015, RAJASTHAN, 8, RAJSAMAND, 103, KHAMNOR, 1347, UTHNOL, 41226, 1117578, Roads, 0, 0, 0, 0, 0, 0, 950000, 950000
2015, RAJASTHAN, 8, RAJSAMAND, 103, KHAMNOR, 1347, UTHNOL, 41226, 1117578, Total, 0, 0, 0, 0, 0, 0, 2580000, 2580000
2015, RAJASTHAN, 8, RAJSAMAND, 103, KUMBHALGARH, 1348, ANTALIYA, 41227, 1119538, Drinking water, 0, 0, 0, 0, 0, 0, 180000, 180000
2015, RAJASTHAN, 8, RAJSAMAND, 103, KUMBHALGARH, 1348, ANTALIYA, 41227, 1119538, Health, 0, 0, 0, 0, 0, 0, 250000, 250000
2015, RAJASTHAN, 8, RAJSAMAND, 103, KUMBHALGARH, 1348, ANTALIYA, 41227, 1119538, Total, 0, 0, 0, 0, 0, 0, 430000, 430000
2015, RAJASTHAN, 8, RAJSAMAND, 103, KUMBHALGARH, 1348, ANTRI, 41228, 1119374, Drinking water, 0, 0, 0, 0, 0, 0, 920000, 920000
2015, RAJASTHAN, 8, RAJSAMAND, 103, KUMBHALGARH, 1348, ANTRI, 41228, 1119374, Rural electrification, 0, 0, 0, 0, 0, 0, 72000, 72000
2015, RAJASTHAN, 8, RAJSAMAND, 103, KUMBHALGARH, 1348, ANTRI, 41228, 1119374, Total, 0, 0, 0, 0, 0, 0, 992000, 992000
2015, RAJASTHAN, 8, RAJSAMAND, 103, KUMBHALGARH, 1348, BANOKRA, 41230, 1119371, Drinking water, 0, 0, 0, 0, 0, 0, 644097, 644097
2015, RAJASTHAN, 8, RAJSAMAND, 103, KUMBHALGARH, 1348, BANOKRA, 41230, 1119371, Total, 0, 0, 0, 0, 0, 0, 644097, 644097
2015, RAJASTHAN, 8, RAJSAMAND, 103, KUMBHALGARH, 1348, BARDARA, 41263, 1119760, Drinking water, 0, 0, 0, 0, 0, 0, 100000, 100000
2015, RAJASTHAN, 8, RAJSAMAND, 103, KUMBHALGARH, 1348, BARDARA, 41263, 1119760, Health, 0, 0, 0, 0, 0, 0, 500000, 500000
2015, RAJASTHAN, 8, RAJSAMAND, 103, KUMBHALGARH, 1348, BARDARA, 41263, 1119760, Sanitation, 0, 0, 0, 0, 0, 0, 100000, 100000
2015, RAJASTHAN, 8, RAJSAMAND, 103, KUMBHALGARH, 1348, BARDARA, 41263, 1119760, Total, 0, 0, 0, 0, 0, 0, 700000, 700000
2015, RAJASTHAN, 8, RAJSAMAND, 103, KUMBHALGARH, 1348, BARGAON, 41229, 1121287, Drinking water, 0, 0, 0, 0, 0, 0, 750000, 750000
2015, RAJASTHAN, 8, RAJSAMAND, 103, KUMBHALGARH, 1348, BARGAON, 41229, 1121287, Roads, 0, 0, 0, 0, 0, 0, 750000, 750000
2015, RAJASTHAN, 8, RAJSAMAND, 103, KUMBHALGARH, 1348, BARGAON, 41229, 1121287, Total, 0, 0, 0, 0, 0, 0, 1500000, 1500000
2015, RAJASTHAN, 8, RAJSAMAND, 103, KUMBHALGARH, 1348, DHANEEN, 41231, 1122489, Drinking water, 0, 0, 0, 0, 0, 0, 460000, 460000
2015, RAJASTHAN, 8, RAJSAMAND, 103, KUMBHALGARH, 1348, DHANEEN, 41231, 1122489, Total, 0, 0, 0, 0, 0, 0, 460000, 460000
2015, RAJASTHAN, 8, RAJSAMAND, 103, KUMBHALGARH, 1348, GAJPUR, 41233, 1119487, Drinking water, 0, 0, 0, 0, 0, 0, 2500000, 2500000
2015, RAJASTHAN, 8, RAJSAMAND, 103, KUMBHALGARH, 1348, GAJPUR, 41233, 1119487, Total, 0, 0, 0, 0, 0, 0, 2500000, 2500000
2015, RAJASTHAN, 8, RAJSAMAND, 103, KUMBHALGARH, 1348, GARHBOR, 41232, 1121261, Drinking water, 0, 0, 0, 0, 0, 0, 540000, 540000
2015, RAJASTHAN, 8, RAJSAMAND, 103, KUMBHALGARH, 1348, GARHBOR, 41232, 1121261, Total, 0, 0, 0, 0, 0, 0, 540000, 540000
2015, RAJASTHAN, 8, RAJSAMAND, 103, KUMBHALGARH, 1348, GAWAR, 41234, 1122782, Drinking water, 0, 0, 0, 0, 0, 0, 300000, 300000
2015, RAJASTHAN, 8, RAJSAMAND, 103, KUMBHALGARH, 1348, GAWAR, 41234, 1122782, Sanitation, 0, 0, 0, 0, 0, 0, 60000, 60000
2015, RAJASTHAN, 8, RAJSAMAND, 103, KUMBHALGARH, 1348, GAWAR, 41234, 1122782, Total, 0, 0, 0, 0, 0, 0, 360000, 360000
2015, RAJASTHAN, 8, RAJSAMAND, 103, KUMBHALGARH, 1348, JANAWAD, 41235, 1122803, Drinking water, 0, 0, 0, 0, 0, 0, 155590, 155590
2015, RAJASTHAN, 8, RAJSAMAND, 103, KUMBHALGARH, 1348, JANAWAD, 41235, 1122803, Health, 0, 0, 0, 0, 0, 0, 199665, 199665
2015, RAJASTHAN, 8, RAJSAMAND, 103, KUMBHALGARH, 1348, JANAWAD, 41235, 1122803, Sanitation, 0, 0, 0, 0, 0, 0, 237211, 237211
2015, RAJASTHAN, 8, RAJSAMAND, 103, KUMBHALGARH, 1348, JANAWAD, 41235, 1122803, Total, 0, 0, 0, 0, 0, 0, 592466, 592466
2015, RAJASTHAN, 8, RAJSAMAND, 103, KUMBHALGARH, 1348, JHEEL WARA, 41236, 1607866, Drinking water, 0, 0, 0, 0, 0, 0, 225000, 225000
2015, RAJASTHAN, 8, RAJSAMAND, 103, KUMBHALGARH, 1348, JHEEL WARA, 41236, 1607866, Land improvement, 0, 0, 0, 0, 0, 0, 250000, 250000
2015, RAJASTHAN, 8, RAJSAMAND, 103, KUMBHALGARH, 1348, JHEEL WARA, 41236, 1607866, Sanitation, 0, 0, 0, 0, 0, 0, 375000, 375000
2015, RAJASTHAN, 8, RAJSAMAND, 103, KUMBHALGARH, 1348, JHEEL WARA, 41236, 1607866, Total, 0, 0, 0, 0, 0, 0, 850000, 850000
2015, RAJASTHAN, 8, RAJSAMAND, 103, KUMBHALGARH, 1348, KAKARWA, 41238, 1118597, Drinking water, 0, 0, 0, 0, 0, 0, 60000, 60000
2015, RAJASTHAN, 8, RAJSAMAND, 103, KUMBHALGARH, 1348, KAKARWA, 41238, 1118597, Health, 0, 0, 0, 0, 0, 0, 500000, 500000
2015, RAJASTHAN, 8, RAJSAMAND, 103, KUMBHALGARH, 1348, KAKARWA, 41238, 1118597, Total, 0, 0, 0, 0, 0, 0, 560000, 560000
2015, RAJASTHAN, 8, RAJSAMAND, 103, KUMBHALGARH, 1348, KALEENJAR, 41239, 1118582, Drinking water, 0, 0, 0, 0, 0, 0, 1729000, 1729000
2015, RAJASTHAN, 8, RAJSAMAND, 103, KUMBHALGARH, 1348, KALEENJAR, 41239, 1118582, Health, 0, 0, 0, 0, 0, 0, 800000, 800000
2015, RAJASTHAN, 8, RAJSAMAND, 103, KUMBHALGARH, 1348, KALEENJAR, 41239, 1118582, Total, 0, 0, 0, 0, 0, 0, 2529000, 2529000
2015, RAJASTHAN, 8, RAJSAMAND, 103, KUMBHALGARH, 1348, KANOOJA, 41241, 1122793, Drinking water, 0, 0, 0, 0, 0, 0, 380000, 380000
2015, RAJASTHAN, 8, RAJSAMAND, 103, KUMBHALGARH, 1348, KANOOJA, 41241, 1122793, Health, 0, 0, 0, 0, 0, 0, 200000, 200000
2015, RAJASTHAN, 8, RAJSAMAND, 103, KUMBHALGARH, 1348, KANOOJA, 41241, 1122793, Sanitation, 0, 0, 0, 0, 0, 0, 100000, 100000
2015, RAJASTHAN, 8, RAJSAMAND, 103, KUMBHALGARH, 1348, KANOOJA, 41241, 1122793, Total, 0, 0, 0, 0, 0, 0, 680000, 680000
2015, RAJASTHAN, 8, RAJSAMAND, 103, KUMBHALGARH, 1348, KARIYA, 41237, 1119763, Drinking water, 0, 0, 0, 0, 0, 0, 200000, 200000
2015, RAJASTHAN, 8, RAJSAMAND, 103, KUMBHALGARH, 1348, KARIYA, 41237, 1119763, Sanitation, 0, 0, 0, 0, 0, 0, 600000, 600000
2015, RAJASTHAN, 8, RAJSAMAND, 103, KUMBHALGARH, 1348, KARIYA, 41237, 1119763, Total, 0, 0, 0, 0, 0, 0, 800000, 800000
2015, RAJASTHAN, 8, RAJSAMAND, 103, KUMBHALGARH, 1348, KELWARA, 41240, 1122698, Drinking water, 0, 0, 0, 0, 0, 0, 446321, 446321
2015, RAJASTHAN, 8, RAJSAMAND, 103, KUMBHALGARH, 1348, KELWARA, 41240, 1122698, Roads, 0, 0, 0, 0, 0, 0, 45780, 45780
2015, RAJASTHAN, 8, RAJSAMAND, 103, KUMBHALGARH, 1348, KELWARA, 41240, 1122698, Sanitation, 0, 0, 0, 0, 0, 0, 140763, 140763
2015, RAJASTHAN, 8, RAJSAMAND, 103, KUMBHALGARH, 1348, KELWARA, 41240, 1122698, Total, 0, 0, 0, 0, 0, 0, 632864, 632864
2015, RAJASTHAN, 8, RAJSAMAND, 103, KUMBHALGARH, 1348, KHARNOTA, 41242, 1122788, Drinking water, 0, 0, 0, 0, 0, 0, 500000, 500000
2015, RAJASTHAN, 8, RAJSAMAND, 103, KUMBHALGARH, 1348, KHARNOTA, 41242, 1122788, Health, 0, 0, 0, 0, 0, 0, 1100000, 1100000
2015, RAJASTHAN, 8, RAJSAMAND, 103, KUMBHALGARH, 1348, KHARNOTA, 41242, 1122788, Sanitation, 0, 0, 0, 0, 0, 0, 200000, 200000
2015, RAJASTHAN, 8, RAJSAMAND, 103, KUMBHALGARH, 1348, KHARNOTA, 41242, 1122788, Total, 0, 0, 0, 0, 0, 0, 1800000, 1800000
2015, RAJASTHAN, 8, RAJSAMAND, 103, KUMBHALGARH, 1348, KOYAL, 41243, 1093763, Drinking water, 0, 0, 0, 0, 0, 0, 800000, 800000
2015, RAJASTHAN, 8, RAJSAMAND, 103, KUMBHALGARH, 1348, KOYAL, 41243, 1093763, Total, 0, 0, 0, 0, 0, 0, 800000, 800000
2015, RAJASTHAN, 8, RAJSAMAND, 103, KUMBHALGARH, 1348, KUCHOLI, 41244, 1119759, Drinking water, 0, 0, 0, 0, 0, 0, 1010000, 1010000
2015, RAJASTHAN, 8, RAJSAMAND, 103, KUMBHALGARH, 1348, KUCHOLI, 41244, 1119759, Sanitation, 0, 0, 0, 0, 0, 0, 400000, 400000
2015, RAJASTHAN, 8, RAJSAMAND, 103, KUMBHALGARH, 1348, KUCHOLI, 41244, 1119759, Total, 0, 0, 0, 0, 0, 0, 1410000, 1410000
2015, RAJASTHAN, 8, RAJSAMAND, 103, KUMBHALGARH, 1348, LAMBORI, 41245, 1118890, Drinking water, 0, 0, 0, 0, 0, 0, 500000, 500000
2015, RAJASTHAN, 8, RAJSAMAND, 103, KUMBHALGARH, 1348, LAMBORI, 41245, 1118890, Health, 0, 0, 0, 0, 0, 0, 500000, 500000
2015, RAJASTHAN, 8, RAJSAMAND, 103, KUMBHALGARH, 1348, LAMBORI, 41245, 1118890, Total, 0, 0, 0, 0, 0, 0, 1000000, 1000000
2015, RAJASTHAN, 8, RAJSAMAND, 103, KUMBHALGARH, 1348, MAJHERA, 41246, 1119522, Drinking water, 0, 0, 0, 0, 0, 0, 300000, 300000
2015, RAJASTHAN, 8, RAJSAMAND, 103, KUMBHALGARH, 1348, MAJHERA, 41246, 1119522, Health, 0, 0, 0, 0, 0, 0, 100000, 100000
2015, RAJASTHAN, 8, RAJSAMAND, 103, KUMBHALGARH, 1348, MAJHERA, 41246, 1119522, Roads, 0, 0, 0, 0, 0, 0, 2300000, 2300000
2015, RAJASTHAN, 8, RAJSAMAND, 103, KUMBHALGARH, 1348, MAJHERA, 41246, 1119522, Sanitation, 0, 0, 0, 0, 0, 0, 160000, 160000
2015, RAJASTHAN, 8, RAJSAMAND, 103, KUMBHALGARH, 1348, MAJHERA, 41246, 1119522, Total, 0, 0, 0, 0, 0, 0, 3010000, 3010000
2015, RAJASTHAN, 8, RAJSAMAND, 103, KUMBHALGARH, 1348, MAJHERA, 41246, 1119522, Women and child development, 0, 0, 0, 0, 0, 0, 150000, 150000
2015, RAJASTHAN, 8, RAJSAMAND, 103, KUMBHALGARH, 1348, MANAWATION KA GURHA, 41247, 1119368, Drinking water, 0, 0, 0, 0, 0, 0, 610000, 610000
2015, RAJASTHAN, 8, RAJSAMAND, 103, KUMBHALGARH, 1348, MANAWATION KA GURHA, 41247, 1119368, Total, 0, 0, 0, 0, 0, 0, 610000, 610000
2015, RAJASTHAN, 8, RAJSAMAND, 103, KUMBHALGARH, 1348, MORCHA, 41248, 1119024, Drinking water, 0, 0, 0, 0, 0, 0, 300000, 300000
2015, RAJASTHAN, 8, RAJSAMAND, 103, KUMBHALGARH, 1348, MORCHA, 41248, 1119024, Total, 0, 0, 0, 0, 0, 0, 300000, 300000
2015, RAJASTHAN, 8, RAJSAMAND, 103, KUMBHALGARH, 1348, OLADAR, 41249, 1119496, Drinking water, 0, 0, 0, 0, 0, 0, 275000, 275000
2015, RAJASTHAN, 8, RAJSAMAND, 103, KUMBHALGARH, 1348, OLADAR, 41249, 1119496, Sanitation, 0, 0, 0, 0, 0, 0, 335000, 335000
2015, RAJASTHAN, 8, RAJSAMAND, 103, KUMBHALGARH, 1348, OLADAR, 41249, 1119496, Total, 0, 0, 0, 0, 0, 0, 610000, 610000
2015, RAJASTHAN, 8, RAJSAMAND, 103, KUMBHALGARH, 1348, ORA, 41250, 1122718, Drinking water, 0, 0, 0, 0, 0, 0, 135000, 135000
2015, RAJASTHAN, 8, RAJSAMAND, 103, KUMBHALGARH, 1348, ORA, 41250, 1122718, Total, 0, 0, 0, 0, 0, 0, 135000, 135000
2015, RAJASTHAN, 8, RAJSAMAND, 103, KUMBHALGARH, 1348, PEEPANA, 41251, 1122784, Roads, 0, 0, 0, 0, 0, 0, 1750000, 1750000
2015, RAJASTHAN, 8, RAJSAMAND, 103, KUMBHALGARH, 1348, PEEPANA, 41251, 1122784, Total, 0, 0, 0, 0, 0, 0, 1750000, 1750000
2015, RAJASTHAN, 8, RAJSAMAND, 103, KUMBHALGARH, 1348, PEEPLA, 41252, 1119044, Drinking water, 0, 0, 0, 0, 0, 0, 542555, 542555
2015, RAJASTHAN, 8, RAJSAMAND, 103, KUMBHALGARH, 1348, PEEPLA, 41252, 1119044, Total, 0, 0, 0, 0, 0, 0, 542555, 542555
2015, RAJASTHAN, 8, RAJSAMAND, 103, KUMBHALGARH, 1348, REECHHER, 41253, 1119564, Roads, 0, 0, 0, 0, 0, 0, 200000, 200000
2015, RAJASTHAN, 8, RAJSAMAND, 103, KUMBHALGARH, 1348, REECHHER, 41253, 1119564, Sanitation, 0, 0, 0, 0, 0, 0, 100000, 100000
2015, RAJASTHAN, 8, RAJSAMAND, 103, KUMBHALGARH, 1348, REECHHER, 41253, 1119564, Total, 0, 0, 0, 0, 0, 0, 300000, 300000
2015, RAJASTHAN, 8, RAJSAMAND, 103, KUMBHALGARH, 1348, SAMEECHA, 41254, 1125052, Health, 0, 0, 0, 0, 0, 0, 250000, 250000
2015, RAJASTHAN, 8, RAJSAMAND, 103, KUMBHALGARH, 1348, SAMEECHA, 41254, 1125052, Sanitation, 0, 0, 0, 0, 0, 0, 140000, 140000
2015, RAJASTHAN, 8, RAJSAMAND, 103, KUMBHALGARH, 1348, SAMEECHA, 41254, 1125052, Total, 0, 0, 0, 0, 0, 0, 390000, 390000
2015, RAJASTHAN, 8, RAJSAMAND, 103, KUMBHALGARH, 1348, SATHIYA, 41255, 1093810, Drinking water, 0, 0, 0, 0, 0, 0, 240000, 240000
2015, RAJASTHAN, 8, RAJSAMAND, 103, KUMBHALGARH, 1348, SATHIYA, 41255, 1093810, Total, 0, 0, 0, 0, 0, 0, 240000, 240000
2015, RAJASTHAN, 8, RAJSAMAND, 103, KUMBHALGARH, 1348, SEWANTRI, 41256, 1122776, Drinking water, 0, 0, 0, 0, 0, 0, 200000, 200000
2015, RAJASTHAN, 8, RAJSAMAND, 103, KUMBHALGARH, 1348, SEWANTRI, 41256, 1122776, Health, 0, 0, 0, 0, 0, 0, 170000, 170000
2015, RAJASTHAN, 8, RAJSAMAND, 103, KUMBHALGARH, 1348, SEWANTRI, 41256, 1122776, Roads, 0, 0, 0, 0, 0, 0, 300000, 300000
2015, RAJASTHAN, 8, RAJSAMAND, 103, KUMBHALGARH, 1348, SEWANTRI, 41256, 1122776, Sanitation, 0, 0, 0, 0, 0, 0, 350000, 350000
2015, RAJASTHAN, 8, RAJSAMAND, 103, KUMBHALGARH, 1348, SEWANTRI, 41256, 1122776, Total, 0, 0, 0, 0, 0, 0, 1020000, 1020000
2015, RAJASTHAN, 8, RAJSAMAND, 103, KUMBHALGARH, 1348, SOONKHAR, 41257, 1122746, Drinking water, 0, 0, 0, 0, 0, 0, 750000, 750000
2015, RAJASTHAN, 8, RAJSAMAND, 103, KUMBHALGARH, 1348, SOONKHAR, 41257, 1122746, Total, 0, 0, 0, 0, 0, 0, 750000, 750000
2015, RAJASTHAN, 8, RAJSAMAND, 103, KUMBHALGARH, 1348, TADAWARA GUJRAN, 41258, 1122796, Drinking water, 0, 0, 0, 0, 0, 0, 664110, 664110
2015, RAJASTHAN, 8, RAJSAMAND, 103, KUMBHALGARH, 1348, TADAWARA GUJRAN, 41258, 1122796, Total, 0, 0, 0, 0, 0, 0, 664110, 664110
2015, RAJASTHAN, 8, RAJSAMAND, 103, KUMBHALGARH, 1348, TALADARI, 41259, 1119766, Drinking water, 0, 0, 0, 0, 0, 0, 120000, 120000
2015, RAJASTHAN, 8, RAJSAMAND, 103, KUMBHALGARH, 1348, TALADARI, 41259, 1119766, Health, 0, 0, 0, 0, 0, 0, 200000, 200000
2015, RAJASTHAN, 8, RAJSAMAND, 103, KUMBHALGARH, 1348, TALADARI, 41259, 1119766, Roads, 0, 0, 0, 0, 0, 0, 200000, 200000
2015, RAJASTHAN, 8, RAJSAMAND, 103, KUMBHALGARH, 1348, TALADARI, 41259, 1119766, Total, 0, 0, 0, 0, 0, 0, 520000, 520000
2015, RAJASTHAN, 8, RAJSAMAND, 103, KUMBHALGARH, 1348, THURAWAR, 41260, 1119571, Sanitation, 0, 0, 0, 0, 0, 0, 450000, 450000
2015, RAJASTHAN, 8, RAJSAMAND, 103, KUMBHALGARH, 1348, THURAWAR, 41260, 1119571, Total, 0, 0, 0, 0, 0, 0, 450000, 450000
2015, RAJASTHAN, 8, RAJSAMAND, 103, KUMBHALGARH, 1348, UMARWAS, 41261, 1122733, Health, 0, 0, 0, 0, 0, 0, 150000, 150000
2015, RAJASTHAN, 8, RAJSAMAND, 103, KUMBHALGARH, 1348, UMARWAS, 41261, 1122733, Sanitation, 0, 0, 0, 0, 0, 0, 25000, 25000
2015, RAJASTHAN, 8, RAJSAMAND, 103, KUMBHALGARH, 1348, UMARWAS, 41261, 1122733, Total, 0, 0, 0, 0, 0, 0, 175000, 175000
2015, RAJASTHAN, 8, RAJSAMAND, 103, KUMBHALGARH, 1348, USAR, 41262, 1606092, Drinking water, 0, 0, 0, 0, 0, 0, 178043, 178043
2015, RAJASTHAN, 8, RAJSAMAND, 103, KUMBHALGARH, 1348, USAR, 41262, 1606092, Roads, 0, 0, 0, 0, 0, 0, 142950, 142950
2015, RAJASTHAN, 8, RAJSAMAND, 103, KUMBHALGARH, 1348, USAR, 41262, 1606092, Total, 0, 0, 0, 0, 0, 0, 320993, 320993
2015, RAJASTHAN, 8, RAJSAMAND, 103, RAILMAGRA, 1349, BAMNIYA KALAN, 41264, 1104412, Drinking water, 0, 0, 0, 0, 0, 0, 120000, 120000
2015, RAJASTHAN, 8, RAJSAMAND, 103, RAILMAGRA, 1349, BAMNIYA KALAN, 41264, 1104412, Health, 0, 0, 0, 0, 0, 0, 100000, 100000
2015, RAJASTHAN, 8, RAJSAMAND, 103, RAILMAGRA, 1349, BAMNIYA KALAN, 41264, 1104412, Roads, 0, 0, 0, 0, 0, 0, 500000, 500000
2015, RAJASTHAN, 8, RAJSAMAND, 103, RAILMAGRA, 1349, BAMNIYA KALAN, 41264, 1104412, Total, 0, 0, 0, 0, 0, 0, 720000, 720000
2015, RAJASTHAN, 8, RAJSAMAND, 103, RAILMAGRA, 1349, BANEDIYA, 41265, 1191222, Drinking water, 0, 0, 0, 0, 0, 0, 60000, 60000
2015, RAJASTHAN, 8, RAJSAMAND, 103, RAILMAGRA, 1349, BANEDIYA, 41265, 1191222, Roads, 0, 0, 0, 0, 0, 0, 600000, 600000
2015, RAJASTHAN, 8, RAJSAMAND, 103, RAILMAGRA, 1349, BANEDIYA, 41265, 1191222, Total, 0, 0, 0, 0, 0, 0, 860000, 860000
2015, RAJASTHAN, 8, RAJSAMAND, 103, RAILMAGRA, 1349, BANEDIYA, 41265, 1191222, Women and child development, 0, 0, 0, 0, 0, 0, 200000, 200000
2015, RAJASTHAN, 8, RAJSAMAND, 103, RAILMAGRA, 1349, CHARANA, 41266, 1096882, Sanitation, 0, 0, 0, 0, 0, 0, 100000, 100000
2015, RAJASTHAN, 8, RAJSAMAND, 103, RAILMAGRA, 1349, CHARANA, 41266, 1096882, Total, 0, 0, 0, 0, 0, 0, 100000, 100000
2015, RAJASTHAN, 8, RAJSAMAND, 103, RAILMAGRA, 1349, CHOKRI, 41267, 1096974, Roads, 0, 0, 0, 0, 0, 0, 150000, 150000
2015, RAJASTHAN, 8, RAJSAMAND, 103, RAILMAGRA, 1349, CHOKRI, 41267, 1096974, Total, 0, 0, 0, 0, 0, 0, 150000, 150000
2015, RAJASTHAN, 8, RAJSAMAND, 103, RAILMAGRA, 1349, DHANERIYA, 41268, 1095079, Administrative & Technical Support, 0, 0, 0, 0, 0, 0, 30000, 30000
2015, RAJASTHAN, 8, RAJSAMAND, 103, RAILMAGRA, 1349, DHANERIYA, 41268, 1095079, Drinking water, 0, 0, 0, 0, 0, 0, 60000, 60000
2015, RAJASTHAN, 8, RAJSAMAND, 103, RAILMAGRA, 1349, DHANERIYA, 41268, 1095079, Sanitation, 0, 0, 0, 0, 0, 0, 100000, 100000
2015, RAJASTHAN, 8, RAJSAMAND, 103, RAILMAGRA, 1349, DHANERIYA, 41268, 1095079, Total, 0, 0, 0, 0, 0, 0, 190000, 190000
2015, RAJASTHAN, 8, RAJSAMAND, 103, RAILMAGRA, 1349, GILUND, 41270, 1099231, Drinking water, 0, 0, 0, 0, 0, 0, 1080000, 1080000
2015, RAJASTHAN, 8, RAJSAMAND, 103, RAILMAGRA, 1349, GILUND, 41270, 1099231, Total, 0, 0, 0, 0, 0, 0, 1080000, 1080000
2015, RAJASTHAN, 8, RAJSAMAND, 103, RAILMAGRA, 1349, GOGATHALA, 41271, 1120552, Land improvement, 0, 0, 0, 0, 0, 0, 200000, 200000
2015, RAJASTHAN, 8, RAJSAMAND, 103, RAILMAGRA, 1349, GOGATHALA, 41271, 1120552, Maintenance of community system, 0, 0, 0, 0, 0, 0, 500000, 500000
2015, RAJASTHAN, 8, RAJSAMAND, 103, RAILMAGRA, 1349, GOGATHALA, 41271, 1120552, Roads, 0, 0, 0, 0, 0, 0, 170000, 170000
2015, RAJASTHAN, 8, RAJSAMAND, 103, RAILMAGRA, 1349, GOGATHALA, 41271, 1120552, Sanitation, 0, 0, 0, 0, 0, 0, 151773, 151773
2015, RAJASTHAN, 8, RAJSAMAND, 103, RAILMAGRA, 1349, GOGATHALA, 41271, 1120552, Total, 0, 0, 0, 0, 0, 0, 1021773, 1021773
2015, RAJASTHAN, 8, RAJSAMAND, 103, RAILMAGRA, 1349, JAWASYA, 41272, 1093849, Drinking water, 0, 0, 0, 0, 0, 0, 50000, 50000
2015, RAJASTHAN, 8, RAJSAMAND, 103, RAILMAGRA, 1349, JAWASYA, 41272, 1093849, Roads, 0, 0, 0, 0, 0, 0, 400000, 400000
2015, RAJASTHAN, 8, RAJSAMAND, 103, RAILMAGRA, 1349, JAWASYA, 41272, 1093849, Sanitation, 0, 0, 0, 0, 0, 0, 170000, 170000
2015, RAJASTHAN, 8, RAJSAMAND, 103, RAILMAGRA, 1349, JAWASYA, 41272, 1093849, Total, 0, 0, 0, 0, 0, 0, 620000, 620000
2015, RAJASTHAN, 8, RAJSAMAND, 103, RAILMAGRA, 1349, JEETAWAS, 41273, 1095618, Roads, 0, 0, 0, 0, 0, 0, 250000, 250000
2015, RAJASTHAN, 8, RAJSAMAND, 103, RAILMAGRA, 1349, JEETAWAS, 41273, 1095618, Total, 0, 0, 0, 0, 0, 0, 250000, 250000
2015, RAJASTHAN, 8, RAJSAMAND, 103, RAILMAGRA, 1349, JOONDA, 41274, 1100970, Roads, 0, 0, 0, 0, 0, 0, 350000, 350000
2015, RAJASTHAN, 8, RAJSAMAND, 103, RAILMAGRA, 1349, JOONDA, 41274, 1100970, Total, 0, 0, 0, 0, 0, 0, 350000, 350000
2015, RAJASTHAN, 8, RAJSAMAND, 103, RAILMAGRA, 1349, KABRA, 41275, 1103164, Drinking water, 0, 0, 0, 0, 0, 0, 400000, 400000
2015, RAJASTHAN, 8, RAJSAMAND, 103, RAILMAGRA, 1349, KABRA, 41275, 1103164, Total, 0, 0, 0, 0, 0, 0, 400000, 400000
2015, RAJASTHAN, 8, RAJSAMAND, 103, RAILMAGRA, 1349, KHAR BAMANIYA, 41276, 1107546, Drinking water, 0, 0, 0, 0, 0, 0, 365000, 365000
2015, RAJASTHAN, 8, RAJSAMAND, 103, RAILMAGRA, 1349, KHAR BAMANIYA, 41276, 1107546, Roads, 0, 0, 0, 0, 0, 0, 500000, 500000
2015, RAJASTHAN, 8, RAJSAMAND, 103, RAILMAGRA, 1349, KHAR BAMANIYA, 41276, 1107546, Sanitation, 0, 0, 0, 0, 0, 0, 238600, 238600
2015, RAJASTHAN, 8, RAJSAMAND, 103, RAILMAGRA, 1349, KHAR BAMANIYA, 41276, 1107546, Total, 0, 0, 0, 0, 0, 0, 1103600, 1103600
2015, RAJASTHAN, 8, RAJSAMAND, 103, RAILMAGRA, 1349, KOTRII, 41277, 1096780, Roads, 0, 0, 0, 0, 0, 0, 500000, 500000
2015, RAJASTHAN, 8, RAJSAMAND, 103, RAILMAGRA, 1349, KOTRII, 41277, 1096780, Total, 0, 0, 0, 0, 0, 0, 500000, 500000
2015, RAJASTHAN, 8, RAJSAMAND, 103, RAILMAGRA, 1349, KUNDIYA, 41278, 1093532, Drinking water, 0, 0, 0, 0, 0, 0, 205531, 205531
2015, RAJASTHAN, 8, RAJSAMAND, 103, RAILMAGRA, 1349, KUNDIYA, 41278, 1093532, Total, 0, 0, 0, 0, 0, 0, 205531, 205531
2015, RAJASTHAN, 8, RAJSAMAND, 103, RAILMAGRA, 1349, KURAJ, 41279, 1103214, Drinking water, 0, 0, 0, 0, 0, 0, 250000, 250000
2015, RAJASTHAN, 8, RAJSAMAND, 103, RAILMAGRA, 1349, KURAJ, 41279, 1103214, Roads, 0, 0, 0, 0, 0, 0, 400000, 400000
2015, RAJASTHAN, 8, RAJSAMAND, 103, RAILMAGRA, 1349, KURAJ, 41279, 1103214, Sanitation, 0, 0, 0, 0, 0, 0, 470000, 470000
2015, RAJASTHAN, 8, RAJSAMAND, 103, RAILMAGRA, 1349, KURAJ, 41279, 1103214, Total, 0, 0, 0, 0, 0, 0, 1120000, 1120000
2015, RAJASTHAN, 8, RAJSAMAND, 103, RAILMAGRA, 1349, LAPASIYA AKHERA, 41280, 1114170, Roads, 0, 0, 0, 0, 0, 0, 500000, 500000
2015, RAJASTHAN, 8, RAJSAMAND, 103, RAILMAGRA, 1349, LAPASIYA AKHERA, 41280, 1114170, Total, 0, 0, 0, 0, 0, 0, 500000, 500000
2015, RAJASTHAN, 8, RAJSAMAND, 103, RAILMAGRA, 1349, MEHANDURIYA, 41281, 1094716, Drinking water, 0, 0, 0, 0, 0, 0, 189545, 189545
2015, RAJASTHAN, 8, RAJSAMAND, 103, RAILMAGRA, 1349, MEHANDURIYA, 41281, 1094716, Sanitation, 0, 0, 0, 0, 0, 0, 327264, 327264
2015, RAJASTHAN, 8, RAJSAMAND, 103, RAILMAGRA, 1349, MEHANDURIYA, 41281, 1094716, Total, 0, 0, 0, 0, 0, 0, 604906, 604906
2015, RAJASTHAN, 8, RAJSAMAND, 103, RAILMAGRA, 1349, MEHANDURIYA, 41281, 1094716, Women and child development, 0, 0, 0, 0, 0, 0, 88097, 88097
2015, RAJASTHAN, 8, RAJSAMAND, 103, RAILMAGRA, 1349, ORA, 41282, 1114711, Drinking water, 0, 0, 0, 0, 0, 0, 550000, 550000
2015, RAJASTHAN, 8, RAJSAMAND, 103, RAILMAGRA, 1349, ORA, 41282, 1114711, Roads, 0, 0, 0, 0, 0, 0, 630000, 630000
2015, RAJASTHAN, 8, RAJSAMAND, 103, RAILMAGRA, 1349, ORA, 41282, 1114711, Total, 0, 0, 0, 0, 0, 0, 1180000, 1180000
2015, RAJASTHAN, 8, RAJSAMAND, 103, RAILMAGRA, 1349, PACHHMATA, 41283, 1090204, Drinking water, 0, 0, 0, 0, 0, 0, 820000, 820000
2015, RAJASTHAN, 8, RAJSAMAND, 103, RAILMAGRA, 1349, PACHHMATA, 41283, 1090204, Rural electrification, 0, 0, 0, 0, 0, 0, 46000, 46000
2015, RAJASTHAN, 8, RAJSAMAND, 103, RAILMAGRA, 1349, PACHHMATA, 41283, 1090204, Sanitation, 0, 0, 0, 0, 0, 0, 50000, 50000
2015, RAJASTHAN, 8, RAJSAMAND, 103, RAILMAGRA, 1349, PACHHMATA, 41283, 1090204, Total, 0, 0, 0, 0, 0, 0, 916000, 916000
2015, RAJASTHAN, 8, RAJSAMAND, 103, RAILMAGRA, 1349, PANOTIYA, 41284, 1095645, Roads, 0, 0, 0, 0, 0, 0, 250000, 250000
2015, RAJASTHAN, 8, RAJSAMAND, 103, RAILMAGRA, 1349, PANOTIYA, 41284, 1095645, Total, 0, 0, 0, 0, 0, 0, 250000, 250000
2015, RAJASTHAN, 8, RAJSAMAND, 103, RAILMAGRA, 1349, PEEPALI AHEERAN, 41285, 1095860, Sanitation, 0, 0, 0, 0, 0, 0, 200000, 200000
2015, RAJASTHAN, 8, RAJSAMAND, 103, RAILMAGRA, 1349, PEEPALI AHEERAN, 41285, 1095860, Total, 0, 0, 0, 0, 0, 0, 200000, 200000
2015, RAJASTHAN, 8, RAJSAMAND, 103, RAILMAGRA, 1349, PEEPALI DODIYAN, 41286, 1096962, Family welfare, 0, 0, 0, 0, 0, 0, 250000, 250000
2015, RAJASTHAN, 8, RAJSAMAND, 103, RAILMAGRA, 1349, PEEPALI DODIYAN, 41286, 1096962, Roads, 0, 0, 0, 0, 0, 0, 500000, 500000
2015, RAJASTHAN, 8, RAJSAMAND, 103, RAILMAGRA, 1349, PEEPALI DODIYAN, 41286, 1096962, Total, 0, 0, 0, 0, 0, 0, 750000, 750000
2015, RAJASTHAN, 8, RAJSAMAND, 103, RAILMAGRA, 1349, RAILMAGRA, 41287, 1089996, Sanitation, 0, 0, 0, 0, 0, 0, 77415, 77415
2015, RAJASTHAN, 8, RAJSAMAND, 103, RAILMAGRA, 1349, RAILMAGRA, 41287, 1089996, Total, 0, 0, 0, 0, 0, 0, 77415, 77415
2015, RAJASTHAN, 8, RAJSAMAND, 103, RAILMAGRA, 1349, RAJPURA, 41288, 1115348, Drinking water, 0, 0, 0, 0, 0, 0, 540000, 540000
2015, RAJASTHAN, 8, RAJSAMAND, 103, RAILMAGRA, 1349, RAJPURA, 41288, 1115348, Sanitation, 0, 0, 0, 0, 0, 0, 302179, 302179
2015, RAJASTHAN, 8, RAJSAMAND, 103, RAILMAGRA, 1349, RAJPURA, 41288, 1115348, Total, 0, 0, 0, 0, 0, 0, 842179, 842179
2015, RAJASTHAN, 8, RAJSAMAND, 103, RAILMAGRA, 1349, SAKARAWAS, 41290, 1191466, Drinking water, 0, 0, 0, 0, 0, 0, 10000, 10000
2015, RAJASTHAN, 8, RAJSAMAND, 103, RAILMAGRA, 1349, SAKARAWAS, 41290, 1191466, Health, 0, 0, 0, 0, 0, 0, 13000, 13000
2015, RAJASTHAN, 8, RAJSAMAND, 103, RAILMAGRA, 1349, SAKARAWAS, 41290, 1191466, Public distribution system, 0, 0, 0, 0, 0, 0, 1375761, 1375761
2015, RAJASTHAN, 8, RAJSAMAND, 103, RAILMAGRA, 1349, SAKARAWAS, 41290, 1191466, Total, 0, 0, 0, 0, 0, 0, 1398761, 1398761
2015, RAJASTHAN, 8, RAJSAMAND, 103, RAILMAGRA, 1349, SANSERA, 41291, 1101114, Drinking water, 0, 0, 0, 0, 0, 0, 200000, 200000
2015, RAJASTHAN, 8, RAJSAMAND, 103, RAILMAGRA, 1349, SANSERA, 41291, 1101114, Roads, 0, 0, 0, 0, 0, 0, 500000, 500000
2015, RAJASTHAN, 8, RAJSAMAND, 103, RAILMAGRA, 1349, SANSERA, 41291, 1101114, Sanitation, 0, 0, 0, 0, 0, 0, 350000, 350000
2015, RAJASTHAN, 8, RAJSAMAND, 103, RAILMAGRA, 1349, SANSERA, 41291, 1101114, Total, 0, 0, 0, 0, 0, 0, 1050000, 1050000
2015, RAJASTHAN, 8, RAJSAMAND, 103, RAILMAGRA, 1349, SINDESAR KALAN, 41292, 1098708, Drinking water, 0, 0, 0, 0, 0, 0, 320000, 320000
2015, RAJASTHAN, 8, RAJSAMAND, 103, RAILMAGRA, 1349, SINDESAR KALAN, 41292, 1098708, Maintenance of community system, 0, 0, 0, 0, 0, 0, 100000, 100000
2015, RAJASTHAN, 8, RAJSAMAND, 103, RAILMAGRA, 1349, SINDESAR KALAN, 41292, 1098708, Sanitation, 0, 0, 0, 0, 0, 0, 200000, 200000
2015, RAJASTHAN, 8, RAJSAMAND, 103, RAILMAGRA, 1349, SINDESAR KALAN, 41292, 1098708, Total, 0, 0, 0, 0, 0, 0, 620000, 620000
2015, RAJASTHAN, 8, RAJSAMAND, 103, RAJSAMAND, 1350, ATMA, 41294, 1126550, Sanitation, 0, 0, 0, 0, 0, 0, 250000, 250000
2015, RAJASTHAN, 8, RAJSAMAND, 103, RAJSAMAND, 1350, ATMA, 41294, 1126550, Total, 0, 0, 0, 0, 0, 0, 250000, 250000
2015, RAJASTHAN, 8, RAJSAMAND, 103, RAJSAMAND, 1350, BAMANTUKRA, 41296, 1132612, Drinking water, 0, 0, 0, 0, 0, 0, 1300000, 1300000
2015, RAJASTHAN, 8, RAJSAMAND, 103, RAJSAMAND, 1350, BAMANTUKRA, 41296, 1132612, Total, 0, 0, 0, 0, 0, 0, 1300000, 1300000
2015, RAJASTHAN, 8, RAJSAMAND, 103, RAJSAMAND, 1350, BANAI, 41298, 1095870, Drinking water, 0, 0, 0, 0, 0, 0, 850000, 850000
2015, RAJASTHAN, 8, RAJSAMAND, 103, RAJSAMAND, 1350, BANAI, 41298, 1095870, Total, 0, 0, 0, 0, 0, 0, 850000, 850000
2015, RAJASTHAN, 8, RAJSAMAND, 103, RAJSAMAND, 1350, BARARDA, 41295, 1096139, Sanitation, 0, 0, 0, 0, 0, 0, 100000, 100000
2015, RAJASTHAN, 8, RAJSAMAND, 103, RAJSAMAND, 1350, BARARDA, 41295, 1096139, Total, 0, 0, 0, 0, 0, 0, 100000, 100000
2015, RAJASTHAN, 8, RAJSAMAND, 103, RAJSAMAND, 1350, BHANA, 41297, 1094879, Sanitation, 0, 0, 0, 0, 0, 0, 180000, 180000
2015, RAJASTHAN, 8, RAJSAMAND, 103, RAJSAMAND, 1350, BHANA, 41297, 1094879, Total, 0, 0, 0, 0, 0, 0, 180000, 180000
2015, RAJASTHAN, 8, RAJSAMAND, 103, RAJSAMAND, 1350, BHATOLI, 41299, 1096237, Drinking water, 0, 0, 0, 0, 0, 0, 225000, 225000
2015, RAJASTHAN, 8, RAJSAMAND, 103, RAJSAMAND, 1350, BHATOLI, 41299, 1096237, Sanitation, 0, 0, 0, 0, 0, 0, 900000, 900000
2015, RAJASTHAN, 8, RAJSAMAND, 103, RAJSAMAND, 1350, BHATOLI, 41299, 1096237, Total, 0, 0, 0, 0, 0, 0, 1125000, 1125000
2015, RAJASTHAN, 8, RAJSAMAND, 103, RAJSAMAND, 1350, BHAWA, 41300, 1095657, Drinking water, 0, 0, 0, 0, 0, 0, 550000, 550000
2015, RAJASTHAN, 8, RAJSAMAND, 103, RAJSAMAND, 1350, BHAWA, 41300, 1095657, Sanitation, 0, 0, 0, 0, 0, 0, 250000, 250000
2015, RAJASTHAN, 8, RAJSAMAND, 103, RAJSAMAND, 1350, BHAWA, 41300, 1095657, Total, 0, 0, 0, 0, 0, 0, 800000, 800000
2015, RAJASTHAN, 8, RAJSAMAND, 103, RAJSAMAND, 1350, BINOL, 41301, 1121347, Drinking water, 0, 0, 0, 0, 0, 0, 1007000, 1007000
2015, RAJASTHAN, 8, RAJSAMAND, 103, RAJSAMAND, 1350, BINOL, 41301, 1121347, Sanitation, 0, 0, 0, 0, 0, 0, 100000, 100000
2015, RAJASTHAN, 8, RAJSAMAND, 103, RAJSAMAND, 1350, BINOL, 41301, 1121347, Total, 0, 0, 0, 0, 0, 0, 1107000, 1107000
2015, RAJASTHAN, 8, RAJSAMAND, 103, RAJSAMAND, 1350, BORAJ, 41302, 1127178, Administrative & Technical Support, 0, 0, 0, 0, 0, 0, 100000, 100000
2015, RAJASTHAN, 8, RAJSAMAND, 103, RAJSAMAND, 1350, BORAJ, 41302, 1127178, Drinking water, 0, 0, 0, 0, 0, 0, 100000, 100000
2015, RAJASTHAN, 8, RAJSAMAND, 103, RAJSAMAND, 1350, BORAJ, 41302, 1127178, Total, 0, 0, 0, 0, 0, 0, 200000, 200000
2015, RAJASTHAN, 8, RAJSAMAND, 103, RAJSAMAND, 1350, DHANYALA, 41303, 1126845, Drinking water, 0, 0, 0, 0, 0, 0, 600000, 600000
2015, RAJASTHAN, 8, RAJSAMAND, 103, RAJSAMAND, 1350, DHANYALA, 41303, 1126845, Total, 0, 0, 0, 0, 0, 0, 600000, 600000
2015, RAJASTHAN, 8, RAJSAMAND, 103, RAJSAMAND, 1350, EMRI, 41293, 1147152, Cultural activities, 0, 0, 0, 0, 0, 0, 200000, 200000
2015, RAJASTHAN, 8, RAJSAMAND, 103, RAJSAMAND, 1350, EMRI, 41293, 1147152, Drinking water, 0, 0, 0, 0, 0, 0, 500000, 500000
2015, RAJASTHAN, 8, RAJSAMAND, 103, RAJSAMAND, 1350, EMRI, 41293, 1147152, Sanitation, 0, 0, 0, 0, 0, 0, 960000, 960000
2015, RAJASTHAN, 8, RAJSAMAND, 103, RAJSAMAND, 1350, EMRI, 41293, 1147152, Social forestry and farm forestry, 0, 0, 0, 0, 0, 0, 600000, 600000
2015, RAJASTHAN, 8, RAJSAMAND, 103, RAJSAMAND, 1350, EMRI, 41293, 1147152, Total, 0, 0, 0, 0, 0, 0, 2260000, 2260000
2015, RAJASTHAN, 8, RAJSAMAND, 103, RAJSAMAND, 1350, KELWA, 41304, 1094925, Sanitation, 0, 0, 0, 0, 0, 0, 990000, 990000
2015, RAJASTHAN, 8, RAJSAMAND, 103, RAJSAMAND, 1350, KELWA, 41304, 1094925, Total, 0, 0, 0, 0, 0, 0, 990000, 990000
2015, RAJASTHAN, 8, RAJSAMAND, 103, RAJSAMAND, 1350, KHATAMLA, 41305, 1094841, Sanitation, 0, 0, 0, 0, 0, 0, 1220000, 1220000
2015, RAJASTHAN, 8, RAJSAMAND, 103, RAJSAMAND, 1350, KHATAMLA, 41305, 1094841, Total, 0, 0, 0, 0, 0, 0, 1220000, 1220000
2015, RAJASTHAN, 8, RAJSAMAND, 103, RAJSAMAND, 1350, KUNWARIYA, 41306, 1114559, Rural electrification, 0, 0, 0, 0, 0, 0, 200000, 200000
2015, RAJASTHAN, 8, RAJSAMAND, 103, RAJSAMAND, 1350, KUNWARIYA, 41306, 1114559, Sanitation, 0, 0, 0, 0, 0, 0, 1900000, 1900000
2015, RAJASTHAN, 8, RAJSAMAND, 103, RAJSAMAND, 1350, KUNWARIYA, 41306, 1114559, Total, 0, 0, 0, 0, 0, 0, 2100000, 2100000
2015, RAJASTHAN, 8, RAJSAMAND, 103, RAJSAMAND, 1350, MAHASATIYON KI MADRI, 41307, 1136619, Drinking water, 0, 0, 0, 0, 0, 0, 1250000, 1250000
2015, RAJASTHAN, 8, RAJSAMAND, 103, RAJSAMAND, 1350, MAHASATIYON KI MADRI, 41307, 1136619, Sanitation, 0, 0, 0, 0, 0, 0, 500000, 500000
2015, RAJASTHAN, 8, RAJSAMAND, 103, RAJSAMAND, 1350, MAHASATIYON KI MADRI, 41307, 1136619, Total, 0, 0, 0, 0, 0, 0, 1750000, 1750000
2015, RAJASTHAN, 8, RAJSAMAND, 103, RAJSAMAND, 1350, MOHI, 41308, 1096953, Administrative & Technical Support, 0, 0, 0, 0, 0, 0, 462000, 462000
2015, RAJASTHAN, 8, RAJSAMAND, 103, RAJSAMAND, 1350, MOHI, 41308, 1096953, Total, 0, 0, 0, 0, 0, 0, 462000, 462000
2015, RAJASTHAN, 8, RAJSAMAND, 103, RAJSAMAND, 1350, MUNDOL, 41309, 1118900, Drinking water, 0, 0, 0, 0, 0, 0, 1079000, 1079000
2015, RAJASTHAN, 8, RAJSAMAND, 103, RAJSAMAND, 1350, MUNDOL, 41309, 1118900, Sanitation, 0, 0, 0, 0, 0, 0, 261845, 261845
2015, RAJASTHAN, 8, RAJSAMAND, 103, RAJSAMAND, 1350, MUNDOL, 41309, 1118900, Total, 0, 0, 0, 0, 0, 0, 1340845, 1340845
2015, RAJASTHAN, 8, RAJSAMAND, 103, RAJSAMAND, 1350, PARASLI, 41310, 1103515, Drinking water, 0, 0, 0, 0, 0, 0, 1574000, 1574000
2015, RAJASTHAN, 8, RAJSAMAND, 103, RAJSAMAND, 1350, PARASLI, 41310, 1103515, Sanitation, 0, 0, 0, 0, 0, 0, 625000, 625000
2015, RAJASTHAN, 8, RAJSAMAND, 103, RAJSAMAND, 1350, PARASLI, 41310, 1103515, Total, 0, 0, 0, 0, 0, 0, 2199000, 2199000
2015, RAJASTHAN, 8, RAJSAMAND, 103, RAJSAMAND, 1350, PASOOND, 41311, 1132652, Drinking water, 0, 0, 0, 0, 0, 0, 255000, 255000
2015, RAJASTHAN, 8, RAJSAMAND, 103, RAJSAMAND, 1350, PASOOND, 41311, 1132652, Sanitation, 0, 0, 0, 0, 0, 0, 950000, 950000
2015, RAJASTHAN, 8, RAJSAMAND, 103, RAJSAMAND, 1350, PASOOND, 41311, 1132652, Total, 0, 0, 0, 0, 0, 0, 1205000, 1205000
2015, RAJASTHAN, 8, RAJSAMAND, 103, RAJSAMAND, 1350, PEEPALANTRI, 41316, 1148972, Drinking water, 0, 0, 0, 0, 0, 0, 1150000, 1150000
2015, RAJASTHAN, 8, RAJSAMAND, 103, RAJSAMAND, 1350, PEEPALANTRI, 41316, 1148972, Sanitation, 0, 0, 0, 0, 0, 0, 400000, 400000
2015, RAJASTHAN, 8, RAJSAMAND, 103, RAJSAMAND, 1350, PEEPALANTRI, 41316, 1148972, Total, 0, 0, 0, 0, 0, 0, 1550000, 1550000
2015, RAJASTHAN, 8, RAJSAMAND, 103, RAJSAMAND, 1350, PEEPARDA, 41312, 1096115, Drinking water, 0, 0, 0, 0, 0, 0, 200000, 200000
2015, RAJASTHAN, 8, RAJSAMAND, 103, RAJSAMAND, 1350, PEEPARDA, 41312, 1096115, Total, 0, 0, 0, 0, 0, 0, 200000, 200000
2015, RAJASTHAN, 8, RAJSAMAND, 103, RAJSAMAND, 1350, PEEPLI ACHARYAN, 41315, 1126187, Administrative & Technical Support, 0, 0, 0, 0, 0, 0, 200000, 200000
2015, RAJASTHAN, 8, RAJSAMAND, 103, RAJSAMAND, 1350, PEEPLI ACHARYAN, 41315, 1126187, Drinking water, 0, 0, 0, 0, 0, 0, 200000, 200000
2015, RAJASTHAN, 8, RAJSAMAND, 103, RAJSAMAND, 1350, PEEPLI ACHARYAN, 41315, 1126187, Education, 0, 0, 0, 0, 0, 0, 250000, 250000
2015, RAJASTHAN, 8, RAJSAMAND, 103, RAJSAMAND, 1350, PEEPLI ACHARYAN, 41315, 1126187, Rural electrification, 0, 0, 0, 0, 0, 0, 600000, 600000
2015, RAJASTHAN, 8, RAJSAMAND, 103, RAJSAMAND, 1350, PEEPLI ACHARYAN, 41315, 1126187, Sanitation, 0, 0, 0, 0, 0, 0, 250000, 250000
2015, RAJASTHAN, 8, RAJSAMAND, 103, RAJSAMAND, 1350, PEEPLI ACHARYAN, 41315, 1126187, Total, 0, 0, 0, 0, 0, 0, 1500000, 1500000
2015, RAJASTHAN, 8, RAJSAMAND, 103, RAJSAMAND, 1350, PHARARA, 41313, 1098606, Drinking water, 0, 0, 0, 0, 0, 0, 1155000, 1155000
2015, RAJASTHAN, 8, RAJSAMAND, 103, RAJSAMAND, 1350, PHARARA, 41313, 1098606, Sanitation, 0, 0, 0, 0, 0, 0, 550000, 550000
2015, RAJASTHAN, 8, RAJSAMAND, 103, RAJSAMAND, 1350, PHARARA, 41313, 1098606, Total, 0, 0, 0, 0, 0, 0, 1705000, 1705000
2015, RAJASTHAN, 8, RAJSAMAND, 103, RAJSAMAND, 1350, PHIYABARI, 41314, 1095416, Roads, 0, 0, 0, 0, 0, 0, 750000, 750000
2015, RAJASTHAN, 8, RAJSAMAND, 103, RAJSAMAND, 1350, PHIYABARI, 41314, 1095416, Social forestry and farm forestry, 0, 0, 0, 0, 0, 0, 250000, 250000
2015, RAJASTHAN, 8, RAJSAMAND, 103, RAJSAMAND, 1350, PHIYABARI, 41314, 1095416, Total, 0, 0, 0, 0, 0, 0, 1000000, 1000000
2015, RAJASTHAN, 8, RAJSAMAND, 103, RAJSAMAND, 1350, RAJYAWAS, 41317, 1102703, Drinking water, 0, 0, 0, 0, 0, 0, 100000, 100000
2015, RAJASTHAN, 8, RAJSAMAND, 103, RAJSAMAND, 1350, RAJYAWAS, 41317, 1102703, Sanitation, 0, 0, 0, 0, 0, 0, 1700000, 1700000
2015, RAJASTHAN, 8, RAJSAMAND, 103, RAJSAMAND, 1350, RAJYAWAS, 41317, 1102703, Total, 0, 0, 0, 0, 0, 0, 1800000, 1800000
2015, RAJASTHAN, 8, RAJSAMAND, 103, RAJSAMAND, 1350, SAHGATH KALAN, 41319, 1126643, Drinking water, 0, 0, 0, 0, 0, 0, 460000, 460000
2015, RAJASTHAN, 8, RAJSAMAND, 103, RAJSAMAND, 1350, SAHGATH KALAN, 41319, 1126643, Sanitation, 0, 0, 0, 0, 0, 0, 250000, 250000
2015, RAJASTHAN, 8, RAJSAMAND, 103, RAJSAMAND, 1350, SAHGATH KALAN, 41319, 1126643, Total, 0, 0, 0, 0, 0, 0, 710000, 710000
2015, RAJASTHAN, 8, RAJSAMAND, 103, RAJSAMAND, 1350, SAKRODA, 41318, 1126488, Sanitation, 0, 0, 0, 0, 0, 0, 250000, 250000
2015, RAJASTHAN, 8, RAJSAMAND, 103, RAJSAMAND, 1350, SAKRODA, 41318, 1126488, Total, 0, 0, 0, 0, 0, 0, 250000, 250000
2015, RAJASTHAN, 8, RAJSAMAND, 103, RAJSAMAND, 1350, SUNDARCHA, 41320, 1126522, Sanitation, 0, 0, 0, 0, 0, 0, 200000, 200000
2015, RAJASTHAN, 8, RAJSAMAND, 103, RAJSAMAND, 1350, SUNDARCHA, 41320, 1126522, Total, 0, 0, 0, 0, 0, 0, 200000, 200000
2015, RAJASTHAN, 8, RAJSAMAND, 103, RAJSAMAND, 1350, TASOL, 41321, 1128729, Administrative & Technical Support, 0, 0, 0, 0, 0, 0, 250000, 250000
2015, RAJASTHAN, 8, RAJSAMAND, 103, RAJSAMAND, 1350, TASOL, 41321, 1128729, Drinking water, 0, 0, 0, 0, 0, 0, 350000, 350000
2015, RAJASTHAN, 8, RAJSAMAND, 103, RAJSAMAND, 1350, TASOL, 41321, 1128729, Sanitation, 0, 0, 0, 0, 0, 0, 300000, 300000
2015, RAJASTHAN, 8, RAJSAMAND, 103, RAJSAMAND, 1350, TASOL, 41321, 1128729, Total, 0, 0, 0, 0, 0, 0, 900000, 900000
2015, RAJASTHAN, 8, SAWAI MADHOPUR, 104, BAMANWAS, 1351, AMAWARA, 41322, 1125531, Drinking water, 0, 0, 0, 0, 0, 0, 1912310, 1912310
2015, RAJASTHAN, 8, SAWAI MADHOPUR, 104, BAMANWAS, 1351, AMAWARA, 41322, 1125531, Total, 0, 0, 0, 0, 0, 0, 1912310, 1912310
2015, RAJASTHAN, 8, SAWAI MADHOPUR, 104, BAMANWAS, 1351, BAIRADA, 41327, 1126246, Drinking water, 0, 0, 0, 0, 0, 0, 710960, 710960
2015, RAJASTHAN, 8, SAWAI MADHOPUR, 104, BAMANWAS, 1351, BAIRADA, 41327, 1126246, Education, 0, 0, 0, 0, 0, 0, 50000, 50000
2015, RAJASTHAN, 8, SAWAI MADHOPUR, 104, BAMANWAS, 1351, BAIRADA, 41327, 1126246, Public distribution system, 0, 0, 0, 0, 0, 0, 150000, 150000
2015, RAJASTHAN, 8, SAWAI MADHOPUR, 104, BAMANWAS, 1351, BAIRADA, 41327, 1126246, Roads, 0, 0, 0, 0, 0, 0, 310000, 310000
2015, RAJASTHAN, 8, SAWAI MADHOPUR, 104, BAMANWAS, 1351, BAIRADA, 41327, 1126246, Total, 0, 0, 0, 0, 0, 0, 1220960, 1220960
2015, RAJASTHAN, 8, SAWAI MADHOPUR, 104, BAMANWAS, 1351, BAMANWAS PATTI KALAN, 41323, 1125546, Drinking water, 0, 0, 0, 0, 0, 0, 1354568, 1354568
2015, RAJASTHAN, 8, SAWAI MADHOPUR, 104, BAMANWAS, 1351, BAMANWAS PATTI KALAN, 41323, 1125546, Education, 0, 0, 0, 0, 0, 0, 200000, 200000
2015, RAJASTHAN, 8, SAWAI MADHOPUR, 104, BAMANWAS, 1351, BAMANWAS PATTI KALAN, 41323, 1125546, Fisheries, 0, 0, 0, 0, 0, 0, 100000, 100000
2015, RAJASTHAN, 8, SAWAI MADHOPUR, 104, BAMANWAS, 1351, BAMANWAS PATTI KALAN, 41323, 1125546, Public distribution system, 0, 0, 0, 0, 0, 0, 50000, 50000
2015, RAJASTHAN, 8, SAWAI MADHOPUR, 104, BAMANWAS, 1351, BAMANWAS PATTI KALAN, 41323, 1125546, Roads, 0, 0, 0, 0, 0, 0, 350000, 350000
2015, RAJASTHAN, 8, SAWAI MADHOPUR, 104, BAMANWAS, 1351, BAMANWAS PATTI KALAN, 41323, 1125546, Total, 0, 0, 0, 0, 0, 0, 2104568, 2104568
2015, RAJASTHAN, 8, SAWAI MADHOPUR, 104, BAMANWAS, 1351, BAMANWAS PATTI KALAN, 41323, 1125546, Water Conservation, 0, 0, 0, 0, 0, 0, 50000, 50000
2015, RAJASTHAN, 8, SAWAI MADHOPUR, 104, BAMANWAS, 1351, BAMANWAS PATTI KHURD, 41324, 1126900, Public distribution system, 0, 0, 0, 0, 0, 0, 212134, 212134
2015, RAJASTHAN, 8, SAWAI MADHOPUR, 104, BAMANWAS, 1351, BAMANWAS PATTI KHURD, 41324, 1126900, Roads, 0, 0, 0, 0, 0, 0, 1400000, 1400000
2015, RAJASTHAN, 8, SAWAI MADHOPUR, 104, BAMANWAS, 1351, BAMANWAS PATTI KHURD, 41324, 1126900, Total, 0, 0, 0, 0, 0, 0, 1612134, 1612134
2015, RAJASTHAN, 8, SAWAI MADHOPUR, 104, BAMANWAS, 1351, BARNALA, 41325, 1126937, Drinking water, 0, 0, 0, 0, 0, 0, 352562, 352562
2015, RAJASTHAN, 8, SAWAI MADHOPUR, 104, BAMANWAS, 1351, BARNALA, 41325, 1126937, Roads, 0, 0, 0, 0, 0, 0, 700000, 700000
2015, RAJASTHAN, 8, SAWAI MADHOPUR, 104, BAMANWAS, 1351, BARNALA, 41325, 1126937, Total, 0, 0, 0, 0, 0, 0, 1052562, 1052562
2015, RAJASTHAN, 8, SAWAI MADHOPUR, 104, BAMANWAS, 1351, BATODA, 41326, 1126947, Roads, 0, 0, 0, 0, 0, 0, 1304744, 1304744
2015, RAJASTHAN, 8, SAWAI MADHOPUR, 104, BAMANWAS, 1351, BATODA, 41326, 1126947, Total, 0, 0, 0, 0, 0, 0, 1304744, 1304744
2015, RAJASTHAN, 8, SAWAI MADHOPUR, 104, BAMANWAS, 1351, BHANWRA, 41328, 1128518, Education, 0, 0, 0, 0, 0, 0, 143318, 143318
2015, RAJASTHAN, 8, SAWAI MADHOPUR, 104, BAMANWAS, 1351, BHANWRA, 41328, 1128518, Roads, 0, 0, 0, 0, 0, 0, 750000, 750000
2015, RAJASTHAN, 8, SAWAI MADHOPUR, 104, BAMANWAS, 1351, BHANWRA, 41328, 1128518, Total, 0, 0, 0, 0, 0, 0, 893318, 893318
2015, RAJASTHAN, 8, SAWAI MADHOPUR, 104, BAMANWAS, 1351, BICHHAUCHH, 41329, 1127557, Drinking water, 0, 0, 0, 0, 0, 0, 39056, 39056
2015, RAJASTHAN, 8, SAWAI MADHOPUR, 104, BAMANWAS, 1351, BICHHAUCHH, 41329, 1127557, Education, 0, 0, 0, 0, 0, 0, 150000, 150000
2015, RAJASTHAN, 8, SAWAI MADHOPUR, 104, BAMANWAS, 1351, BICHHAUCHH, 41329, 1127557, Roads, 0, 0, 0, 0, 0, 0, 900000, 900000
2015, RAJASTHAN, 8, SAWAI MADHOPUR, 104, BAMANWAS, 1351, BICHHAUCHH, 41329, 1127557, Total, 0, 0, 0, 0, 0, 0, 1189056, 1189056
2015, RAJASTHAN, 8, SAWAI MADHOPUR, 104, BAMANWAS, 1351, BICHHAUCHH, 41329, 1127557, Water Conservation, 0, 0, 0, 0, 0, 0, 100000, 100000
2015, RAJASTHAN, 8, SAWAI MADHOPUR, 104, BAMANWAS, 1351, BICHPURI, 41330, 1127559, Drinking water, 0, 0, 0, 0, 0, 0, 200000, 200000
2015, RAJASTHAN, 8, SAWAI MADHOPUR, 104, BAMANWAS, 1351, BICHPURI, 41330, 1127559, Roads, 0, 0, 0, 0, 0, 0, 763230, 763230
2015, RAJASTHAN, 8, SAWAI MADHOPUR, 104, BAMANWAS, 1351, BICHPURI, 41330, 1127559, Total, 0, 0, 0, 0, 0, 0, 963230, 963230
2015, RAJASTHAN, 8, SAWAI MADHOPUR, 104, BAMANWAS, 1351, BINJARI, 41331, 1127729, Drinking water, 0, 0, 0, 0, 0, 0, 220000, 220000
2015, RAJASTHAN, 8, SAWAI MADHOPUR, 104, BAMANWAS, 1351, BINJARI, 41331, 1127729, Maintenance of community system, 0, 0, 0, 0, 0, 0, 50000, 50000
2015, RAJASTHAN, 8, SAWAI MADHOPUR, 104, BAMANWAS, 1351, BINJARI, 41331, 1127729, Roads, 0, 0, 0, 0, 0, 0, 600000, 600000
2015, RAJASTHAN, 8, SAWAI MADHOPUR, 104, BAMANWAS, 1351, BINJARI, 41331, 1127729, Total, 0, 0, 0, 0, 0, 0, 1351074, 1351074
2015, RAJASTHAN, 8, SAWAI MADHOPUR, 104, BAMANWAS, 1351, BINJARI, 41331, 1127729, Water Conservation, 0, 0, 0, 0, 0, 0, 481074, 481074
2015, RAJASTHAN, 8, SAWAI MADHOPUR, 104, BAMANWAS, 1351, CHANDANHOLI, 41332, 1127572, Drinking water, 0, 0, 0, 0, 0, 0, 78792, 78792
2015, RAJASTHAN, 8, SAWAI MADHOPUR, 104, BAMANWAS, 1351, CHANDANHOLI, 41332, 1127572, Roads, 0, 0, 0, 0, 0, 0, 1100000, 1100000
2015, RAJASTHAN, 8, SAWAI MADHOPUR, 104, BAMANWAS, 1351, CHANDANHOLI, 41332, 1127572, Total, 0, 0, 0, 0, 0, 0, 1178792, 1178792
2015, RAJASTHAN, 8, SAWAI MADHOPUR, 104, BAMANWAS, 1351, DABAR, 41333, 1128519, Roads, 0, 0, 0, 0, 0, 0, 1201818, 1201818
2015, RAJASTHAN, 8, SAWAI MADHOPUR, 104, BAMANWAS, 1351, DABAR, 41333, 1128519, Total, 0, 0, 0, 0, 0, 0, 1201818, 1201818
2015, RAJASTHAN, 8, SAWAI MADHOPUR, 104, BAMANWAS, 1351, DOONGARWARA, 41334, 1139801, Drinking water, 0, 0, 0, 0, 0, 0, 210468, 210468
2015, RAJASTHAN, 8, SAWAI MADHOPUR, 104, BAMANWAS, 1351, DOONGARWARA, 41334, 1139801, Roads, 0, 0, 0, 0, 0, 0, 960000, 960000
2015, RAJASTHAN, 8, SAWAI MADHOPUR, 104, BAMANWAS, 1351, DOONGARWARA, 41334, 1139801, Total, 0, 0, 0, 0, 0, 0, 1170468, 1170468
2015, RAJASTHAN, 8, SAWAI MADHOPUR, 104, BAMANWAS, 1351, GANDAL, 41335, 1139793, Drinking water, 0, 0, 0, 0, 0, 0, 1132764, 1132764
2015, RAJASTHAN, 8, SAWAI MADHOPUR, 104, BAMANWAS, 1351, GANDAL, 41335, 1139793, Roads, 0, 0, 0, 0, 0, 0, 200000, 200000
2015, RAJASTHAN, 8, SAWAI MADHOPUR, 104, BAMANWAS, 1351, GANDAL, 41335, 1139793, Total, 0, 0, 0, 0, 0, 0, 1332764, 1332764
2015, RAJASTHAN, 8, SAWAI MADHOPUR, 104, BAMANWAS, 1351, GOTH, 41336, 1139840, Drinking water, 0, 0, 0, 0, 0, 0, 900000, 900000
2015, RAJASTHAN, 8, SAWAI MADHOPUR, 104, BAMANWAS, 1351, GOTH, 41336, 1139840, Maintenance of community system, 0, 0, 0, 0, 0, 0, 100000, 100000
2015, RAJASTHAN, 8, SAWAI MADHOPUR, 104, BAMANWAS, 1351, GOTH, 41336, 1139840, Public distribution system, 0, 0, 0, 0, 0, 0, 155942, 155942
2015, RAJASTHAN, 8, SAWAI MADHOPUR, 104, BAMANWAS, 1351, GOTH, 41336, 1139840, Roads, 0, 0, 0, 0, 0, 0, 100000, 100000
2015, RAJASTHAN, 8, SAWAI MADHOPUR, 104, BAMANWAS, 1351, GOTH, 41336, 1139840, Total, 0, 0, 0, 0, 0, 0, 1255942, 1255942
2015, RAJASTHAN, 8, SAWAI MADHOPUR, 104, BAMANWAS, 1351, GURJAR BARODA, 41337, 1139860, Drinking water, 0, 0, 0, 0, 0, 0, 900000, 900000
2015, RAJASTHAN, 8, SAWAI MADHOPUR, 104, BAMANWAS, 1351, GURJAR BARODA, 41337, 1139860, Education, 0, 0, 0, 0, 0, 0, 87580, 87580
2015, RAJASTHAN, 8, SAWAI MADHOPUR, 104, BAMANWAS, 1351, GURJAR BARODA, 41337, 1139860, Maintenance of community system, 0, 0, 0, 0, 0, 0, 50000, 50000
2015, RAJASTHAN, 8, SAWAI MADHOPUR, 104, BAMANWAS, 1351, GURJAR BARODA, 41337, 1139860, Total, 0, 0, 0, 0, 0, 0, 1037580, 1037580
2015, RAJASTHAN, 8, SAWAI MADHOPUR, 104, BAMANWAS, 1351, JAHIRA, 41338, 1139879, Education, 0, 0, 0, 0, 0, 0, 300000, 300000
2015, RAJASTHAN, 8, SAWAI MADHOPUR, 104, BAMANWAS, 1351, JAHIRA, 41338, 1139879, Roads, 0, 0, 0, 0, 0, 0, 1115714, 1115714
2015, RAJASTHAN, 8, SAWAI MADHOPUR, 104, BAMANWAS, 1351, JAHIRA, 41338, 1139879, Total, 0, 0, 0, 0, 0, 0, 1415714, 1415714
2015, RAJASTHAN, 8, SAWAI MADHOPUR, 104, BAMANWAS, 1351, JEEWAD, 41339, 1139877, Drinking water, 0, 0, 0, 0, 0, 0, 180000, 180000
2015, RAJASTHAN, 8, SAWAI MADHOPUR, 104, BAMANWAS, 1351, JEEWAD, 41339, 1139877, Roads, 0, 0, 0, 0, 0, 0, 1160254, 1160254
2015, RAJASTHAN, 8, SAWAI MADHOPUR, 104, BAMANWAS, 1351, JEEWAD, 41339, 1139877, Total, 0, 0, 0, 0, 0, 0, 1340254, 1340254
2015, RAJASTHAN, 8, SAWAI MADHOPUR, 104, BAMANWAS, 1351, KAKRALA, 41340, 1139903, Drinking water, 0, 0, 0, 0, 0, 0, 700000, 700000
2015, RAJASTHAN, 8, SAWAI MADHOPUR, 104, BAMANWAS, 1351, KAKRALA, 41340, 1139903, Maintenance of community system, 0, 0, 0, 0, 0, 0, 51200, 51200
2015, RAJASTHAN, 8, SAWAI MADHOPUR, 104, BAMANWAS, 1351, KAKRALA, 41340, 1139903, Roads, 0, 0, 0, 0, 0, 0, 500000, 500000
2015, RAJASTHAN, 8, SAWAI MADHOPUR, 104, BAMANWAS, 1351, KAKRALA, 41340, 1139903, Total, 0, 0, 0, 0, 0, 0, 1251200, 1251200
2015, RAJASTHAN, 8, SAWAI MADHOPUR, 104, BAMANWAS, 1351, KHERLI, 41341, 1139881, Drinking water, 0, 0, 0, 0, 0, 0, 607214, 607214
2015, RAJASTHAN, 8, SAWAI MADHOPUR, 104, BAMANWAS, 1351, KHERLI, 41341, 1139881, Roads, 0, 0, 0, 0, 0, 0, 500000, 500000
2015, RAJASTHAN, 8, SAWAI MADHOPUR, 104, BAMANWAS, 1351, KHERLI, 41341, 1139881, Total, 0, 0, 0, 0, 0, 0, 1107214, 1107214
2015, RAJASTHAN, 8, SAWAI MADHOPUR, 104, BAMANWAS, 1351, KOHALI PREMPURA, 41342, 1139880, Drinking water, 0, 0, 0, 0, 0, 0, 87644, 87644
2015, RAJASTHAN, 8, SAWAI MADHOPUR, 104, BAMANWAS, 1351, KOHALI PREMPURA, 41342, 1139880, Roads, 0, 0, 0, 0, 0, 0, 900000, 900000
2015, RAJASTHAN, 8, SAWAI MADHOPUR, 104, BAMANWAS, 1351, KOHALI PREMPURA, 41342, 1139880, Total, 0, 0, 0, 0, 0, 0, 987644, 987644
2015, RAJASTHAN, 8, SAWAI MADHOPUR, 104, BAMANWAS, 1351, KOYALA, 41343, 1139905, Drinking water, 0, 0, 0, 0, 0, 0, 1217908, 1217908
2015, RAJASTHAN, 8, SAWAI MADHOPUR, 104, BAMANWAS, 1351, KOYALA, 41343, 1139905, Total, 0, 0, 0, 0, 0, 0, 1217908, 1217908
2015, RAJASTHAN, 8, SAWAI MADHOPUR, 104, BAMANWAS, 1351, LIWALI, 41344, 1139909, Drinking water, 0, 0, 0, 0, 0, 0, 149964, 149964
2015, RAJASTHAN, 8, SAWAI MADHOPUR, 104, BAMANWAS, 1351, LIWALI, 41344, 1139909, Roads, 0, 0, 0, 0, 0, 0, 1200000, 1200000
2015, RAJASTHAN, 8, SAWAI MADHOPUR, 104, BAMANWAS, 1351, LIWALI, 41344, 1139909, Total, 0, 0, 0, 0, 0, 0, 1349964, 1349964
2015, RAJASTHAN, 8, SAWAI MADHOPUR, 104, BAMANWAS, 1351, MEENA KOLETA, 41345, 1139911, Drinking water, 0, 0, 0, 0, 0, 0, 516836, 516836
2015, RAJASTHAN, 8, SAWAI MADHOPUR, 104, BAMANWAS, 1351, MEENA KOLETA, 41345, 1139911, Roads, 0, 0, 0, 0, 0, 0, 450000, 450000
2015, RAJASTHAN, 8, SAWAI MADHOPUR, 104, BAMANWAS, 1351, MEENA KOLETA, 41345, 1139911, Total, 0, 0, 0, 0, 0, 0, 966836, 966836
2015, RAJASTHAN, 8, SAWAI MADHOPUR, 104, BAMANWAS, 1351, MORPA, 41346, 1139916, Drinking water, 0, 0, 0, 0, 0, 0, 675436, 675436
2015, RAJASTHAN, 8, SAWAI MADHOPUR, 104, BAMANWAS, 1351, MORPA, 41346, 1139916, Roads, 0, 0, 0, 0, 0, 0, 300000, 300000
2015, RAJASTHAN, 8, SAWAI MADHOPUR, 104, BAMANWAS, 1351, MORPA, 41346, 1139916, Total, 0, 0, 0, 0, 0, 0, 975436, 975436
2015, RAJASTHAN, 8, SAWAI MADHOPUR, 104, BAMANWAS, 1351, NARAULI CHAUR, 41347, 1139918, Drinking water, 0, 0, 0, 0, 0, 0, 1060000, 1060000
2015, RAJASTHAN, 8, SAWAI MADHOPUR, 104, BAMANWAS, 1351, NARAULI CHAUR, 41347, 1139918, Sanitation, 0, 0, 0, 0, 0, 0, 23078, 23078
2015, RAJASTHAN, 8, SAWAI MADHOPUR, 104, BAMANWAS, 1351, NARAULI CHAUR, 41347, 1139918, Total, 0, 0, 0, 0, 0, 0, 1083078, 1083078
2015, RAJASTHAN, 8, SAWAI MADHOPUR, 104, BAMANWAS, 1351, PHULWARA, 41348, 1139923, Drinking water, 0, 0, 0, 0, 0, 0, 993484, 993484
2015, RAJASTHAN, 8, SAWAI MADHOPUR, 104, BAMANWAS, 1351, PHULWARA, 41348, 1139923, Roads, 0, 0, 0, 0, 0, 0, 650000, 650000
2015, RAJASTHAN, 8, SAWAI MADHOPUR, 104, BAMANWAS, 1351, PHULWARA, 41348, 1139923, Total, 0, 0, 0, 0, 0, 0, 1643484, 1643484
2015, RAJASTHAN, 8, SAWAI MADHOPUR, 104, BAMANWAS, 1351, PIPLAI, 41349, 1139927, Drinking water, 0, 0, 0, 0, 0, 0, 1610000, 1610000
2015, RAJASTHAN, 8, SAWAI MADHOPUR, 104, BAMANWAS, 1351, PIPLAI, 41349, 1139927, Education, 0, 0, 0, 0, 0, 0, 50950, 50950
2015, RAJASTHAN, 8, SAWAI MADHOPUR, 104, BAMANWAS, 1351, PIPLAI, 41349, 1139927, Roads, 0, 0, 0, 0, 0, 0, 450000, 450000
2015, RAJASTHAN, 8, SAWAI MADHOPUR, 104, BAMANWAS, 1351, PIPLAI, 41349, 1139927, Total, 0, 0, 0, 0, 0, 0, 2110950, 2110950
2015, RAJASTHAN, 8, SAWAI MADHOPUR, 104, BAMANWAS, 1351, RANEELA, 41350, 1126907, Drinking water, 0, 0, 0, 0, 0, 0, 659396, 659396
2015, RAJASTHAN, 8, SAWAI MADHOPUR, 104, BAMANWAS, 1351, RANEELA, 41350, 1126907, Roads, 0, 0, 0, 0, 0, 0, 700000, 700000
2015, RAJASTHAN, 8, SAWAI MADHOPUR, 104, BAMANWAS, 1351, RANEELA, 41350, 1126907, Total, 0, 0, 0, 0, 0, 0, 1359396, 1359396
2015, RAJASTHAN, 8, SAWAI MADHOPUR, 104, BAMANWAS, 1351, RIWALI, 41351, 1139081, Drinking water, 0, 0, 0, 0, 0, 0, 650898, 650898
2015, RAJASTHAN, 8, SAWAI MADHOPUR, 104, BAMANWAS, 1351, RIWALI, 41351, 1139081, Roads, 0, 0, 0, 0, 0, 0, 620000, 620000
2015, RAJASTHAN, 8, SAWAI MADHOPUR, 104, BAMANWAS, 1351, RIWALI, 41351, 1139081, Total, 0, 0, 0, 0, 0, 0, 1270898, 1270898
2015, RAJASTHAN, 8, SAWAI MADHOPUR, 104, BAMANWAS, 1351, SANCHOLI, 41352, 1139097, Drinking water, 0, 0, 0, 0, 0, 0, 1331238, 1331238
2015, RAJASTHAN, 8, SAWAI MADHOPUR, 104, BAMANWAS, 1351, SANCHOLI, 41352, 1139097, Roads, 0, 0, 0, 0, 0, 0, 550000, 550000
2015, RAJASTHAN, 8, SAWAI MADHOPUR, 104, BAMANWAS, 1351, SANCHOLI, 41352, 1139097, Total, 0, 0, 0, 0, 0, 0, 1881238, 1881238
2015, RAJASTHAN, 8, SAWAI MADHOPUR, 104, BAMANWAS, 1351, SHAFIPURA, 41354, 1139110, Drinking water, 0, 0, 0, 0, 0, 0, 1418766, 1418766
2015, RAJASTHAN, 8, SAWAI MADHOPUR, 104, BAMANWAS, 1351, SHAFIPURA, 41354, 1139110, Total, 0, 0, 0, 0, 0, 0, 1418766, 1418766
2015, RAJASTHAN, 8, SAWAI MADHOPUR, 104, BAMANWAS, 1351, SITOR, 41353, 1139144, Drinking water, 0, 0, 0, 0, 0, 0, 768312, 768312
2015, RAJASTHAN, 8, SAWAI MADHOPUR, 104, BAMANWAS, 1351, SITOR, 41353, 1139144, Roads, 0, 0, 0, 0, 0, 0, 350000, 350000
2015, RAJASTHAN, 8, SAWAI MADHOPUR, 104, BAMANWAS, 1351, SITOR, 41353, 1139144, Total, 0, 0, 0, 0, 0, 0, 1118312, 1118312
2015, RAJASTHAN, 8, SAWAI MADHOPUR, 104, BAMANWAS, 1351, SUKAR, 41355, 1139223, Drinking water, 0, 0, 0, 0, 0, 0, 268060, 268060
2015, RAJASTHAN, 8, SAWAI MADHOPUR, 104, BAMANWAS, 1351, SUKAR, 41355, 1139223, Education, 0, 0, 0, 0, 0, 0, 200000, 200000
2015, RAJASTHAN, 8, SAWAI MADHOPUR, 104, BAMANWAS, 1351, SUKAR, 41355, 1139223, Maintenance of community system, 0, 0, 0, 0, 0, 0, 100000, 100000
2015, RAJASTHAN, 8, SAWAI MADHOPUR, 104, BAMANWAS, 1351, SUKAR, 41355, 1139223, Roads, 0, 0, 0, 0, 0, 0, 750000, 750000
2015, RAJASTHAN, 8, SAWAI MADHOPUR, 104, BAMANWAS, 1351, SUKAR, 41355, 1139223, Total, 0, 0, 0, 0, 0, 0, 1318060, 1318060
2015, RAJASTHAN, 8, SAWAI MADHOPUR, 104, BAMANWAS, 1351, SUMEL, 41356, 1139237, Drinking water, 0, 0, 0, 0, 0, 0, 480000, 480000
2015, RAJASTHAN, 8, SAWAI MADHOPUR, 104, BAMANWAS, 1351, SUMEL, 41356, 1139237, Maintenance of community system, 0, 0, 0, 0, 0, 0, 193408, 193408
2015, RAJASTHAN, 8, SAWAI MADHOPUR, 104, BAMANWAS, 1351, SUMEL, 41356, 1139237, Roads, 0, 0, 0, 0, 0, 0, 1250000, 1250000
2015, RAJASTHAN, 8, SAWAI MADHOPUR, 104, BAMANWAS, 1351, SUMEL, 41356, 1139237, Total, 0, 0, 0, 0, 0, 0, 1923408, 1923408
2015, RAJASTHAN, 8, SAWAI MADHOPUR, 104, BAMANWAS, 1351, SUNDARI, 41357, 1139240, Drinking water, 0, 0, 0, 0, 0, 0, 76610, 76610
2015, RAJASTHAN, 8, SAWAI MADHOPUR, 104, BAMANWAS, 1351, SUNDARI, 41357, 1139240, Maintenance of community system, 0, 0, 0, 0, 0, 0, 200000, 200000
2015, RAJASTHAN, 8, SAWAI MADHOPUR, 104, BAMANWAS, 1351, SUNDARI, 41357, 1139240, Roads, 0, 0, 0, 0, 0, 0, 650000, 650000
2015, RAJASTHAN, 8, SAWAI MADHOPUR, 104, BAMANWAS, 1351, SUNDARI, 41357, 1139240, Total, 0, 0, 0, 0, 0, 0, 926610, 926610
2015, RAJASTHAN, 8, SAWAI MADHOPUR, 104, BONLI, 1352, BAGROLI, 41358, 1199647, Drinking water, 0, 0, 0, 0, 0, 0, 600000, 600000
2015, RAJASTHAN, 8, SAWAI MADHOPUR, 104, BONLI, 1352, BAGROLI, 41358, 1199647, Rural electrification, 0, 0, 0, 0, 0, 0, 47879, 47879
2015, RAJASTHAN, 8, SAWAI MADHOPUR, 104, BONLI, 1352, BAGROLI, 41358, 1199647, Sanitation, 0, 0, 0, 0, 0, 0, 600000, 600000
2015, RAJASTHAN, 8, SAWAI MADHOPUR, 104, BONLI, 1352, BAGROLI, 41358, 1199647, Total, 0, 0, 0, 0, 0, 0, 1247879, 1247879
2015, RAJASTHAN, 8, SAWAI MADHOPUR, 104, BONLI, 1352, BAHTER, 41362, 1197310, Drinking water, 0, 0, 0, 0, 0, 0, 600000, 600000
2015, RAJASTHAN, 8, SAWAI MADHOPUR, 104, BONLI, 1352, BAHTER, 41362, 1197310, Sanitation, 0, 0, 0, 0, 0, 0, 658977, 658977
2015, RAJASTHAN, 8, SAWAI MADHOPUR, 104, BONLI, 1352, BAHTER, 41362, 1197310, Total, 0, 0, 0, 0, 0, 0, 1258977, 1258977
2015, RAJASTHAN, 8, SAWAI MADHOPUR, 104, BONLI, 1352, BAPUI, 41359, 1199814, Agriculture, 0, 0, 0, 0, 0, 0, 200000, 200000
2015, RAJASTHAN, 8, SAWAI MADHOPUR, 104, BONLI, 1352, BAPUI, 41359, 1199814, Animal husbandry, 0, 0, 0, 0, 0, 0, 205170, 205170
2015, RAJASTHAN, 8, SAWAI MADHOPUR, 104, BONLI, 1352, BAPUI, 41359, 1199814, Drinking water, 0, 0, 0, 0, 0, 0, 380000, 380000
2015, RAJASTHAN, 8, SAWAI MADHOPUR, 104, BONLI, 1352, BAPUI, 41359, 1199814, Health, 0, 0, 0, 0, 0, 0, 300000, 300000
2015, RAJASTHAN, 8, SAWAI MADHOPUR, 104, BONLI, 1352, BAPUI, 41359, 1199814, Sanitation, 0, 0, 0, 0, 0, 0, 330000, 330000
2015, RAJASTHAN, 8, SAWAI MADHOPUR, 104, BONLI, 1352, BAPUI, 41359, 1199814, Total, 0, 0, 0, 0, 0, 0, 1415170, 1415170
2015, RAJASTHAN, 8, SAWAI MADHOPUR, 104, BONLI, 1352, BARAGAON SARWAR, 41360, 1203776, Drinking water, 0, 0, 0, 0, 0, 0, 648810, 648810
2015, RAJASTHAN, 8, SAWAI MADHOPUR, 104, BONLI, 1352, BARAGAON SARWAR, 41360, 1203776, Health, 0, 0, 0, 0, 0, 0, 150000, 150000
2015, RAJASTHAN, 8, SAWAI MADHOPUR, 104, BONLI, 1352, BARAGAON SARWAR, 41360, 1203776, Maintenance of community system, 0, 0, 0, 0, 0, 0, 50000, 50000
2015, RAJASTHAN, 8, SAWAI MADHOPUR, 104, BONLI, 1352, BARAGAON SARWAR, 41360, 1203776, Sanitation, 0, 0, 0, 0, 0, 0, 100000, 100000
2015, RAJASTHAN, 8, SAWAI MADHOPUR, 104, BONLI, 1352, BARAGAON SARWAR, 41360, 1203776, Total, 0, 0, 0, 0, 0, 0, 948810, 948810
2015, RAJASTHAN, 8, SAWAI MADHOPUR, 104, BONLI, 1352, BAS TORDA, 41361, 1118655, Drinking water, 0, 0, 0, 0, 0, 0, 412424, 412424
2015, RAJASTHAN, 8, SAWAI MADHOPUR, 104, BONLI, 1352, BAS TORDA, 41361, 1118655, Maintenance of community system, 0, 0, 0, 0, 0, 0, 450000, 450000
2015, RAJASTHAN, 8, SAWAI MADHOPUR, 104, BONLI, 1352, BAS TORDA, 41361, 1118655, Roads, 0, 0, 0, 0, 0, 0, 300000, 300000
2015, RAJASTHAN, 8, SAWAI MADHOPUR, 104, BONLI, 1352, BAS TORDA, 41361, 1118655, Total, 0, 0, 0, 0, 0, 0, 1162424, 1162424
2015, RAJASTHAN, 8, SAWAI MADHOPUR, 104, BONLI, 1352, BHADOTI, 41363, 1118657, Drinking water, 0, 0, 0, 0, 0, 0, 174253, 174253
2015, RAJASTHAN, 8, SAWAI MADHOPUR, 104, BONLI, 1352, BHADOTI, 41363, 1118657, Maintenance of community system, 0, 0, 0, 0, 0, 0, 400000, 400000
2015, RAJASTHAN, 8, SAWAI MADHOPUR, 104, BONLI, 1352, BHADOTI, 41363, 1118657, Roads, 0, 0, 0, 0, 0, 0, 1349987, 1349987
2015, RAJASTHAN, 8, SAWAI MADHOPUR, 104, BONLI, 1352, BHADOTI, 41363, 1118657, Total, 0, 0, 0, 0, 0, 0, 1924240, 1924240
2015, RAJASTHAN, 8, SAWAI MADHOPUR, 104, BONLI, 1352, BHOOKHA, 41364, 1118658, Drinking water, 0, 0, 0, 0, 0, 0, 1295336, 1295336
2015, RAJASTHAN, 8, SAWAI MADHOPUR, 104, BONLI, 1352, BHOOKHA, 41364, 1118658, Roads, 0, 0, 0, 0, 0, 0, 200000, 200000
2015, RAJASTHAN, 8, SAWAI MADHOPUR, 104, BONLI, 1352, BHOOKHA, 41364, 1118658, Total, 0, 0, 0, 0, 0, 0, 1495336, 1495336
2015, RAJASTHAN, 8, SAWAI MADHOPUR, 104, BONLI, 1352, BICHCHHI DONA, 41365, 1118660, Drinking water, 0, 0, 0, 0, 0, 0, 1314076, 1314076
2015, RAJASTHAN, 8, SAWAI MADHOPUR, 104, BONLI, 1352, BICHCHHI DONA, 41365, 1118660, Maintenance of community system, 0, 0, 0, 0, 0, 0, 300000, 300000
2015, RAJASTHAN, 8, SAWAI MADHOPUR, 104, BONLI, 1352, BICHCHHI DONA, 41365, 1118660, Total, 0, 0, 0, 0, 0, 0, 1614076, 1614076
2015, RAJASTHAN, 8, SAWAI MADHOPUR, 104, BONLI, 1352, BONLI, 41366, 1118663, Drinking water, 0, 0, 0, 0, 0, 0, 1094648, 1094648
2015, RAJASTHAN, 8, SAWAI MADHOPUR, 104, BONLI, 1352, BONLI, 41366, 1118663, Maintenance of community system, 0, 0, 0, 0, 0, 0, 2400000, 2400000
2015, RAJASTHAN, 8, SAWAI MADHOPUR, 104, BONLI, 1352, BONLI, 41366, 1118663, Roads, 0, 0, 0, 0, 0, 0, 750000, 750000
2015, RAJASTHAN, 8, SAWAI MADHOPUR, 104, BONLI, 1352, BONLI, 41366, 1118663, Total, 0, 0, 0, 0, 0, 0, 4244648, 4244648
2015, RAJASTHAN, 8, SAWAI MADHOPUR, 104, BONLI, 1352, BORDA, 41367, 1103546, Drinking water, 0, 0, 0, 0, 0, 0, 1431446, 1431446
2015, RAJASTHAN, 8, SAWAI MADHOPUR, 104, BONLI, 1352, BORDA, 41367, 1103546, Health, 0, 0, 0, 0, 0, 0, 20000, 20000
2015, RAJASTHAN, 8, SAWAI MADHOPUR, 104, BONLI, 1352, BORDA, 41367, 1103546, Non-conventional energy sources, 0, 0, 0, 0, 0, 0, 15000, 15000
2015, RAJASTHAN, 8, SAWAI MADHOPUR, 104, BONLI, 1352, BORDA, 41367, 1103546, Sanitation, 0, 0, 0, 0, 0, 0, 30000, 30000
2015, RAJASTHAN, 8, SAWAI MADHOPUR, 104, BONLI, 1352, BORDA, 41367, 1103546, Total, 0, 0, 0, 0, 0, 0, 1496446, 1496446
2015, RAJASTHAN, 8, SAWAI MADHOPUR, 104, BONLI, 1352, CHAK BILOLI, 41368, 1118664, Drinking water, 0, 0, 0, 0, 0, 0, 285804, 285804
2015, RAJASTHAN, 8, SAWAI MADHOPUR, 104, BONLI, 1352, CHAK BILOLI, 41368, 1118664, Roads, 0, 0, 0, 0, 0, 0, 1500000, 1500000
2015, RAJASTHAN, 8, SAWAI MADHOPUR, 104, BONLI, 1352, CHAK BILOLI, 41368, 1118664, Total, 0, 0, 0, 0, 0, 0, 1785804, 1785804
2015, RAJASTHAN, 8, SAWAI MADHOPUR, 104, BONLI, 1352, DATOOLI, 41369, 1118665, Drinking water, 0, 0, 0, 0, 0, 0, 406130, 406130
2015, RAJASTHAN, 8, SAWAI MADHOPUR, 104, BONLI, 1352, DATOOLI, 41369, 1118665, Maintenance of community system, 0, 0, 0, 0, 0, 0, 100000, 100000
2015, RAJASTHAN, 8, SAWAI MADHOPUR, 104, BONLI, 1352, DATOOLI, 41369, 1118665, Roads, 0, 0, 0, 0, 0, 0, 800000, 800000
2015, RAJASTHAN, 8, SAWAI MADHOPUR, 104, BONLI, 1352, DATOOLI, 41369, 1118665, Total, 0, 0, 0, 0, 0, 0, 1306130, 1306130
2015, RAJASTHAN, 8, SAWAI MADHOPUR, 104, BONLI, 1352, GALAD KALAN, 41370, 1196632, Agriculture, 0, 0, 0, 0, 0, 0, 139292, 139292
2015, RAJASTHAN, 8, SAWAI MADHOPUR, 104, BONLI, 1352, GALAD KALAN, 41370, 1196632, Drinking water, 0, 0, 0, 0, 0, 0, 580000, 580000
2015, RAJASTHAN, 8, SAWAI MADHOPUR, 104, BONLI, 1352, GALAD KALAN, 41370, 1196632, Sanitation, 0, 0, 0, 0, 0, 0, 510000, 510000
2015, RAJASTHAN, 8, SAWAI MADHOPUR, 104, BONLI, 1352, GALAD KALAN, 41370, 1196632, Total, 0, 0, 0, 0, 0, 0, 1229292, 1229292
2015, RAJASTHAN, 8, SAWAI MADHOPUR, 104, BONLI, 1352, GAMBHEERA, 41371, 1118667, Drinking water, 0, 0, 0, 0, 0, 0, 937254, 937254
2015, RAJASTHAN, 8, SAWAI MADHOPUR, 104, BONLI, 1352, GAMBHEERA, 41371, 1118667, Maintenance of community system, 0, 0, 0, 0, 0, 0, 300000, 300000
2015, RAJASTHAN, 8, SAWAI MADHOPUR, 104, BONLI, 1352, GAMBHEERA, 41371, 1118667, Roads, 0, 0, 0, 0, 0, 0, 500000, 500000
2015, RAJASTHAN, 8, SAWAI MADHOPUR, 104, BONLI, 1352, GAMBHEERA, 41371, 1118667, Total, 0, 0, 0, 0, 0, 0, 1737254, 1737254
2015, RAJASTHAN, 8, SAWAI MADHOPUR, 104, BONLI, 1352, GOTOR, 41372, 1201614, Drinking water, 0, 0, 0, 0, 0, 0, 887239, 887239
2015, RAJASTHAN, 8, SAWAI MADHOPUR, 104, BONLI, 1352, GOTOR, 41372, 1201614, Sanitation, 0, 0, 0, 0, 0, 0, 650000, 650000
2015, RAJASTHAN, 8, SAWAI MADHOPUR, 104, BONLI, 1352, GOTOR, 41372, 1201614, Total, 0, 0, 0, 0, 0, 0, 1537239, 1537239
2015, RAJASTHAN, 8, SAWAI MADHOPUR, 104, BONLI, 1352, HATHROLI, 41373, 1118669, Drinking water, 0, 0, 0, 0, 0, 0, 1316446, 1316446
2015, RAJASTHAN, 8, SAWAI MADHOPUR, 104, BONLI, 1352, HATHROLI, 41373, 1118669, Roads, 0, 0, 0, 0, 0, 0, 400000, 400000
2015, RAJASTHAN, 8, SAWAI MADHOPUR, 104, BONLI, 1352, HATHROLI, 41373, 1118669, Total, 0, 0, 0, 0, 0, 0, 1716446, 1716446
2015, RAJASTHAN, 8, SAWAI MADHOPUR, 104, BONLI, 1352, HINDUPURA, 41374, 1203808, Drinking water, 0, 0, 0, 0, 0, 0, 340000, 340000
2015, RAJASTHAN, 8, SAWAI MADHOPUR, 104, BONLI, 1352, HINDUPURA, 41374, 1203808, Health, 0, 0, 0, 0, 0, 0, 750000, 750000
2015, RAJASTHAN, 8, SAWAI MADHOPUR, 104, BONLI, 1352, HINDUPURA, 41374, 1203808, Sanitation, 0, 0, 0, 0, 0, 0, 460555, 460555
2015, RAJASTHAN, 8, SAWAI MADHOPUR, 104, BONLI, 1352, HINDUPURA, 41374, 1203808, Total, 0, 0, 0, 0, 0, 0, 1550555, 1550555
2015, RAJASTHAN, 8, SAWAI MADHOPUR, 104, BONLI, 1352, JASTANA, 41375, 1203625, Administrative & Technical Support, 0, 0, 0, 0, 0, 0, 39000, 39000
2015, RAJASTHAN, 8, SAWAI MADHOPUR, 104, BONLI, 1352, JASTANA, 41375, 1203625, Drinking water, 0, 0, 0, 0, 0, 0, 280000, 280000
2015, RAJASTHAN, 8, SAWAI MADHOPUR, 104, BONLI, 1352, JASTANA, 41375, 1203625, Sanitation, 0, 0, 0, 0, 0, 0, 1004341, 1004341
2015, RAJASTHAN, 8, SAWAI MADHOPUR, 104, BONLI, 1352, JASTANA, 41375, 1203625, Total, 0, 0, 0, 0, 0, 0, 1323341, 1323341
2015, RAJASTHAN, 8, SAWAI MADHOPUR, 104, BONLI, 1352, JHANOON, 41376, 1203943, Drinking water, 0, 0, 0, 0, 0, 0, 716017, 716017
2015, RAJASTHAN, 8, SAWAI MADHOPUR, 104, BONLI, 1352, JHANOON, 41376, 1203943, Education, 0, 0, 0, 0, 0, 0, 100000, 100000
2015, RAJASTHAN, 8, SAWAI MADHOPUR, 104, BONLI, 1352, JHANOON, 41376, 1203943, Health, 0, 0, 0, 0, 0, 0, 100000, 100000
2015, RAJASTHAN, 8, SAWAI MADHOPUR, 104, BONLI, 1352, JHANOON, 41376, 1203943, Sanitation, 0, 0, 0, 0, 0, 0, 710000, 710000
2015, RAJASTHAN, 8, SAWAI MADHOPUR, 104, BONLI, 1352, JHANOON, 41376, 1203943, Total, 0, 0, 0, 0, 0, 0, 1626017, 1626017
2015, RAJASTHAN, 8, SAWAI MADHOPUR, 104, BONLI, 1352, JOLANDA, 41377, 1118670, Drinking water, 0, 0, 0, 0, 0, 0, 676572, 676572
2015, RAJASTHAN, 8, SAWAI MADHOPUR, 104, BONLI, 1352, JOLANDA, 41377, 1118670, Roads, 0, 0, 0, 0, 0, 0, 500000, 500000
2015, RAJASTHAN, 8, SAWAI MADHOPUR, 104, BONLI, 1352, JOLANDA, 41377, 1118670, Total, 0, 0, 0, 0, 0, 0, 1176572, 1176572
2015, RAJASTHAN, 8, SAWAI MADHOPUR, 104, BONLI, 1352, KAREL, 41378, 1118673, Drinking water, 0, 0, 0, 0, 0, 0, 929346, 929346
2015, RAJASTHAN, 8, SAWAI MADHOPUR, 104, BONLI, 1352, KAREL, 41378, 1118673, Maintenance of community system, 0, 0, 0, 0, 0, 0, 150000, 150000
2015, RAJASTHAN, 8, SAWAI MADHOPUR, 104, BONLI, 1352, KAREL, 41378, 1118673, Roads, 0, 0, 0, 0, 0, 0, 100000, 100000
2015, RAJASTHAN, 8, SAWAI MADHOPUR, 104, BONLI, 1352, KAREL, 41378, 1118673, Total, 0, 0, 0, 0, 0, 0, 1179346, 1179346
2015, RAJASTHAN, 8, SAWAI MADHOPUR, 104, BONLI, 1352, KHIRNI, 41379, 1118674, Drinking water, 0, 0, 0, 0, 0, 0, 296298, 296298
2015, RAJASTHAN, 8, SAWAI MADHOPUR, 104, BONLI, 1352, KHIRNI, 41379, 1118674, Maintenance of community system, 0, 0, 0, 0, 0, 0, 900000, 900000
2015, RAJASTHAN, 8, SAWAI MADHOPUR, 104, BONLI, 1352, KHIRNI, 41379, 1118674, Roads, 0, 0, 0, 0, 0, 0, 2100000, 2100000
2015, RAJASTHAN, 8, SAWAI MADHOPUR, 104, BONLI, 1352, KHIRNI, 41379, 1118674, Rural electrification, 0, 0, 0, 0, 0, 0, 300000, 300000
2015, RAJASTHAN, 8, SAWAI MADHOPUR, 104, BONLI, 1352, KHIRNI, 41379, 1118674, Total, 0, 0, 0, 0, 0, 0, 3596298, 3596298
2015, RAJASTHAN, 8, SAWAI MADHOPUR, 104, BONLI, 1352, KODYAI, 41380, 1141409, Drinking water, 0, 0, 0, 0, 0, 0, 1135766, 1135766
2015, RAJASTHAN, 8, SAWAI MADHOPUR, 104, BONLI, 1352, KODYAI, 41380, 1141409, Land improvement, 0, 0, 0, 0, 0, 0, 170000, 170000
2015, RAJASTHAN, 8, SAWAI MADHOPUR, 104, BONLI, 1352, KODYAI, 41380, 1141409, Sanitation, 0, 0, 0, 0, 0, 0, 70000, 70000
2015, RAJASTHAN, 8, SAWAI MADHOPUR, 104, BONLI, 1352, KODYAI, 41380, 1141409, Total, 0, 0, 0, 0, 0, 0, 1375766, 1375766
2015, RAJASTHAN, 8, SAWAI MADHOPUR, 104, BONLI, 1352, KOLARA, 41381, 1093362, Drinking water, 0, 0, 0, 0, 0, 0, 935000, 935000
2015, RAJASTHAN, 8, SAWAI MADHOPUR, 104, BONLI, 1352, KOLARA, 41381, 1093362, Health, 0, 0, 0, 0, 0, 0, 25000, 25000
2015, RAJASTHAN, 8, SAWAI MADHOPUR, 104, BONLI, 1352, KOLARA, 41381, 1093362, Maintenance of community system, 0, 0, 0, 0, 0, 0, 20000, 20000
2015, RAJASTHAN, 8, SAWAI MADHOPUR, 104, BONLI, 1352, KOLARA, 41381, 1093362, Roads, 0, 0, 0, 0, 0, 0, 30000, 30000
2015, RAJASTHAN, 8, SAWAI MADHOPUR, 104, BONLI, 1352, KOLARA, 41381, 1093362, Sanitation, 0, 0, 0, 0, 0, 0, 365766, 365766
2015, RAJASTHAN, 8, SAWAI MADHOPUR, 104, BONLI, 1352, KOLARA, 41381, 1093362, Total, 0, 0, 0, 0, 0, 0, 1375766, 1375766
2015, RAJASTHAN, 8, SAWAI MADHOPUR, 104, BONLI, 1352, KUSHALPURA, 41382, 1118677, Drinking water, 0, 0, 0, 0, 0, 0, 500000, 500000
2015, RAJASTHAN, 8, SAWAI MADHOPUR, 104, BONLI, 1352, KUSHALPURA, 41382, 1118677, Maintenance of community system, 0, 0, 0, 0, 0, 0, 340506, 340506
2015, RAJASTHAN, 8, SAWAI MADHOPUR, 104, BONLI, 1352, KUSHALPURA, 41382, 1118677, Roads, 0, 0, 0, 0, 0, 0, 300000, 300000
2015, RAJASTHAN, 8, SAWAI MADHOPUR, 104, BONLI, 1352, KUSHALPURA, 41382, 1118677, Total, 0, 0, 0, 0, 0, 0, 1140506, 1140506
2015, RAJASTHAN, 8, SAWAI MADHOPUR, 104, BONLI, 1352, LAKHANPUR, 41383, 1083292, Drinking water, 0, 0, 0, 0, 0, 0, 870000, 870000
2015, RAJASTHAN, 8, SAWAI MADHOPUR, 104, BONLI, 1352, LAKHANPUR, 41383, 1083292, Roads, 0, 0, 0, 0, 0, 0, 966018, 966018
2015, RAJASTHAN, 8, SAWAI MADHOPUR, 104, BONLI, 1352, LAKHANPUR, 41383, 1083292, Total, 0, 0, 0, 0, 0, 0, 1836018, 1836018
2015, RAJASTHAN, 8, SAWAI MADHOPUR, 104, BONLI, 1352, MAKSUDANPURA, 41384, 1118679, Drinking water, 0, 0, 0, 0, 0, 0, 138186, 138186
2015, RAJASTHAN, 8, SAWAI MADHOPUR, 104, BONLI, 1352, MAKSUDANPURA, 41384, 1118679, Maintenance of community system, 0, 0, 0, 0, 0, 0, 1000000, 1000000
2015, RAJASTHAN, 8, SAWAI MADHOPUR, 104, BONLI, 1352, MAKSUDANPURA, 41384, 1118679, Roads, 0, 0, 0, 0, 0, 0, 300000, 300000
2015, RAJASTHAN, 8, SAWAI MADHOPUR, 104, BONLI, 1352, MAKSUDANPURA, 41384, 1118679, Total, 0, 0, 0, 0, 0, 0, 1438186, 1438186
2015, RAJASTHAN, 8, SAWAI MADHOPUR, 104, BONLI, 1352, MALARNA CHAUR, 41385, 1092167, Drinking water, 0, 0, 0, 0, 0, 0, 300000, 300000
2015, RAJASTHAN, 8, SAWAI MADHOPUR, 104, BONLI, 1352, MALARNA CHAUR, 41385, 1092167, Health, 0, 0, 0, 0, 0, 0, 300000, 300000
2015, RAJASTHAN, 8, SAWAI MADHOPUR, 104, BONLI, 1352, MALARNA CHAUR, 41385, 1092167, Maintenance of community system, 0, 0, 0, 0, 0, 0, 650000, 650000
2015, RAJASTHAN, 8, SAWAI MADHOPUR, 104, BONLI, 1352, MALARNA CHAUR, 41385, 1092167, Roads, 0, 0, 0, 0, 0, 0, 627040, 627040
2015, RAJASTHAN, 8, SAWAI MADHOPUR, 104, BONLI, 1352, MALARNA CHAUR, 41385, 1092167, Rural electrification, 0, 0, 0, 0, 0, 0, 250000, 250000
2015, RAJASTHAN, 8, SAWAI MADHOPUR, 104, BONLI, 1352, MALARNA CHAUR, 41385, 1092167, Total, 0, 0, 0, 0, 0, 0, 2127040, 2127040
2015, RAJASTHAN, 8, SAWAI MADHOPUR, 104, BONLI, 1352, MALARNA DOONGAR, 41386, 1095612, Drinking water, 0, 0, 0, 0, 0, 0, 1470000, 1470000
2015, RAJASTHAN, 8, SAWAI MADHOPUR, 104, BONLI, 1352, MALARNA DOONGAR, 41386, 1095612, Maintenance of community system, 0, 0, 0, 0, 0, 0, 300000, 300000
2015, RAJASTHAN, 8, SAWAI MADHOPUR, 104, BONLI, 1352, MALARNA DOONGAR, 41386, 1095612, Non-conventional energy sources, 0, 0, 0, 0, 0, 0, 300000, 300000
2015, RAJASTHAN, 8, SAWAI MADHOPUR, 104, BONLI, 1352, MALARNA DOONGAR, 41386, 1095612, Roads, 0, 0, 0, 0, 0, 0, 1283574, 1283574
2015, RAJASTHAN, 8, SAWAI MADHOPUR, 104, BONLI, 1352, MALARNA DOONGAR, 41386, 1095612, Sanitation, 0, 0, 0, 0, 0, 0, 200000, 200000
2015, RAJASTHAN, 8, SAWAI MADHOPUR, 104, BONLI, 1352, MALARNA DOONGAR, 41386, 1095612, Total, 0, 0, 0, 0, 0, 0, 3553574, 3553574
2015, RAJASTHAN, 8, SAWAI MADHOPUR, 104, BONLI, 1352, MAMDOLI, 41387, 1093411, Administrative & Technical Support, 0, 0, 0, 0, 0, 0, 20000, 20000
2015, RAJASTHAN, 8, SAWAI MADHOPUR, 104, BONLI, 1352, MAMDOLI, 41387, 1093411, Drinking water, 0, 0, 0, 0, 0, 0, 1235000, 1235000
2015, RAJASTHAN, 8, SAWAI MADHOPUR, 104, BONLI, 1352, MAMDOLI, 41387, 1093411, Maintenance of community system, 0, 0, 0, 0, 0, 0, 50000, 50000
2015, RAJASTHAN, 8, SAWAI MADHOPUR, 104, BONLI, 1352, MAMDOLI, 41387, 1093411, Roads, 0, 0, 0, 0, 0, 0, 30000, 30000
2015, RAJASTHAN, 8, SAWAI MADHOPUR, 104, BONLI, 1352, MAMDOLI, 41387, 1093411, Sanitation, 0, 0, 0, 0, 0, 0, 121496, 121496
2015, RAJASTHAN, 8, SAWAI MADHOPUR, 104, BONLI, 1352, MAMDOLI, 41387, 1093411, Total, 0, 0, 0, 0, 0, 0, 1456496, 1456496
2015, RAJASTHAN, 8, SAWAI MADHOPUR, 104, BONLI, 1352, MITRAPURA, 41388, 1095611, Administrative & Technical Support, 0, 0, 0, 0, 0, 0, 350000, 350000
2015, RAJASTHAN, 8, SAWAI MADHOPUR, 104, BONLI, 1352, MITRAPURA, 41388, 1095611, Drinking water, 0, 0, 0, 0, 0, 0, 205842, 205842
2015, RAJASTHAN, 8, SAWAI MADHOPUR, 104, BONLI, 1352, MITRAPURA, 41388, 1095611, Non-conventional energy sources, 0, 0, 0, 0, 0, 0, 250000, 250000
2015, RAJASTHAN, 8, SAWAI MADHOPUR, 104, BONLI, 1352, MITRAPURA, 41388, 1095611, Roads, 0, 0, 0, 0, 0, 0, 670000, 670000
2015, RAJASTHAN, 8, SAWAI MADHOPUR, 104, BONLI, 1352, MITRAPURA, 41388, 1095611, Sanitation, 0, 0, 0, 0, 0, 0, 500000, 500000
2015, RAJASTHAN, 8, SAWAI MADHOPUR, 104, BONLI, 1352, MITRAPURA, 41388, 1095611, Total, 0, 0, 0, 0, 0, 0, 1975842, 1975842
2015, RAJASTHAN, 8, SAWAI MADHOPUR, 104, BONLI, 1352, MORAN, 41389, 1203908, Drinking water, 0, 0, 0, 0, 0, 0, 350000, 350000
2015, RAJASTHAN, 8, SAWAI MADHOPUR, 104, BONLI, 1352, MORAN, 41389, 1203908, Sanitation, 0, 0, 0, 0, 0, 0, 1104564, 1104564
2015, RAJASTHAN, 8, SAWAI MADHOPUR, 104, BONLI, 1352, MORAN, 41389, 1203908, Total, 0, 0, 0, 0, 0, 0, 1454564, 1454564
2015, RAJASTHAN, 8, SAWAI MADHOPUR, 104, BONLI, 1352, NEEMOD RATHOD, 41391, 1118685, Drinking water, 0, 0, 0, 0, 0, 0, 1235538, 1235538
2015, RAJASTHAN, 8, SAWAI MADHOPUR, 104, BONLI, 1352, NEEMOD RATHOD, 41391, 1118685, Roads, 0, 0, 0, 0, 0, 0, 100000, 100000
2015, RAJASTHAN, 8, SAWAI MADHOPUR, 104, BONLI, 1352, NEEMOD RATHOD, 41391, 1118685, Total, 0, 0, 0, 0, 0, 0, 1335538, 1335538
2015, RAJASTHAN, 8, SAWAI MADHOPUR, 104, BONLI, 1352, NEEMOD, 41390, 1113157, Drinking water, 0, 0, 0, 0, 0, 0, 877834, 877834
2015, RAJASTHAN, 8, SAWAI MADHOPUR, 104, BONLI, 1352, NEEMOD, 41390, 1113157, Roads, 0, 0, 0, 0, 0, 0, 400000, 400000
2015, RAJASTHAN, 8, SAWAI MADHOPUR, 104, BONLI, 1352, NEEMOD, 41390, 1113157, Total, 0, 0, 0, 0, 0, 0, 1277834, 1277834
2015, RAJASTHAN, 8, SAWAI MADHOPUR, 104, BONLI, 1352, PEEPALDA, 41392, 1118690, Drinking water, 0, 0, 0, 0, 0, 0, 570000, 570000
2015, RAJASTHAN, 8, SAWAI MADHOPUR, 104, BONLI, 1352, PEEPALDA, 41392, 1118690, Maintenance of community system, 0, 0, 0, 0, 0, 0, 100000, 100000
2015, RAJASTHAN, 8, SAWAI MADHOPUR, 104, BONLI, 1352, PEEPALDA, 41392, 1118690, Roads, 0, 0, 0, 0, 0, 0, 968212, 968212
2015, RAJASTHAN, 8, SAWAI MADHOPUR, 104, BONLI, 1352, PEEPALDA, 41392, 1118690, Total, 0, 0, 0, 0, 0, 0, 1638212, 1638212
2015, RAJASTHAN, 8, SAWAI MADHOPUR, 104, BONLI, 1352, PEEPALWARA, 41393, 1118691, Drinking water, 0, 0, 0, 0, 0, 0, 139908, 139908
2015, RAJASTHAN, 8, SAWAI MADHOPUR, 104, BONLI, 1352, PEEPALWARA, 41393, 1118691, Roads, 0, 0, 0, 0, 0, 0, 1475000, 1475000
2015, RAJASTHAN, 8, SAWAI MADHOPUR, 104, BONLI, 1352, PEEPALWARA, 41393, 1118691, Total, 0, 0, 0, 0, 0, 0, 1614908, 1614908
2015, RAJASTHAN, 8, SAWAI MADHOPUR, 104, BONLI, 1352, SANKRA, 41394, 1118693, Maintenance of community system, 0, 0, 0, 0, 0, 0, 1028182, 1028182
2015, RAJASTHAN, 8, SAWAI MADHOPUR, 104, BONLI, 1352, SANKRA, 41394, 1118693, Roads, 0, 0, 0, 0, 0, 0, 199992, 199992
2015, RAJASTHAN, 8, SAWAI MADHOPUR, 104, BONLI, 1352, SANKRA, 41394, 1118693, Total, 0, 0, 0, 0, 0, 0, 1228174, 1228174
2015, RAJASTHAN, 8, SAWAI MADHOPUR, 104, BONLI, 1352, SESHA, 41395, 1203690, Drinking water, 0, 0, 0, 0, 0, 0, 981757, 981757
2015, RAJASTHAN, 8, SAWAI MADHOPUR, 104, BONLI, 1352, SESHA, 41395, 1203690, Education, 0, 0, 0, 0, 0, 0, 100000, 100000
2015, RAJASTHAN, 8, SAWAI MADHOPUR, 104, BONLI, 1352, SESHA, 41395, 1203690, Land improvement, 0, 0, 0, 0, 0, 0, 140000, 140000
2015, RAJASTHAN, 8, SAWAI MADHOPUR, 104, BONLI, 1352, SESHA, 41395, 1203690, Maintenance of community system, 0, 0, 0, 0, 0, 0, 100000, 100000
2015, RAJASTHAN, 8, SAWAI MADHOPUR, 104, BONLI, 1352, SESHA, 41395, 1203690, Roads, 0, 0, 0, 0, 0, 0, 100000, 100000
2015, RAJASTHAN, 8, SAWAI MADHOPUR, 104, BONLI, 1352, SESHA, 41395, 1203690, Sanitation, 0, 0, 0, 0, 0, 0, 500000, 500000
2015, RAJASTHAN, 8, SAWAI MADHOPUR, 104, BONLI, 1352, SESHA, 41395, 1203690, Total, 0, 0, 0, 0, 0, 0, 1921757, 1921757
2015, RAJASTHAN, 8, SAWAI MADHOPUR, 104, BONLI, 1352, TARANPUR, 41396, 1113154, Drinking water, 0, 0, 0, 0, 0, 0, 860000, 860000
2015, RAJASTHAN, 8, SAWAI MADHOPUR, 104, BONLI, 1352, TARANPUR, 41396, 1113154, Maintenance of community system, 0, 0, 0, 0, 0, 0, 260000, 260000
2015, RAJASTHAN, 8, SAWAI MADHOPUR, 104, BONLI, 1352, TARANPUR, 41396, 1113154, Roads, 0, 0, 0, 0, 0, 0, 800000, 800000
2015, RAJASTHAN, 8, SAWAI MADHOPUR, 104, BONLI, 1352, TARANPUR, 41396, 1113154, Rural electrification, 0, 0, 0, 0, 0, 0, 98566, 98566
2015, RAJASTHAN, 8, SAWAI MADHOPUR, 104, BONLI, 1352, TARANPUR, 41396, 1113154, Total, 0, 0, 0, 0, 0, 0, 2018566, 2018566
2015, RAJASTHAN, 8, SAWAI MADHOPUR, 104, BONLI, 1352, THADOLI, 41397, 1118694, Drinking water, 0, 0, 0, 0, 0, 0, 1530532, 1530532
2015, RAJASTHAN, 8, SAWAI MADHOPUR, 104, BONLI, 1352, THADOLI, 41397, 1118694, Maintenance of community system, 0, 0, 0, 0, 0, 0, 150000, 150000
2015, RAJASTHAN, 8, SAWAI MADHOPUR, 104, BONLI, 1352, THADOLI, 41397, 1118694, Roads, 0, 0, 0, 0, 0, 0, 100000, 100000
2015, RAJASTHAN, 8, SAWAI MADHOPUR, 104, BONLI, 1352, THADOLI, 41397, 1118694, Total, 0, 0, 0, 0, 0, 0, 1780532, 1780532
2015, RAJASTHAN, 8, SAWAI MADHOPUR, 104, BONLI, 1352, UDGAON, 41398, 1136526, Drinking water, 0, 0, 0, 0, 0, 0, 990000, 990000
2015, RAJASTHAN, 8, SAWAI MADHOPUR, 104, BONLI, 1352, UDGAON, 41398, 1136526, Roads, 0, 0, 0, 0, 0, 0, 821882, 821882
2015, RAJASTHAN, 8, SAWAI MADHOPUR, 104, BONLI, 1352, UDGAON, 41398, 1136526, Total, 0, 0, 0, 0, 0, 0, 1811882, 1811882
2015, RAJASTHAN, 8, SAWAI MADHOPUR, 104, CHAUTH KA BARWARA, 262680, ADALWARA KALAN, 41472, 1138958, Drinking water, 0, 0, 0, 0, 0, 0, 150000, 150000
2015, RAJASTHAN, 8, SAWAI MADHOPUR, 104, CHAUTH KA BARWARA, 262680, ADALWARA KALAN, 41472, 1138958, Maintenance of community system, 0, 0, 0, 0, 0, 0, 150000, 150000
2015, RAJASTHAN, 8, SAWAI MADHOPUR, 104, CHAUTH KA BARWARA, 262680, ADALWARA KALAN, 41472, 1138958, Roads, 0, 0, 0, 0, 0, 0, 1072000, 1072000
2015, RAJASTHAN, 8, SAWAI MADHOPUR, 104, CHAUTH KA BARWARA, 262680, ADALWARA KALAN, 41472, 1138958, Total, 0, 0, 0, 0, 0, 0, 1372000, 1372000
2015, RAJASTHAN, 8, SAWAI MADHOPUR, 104, CHAUTH KA BARWARA, 262680, BALRIYA, 41476, 1139440, Drinking water, 0, 0, 0, 0, 0, 0, 410000, 410000
2015, RAJASTHAN, 8, SAWAI MADHOPUR, 104, CHAUTH KA BARWARA, 262680, BALRIYA, 41476, 1139440, Maintenance of community system, 0, 0, 0, 0, 0, 0, 520000, 520000
2015, RAJASTHAN, 8, SAWAI MADHOPUR, 104, CHAUTH KA BARWARA, 262680, BALRIYA, 41476, 1139440, Roads, 0, 0, 0, 0, 0, 0, 800000, 800000
2015, RAJASTHAN, 8, SAWAI MADHOPUR, 104, CHAUTH KA BARWARA, 262680, BALRIYA, 41476, 1139440, Total, 0, 0, 0, 0, 0, 0, 1730000, 1730000
2015, RAJASTHAN, 8, SAWAI MADHOPUR, 104, CHAUTH KA BARWARA, 262680, BHAGWATGARH, 41478, 1140338, Drinking water, 0, 0, 0, 0, 0, 0, 470000, 470000
2015, RAJASTHAN, 8, SAWAI MADHOPUR, 104, CHAUTH KA BARWARA, 262680, BHAGWATGARH, 41478, 1140338, Maintenance of community system, 0, 0, 0, 0, 0, 0, 545000, 545000
2015, RAJASTHAN, 8, SAWAI MADHOPUR, 104, CHAUTH KA BARWARA, 262680, BHAGWATGARH, 41478, 1140338, Roads, 0, 0, 0, 0, 0, 0, 2085000, 2085000
2015, RAJASTHAN, 8, SAWAI MADHOPUR, 104, CHAUTH KA BARWARA, 262680, BHAGWATGARH, 41478, 1140338, Rural electrification, 0, 0, 0, 0, 0, 0, 150000, 150000
2015, RAJASTHAN, 8, SAWAI MADHOPUR, 104, CHAUTH KA BARWARA, 262680, BHAGWATGARH, 41478, 1140338, Total, 0, 0, 0, 0, 0, 0, 3250000, 3250000
2015, RAJASTHAN, 8, SAWAI MADHOPUR, 104, CHAUTH KA BARWARA, 262680, BHEDOLA, 41479, 1139788, Drinking water, 0, 0, 0, 0, 0, 0, 805000, 805000
2015, RAJASTHAN, 8, SAWAI MADHOPUR, 104, CHAUTH KA BARWARA, 262680, BHEDOLA, 41479, 1139788, Maintenance of community system, 0, 0, 0, 0, 0, 0, 465000, 465000
2015, RAJASTHAN, 8, SAWAI MADHOPUR, 104, CHAUTH KA BARWARA, 262680, BHEDOLA, 41479, 1139788, Roads, 0, 0, 0, 0, 0, 0, 125000, 125000
2015, RAJASTHAN, 8, SAWAI MADHOPUR, 104, CHAUTH KA BARWARA, 262680, BHEDOLA, 41479, 1139788, Rural electrification, 0, 0, 0, 0, 0, 0, 55000, 55000
2015, RAJASTHAN, 8, SAWAI MADHOPUR, 104, CHAUTH KA BARWARA, 262680, BHEDOLA, 41479, 1139788, Total, 0, 0, 0, 0, 0, 0, 1450000, 1450000
2015, RAJASTHAN, 8, SAWAI MADHOPUR, 104, CHAUTH KA BARWARA, 262680, BINZARI, 41480, 1139786, Drinking water, 0, 0, 0, 0, 0, 0, 550000, 550000
2015, RAJASTHAN, 8, SAWAI MADHOPUR, 104, CHAUTH KA BARWARA, 262680, BINZARI, 41480, 1139786, Maintenance of community system, 0, 0, 0, 0, 0, 0, 300000, 300000
2015, RAJASTHAN, 8, SAWAI MADHOPUR, 104, CHAUTH KA BARWARA, 262680, BINZARI, 41480, 1139786, Roads, 0, 0, 0, 0, 0, 0, 950000, 950000
2015, RAJASTHAN, 8, SAWAI MADHOPUR, 104, CHAUTH KA BARWARA, 262680, BINZARI, 41480, 1139786, Total, 0, 0, 0, 0, 0, 0, 1800000, 1800000
2015, RAJASTHAN, 8, SAWAI MADHOPUR, 104, CHAUTH KA BARWARA, 262680, CHAUTH KA BARWARA, 41482, 1140145, Drinking water, 0, 0, 0, 0, 0, 0, 50000, 50000
2015, RAJASTHAN, 8, SAWAI MADHOPUR, 104, CHAUTH KA BARWARA, 262680, CHAUTH KA BARWARA, 41482, 1140145, Maintenance of community system, 0, 0, 0, 0, 0, 0, 150000, 150000
2015, RAJASTHAN, 8, SAWAI MADHOPUR, 104, CHAUTH KA BARWARA, 262680, CHAUTH KA BARWARA, 41482, 1140145, Roads, 0, 0, 0, 0, 0, 0, 4660000, 4660000
2015, RAJASTHAN, 8, SAWAI MADHOPUR, 104, CHAUTH KA BARWARA, 262680, CHAUTH KA BARWARA, 41482, 1140145, Total, 0, 0, 0, 0, 0, 0, 4860000, 4860000
2015, RAJASTHAN, 8, SAWAI MADHOPUR, 104, CHAUTH KA BARWARA, 262680, DEHAKWA, 41484, 1151763, Drinking water, 0, 0, 0, 0, 0, 0, 360000, 360000
2015, RAJASTHAN, 8, SAWAI MADHOPUR, 104, CHAUTH KA BARWARA, 262680, DEHAKWA, 41484, 1151763, Maintenance of community system, 0, 0, 0, 0, 0, 0, 180000, 180000
2015, RAJASTHAN, 8, SAWAI MADHOPUR, 104, CHAUTH KA BARWARA, 262680, DEHAKWA, 41484, 1151763, Roads, 0, 0, 0, 0, 0, 0, 1035000, 1035000
2015, RAJASTHAN, 8, SAWAI MADHOPUR, 104, CHAUTH KA BARWARA, 262680, DEHAKWA, 41484, 1151763, Total, 0, 0, 0, 0, 0, 0, 1575000, 1575000
2015, RAJASTHAN, 8, SAWAI MADHOPUR, 104, CHAUTH KA BARWARA, 262680, DIDAYACH, 41485, 1140328, Drinking water, 0, 0, 0, 0, 0, 0, 480000, 480000
2015, RAJASTHAN, 8, SAWAI MADHOPUR, 104, CHAUTH KA BARWARA, 262680, DIDAYACH, 41485, 1140328, Maintenance of community system, 0, 0, 0, 0, 0, 0, 250000, 250000
2015, RAJASTHAN, 8, SAWAI MADHOPUR, 104, CHAUTH KA BARWARA, 262680, DIDAYACH, 41485, 1140328, Roads, 0, 0, 0, 0, 0, 0, 870000, 870000
2015, RAJASTHAN, 8, SAWAI MADHOPUR, 104, CHAUTH KA BARWARA, 262680, DIDAYACH, 41485, 1140328, Total, 0, 0, 0, 0, 0, 0, 1600000, 1600000
2015, RAJASTHAN, 8, SAWAI MADHOPUR, 104, CHAUTH KA BARWARA, 262680, ISARDA, 41488, 1140415, Drinking water, 0, 0, 0, 0, 0, 0, 340000, 340000
2015, RAJASTHAN, 8, SAWAI MADHOPUR, 104, CHAUTH KA BARWARA, 262680, ISARDA, 41488, 1140415, Maintenance of community system, 0, 0, 0, 0, 0, 0, 1200000, 1200000
2015, RAJASTHAN, 8, SAWAI MADHOPUR, 104, CHAUTH KA BARWARA, 262680, ISARDA, 41488, 1140415, Roads, 0, 0, 0, 0, 0, 0, 1095000, 1095000
2015, RAJASTHAN, 8, SAWAI MADHOPUR, 104, CHAUTH KA BARWARA, 262680, ISARDA, 41488, 1140415, Total, 0, 0, 0, 0, 0, 0, 2635000, 2635000
2015, RAJASTHAN, 8, SAWAI MADHOPUR, 104, CHAUTH KA BARWARA, 262680, JHONPRA, 41492, 1151947, Drinking water, 0, 0, 0, 0, 0, 0, 885000, 885000
2015, RAJASTHAN, 8, SAWAI MADHOPUR, 104, CHAUTH KA BARWARA, 262680, JHONPRA, 41492, 1151947, Maintenance of community system, 0, 0, 0, 0, 0, 0, 713000, 713000
2015, RAJASTHAN, 8, SAWAI MADHOPUR, 104, CHAUTH KA BARWARA, 262680, JHONPRA, 41492, 1151947, Roads, 0, 0, 0, 0, 0, 0, 200000, 200000
2015, RAJASTHAN, 8, SAWAI MADHOPUR, 104, CHAUTH KA BARWARA, 262680, JHONPRA, 41492, 1151947, Total, 0, 0, 0, 0, 0, 0, 1798000, 1798000
2015, RAJASTHAN, 8, SAWAI MADHOPUR, 104, CHAUTH KA BARWARA, 262680, JOLA, 41493, 1152179, Drinking water, 0, 0, 0, 0, 0, 0, 795000, 795000
2015, RAJASTHAN, 8, SAWAI MADHOPUR, 104, CHAUTH KA BARWARA, 262680, JOLA, 41493, 1152179, Maintenance of community system, 0, 0, 0, 0, 0, 0, 90000, 90000
2015, RAJASTHAN, 8, SAWAI MADHOPUR, 104, CHAUTH KA BARWARA, 262680, JOLA, 41493, 1152179, Roads, 0, 0, 0, 0, 0, 0, 500000, 500000
2015, RAJASTHAN, 8, SAWAI MADHOPUR, 104, CHAUTH KA BARWARA, 262680, JOLA, 41493, 1152179, Total, 0, 0, 0, 0, 0, 0, 1385000, 1385000
2015, RAJASTHAN, 8, SAWAI MADHOPUR, 104, CHAUTH KA BARWARA, 262680, KHIJOORI, 41456, 1154650, Drinking water, 0, 0, 0, 0, 0, 0, 840000, 840000
2015, RAJASTHAN, 8, SAWAI MADHOPUR, 104, CHAUTH KA BARWARA, 262680, KHIJOORI, 41456, 1154650, Maintenance of community system, 0, 0, 0, 0, 0, 0, 285000, 285000
2015, RAJASTHAN, 8, SAWAI MADHOPUR, 104, CHAUTH KA BARWARA, 262680, KHIJOORI, 41456, 1154650, Roads, 0, 0, 0, 0, 0, 0, 160000, 160000
2015, RAJASTHAN, 8, SAWAI MADHOPUR, 104, CHAUTH KA BARWARA, 262680, KHIJOORI, 41456, 1154650, Total, 0, 0, 0, 0, 0, 0, 1285000, 1285000
2015, RAJASTHAN, 8, SAWAI MADHOPUR, 104, CHAUTH KA BARWARA, 262680, KUSTLA, 41498, 1152288, Drinking water, 0, 0, 0, 0, 0, 0, 360000, 360000
2015, RAJASTHAN, 8, SAWAI MADHOPUR, 104, CHAUTH KA BARWARA, 262680, KUSTLA, 41498, 1152288, Maintenance of community system, 0, 0, 0, 0, 0, 0, 200000, 200000
2015, RAJASTHAN, 8, SAWAI MADHOPUR, 104, CHAUTH KA BARWARA, 262680, KUSTLA, 41498, 1152288, Roads, 0, 0, 0, 0, 0, 0, 2000000, 2000000
2015, RAJASTHAN, 8, SAWAI MADHOPUR, 104, CHAUTH KA BARWARA, 262680, KUSTLA, 41498, 1152288, Total, 0, 0, 0, 0, 0, 0, 2560000, 2560000
2015, RAJASTHAN, 8, SAWAI MADHOPUR, 104, CHAUTH KA BARWARA, 262680, MAHAPURA, 41500, 1153460, Drinking water, 0, 0, 0, 0, 0, 0, 450000, 450000
2015, RAJASTHAN, 8, SAWAI MADHOPUR, 104, CHAUTH KA BARWARA, 262680, MAHAPURA, 41500, 1153460, Maintenance of community system, 0, 0, 0, 0, 0, 0, 300000, 300000
2015, RAJASTHAN, 8, SAWAI MADHOPUR, 104, CHAUTH KA BARWARA, 262680, MAHAPURA, 41500, 1153460, Roads, 0, 0, 0, 0, 0, 0, 495000, 495000
2015, RAJASTHAN, 8, SAWAI MADHOPUR, 104, CHAUTH KA BARWARA, 262680, MAHAPURA, 41500, 1153460, Total, 0, 0, 0, 0, 0, 0, 1245000, 1245000
2015, RAJASTHAN, 8, SAWAI MADHOPUR, 104, CHAUTH KA BARWARA, 262680, MUI, 41503, 1157495, Drinking water, 0, 0, 0, 0, 0, 0, 1200000, 1200000
2015, RAJASTHAN, 8, SAWAI MADHOPUR, 104, CHAUTH KA BARWARA, 262680, MUI, 41503, 1157495, Maintenance of community system, 0, 0, 0, 0, 0, 0, 125000, 125000
2015, RAJASTHAN, 8, SAWAI MADHOPUR, 104, CHAUTH KA BARWARA, 262680, MUI, 41503, 1157495, Roads, 0, 0, 0, 0, 0, 0, 1075000, 1075000
2015, RAJASTHAN, 8, SAWAI MADHOPUR, 104, CHAUTH KA BARWARA, 262680, MUI, 41503, 1157495, Total, 0, 0, 0, 0, 0, 0, 2400000, 2400000
2015, RAJASTHAN, 8, SAWAI MADHOPUR, 104, CHAUTH KA BARWARA, 262680, PANCHOLAS, 41464, 1155068, Drinking water, 0, 0, 0, 0, 0, 0, 305000, 305000
2015, RAJASTHAN, 8, SAWAI MADHOPUR, 104, CHAUTH KA BARWARA, 262680, PANCHOLAS, 41464, 1155068, Maintenance of community system, 0, 0, 0, 0, 0, 0, 450000, 450000
2015, RAJASTHAN, 8, SAWAI MADHOPUR, 104, CHAUTH KA BARWARA, 262680, PANCHOLAS, 41464, 1155068, Roads, 0, 0, 0, 0, 0, 0, 1000000, 1000000
2015, RAJASTHAN, 8, SAWAI MADHOPUR, 104, CHAUTH KA BARWARA, 262680, PANCHOLAS, 41464, 1155068, Rural electrification, 0, 0, 0, 0, 0, 0, 100000, 100000
2015, RAJASTHAN, 8, SAWAI MADHOPUR, 104, CHAUTH KA BARWARA, 262680, PANCHOLAS, 41464, 1155068, Total, 0, 0, 0, 0, 0, 0, 1855000, 1855000
2015, RAJASTHAN, 8, SAWAI MADHOPUR, 104, CHAUTH KA BARWARA, 262680, PAVDERA, 41507, 1153511, Drinking water, 0, 0, 0, 0, 0, 0, 290000, 290000
2015, RAJASTHAN, 8, SAWAI MADHOPUR, 104, CHAUTH KA BARWARA, 262680, PAVDERA, 41507, 1153511, Maintenance of community system, 0, 0, 0, 0, 0, 0, 250000, 250000
2015, RAJASTHAN, 8, SAWAI MADHOPUR, 104, CHAUTH KA BARWARA, 262680, PAVDERA, 41507, 1153511, Roads, 0, 0, 0, 0, 0, 0, 1100000, 1100000
2015, RAJASTHAN, 8, SAWAI MADHOPUR, 104, CHAUTH KA BARWARA, 262680, PAVDERA, 41507, 1153511, Total, 0, 0, 0, 0, 0, 0, 1640000, 1640000
2015, RAJASTHAN, 8, SAWAI MADHOPUR, 104, CHAUTH KA BARWARA, 262680, RAJWANA, 41508, 1158290, Drinking water, 0, 0, 0, 0, 0, 0, 1040000, 1040000
2015, RAJASTHAN, 8, SAWAI MADHOPUR, 104, CHAUTH KA BARWARA, 262680, RAJWANA, 41508, 1158290, Maintenance of community system, 0, 0, 0, 0, 0, 0, 700000, 700000
2015, RAJASTHAN, 8, SAWAI MADHOPUR, 104, CHAUTH KA BARWARA, 262680, RAJWANA, 41508, 1158290, Roads, 0, 0, 0, 0, 0, 0, 150000, 150000
2015, RAJASTHAN, 8, SAWAI MADHOPUR, 104, CHAUTH KA BARWARA, 262680, RAJWANA, 41508, 1158290, Total, 0, 0, 0, 0, 0, 0, 1890000, 1890000
2015, RAJASTHAN, 8, SAWAI MADHOPUR, 104, CHAUTH KA BARWARA, 262680, RAWANJNA CHAUR, 41467, 1155992, Drinking water, 0, 0, 0, 0, 0, 0, 100000, 100000
2015, RAJASTHAN, 8, SAWAI MADHOPUR, 104, CHAUTH KA BARWARA, 262680, RAWANJNA CHAUR, 41467, 1155992, Maintenance of community system, 0, 0, 0, 0, 0, 0, 70000, 70000
2015, RAJASTHAN, 8, SAWAI MADHOPUR, 104, CHAUTH KA BARWARA, 262680, RAWANJNA CHAUR, 41467, 1155992, Roads, 0, 0, 0, 0, 0, 0, 1590000, 1590000
2015, RAJASTHAN, 8, SAWAI MADHOPUR, 104, CHAUTH KA BARWARA, 262680, RAWANJNA CHAUR, 41467, 1155992, Total, 0, 0, 0, 0, 0, 0, 1760000, 1760000
2015, RAJASTHAN, 8, SAWAI MADHOPUR, 104, CHAUTH KA BARWARA, 262680, RAWANJNA DOONGAR, 262117, 1166731, Drinking water, 0, 0, 0, 0, 0, 0, 400000, 400000
2015, RAJASTHAN, 8, SAWAI MADHOPUR, 104, CHAUTH KA BARWARA, 262680, RAWANJNA DOONGAR, 262117, 1166731, Maintenance of community system, 0, 0, 0, 0, 0, 0, 130000, 130000
2015, RAJASTHAN, 8, SAWAI MADHOPUR, 104, CHAUTH KA BARWARA, 262680, RAWANJNA DOONGAR, 262117, 1166731, Roads, 0, 0, 0, 0, 0, 0, 1370000, 1370000
2015, RAJASTHAN, 8, SAWAI MADHOPUR, 104, CHAUTH KA BARWARA, 262680, RAWANJNA DOONGAR, 262117, 1166731, Total, 0, 0, 0, 0, 0, 0, 1900000, 1900000
2015, RAJASTHAN, 8, SAWAI MADHOPUR, 104, CHAUTH KA BARWARA, 262680, SARSOP, 41511, 1153570, Drinking water, 0, 0, 0, 0, 0, 0, 410000, 410000
2015, RAJASTHAN, 8, SAWAI MADHOPUR, 104, CHAUTH KA BARWARA, 262680, SARSOP, 41511, 1153570, Maintenance of community system, 0, 0, 0, 0, 0, 0, 1220000, 1220000
2015, RAJASTHAN, 8, SAWAI MADHOPUR, 104, CHAUTH KA BARWARA, 262680, SARSOP, 41511, 1153570, Roads, 0, 0, 0, 0, 0, 0, 650000, 650000
2015, RAJASTHAN, 8, SAWAI MADHOPUR, 104, CHAUTH KA BARWARA, 262680, SARSOP, 41511, 1153570, Total, 0, 0, 0, 0, 0, 0, 2280000, 2280000
2015, RAJASTHAN, 8, SAWAI MADHOPUR, 104, CHAUTH KA BARWARA, 262680, SHIWAR, 41514, 1174302, Drinking water, 0, 0, 0, 0, 0, 0, 790000, 790000
2015, RAJASTHAN, 8, SAWAI MADHOPUR, 104, CHAUTH KA BARWARA, 262680, SHIWAR, 41514, 1174302, Maintenance of community system, 0, 0, 0, 0, 0, 0, 410000, 410000
2015, RAJASTHAN, 8, SAWAI MADHOPUR, 104, CHAUTH KA BARWARA, 262680, SHIWAR, 41514, 1174302, Roads, 0, 0, 0, 0, 0, 0, 1850000, 1850000
2015, RAJASTHAN, 8, SAWAI MADHOPUR, 104, CHAUTH KA BARWARA, 262680, SHIWAR, 41514, 1174302, Rural electrification, 0, 0, 0, 0, 0, 0, 50000, 50000
2015, RAJASTHAN, 8, SAWAI MADHOPUR, 104, CHAUTH KA BARWARA, 262680, SHIWAR, 41514, 1174302, Total, 0, 0, 0, 0, 0, 0, 3100000, 3100000
2015, RAJASTHAN, 8, SAWAI MADHOPUR, 104, CHAUTH KA BARWARA, 262680, TAPUR, 41518, 1153934, Drinking water, 0, 0, 0, 0, 0, 0, 290000, 290000
2015, RAJASTHAN, 8, SAWAI MADHOPUR, 104, CHAUTH KA BARWARA, 262680, TAPUR, 41518, 1153934, Maintenance of community system, 0, 0, 0, 0, 0, 0, 150000, 150000
2015, RAJASTHAN, 8, SAWAI MADHOPUR, 104, CHAUTH KA BARWARA, 262680, TAPUR, 41518, 1153934, Roads, 0, 0, 0, 0, 0, 0, 1340000, 1340000
2015, RAJASTHAN, 8, SAWAI MADHOPUR, 104, CHAUTH KA BARWARA, 262680, TAPUR, 41518, 1153934, Total, 0, 0, 0, 0, 0, 0, 1780000, 1780000
2015, RAJASTHAN, 8, SAWAI MADHOPUR, 104, GANGAPUR CITY, 1353, AHAMADPUR, 41399, 1284969, Drinking water, 0, 0, 0, 0, 0, 0, 1078302, 1078302
2015, RAJASTHAN, 8, SAWAI MADHOPUR, 104, GANGAPUR CITY, 1353, AHAMADPUR, 41399, 1284969, Public distribution system, 0, 0, 0, 0, 0, 0, 1700000, 1700000
2015, RAJASTHAN, 8, SAWAI MADHOPUR, 104, GANGAPUR CITY, 1353, AHAMADPUR, 41399, 1284969, Roads, 0, 0, 0, 0, 0, 0, 582229, 582229
2015, RAJASTHAN, 8, SAWAI MADHOPUR, 104, GANGAPUR CITY, 1353, AHAMADPUR, 41399, 1284969, Total, 0, 0, 0, 0, 0, 0, 3360531, 3360531
2015, RAJASTHAN, 8, SAWAI MADHOPUR, 104, GANGAPUR CITY, 1353, AMARGARH, 41400, 1292651, Drinking water, 0, 0, 0, 0, 0, 0, 528559, 528559
2015, RAJASTHAN, 8, SAWAI MADHOPUR, 104, GANGAPUR CITY, 1353, AMARGARH, 41400, 1292651, Public distribution system, 0, 0, 0, 0, 0, 0, 1699222, 1699222
2015, RAJASTHAN, 8, SAWAI MADHOPUR, 104, GANGAPUR CITY, 1353, AMARGARH, 41400, 1292651, Roads, 0, 0, 0, 0, 0, 0, 345000, 345000
2015, RAJASTHAN, 8, SAWAI MADHOPUR, 104, GANGAPUR CITY, 1353, AMARGARH, 41400, 1292651, Sanitation, 0, 0, 0, 0, 0, 0, 20000, 20000
2015, RAJASTHAN, 8, SAWAI MADHOPUR, 104, GANGAPUR CITY, 1353, AMARGARH, 41400, 1292651, Total, 0, 0, 0, 0, 0, 0, 2592781, 2592781
2015, RAJASTHAN, 8, SAWAI MADHOPUR, 104, GANGAPUR CITY, 1353, BAGLAI, 41401, 1314032, Drinking water, 0, 0, 0, 0, 0, 0, 767662, 767662
2015, RAJASTHAN, 8, SAWAI MADHOPUR, 104, GANGAPUR CITY, 1353, BAGLAI, 41401, 1314032, Public distribution system, 0, 0, 0, 0, 0, 0, 1031007, 1031007
2015, RAJASTHAN, 8, SAWAI MADHOPUR, 104, GANGAPUR CITY, 1353, BAGLAI, 41401, 1314032, Total, 0, 0, 0, 0, 0, 0, 1798669, 1798669
2015, RAJASTHAN, 8, SAWAI MADHOPUR, 104, GANGAPUR CITY, 1353, BAMAN BARODA, 41402, 1314039, Public distribution system, 0, 0, 0, 0, 0, 0, 1474149, 1474149
2015, RAJASTHAN, 8, SAWAI MADHOPUR, 104, GANGAPUR CITY, 1353, BAMAN BARODA, 41402, 1314039, Roads, 0, 0, 0, 0, 0, 0, 229964, 229964
2015, RAJASTHAN, 8, SAWAI MADHOPUR, 104, GANGAPUR CITY, 1353, BAMAN BARODA, 41402, 1314039, Total, 0, 0, 0, 0, 0, 0, 1704113, 1704113
2015, RAJASTHAN, 8, SAWAI MADHOPUR, 104, GANGAPUR CITY, 1353, BARH KALAN, 41403, 1314041, Drinking water, 0, 0, 0, 0, 0, 0, 1007286, 1007286
2015, RAJASTHAN, 8, SAWAI MADHOPUR, 104, GANGAPUR CITY, 1353, BARH KALAN, 41403, 1314041, Roads, 0, 0, 0, 0, 0, 0, 2570390, 2570390
2015, RAJASTHAN, 8, SAWAI MADHOPUR, 104, GANGAPUR CITY, 1353, BARH KALAN, 41403, 1314041, Total, 0, 0, 0, 0, 0, 0, 3577676, 3577676
2015, RAJASTHAN, 8, SAWAI MADHOPUR, 104, GANGAPUR CITY, 1353, BAROLI, 41404, 1314043, Drinking water, 0, 0, 0, 0, 0, 0, 260000, 260000
2015, RAJASTHAN, 8, SAWAI MADHOPUR, 104, GANGAPUR CITY, 1353, BAROLI, 41404, 1314043, Public distribution system, 0, 0, 0, 0, 0, 0, 1709375, 1709375
2015, RAJASTHAN, 8, SAWAI MADHOPUR, 104, GANGAPUR CITY, 1353, BAROLI, 41404, 1314043, Total, 0, 0, 0, 0, 0, 0, 1969375, 1969375
2015, RAJASTHAN, 8, SAWAI MADHOPUR, 104, GANGAPUR CITY, 1353, BUCHOLAI, 41405, 1314069, Drinking water, 0, 0, 0, 0, 0, 0, 1360000, 1360000
2015, RAJASTHAN, 8, SAWAI MADHOPUR, 104, GANGAPUR CITY, 1353, BUCHOLAI, 41405, 1314069, Public distribution system, 0, 0, 0, 0, 0, 0, 865848, 865848
2015, RAJASTHAN, 8, SAWAI MADHOPUR, 104, GANGAPUR CITY, 1353, BUCHOLAI, 41405, 1314069, Total, 0, 0, 0, 0, 0, 0, 2225848, 2225848
2015, RAJASTHAN, 8, SAWAI MADHOPUR, 104, GANGAPUR CITY, 1353, CHOOLI, 41406, 1314068, Drinking water, 0, 0, 0, 0, 0, 0, 236492, 236492
2015, RAJASTHAN, 8, SAWAI MADHOPUR, 104, GANGAPUR CITY, 1353, CHOOLI, 41406, 1314068, Public distribution system, 0, 0, 0, 0, 0, 0, 255000, 255000
2015, RAJASTHAN, 8, SAWAI MADHOPUR, 104, GANGAPUR CITY, 1353, CHOOLI, 41406, 1314068, Roads, 0, 0, 0, 0, 0, 0, 3039742, 3039742
2015, RAJASTHAN, 8, SAWAI MADHOPUR, 104, GANGAPUR CITY, 1353, CHOOLI, 41406, 1314068, Total, 0, 0, 0, 0, 0, 0, 3531234, 3531234
2015, RAJASTHAN, 8, SAWAI MADHOPUR, 104, GANGAPUR CITY, 1353, HEERAPUR, 41407, 1314072, Drinking water, 0, 0, 0, 0, 0, 0, 230708, 230708
2015, RAJASTHAN, 8, SAWAI MADHOPUR, 104, GANGAPUR CITY, 1353, HEERAPUR, 41407, 1314072, Public distribution system, 0, 0, 0, 0, 0, 0, 250000, 250000
2015, RAJASTHAN, 8, SAWAI MADHOPUR, 104, GANGAPUR CITY, 1353, HEERAPUR, 41407, 1314072, Roads, 0, 0, 0, 0, 0, 0, 998310, 998310
2015, RAJASTHAN, 8, SAWAI MADHOPUR, 104, GANGAPUR CITY, 1353, HEERAPUR, 41407, 1314072, Total, 0, 0, 0, 0, 0, 0, 1479018, 1479018
2015, RAJASTHAN, 8, SAWAI MADHOPUR, 104, GANGAPUR CITY, 1353, HINGOTIYA, 41408, 1314073, Public distribution system, 0, 0, 0, 0, 0, 0, 1549308, 1549308
2015, RAJASTHAN, 8, SAWAI MADHOPUR, 104, GANGAPUR CITY, 1353, HINGOTIYA, 41408, 1314073, Total, 0, 0, 0, 0, 0, 0, 1549308, 1549308
2015, RAJASTHAN, 8, SAWAI MADHOPUR, 104, GANGAPUR CITY, 1353, JEEVLI, 41409, 1314048, Drinking water, 0, 0, 0, 0, 0, 0, 473000, 473000
2015, RAJASTHAN, 8, SAWAI MADHOPUR, 104, GANGAPUR CITY, 1353, JEEVLI, 41409, 1314048, Public distribution system, 0, 0, 0, 0, 0, 0, 48664, 48664
2015, RAJASTHAN, 8, SAWAI MADHOPUR, 104, GANGAPUR CITY, 1353, JEEVLI, 41409, 1314048, Roads, 0, 0, 0, 0, 0, 0, 1608792, 1608792
2015, RAJASTHAN, 8, SAWAI MADHOPUR, 104, GANGAPUR CITY, 1353, JEEVLI, 41409, 1314048, Total, 0, 0, 0, 0, 0, 0, 2130456, 2130456
2015, RAJASTHAN, 8, SAWAI MADHOPUR, 104, GANGAPUR CITY, 1353, KHANDEEP, 41410, 1314049, Public distribution system, 0, 0, 0, 0, 0, 0, 2154946, 2154946
2015, RAJASTHAN, 8, SAWAI MADHOPUR, 104, GANGAPUR CITY, 1353, KHANDEEP, 41410, 1314049, Roads, 0, 0, 0, 0, 0, 0, 1230687, 1230687
2015, RAJASTHAN, 8, SAWAI MADHOPUR, 104, GANGAPUR CITY, 1353, KHANDEEP, 41410, 1314049, Total, 0, 0, 0, 0, 0, 0, 3385633, 3385633
2015, RAJASTHAN, 8, SAWAI MADHOPUR, 104, GANGAPUR CITY, 1353, KHANPUR BARODA, 41411, 1314050, Drinking water, 0, 0, 0, 0, 0, 0, 166000, 166000
2015, RAJASTHAN, 8, SAWAI MADHOPUR, 104, GANGAPUR CITY, 1353, KHANPUR BARODA, 41411, 1314050, Public distribution system, 0, 0, 0, 0, 0, 0, 200000, 200000
2015, RAJASTHAN, 8, SAWAI MADHOPUR, 104, GANGAPUR CITY, 1353, KHANPUR BARODA, 41411, 1314050, Roads, 0, 0, 0, 0, 0, 0, 3085739, 3085739
2015, RAJASTHAN, 8, SAWAI MADHOPUR, 104, GANGAPUR CITY, 1353, KHANPUR BARODA, 41411, 1314050, Total, 0, 0, 0, 0, 0, 0, 3451739, 3451739
2015, RAJASTHAN, 8, SAWAI MADHOPUR, 104, GANGAPUR CITY, 1353, KHERA BARH RAMGARH, 41412, 1314053, Drinking water, 0, 0, 0, 0, 0, 0, 1755009, 1755009
2015, RAJASTHAN, 8, SAWAI MADHOPUR, 104, GANGAPUR CITY, 1353, KHERA BARH RAMGARH, 41412, 1314053, Public distribution system, 0, 0, 0, 0, 0, 0, 570000, 570000
2015, RAJASTHAN, 8, SAWAI MADHOPUR, 104, GANGAPUR CITY, 1353, KHERA BARH RAMGARH, 41412, 1314053, Total, 0, 0, 0, 0, 0, 0, 2325009, 2325009
2015, RAJASTHAN, 8, SAWAI MADHOPUR, 104, GANGAPUR CITY, 1353, KHOONTLA SALAUNA, 41413, 1314059, Drinking water, 0, 0, 0, 0, 0, 0, 857178, 857178
2015, RAJASTHAN, 8, SAWAI MADHOPUR, 104, GANGAPUR CITY, 1353, KHOONTLA SALAUNA, 41413, 1314059, Public distribution system, 0, 0, 0, 0, 0, 0, 93370, 93370
2015, RAJASTHAN, 8, SAWAI MADHOPUR, 104, GANGAPUR CITY, 1353, KHOONTLA SALAUNA, 41413, 1314059, Roads, 0, 0, 0, 0, 0, 0, 1000000, 1000000
2015, RAJASTHAN, 8, SAWAI MADHOPUR, 104, GANGAPUR CITY, 1353, KHOONTLA SALAUNA, 41413, 1314059, Total, 0, 0, 0, 0, 0, 0, 1950548, 1950548
2015, RAJASTHAN, 8, SAWAI MADHOPUR, 104, GANGAPUR CITY, 1353, KUNKATA KALAN, 41414, 1314062, Drinking water, 0, 0, 0, 0, 0, 0, 977597, 977597
2015, RAJASTHAN, 8, SAWAI MADHOPUR, 104, GANGAPUR CITY, 1353, KUNKATA KALAN, 41414, 1314062, Public distribution system, 0, 0, 0, 0, 0, 0, 715000, 715000
2015, RAJASTHAN, 8, SAWAI MADHOPUR, 104, GANGAPUR CITY, 1353, KUNKATA KALAN, 41414, 1314062, Roads, 0, 0, 0, 0, 0, 0, 250000, 250000
2015, RAJASTHAN, 8, SAWAI MADHOPUR, 104, GANGAPUR CITY, 1353, KUNKATA KALAN, 41414, 1314062, Total, 0, 0, 0, 0, 0, 0, 1942597, 1942597
2015, RAJASTHAN, 8, SAWAI MADHOPUR, 104, GANGAPUR CITY, 1353, MAHANANDPUR DYODHA, 41415, 1314064, Drinking water, 0, 0, 0, 0, 0, 0, 238541, 238541
2015, RAJASTHAN, 8, SAWAI MADHOPUR, 104, GANGAPUR CITY, 1353, MAHANANDPUR DYODHA, 41415, 1314064, Public distribution system, 0, 0, 0, 0, 0, 0, 1063078, 1063078
2015, RAJASTHAN, 8, SAWAI MADHOPUR, 104, GANGAPUR CITY, 1353, MAHANANDPUR DYODHA, 41415, 1314064, Total, 0, 0, 0, 0, 0, 0, 1301619, 1301619
2015, RAJASTHAN, 8, SAWAI MADHOPUR, 104, GANGAPUR CITY, 1353, MAHU KALAN, 41416, 1314065, Public distribution system, 0, 0, 0, 0, 0, 0, 150000, 150000
2015, RAJASTHAN, 8, SAWAI MADHOPUR, 104, GANGAPUR CITY, 1353, MAHU KALAN, 41416, 1314065, Roads, 0, 0, 0, 0, 0, 0, 5608338, 5608338
2015, RAJASTHAN, 8, SAWAI MADHOPUR, 104, GANGAPUR CITY, 1353, MAHU KALAN, 41416, 1314065, Total, 0, 0, 0, 0, 0, 0, 5758338, 5758338
2015, RAJASTHAN, 8, SAWAI MADHOPUR, 104, GANGAPUR CITY, 1353, MEENA BARODA, 41417, 1314074, Public distribution system, 0, 0, 0, 0, 0, 0, 1290721, 1290721
2015, RAJASTHAN, 8, SAWAI MADHOPUR, 104, GANGAPUR CITY, 1353, MEENA BARODA, 41417, 1314074, Roads, 0, 0, 0, 0, 0, 0, 500000, 500000
2015, RAJASTHAN, 8, SAWAI MADHOPUR, 104, GANGAPUR CITY, 1353, MEENA BARODA, 41417, 1314074, Total, 0, 0, 0, 0, 0, 0, 1790721, 1790721
2015, RAJASTHAN, 8, SAWAI MADHOPUR, 104, GANGAPUR CITY, 1353, MERI, 41418, 1314076, Public distribution system, 0, 0, 0, 0, 0, 0, 861237, 861237
2015, RAJASTHAN, 8, SAWAI MADHOPUR, 104, GANGAPUR CITY, 1353, MERI, 41418, 1314076, Roads, 0, 0, 0, 0, 0, 0, 507744, 507744
2015, RAJASTHAN, 8, SAWAI MADHOPUR, 104, GANGAPUR CITY, 1353, MERI, 41418, 1314076, Total, 0, 0, 0, 0, 0, 0, 1368981, 1368981
2015, RAJASTHAN, 8, SAWAI MADHOPUR, 104, GANGAPUR CITY, 1353, MOHCHA, 41419, 1314077, Drinking water, 0, 0, 0, 0, 0, 0, 250000, 250000
2015, RAJASTHAN, 8, SAWAI MADHOPUR, 104, GANGAPUR CITY, 1353, MOHCHA, 41419, 1314077, Roads, 0, 0, 0, 0, 0, 0, 2626868, 2626868
2015, RAJASTHAN, 8, SAWAI MADHOPUR, 104, GANGAPUR CITY, 1353, MOHCHA, 41419, 1314077, Total, 0, 0, 0, 0, 0, 0, 2876868, 2876868
2015, RAJASTHAN, 8, SAWAI MADHOPUR, 104, GANGAPUR CITY, 1353, NARAYANPUR, 41420, 1314080, Drinking water, 0, 0, 0, 0, 0, 0, 930998, 930998
2015, RAJASTHAN, 8, SAWAI MADHOPUR, 104, GANGAPUR CITY, 1353, NARAYANPUR, 41420, 1314080, Public distribution system, 0, 0, 0, 0, 0, 0, 50000, 50000
2015, RAJASTHAN, 8, SAWAI MADHOPUR, 104, GANGAPUR CITY, 1353, NARAYANPUR, 41420, 1314080, Roads, 0, 0, 0, 0, 0, 0, 675000, 675000
2015, RAJASTHAN, 8, SAWAI MADHOPUR, 104, GANGAPUR CITY, 1353, NARAYANPUR, 41420, 1314080, Total, 0, 0, 0, 0, 0, 0, 1655998, 1655998
2015, RAJASTHAN, 8, SAWAI MADHOPUR, 104, GANGAPUR CITY, 1353, NAUGAON, 41421, 1314081, Drinking water, 0, 0, 0, 0, 0, 0, 443406, 443406
2015, RAJASTHAN, 8, SAWAI MADHOPUR, 104, GANGAPUR CITY, 1353, NAUGAON, 41421, 1314081, Roads, 0, 0, 0, 0, 0, 0, 1614668, 1614668
2015, RAJASTHAN, 8, SAWAI MADHOPUR, 104, GANGAPUR CITY, 1353, NAUGAON, 41421, 1314081, Total, 0, 0, 0, 0, 0, 0, 2058074, 2058074
2015, RAJASTHAN, 8, SAWAI MADHOPUR, 104, GANGAPUR CITY, 1353, PAWATA, 41422, 1330187, Drinking water, 0, 0, 0, 0, 0, 0, 110266, 110266
2015, RAJASTHAN, 8, SAWAI MADHOPUR, 104, GANGAPUR CITY, 1353, PAWATA, 41422, 1330187, Roads, 0, 0, 0, 0, 0, 0, 1564141, 1564141
2015, RAJASTHAN, 8, SAWAI MADHOPUR, 104, GANGAPUR CITY, 1353, PAWATA, 41422, 1330187, Total, 0, 0, 0, 0, 0, 0, 1674407, 1674407
2015, RAJASTHAN, 8, SAWAI MADHOPUR, 104, GANGAPUR CITY, 1353, PHULWARA, 41423, 1314672, Public distribution system, 0, 0, 0, 0, 0, 0, 100000, 100000
2015, RAJASTHAN, 8, SAWAI MADHOPUR, 104, GANGAPUR CITY, 1353, PHULWARA, 41423, 1314672, Roads, 0, 0, 0, 0, 0, 0, 1494076, 1494076
2015, RAJASTHAN, 8, SAWAI MADHOPUR, 104, GANGAPUR CITY, 1353, PHULWARA, 41423, 1314672, Total, 0, 0, 0, 0, 0, 0, 1594076, 1594076
2015, RAJASTHAN, 8, SAWAI MADHOPUR, 104, GANGAPUR CITY, 1353, PILODA, 41424, 1314603, Drinking water, 0, 0, 0, 0, 0, 0, 709452, 709452
2015, RAJASTHAN, 8, SAWAI MADHOPUR, 104, GANGAPUR CITY, 1353, PILODA, 41424, 1314603, Public distribution system, 0, 0, 0, 0, 0, 0, 1941485, 1941485
2015, RAJASTHAN, 8, SAWAI MADHOPUR, 104, GANGAPUR CITY, 1353, PILODA, 41424, 1314603, Total, 0, 0, 0, 0, 0, 0, 2650937, 2650937
2015, RAJASTHAN, 8, SAWAI MADHOPUR, 104, GANGAPUR CITY, 1353, RAIPUR, 41425, 1330180, Public distribution system, 0, 0, 0, 0, 0, 0, 440000, 440000
2015, RAJASTHAN, 8, SAWAI MADHOPUR, 104, GANGAPUR CITY, 1353, RAIPUR, 41425, 1330180, Roads, 0, 0, 0, 0, 0, 0, 2524730, 2524730
2015, RAJASTHAN, 8, SAWAI MADHOPUR, 104, GANGAPUR CITY, 1353, RAIPUR, 41425, 1330180, Total, 0, 0, 0, 0, 0, 0, 2964730, 2964730
2015, RAJASTHAN, 8, SAWAI MADHOPUR, 104, GANGAPUR CITY, 1353, RENDAYAL GURJAR, 41426, 1314578, Drinking water, 0, 0, 0, 0, 0, 0, 432700, 432700
2015, RAJASTHAN, 8, SAWAI MADHOPUR, 104, GANGAPUR CITY, 1353, RENDAYAL GURJAR, 41426, 1314578, Public distribution system, 0, 0, 0, 0, 0, 0, 1152568, 1152568
2015, RAJASTHAN, 8, SAWAI MADHOPUR, 104, GANGAPUR CITY, 1353, RENDAYAL GURJAR, 41426, 1314578, Roads, 0, 0, 0, 0, 0, 0, 500000, 500000
2015, RAJASTHAN, 8, SAWAI MADHOPUR, 104, GANGAPUR CITY, 1353, RENDAYAL GURJAR, 41426, 1314578, Total, 0, 0, 0, 0, 0, 0, 2085268, 2085268
2015, RAJASTHAN, 8, SAWAI MADHOPUR, 104, GANGAPUR CITY, 1353, SALEMPUR, 41427, 1314384, Drinking water, 0, 0, 0, 0, 0, 0, 647992, 647992
2015, RAJASTHAN, 8, SAWAI MADHOPUR, 104, GANGAPUR CITY, 1353, SALEMPUR, 41427, 1314384, Public distribution system, 0, 0, 0, 0, 0, 0, 1060000, 1060000
2015, RAJASTHAN, 8, SAWAI MADHOPUR, 104, GANGAPUR CITY, 1353, SALEMPUR, 41427, 1314384, Roads, 0, 0, 0, 0, 0, 0, 115699, 115699
2015, RAJASTHAN, 8, SAWAI MADHOPUR, 104, GANGAPUR CITY, 1353, SALEMPUR, 41427, 1314384, Total, 0, 0, 0, 0, 0, 0, 1823691, 1823691
2015, RAJASTHAN, 8, SAWAI MADHOPUR, 104, GANGAPUR CITY, 1353, SEWA, 41428, 1314569, Drinking water, 0, 0, 0, 0, 0, 0, 239334, 239334
2015, RAJASTHAN, 8, SAWAI MADHOPUR, 104, GANGAPUR CITY, 1353, SEWA, 41428, 1314569, Public distribution system, 0, 0, 0, 0, 0, 0, 615036, 615036
2015, RAJASTHAN, 8, SAWAI MADHOPUR, 104, GANGAPUR CITY, 1353, SEWA, 41428, 1314569, Roads, 0, 0, 0, 0, 0, 0, 1538000, 1538000
2015, RAJASTHAN, 8, SAWAI MADHOPUR, 104, GANGAPUR CITY, 1353, SEWA, 41428, 1314569, Total, 0, 0, 0, 0, 0, 0, 2392370, 2392370
2015, RAJASTHAN, 8, SAWAI MADHOPUR, 104, GANGAPUR CITY, 1353, SHIWALA, 41429, 1314114, Drinking water, 0, 0, 0, 0, 0, 0, 114000, 114000
2015, RAJASTHAN, 8, SAWAI MADHOPUR, 104, GANGAPUR CITY, 1353, SHIWALA, 41429, 1314114, Public distribution system, 0, 0, 0, 0, 0, 0, 580000, 580000
2015, RAJASTHAN, 8, SAWAI MADHOPUR, 104, GANGAPUR CITY, 1353, SHIWALA, 41429, 1314114, Roads, 0, 0, 0, 0, 0, 0, 1518460, 1518460
2015, RAJASTHAN, 8, SAWAI MADHOPUR, 104, GANGAPUR CITY, 1353, SHIWALA, 41429, 1314114, Total, 0, 0, 0, 0, 0, 0, 2212460, 2212460
2015, RAJASTHAN, 8, SAWAI MADHOPUR, 104, GANGAPUR CITY, 1353, SHYAROLI, 41430, 1314109, Drinking water, 0, 0, 0, 0, 0, 0, 1860938, 1860938
2015, RAJASTHAN, 8, SAWAI MADHOPUR, 104, GANGAPUR CITY, 1353, SHYAROLI, 41430, 1314109, Maintenance of community system, 0, 0, 0, 0, 0, 0, 380000, 380000
2015, RAJASTHAN, 8, SAWAI MADHOPUR, 104, GANGAPUR CITY, 1353, SHYAROLI, 41430, 1314109, Public distribution system, 0, 0, 0, 0, 0, 0, 181000, 181000
2015, RAJASTHAN, 8, SAWAI MADHOPUR, 104, GANGAPUR CITY, 1353, SHYAROLI, 41430, 1314109, Roads, 0, 0, 0, 0, 0, 0, 1098000, 1098000
2015, RAJASTHAN, 8, SAWAI MADHOPUR, 104, GANGAPUR CITY, 1353, SHYAROLI, 41430, 1314109, Total, 0, 0, 0, 0, 0, 0, 3519938, 3519938
2015, RAJASTHAN, 8, SAWAI MADHOPUR, 104, GANGAPUR CITY, 1353, TALAWARA, 41431, 1314107, Drinking water, 0, 0, 0, 0, 0, 0, 445614, 445614
2015, RAJASTHAN, 8, SAWAI MADHOPUR, 104, GANGAPUR CITY, 1353, TALAWARA, 41431, 1314107, Public distribution system, 0, 0, 0, 0, 0, 0, 1809941, 1809941
2015, RAJASTHAN, 8, SAWAI MADHOPUR, 104, GANGAPUR CITY, 1353, TALAWARA, 41431, 1314107, Total, 0, 0, 0, 0, 0, 0, 2255555, 2255555
2015, RAJASTHAN, 8, SAWAI MADHOPUR, 104, GANGAPUR CITY, 1353, TOKSI, 41432, 1314103, Drinking water, 0, 0, 0, 0, 0, 0, 341000, 341000
2015, RAJASTHAN, 8, SAWAI MADHOPUR, 104, GANGAPUR CITY, 1353, TOKSI, 41432, 1314103, Public distribution system, 0, 0, 0, 0, 0, 0, 200000, 200000
2015, RAJASTHAN, 8, SAWAI MADHOPUR, 104, GANGAPUR CITY, 1353, TOKSI, 41432, 1314103, Roads, 0, 0, 0, 0, 0, 0, 1414567, 1414567
2015, RAJASTHAN, 8, SAWAI MADHOPUR, 104, GANGAPUR CITY, 1353, TOKSI, 41432, 1314103, Total, 0, 0, 0, 0, 0, 0, 1955567, 1955567
2015, RAJASTHAN, 8, SAWAI MADHOPUR, 104, GANGAPUR CITY, 1353, UDAI KALAN, 41433, 1314083, Drinking water, 0, 0, 0, 0, 0, 0, 805000, 805000
2015, RAJASTHAN, 8, SAWAI MADHOPUR, 104, GANGAPUR CITY, 1353, UDAI KALAN, 41433, 1314083, Public distribution system, 0, 0, 0, 0, 0, 0, 1445475, 1445475
2015, RAJASTHAN, 8, SAWAI MADHOPUR, 104, GANGAPUR CITY, 1353, UDAI KALAN, 41433, 1314083, Roads, 0, 0, 0, 0, 0, 0, 1529284, 1529284
2015, RAJASTHAN, 8, SAWAI MADHOPUR, 104, GANGAPUR CITY, 1353, UDAI KALAN, 41433, 1314083, Total, 0, 0, 0, 0, 0, 0, 3779759, 3779759
2015, RAJASTHAN, 8, SAWAI MADHOPUR, 104, GANGAPUR CITY, 1353, UDAI KHURD, 41434, 1314097, Drinking water, 0, 0, 0, 0, 0, 0, 799870, 799870
2015, RAJASTHAN, 8, SAWAI MADHOPUR, 104, GANGAPUR CITY, 1353, UDAI KHURD, 41434, 1314097, Public distribution system, 0, 0, 0, 0, 0, 0, 1017210, 1017210
2015, RAJASTHAN, 8, SAWAI MADHOPUR, 104, GANGAPUR CITY, 1353, UDAI KHURD, 41434, 1314097, Total, 0, 0, 0, 0, 0, 0, 1817080, 1817080
2015, RAJASTHAN, 8, SAWAI MADHOPUR, 104, GANGAPUR CITY, 1353, UMRI, 41435, 1314089, Drinking water, 0, 0, 0, 0, 0, 0, 180000, 180000
2015, RAJASTHAN, 8, SAWAI MADHOPUR, 104, GANGAPUR CITY, 1353, UMRI, 41435, 1314089, Public distribution system, 0, 0, 0, 0, 0, 0, 550000, 550000
2015, RAJASTHAN, 8, SAWAI MADHOPUR, 104, GANGAPUR CITY, 1353, UMRI, 41435, 1314089, Roads, 0, 0, 0, 0, 0, 0, 1228077, 1228077
2015, RAJASTHAN, 8, SAWAI MADHOPUR, 104, GANGAPUR CITY, 1353, UMRI, 41435, 1314089, Total, 0, 0, 0, 0, 0, 0, 1958077, 1958077
2015, RAJASTHAN, 8, SAWAI MADHOPUR, 104, GANGAPUR CITY, 1353, WAZEERPUR, 41436, 1314092, Public distribution system, 0, 0, 0, 0, 0, 0, 596000, 596000
2015, RAJASTHAN, 8, SAWAI MADHOPUR, 104, GANGAPUR CITY, 1353, WAZEERPUR, 41436, 1314092, Roads, 0, 0, 0, 0, 0, 0, 5895362, 5895362
2015, RAJASTHAN, 8, SAWAI MADHOPUR, 104, GANGAPUR CITY, 1353, WAZEERPUR, 41436, 1314092, Total, 0, 0, 0, 0, 0, 0, 6491362, 6491362
2015, RAJASTHAN, 8, SAWAI MADHOPUR, 104, KHANDAR, 1354, AKSHAYGARH, 41437, 1123117, Drinking water, 0, 0, 0, 0, 0, 0, 45734, 45734
2015, RAJASTHAN, 8, SAWAI MADHOPUR, 104, KHANDAR, 1354, AKSHAYGARH, 41437, 1123117, Total, 0, 0, 0, 0, 0, 0, 45734, 45734
2015, RAJASTHAN, 8, SAWAI MADHOPUR, 104, KHANDAR, 1354, AKSHAYGARH, 41437, 1125553, Drinking water, 0, 0, 0, 0, 0, 0, 685000, 685000
2015, RAJASTHAN, 8, SAWAI MADHOPUR, 104, KHANDAR, 1354, AKSHAYGARH, 41437, 1125553, Maintenance of community system, 0, 0, 0, 0, 0, 0, 50000, 50000
2015, RAJASTHAN, 8, SAWAI MADHOPUR, 104, KHANDAR, 1354, AKSHAYGARH, 41437, 1125553, Roads, 0, 0, 0, 0, 0, 0, 400000, 400000
2015, RAJASTHAN, 8, SAWAI MADHOPUR, 104, KHANDAR, 1354, AKSHAYGARH, 41437, 1125553, Total, 0, 0, 0, 0, 0, 0, 1135000, 1135000
2015, RAJASTHAN, 8, SAWAI MADHOPUR, 104, KHANDAR, 1354, ALLAPUR, 41438, 1125150, Drinking water, 0, 0, 0, 0, 0, 0, 98000, 98000
2015, RAJASTHAN, 8, SAWAI MADHOPUR, 104, KHANDAR, 1354, ALLAPUR, 41438, 1125150, Total, 0, 0, 0, 0, 0, 0, 98000, 98000
2015, RAJASTHAN, 8, SAWAI MADHOPUR, 104, KHANDAR, 1354, ALLAPUR, 41438, 1125558, Drinking water, 0, 0, 0, 0, 0, 0, 412897, 412897
2015, RAJASTHAN, 8, SAWAI MADHOPUR, 104, KHANDAR, 1354, ALLAPUR, 41438, 1125558, Maintenance of community system, 0, 0, 0, 0, 0, 0, 50000, 50000
2015, RAJASTHAN, 8, SAWAI MADHOPUR, 104, KHANDAR, 1354, ALLAPUR, 41438, 1125558, Roads, 0, 0, 0, 0, 0, 0, 452000, 452000
2015, RAJASTHAN, 8, SAWAI MADHOPUR, 104, KHANDAR, 1354, ALLAPUR, 41438, 1125558, Total, 0, 0, 0, 0, 0, 0, 914897, 914897
2015, RAJASTHAN, 8, SAWAI MADHOPUR, 104, KHANDAR, 1354, ANIYALA, 41439, 1125560, Drinking water, 0, 0, 0, 0, 0, 0, 440594, 440594
2015, RAJASTHAN, 8, SAWAI MADHOPUR, 104, KHANDAR, 1354, ANIYALA, 41439, 1125560, Maintenance of community system, 0, 0, 0, 0, 0, 0, 330000, 330000
2015, RAJASTHAN, 8, SAWAI MADHOPUR, 104, KHANDAR, 1354, ANIYALA, 41439, 1125560, Roads, 0, 0, 0, 0, 0, 0, 300000, 300000
2015, RAJASTHAN, 8, SAWAI MADHOPUR, 104, KHANDAR, 1354, ANIYALA, 41439, 1125560, Total, 0, 0, 0, 0, 0, 0, 1070594, 1070594
2015, RAJASTHAN, 8, SAWAI MADHOPUR, 104, KHANDAR, 1354, BAHARAWANDA KALAN, 41440, 1125566, Cultural activities, 0, 0, 0, 0, 0, 0, 100000, 100000
2015, RAJASTHAN, 8, SAWAI MADHOPUR, 104, KHANDAR, 1354, BAHARAWANDA KALAN, 41440, 1125566, Drinking water, 0, 0, 0, 0, 0, 0, 400000, 400000
2015, RAJASTHAN, 8, SAWAI MADHOPUR, 104, KHANDAR, 1354, BAHARAWANDA KALAN, 41440, 1125566, Maintenance of community system, 0, 0, 0, 0, 0, 0, 240000, 240000
2015, RAJASTHAN, 8, SAWAI MADHOPUR, 104, KHANDAR, 1354, BAHARAWANDA KALAN, 41440, 1125566, Roads, 0, 0, 0, 0, 0, 0, 605526, 605526
2015, RAJASTHAN, 8, SAWAI MADHOPUR, 104, KHANDAR, 1354, BAHARAWANDA KALAN, 41440, 1125566, Total, 0, 0, 0, 0, 0, 0, 1345526, 1345526
2015, RAJASTHAN, 8, SAWAI MADHOPUR, 104, KHANDAR, 1354, BAHARAWANDA KHURD, 41441, 1125570, Drinking water, 0, 0, 0, 0, 0, 0, 225000, 225000
2015, RAJASTHAN, 8, SAWAI MADHOPUR, 104, KHANDAR, 1354, BAHARAWANDA KHURD, 41441, 1125570, Maintenance of community system, 0, 0, 0, 0, 0, 0, 100000, 100000
2015, RAJASTHAN, 8, SAWAI MADHOPUR, 104, KHANDAR, 1354, BAHARAWANDA KHURD, 41441, 1125570, Roads, 0, 0, 0, 0, 0, 0, 1230262, 1230262
2015, RAJASTHAN, 8, SAWAI MADHOPUR, 104, KHANDAR, 1354, BAHARAWANDA KHURD, 41441, 1125570, Total, 0, 0, 0, 0, 0, 0, 1555262, 1555262
2015, RAJASTHAN, 8, SAWAI MADHOPUR, 104, KHANDAR, 1354, BALER, 41442, 1125575, Drinking water, 0, 0, 0, 0, 0, 0, 581062, 581062
2015, RAJASTHAN, 8, SAWAI MADHOPUR, 104, KHANDAR, 1354, BALER, 41442, 1125575, Maintenance of community system, 0, 0, 0, 0, 0, 0, 800000, 800000
2015, RAJASTHAN, 8, SAWAI MADHOPUR, 104, KHANDAR, 1354, BALER, 41442, 1125575, Roads, 0, 0, 0, 0, 0, 0, 200000, 200000
2015, RAJASTHAN, 8, SAWAI MADHOPUR, 104, KHANDAR, 1354, BALER, 41442, 1125575, Total, 0, 0, 0, 0, 0, 0, 1581062, 1581062
2015, RAJASTHAN, 8, SAWAI MADHOPUR, 104, KHANDAR, 1354, BARNAWADA, 41443, 1125579, Cultural activities, 0, 0, 0, 0, 0, 0, 350000, 350000
2015, RAJASTHAN, 8, SAWAI MADHOPUR, 104, KHANDAR, 1354, BARNAWADA, 41443, 1125579, Drinking water, 0, 0, 0, 0, 0, 0, 185000, 185000
2015, RAJASTHAN, 8, SAWAI MADHOPUR, 104, KHANDAR, 1354, BARNAWADA, 41443, 1125579, Maintenance of community system, 0, 0, 0, 0, 0, 0, 200000, 200000
2015, RAJASTHAN, 8, SAWAI MADHOPUR, 104, KHANDAR, 1354, BARNAWADA, 41443, 1125579, Roads, 0, 0, 0, 0, 0, 0, 681270, 681270
2015, RAJASTHAN, 8, SAWAI MADHOPUR, 104, KHANDAR, 1354, BARNAWADA, 41443, 1125579, Total, 0, 0, 0, 0, 0, 0, 1416270, 1416270
2015, RAJASTHAN, 8, SAWAI MADHOPUR, 104, KHANDAR, 1354, BICHPURI GOOJRAN, 41445, 1125584, Cultural activities, 0, 0, 0, 0, 0, 0, 44612, 44612
2015, RAJASTHAN, 8, SAWAI MADHOPUR, 104, KHANDAR, 1354, BICHPURI GOOJRAN, 41445, 1125584, Drinking water, 0, 0, 0, 0, 0, 0, 785000, 785000
2015, RAJASTHAN, 8, SAWAI MADHOPUR, 104, KHANDAR, 1354, BICHPURI GOOJRAN, 41445, 1125584, Roads, 0, 0, 0, 0, 0, 0, 800000, 800000
2015, RAJASTHAN, 8, SAWAI MADHOPUR, 104, KHANDAR, 1354, BICHPURI GOOJRAN, 41445, 1125584, Total, 0, 0, 0, 0, 0, 0, 1629612, 1629612
2015, RAJASTHAN, 8, SAWAI MADHOPUR, 104, KHANDAR, 1354, CHHAN, 41446, 1125588, Drinking water, 0, 0, 0, 0, 0, 0, 930000, 930000
2015, RAJASTHAN, 8, SAWAI MADHOPUR, 104, KHANDAR, 1354, CHHAN, 41446, 1125588, Maintenance of community system, 0, 0, 0, 0, 0, 0, 880000, 880000
2015, RAJASTHAN, 8, SAWAI MADHOPUR, 104, KHANDAR, 1354, CHHAN, 41446, 1125588, Roads, 0, 0, 0, 0, 0, 0, 1321884, 1321884
2015, RAJASTHAN, 8, SAWAI MADHOPUR, 104, KHANDAR, 1354, CHHAN, 41446, 1125588, Total, 0, 0, 0, 0, 0, 0, 3131884, 3131884
2015, RAJASTHAN, 8, SAWAI MADHOPUR, 104, KHANDAR, 1354, CHITARA, 41447, 1125591, Drinking water, 0, 0, 0, 0, 0, 0, 550582, 550582
2015, RAJASTHAN, 8, SAWAI MADHOPUR, 104, KHANDAR, 1354, CHITARA, 41447, 1125591, Maintenance of community system, 0, 0, 0, 0, 0, 0, 250000, 250000
2015, RAJASTHAN, 8, SAWAI MADHOPUR, 104, KHANDAR, 1354, CHITARA, 41447, 1125591, Roads, 0, 0, 0, 0, 0, 0, 677000, 677000
2015, RAJASTHAN, 8, SAWAI MADHOPUR, 104, KHANDAR, 1354, CHITARA, 41447, 1125591, Total, 0, 0, 0, 0, 0, 0, 1477582, 1477582
2015, RAJASTHAN, 8, SAWAI MADHOPUR, 104, KHANDAR, 1354, DAULATPURA, 41448, 1125593, Drinking water, 0, 0, 0, 0, 0, 0, 320000, 320000
2015, RAJASTHAN, 8, SAWAI MADHOPUR, 104, KHANDAR, 1354, DAULATPURA, 41448, 1125593, Maintenance of community system, 0, 0, 0, 0, 0, 0, 290000, 290000
2015, RAJASTHAN, 8, SAWAI MADHOPUR, 104, KHANDAR, 1354, DAULATPURA, 41448, 1125593, Roads, 0, 0, 0, 0, 0, 0, 418702, 418702
2015, RAJASTHAN, 8, SAWAI MADHOPUR, 104, KHANDAR, 1354, DAULATPURA, 41448, 1125593, Total, 0, 0, 0, 0, 0, 0, 1028702, 1028702
2015, RAJASTHAN, 8, SAWAI MADHOPUR, 104, KHANDAR, 1354, DUMODA, 41450, 1125598, Agriculture, 0, 0, 0, 0, 0, 0, 400000, 400000
2015, RAJASTHAN, 8, SAWAI MADHOPUR, 104, KHANDAR, 1354, DUMODA, 41450, 1125598, Drinking water, 0, 0, 0, 0, 0, 0, 289494, 289494
2015, RAJASTHAN, 8, SAWAI MADHOPUR, 104, KHANDAR, 1354, DUMODA, 41450, 1125598, Maintenance of community system, 0, 0, 0, 0, 0, 0, 150000, 150000
2015, RAJASTHAN, 8, SAWAI MADHOPUR, 104, KHANDAR, 1354, DUMODA, 41450, 1125598, Roads, 0, 0, 0, 0, 0, 0, 450000, 450000
2015, RAJASTHAN, 8, SAWAI MADHOPUR, 104, KHANDAR, 1354, DUMODA, 41450, 1125598, Total, 0, 0, 0, 0, 0, 0, 1289494, 1289494
2015, RAJASTHAN, 8, SAWAI MADHOPUR, 104, KHANDAR, 1354, GANDAWAR, 41451, 1125595, Drinking water, 0, 0, 0, 0, 0, 0, 822142, 822142
2015, RAJASTHAN, 8, SAWAI MADHOPUR, 104, KHANDAR, 1354, GANDAWAR, 41451, 1125595, Maintenance of community system, 0, 0, 0, 0, 0, 0, 250000, 250000
2015, RAJASTHAN, 8, SAWAI MADHOPUR, 104, KHANDAR, 1354, GANDAWAR, 41451, 1125595, Roads, 0, 0, 0, 0, 0, 0, 100000, 100000
2015, RAJASTHAN, 8, SAWAI MADHOPUR, 104, KHANDAR, 1354, GANDAWAR, 41451, 1125595, Total, 0, 0, 0, 0, 0, 0, 1172142, 1172142
2015, RAJASTHAN, 8, SAWAI MADHOPUR, 104, KHANDAR, 1354, GOTH BIHARI, 41452, 1125601, Drinking water, 0, 0, 0, 0, 0, 0, 289681, 289681
2015, RAJASTHAN, 8, SAWAI MADHOPUR, 104, KHANDAR, 1354, GOTH BIHARI, 41452, 1125601, Maintenance of community system, 0, 0, 0, 0, 0, 0, 200000, 200000
2015, RAJASTHAN, 8, SAWAI MADHOPUR, 104, KHANDAR, 1354, GOTH BIHARI, 41452, 1125601, Roads, 0, 0, 0, 0, 0, 0, 296000, 296000
2015, RAJASTHAN, 8, SAWAI MADHOPUR, 104, KHANDAR, 1354, GOTH BIHARI, 41452, 1125601, Total, 0, 0, 0, 0, 0, 0, 785681, 785681
2015, RAJASTHAN, 8, SAWAI MADHOPUR, 104, KHANDAR, 1354, GOTHRA, 41453, 1125604, Drinking water, 0, 0, 0, 0, 0, 0, 1044153, 1044153
2015, RAJASTHAN, 8, SAWAI MADHOPUR, 104, KHANDAR, 1354, GOTHRA, 41453, 1125604, Maintenance of community system, 0, 0, 0, 0, 0, 0, 139000, 139000
2015, RAJASTHAN, 8, SAWAI MADHOPUR, 104, KHANDAR, 1354, GOTHRA, 41453, 1125604, Roads, 0, 0, 0, 0, 0, 0, 467000, 467000
2015, RAJASTHAN, 8, SAWAI MADHOPUR, 104, KHANDAR, 1354, GOTHRA, 41453, 1125604, Total, 0, 0, 0, 0, 0, 0, 1650153, 1650153
2015, RAJASTHAN, 8, SAWAI MADHOPUR, 104, KHANDAR, 1354, HALAUNDA, 262764, 1125613, Maintenance of community system, 0, 0, 0, 0, 0, 0, 80000, 80000
2015, RAJASTHAN, 8, SAWAI MADHOPUR, 104, KHANDAR, 1354, HALAUNDA, 262764, 1125613, Roads, 0, 0, 0, 0, 0, 0, 1307418, 1307418
2015, RAJASTHAN, 8, SAWAI MADHOPUR, 104, KHANDAR, 1354, HALAUNDA, 262764, 1125613, Total, 0, 0, 0, 0, 0, 0, 1387418, 1387418
2015, RAJASTHAN, 8, SAWAI MADHOPUR, 104, KHANDAR, 1354, KHANDAR, 41454, 1125617, Drinking water, 0, 0, 0, 0, 0, 0, 444874, 444874
2015, RAJASTHAN, 8, SAWAI MADHOPUR, 104, KHANDAR, 1354, KHANDAR, 41454, 1125617, Maintenance of community system, 0, 0, 0, 0, 0, 0, 2060000, 2060000
2015, RAJASTHAN, 8, SAWAI MADHOPUR, 104, KHANDAR, 1354, KHANDAR, 41454, 1125617, Roads, 0, 0, 0, 0, 0, 0, 900000, 900000
2015, RAJASTHAN, 8, SAWAI MADHOPUR, 104, KHANDAR, 1354, KHANDAR, 41454, 1125617, Total, 0, 0, 0, 0, 0, 0, 3404874, 3404874
2015, RAJASTHAN, 8, SAWAI MADHOPUR, 104, KHANDAR, 1354, KHANDEWALA, 41455, 1117621, Drinking water, 0, 0, 0, 0, 0, 0, 1241000, 1241000
2015, RAJASTHAN, 8, SAWAI MADHOPUR, 104, KHANDAR, 1354, KHANDEWALA, 41455, 1117621, Maintenance of community system, 0, 0, 0, 0, 0, 0, 405000, 405000
2015, RAJASTHAN, 8, SAWAI MADHOPUR, 104, KHANDAR, 1354, KHANDEWALA, 41455, 1117621, Total, 0, 0, 0, 0, 0, 0, 1646000, 1646000
2015, RAJASTHAN, 8, SAWAI MADHOPUR, 104, KHANDAR, 1354, KHIDARPUR JADAUN, 262777, 1267489, Administrative & Technical Support, 0, 0, 0, 0, 0, 0, 200000, 200000
2015, RAJASTHAN, 8, SAWAI MADHOPUR, 104, KHANDAR, 1354, KHIDARPUR JADAUN, 262777, 1267489, Drinking water, 0, 0, 0, 0, 0, 0, 300000, 300000
2015, RAJASTHAN, 8, SAWAI MADHOPUR, 104, KHANDAR, 1354, KHIDARPUR JADAUN, 262777, 1267489, Maintenance of community system, 0, 0, 0, 0, 0, 0, 100000, 100000
2015, RAJASTHAN, 8, SAWAI MADHOPUR, 104, KHANDAR, 1354, KHIDARPUR JADAUN, 262777, 1267489, Roads, 0, 0, 0, 0, 0, 0, 160000, 160000
2015, RAJASTHAN, 8, SAWAI MADHOPUR, 104, KHANDAR, 1354, KHIDARPUR JADAUN, 262777, 1267489, Total, 0, 0, 0, 0, 0, 0, 760000, 760000
2015, RAJASTHAN, 8, SAWAI MADHOPUR, 104, KHANDAR, 1354, KOSRA, 41457, 1125621, Drinking water, 0, 0, 0, 0, 0, 0, 900000, 900000
2015, RAJASTHAN, 8, SAWAI MADHOPUR, 104, KHANDAR, 1354, KOSRA, 41457, 1125621, Maintenance of community system, 0, 0, 0, 0, 0, 0, 344416, 344416
2015, RAJASTHAN, 8, SAWAI MADHOPUR, 104, KHANDAR, 1354, KOSRA, 41457, 1125621, Roads, 0, 0, 0, 0, 0, 0, 100000, 100000
2015, RAJASTHAN, 8, SAWAI MADHOPUR, 104, KHANDAR, 1354, KOSRA, 41457, 1125621, Total, 0, 0, 0, 0, 0, 0, 1344416, 1344416
2015, RAJASTHAN, 8, SAWAI MADHOPUR, 104, KHANDAR, 1354, KUREDI, 41458, 1125627, Drinking water, 0, 0, 0, 0, 0, 0, 730000, 730000
2015, RAJASTHAN, 8, SAWAI MADHOPUR, 104, KHANDAR, 1354, KUREDI, 41458, 1125627, Maintenance of community system, 0, 0, 0, 0, 0, 0, 179156, 179156
2015, RAJASTHAN, 8, SAWAI MADHOPUR, 104, KHANDAR, 1354, KUREDI, 41458, 1125627, Roads, 0, 0, 0, 0, 0, 0, 200000, 200000
2015, RAJASTHAN, 8, SAWAI MADHOPUR, 104, KHANDAR, 1354, KUREDI, 41458, 1125627, Total, 0, 0, 0, 0, 0, 0, 1109156, 1109156
2015, RAJASTHAN, 8, SAWAI MADHOPUR, 104, KHANDAR, 1354, KYARDA KALAN, 41459, 1117665, Drinking water, 0, 0, 0, 0, 0, 0, 1821274, 1821274
2015, RAJASTHAN, 8, SAWAI MADHOPUR, 104, KHANDAR, 1354, KYARDA KALAN, 41459, 1117665, Maintenance of community system, 0, 0, 0, 0, 0, 0, 305000, 305000
2015, RAJASTHAN, 8, SAWAI MADHOPUR, 104, KHANDAR, 1354, KYARDA KALAN, 41459, 1117665, Roads, 0, 0, 0, 0, 0, 0, 677274, 677274
2015, RAJASTHAN, 8, SAWAI MADHOPUR, 104, KHANDAR, 1354, KYARDA KALAN, 41459, 1117665, Total, 0, 0, 0, 0, 0, 0, 2803548, 2803548
2015, RAJASTHAN, 8, SAWAI MADHOPUR, 104, KHANDAR, 1354, LAHSODA, 41460, 1125635, Drinking water, 0, 0, 0, 0, 0, 0, 1150000, 1150000
2015, RAJASTHAN, 8, SAWAI MADHOPUR, 104, KHANDAR, 1354, LAHSODA, 41460, 1125635, Maintenance of community system, 0, 0, 0, 0, 0, 0, 638116, 638116
2015, RAJASTHAN, 8, SAWAI MADHOPUR, 104, KHANDAR, 1354, LAHSODA, 41460, 1125635, Roads, 0, 0, 0, 0, 0, 0, 600000, 600000
2015, RAJASTHAN, 8, SAWAI MADHOPUR, 104, KHANDAR, 1354, LAHSODA, 41460, 1125635, Total, 0, 0, 0, 0, 0, 0, 2388116, 2388116
2015, RAJASTHAN, 8, SAWAI MADHOPUR, 104, KHANDAR, 1354, MEI KALAN, 41461, 1125638, Drinking water, 0, 0, 0, 0, 0, 0, 825002, 825002
2015, RAJASTHAN, 8, SAWAI MADHOPUR, 104, KHANDAR, 1354, MEI KALAN, 41461, 1125638, Maintenance of community system, 0, 0, 0, 0, 0, 0, 535000, 535000
2015, RAJASTHAN, 8, SAWAI MADHOPUR, 104, KHANDAR, 1354, MEI KALAN, 41461, 1125638, Roads, 0, 0, 0, 0, 0, 0, 400000, 400000
2015, RAJASTHAN, 8, SAWAI MADHOPUR, 104, KHANDAR, 1354, MEI KALAN, 41461, 1125638, Total, 0, 0, 0, 0, 0, 0, 1760002, 1760002
2015, RAJASTHAN, 8, SAWAI MADHOPUR, 104, KHANDAR, 1354, NAYPUR, 41462, 1125641, Drinking water, 0, 0, 0, 0, 0, 0, 559937, 559937
2015, RAJASTHAN, 8, SAWAI MADHOPUR, 104, KHANDAR, 1354, NAYPUR, 41462, 1125641, Maintenance of community system, 0, 0, 0, 0, 0, 0, 450000, 450000
2015, RAJASTHAN, 8, SAWAI MADHOPUR, 104, KHANDAR, 1354, NAYPUR, 41462, 1125641, Rural electrification, 0, 0, 0, 0, 0, 0, 86000, 86000
2015, RAJASTHAN, 8, SAWAI MADHOPUR, 104, KHANDAR, 1354, NAYPUR, 41462, 1125641, Total, 0, 0, 0, 0, 0, 0, 1245937, 1245937
2015, RAJASTHAN, 8, SAWAI MADHOPUR, 104, KHANDAR, 1354, NAYPUR, 41462, 1125641, Women and child development, 0, 0, 0, 0, 0, 0, 150000, 150000
2015, RAJASTHAN, 8, SAWAI MADHOPUR, 104, KHANDAR, 1354, PALI, 41463, 1125648, Drinking water, 0, 0, 0, 0, 0, 0, 1089964, 1089964
2015, RAJASTHAN, 8, SAWAI MADHOPUR, 104, KHANDAR, 1354, PALI, 41463, 1125648, Maintenance of community system, 0, 0, 0, 0, 0, 0, 60000, 60000
2015, RAJASTHAN, 8, SAWAI MADHOPUR, 104, KHANDAR, 1354, PALI, 41463, 1125648, Roads, 0, 0, 0, 0, 0, 0, 200000, 200000
2015, RAJASTHAN, 8, SAWAI MADHOPUR, 104, KHANDAR, 1354, PALI, 41463, 1125648, Total, 0, 0, 0, 0, 0, 0, 1349964, 1349964
2015, RAJASTHAN, 8, SAWAI MADHOPUR, 104, KHANDAR, 1354, PHALODI, 41465, 1125655, Drinking water, 0, 0, 0, 0, 0, 0, 460000, 460000
2015, RAJASTHAN, 8, SAWAI MADHOPUR, 104, KHANDAR, 1354, PHALODI, 41465, 1125655, Maintenance of community system, 0, 0, 0, 0, 0, 0, 243848, 243848
2015, RAJASTHAN, 8, SAWAI MADHOPUR, 104, KHANDAR, 1354, PHALODI, 41465, 1125655, Roads, 0, 0, 0, 0, 0, 0, 650000, 650000
2015, RAJASTHAN, 8, SAWAI MADHOPUR, 104, KHANDAR, 1354, PHALODI, 41465, 1125655, Total, 0, 0, 0, 0, 0, 0, 1353848, 1353848
2015, RAJASTHAN, 8, SAWAI MADHOPUR, 104, KHANDAR, 1354, RAMPURA, 41466, 1125656, Drinking water, 0, 0, 0, 0, 0, 0, 400000, 400000
2015, RAJASTHAN, 8, SAWAI MADHOPUR, 104, KHANDAR, 1354, RAMPURA, 41466, 1125656, Maintenance of community system, 0, 0, 0, 0, 0, 0, 400000, 400000
2015, RAJASTHAN, 8, SAWAI MADHOPUR, 104, KHANDAR, 1354, RAMPURA, 41466, 1125656, Non-conventional energy sources, 0, 0, 0, 0, 0, 0, 100000, 100000
2015, RAJASTHAN, 8, SAWAI MADHOPUR, 104, KHANDAR, 1354, RAMPURA, 41466, 1125656, Roads, 0, 0, 0, 0, 0, 0, 143413, 143413
2015, RAJASTHAN, 8, SAWAI MADHOPUR, 104, KHANDAR, 1354, RAMPURA, 41466, 1125656, Total, 0, 0, 0, 0, 0, 0, 1043413, 1043413
2015, RAJASTHAN, 8, SAWAI MADHOPUR, 104, KHANDAR, 1354, RODAWAD, 41468, 1125657, Drinking water, 0, 0, 0, 0, 0, 0, 944730, 944730
2015, RAJASTHAN, 8, SAWAI MADHOPUR, 104, KHANDAR, 1354, RODAWAD, 41468, 1125657, Maintenance of community system, 0, 0, 0, 0, 0, 0, 150000, 150000
2015, RAJASTHAN, 8, SAWAI MADHOPUR, 104, KHANDAR, 1354, RODAWAD, 41468, 1125657, Total, 0, 0, 0, 0, 0, 0, 1094730, 1094730
2015, RAJASTHAN, 8, SAWAI MADHOPUR, 104, KHANDAR, 1354, SEEGOR KALAN, 41469, 1125663, Drinking water, 0, 0, 0, 0, 0, 0, 661000, 661000
2015, RAJASTHAN, 8, SAWAI MADHOPUR, 104, KHANDAR, 1354, SEEGOR KALAN, 41469, 1125663, Maintenance of community system, 0, 0, 0, 0, 0, 0, 568372, 568372
2015, RAJASTHAN, 8, SAWAI MADHOPUR, 104, KHANDAR, 1354, SEEGOR KALAN, 41469, 1125663, Roads, 0, 0, 0, 0, 0, 0, 150000, 150000
2015, RAJASTHAN, 8, SAWAI MADHOPUR, 104, KHANDAR, 1354, SEEGOR KALAN, 41469, 1125663, Total, 0, 0, 0, 0, 0, 0, 1379372, 1379372
2015, RAJASTHAN, 8, SAWAI MADHOPUR, 104, KHANDAR, 1354, TALAWADA, 41470, 1125664, Cultural activities, 0, 0, 0, 0, 0, 0, 100000, 100000
2015, RAJASTHAN, 8, SAWAI MADHOPUR, 104, KHANDAR, 1354, TALAWADA, 41470, 1125664, Drinking water, 0, 0, 0, 0, 0, 0, 583363, 583363
2015, RAJASTHAN, 8, SAWAI MADHOPUR, 104, KHANDAR, 1354, TALAWADA, 41470, 1125664, Education, 0, 0, 0, 0, 0, 0, 200000, 200000
2015, RAJASTHAN, 8, SAWAI MADHOPUR, 104, KHANDAR, 1354, TALAWADA, 41470, 1125664, Maintenance of community system, 0, 0, 0, 0, 0, 0, 200000, 200000
2015, RAJASTHAN, 8, SAWAI MADHOPUR, 104, KHANDAR, 1354, TALAWADA, 41470, 1125664, Total, 0, 0, 0, 0, 0, 0, 1083363, 1083363
2015, RAJASTHAN, 8, SAWAI MADHOPUR, 104, KHANDAR, 1354, TODRA, 41471, 1125666, Drinking water, 0, 0, 0, 0, 0, 0, 373080, 373080
2015, RAJASTHAN, 8, SAWAI MADHOPUR, 104, KHANDAR, 1354, TODRA, 41471, 1125666, Maintenance of community system, 0, 0, 0, 0, 0, 0, 350000, 350000
2015, RAJASTHAN, 8, SAWAI MADHOPUR, 104, KHANDAR, 1354, TODRA, 41471, 1125666, Roads, 0, 0, 0, 0, 0, 0, 800000, 800000
2015, RAJASTHAN, 8, SAWAI MADHOPUR, 104, KHANDAR, 1354, TODRA, 41471, 1125666, Total, 0, 0, 0, 0, 0, 0, 1523080, 1523080
2015, RAJASTHAN, 8, SAWAI MADHOPUR, 104, SAWAI MADHOPUR, 1355, AJNOTI, 41473, 1139531, Drinking water, 0, 0, 0, 0, 0, 0, 112216, 112216
2015, RAJASTHAN, 8, SAWAI MADHOPUR, 104, SAWAI MADHOPUR, 1355, AJNOTI, 41473, 1139531, Roads, 0, 0, 0, 0, 0, 0, 1000000, 1000000
2015, RAJASTHAN, 8, SAWAI MADHOPUR, 104, SAWAI MADHOPUR, 1355, AJNOTI, 41473, 1139531, Total, 0, 0, 0, 0, 0, 0, 1112216, 1112216
2015, RAJASTHAN, 8, SAWAI MADHOPUR, 104, SAWAI MADHOPUR, 1355, ATOON KALAN, 41474, 1121115, Drinking water, 0, 0, 0, 0, 0, 0, 300000, 300000
2015, RAJASTHAN, 8, SAWAI MADHOPUR, 104, SAWAI MADHOPUR, 1355, ATOON KALAN, 41474, 1121115, Roads, 0, 0, 0, 0, 0, 0, 1458350, 1458350
2015, RAJASTHAN, 8, SAWAI MADHOPUR, 104, SAWAI MADHOPUR, 1355, ATOON KALAN, 41474, 1121115, Total, 0, 0, 0, 0, 0, 0, 1758350, 1758350
2015, RAJASTHAN, 8, SAWAI MADHOPUR, 104, SAWAI MADHOPUR, 1355, BADOLAS, 41475, 1121212, Drinking water, 0, 0, 0, 0, 0, 0, 354448, 354448
2015, RAJASTHAN, 8, SAWAI MADHOPUR, 104, SAWAI MADHOPUR, 1355, BADOLAS, 41475, 1121212, Roads, 0, 0, 0, 0, 0, 0, 750000, 750000
2015, RAJASTHAN, 8, SAWAI MADHOPUR, 104, SAWAI MADHOPUR, 1355, BADOLAS, 41475, 1121212, Total, 0, 0, 0, 0, 0, 0, 1104448, 1104448
2015, RAJASTHAN, 8, SAWAI MADHOPUR, 104, SAWAI MADHOPUR, 1355, BHADLAV, 41477, 1121240, Drinking water, 0, 0, 0, 0, 0, 0, 539467, 539467
2015, RAJASTHAN, 8, SAWAI MADHOPUR, 104, SAWAI MADHOPUR, 1355, BHADLAV, 41477, 1121240, Maintenance of community system, 0, 0, 0, 0, 0, 0, 50000, 50000
2015, RAJASTHAN, 8, SAWAI MADHOPUR, 104, SAWAI MADHOPUR, 1355, BHADLAV, 41477, 1121240, Roads, 0, 0, 0, 0, 0, 0, 500000, 500000
2015, RAJASTHAN, 8, SAWAI MADHOPUR, 104, SAWAI MADHOPUR, 1355, BHADLAV, 41477, 1121240, Total, 0, 0, 0, 0, 0, 0, 1089467, 1089467
2015, RAJASTHAN, 8, SAWAI MADHOPUR, 104, SAWAI MADHOPUR, 1355, BHOORI PAHARI, 41444, 1121322, Drinking water, 0, 0, 0, 0, 0, 0, 700000, 700000
2015, RAJASTHAN, 8, SAWAI MADHOPUR, 104, SAWAI MADHOPUR, 1355, BHOORI PAHARI, 41444, 1121322, Maintenance of community system, 0, 0, 0, 0, 0, 0, 200000, 200000
2015, RAJASTHAN, 8, SAWAI MADHOPUR, 104, SAWAI MADHOPUR, 1355, BHOORI PAHARI, 41444, 1121322, Roads, 0, 0, 0, 0, 0, 0, 605889, 605889
2015, RAJASTHAN, 8, SAWAI MADHOPUR, 104, SAWAI MADHOPUR, 1355, BHOORI PAHARI, 41444, 1121322, Total, 0, 0, 0, 0, 0, 0, 1505889, 1505889
2015, RAJASTHAN, 8, SAWAI MADHOPUR, 104, SAWAI MADHOPUR, 1355, CHAKERI, 41481, 1120918, Drinking water, 0, 0, 0, 0, 0, 0, 600000, 600000
2015, RAJASTHAN, 8, SAWAI MADHOPUR, 104, SAWAI MADHOPUR, 1355, CHAKERI, 41481, 1120918, Roads, 0, 0, 0, 0, 0, 0, 354636, 354636
2015, RAJASTHAN, 8, SAWAI MADHOPUR, 104, SAWAI MADHOPUR, 1355, CHAKERI, 41481, 1120918, Total, 0, 0, 0, 0, 0, 0, 954636, 954636
2015, RAJASTHAN, 8, SAWAI MADHOPUR, 104, SAWAI MADHOPUR, 1355, CHHARODA, 41483, 1121256, Drinking water, 0, 0, 0, 0, 0, 0, 100000, 100000
2015, RAJASTHAN, 8, SAWAI MADHOPUR, 104, SAWAI MADHOPUR, 1355, CHHARODA, 41483, 1121256, Maintenance of community system, 0, 0, 0, 0, 0, 0, 400000, 400000
2015, RAJASTHAN, 8, SAWAI MADHOPUR, 104, SAWAI MADHOPUR, 1355, CHHARODA, 41483, 1121256, Roads, 0, 0, 0, 0, 0, 0, 585028, 585028
2015, RAJASTHAN, 8, SAWAI MADHOPUR, 104, SAWAI MADHOPUR, 1355, CHHARODA, 41483, 1121256, Total, 0, 0, 0, 0, 0, 0, 1085028, 1085028
2015, RAJASTHAN, 8, SAWAI MADHOPUR, 104, SAWAI MADHOPUR, 1355, DOONGRI, 41449, 1122581, Drinking water, 0, 0, 0, 0, 0, 0, 350000, 350000
2015, RAJASTHAN, 8, SAWAI MADHOPUR, 104, SAWAI MADHOPUR, 1355, DOONGRI, 41449, 1122581, Maintenance of community system, 0, 0, 0, 0, 0, 0, 200000, 200000
2015, RAJASTHAN, 8, SAWAI MADHOPUR, 104, SAWAI MADHOPUR, 1355, DOONGRI, 41449, 1122581, Roads, 0, 0, 0, 0, 0, 0, 475935, 475935
2015, RAJASTHAN, 8, SAWAI MADHOPUR, 104, SAWAI MADHOPUR, 1355, DOONGRI, 41449, 1122581, Total, 0, 0, 0, 0, 0, 0, 1025935, 1025935
2015, RAJASTHAN, 8, SAWAI MADHOPUR, 104, SAWAI MADHOPUR, 1355, ENDWA, 41486, 1122591, Drinking water, 0, 0, 0, 0, 0, 0, 100000, 100000
2015, RAJASTHAN, 8, SAWAI MADHOPUR, 104, SAWAI MADHOPUR, 1355, ENDWA, 41486, 1122591, Maintenance of community system, 0, 0, 0, 0, 0, 0, 100000, 100000
2015, RAJASTHAN, 8, SAWAI MADHOPUR, 104, SAWAI MADHOPUR, 1355, ENDWA, 41486, 1122591, Roads, 0, 0, 0, 0, 0, 0, 827038, 827038
2015, RAJASTHAN, 8, SAWAI MADHOPUR, 104, SAWAI MADHOPUR, 1355, ENDWA, 41486, 1122591, Total, 0, 0, 0, 0, 0, 0, 1027038, 1027038
2015, RAJASTHAN, 8, SAWAI MADHOPUR, 104, SAWAI MADHOPUR, 1355, GAMBHEERA, 41487, 1122604, Drinking water, 0, 0, 0, 0, 0, 0, 100000, 100000
2015, RAJASTHAN, 8, SAWAI MADHOPUR, 104, SAWAI MADHOPUR, 1355, GAMBHEERA, 41487, 1122604, Maintenance of community system, 0, 0, 0, 0, 0, 0, 240380, 240380
2015, RAJASTHAN, 8, SAWAI MADHOPUR, 104, SAWAI MADHOPUR, 1355, GAMBHEERA, 41487, 1122604, Roads, 0, 0, 0, 0, 0, 0, 900000, 900000
2015, RAJASTHAN, 8, SAWAI MADHOPUR, 104, SAWAI MADHOPUR, 1355, GAMBHEERA, 41487, 1122604, Total, 0, 0, 0, 0, 0, 0, 1240380, 1240380
2015, RAJASTHAN, 8, SAWAI MADHOPUR, 104, SAWAI MADHOPUR, 1355, JARAWATA, 41489, 1122620, Drinking water, 0, 0, 0, 0, 0, 0, 325500, 325500
2015, RAJASTHAN, 8, SAWAI MADHOPUR, 104, SAWAI MADHOPUR, 1355, JARAWATA, 41489, 1122620, Roads, 0, 0, 0, 0, 0, 0, 600000, 600000
2015, RAJASTHAN, 8, SAWAI MADHOPUR, 104, SAWAI MADHOPUR, 1355, JARAWATA, 41489, 1122620, Total, 0, 0, 0, 0, 0, 0, 925500, 925500
2015, RAJASTHAN, 8, SAWAI MADHOPUR, 104, SAWAI MADHOPUR, 1355, JATWARA KALAN, 41490, 1123017, Drinking water, 0, 0, 0, 0, 0, 0, 170000, 170000
2015, RAJASTHAN, 8, SAWAI MADHOPUR, 104, SAWAI MADHOPUR, 1355, JATWARA KALAN, 41490, 1123017, Maintenance of community system, 0, 0, 0, 0, 0, 0, 95664, 95664
2015, RAJASTHAN, 8, SAWAI MADHOPUR, 104, SAWAI MADHOPUR, 1355, JATWARA KALAN, 41490, 1123017, Roads, 0, 0, 0, 0, 0, 0, 750000, 750000
2015, RAJASTHAN, 8, SAWAI MADHOPUR, 104, SAWAI MADHOPUR, 1355, JATWARA KALAN, 41490, 1123017, Total, 0, 0, 0, 0, 0, 0, 1015664, 1015664
2015, RAJASTHAN, 8, SAWAI MADHOPUR, 104, SAWAI MADHOPUR, 1355, JEENAPUR, 41491, 1123029, Drinking water, 0, 0, 0, 0, 0, 0, 430000, 430000
2015, RAJASTHAN, 8, SAWAI MADHOPUR, 104, SAWAI MADHOPUR, 1355, JEENAPUR, 41491, 1123029, Education, 0, 0, 0, 0, 0, 0, 214290, 214290
2015, RAJASTHAN, 8, SAWAI MADHOPUR, 104, SAWAI MADHOPUR, 1355, JEENAPUR, 41491, 1123029, Roads, 0, 0, 0, 0, 0, 0, 800000, 800000
2015, RAJASTHAN, 8, SAWAI MADHOPUR, 104, SAWAI MADHOPUR, 1355, JEENAPUR, 41491, 1123029, Total, 0, 0, 0, 0, 0, 0, 1444290, 1444290
2015, RAJASTHAN, 8, SAWAI MADHOPUR, 104, SAWAI MADHOPUR, 1355, KARMODA, 41494, 1123047, Drinking water, 0, 0, 0, 0, 0, 0, 397304, 397304
2015, RAJASTHAN, 8, SAWAI MADHOPUR, 104, SAWAI MADHOPUR, 1355, KARMODA, 41494, 1123047, Maintenance of community system, 0, 0, 0, 0, 0, 0, 250000, 250000
2015, RAJASTHAN, 8, SAWAI MADHOPUR, 104, SAWAI MADHOPUR, 1355, KARMODA, 41494, 1123047, Roads, 0, 0, 0, 0, 0, 0, 1050000, 1050000
2015, RAJASTHAN, 8, SAWAI MADHOPUR, 104, SAWAI MADHOPUR, 1355, KARMODA, 41494, 1123047, Total, 0, 0, 0, 0, 0, 0, 1697304, 1697304
2015, RAJASTHAN, 8, SAWAI MADHOPUR, 104, SAWAI MADHOPUR, 1355, KHATUPURA, 41495, 1123487, Drinking water, 0, 0, 0, 0, 0, 0, 140306, 140306
2015, RAJASTHAN, 8, SAWAI MADHOPUR, 104, SAWAI MADHOPUR, 1355, KHATUPURA, 41495, 1123487, Roads, 0, 0, 0, 0, 0, 0, 1600000, 1600000
2015, RAJASTHAN, 8, SAWAI MADHOPUR, 104, SAWAI MADHOPUR, 1355, KHATUPURA, 41495, 1123487, Total, 0, 0, 0, 0, 0, 0, 1740306, 1740306
2015, RAJASTHAN, 8, SAWAI MADHOPUR, 104, SAWAI MADHOPUR, 1355, KHILCHIPUR, 41496, 1123491, Maintenance of community system, 0, 0, 0, 0, 0, 0, 400000, 400000
2015, RAJASTHAN, 8, SAWAI MADHOPUR, 104, SAWAI MADHOPUR, 1355, KHILCHIPUR, 41496, 1123491, Roads, 0, 0, 0, 0, 0, 0, 1447948, 1447948
2015, RAJASTHAN, 8, SAWAI MADHOPUR, 104, SAWAI MADHOPUR, 1355, KHILCHIPUR, 41496, 1123491, Total, 0, 0, 0, 0, 0, 0, 1847948, 1847948
2015, RAJASTHAN, 8, SAWAI MADHOPUR, 104, SAWAI MADHOPUR, 1355, KUNDERA, 41497, 1123499, Drinking water, 0, 0, 0, 0, 0, 0, 458224, 458224
2015, RAJASTHAN, 8, SAWAI MADHOPUR, 104, SAWAI MADHOPUR, 1355, KUNDERA, 41497, 1123499, Roads, 0, 0, 0, 0, 0, 0, 950000, 950000
2015, RAJASTHAN, 8, SAWAI MADHOPUR, 104, SAWAI MADHOPUR, 1355, KUNDERA, 41497, 1123499, Total, 0, 0, 0, 0, 0, 0, 1408224, 1408224
2015, RAJASTHAN, 8, SAWAI MADHOPUR, 104, SAWAI MADHOPUR, 1355, LORWARA, 41499, 1123512, Drinking water, 0, 0, 0, 0, 0, 0, 526372, 526372
2015, RAJASTHAN, 8, SAWAI MADHOPUR, 104, SAWAI MADHOPUR, 1355, LORWARA, 41499, 1123512, Maintenance of community system, 0, 0, 0, 0, 0, 0, 480000, 480000
2015, RAJASTHAN, 8, SAWAI MADHOPUR, 104, SAWAI MADHOPUR, 1355, LORWARA, 41499, 1123512, Roads, 0, 0, 0, 0, 0, 0, 1150000, 1150000
2015, RAJASTHAN, 8, SAWAI MADHOPUR, 104, SAWAI MADHOPUR, 1355, LORWARA, 41499, 1123512, Total, 0, 0, 0, 0, 0, 0, 2156372, 2156372
2015, RAJASTHAN, 8, SAWAI MADHOPUR, 104, SAWAI MADHOPUR, 1355, MAKHOLI, 41501, 1124951, Drinking water, 0, 0, 0, 0, 0, 0, 899926, 899926
2015, RAJASTHAN, 8, SAWAI MADHOPUR, 104, SAWAI MADHOPUR, 1355, MAKHOLI, 41501, 1124951, Maintenance of community system, 0, 0, 0, 0, 0, 0, 300000, 300000
2015, RAJASTHAN, 8, SAWAI MADHOPUR, 104, SAWAI MADHOPUR, 1355, MAKHOLI, 41501, 1124951, Roads, 0, 0, 0, 0, 0, 0, 400000, 400000
2015, RAJASTHAN, 8, SAWAI MADHOPUR, 104, SAWAI MADHOPUR, 1355, MAKHOLI, 41501, 1124951, Total, 0, 0, 0, 0, 0, 0, 1599926, 1599926
2015, RAJASTHAN, 8, SAWAI MADHOPUR, 104, SAWAI MADHOPUR, 1355, MENPURA, 41502, 1124962, Drinking water, 0, 0, 0, 0, 0, 0, 93370, 93370
2015, RAJASTHAN, 8, SAWAI MADHOPUR, 104, SAWAI MADHOPUR, 1355, MENPURA, 41502, 1124962, Roads, 0, 0, 0, 0, 0, 0, 1200000, 1200000
2015, RAJASTHAN, 8, SAWAI MADHOPUR, 104, SAWAI MADHOPUR, 1355, MENPURA, 41502, 1124962, Total, 0, 0, 0, 0, 0, 0, 1293370, 1293370
2015, RAJASTHAN, 8, SAWAI MADHOPUR, 104, SAWAI MADHOPUR, 1355, NEEDARDA, 41504, 1124969, Drinking water, 0, 0, 0, 0, 0, 0, 105000, 105000
2015, RAJASTHAN, 8, SAWAI MADHOPUR, 104, SAWAI MADHOPUR, 1355, NEEDARDA, 41504, 1124969, Maintenance of community system, 0, 0, 0, 0, 0, 0, 100000, 100000
2015, RAJASTHAN, 8, SAWAI MADHOPUR, 104, SAWAI MADHOPUR, 1355, NEEDARDA, 41504, 1124969, Roads, 0, 0, 0, 0, 0, 0, 864208, 864208
2015, RAJASTHAN, 8, SAWAI MADHOPUR, 104, SAWAI MADHOPUR, 1355, NEEDARDA, 41504, 1124969, Total, 0, 0, 0, 0, 0, 0, 1069208, 1069208
2015, RAJASTHAN, 8, SAWAI MADHOPUR, 104, SAWAI MADHOPUR, 1355, OLWARA, 41505, 1124988, Drinking water, 0, 0, 0, 0, 0, 0, 150000, 150000
2015, RAJASTHAN, 8, SAWAI MADHOPUR, 104, SAWAI MADHOPUR, 1355, OLWARA, 41505, 1124988, Maintenance of community system, 0, 0, 0, 0, 0, 0, 100000, 100000
2015, RAJASTHAN, 8, SAWAI MADHOPUR, 104, SAWAI MADHOPUR, 1355, OLWARA, 41505, 1124988, Roads, 0, 0, 0, 0, 0, 0, 706572, 706572
2015, RAJASTHAN, 8, SAWAI MADHOPUR, 104, SAWAI MADHOPUR, 1355, OLWARA, 41505, 1124988, Total, 0, 0, 0, 0, 0, 0, 956572, 956572
2015, RAJASTHAN, 8, SAWAI MADHOPUR, 104, SAWAI MADHOPUR, 1355, PADHANA, 41506, 1125410, Drinking water, 0, 0, 0, 0, 0, 0, 399106, 399106
2015, RAJASTHAN, 8, SAWAI MADHOPUR, 104, SAWAI MADHOPUR, 1355, PADHANA, 41506, 1125410, Roads, 0, 0, 0, 0, 0, 0, 750000, 750000
2015, RAJASTHAN, 8, SAWAI MADHOPUR, 104, SAWAI MADHOPUR, 1355, PADHANA, 41506, 1125410, Total, 0, 0, 0, 0, 0, 0, 1149106, 1149106
2015, RAJASTHAN, 8, SAWAI MADHOPUR, 104, SAWAI MADHOPUR, 1355, RAMRI, 41509, 1125424, Drinking water, 0, 0, 0, 0, 0, 0, 168578, 168578
2015, RAJASTHAN, 8, SAWAI MADHOPUR, 104, SAWAI MADHOPUR, 1355, RAMRI, 41509, 1125424, Roads, 0, 0, 0, 0, 0, 0, 1400000, 1400000
2015, RAJASTHAN, 8, SAWAI MADHOPUR, 104, SAWAI MADHOPUR, 1355, RAMRI, 41509, 1125424, Total, 0, 0, 0, 0, 0, 0, 1568578, 1568578
2015, RAJASTHAN, 8, SAWAI MADHOPUR, 104, SAWAI MADHOPUR, 1355, RANWAL, 41510, 1125429, Drinking water, 0, 0, 0, 0, 0, 0, 615000, 615000
2015, RAJASTHAN, 8, SAWAI MADHOPUR, 104, SAWAI MADHOPUR, 1355, RANWAL, 41510, 1125429, Maintenance of community system, 0, 0, 0, 0, 0, 0, 166478, 166478
2015, RAJASTHAN, 8, SAWAI MADHOPUR, 104, SAWAI MADHOPUR, 1355, RANWAL, 41510, 1125429, Roads, 0, 0, 0, 0, 0, 0, 250000, 250000
2015, RAJASTHAN, 8, SAWAI MADHOPUR, 104, SAWAI MADHOPUR, 1355, RANWAL, 41510, 1125429, Total, 0, 0, 0, 0, 0, 0, 1031478, 1031478
2015, RAJASTHAN, 8, SAWAI MADHOPUR, 104, SAWAI MADHOPUR, 1355, SELOO, 41512, 1125437, Drinking water, 0, 0, 0, 0, 0, 0, 974996, 974996
2015, RAJASTHAN, 8, SAWAI MADHOPUR, 104, SAWAI MADHOPUR, 1355, SELOO, 41512, 1125437, Maintenance of community system, 0, 0, 0, 0, 0, 0, 50000, 50000
2015, RAJASTHAN, 8, SAWAI MADHOPUR, 104, SAWAI MADHOPUR, 1355, SELOO, 41512, 1125437, Roads, 0, 0, 0, 0, 0, 0, 250000, 250000
2015, RAJASTHAN, 8, SAWAI MADHOPUR, 104, SAWAI MADHOPUR, 1355, SELOO, 41512, 1125437, Rural electrification, 0, 0, 0, 0, 0, 0, 50000, 50000
2015, RAJASTHAN, 8, SAWAI MADHOPUR, 104, SAWAI MADHOPUR, 1355, SELOO, 41512, 1125437, Total, 0, 0, 0, 0, 0, 0, 1324996, 1324996
2015, RAJASTHAN, 8, SAWAI MADHOPUR, 104, SAWAI MADHOPUR, 1355, SHERPUR, 41513, 1125442, Drinking water, 0, 0, 0, 0, 0, 0, 200000, 200000
2015, RAJASTHAN, 8, SAWAI MADHOPUR, 104, SAWAI MADHOPUR, 1355, SHERPUR, 41513, 1125442, Maintenance of community system, 0, 0, 0, 0, 0, 0, 250000, 250000
2015, RAJASTHAN, 8, SAWAI MADHOPUR, 104, SAWAI MADHOPUR, 1355, SHERPUR, 41513, 1125442, Roads, 0, 0, 0, 0, 0, 0, 963218, 963218
2015, RAJASTHAN, 8, SAWAI MADHOPUR, 104, SAWAI MADHOPUR, 1355, SHERPUR, 41513, 1125442, Total, 0, 0, 0, 0, 0, 0, 1413218, 1413218
2015, RAJASTHAN, 8, SAWAI MADHOPUR, 104, SAWAI MADHOPUR, 1355, SHYAMPURA, 41515, 1125445, Drinking water, 0, 0, 0, 0, 0, 0, 485000, 485000
2015, RAJASTHAN, 8, SAWAI MADHOPUR, 104, SAWAI MADHOPUR, 1355, SHYAMPURA, 41515, 1125445, Roads, 0, 0, 0, 0, 0, 0, 859138, 859138
2015, RAJASTHAN, 8, SAWAI MADHOPUR, 104, SAWAI MADHOPUR, 1355, SHYAMPURA, 41515, 1125445, Total, 0, 0, 0, 0, 0, 0, 1344138, 1344138
2015, RAJASTHAN, 8, SAWAI MADHOPUR, 104, SAWAI MADHOPUR, 1355, SOORWAL, 41516, 1125457, Drinking water, 0, 0, 0, 0, 0, 0, 800000, 800000
2015, RAJASTHAN, 8, SAWAI MADHOPUR, 104, SAWAI MADHOPUR, 1355, SOORWAL, 41516, 1125457, Maintenance of community system, 0, 0, 0, 0, 0, 0, 100000, 100000
2015, RAJASTHAN, 8, SAWAI MADHOPUR, 104, SAWAI MADHOPUR, 1355, SOORWAL, 41516, 1125457, Roads, 0, 0, 0, 0, 0, 0, 1544972, 1544972
2015, RAJASTHAN, 8, SAWAI MADHOPUR, 104, SAWAI MADHOPUR, 1355, SOORWAL, 41516, 1125457, Total, 0, 0, 0, 0, 0, 0, 2444972, 2444972
2015, RAJASTHAN, 8, SAWAI MADHOPUR, 104, SAWAI MADHOPUR, 1355, SUNARI, 41517, 1125466, Drinking water, 0, 0, 0, 0, 0, 0, 220000, 220000
2015, RAJASTHAN, 8, SAWAI MADHOPUR, 104, SAWAI MADHOPUR, 1355, SUNARI, 41517, 1125466, Maintenance of community system, 0, 0, 0, 0, 0, 0, 550000, 550000
2015, RAJASTHAN, 8, SAWAI MADHOPUR, 104, SAWAI MADHOPUR, 1355, SUNARI, 41517, 1125466, Roads, 0, 0, 0, 0, 0, 0, 584966, 584966
2015, RAJASTHAN, 8, SAWAI MADHOPUR, 104, SAWAI MADHOPUR, 1355, SUNARI, 41517, 1125466, Total, 0, 0, 0, 0, 0, 0, 1354966, 1354966
2015, RAJASTHAN, 8, SIKAR, 105, DANTA RAMGARH, 1356, ALODA, 41519, 1468609, Roads, 0, 0, 0, 0, 0, 0, 187199, 187199
2015, RAJASTHAN, 8, SIKAR, 105, DANTA RAMGARH, 1356, ALODA, 41519, 1468609, Total, 0, 0, 0, 0, 0, 0, 187199, 187199
2015, RAJASTHAN, 8, SIKAR, 105, DANTA RAMGARH, 1356, BAJYAWAS, 41520, 1468773, Drinking water, 0, 0, 0, 0, 0, 0, 85000, 85000
2015, RAJASTHAN, 8, SIKAR, 105, DANTA RAMGARH, 1356, BAJYAWAS, 41520, 1468773, Health, 0, 0, 0, 0, 0, 0, 278093, 278093
2015, RAJASTHAN, 8, SIKAR, 105, DANTA RAMGARH, 1356, BAJYAWAS, 41520, 1468773, Total, 0, 0, 0, 0, 0, 0, 363093, 363093
2015, RAJASTHAN, 8, SIKAR, 105, DANTA RAMGARH, 1356, BANATHALA, 41521, 1465325, Drinking water, 0, 0, 0, 0, 0, 0, 60000, 60000
2015, RAJASTHAN, 8, SIKAR, 105, DANTA RAMGARH, 1356, BANATHALA, 41521, 1465325, Health, 0, 0, 0, 0, 0, 0, 597085, 597085
2015, RAJASTHAN, 8, SIKAR, 105, DANTA RAMGARH, 1356, BANATHALA, 41521, 1465325, Public distribution system, 0, 0, 0, 0, 0, 0, 1000000, 1000000
2015, RAJASTHAN, 8, SIKAR, 105, DANTA RAMGARH, 1356, BANATHALA, 41521, 1465325, Total, 0, 0, 0, 0, 0, 0, 1657085, 1657085
2015, RAJASTHAN, 8, SIKAR, 105, DANTA RAMGARH, 1356, BANOORA, 41522, 1503634, Drinking water, 0, 0, 0, 0, 0, 0, 444651, 444651
2015, RAJASTHAN, 8, SIKAR, 105, DANTA RAMGARH, 1356, BANOORA, 41522, 1503634, Health, 0, 0, 0, 0, 0, 0, 500000, 500000
2015, RAJASTHAN, 8, SIKAR, 105, DANTA RAMGARH, 1356, BANOORA, 41522, 1503634, Total, 0, 0, 0, 0, 0, 0, 944651, 944651
2015, RAJASTHAN, 8, SIKAR, 105, DANTA RAMGARH, 1356, BAY, 41523, 1159334, Health, 0, 0, 0, 0, 0, 0, 798545, 798545
2015, RAJASTHAN, 8, SIKAR, 105, DANTA RAMGARH, 1356, BAY, 41523, 1159334, Total, 0, 0, 0, 0, 0, 0, 798545, 798545
2015, RAJASTHAN, 8, SIKAR, 105, DANTA RAMGARH, 1356, BHARIJA, 41524, 1183235, Health, 0, 0, 0, 0, 0, 0, 300000, 300000
2015, RAJASTHAN, 8, SIKAR, 105, DANTA RAMGARH, 1356, BHARIJA, 41524, 1183235, Roads, 0, 0, 0, 0, 0, 0, 121000, 121000
2015, RAJASTHAN, 8, SIKAR, 105, DANTA RAMGARH, 1356, BHARIJA, 41524, 1183235, Total, 0, 0, 0, 0, 0, 0, 421000, 421000
2015, RAJASTHAN, 8, SIKAR, 105, DANTA RAMGARH, 1356, BHEEMA, 41525, 1662604, Drinking water, 0, 0, 0, 0, 0, 0, 690000, 690000
2015, RAJASTHAN, 8, SIKAR, 105, DANTA RAMGARH, 1356, BHEEMA, 41525, 1662604, Health, 0, 0, 0, 0, 0, 0, 300000, 300000
2015, RAJASTHAN, 8, SIKAR, 105, DANTA RAMGARH, 1356, BHEEMA, 41525, 1662604, Land improvement, 0, 0, 0, 0, 0, 0, 203536, 203536
2015, RAJASTHAN, 8, SIKAR, 105, DANTA RAMGARH, 1356, BHEEMA, 41525, 1662604, Roads, 0, 0, 0, 0, 0, 0, 500000, 500000
2015, RAJASTHAN, 8, SIKAR, 105, DANTA RAMGARH, 1356, BHEEMA, 41525, 1662604, Rural electrification, 0, 0, 0, 0, 0, 0, 300000, 300000
2015, RAJASTHAN, 8, SIKAR, 105, DANTA RAMGARH, 1356, BHEEMA, 41525, 1662604, Total, 0, 0, 0, 0, 0, 0, 1993536, 1993536
2015, RAJASTHAN, 8, SIKAR, 105, DANTA RAMGARH, 1356, BHEERANA, 41526, 1465522, Drinking water, 0, 0, 0, 0, 0, 0, 153647, 153647
2015, RAJASTHAN, 8, SIKAR, 105, DANTA RAMGARH, 1356, BHEERANA, 41526, 1465522, Total, 0, 0, 0, 0, 0, 0, 153647, 153647
2015, RAJASTHAN, 8, SIKAR, 105, DANTA RAMGARH, 1356, CHAINPURA, 41527, 1192164, Health, 0, 0, 0, 0, 0, 0, 220071, 220071
2015, RAJASTHAN, 8, SIKAR, 105, DANTA RAMGARH, 1356, CHAINPURA, 41527, 1192164, Sanitation, 0, 0, 0, 0, 0, 0, 34000, 34000
2015, RAJASTHAN, 8, SIKAR, 105, DANTA RAMGARH, 1356, CHAINPURA, 41527, 1192164, Total, 0, 0, 0, 0, 0, 0, 254071, 254071
2015, RAJASTHAN, 8, SIKAR, 105, DANTA RAMGARH, 1356, DANSROLI, 41529, 1116956, Drinking water, 0, 0, 0, 0, 0, 0, 277952, 277952
2015, RAJASTHAN, 8, SIKAR, 105, DANTA RAMGARH, 1356, DANSROLI, 41529, 1116956, Total, 0, 0, 0, 0, 0, 0, 277952, 277952
2015, RAJASTHAN, 8, SIKAR, 105, DANTA RAMGARH, 1356, DANTA, 41530, 1191095, Drinking water, 0, 0, 0, 0, 0, 0, 529956, 529956
2015, RAJASTHAN, 8, SIKAR, 105, DANTA RAMGARH, 1356, DANTA, 41530, 1191095, Education, 0, 0, 0, 0, 0, 0, 150000, 150000
2015, RAJASTHAN, 8, SIKAR, 105, DANTA RAMGARH, 1356, DANTA, 41530, 1191095, Health, 0, 0, 0, 0, 0, 0, 1800000, 1800000
2015, RAJASTHAN, 8, SIKAR, 105, DANTA RAMGARH, 1356, DANTA, 41530, 1191095, Public distribution system, 0, 0, 0, 0, 0, 0, 150000, 150000
2015, RAJASTHAN, 8, SIKAR, 105, DANTA RAMGARH, 1356, DANTA, 41530, 1191095, Total, 0, 0, 0, 0, 0, 0, 2629956, 2629956
2015, RAJASTHAN, 8, SIKAR, 105, DANTA RAMGARH, 1356, DHEENGPUR, 41531, 1159162, Drinking water, 0, 0, 0, 0, 0, 0, 44935, 44935
2015, RAJASTHAN, 8, SIKAR, 105, DANTA RAMGARH, 1356, DHEENGPUR, 41531, 1159162, Social welfare, 0, 0, 0, 0, 0, 0, 24000, 24000
2015, RAJASTHAN, 8, SIKAR, 105, DANTA RAMGARH, 1356, DHEENGPUR, 41531, 1159162, Total, 0, 0, 0, 0, 0, 0, 68935, 68935
2015, RAJASTHAN, 8, SIKAR, 105, DANTA RAMGARH, 1356, DHOLASARI, 41532, 1230862, Drinking water, 0, 0, 0, 0, 0, 0, 240000, 240000
2015, RAJASTHAN, 8, SIKAR, 105, DANTA RAMGARH, 1356, DHOLASARI, 41532, 1230862, Health, 0, 0, 0, 0, 0, 0, 400000, 400000
2015, RAJASTHAN, 8, SIKAR, 105, DANTA RAMGARH, 1356, DHOLASARI, 41532, 1230862, Total, 0, 0, 0, 0, 0, 0, 640000, 640000
2015, RAJASTHAN, 8, SIKAR, 105, DANTA RAMGARH, 1356, DOODWA, 41533, 1507182, Drinking water, 0, 0, 0, 0, 0, 0, 134391, 134391
2015, RAJASTHAN, 8, SIKAR, 105, DANTA RAMGARH, 1356, DOODWA, 41533, 1507182, Public distribution system, 0, 0, 0, 0, 0, 0, 182628, 182628
2015, RAJASTHAN, 8, SIKAR, 105, DANTA RAMGARH, 1356, DOODWA, 41533, 1507182, Total, 0, 0, 0, 0, 0, 0, 317019, 317019
2015, RAJASTHAN, 8, SIKAR, 105, DANTA RAMGARH, 1356, DOOKIYA, 41534, 1113739, Social welfare, 0, 0, 0, 0, 0, 0, 150000, 150000
2015, RAJASTHAN, 8, SIKAR, 105, DANTA RAMGARH, 1356, DOOKIYA, 41534, 1113739, Total, 0, 0, 0, 0, 0, 0, 150000, 150000
2015, RAJASTHAN, 8, SIKAR, 105, DANTA RAMGARH, 1356, DOOKIYA, 41534, 1424805, Health, 0, 0, 0, 0, 0, 0, 256616, 256616
2015, RAJASTHAN, 8, SIKAR, 105, DANTA RAMGARH, 1356, DOOKIYA, 41534, 1424805, Roads, 0, 0, 0, 0, 0, 0, 73000, 73000
2015, RAJASTHAN, 8, SIKAR, 105, DANTA RAMGARH, 1356, DOOKIYA, 41534, 1424805, Total, 0, 0, 0, 0, 0, 0, 329616, 329616
2015, RAJASTHAN, 8, SIKAR, 105, DANTA RAMGARH, 1356, GANORA, 41535, 1113494, Drinking water, 0, 0, 0, 0, 0, 0, 80000, 80000
2015, RAJASTHAN, 8, SIKAR, 105, DANTA RAMGARH, 1356, GANORA, 41535, 1113494, Total, 0, 0, 0, 0, 0, 0, 80000, 80000
2015, RAJASTHAN, 8, SIKAR, 105, DANTA RAMGARH, 1356, GOWATI, 41536, 1468651, Drinking water, 0, 0, 0, 0, 0, 0, 40000, 40000
2015, RAJASTHAN, 8, SIKAR, 105, DANTA RAMGARH, 1356, GOWATI, 41536, 1468651, Health, 0, 0, 0, 0, 0, 0, 254949, 254949
2015, RAJASTHAN, 8, SIKAR, 105, DANTA RAMGARH, 1356, GOWATI, 41536, 1468651, Roads, 0, 0, 0, 0, 0, 0, 250000, 250000
2015, RAJASTHAN, 8, SIKAR, 105, DANTA RAMGARH, 1356, GOWATI, 41536, 1468651, Total, 0, 0, 0, 0, 0, 0, 544949, 544949
2015, RAJASTHAN, 8, SIKAR, 105, DANTA RAMGARH, 1356, JANA, 41537, 1114385, Drinking water, 0, 0, 0, 0, 0, 0, 26100, 26100
2015, RAJASTHAN, 8, SIKAR, 105, DANTA RAMGARH, 1356, JANA, 41537, 1114385, Rural electrification, 0, 0, 0, 0, 0, 0, 188422, 188422
2015, RAJASTHAN, 8, SIKAR, 105, DANTA RAMGARH, 1356, JANA, 41537, 1114385, Social welfare, 0, 0, 0, 0, 0, 0, 74457, 74457
2015, RAJASTHAN, 8, SIKAR, 105, DANTA RAMGARH, 1356, JANA, 41537, 1114385, Total, 0, 0, 0, 0, 0, 0, 288979, 288979
2015, RAJASTHAN, 8, SIKAR, 105, DANTA RAMGARH, 1356, KANKRA, 41538, 1167927, Drinking water, 0, 0, 0, 0, 0, 0, 70000, 70000
2015, RAJASTHAN, 8, SIKAR, 105, DANTA RAMGARH, 1356, KANKRA, 41538, 1167927, Health, 0, 0, 0, 0, 0, 0, 300000, 300000
2015, RAJASTHAN, 8, SIKAR, 105, DANTA RAMGARH, 1356, KANKRA, 41538, 1167927, Total, 0, 0, 0, 0, 0, 0, 370000, 370000
2015, RAJASTHAN, 8, SIKAR, 105, DANTA RAMGARH, 1356, KARAD, 41539, 1507997, Health, 0, 0, 0, 0, 0, 0, 1098426, 1098426
2015, RAJASTHAN, 8, SIKAR, 105, DANTA RAMGARH, 1356, KARAD, 41539, 1507997, Total, 0, 0, 0, 0, 0, 0, 1098426, 1098426
2015, RAJASTHAN, 8, SIKAR, 105, DANTA RAMGARH, 1356, KHACHARIYA WAS, 41540, 1232275, Drinking water, 0, 0, 0, 0, 0, 0, 385000, 385000
2015, RAJASTHAN, 8, SIKAR, 105, DANTA RAMGARH, 1356, KHACHARIYA WAS, 41540, 1232275, Total, 0, 0, 0, 0, 0, 0, 385000, 385000
2015, RAJASTHAN, 8, SIKAR, 105, DANTA RAMGARH, 1356, KHANDELSAR, 41541, 1115183, Drinking water, 0, 0, 0, 0, 0, 0, 905687, 905687
2015, RAJASTHAN, 8, SIKAR, 105, DANTA RAMGARH, 1356, KHANDELSAR, 41541, 1115183, Total, 0, 0, 0, 0, 0, 0, 1155687, 1155687
2015, RAJASTHAN, 8, SIKAR, 105, DANTA RAMGARH, 1356, KHANDELSAR, 41541, 1115183, Water Conservation, 0, 0, 0, 0, 0, 0, 250000, 250000
2015, RAJASTHAN, 8, SIKAR, 105, DANTA RAMGARH, 1356, KHOOD, 41543, 1115603, Drinking water, 0, 0, 0, 0, 0, 0, 16360, 16360
2015, RAJASTHAN, 8, SIKAR, 105, DANTA RAMGARH, 1356, KHOOD, 41543, 1115603, Roads, 0, 0, 0, 0, 0, 0, 47700, 47700
2015, RAJASTHAN, 8, SIKAR, 105, DANTA RAMGARH, 1356, KHOOD, 41543, 1115603, Social welfare, 0, 0, 0, 0, 0, 0, 40000, 40000
2015, RAJASTHAN, 8, SIKAR, 105, DANTA RAMGARH, 1356, KHOOD, 41543, 1115603, Total, 0, 0, 0, 0, 0, 0, 104060, 104060
2015, RAJASTHAN, 8, SIKAR, 105, DANTA RAMGARH, 1356, KHORA, 41544, 1176759, Drinking water, 0, 0, 0, 0, 0, 0, 453466, 453466
2015, RAJASTHAN, 8, SIKAR, 105, DANTA RAMGARH, 1356, KHORA, 41544, 1176759, Roads, 0, 0, 0, 0, 0, 0, 48000, 48000
2015, RAJASTHAN, 8, SIKAR, 105, DANTA RAMGARH, 1356, KHORA, 41544, 1176759, Total, 0, 0, 0, 0, 0, 0, 501466, 501466
2015, RAJASTHAN, 8, SIKAR, 105, DANTA RAMGARH, 1356, KOCHHOR, 41545, 1115870, Drinking water, 0, 0, 0, 0, 0, 0, 750000, 750000
2015, RAJASTHAN, 8, SIKAR, 105, DANTA RAMGARH, 1356, KOCHHOR, 41545, 1115870, Education, 0, 0, 0, 0, 0, 0, 100000, 100000
2015, RAJASTHAN, 8, SIKAR, 105, DANTA RAMGARH, 1356, KOCHHOR, 41545, 1115870, Health, 0, 0, 0, 0, 0, 0, 500000, 500000
2015, RAJASTHAN, 8, SIKAR, 105, DANTA RAMGARH, 1356, KOCHHOR, 41545, 1115870, Sanitation, 0, 0, 0, 0, 0, 0, 1050000, 1050000
2015, RAJASTHAN, 8, SIKAR, 105, DANTA RAMGARH, 1356, KOCHHOR, 41545, 1115870, Total, 0, 0, 0, 0, 0, 0, 2400000, 2400000
2015, RAJASTHAN, 8, SIKAR, 105, DANTA RAMGARH, 1356, LADPUR, 41547, 1192488, Drinking water, 0, 0, 0, 0, 0, 0, 74149, 74149
2015, RAJASTHAN, 8, SIKAR, 105, DANTA RAMGARH, 1356, LADPUR, 41547, 1192488, Health, 0, 0, 0, 0, 0, 0, 100000, 100000
2015, RAJASTHAN, 8, SIKAR, 105, DANTA RAMGARH, 1356, LADPUR, 41547, 1192488, Total, 0, 0, 0, 0, 0, 0, 174149, 174149
2015, RAJASTHAN, 8, SIKAR, 105, DANTA RAMGARH, 1356, LAMIYAN, 41548, 1110973, Drinking water, 0, 0, 0, 0, 0, 0, 509427, 509427
2015, RAJASTHAN, 8, SIKAR, 105, DANTA RAMGARH, 1356, LAMIYAN, 41548, 1110973, Total, 0, 0, 0, 0, 0, 0, 509427, 509427
2015, RAJASTHAN, 8, SIKAR, 105, DANTA RAMGARH, 1356, LIKHMA KA BAS, 41549, 1508904, Health, 0, 0, 0, 0, 0, 0, 1001978, 1001978
2015, RAJASTHAN, 8, SIKAR, 105, DANTA RAMGARH, 1356, LIKHMA KA BAS, 41549, 1508904, Total, 0, 0, 0, 0, 0, 0, 1001978, 1001978
2015, RAJASTHAN, 8, SIKAR, 105, DANTA RAMGARH, 1356, MADNI, 262284, 1190789, Drinking water, 0, 0, 0, 0, 0, 0, 500000, 500000
2015, RAJASTHAN, 8, SIKAR, 105, DANTA RAMGARH, 1356, MADNI, 262284, 1190789, Total, 0, 0, 0, 0, 0, 0, 500000, 500000
2015, RAJASTHAN, 8, SIKAR, 105, DANTA RAMGARH, 1356, MANDHA (MADNI), 41550, 1465169, Drinking water, 0, 0, 0, 0, 0, 0, 76673, 76673
2015, RAJASTHAN, 8, SIKAR, 105, DANTA RAMGARH, 1356, MANDHA (MADNI), 41550, 1465169, Health, 0, 0, 0, 0, 0, 0, 1000000, 1000000
2015, RAJASTHAN, 8, SIKAR, 105, DANTA RAMGARH, 1356, MANDHA (MADNI), 41550, 1465169, Total, 0, 0, 0, 0, 0, 0, 1076673, 1076673
2015, RAJASTHAN, 8, SIKAR, 105, DANTA RAMGARH, 1356, MANDHA (SURERA), 41551, 1191141, Drinking water, 0, 0, 0, 0, 0, 0, 246470, 246470
2015, RAJASTHAN, 8, SIKAR, 105, DANTA RAMGARH, 1356, MANDHA (SURERA), 41551, 1191141, Health, 0, 0, 0, 0, 0, 0, 264508, 264508
2015, RAJASTHAN, 8, SIKAR, 105, DANTA RAMGARH, 1356, MANDHA (SURERA), 41551, 1191141, Total, 0, 0, 0, 0, 0, 0, 510978, 510978
2015, RAJASTHAN, 8, SIKAR, 105, DANTA RAMGARH, 1356, MEI, 41552, 1180485, Health, 0, 0, 0, 0, 0, 0, 736717, 736717
2015, RAJASTHAN, 8, SIKAR, 105, DANTA RAMGARH, 1356, MEI, 41552, 1180485, Total, 0, 0, 0, 0, 0, 0, 736717, 736717
2015, RAJASTHAN, 8, SIKAR, 105, DANTA RAMGARH, 1356, MOTLAWAS, 41553, 1191102, Drinking water, 0, 0, 0, 0, 0, 0, 1140384, 1140384
2015, RAJASTHAN, 8, SIKAR, 105, DANTA RAMGARH, 1356, MOTLAWAS, 41553, 1191102, Total, 0, 0, 0, 0, 0, 0, 1140384, 1140384
2015, RAJASTHAN, 8, SIKAR, 105, DANTA RAMGARH, 1356, PACHAR, 41555, 1111003, Drinking water, 0, 0, 0, 0, 0, 0, 730000, 730000
2015, RAJASTHAN, 8, SIKAR, 105, DANTA RAMGARH, 1356, PACHAR, 41555, 1111003, Total, 0, 0, 0, 0, 0, 0, 730000, 730000
2015, RAJASTHAN, 8, SIKAR, 105, DANTA RAMGARH, 1356, RALAWATA, 41556, 1115400, Drinking water, 0, 0, 0, 0, 0, 0, 300000, 300000
2015, RAJASTHAN, 8, SIKAR, 105, DANTA RAMGARH, 1356, RALAWATA, 41556, 1115400, Education, 0, 0, 0, 0, 0, 0, 254167, 254167
2015, RAJASTHAN, 8, SIKAR, 105, DANTA RAMGARH, 1356, RALAWATA, 41556, 1115400, Health, 0, 0, 0, 0, 0, 0, 2690000, 2690000
2015, RAJASTHAN, 8, SIKAR, 105, DANTA RAMGARH, 1356, RALAWATA, 41556, 1115400, Total, 0, 0, 0, 0, 0, 0, 3244167, 3244167
2015, RAJASTHAN, 8, SIKAR, 105, DANTA RAMGARH, 1356, RAMGARH, 41557, 1120678, Health, 0, 0, 0, 0, 0, 0, 287189, 287189
2015, RAJASTHAN, 8, SIKAR, 105, DANTA RAMGARH, 1356, RAMGARH, 41557, 1120678, Sanitation, 0, 0, 0, 0, 0, 0, 184489, 184489
2015, RAJASTHAN, 8, SIKAR, 105, DANTA RAMGARH, 1356, RAMGARH, 41557, 1120678, Total, 0, 0, 0, 0, 0, 0, 471678, 471678
2015, RAJASTHAN, 8, SIKAR, 105, DANTA RAMGARH, 1356, RETA, 41558, 1186959, Drinking water, 0, 0, 0, 0, 0, 0, 230757, 230757
2015, RAJASTHAN, 8, SIKAR, 105, DANTA RAMGARH, 1356, RETA, 41558, 1186959, Sanitation, 0, 0, 0, 0, 0, 0, 87055, 87055
2015, RAJASTHAN, 8, SIKAR, 105, DANTA RAMGARH, 1356, RETA, 41558, 1186959, Total, 0, 0, 0, 0, 0, 0, 317812, 317812
2015, RAJASTHAN, 8, SIKAR, 105, DANTA RAMGARH, 1356, ROOPGARH, 41559, 1504998, Drinking water, 0, 0, 0, 0, 0, 0, 150000, 150000
2015, RAJASTHAN, 8, SIKAR, 105, DANTA RAMGARH, 1356, ROOPGARH, 41559, 1504998, Health, 0, 0, 0, 0, 0, 0, 3465314, 3465314
2015, RAJASTHAN, 8, SIKAR, 105, DANTA RAMGARH, 1356, ROOPGARH, 41559, 1504998, Roads, 0, 0, 0, 0, 0, 0, 100000, 100000
2015, RAJASTHAN, 8, SIKAR, 105, DANTA RAMGARH, 1356, ROOPGARH, 41559, 1504998, Total, 0, 0, 0, 0, 0, 0, 3715314, 3715314
2015, RAJASTHAN, 8, SIKAR, 105, DANTA RAMGARH, 1356, SAMI, 41560, 1118347, Drinking water, 0, 0, 0, 0, 0, 0, 465000, 465000
2015, RAJASTHAN, 8, SIKAR, 105, DANTA RAMGARH, 1356, SAMI, 41560, 1118347, Total, 0, 0, 0, 0, 0, 0, 465000, 465000
2015, RAJASTHAN, 8, SIKAR, 105, DANTA RAMGARH, 1356, SANGALIYA, 41561, 1465503, Drinking water, 0, 0, 0, 0, 0, 0, 100000, 100000
2015, RAJASTHAN, 8, SIKAR, 105, DANTA RAMGARH, 1356, SANGALIYA, 41561, 1465503, Health, 0, 0, 0, 0, 0, 0, 284473, 284473
2015, RAJASTHAN, 8, SIKAR, 105, DANTA RAMGARH, 1356, SANGALIYA, 41561, 1465503, Total, 0, 0, 0, 0, 0, 0, 384473, 384473
2015, RAJASTHAN, 8, SIKAR, 105, DANTA RAMGARH, 1356, SULYAWAS, 41562, 1507236, Cultural activities, 0, 0, 0, 0, 0, 0, 159453, 159453
2015, RAJASTHAN, 8, SIKAR, 105, DANTA RAMGARH, 1356, SULYAWAS, 41562, 1507236, Drinking water, 0, 0, 0, 0, 0, 0, 210000, 210000
2015, RAJASTHAN, 8, SIKAR, 105, DANTA RAMGARH, 1356, SULYAWAS, 41562, 1507236, Health, 0, 0, 0, 0, 0, 0, 265000, 265000
2015, RAJASTHAN, 8, SIKAR, 105, DANTA RAMGARH, 1356, SULYAWAS, 41562, 1507236, Total, 0, 0, 0, 0, 0, 0, 634453, 634453
2015, RAJASTHAN, 8, SIKAR, 105, DANTA RAMGARH, 1356, SURERA, 41563, 1201324, Health, 0, 0, 0, 0, 0, 0, 528414, 528414
2015, RAJASTHAN, 8, SIKAR, 105, DANTA RAMGARH, 1356, SURERA, 41563, 1201324, Total, 0, 0, 0, 0, 0, 0, 528414, 528414
2015, RAJASTHAN, 8, SIKAR, 105, DHOD, 1357, ANOKHOO, 41564, 1144009, Drinking water, 0, 0, 0, 0, 0, 0, 87000, 87000
2015, RAJASTHAN, 8, SIKAR, 105, DHOD, 1357, ANOKHOO, 41564, 1144009, Roads, 0, 0, 0, 0, 0, 0, 680000, 680000
2015, RAJASTHAN, 8, SIKAR, 105, DHOD, 1357, ANOKHOO, 41564, 1144009, Sanitation, 0, 0, 0, 0, 0, 0, 150000, 150000
2015, RAJASTHAN, 8, SIKAR, 105, DHOD, 1357, ANOKHOO, 41564, 1144009, Total, 0, 0, 0, 0, 0, 0, 917000, 917000
2015, RAJASTHAN, 8, SIKAR, 105, DHOD, 1357, BADALWAS, 41565, 1129617, Drinking water, 0, 0, 0, 0, 0, 0, 130438, 130438
2015, RAJASTHAN, 8, SIKAR, 105, DHOD, 1357, BADALWAS, 41565, 1129617, Khadi, 0, 0, 0, 0, 0, 0, 86881, 86881
2015, RAJASTHAN, 8, SIKAR, 105, DHOD, 1357, BADALWAS, 41565, 1129617, Sanitation, 0, 0, 0, 0, 0, 0, 143379, 143379
2015, RAJASTHAN, 8, SIKAR, 105, DHOD, 1357, BADALWAS, 41565, 1129617, Total, 0, 0, 0, 0, 0, 0, 360698, 360698
2015, RAJASTHAN, 8, SIKAR, 105, DHOD, 1357, BADHADAR, 41566, 1144335, Drinking water, 0, 0, 0, 0, 0, 0, 300000, 300000
2015, RAJASTHAN, 8, SIKAR, 105, DHOD, 1357, BADHADAR, 41566, 1144335, Roads, 0, 0, 0, 0, 0, 0, 250000, 250000
2015, RAJASTHAN, 8, SIKAR, 105, DHOD, 1357, BADHADAR, 41566, 1144335, Sanitation, 0, 0, 0, 0, 0, 0, 250000, 250000
2015, RAJASTHAN, 8, SIKAR, 105, DHOD, 1357, BADHADAR, 41566, 1144335, Total, 0, 0, 0, 0, 0, 0, 800000, 800000
2015, RAJASTHAN, 8, SIKAR, 105, DHOD, 1357, BHAIROOPURA, 41567, 1150271, Drinking water, 0, 0, 0, 0, 0, 0, 248000, 248000
2015, RAJASTHAN, 8, SIKAR, 105, DHOD, 1357, BHAIROOPURA, 41567, 1150271, Total, 0, 0, 0, 0, 0, 0, 248000, 248000
2015, RAJASTHAN, 8, SIKAR, 105, DHOD, 1357, BHOOWALA, 41568, 1191716, Sanitation, 0, 0, 0, 0, 0, 0, 670000, 670000
2015, RAJASTHAN, 8, SIKAR, 105, DHOD, 1357, BHOOWALA, 41568, 1191716, Total, 0, 0, 0, 0, 0, 0, 670000, 670000
2015, RAJASTHAN, 8, SIKAR, 105, DHOD, 1357, BIDOLI, 41569, 1114889, Drinking water, 0, 0, 0, 0, 0, 0, 584018, 584018
2015, RAJASTHAN, 8, SIKAR, 105, DHOD, 1357, BIDOLI, 41569, 1114889, Land improvement, 0, 0, 0, 0, 0, 0, 49994, 49994
2015, RAJASTHAN, 8, SIKAR, 105, DHOD, 1357, BIDOLI, 41569, 1114889, Maintenance of community system, 0, 0, 0, 0, 0, 0, 69430, 69430
2015, RAJASTHAN, 8, SIKAR, 105, DHOD, 1357, BIDOLI, 41569, 1114889, Public distribution system, 0, 0, 0, 0, 0, 0, 153495, 153495
2015, RAJASTHAN, 8, SIKAR, 105, DHOD, 1357, BIDOLI, 41569, 1114889, Roads, 0, 0, 0, 0, 0, 0, 75000, 75000
2015, RAJASTHAN, 8, SIKAR, 105, DHOD, 1357, BIDOLI, 41569, 1114889, Sanitation, 0, 0, 0, 0, 0, 0, 11350, 11350
2015, RAJASTHAN, 8, SIKAR, 105, DHOD, 1357, BIDOLI, 41569, 1114889, Total, 0, 0, 0, 0, 0, 0, 943287, 943287
2015, RAJASTHAN, 8, SIKAR, 105, DHOD, 1357, BINJASI, 41570, 1147170, Drinking water, 0, 0, 0, 0, 0, 0, 229752, 229752
2015, RAJASTHAN, 8, SIKAR, 105, DHOD, 1357, BINJASI, 41570, 1147170, Sanitation, 0, 0, 0, 0, 0, 0, 10000, 10000
2015, RAJASTHAN, 8, SIKAR, 105, DHOD, 1357, BINJASI, 41570, 1147170, Total, 0, 0, 0, 0, 0, 0, 239752, 239752
2015, RAJASTHAN, 8, SIKAR, 105, DHOD, 1357, BOSANA, 41571, 1141166, Drinking water, 0, 0, 0, 0, 0, 0, 600000, 600000
2015, RAJASTHAN, 8, SIKAR, 105, DHOD, 1357, BOSANA, 41571, 1141166, Sanitation, 0, 0, 0, 0, 0, 0, 150000, 150000
2015, RAJASTHAN, 8, SIKAR, 105, DHOD, 1357, BOSANA, 41571, 1141166, Total, 0, 0, 0, 0, 0, 0, 750000, 750000
2015, RAJASTHAN, 8, SIKAR, 105, DHOD, 1357, DHOD, 41572, 1373789, Drinking water, 0, 0, 0, 0, 0, 0, 96200, 96200
2015, RAJASTHAN, 8, SIKAR, 105, DHOD, 1357, DHOD, 41572, 1373789, Land improvement, 0, 0, 0, 0, 0, 0, 174308, 174308
2015, RAJASTHAN, 8, SIKAR, 105, DHOD, 1357, DHOD, 41572, 1373789, Roads, 0, 0, 0, 0, 0, 0, 499998, 499998
2015, RAJASTHAN, 8, SIKAR, 105, DHOD, 1357, DHOD, 41572, 1373789, Sanitation, 0, 0, 0, 0, 0, 0, 60542, 60542
2015, RAJASTHAN, 8, SIKAR, 105, DHOD, 1357, DHOD, 41572, 1373789, Total, 0, 0, 0, 0, 0, 0, 831048, 831048
2015, RAJASTHAN, 8, SIKAR, 105, DHOD, 1357, DOOGOLI, 41573, 1147844, Drinking water, 0, 0, 0, 0, 0, 0, 110000, 110000
2015, RAJASTHAN, 8, SIKAR, 105, DHOD, 1357, DOOGOLI, 41573, 1147844, Roads, 0, 0, 0, 0, 0, 0, 470000, 470000
2015, RAJASTHAN, 8, SIKAR, 105, DHOD, 1357, DOOGOLI, 41573, 1147844, Total, 0, 0, 0, 0, 0, 0, 580000, 580000
2015, RAJASTHAN, 8, SIKAR, 105, DHOD, 1357, DOOJOD, 41574, 1151730, Sanitation, 0, 0, 0, 0, 0, 0, 735000, 735000
2015, RAJASTHAN, 8, SIKAR, 105, DHOD, 1357, DOOJOD, 41574, 1151730, Total, 0, 0, 0, 0, 0, 0, 735000, 735000
2015, RAJASTHAN, 8, SIKAR, 105, DHOD, 1357, FATEHPURA, 41575, 1142945, Drinking water, 0, 0, 0, 0, 0, 0, 210000, 210000
2015, RAJASTHAN, 8, SIKAR, 105, DHOD, 1357, FATEHPURA, 41575, 1142945, Roads, 0, 0, 0, 0, 0, 0, 450000, 450000
2015, RAJASTHAN, 8, SIKAR, 105, DHOD, 1357, FATEHPURA, 41575, 1142945, Total, 0, 0, 0, 0, 0, 0, 660000, 660000
2015, RAJASTHAN, 8, SIKAR, 105, DHOD, 1357, GOTHRA BHOOKRAN, 41576, 1147866, Drinking water, 0, 0, 0, 0, 0, 0, 155000, 155000
2015, RAJASTHAN, 8, SIKAR, 105, DHOD, 1357, GOTHRA BHOOKRAN, 41576, 1147866, Sanitation, 0, 0, 0, 0, 0, 0, 300000, 300000
2015, RAJASTHAN, 8, SIKAR, 105, DHOD, 1357, GOTHRA BHOOKRAN, 41576, 1147866, Total, 0, 0, 0, 0, 0, 0, 455000, 455000
2015, RAJASTHAN, 8, SIKAR, 105, DHOD, 1357, GOTHRA TAGELAN, 41577, 1141705, Sanitation, 0, 0, 0, 0, 0, 0, 120000, 120000
2015, RAJASTHAN, 8, SIKAR, 105, DHOD, 1357, GOTHRA TAGELAN, 41577, 1141705, Total, 0, 0, 0, 0, 0, 0, 120000, 120000
2015, RAJASTHAN, 8, SIKAR, 105, DHOD, 1357, JERTHI, 41578, 1175059, Roads, 0, 0, 0, 0, 0, 0, 200000, 200000
2015, RAJASTHAN, 8, SIKAR, 105, DHOD, 1357, JERTHI, 41578, 1175059, Total, 0, 0, 0, 0, 0, 0, 200000, 200000
2015, RAJASTHAN, 8, SIKAR, 105, DHOD, 1357, JHEEGAR CHHOTI, 41579, 1143924, Drinking water, 0, 0, 0, 0, 0, 0, 205000, 205000
2015, RAJASTHAN, 8, SIKAR, 105, DHOD, 1357, JHEEGAR CHHOTI, 41579, 1143924, Total, 0, 0, 0, 0, 0, 0, 205000, 205000
2015, RAJASTHAN, 8, SIKAR, 105, DHOD, 1357, KANWARPURA, 41580, 1149710, Roads, 0, 0, 0, 0, 0, 0, 350000, 350000
2015, RAJASTHAN, 8, SIKAR, 105, DHOD, 1357, KANWARPURA, 41580, 1149710, Total, 0, 0, 0, 0, 0, 0, 350000, 350000
2015, RAJASTHAN, 8, SIKAR, 105, DHOD, 1357, KASLI, 41581, 1120660, Drinking water, 0, 0, 0, 0, 0, 0, 193340, 193340
2015, RAJASTHAN, 8, SIKAR, 105, DHOD, 1357, KASLI, 41581, 1120660, Khadi, 0, 0, 0, 0, 0, 0, 38344, 38344
2015, RAJASTHAN, 8, SIKAR, 105, DHOD, 1357, KASLI, 41581, 1120660, Sanitation, 0, 0, 0, 0, 0, 0, 455156, 455156
2015, RAJASTHAN, 8, SIKAR, 105, DHOD, 1357, KASLI, 41581, 1120660, Total, 0, 0, 0, 0, 0, 0, 686840, 686840
2015, RAJASTHAN, 8, SIKAR, 105, DHOD, 1357, KHAKHOLI, 41582, 1141571, Drinking water, 0, 0, 0, 0, 0, 0, 100000, 100000
2015, RAJASTHAN, 8, SIKAR, 105, DHOD, 1357, KHAKHOLI, 41582, 1141571, Sanitation, 0, 0, 0, 0, 0, 0, 100000, 100000
2015, RAJASTHAN, 8, SIKAR, 105, DHOD, 1357, KHAKHOLI, 41582, 1141571, Total, 0, 0, 0, 0, 0, 0, 200000, 200000
2015, RAJASTHAN, 8, SIKAR, 105, DHOD, 1357, KIRDOLI, 41583, 1120939, Roads, 0, 0, 0, 0, 0, 0, 294396, 294396
2015, RAJASTHAN, 8, SIKAR, 105, DHOD, 1357, KIRDOLI, 41583, 1120939, Sanitation, 0, 0, 0, 0, 0, 0, 19700, 19700
2015, RAJASTHAN, 8, SIKAR, 105, DHOD, 1357, KIRDOLI, 41583, 1120939, Total, 0, 0, 0, 0, 0, 0, 314096, 314096
2015, RAJASTHAN, 8, SIKAR, 105, DHOD, 1357, KUDAN, 41584, 1141720, Drinking water, 0, 0, 0, 0, 0, 0, 175000, 175000
2015, RAJASTHAN, 8, SIKAR, 105, DHOD, 1357, KUDAN, 41584, 1141720, Maintenance of community system, 0, 0, 0, 0, 0, 0, 150000, 150000
2015, RAJASTHAN, 8, SIKAR, 105, DHOD, 1357, KUDAN, 41584, 1141720, Sanitation, 0, 0, 0, 0, 0, 0, 100000, 100000
2015, RAJASTHAN, 8, SIKAR, 105, DHOD, 1357, KUDAN, 41584, 1141720, Total, 0, 0, 0, 0, 0, 0, 425000, 425000
2015, RAJASTHAN, 8, SIKAR, 105, DHOD, 1357, LOSAL CHHOTI, 41585, 1113215, Drinking water, 0, 0, 0, 0, 0, 0, 241739, 241739
2015, RAJASTHAN, 8, SIKAR, 105, DHOD, 1357, LOSAL CHHOTI, 41585, 1113215, Roads, 0, 0, 0, 0, 0, 0, 459669, 459669
2015, RAJASTHAN, 8, SIKAR, 105, DHOD, 1357, LOSAL CHHOTI, 41585, 1113215, Sanitation, 0, 0, 0, 0, 0, 0, 51047, 51047
2015, RAJASTHAN, 8, SIKAR, 105, DHOD, 1357, LOSAL CHHOTI, 41585, 1113215, Total, 0, 0, 0, 0, 0, 0, 752455, 752455
2015, RAJASTHAN, 8, SIKAR, 105, DHOD, 1357, MANDAWARA, 41586, 1148511, Drinking water, 0, 0, 0, 0, 0, 0, 80000, 80000
2015, RAJASTHAN, 8, SIKAR, 105, DHOD, 1357, MANDAWARA, 41586, 1148511, Roads, 0, 0, 0, 0, 0, 0, 350000, 350000
2015, RAJASTHAN, 8, SIKAR, 105, DHOD, 1357, MANDAWARA, 41586, 1148511, Sanitation, 0, 0, 0, 0, 0, 0, 435000, 435000
2015, RAJASTHAN, 8, SIKAR, 105, DHOD, 1357, MANDAWARA, 41586, 1148511, Total, 0, 0, 0, 0, 0, 0, 865000, 865000
2015, RAJASTHAN, 8, SIKAR, 105, DHOD, 1357, MANDOTA, 41587, 1113130, Drinking water, 0, 0, 0, 0, 0, 0, 155064, 155064
2015, RAJASTHAN, 8, SIKAR, 105, DHOD, 1357, MANDOTA, 41587, 1113130, Markets and fairs, 0, 0, 0, 0, 0, 0, 98403, 98403
2015, RAJASTHAN, 8, SIKAR, 105, DHOD, 1357, MANDOTA, 41587, 1113130, Public distribution system, 0, 0, 0, 0, 0, 0, 120000, 120000
2015, RAJASTHAN, 8, SIKAR, 105, DHOD, 1357, MANDOTA, 41587, 1113130, Total, 0, 0, 0, 0, 0, 0, 373467, 373467
2015, RAJASTHAN, 8, SIKAR, 105, DHOD, 1357, MORDOONGA, 41588, 1141764, Drinking water, 0, 0, 0, 0, 0, 0, 242270, 242270
2015, RAJASTHAN, 8, SIKAR, 105, DHOD, 1357, MORDOONGA, 41588, 1141764, Roads, 0, 0, 0, 0, 0, 0, 250000, 250000
2015, RAJASTHAN, 8, SIKAR, 105, DHOD, 1357, MORDOONGA, 41588, 1141764, Total, 0, 0, 0, 0, 0, 0, 492270, 492270
2015, RAJASTHAN, 8, SIKAR, 105, DHOD, 1357, MUNDWARA, 41589, 1148612, Drinking water, 0, 0, 0, 0, 0, 0, 1200000, 1200000
2015, RAJASTHAN, 8, SIKAR, 105, DHOD, 1357, MUNDWARA, 41589, 1148612, Total, 0, 0, 0, 0, 0, 0, 1200000, 1200000
2015, RAJASTHAN, 8, SIKAR, 105, DHOD, 1357, NAGWA, 41590, 1151987, Drinking water, 0, 0, 0, 0, 0, 0, 100000, 100000
2015, RAJASTHAN, 8, SIKAR, 105, DHOD, 1357, NAGWA, 41590, 1151987, Roads, 0, 0, 0, 0, 0, 0, 600000, 600000
2015, RAJASTHAN, 8, SIKAR, 105, DHOD, 1357, NAGWA, 41590, 1151987, Total, 0, 0, 0, 0, 0, 0, 700000, 700000
2015, RAJASTHAN, 8, SIKAR, 105, DHOD, 1357, NETARWAS, 41591, 1120995, Sanitation, 0, 0, 0, 0, 0, 0, 526317, 526317
2015, RAJASTHAN, 8, SIKAR, 105, DHOD, 1357, NETARWAS, 41591, 1120995, Total, 0, 0, 0, 0, 0, 0, 526317, 526317
2015, RAJASTHAN, 8, SIKAR, 105, DHOD, 1357, PALTHANA, 41592, 1120710, Drinking water, 0, 0, 0, 0, 0, 0, 541302, 541302
2015, RAJASTHAN, 8, SIKAR, 105, DHOD, 1357, PALTHANA, 41592, 1120710, Total, 0, 0, 0, 0, 0, 0, 541302, 541302
2015, RAJASTHAN, 8, SIKAR, 105, DHOD, 1357, PEWA, 41593, 1120912, Roads, 0, 0, 0, 0, 0, 0, 340000, 340000
2015, RAJASTHAN, 8, SIKAR, 105, DHOD, 1357, PEWA, 41593, 1120912, Total, 0, 0, 0, 0, 0, 0, 340000, 340000
2015, RAJASTHAN, 8, SIKAR, 105, DHOD, 1357, PURA BARI, 41594, 1140012, Drinking water, 0, 0, 0, 0, 0, 0, 75946, 75946
2015, RAJASTHAN, 8, SIKAR, 105, DHOD, 1357, PURA BARI, 41594, 1140012, Total, 0, 0, 0, 0, 0, 0, 75946, 75946
2015, RAJASTHAN, 8, SIKAR, 105, DHOD, 1357, PURANPURA, 41595, 1111221, Drinking water, 0, 0, 0, 0, 0, 0, 84320, 84320
2015, RAJASTHAN, 8, SIKAR, 105, DHOD, 1357, PURANPURA, 41595, 1111221, Non-conventional energy sources, 0, 0, 0, 0, 0, 0, 62976, 62976
2015, RAJASTHAN, 8, SIKAR, 105, DHOD, 1357, PURANPURA, 41595, 1111221, Public distribution system, 0, 0, 0, 0, 0, 0, 67231, 67231
2015, RAJASTHAN, 8, SIKAR, 105, DHOD, 1357, PURANPURA, 41595, 1111221, Total, 0, 0, 0, 0, 0, 0, 214527, 214527
2015, RAJASTHAN, 8, SIKAR, 105, DHOD, 1357, RASEEDPURA, 41596, 1139994, Roads, 0, 0, 0, 0, 0, 0, 250000, 250000
2015, RAJASTHAN, 8, SIKAR, 105, DHOD, 1357, RASEEDPURA, 41596, 1139994, Sanitation, 0, 0, 0, 0, 0, 0, 400000, 400000
2015, RAJASTHAN, 8, SIKAR, 105, DHOD, 1357, RASEEDPURA, 41596, 1139994, Total, 0, 0, 0, 0, 0, 0, 650000, 650000
2015, RAJASTHAN, 8, SIKAR, 105, DHOD, 1357, SANWALODA DHAYLAN, 41597, 1139626, Drinking water, 0, 0, 0, 0, 0, 0, 192551, 192551
2015, RAJASTHAN, 8, SIKAR, 105, DHOD, 1357, SANWALODA DHAYLAN, 41597, 1139626, Roads, 0, 0, 0, 0, 0, 0, 483449, 483449
2015, RAJASTHAN, 8, SIKAR, 105, DHOD, 1357, SANWALODA DHAYLAN, 41597, 1139626, Sanitation, 0, 0, 0, 0, 0, 0, 149901, 149901
2015, RAJASTHAN, 8, SIKAR, 105, DHOD, 1357, SANWALODA DHAYLAN, 41597, 1139626, Total, 0, 0, 0, 0, 0, 0, 953787, 953787
2015, RAJASTHAN, 8, SIKAR, 105, DHOD, 1357, SANWALODA DHAYLAN, 41597, 1139626, Welfare of the weaker sections, 0, 0, 0, 0, 0, 0, 127886, 127886
2015, RAJASTHAN, 8, SIKAR, 105, DHOD, 1357, SANWALODA PUROHITAN, 41598, 1141671, Drinking water, 0, 0, 0, 0, 0, 0, 60000, 60000
2015, RAJASTHAN, 8, SIKAR, 105, DHOD, 1357, SANWALODA PUROHITAN, 41598, 1141671, Sanitation, 0, 0, 0, 0, 0, 0, 50000, 50000
2015, RAJASTHAN, 8, SIKAR, 105, DHOD, 1357, SANWALODA PUROHITAN, 41598, 1141671, Total, 0, 0, 0, 0, 0, 0, 110000, 110000
2015, RAJASTHAN, 8, SIKAR, 105, DHOD, 1357, SARWARI, 41599, 1113209, Drinking water, 0, 0, 0, 0, 0, 0, 21053, 21053
2015, RAJASTHAN, 8, SIKAR, 105, DHOD, 1357, SARWARI, 41599, 1113209, Sanitation, 0, 0, 0, 0, 0, 0, 124958, 124958
2015, RAJASTHAN, 8, SIKAR, 105, DHOD, 1357, SARWARI, 41599, 1113209, Total, 0, 0, 0, 0, 0, 0, 146011, 146011
2015, RAJASTHAN, 8, SIKAR, 105, DHOD, 1357, SEWA, 41600, 1120790, Drinking water, 0, 0, 0, 0, 0, 0, 50000, 50000
2015, RAJASTHAN, 8, SIKAR, 105, DHOD, 1357, SEWA, 41600, 1120790, Roads, 0, 0, 0, 0, 0, 0, 100000, 100000
2015, RAJASTHAN, 8, SIKAR, 105, DHOD, 1357, SEWA, 41600, 1120790, Sanitation, 0, 0, 0, 0, 0, 0, 20000, 20000
2015, RAJASTHAN, 8, SIKAR, 105, DHOD, 1357, SEWA, 41600, 1120790, Total, 0, 0, 0, 0, 0, 0, 170000, 170000
2015, RAJASTHAN, 8, SIKAR, 105, DHOD, 1357, SEWAD BARI, 41601, 1118193, Drinking water, 0, 0, 0, 0, 0, 0, 393537, 393537
2015, RAJASTHAN, 8, SIKAR, 105, DHOD, 1357, SEWAD BARI, 41601, 1118193, Total, 0, 0, 0, 0, 0, 0, 393537, 393537
2015, RAJASTHAN, 8, SIKAR, 105, DHOD, 1357, SHAHPURA, 41602, 1143242, Drinking water, 0, 0, 0, 0, 0, 0, 100000, 100000
2015, RAJASTHAN, 8, SIKAR, 105, DHOD, 1357, SHAHPURA, 41602, 1143242, Sanitation, 0, 0, 0, 0, 0, 0, 370000, 370000
2015, RAJASTHAN, 8, SIKAR, 105, DHOD, 1357, SHAHPURA, 41602, 1143242, Total, 0, 0, 0, 0, 0, 0, 470000, 470000
2015, RAJASTHAN, 8, SIKAR, 105, DHOD, 1357, SHYAMPURA, 41603, 1118201, Drinking water, 0, 0, 0, 0, 0, 0, 153333, 153333
2015, RAJASTHAN, 8, SIKAR, 105, DHOD, 1357, SHYAMPURA, 41603, 1118201, Roads, 0, 0, 0, 0, 0, 0, 480662, 480662
2015, RAJASTHAN, 8, SIKAR, 105, DHOD, 1357, SHYAMPURA, 41603, 1118201, Total, 0, 0, 0, 0, 0, 0, 633995, 633995
2015, RAJASTHAN, 8, SIKAR, 105, DHOD, 1357, SIHOT BARI, 41604, 1140082, Drinking water, 0, 0, 0, 0, 0, 0, 130000, 130000
2015, RAJASTHAN, 8, SIKAR, 105, DHOD, 1357, SIHOT BARI, 41604, 1140082, Total, 0, 0, 0, 0, 0, 0, 130000, 130000
2015, RAJASTHAN, 8, SIKAR, 105, DHOD, 1357, SIHOT CHHOTI, 41605, 1147901, Drinking water, 0, 0, 0, 0, 0, 0, 30000, 30000
2015, RAJASTHAN, 8, SIKAR, 105, DHOD, 1357, SIHOT CHHOTI, 41605, 1147901, Maintenance of community system, 0, 0, 0, 0, 0, 0, 50000, 50000
2015, RAJASTHAN, 8, SIKAR, 105, DHOD, 1357, SIHOT CHHOTI, 41605, 1147901, Roads, 0, 0, 0, 0, 0, 0, 270000, 270000
2015, RAJASTHAN, 8, SIKAR, 105, DHOD, 1357, SIHOT CHHOTI, 41605, 1147901, Sanitation, 0, 0, 0, 0, 0, 0, 68000, 68000
2015, RAJASTHAN, 8, SIKAR, 105, DHOD, 1357, SIHOT CHHOTI, 41605, 1147901, Total, 0, 0, 0, 0, 0, 0, 418000, 418000
2015, RAJASTHAN, 8, SIKAR, 105, DHOD, 1357, SINGRAWAT, 41606, 1143088, Drinking water, 0, 0, 0, 0, 0, 0, 115000, 115000
2015, RAJASTHAN, 8, SIKAR, 105, DHOD, 1357, SINGRAWAT, 41606, 1143088, Roads, 0, 0, 0, 0, 0, 0, 650000, 650000
2015, RAJASTHAN, 8, SIKAR, 105, DHOD, 1357, SINGRAWAT, 41606, 1143088, Sanitation, 0, 0, 0, 0, 0, 0, 340000, 340000
2015, RAJASTHAN, 8, SIKAR, 105, DHOD, 1357, SINGRAWAT, 41606, 1143088, Total, 0, 0, 0, 0, 0, 0, 1105000, 1105000
2015, RAJASTHAN, 8, SIKAR, 105, FATEHPUR, 1358, ATTHWAS, 41607, 1153405, Drinking water, 0, 0, 0, 0, 0, 0, 90000, 90000
2015, RAJASTHAN, 8, SIKAR, 105, FATEHPUR, 1358, ATTHWAS, 41607, 1153405, Roads, 0, 0, 0, 0, 0, 0, 1092736, 1092736
2015, RAJASTHAN, 8, SIKAR, 105, FATEHPUR, 1358, ATTHWAS, 41607, 1153405, Total, 0, 0, 0, 0, 0, 0, 1182736, 1182736
2015, RAJASTHAN, 8, SIKAR, 105, FATEHPUR, 1358, BALOD CHHOTI, 41610, 1158887, Drinking water, 0, 0, 0, 0, 0, 0, 29000, 29000
2015, RAJASTHAN, 8, SIKAR, 105, FATEHPUR, 1358, BALOD CHHOTI, 41610, 1158887, Roads, 0, 0, 0, 0, 0, 0, 301000, 301000
2015, RAJASTHAN, 8, SIKAR, 105, FATEHPUR, 1358, BALOD CHHOTI, 41610, 1158887, Sanitation, 0, 0, 0, 0, 0, 0, 1050258, 1050258
2015, RAJASTHAN, 8, SIKAR, 105, FATEHPUR, 1358, BALOD CHHOTI, 41610, 1158887, Total, 0, 0, 0, 0, 0, 0, 1380258, 1380258
2015, RAJASTHAN, 8, SIKAR, 105, FATEHPUR, 1358, BATHOD, 41611, 1155152, Drinking water, 0, 0, 0, 0, 0, 0, 190992, 190992
2015, RAJASTHAN, 8, SIKAR, 105, FATEHPUR, 1358, BATHOD, 41611, 1155152, Roads, 0, 0, 0, 0, 0, 0, 990000, 990000
2015, RAJASTHAN, 8, SIKAR, 105, FATEHPUR, 1358, BATHOD, 41611, 1155152, Total, 0, 0, 0, 0, 0, 0, 1180992, 1180992
2015, RAJASTHAN, 8, SIKAR, 105, FATEHPUR, 1358, BESWA, 41613, 1141244, Cultural activities, 0, 0, 0, 0, 0, 0, 240130, 240130
2015, RAJASTHAN, 8, SIKAR, 105, FATEHPUR, 1358, BESWA, 41613, 1141244, Roads, 0, 0, 0, 0, 0, 0, 1475000, 1475000
2015, RAJASTHAN, 8, SIKAR, 105, FATEHPUR, 1358, BESWA, 41613, 1141244, Total, 0, 0, 0, 0, 0, 0, 1715130, 1715130
2015, RAJASTHAN, 8, SIKAR, 105, FATEHPUR, 1358, BHEECHRI, 41614, 1153433, Cultural activities, 0, 0, 0, 0, 0, 0, 151951, 151951
2015, RAJASTHAN, 8, SIKAR, 105, FATEHPUR, 1358, BHEECHRI, 41614, 1153433, Drinking water, 0, 0, 0, 0, 0, 0, 125000, 125000
2015, RAJASTHAN, 8, SIKAR, 105, FATEHPUR, 1358, BHEECHRI, 41614, 1153433, Roads, 0, 0, 0, 0, 0, 0, 1250000, 1250000
2015, RAJASTHAN, 8, SIKAR, 105, FATEHPUR, 1358, BHEECHRI, 41614, 1153433, Rural housing, 0, 0, 0, 0, 0, 0, 65000, 65000
2015, RAJASTHAN, 8, SIKAR, 105, FATEHPUR, 1358, BHEECHRI, 41614, 1153433, Total, 0, 0, 0, 0, 0, 0, 1591951, 1591951
2015, RAJASTHAN, 8, SIKAR, 105, FATEHPUR, 1358, BIBIPUR CHOTTA, 41615, 1158891, Sanitation, 0, 0, 0, 0, 0, 0, 951857, 951857
2015, RAJASTHAN, 8, SIKAR, 105, FATEHPUR, 1358, BIBIPUR CHOTTA, 41615, 1158891, Total, 0, 0, 0, 0, 0, 0, 951857, 951857
2015, RAJASTHAN, 8, SIKAR, 105, FATEHPUR, 1358, BIRANIYA, 41616, 1154754, Cultural activities, 0, 0, 0, 0, 0, 0, 350000, 350000
2015, RAJASTHAN, 8, SIKAR, 105, FATEHPUR, 1358, BIRANIYA, 41616, 1154754, Drinking water, 0, 0, 0, 0, 0, 0, 281024, 281024
2015, RAJASTHAN, 8, SIKAR, 105, FATEHPUR, 1358, BIRANIYA, 41616, 1154754, Roads, 0, 0, 0, 0, 0, 0, 865000, 865000
2015, RAJASTHAN, 8, SIKAR, 105, FATEHPUR, 1358, BIRANIYA, 41616, 1154754, Total, 0, 0, 0, 0, 0, 0, 1496024, 1496024
2015, RAJASTHAN, 8, SIKAR, 105, FATEHPUR, 1358, DANTRU, 41618, 1154483, Drinking water, 0, 0, 0, 0, 0, 0, 206000, 206000
2015, RAJASTHAN, 8, SIKAR, 105, FATEHPUR, 1358, DANTRU, 41618, 1154483, Roads, 0, 0, 0, 0, 0, 0, 1128556, 1128556
2015, RAJASTHAN, 8, SIKAR, 105, FATEHPUR, 1358, DANTRU, 41618, 1154483, Sanitation, 0, 0, 0, 0, 0, 0, 180000, 180000
2015, RAJASTHAN, 8, SIKAR, 105, FATEHPUR, 1358, DANTRU, 41618, 1154483, Total, 0, 0, 0, 0, 0, 0, 1514556, 1514556
2015, RAJASTHAN, 8, SIKAR, 105, FATEHPUR, 1358, DEENWA LADKHANI, 41619, 1157217, Drinking water, 0, 0, 0, 0, 0, 0, 153694, 153694
2015, RAJASTHAN, 8, SIKAR, 105, FATEHPUR, 1358, DEENWA LADKHANI, 41619, 1157217, Roads, 0, 0, 0, 0, 0, 0, 1060000, 1060000
2015, RAJASTHAN, 8, SIKAR, 105, FATEHPUR, 1358, DEENWA LADKHANI, 41619, 1157217, Total, 0, 0, 0, 0, 0, 0, 1213694, 1213694
2015, RAJASTHAN, 8, SIKAR, 105, FATEHPUR, 1358, DEWAS, 41620, 1157266, Drinking water, 0, 0, 0, 0, 0, 0, 1089910, 1089910
2015, RAJASTHAN, 8, SIKAR, 105, FATEHPUR, 1358, DEWAS, 41620, 1157266, Roads, 0, 0, 0, 0, 0, 0, 700000, 700000
2015, RAJASTHAN, 8, SIKAR, 105, FATEHPUR, 1358, DEWAS, 41620, 1157266, Total, 0, 0, 0, 0, 0, 0, 1789910, 1789910
2015, RAJASTHAN, 8, SIKAR, 105, FATEHPUR, 1358, DHANDHAN, 41621, 1141242, Cultural activities, 0, 0, 0, 0, 0, 0, 475000, 475000
2015, RAJASTHAN, 8, SIKAR, 105, FATEHPUR, 1358, DHANDHAN, 41621, 1141242, Drinking water, 0, 0, 0, 0, 0, 0, 443846, 443846
2015, RAJASTHAN, 8, SIKAR, 105, FATEHPUR, 1358, DHANDHAN, 41621, 1141242, Roads, 0, 0, 0, 0, 0, 0, 500000, 500000
2015, RAJASTHAN, 8, SIKAR, 105, FATEHPUR, 1358, DHANDHAN, 41621, 1141242, Total, 0, 0, 0, 0, 0, 0, 1418846, 1418846
2015, RAJASTHAN, 8, SIKAR, 105, FATEHPUR, 1358, GANGYASAR, 41623, 1179260, Drinking water, 0, 0, 0, 0, 0, 0, 1017687, 1017687
2015, RAJASTHAN, 8, SIKAR, 105, FATEHPUR, 1358, GANGYASAR, 41623, 1179260, Roads, 0, 0, 0, 0, 0, 0, 300000, 300000
2015, RAJASTHAN, 8, SIKAR, 105, FATEHPUR, 1358, GANGYASAR, 41623, 1179260, Total, 0, 0, 0, 0, 0, 0, 1317687, 1317687
2015, RAJASTHAN, 8, SIKAR, 105, FATEHPUR, 1358, GARINDA, 41624, 1141241, Cultural activities, 0, 0, 0, 0, 0, 0, 215000, 215000
2015, RAJASTHAN, 8, SIKAR, 105, FATEHPUR, 1358, GARINDA, 41624, 1141241, Drinking water, 0, 0, 0, 0, 0, 0, 180000, 180000
2015, RAJASTHAN, 8, SIKAR, 105, FATEHPUR, 1358, GARINDA, 41624, 1141241, Roads, 0, 0, 0, 0, 0, 0, 1337789, 1337789
2015, RAJASTHAN, 8, SIKAR, 105, FATEHPUR, 1358, GARINDA, 41624, 1141241, Total, 0, 0, 0, 0, 0, 0, 1732789, 1732789
2015, RAJASTHAN, 8, SIKAR, 105, FATEHPUR, 1358, GODIYA BARA, 41625, 1157268, Drinking water, 0, 0, 0, 0, 0, 0, 441887, 441887
2015, RAJASTHAN, 8, SIKAR, 105, FATEHPUR, 1358, GODIYA BARA, 41625, 1157268, Roads, 0, 0, 0, 0, 0, 0, 900000, 900000
2015, RAJASTHAN, 8, SIKAR, 105, FATEHPUR, 1358, GODIYA BARA, 41625, 1157268, Total, 0, 0, 0, 0, 0, 0, 1341887, 1341887
2015, RAJASTHAN, 8, SIKAR, 105, FATEHPUR, 1358, HIRNA, 41626, 1157212, Drinking water, 0, 0, 0, 0, 0, 0, 129332, 129332
2015, RAJASTHAN, 8, SIKAR, 105, FATEHPUR, 1358, HIRNA, 41626, 1157212, Roads, 0, 0, 0, 0, 0, 0, 700000, 700000
2015, RAJASTHAN, 8, SIKAR, 105, FATEHPUR, 1358, HIRNA, 41626, 1157212, Total, 0, 0, 0, 0, 0, 0, 829332, 829332
2015, RAJASTHAN, 8, SIKAR, 105, FATEHPUR, 1358, HUDERA, 41627, 1153379, Drinking water, 0, 0, 0, 0, 0, 0, 142064, 142064
2015, RAJASTHAN, 8, SIKAR, 105, FATEHPUR, 1358, HUDERA, 41627, 1153379, Roads, 0, 0, 0, 0, 0, 0, 1110000, 1110000
2015, RAJASTHAN, 8, SIKAR, 105, FATEHPUR, 1358, HUDERA, 41627, 1153379, Total, 0, 0, 0, 0, 0, 0, 1252064, 1252064
2015, RAJASTHAN, 8, SIKAR, 105, FATEHPUR, 1358, KAYAMSAR, 41628, 1157288, Roads, 0, 0, 0, 0, 0, 0, 935288, 935288
2015, RAJASTHAN, 8, SIKAR, 105, FATEHPUR, 1358, KAYAMSAR, 41628, 1157288, Total, 0, 0, 0, 0, 0, 0, 935288, 935288
2015, RAJASTHAN, 8, SIKAR, 105, FATEHPUR, 1358, KHOTIYA, 41629, 1167749, Drinking water, 0, 0, 0, 0, 0, 0, 459000, 459000
2015, RAJASTHAN, 8, SIKAR, 105, FATEHPUR, 1358, KHOTIYA, 41629, 1167749, Roads, 0, 0, 0, 0, 0, 0, 974672, 974672
2015, RAJASTHAN, 8, SIKAR, 105, FATEHPUR, 1358, KHOTIYA, 41629, 1167749, Total, 0, 0, 0, 0, 0, 0, 1433672, 1433672
2015, RAJASTHAN, 8, SIKAR, 105, FATEHPUR, 1358, MANDELA BARA, 41630, 1154409, Drinking water, 0, 0, 0, 0, 0, 0, 150000, 150000
2015, RAJASTHAN, 8, SIKAR, 105, FATEHPUR, 1358, MANDELA BARA, 41630, 1154409, Roads, 0, 0, 0, 0, 0, 0, 965804, 965804
2015, RAJASTHAN, 8, SIKAR, 105, FATEHPUR, 1358, MANDELA BARA, 41630, 1154409, Total, 0, 0, 0, 0, 0, 0, 1115804, 1115804
2015, RAJASTHAN, 8, SIKAR, 105, FATEHPUR, 1358, NABIPURA, 41631, 1141245, Drinking water, 0, 0, 0, 0, 0, 0, 293301, 293301
2015, RAJASTHAN, 8, SIKAR, 105, FATEHPUR, 1358, NABIPURA, 41631, 1141245, Roads, 0, 0, 0, 0, 0, 0, 768000, 768000
2015, RAJASTHAN, 8, SIKAR, 105, FATEHPUR, 1358, NABIPURA, 41631, 1141245, Total, 0, 0, 0, 0, 0, 0, 1061301, 1061301
2015, RAJASTHAN, 8, SIKAR, 105, FATEHPUR, 1358, NAYABAS, 41632, 1173687, Cultural activities, 0, 0, 0, 0, 0, 0, 500000, 500000
2015, RAJASTHAN, 8, SIKAR, 105, FATEHPUR, 1358, NAYABAS, 41632, 1173687, Drinking water, 0, 0, 0, 0, 0, 0, 200000, 200000
2015, RAJASTHAN, 8, SIKAR, 105, FATEHPUR, 1358, NAYABAS, 41632, 1173687, Roads, 0, 0, 0, 0, 0, 0, 321760, 321760
2015, RAJASTHAN, 8, SIKAR, 105, FATEHPUR, 1358, NAYABAS, 41632, 1173687, Rural housing, 0, 0, 0, 0, 0, 0, 200000, 200000
2015, RAJASTHAN, 8, SIKAR, 105, FATEHPUR, 1358, NAYABAS, 41632, 1173687, Total, 0, 0, 0, 0, 0, 0, 1221760, 1221760
2015, RAJASTHAN, 8, SIKAR, 105, FATEHPUR, 1358, PALAS, 41633, 1155106, Drinking water, 0, 0, 0, 0, 0, 0, 78652, 78652
2015, RAJASTHAN, 8, SIKAR, 105, FATEHPUR, 1358, PALAS, 41633, 1155106, Roads, 0, 0, 0, 0, 0, 0, 1500000, 1500000
2015, RAJASTHAN, 8, SIKAR, 105, FATEHPUR, 1358, PALAS, 41633, 1155106, Total, 0, 0, 0, 0, 0, 0, 1578652, 1578652
2015, RAJASTHAN, 8, SIKAR, 105, FATEHPUR, 1358, ROHAL SAHABSAR, 41636, 1044292, Cultural activities, 0, 0, 0, 0, 0, 0, 63000, 63000
2015, RAJASTHAN, 8, SIKAR, 105, FATEHPUR, 1358, ROHAL SAHABSAR, 41636, 1044292, Drinking water, 0, 0, 0, 0, 0, 0, 100000, 100000
2015, RAJASTHAN, 8, SIKAR, 105, FATEHPUR, 1358, ROHAL SAHABSAR, 41636, 1044292, Roads, 0, 0, 0, 0, 0, 0, 1476159, 1476159
2015, RAJASTHAN, 8, SIKAR, 105, FATEHPUR, 1358, ROHAL SAHABSAR, 41636, 1044292, Rural housing, 0, 0, 0, 0, 0, 0, 90000, 90000
2015, RAJASTHAN, 8, SIKAR, 105, FATEHPUR, 1358, ROHAL SAHABSAR, 41636, 1044292, Sanitation, 0, 0, 0, 0, 0, 0, 163000, 163000
2015, RAJASTHAN, 8, SIKAR, 105, FATEHPUR, 1358, ROHAL SAHABSAR, 41636, 1044292, Total, 0, 0, 0, 0, 0, 0, 1892159, 1892159
2015, RAJASTHAN, 8, SIKAR, 105, FATEHPUR, 1358, ROSAWA, 41637, 1154509, Drinking water, 0, 0, 0, 0, 0, 0, 203883, 203883
2015, RAJASTHAN, 8, SIKAR, 105, FATEHPUR, 1358, ROSAWA, 41637, 1154509, Roads, 0, 0, 0, 0, 0, 0, 1000000, 1000000
2015, RAJASTHAN, 8, SIKAR, 105, FATEHPUR, 1358, ROSAWA, 41637, 1154509, Total, 0, 0, 0, 0, 0, 0, 1203883, 1203883
2015, RAJASTHAN, 8, SIKAR, 105, FATEHPUR, 1358, SAHANUSAR, 41638, 1158819, Roads, 0, 0, 0, 0, 0, 0, 1533959, 1533959
2015, RAJASTHAN, 8, SIKAR, 105, FATEHPUR, 1358, SAHANUSAR, 41638, 1158819, Total, 0, 0, 0, 0, 0, 0, 1533959, 1533959
2015, RAJASTHAN, 8, SIKAR, 105, FATEHPUR, 1358, TAKHALSAR, 41639, 1141246, Drinking water, 0, 0, 0, 0, 0, 0, 170670, 170670
2015, RAJASTHAN, 8, SIKAR, 105, FATEHPUR, 1358, TAKHALSAR, 41639, 1141246, Roads, 0, 0, 0, 0, 0, 0, 1050000, 1050000
2015, RAJASTHAN, 8, SIKAR, 105, FATEHPUR, 1358, TAKHALSAR, 41639, 1141246, Total, 0, 0, 0, 0, 0, 0, 1220670, 1220670
2015, RAJASTHAN, 8, SIKAR, 105, FATEHPUR, 1358, THEDI, 262748, 1179154, Drinking water, 0, 0, 0, 0, 0, 0, 361104, 361104
2015, RAJASTHAN, 8, SIKAR, 105, FATEHPUR, 1358, THEDI, 262748, 1179154, Roads, 0, 0, 0, 0, 0, 0, 500000, 500000
2015, RAJASTHAN, 8, SIKAR, 105, FATEHPUR, 1358, THEDI, 262748, 1179154, Rural housing, 0, 0, 0, 0, 0, 0, 239875, 239875
2015, RAJASTHAN, 8, SIKAR, 105, FATEHPUR, 1358, THEDI, 262748, 1179154, Total, 0, 0, 0, 0, 0, 0, 1100979, 1100979
2015, RAJASTHAN, 8, SIKAR, 105, FATEHPUR, 1358, THEEMOLI, 41640, 1184032, Cultural activities, 0, 0, 0, 0, 0, 0, 898725, 898725
2015, RAJASTHAN, 8, SIKAR, 105, FATEHPUR, 1358, THEEMOLI, 41640, 1184032, Roads, 0, 0, 0, 0, 0, 0, 250000, 250000
2015, RAJASTHAN, 8, SIKAR, 105, FATEHPUR, 1358, THEEMOLI, 41640, 1184032, Total, 0, 0, 0, 0, 0, 0, 1148725, 1148725
2015, RAJASTHAN, 8, SIKAR, 105, FATEHPUR, 1358, TIHAWALI, 41641, 1141248, Cultural activities, 0, 0, 0, 0, 0, 0, 500000, 500000
2015, RAJASTHAN, 8, SIKAR, 105, FATEHPUR, 1358, TIHAWALI, 41641, 1141248, Drinking water, 0, 0, 0, 0, 0, 0, 77456, 77456
2015, RAJASTHAN, 8, SIKAR, 105, FATEHPUR, 1358, TIHAWALI, 41641, 1141248, Roads, 0, 0, 0, 0, 0, 0, 1115000, 1115000
2015, RAJASTHAN, 8, SIKAR, 105, FATEHPUR, 1358, TIHAWALI, 41641, 1141248, Total, 0, 0, 0, 0, 0, 0, 1692456, 1692456
2015, RAJASTHAN, 8, SIKAR, 105, KHANDELA, 1359, BAORI, 41642, 1111953, Drinking water, 0, 0, 0, 0, 0, 0, 200000, 200000
2015, RAJASTHAN, 8, SIKAR, 105, KHANDELA, 1359, BAORI, 41642, 1111953, Roads, 0, 0, 0, 0, 0, 0, 600000, 600000
2015, RAJASTHAN, 8, SIKAR, 105, KHANDELA, 1359, BAORI, 41642, 1111953, Social welfare, 0, 0, 0, 0, 0, 0, 200000, 200000
2015, RAJASTHAN, 8, SIKAR, 105, KHANDELA, 1359, BAORI, 41642, 1111953, Total, 0, 0, 0, 0, 0, 0, 1000000, 1000000
2015, RAJASTHAN, 8, SIKAR, 105, KHANDELA, 1359, BARSINGHPURA, 41643, 1115478, Drinking water, 0, 0, 0, 0, 0, 0, 91841, 91841
2015, RAJASTHAN, 8, SIKAR, 105, KHANDELA, 1359, BARSINGHPURA, 41643, 1115478, Total, 0, 0, 0, 0, 0, 0, 91841, 91841
2015, RAJASTHAN, 8, SIKAR, 105, KHANDELA, 1359, BASRI, 41644, 1118466, Drinking water, 0, 0, 0, 0, 0, 0, 140171, 140171
2015, RAJASTHAN, 8, SIKAR, 105, KHANDELA, 1359, BASRI, 41644, 1118466, Total, 0, 0, 0, 0, 0, 0, 140171, 140171
2015, RAJASTHAN, 8, SIKAR, 105, KHANDELA, 1359, BHADWARI, 41645, 1111839, Sanitation, 0, 0, 0, 0, 0, 0, 535738, 535738
2015, RAJASTHAN, 8, SIKAR, 105, KHANDELA, 1359, BHADWARI, 41645, 1111839, Total, 0, 0, 0, 0, 0, 0, 535738, 535738
2015, RAJASTHAN, 8, SIKAR, 105, KHANDELA, 1359, BURJA KI DHANI, 41646, 1115079, Maintenance of community system, 0, 0, 0, 0, 0, 0, 52025, 52025
2015, RAJASTHAN, 8, SIKAR, 105, KHANDELA, 1359, BURJA KI DHANI, 41646, 1115079, Total, 0, 0, 0, 0, 0, 0, 52025, 52025
2015, RAJASTHAN, 8, SIKAR, 105, KHANDELA, 1359, CHAUKRI, 41647, 1118526, Drinking water, 0, 0, 0, 0, 0, 0, 241393, 241393
2015, RAJASTHAN, 8, SIKAR, 105, KHANDELA, 1359, CHAUKRI, 41647, 1118526, Maintenance of community system, 0, 0, 0, 0, 0, 0, 49990, 49990
2015, RAJASTHAN, 8, SIKAR, 105, KHANDELA, 1359, CHAUKRI, 41647, 1118526, Total, 0, 0, 0, 0, 0, 0, 291383, 291383
2015, RAJASTHAN, 8, SIKAR, 105, KHANDELA, 1359, DAYRA, 41648, 1118756, Social welfare, 0, 0, 0, 0, 0, 0, 47700, 47700
2015, RAJASTHAN, 8, SIKAR, 105, KHANDELA, 1359, DAYRA, 41648, 1118756, Total, 0, 0, 0, 0, 0, 0, 47700, 47700
2015, RAJASTHAN, 8, SIKAR, 105, KHANDELA, 1359, DHALYAWAS, 41649, 1118772, Public distribution system, 0, 0, 0, 0, 0, 0, 49990, 49990
2015, RAJASTHAN, 8, SIKAR, 105, KHANDELA, 1359, DHALYAWAS, 41649, 1118772, Total, 0, 0, 0, 0, 0, 0, 49990, 49990
2015, RAJASTHAN, 8, SIKAR, 105, KHANDELA, 1359, DHANI GUMANSINGH, 41650, 1115327, Maintenance of community system, 0, 0, 0, 0, 0, 0, 2894, 2894
2015, RAJASTHAN, 8, SIKAR, 105, KHANDELA, 1359, DHANI GUMANSINGH, 41650, 1115327, Rural electrification, 0, 0, 0, 0, 0, 0, 3300, 3300
2015, RAJASTHAN, 8, SIKAR, 105, KHANDELA, 1359, DHANI GUMANSINGH, 41650, 1115327, Total, 0, 0, 0, 0, 0, 0, 6194, 6194
2015, RAJASTHAN, 8, SIKAR, 105, KHANDELA, 1359, DOODHWALO KA BAS, 41651, 1115422, Maintenance of community system, 0, 0, 0, 0, 0, 0, 50090, 50090
2015, RAJASTHAN, 8, SIKAR, 105, KHANDELA, 1359, DOODHWALO KA BAS, 41651, 1115422, Total, 0, 0, 0, 0, 0, 0, 50090, 50090
2015, RAJASTHAN, 8, SIKAR, 105, KHANDELA, 1359, DULHEPURA, 41652, 1118613, Drinking water, 0, 0, 0, 0, 0, 0, 98694, 98694
2015, RAJASTHAN, 8, SIKAR, 105, KHANDELA, 1359, DULHEPURA, 41652, 1118613, Total, 0, 0, 0, 0, 0, 0, 98694, 98694
2015, RAJASTHAN, 8, SIKAR, 105, KHANDELA, 1359, GOKUL KA BAS, 41653, 1113278, Maintenance of community system, 0, 0, 0, 0, 0, 0, 49990, 49990
2015, RAJASTHAN, 8, SIKAR, 105, KHANDELA, 1359, GOKUL KA BAS, 41653, 1113278, Roads, 0, 0, 0, 0, 0, 0, 150260, 150260
2015, RAJASTHAN, 8, SIKAR, 105, KHANDELA, 1359, GOKUL KA BAS, 41653, 1113278, Sanitation, 0, 0, 0, 0, 0, 0, 60500, 60500
2015, RAJASTHAN, 8, SIKAR, 105, KHANDELA, 1359, GOKUL KA BAS, 41653, 1113278, Total, 0, 0, 0, 0, 0, 0, 260750, 260750
2015, RAJASTHAN, 8, SIKAR, 105, KHANDELA, 1359, GOVINDPURA, 41654, 1114427, Roads, 0, 0, 0, 0, 0, 0, 1321000, 1321000
2015, RAJASTHAN, 8, SIKAR, 105, KHANDELA, 1359, GOVINDPURA, 41654, 1114427, Total, 0, 0, 0, 0, 0, 0, 1321000, 1321000
2015, RAJASTHAN, 8, SIKAR, 105, KHANDELA, 1359, GURARA, 41655, 1119248, Roads, 0, 0, 0, 0, 0, 0, 1061000, 1061000
2015, RAJASTHAN, 8, SIKAR, 105, KHANDELA, 1359, GURARA, 41655, 1119248, Total, 0, 0, 0, 0, 0, 0, 1061000, 1061000
2015, RAJASTHAN, 8, SIKAR, 105, KHANDELA, 1359, HARDAS KA BAS, 41656, 1118509, Drinking water, 0, 0, 0, 0, 0, 0, 147166, 147166
2015, RAJASTHAN, 8, SIKAR, 105, KHANDELA, 1359, HARDAS KA BAS, 41656, 1118509, Maintenance of community system, 0, 0, 0, 0, 0, 0, 49990, 49990
2015, RAJASTHAN, 8, SIKAR, 105, KHANDELA, 1359, HARDAS KA BAS, 41656, 1118509, Total, 0, 0, 0, 0, 0, 0, 197156, 197156
2015, RAJASTHAN, 8, SIKAR, 105, KHANDELA, 1359, HATHIDEH, 41657, 1115471, Drinking water, 0, 0, 0, 0, 0, 0, 217000, 217000
2015, RAJASTHAN, 8, SIKAR, 105, KHANDELA, 1359, HATHIDEH, 41657, 1115471, Maintenance of community system, 0, 0, 0, 0, 0, 0, 49990, 49990
2015, RAJASTHAN, 8, SIKAR, 105, KHANDELA, 1359, HATHIDEH, 41657, 1115471, Sanitation, 0, 0, 0, 0, 0, 0, 82000, 82000
2015, RAJASTHAN, 8, SIKAR, 105, KHANDELA, 1359, HATHIDEH, 41657, 1115471, Total, 0, 0, 0, 0, 0, 0, 348990, 348990
2015, RAJASTHAN, 8, SIKAR, 105, KHANDELA, 1359, JAIRAMPURA, 41658, 1119011, Drinking water, 0, 0, 0, 0, 0, 0, 100941, 100941
2015, RAJASTHAN, 8, SIKAR, 105, KHANDELA, 1359, JAIRAMPURA, 41658, 1119011, Maintenance of community system, 0, 0, 0, 0, 0, 0, 49990, 49990
2015, RAJASTHAN, 8, SIKAR, 105, KHANDELA, 1359, JAIRAMPURA, 41658, 1119011, Total, 0, 0, 0, 0, 0, 0, 150931, 150931
2015, RAJASTHAN, 8, SIKAR, 105, KHANDELA, 1359, JAJOD, 41659, 1118741, Maintenance of community system, 0, 0, 0, 0, 0, 0, 1000, 1000
2015, RAJASTHAN, 8, SIKAR, 105, KHANDELA, 1359, JAJOD, 41659, 1118741, Roads, 0, 0, 0, 0, 0, 0, 779000, 779000
2015, RAJASTHAN, 8, SIKAR, 105, KHANDELA, 1359, JAJOD, 41659, 1118741, Total, 0, 0, 0, 0, 0, 0, 780000, 780000
2015, RAJASTHAN, 8, SIKAR, 105, KHANDELA, 1359, JHARLI, 41660, 1118355, Drinking water, 0, 0, 0, 0, 0, 0, 4000, 4000
2015, RAJASTHAN, 8, SIKAR, 105, KHANDELA, 1359, JHARLI, 41660, 1118355, Maintenance of community system, 0, 0, 0, 0, 0, 0, 50000, 50000
2015, RAJASTHAN, 8, SIKAR, 105, KHANDELA, 1359, JHARLI, 41660, 1118355, Total, 0, 0, 0, 0, 0, 0, 54000, 54000
2015, RAJASTHAN, 8, SIKAR, 105, KHANDELA, 1359, JUGALPURA, 41661, 1118566, Maintenance of community system, 0, 0, 0, 0, 0, 0, 49990, 49990
2015, RAJASTHAN, 8, SIKAR, 105, KHANDELA, 1359, JUGALPURA, 41661, 1118566, Sanitation, 0, 0, 0, 0, 0, 0, 30000, 30000
2015, RAJASTHAN, 8, SIKAR, 105, KHANDELA, 1359, JUGALPURA, 41661, 1118566, Total, 0, 0, 0, 0, 0, 0, 79990, 79990
2015, RAJASTHAN, 8, SIKAR, 105, KHANDELA, 1359, KALYANPURA (THOI), 41662, 1113181, Drinking water, 0, 0, 0, 0, 0, 0, 151489, 151489
2015, RAJASTHAN, 8, SIKAR, 105, KHANDELA, 1359, KALYANPURA (THOI), 41662, 1113181, Rural housing, 0, 0, 0, 0, 0, 0, 49990, 49990
2015, RAJASTHAN, 8, SIKAR, 105, KHANDELA, 1359, KALYANPURA (THOI), 41662, 1113181, Total, 0, 0, 0, 0, 0, 0, 201479, 201479
2015, RAJASTHAN, 8, SIKAR, 105, KHANDELA, 1359, KANWAT, 41663, 1115275, Maintenance of community system, 0, 0, 0, 0, 0, 0, 49990, 49990
2015, RAJASTHAN, 8, SIKAR, 105, KHANDELA, 1359, KANWAT, 41663, 1115275, Sanitation, 0, 0, 0, 0, 0, 0, 30000, 30000
2015, RAJASTHAN, 8, SIKAR, 105, KHANDELA, 1359, KANWAT, 41663, 1115275, Total, 0, 0, 0, 0, 0, 0, 79990, 79990
2015, RAJASTHAN, 8, SIKAR, 105, KHANDELA, 1359, KARADKA, 41664, 1115002, Maintenance of community system, 0, 0, 0, 0, 0, 0, 49990, 49990
2015, RAJASTHAN, 8, SIKAR, 105, KHANDELA, 1359, KARADKA, 41664, 1115002, Public distribution system, 0, 0, 0, 0, 0, 0, 357010, 357010
2015, RAJASTHAN, 8, SIKAR, 105, KHANDELA, 1359, KARADKA, 41664, 1115002, Total, 0, 0, 0, 0, 0, 0, 407000, 407000
2015, RAJASTHAN, 8, SIKAR, 105, KHANDELA, 1359, KASARDA, 41665, 1172455, Drinking water, 0, 0, 0, 0, 0, 0, 481566, 481566
2015, RAJASTHAN, 8, SIKAR, 105, KHANDELA, 1359, KASARDA, 41665, 1172455, Maintenance of community system, 0, 0, 0, 0, 0, 0, 49990, 49990
2015, RAJASTHAN, 8, SIKAR, 105, KHANDELA, 1359, KASARDA, 41665, 1172455, Total, 0, 0, 0, 0, 0, 0, 531556, 531556
2015, RAJASTHAN, 8, SIKAR, 105, KHANDELA, 1359, KERPURA, 41666, 1113336, Maintenance of community system, 0, 0, 0, 0, 0, 0, 50000, 50000
2015, RAJASTHAN, 8, SIKAR, 105, KHANDELA, 1359, KERPURA, 41666, 1113336, Social welfare, 0, 0, 0, 0, 0, 0, 500000, 500000
2015, RAJASTHAN, 8, SIKAR, 105, KHANDELA, 1359, KERPURA, 41666, 1113336, Total, 0, 0, 0, 0, 0, 0, 550000, 550000
2015, RAJASTHAN, 8, SIKAR, 105, KHANDELA, 1359, KHATUNDARA, 41667, 1115401, Maintenance of community system, 0, 0, 0, 0, 0, 0, 51540, 51540
2015, RAJASTHAN, 8, SIKAR, 105, KHANDELA, 1359, KHATUNDARA, 41667, 1115401, Total, 0, 0, 0, 0, 0, 0, 51540, 51540
2015, RAJASTHAN, 8, SIKAR, 105, KHANDELA, 1359, KOTRI LUHARWAS, 41668, 1113307, Public distribution system, 0, 0, 0, 0, 0, 0, 49990, 49990
2015, RAJASTHAN, 8, SIKAR, 105, KHANDELA, 1359, KOTRI LUHARWAS, 41668, 1113307, Total, 0, 0, 0, 0, 0, 0, 49990, 49990
2015, RAJASTHAN, 8, SIKAR, 105, KHANDELA, 1359, LAKHNI, 41669, 1118499, Maintenance of community system, 0, 0, 0, 0, 0, 0, 22445, 22445
2015, RAJASTHAN, 8, SIKAR, 105, KHANDELA, 1359, LAKHNI, 41669, 1118499, Total, 0, 0, 0, 0, 0, 0, 22445, 22445
2015, RAJASTHAN, 8, SIKAR, 105, KHANDELA, 1359, LOHARWARA, 41670, 1118489, Drinking water, 0, 0, 0, 0, 0, 0, 331162, 331162
2015, RAJASTHAN, 8, SIKAR, 105, KHANDELA, 1359, LOHARWARA, 41670, 1118489, Sanitation, 0, 0, 0, 0, 0, 0, 20000, 20000
2015, RAJASTHAN, 8, SIKAR, 105, KHANDELA, 1359, LOHARWARA, 41670, 1118489, Total, 0, 0, 0, 0, 0, 0, 351162, 351162
2015, RAJASTHAN, 8, SIKAR, 105, KHANDELA, 1359, MAHRON KI DHANI , 262250, 1629393, Roads, 0, 0, 0, 0, 0, 0, 900000, 900000
2015, RAJASTHAN, 8, SIKAR, 105, KHANDELA, 1359, MAHRON KI DHANI , 262250, 1629393, Rural electrification, 0, 0, 0, 0, 0, 0, 250000, 250000
2015, RAJASTHAN, 8, SIKAR, 105, KHANDELA, 1359, MAHRON KI DHANI , 262250, 1629393, Sanitation, 0, 0, 0, 0, 0, 0, 79382, 79382
2015, RAJASTHAN, 8, SIKAR, 105, KHANDELA, 1359, MAHRON KI DHANI , 262250, 1629393, Total, 0, 0, 0, 0, 0, 0, 1229382, 1229382
2015, RAJASTHAN, 8, SIKAR, 105, KHANDELA, 1359, MALIKPUR, 41671, 1120499, Maintenance of community system, 0, 0, 0, 0, 0, 0, 92611, 92611
2015, RAJASTHAN, 8, SIKAR, 105, KHANDELA, 1359, MALIKPUR, 41671, 1120499, Total, 0, 0, 0, 0, 0, 0, 92611, 92611
2015, RAJASTHAN, 8, SIKAR, 105, KHANDELA, 1359, NIMERA, 41672, 1115458, Drinking water, 0, 0, 0, 0, 0, 0, 180000, 180000
2015, RAJASTHAN, 8, SIKAR, 105, KHANDELA, 1359, NIMERA, 41672, 1115458, Maintenance of community system, 0, 0, 0, 0, 0, 0, 49990, 49990
2015, RAJASTHAN, 8, SIKAR, 105, KHANDELA, 1359, NIMERA, 41672, 1115458, Total, 0, 0, 0, 0, 0, 0, 229990, 229990
2015, RAJASTHAN, 8, SIKAR, 105, KHANDELA, 1359, NIMERA, 41672, 1115487, Drinking water, 0, 0, 0, 0, 0, 0, 113682, 113682
2015, RAJASTHAN, 8, SIKAR, 105, KHANDELA, 1359, NIMERA, 41672, 1115487, Maintenance of community system, 0, 0, 0, 0, 0, 0, 49990, 49990
2015, RAJASTHAN, 8, SIKAR, 105, KHANDELA, 1359, NIMERA, 41672, 1115487, Total, 0, 0, 0, 0, 0, 0, 163672, 163672
2015, RAJASTHAN, 8, SIKAR, 105, KHANDELA, 1359, PANIHARWAS, 41673, 1115384, Drinking water, 0, 0, 0, 0, 0, 0, 895335, 895335
2015, RAJASTHAN, 8, SIKAR, 105, KHANDELA, 1359, PANIHARWAS, 41673, 1115384, Total, 0, 0, 0, 0, 0, 0, 895335, 895335
2015, RAJASTHAN, 8, SIKAR, 105, KHANDELA, 1359, PUJARI KA BAS, 41674, 1119251, Administrative & Technical Support, 0, 0, 0, 0, 0, 0, 49990, 49990
2015, RAJASTHAN, 8, SIKAR, 105, KHANDELA, 1359, PUJARI KA BAS, 41674, 1119251, Roads, 0, 0, 0, 0, 0, 0, 236000, 236000
2015, RAJASTHAN, 8, SIKAR, 105, KHANDELA, 1359, PUJARI KA BAS, 41674, 1119251, Total, 0, 0, 0, 0, 0, 0, 285990, 285990
2015, RAJASTHAN, 8, SIKAR, 105, KHANDELA, 1359, RALAWATA, 41675, 1119004, Drinking water, 0, 0, 0, 0, 0, 0, 34396, 34396
2015, RAJASTHAN, 8, SIKAR, 105, KHANDELA, 1359, RALAWATA, 41675, 1119004, Maintenance of community system, 0, 0, 0, 0, 0, 0, 49990, 49990
2015, RAJASTHAN, 8, SIKAR, 105, KHANDELA, 1359, RALAWATA, 41675, 1119004, Sanitation, 0, 0, 0, 0, 0, 0, 4500, 4500
2015, RAJASTHAN, 8, SIKAR, 105, KHANDELA, 1359, RALAWATA, 41675, 1119004, Total, 0, 0, 0, 0, 0, 0, 88886, 88886
2015, RAJASTHAN, 8, SIKAR, 105, KHANDELA, 1359, RAMPURA (KHA), 41676, 1118430, Maintenance of community system, 0, 0, 0, 0, 0, 0, 99990, 99990
2015, RAJASTHAN, 8, SIKAR, 105, KHANDELA, 1359, RAMPURA (KHA), 41676, 1118430, Total, 0, 0, 0, 0, 0, 0, 99990, 99990
2015, RAJASTHAN, 8, SIKAR, 105, KHANDELA, 1359, RAMPURA (THOI), 41677, 1118358, Drinking water, 0, 0, 0, 0, 0, 0, 10000, 10000
2015, RAJASTHAN, 8, SIKAR, 105, KHANDELA, 1359, RAMPURA (THOI), 41677, 1118358, Maintenance of community system, 0, 0, 0, 0, 0, 0, 49990, 49990
2015, RAJASTHAN, 8, SIKAR, 105, KHANDELA, 1359, RAMPURA (THOI), 41677, 1118358, Total, 0, 0, 0, 0, 0, 0, 59990, 59990
2015, RAJASTHAN, 8, SIKAR, 105, KHANDELA, 1359, ROYAL, 41678, 1113220, Maintenance of community system, 0, 0, 0, 0, 0, 0, 50000, 50000
2015, RAJASTHAN, 8, SIKAR, 105, KHANDELA, 1359, ROYAL, 41678, 1113220, Sanitation, 0, 0, 0, 0, 0, 0, 60000, 60000
2015, RAJASTHAN, 8, SIKAR, 105, KHANDELA, 1359, ROYAL, 41678, 1113220, Total, 0, 0, 0, 0, 0, 0, 110000, 110000
2015, RAJASTHAN, 8, SIKAR, 105, KHANDELA, 1359, SUJANA, 41679, 1115446, Drinking water, 0, 0, 0, 0, 0, 0, 170000, 170000
2015, RAJASTHAN, 8, SIKAR, 105, KHANDELA, 1359, SUJANA, 41679, 1115446, Total, 0, 0, 0, 0, 0, 0, 170000, 170000
2015, RAJASTHAN, 8, SIKAR, 105, KHANDELA, 1359, THEEKARIYA, 41680, 1169660, Administrative & Technical Support, 0, 0, 0, 0, 0, 0, 744041, 744041
2015, RAJASTHAN, 8, SIKAR, 105, KHANDELA, 1359, THEEKARIYA, 41680, 1169660, Sanitation, 0, 0, 0, 0, 0, 0, 5000, 5000
2015, RAJASTHAN, 8, SIKAR, 105, KHANDELA, 1359, THEEKARIYA, 41680, 1169660, Total, 0, 0, 0, 0, 0, 0, 749041, 749041
2015, RAJASTHAN, 8, SIKAR, 105, KHANDELA, 1359, THOI, 41681, 1118560, Maintenance of community system, 0, 0, 0, 0, 0, 0, 49990, 49990
2015, RAJASTHAN, 8, SIKAR, 105, KHANDELA, 1359, THOI, 41681, 1118560, Sanitation, 0, 0, 0, 0, 0, 0, 4325, 4325
2015, RAJASTHAN, 8, SIKAR, 105, KHANDELA, 1359, THOI, 41681, 1118560, Total, 0, 0, 0, 0, 0, 0, 54315, 54315
2015, RAJASTHAN, 8, SIKAR, 105, LACHHMANGARH, 1360, ALAKHPURA BOGAN, 41682, 1159854, Drinking water, 0, 0, 0, 0, 0, 0, 79334, 79334
2015, RAJASTHAN, 8, SIKAR, 105, LACHHMANGARH, 1360, ALAKHPURA BOGAN, 41682, 1159854, Roads, 0, 0, 0, 0, 0, 0, 258537, 258537
2015, RAJASTHAN, 8, SIKAR, 105, LACHHMANGARH, 1360, ALAKHPURA BOGAN, 41682, 1159854, Total, 0, 0, 0, 0, 0, 0, 337871, 337871
2015, RAJASTHAN, 8, SIKAR, 105, LACHHMANGARH, 1360, BADUSAR, 41608, 1104900, Drinking water, 0, 0, 0, 0, 0, 0, 1500, 1500
2015, RAJASTHAN, 8, SIKAR, 105, LACHHMANGARH, 1360, BADUSAR, 41608, 1104900, Rural housing, 0, 0, 0, 0, 0, 0, 260000, 260000
2015, RAJASTHAN, 8, SIKAR, 105, LACHHMANGARH, 1360, BADUSAR, 41608, 1104900, Sanitation, 0, 0, 0, 0, 0, 0, 378250, 378250
2015, RAJASTHAN, 8, SIKAR, 105, LACHHMANGARH, 1360, BADUSAR, 41608, 1104900, Total, 0, 0, 0, 0, 0, 0, 639750, 639750
2015, RAJASTHAN, 8, SIKAR, 105, LACHHMANGARH, 1360, BAGRI, 41683, 1123458, Drinking water, 0, 0, 0, 0, 0, 0, 1360491, 1360491
2015, RAJASTHAN, 8, SIKAR, 105, LACHHMANGARH, 1360, BAGRI, 41683, 1123458, Total, 0, 0, 0, 0, 0, 0, 1360491, 1360491
2015, RAJASTHAN, 8, SIKAR, 105, LACHHMANGARH, 1360, BALARAN, 41609, 1114288, Roads, 0, 0, 0, 0, 0, 0, 522462, 522462
2015, RAJASTHAN, 8, SIKAR, 105, LACHHMANGARH, 1360, BALARAN, 41609, 1114288, Total, 0, 0, 0, 0, 0, 0, 522462, 522462
2015, RAJASTHAN, 8, SIKAR, 105, LACHHMANGARH, 1360, BATHOTH, 41684, 1158176, Drinking water, 0, 0, 0, 0, 0, 0, 284322, 284322
2015, RAJASTHAN, 8, SIKAR, 105, LACHHMANGARH, 1360, BATHOTH, 41684, 1158176, Total, 0, 0, 0, 0, 0, 0, 383349, 383349
2015, RAJASTHAN, 8, SIKAR, 105, LACHHMANGARH, 1360, BATHOTH, 41684, 1158176, Women and child development, 0, 0, 0, 0, 0, 0, 99027, 99027
2015, RAJASTHAN, 8, SIKAR, 105, LACHHMANGARH, 1360, BATRANAU, 41612, 1154992, Drinking water, 0, 0, 0, 0, 0, 0, 375296, 375296
2015, RAJASTHAN, 8, SIKAR, 105, LACHHMANGARH, 1360, BATRANAU, 41612, 1154992, Roads, 0, 0, 0, 0, 0, 0, 500000, 500000
2015, RAJASTHAN, 8, SIKAR, 105, LACHHMANGARH, 1360, BATRANAU, 41612, 1154992, Total, 0, 0, 0, 0, 0, 0, 875296, 875296
2015, RAJASTHAN, 8, SIKAR, 105, LACHHMANGARH, 1360, BHILUNDA, 41687, 1142446, Drinking water, 0, 0, 0, 0, 0, 0, 532746, 532746
2015, RAJASTHAN, 8, SIKAR, 105, LACHHMANGARH, 1360, BHILUNDA, 41687, 1142446, Sanitation, 0, 0, 0, 0, 0, 0, 281472, 281472
2015, RAJASTHAN, 8, SIKAR, 105, LACHHMANGARH, 1360, BHILUNDA, 41687, 1142446, Total, 0, 0, 0, 0, 0, 0, 814218, 814218
2015, RAJASTHAN, 8, SIKAR, 105, LACHHMANGARH, 1360, BHOJASAR BARA, 41688, 1158150, Drinking water, 0, 0, 0, 0, 0, 0, 411175, 411175
2015, RAJASTHAN, 8, SIKAR, 105, LACHHMANGARH, 1360, BHOJASAR BARA, 41688, 1158150, Roads, 0, 0, 0, 0, 0, 0, 1000000, 1000000
2015, RAJASTHAN, 8, SIKAR, 105, LACHHMANGARH, 1360, BHOJASAR BARA, 41688, 1158150, Total, 0, 0, 0, 0, 0, 0, 1411175, 1411175
2015, RAJASTHAN, 8, SIKAR, 105, LACHHMANGARH, 1360, BHUMA BARA, 41689, 1124957, Drinking water, 0, 0, 0, 0, 0, 0, 224791, 224791
2015, RAJASTHAN, 8, SIKAR, 105, LACHHMANGARH, 1360, BHUMA BARA, 41689, 1124957, Maintenance of community system, 0, 0, 0, 0, 0, 0, 161000, 161000
2015, RAJASTHAN, 8, SIKAR, 105, LACHHMANGARH, 1360, BHUMA BARA, 41689, 1124957, Total, 0, 0, 0, 0, 0, 0, 385791, 385791
2015, RAJASTHAN, 8, SIKAR, 105, LACHHMANGARH, 1360, BIDASAR, 41685, 1629972, Drinking water, 0, 0, 0, 0, 0, 0, 500000, 500000
2015, RAJASTHAN, 8, SIKAR, 105, LACHHMANGARH, 1360, BIDASAR, 41685, 1629972, Roads, 0, 0, 0, 0, 0, 0, 540000, 540000
2015, RAJASTHAN, 8, SIKAR, 105, LACHHMANGARH, 1360, BIDASAR, 41685, 1629972, Rural housing, 0, 0, 0, 0, 0, 0, 362595, 362595
2015, RAJASTHAN, 8, SIKAR, 105, LACHHMANGARH, 1360, BIDASAR, 41685, 1629972, Total, 0, 0, 0, 0, 0, 0, 1402595, 1402595
2015, RAJASTHAN, 8, SIKAR, 105, LACHHMANGARH, 1360, BIRODI BARI, 41686, 1127288, Administrative & Technical Support, 0, 0, 0, 0, 0, 0, 110500, 110500
2015, RAJASTHAN, 8, SIKAR, 105, LACHHMANGARH, 1360, BIRODI BARI, 41686, 1127288, Drinking water, 0, 0, 0, 0, 0, 0, 249199, 249199
2015, RAJASTHAN, 8, SIKAR, 105, LACHHMANGARH, 1360, BIRODI BARI, 41686, 1127288, Rural electrification, 0, 0, 0, 0, 0, 0, 125429, 125429
2015, RAJASTHAN, 8, SIKAR, 105, LACHHMANGARH, 1360, BIRODI BARI, 41686, 1127288, Sanitation, 0, 0, 0, 0, 0, 0, 28838, 28838
2015, RAJASTHAN, 8, SIKAR, 105, LACHHMANGARH, 1360, BIRODI BARI, 41686, 1127288, Total, 0, 0, 0, 0, 0, 0, 513966, 513966
2015, RAJASTHAN, 8, SIKAR, 105, LACHHMANGARH, 1360, CHURI MIYAN, 41617, 1129067, Drinking water, 0, 0, 0, 0, 0, 0, 13255, 13255
2015, RAJASTHAN, 8, SIKAR, 105, LACHHMANGARH, 1360, CHURI MIYAN, 41617, 1129067, Sanitation, 0, 0, 0, 0, 0, 0, 491834, 491834
2015, RAJASTHAN, 8, SIKAR, 105, LACHHMANGARH, 1360, CHURI MIYAN, 41617, 1129067, Total, 0, 0, 0, 0, 0, 0, 505089, 505089
2015, RAJASTHAN, 8, SIKAR, 105, LACHHMANGARH, 1360, DHAHAR KA BAS, 41690, 1127298, Drinking water, 0, 0, 0, 0, 0, 0, 566429, 566429
2015, RAJASTHAN, 8, SIKAR, 105, LACHHMANGARH, 1360, DHAHAR KA BAS, 41690, 1127298, Total, 0, 0, 0, 0, 0, 0, 566429, 566429
2015, RAJASTHAN, 8, SIKAR, 105, LACHHMANGARH, 1360, DHANANI, 41691, 1365226, Roads, 0, 0, 0, 0, 0, 0, 478431, 478431
2015, RAJASTHAN, 8, SIKAR, 105, LACHHMANGARH, 1360, DHANANI, 41691, 1365226, Total, 0, 0, 0, 0, 0, 0, 478431, 478431
2015, RAJASTHAN, 8, SIKAR, 105, LACHHMANGARH, 1360, DISHNAU, 41622, 1128994, Drinking water, 0, 0, 0, 0, 0, 0, 481993, 481993
2015, RAJASTHAN, 8, SIKAR, 105, LACHHMANGARH, 1360, DISHNAU, 41622, 1128994, Total, 0, 0, 0, 0, 0, 0, 481993, 481993
2015, RAJASTHAN, 8, SIKAR, 105, LACHHMANGARH, 1360, DOODWA, 41692, 1123651, Drinking water, 0, 0, 0, 0, 0, 0, 514238, 514238
2015, RAJASTHAN, 8, SIKAR, 105, LACHHMANGARH, 1360, DOODWA, 41692, 1123651, Total, 0, 0, 0, 0, 0, 0, 514238, 514238
2015, RAJASTHAN, 8, SIKAR, 105, LACHHMANGARH, 1360, GANERI, 41693, 1158067, Administrative & Technical Support, 0, 0, 0, 0, 0, 0, 107359, 107359
2015, RAJASTHAN, 8, SIKAR, 105, LACHHMANGARH, 1360, GANERI, 41693, 1158067, Roads, 0, 0, 0, 0, 0, 0, 743671, 743671
2015, RAJASTHAN, 8, SIKAR, 105, LACHHMANGARH, 1360, GANERI, 41693, 1158067, Total, 0, 0, 0, 0, 0, 0, 851030, 851030
2015, RAJASTHAN, 8, SIKAR, 105, LACHHMANGARH, 1360, GARODA, 41694, 1158370, Drinking water, 0, 0, 0, 0, 0, 0, 500000, 500000
2015, RAJASTHAN, 8, SIKAR, 105, LACHHMANGARH, 1360, GARODA, 41694, 1158370, Roads, 0, 0, 0, 0, 0, 0, 1000000, 1000000
2015, RAJASTHAN, 8, SIKAR, 105, LACHHMANGARH, 1360, GARODA, 41694, 1158370, Sanitation, 0, 0, 0, 0, 0, 0, 360896, 360896
2015, RAJASTHAN, 8, SIKAR, 105, LACHHMANGARH, 1360, GARODA, 41694, 1158370, Total, 0, 0, 0, 0, 0, 0, 1860896, 1860896
2015, RAJASTHAN, 8, SIKAR, 105, LACHHMANGARH, 1360, GHIRANIYA BARA, 41695, 1142949, Drinking water, 0, 0, 0, 0, 0, 0, 329854, 329854
2015, RAJASTHAN, 8, SIKAR, 105, LACHHMANGARH, 1360, GHIRANIYA BARA, 41695, 1142949, Total, 0, 0, 0, 0, 0, 0, 329854, 329854
2015, RAJASTHAN, 8, SIKAR, 105, LACHHMANGARH, 1360, HAMEERPURA, 41696, 1158501, Drinking water, 0, 0, 0, 0, 0, 0, 189109, 189109
2015, RAJASTHAN, 8, SIKAR, 105, LACHHMANGARH, 1360, HAMEERPURA, 41696, 1158501, Total, 0, 0, 0, 0, 0, 0, 189109, 189109
2015, RAJASTHAN, 8, SIKAR, 105, LACHHMANGARH, 1360, JAJOD, 41697, 1155073, Drinking water, 0, 0, 0, 0, 0, 0, 119360, 119360
2015, RAJASTHAN, 8, SIKAR, 105, LACHHMANGARH, 1360, JAJOD, 41697, 1155073, Sanitation, 0, 0, 0, 0, 0, 0, 450000, 450000
2015, RAJASTHAN, 8, SIKAR, 105, LACHHMANGARH, 1360, JAJOD, 41697, 1155073, Total, 0, 0, 0, 0, 0, 0, 569360, 569360
2015, RAJASTHAN, 8, SIKAR, 105, LACHHMANGARH, 1360, JASARASAR, 41698, 1116617, Total, 0, 0, 0, 0, 0, 0, 734512, 734512
2015, RAJASTHAN, 8, SIKAR, 105, LACHHMANGARH, 1360, JASARASAR, 41698, 1116617, Women and child development, 0, 0, 0, 0, 0, 0, 734512, 734512
2015, RAJASTHAN, 8, SIKAR, 105, LACHHMANGARH, 1360, KACHWA, 41699, 1155005, Drinking water, 0, 0, 0, 0, 0, 0, 839269, 839269
2015, RAJASTHAN, 8, SIKAR, 105, LACHHMANGARH, 1360, KACHWA, 41699, 1155005, Total, 0, 0, 0, 0, 0, 0, 839269, 839269
2015, RAJASTHAN, 8, SIKAR, 105, LACHHMANGARH, 1360, KHEENWASAR, 41700, 1123676, Drinking water, 0, 0, 0, 0, 0, 0, 464938, 464938
2015, RAJASTHAN, 8, SIKAR, 105, LACHHMANGARH, 1360, KHEENWASAR, 41700, 1123676, Maintenance of community system, 0, 0, 0, 0, 0, 0, 10000, 10000
2015, RAJASTHAN, 8, SIKAR, 105, LACHHMANGARH, 1360, KHEENWASAR, 41700, 1123676, Sanitation, 0, 0, 0, 0, 0, 0, 49000, 49000
2015, RAJASTHAN, 8, SIKAR, 105, LACHHMANGARH, 1360, KHEENWASAR, 41700, 1123676, Total, 0, 0, 0, 0, 0, 0, 523938, 523938
2015, RAJASTHAN, 8, SIKAR, 105, LACHHMANGARH, 1360, KHERI RADAN, 41701, 1127303, Drinking water, 0, 0, 0, 0, 0, 0, 249839, 249839
2015, RAJASTHAN, 8, SIKAR, 105, LACHHMANGARH, 1360, KHERI RADAN, 41701, 1127303, Roads, 0, 0, 0, 0, 0, 0, 201867, 201867
2015, RAJASTHAN, 8, SIKAR, 105, LACHHMANGARH, 1360, KHERI RADAN, 41701, 1127303, Total, 0, 0, 0, 0, 0, 0, 451706, 451706
2015, RAJASTHAN, 8, SIKAR, 105, LACHHMANGARH, 1360, KHURI BARI, 41702, 1116551, Total, 0, 0, 0, 0, 0, 0, 352601, 352601
2015, RAJASTHAN, 8, SIKAR, 105, LACHHMANGARH, 1360, KHURI BARI, 41702, 1116551, Women and child development, 0, 0, 0, 0, 0, 0, 352601, 352601
2015, RAJASTHAN, 8, SIKAR, 105, LACHHMANGARH, 1360, KUMAS JAGEER, 41703, 1141618, Roads, 0, 0, 0, 0, 0, 0, 279572, 279572
2015, RAJASTHAN, 8, SIKAR, 105, LACHHMANGARH, 1360, KUMAS JAGEER, 41703, 1141618, Sanitation, 0, 0, 0, 0, 0, 0, 244027, 244027
2015, RAJASTHAN, 8, SIKAR, 105, LACHHMANGARH, 1360, KUMAS JAGEER, 41703, 1141618, Total, 0, 0, 0, 0, 0, 0, 523599, 523599
2015, RAJASTHAN, 8, SIKAR, 105, LACHHMANGARH, 1360, KUMAS JATAN, 41704, 1124014, Drinking water, 0, 0, 0, 0, 0, 0, 254919, 254919
2015, RAJASTHAN, 8, SIKAR, 105, LACHHMANGARH, 1360, KUMAS JATAN, 41704, 1124014, Roads, 0, 0, 0, 0, 0, 0, 341914, 341914
2015, RAJASTHAN, 8, SIKAR, 105, LACHHMANGARH, 1360, KUMAS JATAN, 41704, 1124014, Total, 0, 0, 0, 0, 0, 0, 596833, 596833
2015, RAJASTHAN, 8, SIKAR, 105, LACHHMANGARH, 1360, LALASI, 41705, 1129060, Administrative & Technical Support, 0, 0, 0, 0, 0, 0, 162000, 162000
2015, RAJASTHAN, 8, SIKAR, 105, LACHHMANGARH, 1360, LALASI, 41705, 1129060, Health, 0, 0, 0, 0, 0, 0, 92000, 92000
2015, RAJASTHAN, 8, SIKAR, 105, LACHHMANGARH, 1360, LALASI, 41705, 1129060, Sanitation, 0, 0, 0, 0, 0, 0, 603379, 603379
2015, RAJASTHAN, 8, SIKAR, 105, LACHHMANGARH, 1360, LALASI, 41705, 1129060, Total, 0, 0, 0, 0, 0, 0, 857379, 857379
2015, RAJASTHAN, 8, SIKAR, 105, LACHHMANGARH, 1360, MANGLOONA, 41706, 1123483, Drinking water, 0, 0, 0, 0, 0, 0, 1132673, 1132673
2015, RAJASTHAN, 8, SIKAR, 105, LACHHMANGARH, 1360, MANGLOONA, 41706, 1123483, Total, 0, 0, 0, 0, 0, 0, 1132673, 1132673
2015, RAJASTHAN, 8, SIKAR, 105, LACHHMANGARH, 1360, MIRAN, 41707, 1116573, Total, 0, 0, 0, 0, 0, 0, 500000, 500000
2015, RAJASTHAN, 8, SIKAR, 105, LACHHMANGARH, 1360, MIRAN, 41707, 1116573, Women and child development, 0, 0, 0, 0, 0, 0, 500000, 500000
2015, RAJASTHAN, 8, SIKAR, 105, LACHHMANGARH, 1360, NARODARA, 41708, 1127373, Roads, 0, 0, 0, 0, 0, 0, 125643, 125643
2015, RAJASTHAN, 8, SIKAR, 105, LACHHMANGARH, 1360, NARODARA, 41708, 1127373, Sanitation, 0, 0, 0, 0, 0, 0, 257400, 257400
2015, RAJASTHAN, 8, SIKAR, 105, LACHHMANGARH, 1360, NARODARA, 41708, 1127373, Total, 0, 0, 0, 0, 0, 0, 383043, 383043
2015, RAJASTHAN, 8, SIKAR, 105, LACHHMANGARH, 1360, NECHWA, 41709, 1155079, Health, 0, 0, 0, 0, 0, 0, 268253, 268253
2015, RAJASTHAN, 8, SIKAR, 105, LACHHMANGARH, 1360, NECHWA, 41709, 1155079, Roads, 0, 0, 0, 0, 0, 0, 670012, 670012
2015, RAJASTHAN, 8, SIKAR, 105, LACHHMANGARH, 1360, NECHWA, 41709, 1155079, Total, 0, 0, 0, 0, 0, 0, 938265, 938265
2015, RAJASTHAN, 8, SIKAR, 105, LACHHMANGARH, 1360, PALRI, 41710, 1123515, Drinking water, 0, 0, 0, 0, 0, 0, 226169, 226169
2015, RAJASTHAN, 8, SIKAR, 105, LACHHMANGARH, 1360, PALRI, 41710, 1123515, Roads, 0, 0, 0, 0, 0, 0, 400000, 400000
2015, RAJASTHAN, 8, SIKAR, 105, LACHHMANGARH, 1360, PALRI, 41710, 1123515, Total, 0, 0, 0, 0, 0, 0, 989455, 989455
2015, RAJASTHAN, 8, SIKAR, 105, LACHHMANGARH, 1360, PALRI, 41710, 1123515, Women and child development, 0, 0, 0, 0, 0, 0, 363286, 363286
2015, RAJASTHAN, 8, SIKAR, 105, LACHHMANGARH, 1360, PATODA, 41711, 1158371, Drinking water, 0, 0, 0, 0, 0, 0, 380269, 380269
2015, RAJASTHAN, 8, SIKAR, 105, LACHHMANGARH, 1360, PATODA, 41711, 1158371, Total, 0, 0, 0, 0, 0, 0, 380269, 380269
2015, RAJASTHAN, 8, SIKAR, 105, LACHHMANGARH, 1360, RAHNAWA, 41712, 1127324, Drinking water, 0, 0, 0, 0, 0, 0, 365896, 365896
2015, RAJASTHAN, 8, SIKAR, 105, LACHHMANGARH, 1360, RAHNAWA, 41712, 1127324, Sanitation, 0, 0, 0, 0, 0, 0, 249824, 249824
2015, RAJASTHAN, 8, SIKAR, 105, LACHHMANGARH, 1360, RAHNAWA, 41712, 1127324, Total, 0, 0, 0, 0, 0, 0, 615720, 615720
2015, RAJASTHAN, 8, SIKAR, 105, LACHHMANGARH, 1360, RAJAS, 41634, 1129087, Drinking water, 0, 0, 0, 0, 0, 0, 488954, 488954
2015, RAJASTHAN, 8, SIKAR, 105, LACHHMANGARH, 1360, RAJAS, 41634, 1129087, Rural electrification, 0, 0, 0, 0, 0, 0, 306103, 306103
2015, RAJASTHAN, 8, SIKAR, 105, LACHHMANGARH, 1360, RAJAS, 41634, 1129087, Total, 0, 0, 0, 0, 0, 0, 795057, 795057
2015, RAJASTHAN, 8, SIKAR, 105, LACHHMANGARH, 1360, RAJPUR, 41635, 1142490, Drinking water, 0, 0, 0, 0, 0, 0, 410591, 410591
2015, RAJASTHAN, 8, SIKAR, 105, LACHHMANGARH, 1360, RAJPUR, 41635, 1142490, Total, 0, 0, 0, 0, 0, 0, 410591, 410591
2015, RAJASTHAN, 8, SIKAR, 105, LACHHMANGARH, 1360, RULYANA MALI, 41714, 1311441, Roads, 0, 0, 0, 0, 0, 0, 2628021, 2628021
2015, RAJASTHAN, 8, SIKAR, 105, LACHHMANGARH, 1360, RULYANA MALI, 41714, 1311441, Total, 0, 0, 0, 0, 0, 0, 2628021, 2628021
2015, RAJASTHAN, 8, SIKAR, 105, LACHHMANGARH, 1360, RULYANI, 41713, 1116511, Total, 0, 0, 0, 0, 0, 0, 789263, 789263
2015, RAJASTHAN, 8, SIKAR, 105, LACHHMANGARH, 1360, RULYANI, 41713, 1116511, Women and child development, 0, 0, 0, 0, 0, 0, 789263, 789263
2015, RAJASTHAN, 8, SIKAR, 105, LACHHMANGARH, 1360, SINGODARA, 41715, 1158234, Drinking water, 0, 0, 0, 0, 0, 0, 768356, 768356
2015, RAJASTHAN, 8, SIKAR, 105, LACHHMANGARH, 1360, SINGODARA, 41715, 1158234, Roads, 0, 0, 0, 0, 0, 0, 1000000, 1000000
2015, RAJASTHAN, 8, SIKAR, 105, LACHHMANGARH, 1360, SINGODARA, 41715, 1158234, Total, 0, 0, 0, 0, 0, 0, 1768356, 1768356
2015, RAJASTHAN, 8, SIKAR, 105, LACHHMANGARH, 1360, SUTHOTH, 41716, 1142476, Drinking water, 0, 0, 0, 0, 0, 0, 355500, 355500
2015, RAJASTHAN, 8, SIKAR, 105, LACHHMANGARH, 1360, SUTHOTH, 41716, 1142476, Roads, 0, 0, 0, 0, 0, 0, 225211, 225211
2015, RAJASTHAN, 8, SIKAR, 105, LACHHMANGARH, 1360, SUTHOTH, 41716, 1142476, Total, 0, 0, 0, 0, 0, 0, 580711, 580711
2015, RAJASTHAN, 8, SIKAR, 105, LACHHMANGARH, 1360, SUTOD, 41717, 1155082, Roads, 0, 0, 0, 0, 0, 0, 390622, 390622
2015, RAJASTHAN, 8, SIKAR, 105, LACHHMANGARH, 1360, SUTOD, 41717, 1155082, Total, 0, 0, 0, 0, 0, 0, 390622, 390622
2015, RAJASTHAN, 8, SIKAR, 105, LACHHMANGARH, 1360, TIROKI BARI, 41718, 1629983, Drinking water, 0, 0, 0, 0, 0, 0, 1321029, 1321029
2015, RAJASTHAN, 8, SIKAR, 105, LACHHMANGARH, 1360, TIROKI BARI, 41718, 1629983, Sanitation, 0, 0, 0, 0, 0, 0, 350000, 350000
2015, RAJASTHAN, 8, SIKAR, 105, LACHHMANGARH, 1360, TIROKI BARI, 41718, 1629983, Total, 0, 0, 0, 0, 0, 0, 1671029, 1671029
2015, RAJASTHAN, 8, SIKAR, 105, NEEM KA THANA, 1361, AAGRI, 262299, 1246940, Drinking water, 0, 0, 0, 0, 0, 0, 1903643, 1903643
2015, RAJASTHAN, 8, SIKAR, 105, NEEM KA THANA, 1361, AAGRI, 262299, 1246940, Roads, 0, 0, 0, 0, 0, 0, 500000, 500000
2015, RAJASTHAN, 8, SIKAR, 105, NEEM KA THANA, 1361, AAGRI, 262299, 1246940, Total, 0, 0, 0, 0, 0, 0, 2403643, 2403643
2015, RAJASTHAN, 8, SIKAR, 105, NEEM KA THANA, 1361, AGAWARI, 41719, 1219167, Drinking water, 0, 0, 0, 0, 0, 0, 276382, 276382
2015, RAJASTHAN, 8, SIKAR, 105, NEEM KA THANA, 1361, AGAWARI, 41719, 1219167, Roads, 0, 0, 0, 0, 0, 0, 500000, 500000
2015, RAJASTHAN, 8, SIKAR, 105, NEEM KA THANA, 1361, AGAWARI, 41719, 1219167, Total, 0, 0, 0, 0, 0, 0, 776382, 776382
2015, RAJASTHAN, 8, SIKAR, 105, NEEM KA THANA, 1361, BASRI KHURD, 41721, 1120648, Drinking water, 0, 0, 0, 0, 0, 0, 1500000, 1500000
2015, RAJASTHAN, 8, SIKAR, 105, NEEM KA THANA, 1361, BASRI KHURD, 41721, 1120648, Roads, 0, 0, 0, 0, 0, 0, 477084, 477084
2015, RAJASTHAN, 8, SIKAR, 105, NEEM KA THANA, 1361, BASRI KHURD, 41721, 1120648, Total, 0, 0, 0, 0, 0, 0, 1977084, 1977084
2015, RAJASTHAN, 8, SIKAR, 105, NEEM KA THANA, 1361, BHAGEGA, 41723, 1227880, Drinking water, 0, 0, 0, 0, 0, 0, 1000000, 1000000
2015, RAJASTHAN, 8, SIKAR, 105, NEEM KA THANA, 1361, BHAGEGA, 41723, 1227880, Roads, 0, 0, 0, 0, 0, 0, 171279, 171279
2015, RAJASTHAN, 8, SIKAR, 105, NEEM KA THANA, 1361, BHAGEGA, 41723, 1227880, Total, 0, 0, 0, 0, 0, 0, 1171279, 1171279
2015, RAJASTHAN, 8, SIKAR, 105, NEEM KA THANA, 1361, BHOODOLI, 41724, 1247237, Roads, 0, 0, 0, 0, 0, 0, 946892, 946892
2015, RAJASTHAN, 8, SIKAR, 105, NEEM KA THANA, 1361, BHOODOLI, 41724, 1247237, Sanitation, 0, 0, 0, 0, 0, 0, 200000, 200000
2015, RAJASTHAN, 8, SIKAR, 105, NEEM KA THANA, 1361, BHOODOLI, 41724, 1247237, Total, 0, 0, 0, 0, 0, 0, 1146892, 1146892
2015, RAJASTHAN, 8, SIKAR, 105, NEEM KA THANA, 1361, CHALA, 41728, 1245092, Roads, 0, 0, 0, 0, 0, 0, 2624747, 2624747
2015, RAJASTHAN, 8, SIKAR, 105, NEEM KA THANA, 1361, CHALA, 41728, 1245092, Total, 0, 0, 0, 0, 0, 0, 2624747, 2624747
2015, RAJASTHAN, 8, SIKAR, 105, NEEM KA THANA, 1361, CHEEPLATA, 41730, 1214106, Roads, 0, 0, 0, 0, 0, 0, 2205329, 2205329
2015, RAJASTHAN, 8, SIKAR, 105, NEEM KA THANA, 1361, CHEEPLATA, 41730, 1214106, Total, 0, 0, 0, 0, 0, 0, 2205329, 2205329
2015, RAJASTHAN, 8, SIKAR, 105, NEEM KA THANA, 1361, DEEPAWAS, 41735, 1230396, Roads, 0, 0, 0, 0, 0, 0, 1271600, 1271600
2015, RAJASTHAN, 8, SIKAR, 105, NEEM KA THANA, 1361, DEEPAWAS, 41735, 1230396, Total, 0, 0, 0, 0, 0, 0, 1271600, 1271600
2015, RAJASTHAN, 8, SIKAR, 105, NEEM KA THANA, 1361, DEHRAJORI WALI, 41736, 1225223, Drinking water, 0, 0, 0, 0, 0, 0, 174938, 174938
2015, RAJASTHAN, 8, SIKAR, 105, NEEM KA THANA, 1361, DEHRAJORI WALI, 41736, 1225223, Roads, 0, 0, 0, 0, 0, 0, 1000000, 1000000
2015, RAJASTHAN, 8, SIKAR, 105, NEEM KA THANA, 1361, DEHRAJORI WALI, 41736, 1225223, Total, 0, 0, 0, 0, 0, 0, 1174938, 1174938
2015, RAJASTHAN, 8, SIKAR, 105, NEEM KA THANA, 1361, GANESHWAR, 41739, 1123011, Drinking water, 0, 0, 0, 0, 0, 0, 2600000, 2600000
2015, RAJASTHAN, 8, SIKAR, 105, NEEM KA THANA, 1361, GANESHWAR, 41739, 1123011, Roads, 0, 0, 0, 0, 0, 0, 153331, 153331
2015, RAJASTHAN, 8, SIKAR, 105, NEEM KA THANA, 1361, GANESHWAR, 41739, 1123011, Total, 0, 0, 0, 0, 0, 0, 2753331, 2753331
2015, RAJASTHAN, 8, SIKAR, 105, NEEM KA THANA, 1361, GAONRI, 41740, 1211195, Roads, 0, 0, 0, 0, 0, 0, 2665037, 2665037
2015, RAJASTHAN, 8, SIKAR, 105, NEEM KA THANA, 1361, GAONRI, 41740, 1211195, Rural housing, 0, 0, 0, 0, 0, 0, 250000, 250000
2015, RAJASTHAN, 8, SIKAR, 105, NEEM KA THANA, 1361, GAONRI, 41740, 1211195, Total, 0, 0, 0, 0, 0, 0, 2915037, 2915037
2015, RAJASTHAN, 8, SIKAR, 105, NEEM KA THANA, 1361, GODAWAS, 41742, 1244897, Drinking water, 0, 0, 0, 0, 0, 0, 1800000, 1800000
2015, RAJASTHAN, 8, SIKAR, 105, NEEM KA THANA, 1361, GODAWAS, 41742, 1244897, Health, 0, 0, 0, 0, 0, 0, 500000, 500000
2015, RAJASTHAN, 8, SIKAR, 105, NEEM KA THANA, 1361, GODAWAS, 41742, 1244897, Roads, 0, 0, 0, 0, 0, 0, 4256416, 4256416
2015, RAJASTHAN, 8, SIKAR, 105, NEEM KA THANA, 1361, GODAWAS, 41742, 1244897, Total, 0, 0, 0, 0, 0, 0, 6556416, 6556416
2015, RAJASTHAN, 8, SIKAR, 105, NEEM KA THANA, 1361, GOVINDPURA, 41743, 1120774, Roads, 0, 0, 0, 0, 0, 0, 1248585, 1248585
2015, RAJASTHAN, 8, SIKAR, 105, NEEM KA THANA, 1361, GOVINDPURA, 41743, 1120774, Total, 0, 0, 0, 0, 0, 0, 1248585, 1248585
2015, RAJASTHAN, 8, SIKAR, 105, NEEM KA THANA, 1361, GUHALA, 41744, 1226445, Roads, 0, 0, 0, 0, 0, 0, 1613995, 1613995
2015, RAJASTHAN, 8, SIKAR, 105, NEEM KA THANA, 1361, GUHALA, 41744, 1226445, Total, 0, 0, 0, 0, 0, 0, 1613995, 1613995
2015, RAJASTHAN, 8, SIKAR, 105, NEEM KA THANA, 1361, HEERA NAGAR, 262289, 1247285, Drinking water, 0, 0, 0, 0, 0, 0, 388191, 388191
2015, RAJASTHAN, 8, SIKAR, 105, NEEM KA THANA, 1361, HEERA NAGAR, 262289, 1247285, Roads, 0, 0, 0, 0, 0, 0, 200000, 200000
2015, RAJASTHAN, 8, SIKAR, 105, NEEM KA THANA, 1361, HEERA NAGAR, 262289, 1247285, Sanitation, 0, 0, 0, 0, 0, 0, 200000, 200000
2015, RAJASTHAN, 8, SIKAR, 105, NEEM KA THANA, 1361, HEERA NAGAR, 262289, 1247285, Total, 0, 0, 0, 0, 0, 0, 788191, 788191
2015, RAJASTHAN, 8, SIKAR, 105, NEEM KA THANA, 1361, JHEERANA, 41747, 1120206, Drinking water, 0, 0, 0, 0, 0, 0, 78000, 78000
2015, RAJASTHAN, 8, SIKAR, 105, NEEM KA THANA, 1361, JHEERANA, 41747, 1120206, Family welfare, 0, 0, 0, 0, 0, 0, 78000, 78000
2015, RAJASTHAN, 8, SIKAR, 105, NEEM KA THANA, 1361, JHEERANA, 41747, 1120206, Maintenance of community system, 0, 0, 0, 0, 0, 0, 79000, 79000
2015, RAJASTHAN, 8, SIKAR, 105, NEEM KA THANA, 1361, JHEERANA, 41747, 1120206, Roads, 0, 0, 0, 0, 0, 0, 100000, 100000
2015, RAJASTHAN, 8, SIKAR, 105, NEEM KA THANA, 1361, JHEERANA, 41747, 1120206, Rural electrification, 0, 0, 0, 0, 0, 0, 40054, 40054
2015, RAJASTHAN, 8, SIKAR, 105, NEEM KA THANA, 1361, JHEERANA, 41747, 1120206, Sanitation, 0, 0, 0, 0, 0, 0, 50000, 50000
2015, RAJASTHAN, 8, SIKAR, 105, NEEM KA THANA, 1361, JHEERANA, 41747, 1120206, Total, 0, 0, 0, 0, 0, 0, 425054, 425054
2015, RAJASTHAN, 8, SIKAR, 105, NEEM KA THANA, 1361, JUGALPURA, 262708, 1245908, Drinking water, 0, 0, 0, 0, 0, 0, 950000, 950000
2015, RAJASTHAN, 8, SIKAR, 105, NEEM KA THANA, 1361, JUGALPURA, 262708, 1245908, Roads, 0, 0, 0, 0, 0, 0, 950000, 950000
2015, RAJASTHAN, 8, SIKAR, 105, NEEM KA THANA, 1361, JUGALPURA, 262708, 1245908, Total, 0, 0, 0, 0, 0, 0, 1900000, 1900000
2015, RAJASTHAN, 8, SIKAR, 105, NEEM KA THANA, 1361, KHADRA, 41748, 1226492, Roads, 0, 0, 0, 0, 0, 0, 1816526, 1816526
2015, RAJASTHAN, 8, SIKAR, 105, NEEM KA THANA, 1361, KHADRA, 41748, 1226492, Total, 0, 0, 0, 0, 0, 0, 1816526, 1816526
2015, RAJASTHAN, 8, SIKAR, 105, NEEM KA THANA, 1361, KHATKAR, 41749, 1247408, Drinking water, 0, 0, 0, 0, 0, 0, 834476, 834476
2015, RAJASTHAN, 8, SIKAR, 105, NEEM KA THANA, 1361, KHATKAR, 41749, 1247408, Roads, 0, 0, 0, 0, 0, 0, 200000, 200000
2015, RAJASTHAN, 8, SIKAR, 105, NEEM KA THANA, 1361, KHATKAR, 41749, 1247408, Total, 0, 0, 0, 0, 0, 0, 1034476, 1034476
2015, RAJASTHAN, 8, SIKAR, 105, NEEM KA THANA, 1361, KISHORPURA, 41750, 1247478, Drinking water, 0, 0, 0, 0, 0, 0, 300000, 300000
2015, RAJASTHAN, 8, SIKAR, 105, NEEM KA THANA, 1361, KISHORPURA, 41750, 1247478, Roads, 0, 0, 0, 0, 0, 0, 1119422, 1119422
2015, RAJASTHAN, 8, SIKAR, 105, NEEM KA THANA, 1361, KISHORPURA, 41750, 1247478, Total, 0, 0, 0, 0, 0, 0, 1419422, 1419422
2015, RAJASTHAN, 8, SIKAR, 105, NEEM KA THANA, 1361, KOTRA, 41751, 1247517, Drinking water, 0, 0, 0, 0, 0, 0, 1199314, 1199314
2015, RAJASTHAN, 8, SIKAR, 105, NEEM KA THANA, 1361, KOTRA, 41751, 1247517, Total, 0, 0, 0, 0, 0, 0, 1199314, 1199314
2015, RAJASTHAN, 8, SIKAR, 105, NEEM KA THANA, 1361, KURBARA, 262293, 1227901, Drinking water, 0, 0, 0, 0, 0, 0, 937740, 937740
2015, RAJASTHAN, 8, SIKAR, 105, NEEM KA THANA, 1361, KURBARA, 262293, 1227901, Total, 0, 0, 0, 0, 0, 0, 937740, 937740
2015, RAJASTHAN, 8, SIKAR, 105, NEEM KA THANA, 1361, MAHAWA, 41753, 1226948, Roads, 0, 0, 0, 0, 0, 0, 1380224, 1380224
2015, RAJASTHAN, 8, SIKAR, 105, NEEM KA THANA, 1361, MAHAWA, 41753, 1226948, Total, 0, 0, 0, 0, 0, 0, 1380224, 1380224
2015, RAJASTHAN, 8, SIKAR, 105, NEEM KA THANA, 1361, MANDOLI, 41755, 1245840, Roads, 0, 0, 0, 0, 0, 0, 523406, 523406
2015, RAJASTHAN, 8, SIKAR, 105, NEEM KA THANA, 1361, MANDOLI, 41755, 1245840, Sanitation, 0, 0, 0, 0, 0, 0, 250000, 250000
2015, RAJASTHAN, 8, SIKAR, 105, NEEM KA THANA, 1361, MANDOLI, 41755, 1245840, Total, 0, 0, 0, 0, 0, 0, 773406, 773406
2015, RAJASTHAN, 8, SIKAR, 105, NEEM KA THANA, 1361, MANKARI, 41754, 1247557, Drinking water, 0, 0, 0, 0, 0, 0, 800000, 800000
2015, RAJASTHAN, 8, SIKAR, 105, NEEM KA THANA, 1361, MANKARI, 41754, 1247557, Health, 0, 0, 0, 0, 0, 0, 362273, 362273
2015, RAJASTHAN, 8, SIKAR, 105, NEEM KA THANA, 1361, MANKARI, 41754, 1247557, Roads, 0, 0, 0, 0, 0, 0, 400000, 400000
2015, RAJASTHAN, 8, SIKAR, 105, NEEM KA THANA, 1361, MANKARI, 41754, 1247557, Total, 0, 0, 0, 0, 0, 0, 1562273, 1562273
2015, RAJASTHAN, 8, SIKAR, 105, NEEM KA THANA, 1361, MAWANDA KALAN, 41756, 1247589, Health, 0, 0, 0, 0, 0, 0, 502488, 502488
2015, RAJASTHAN, 8, SIKAR, 105, NEEM KA THANA, 1361, MAWANDA KALAN, 41756, 1247589, Roads, 0, 0, 0, 0, 0, 0, 500000, 500000
2015, RAJASTHAN, 8, SIKAR, 105, NEEM KA THANA, 1361, MAWANDA KALAN, 41756, 1247589, Total, 0, 0, 0, 0, 0, 0, 1002488, 1002488
2015, RAJASTHAN, 8, SIKAR, 105, NEEM KA THANA, 1361, MAWANDA KHURD, 41757, 1245153, Drinking water, 0, 0, 0, 0, 0, 0, 1000000, 1000000
2015, RAJASTHAN, 8, SIKAR, 105, NEEM KA THANA, 1361, MAWANDA KHURD, 41757, 1245153, Roads, 0, 0, 0, 0, 0, 0, 1518141, 1518141
2015, RAJASTHAN, 8, SIKAR, 105, NEEM KA THANA, 1361, MAWANDA KHURD, 41757, 1245153, Total, 0, 0, 0, 0, 0, 0, 2518141, 2518141
2015, RAJASTHAN, 8, SIKAR, 105, NEEM KA THANA, 1361, NAPAWALI, 262802, 1228035, Health, 0, 0, 0, 0, 0, 0, 300000, 300000
2015, RAJASTHAN, 8, SIKAR, 105, NEEM KA THANA, 1361, NAPAWALI, 262802, 1228035, Sanitation, 0, 0, 0, 0, 0, 0, 227367, 227367
2015, RAJASTHAN, 8, SIKAR, 105, NEEM KA THANA, 1361, NAPAWALI, 262802, 1228035, Total, 0, 0, 0, 0, 0, 0, 527367, 527367
2015, RAJASTHAN, 8, SIKAR, 105, NEEM KA THANA, 1361, NARSINGH PURI, 41761, 1248191, Drinking water, 0, 0, 0, 0, 0, 0, 353638, 353638
2015, RAJASTHAN, 8, SIKAR, 105, NEEM KA THANA, 1361, NARSINGH PURI, 41761, 1248191, Roads, 0, 0, 0, 0, 0, 0, 2000000, 2000000
2015, RAJASTHAN, 8, SIKAR, 105, NEEM KA THANA, 1361, NARSINGH PURI, 41761, 1248191, Total, 0, 0, 0, 0, 0, 0, 2353638, 2353638
2015, RAJASTHAN, 8, SIKAR, 105, NEEM KA THANA, 1361, NATHA KI NANGAL, 41762, 1228103, Roads, 0, 0, 0, 0, 0, 0, 2351454, 2351454
2015, RAJASTHAN, 8, SIKAR, 105, NEEM KA THANA, 1361, NATHA KI NANGAL, 41762, 1228103, Total, 0, 0, 0, 0, 0, 0, 2351454, 2351454
2015, RAJASTHAN, 8, SIKAR, 105, NEEM KA THANA, 1361, NAWANDA RAILWAY STATION, 41758, 1247606, Drinking water, 0, 0, 0, 0, 0, 0, 203155, 203155
2015, RAJASTHAN, 8, SIKAR, 105, NEEM KA THANA, 1361, NAWANDA RAILWAY STATION, 41758, 1247606, Health, 0, 0, 0, 0, 0, 0, 300000, 300000
2015, RAJASTHAN, 8, SIKAR, 105, NEEM KA THANA, 1361, NAWANDA RAILWAY STATION, 41758, 1247606, Total, 0, 0, 0, 0, 0, 0, 503155, 503155
2015, RAJASTHAN, 8, SIKAR, 105, NEEM KA THANA, 1361, NAYA BAS, 41763, 1120889, Drinking water, 0, 0, 0, 0, 0, 0, 798640, 798640
2015, RAJASTHAN, 8, SIKAR, 105, NEEM KA THANA, 1361, NAYA BAS, 41763, 1120889, Roads, 0, 0, 0, 0, 0, 0, 300000, 300000
2015, RAJASTHAN, 8, SIKAR, 105, NEEM KA THANA, 1361, NAYA BAS, 41763, 1120889, Total, 0, 0, 0, 0, 0, 0, 1098640, 1098640
2015, RAJASTHAN, 8, SIKAR, 105, NEEM KA THANA, 1361, PEETHAL PUR, 41765, 1245783, Roads, 0, 0, 0, 0, 0, 0, 349921, 349921
2015, RAJASTHAN, 8, SIKAR, 105, NEEM KA THANA, 1361, PEETHAL PUR, 41765, 1245783, Total, 0, 0, 0, 0, 0, 0, 349921, 349921
2015, RAJASTHAN, 8, SIKAR, 105, NEEM KA THANA, 1361, PRITAM PURI, 41766, 1218948, Roads, 0, 0, 0, 0, 0, 0, 734240, 734240
2015, RAJASTHAN, 8, SIKAR, 105, NEEM KA THANA, 1361, PRITAM PURI, 41766, 1218948, Sanitation, 0, 0, 0, 0, 0, 0, 200000, 200000
2015, RAJASTHAN, 8, SIKAR, 105, NEEM KA THANA, 1361, PRITAM PURI, 41766, 1218948, Total, 0, 0, 0, 0, 0, 0, 934240, 934240
2015, RAJASTHAN, 8, SIKAR, 105, NEEM KA THANA, 1361, PURANABAS, 41729, 1248238, Health, 0, 0, 0, 0, 0, 0, 150000, 150000
2015, RAJASTHAN, 8, SIKAR, 105, NEEM KA THANA, 1361, PURANABAS, 41729, 1248238, Sanitation, 0, 0, 0, 0, 0, 0, 537578, 537578
2015, RAJASTHAN, 8, SIKAR, 105, NEEM KA THANA, 1361, PURANABAS, 41729, 1248238, Total, 0, 0, 0, 0, 0, 0, 687578, 687578
2015, RAJASTHAN, 8, SIKAR, 105, NEEM KA THANA, 1361, RAIPUR JAGEER, 41767, 1223681, Roads, 0, 0, 0, 0, 0, 0, 2490575, 2490575
2015, RAJASTHAN, 8, SIKAR, 105, NEEM KA THANA, 1361, RAIPUR JAGEER, 41767, 1223681, Total, 0, 0, 0, 0, 0, 0, 2490575, 2490575
2015, RAJASTHAN, 8, SIKAR, 105, NEEM KA THANA, 1361, SAKRAY, 262686, 1248321, Drinking water, 0, 0, 0, 0, 0, 0, 986857, 986857
2015, RAJASTHAN, 8, SIKAR, 105, NEEM KA THANA, 1361, SAKRAY, 262686, 1248321, Total, 0, 0, 0, 0, 0, 0, 986857, 986857
2015, RAJASTHAN, 8, SIKAR, 105, NEEM KA THANA, 1361, SANWALPURA (TANWRAN), 41772, 1248368, Drinking water, 0, 0, 0, 0, 0, 0, 1200000, 1200000
2015, RAJASTHAN, 8, SIKAR, 105, NEEM KA THANA, 1361, SANWALPURA (TANWRAN), 41772, 1248368, Health, 0, 0, 0, 0, 0, 0, 266547, 266547
2015, RAJASTHAN, 8, SIKAR, 105, NEEM KA THANA, 1361, SANWALPURA (TANWRAN), 41772, 1248368, Total, 0, 0, 0, 0, 0, 0, 1466547, 1466547
2015, RAJASTHAN, 8, SIKAR, 105, NEEM KA THANA, 1361, SIROHI, 41774, 1121667, Roads, 0, 0, 0, 0, 0, 0, 1374381, 1374381
2015, RAJASTHAN, 8, SIKAR, 105, NEEM KA THANA, 1361, SIROHI, 41774, 1121667, Total, 0, 0, 0, 0, 0, 0, 1374381, 1374381
2015, RAJASTHAN, 8, SIKAR, 105, NEEM KA THANA, 1361, TATERA, 41775, 1225431, Drinking water, 0, 0, 0, 0, 0, 0, 652931, 652931
2015, RAJASTHAN, 8, SIKAR, 105, NEEM KA THANA, 1361, TATERA, 41775, 1225431, Roads, 0, 0, 0, 0, 0, 0, 500000, 500000
2015, RAJASTHAN, 8, SIKAR, 105, NEEM KA THANA, 1361, TATERA, 41775, 1225431, Total, 0, 0, 0, 0, 0, 0, 1152931, 1152931
2015, RAJASTHAN, 8, SIKAR, 105, NEEM KA THANA, 1361, THEEKARIYA, 41776, 1245034, Drinking water, 0, 0, 0, 0, 0, 0, 400000, 400000
2015, RAJASTHAN, 8, SIKAR, 105, NEEM KA THANA, 1361, THEEKARIYA, 41776, 1245034, Roads, 0, 0, 0, 0, 0, 0, 800189, 800189
2015, RAJASTHAN, 8, SIKAR, 105, NEEM KA THANA, 1361, THEEKARIYA, 41776, 1245034, Total, 0, 0, 0, 0, 0, 0, 1200189, 1200189
2015, RAJASTHAN, 8, SIKAR, 105, PIPRALI, 1362, ABHYAPURA, 41778, 1185788, Drinking water, 0, 0, 0, 0, 0, 0, 279236, 279236
2015, RAJASTHAN, 8, SIKAR, 105, PIPRALI, 1362, ABHYAPURA, 41778, 1185788, Health, 0, 0, 0, 0, 0, 0, 1200000, 1200000
2015, RAJASTHAN, 8, SIKAR, 105, PIPRALI, 1362, ABHYAPURA, 41778, 1185788, Total, 0, 0, 0, 0, 0, 0, 1479236, 1479236
2015, RAJASTHAN, 8, SIKAR, 105, PIPRALI, 1362, BAIDH KI DHANI, 41779, 1118070, Drinking water, 0, 0, 0, 0, 0, 0, 50000, 50000
2015, RAJASTHAN, 8, SIKAR, 105, PIPRALI, 1362, BAIDH KI DHANI, 41779, 1118070, Maintenance of community system, 0, 0, 0, 0, 0, 0, 48000, 48000
2015, RAJASTHAN, 8, SIKAR, 105, PIPRALI, 1362, BAIDH KI DHANI, 41779, 1118070, Sanitation, 0, 0, 0, 0, 0, 0, 300000, 300000
2015, RAJASTHAN, 8, SIKAR, 105, PIPRALI, 1362, BAIDH KI DHANI, 41779, 1118070, Total, 0, 0, 0, 0, 0, 0, 398000, 398000
2015, RAJASTHAN, 8, SIKAR, 105, PIPRALI, 1362, BAJOR, 41780, 1112274, Drinking water, 0, 0, 0, 0, 0, 0, 100000, 100000
2015, RAJASTHAN, 8, SIKAR, 105, PIPRALI, 1362, BAJOR, 41780, 1112274, Sanitation, 0, 0, 0, 0, 0, 0, 200000, 200000
2015, RAJASTHAN, 8, SIKAR, 105, PIPRALI, 1362, BAJOR, 41780, 1112274, Total, 0, 0, 0, 0, 0, 0, 300000, 300000
2015, RAJASTHAN, 8, SIKAR, 105, PIPRALI, 1362, BERI, 41781, 1167905, Health, 0, 0, 0, 0, 0, 0, 1276482, 1276482
2015, RAJASTHAN, 8, SIKAR, 105, PIPRALI, 1362, BERI, 41781, 1167905, Total, 0, 0, 0, 0, 0, 0, 1276482, 1276482
2015, RAJASTHAN, 8, SIKAR, 105, PIPRALI, 1362, BHADALA KI DHANI, 262704, 1185750, Drinking water, 0, 0, 0, 0, 0, 0, 792546, 792546
2015, RAJASTHAN, 8, SIKAR, 105, PIPRALI, 1362, BHADALA KI DHANI, 262704, 1185750, Health, 0, 0, 0, 0, 0, 0, 400000, 400000
2015, RAJASTHAN, 8, SIKAR, 105, PIPRALI, 1362, BHADALA KI DHANI, 262704, 1185750, Total, 0, 0, 0, 0, 0, 0, 1192546, 1192546
2015, RAJASTHAN, 8, SIKAR, 105, PIPRALI, 1362, BHADWASI, 41782, 1118909, Drinking water, 0, 0, 0, 0, 0, 0, 515000, 515000
2015, RAJASTHAN, 8, SIKAR, 105, PIPRALI, 1362, BHADWASI, 41782, 1118909, Maintenance of community system, 0, 0, 0, 0, 0, 0, 200000, 200000
2015, RAJASTHAN, 8, SIKAR, 105, PIPRALI, 1362, BHADWASI, 41782, 1118909, Roads, 0, 0, 0, 0, 0, 0, 73127, 73127
2015, RAJASTHAN, 8, SIKAR, 105, PIPRALI, 1362, BHADWASI, 41782, 1118909, Total, 0, 0, 0, 0, 0, 0, 788127, 788127
2015, RAJASTHAN, 8, SIKAR, 105, PIPRALI, 1362, CHAINPURA, 41783, 1119002, Drinking water, 0, 0, 0, 0, 0, 0, 109000, 109000
2015, RAJASTHAN, 8, SIKAR, 105, PIPRALI, 1362, CHAINPURA, 41783, 1119002, Roads, 0, 0, 0, 0, 0, 0, 1175331, 1175331
2015, RAJASTHAN, 8, SIKAR, 105, PIPRALI, 1362, CHAINPURA, 41783, 1119002, Total, 0, 0, 0, 0, 0, 0, 1284331, 1284331
2015, RAJASTHAN, 8, SIKAR, 105, PIPRALI, 1362, CHANDPURA, 41784, 1120115, Drinking water, 0, 0, 0, 0, 0, 0, 416607, 416607
2015, RAJASTHAN, 8, SIKAR, 105, PIPRALI, 1362, CHANDPURA, 41784, 1120115, Roads, 0, 0, 0, 0, 0, 0, 500000, 500000
2015, RAJASTHAN, 8, SIKAR, 105, PIPRALI, 1362, CHANDPURA, 41784, 1120115, Sanitation, 0, 0, 0, 0, 0, 0, 100000, 100000
2015, RAJASTHAN, 8, SIKAR, 105, PIPRALI, 1362, CHANDPURA, 41784, 1120115, Total, 0, 0, 0, 0, 0, 0, 1016607, 1016607
2015, RAJASTHAN, 8, SIKAR, 105, PIPRALI, 1362, DADIYA, 41785, 1120683, Drinking water, 0, 0, 0, 0, 0, 0, 50000, 50000
2015, RAJASTHAN, 8, SIKAR, 105, PIPRALI, 1362, DADIYA, 41785, 1120683, Roads, 0, 0, 0, 0, 0, 0, 919298, 919298
2015, RAJASTHAN, 8, SIKAR, 105, PIPRALI, 1362, DADIYA, 41785, 1120683, Total, 0, 0, 0, 0, 0, 0, 969298, 969298
2015, RAJASTHAN, 8, SIKAR, 105, PIPRALI, 1362, DAULATPURA, 41786, 1120722, Maintenance of community system, 0, 0, 0, 0, 0, 0, 50000, 50000
2015, RAJASTHAN, 8, SIKAR, 105, PIPRALI, 1362, DAULATPURA, 41786, 1120722, Roads, 0, 0, 0, 0, 0, 0, 569600, 569600
2015, RAJASTHAN, 8, SIKAR, 105, PIPRALI, 1362, DAULATPURA, 41786, 1120722, Total, 0, 0, 0, 0, 0, 0, 619600, 619600
2015, RAJASTHAN, 8, SIKAR, 105, PIPRALI, 1362, Dharamshala, 262155, 1168558, Drinking water, 0, 0, 0, 0, 0, 0, 821611, 821611
2015, RAJASTHAN, 8, SIKAR, 105, PIPRALI, 1362, Dharamshala, 262155, 1168558, Health, 0, 0, 0, 0, 0, 0, 500000, 500000
2015, RAJASTHAN, 8, SIKAR, 105, PIPRALI, 1362, Dharamshala, 262155, 1168558, Total, 0, 0, 0, 0, 0, 0, 1321611, 1321611
2015, RAJASTHAN, 8, SIKAR, 105, PIPRALI, 1362, GOKULPURA, 41787, 1187022, Drinking water, 0, 0, 0, 0, 0, 0, 500000, 500000
2015, RAJASTHAN, 8, SIKAR, 105, PIPRALI, 1362, GOKULPURA, 41787, 1187022, Health, 0, 0, 0, 0, 0, 0, 904893, 904893
2015, RAJASTHAN, 8, SIKAR, 105, PIPRALI, 1362, GOKULPURA, 41787, 1187022, Total, 0, 0, 0, 0, 0, 0, 1404893, 1404893
2015, RAJASTHAN, 8, SIKAR, 105, PIPRALI, 1362, GUNGARA, 41788, 1120725, Cultural activities, 0, 0, 0, 0, 0, 0, 380769, 380769
2015, RAJASTHAN, 8, SIKAR, 105, PIPRALI, 1362, GUNGARA, 41788, 1120725, Roads, 0, 0, 0, 0, 0, 0, 500000, 500000
2015, RAJASTHAN, 8, SIKAR, 105, PIPRALI, 1362, GUNGARA, 41788, 1120725, Sanitation, 0, 0, 0, 0, 0, 0, 330000, 330000
2015, RAJASTHAN, 8, SIKAR, 105, PIPRALI, 1362, GUNGARA, 41788, 1120725, Social welfare, 0, 0, 0, 0, 0, 0, 120000, 120000
2015, RAJASTHAN, 8, SIKAR, 105, PIPRALI, 1362, GUNGARA, 41788, 1120725, Total, 0, 0, 0, 0, 0, 0, 1330769, 1330769
2015, RAJASTHAN, 8, SIKAR, 105, PIPRALI, 1362, HARSH, 41789, 1120745, Drinking water, 0, 0, 0, 0, 0, 0, 200000, 200000
2015, RAJASTHAN, 8, SIKAR, 105, PIPRALI, 1362, HARSH, 41789, 1120745, Roads, 0, 0, 0, 0, 0, 0, 1288176, 1288176
2015, RAJASTHAN, 8, SIKAR, 105, PIPRALI, 1362, HARSH, 41789, 1120745, Total, 0, 0, 0, 0, 0, 0, 1488176, 1488176
2015, RAJASTHAN, 8, SIKAR, 105, PIPRALI, 1362, JURATHRA, 41790, 1167324, Health, 0, 0, 0, 0, 0, 0, 559000, 559000
2015, RAJASTHAN, 8, SIKAR, 105, PIPRALI, 1362, JURATHRA, 41790, 1167324, Roads, 0, 0, 0, 0, 0, 0, 523130, 523130
2015, RAJASTHAN, 8, SIKAR, 105, PIPRALI, 1362, JURATHRA, 41790, 1167324, Social welfare, 0, 0, 0, 0, 0, 0, 800000, 800000
2015, RAJASTHAN, 8, SIKAR, 105, PIPRALI, 1362, JURATHRA, 41790, 1167324, Total, 0, 0, 0, 0, 0, 0, 1882130, 1882130
2015, RAJASTHAN, 8, SIKAR, 105, PIPRALI, 1362, KATRATHAL, 41791, 1120943, Drinking water, 0, 0, 0, 0, 0, 0, 450000, 450000
2015, RAJASTHAN, 8, SIKAR, 105, PIPRALI, 1362, KATRATHAL, 41791, 1120943, Roads, 0, 0, 0, 0, 0, 0, 1101756, 1101756
2015, RAJASTHAN, 8, SIKAR, 105, PIPRALI, 1362, KATRATHAL, 41791, 1120943, Sanitation, 0, 0, 0, 0, 0, 0, 100000, 100000
2015, RAJASTHAN, 8, SIKAR, 105, PIPRALI, 1362, KATRATHAL, 41791, 1120943, Social welfare, 0, 0, 0, 0, 0, 0, 100000, 100000
2015, RAJASTHAN, 8, SIKAR, 105, PIPRALI, 1362, KATRATHAL, 41791, 1120943, Total, 0, 0, 0, 0, 0, 0, 1751756, 1751756
2015, RAJASTHAN, 8, SIKAR, 105, PIPRALI, 1362, KISHANPURA, 41792, 1168328, Health, 0, 0, 0, 0, 0, 0, 947029, 947029
2015, RAJASTHAN, 8, SIKAR, 105, PIPRALI, 1362, KISHANPURA, 41792, 1168328, Total, 0, 0, 0, 0, 0, 0, 947029, 947029
2015, RAJASTHAN, 8, SIKAR, 105, PIPRALI, 1362, KOLEERA, 41793, 1120976, Drinking water, 0, 0, 0, 0, 0, 0, 341000, 341000
2015, RAJASTHAN, 8, SIKAR, 105, PIPRALI, 1362, KOLEERA, 41793, 1120976, Roads, 0, 0, 0, 0, 0, 0, 1000000, 1000000
2015, RAJASTHAN, 8, SIKAR, 105, PIPRALI, 1362, KOLEERA, 41793, 1120976, Sanitation, 0, 0, 0, 0, 0, 0, 151318, 151318
2015, RAJASTHAN, 8, SIKAR, 105, PIPRALI, 1362, KOLEERA, 41793, 1120976, Total, 0, 0, 0, 0, 0, 0, 1492318, 1492318
2015, RAJASTHAN, 8, SIKAR, 105, PIPRALI, 1362, KUDLI, 41794, 1120064, Drinking water, 0, 0, 0, 0, 0, 0, 330000, 330000
2015, RAJASTHAN, 8, SIKAR, 105, PIPRALI, 1362, KUDLI, 41794, 1120064, Roads, 0, 0, 0, 0, 0, 0, 496011, 496011
2015, RAJASTHAN, 8, SIKAR, 105, PIPRALI, 1362, KUDLI, 41794, 1120064, Sanitation, 0, 0, 0, 0, 0, 0, 210000, 210000
2015, RAJASTHAN, 8, SIKAR, 105, PIPRALI, 1362, KUDLI, 41794, 1120064, Total, 0, 0, 0, 0, 0, 0, 1036011, 1036011
2015, RAJASTHAN, 8, SIKAR, 105, PIPRALI, 1362, KUSHALPURA, 262167, 1629553, Roads, 0, 0, 0, 0, 0, 0, 1251838, 1251838
2015, RAJASTHAN, 8, SIKAR, 105, PIPRALI, 1362, KUSHALPURA, 262167, 1629553, Total, 0, 0, 0, 0, 0, 0, 1251838, 1251838
2015, RAJASTHAN, 8, SIKAR, 105, PIPRALI, 1362, LADHANA, 41795, 1176231, Health, 0, 0, 0, 0, 0, 0, 1000000, 1000000
2015, RAJASTHAN, 8, SIKAR, 105, PIPRALI, 1362, LADHANA, 41795, 1176231, Sanitation, 0, 0, 0, 0, 0, 0, 536575, 536575
2015, RAJASTHAN, 8, SIKAR, 105, PIPRALI, 1362, LADHANA, 41795, 1176231, Total, 0, 0, 0, 0, 0, 0, 1536575, 1536575
2015, RAJASTHAN, 8, SIKAR, 105, PIPRALI, 1362, MALKERA, 41796, 1120991, Roads, 0, 0, 0, 0, 0, 0, 1035000, 1035000
2015, RAJASTHAN, 8, SIKAR, 105, PIPRALI, 1362, MALKERA, 41796, 1120991, Sanitation, 0, 0, 0, 0, 0, 0, 25865, 25865
2015, RAJASTHAN, 8, SIKAR, 105, PIPRALI, 1362, MALKERA, 41796, 1120991, Total, 0, 0, 0, 0, 0, 0, 1060865, 1060865
2015, RAJASTHAN, 8, SIKAR, 105, PIPRALI, 1362, NANI, 41797, 1123624, Roads, 0, 0, 0, 0, 0, 0, 308000, 308000
2015, RAJASTHAN, 8, SIKAR, 105, PIPRALI, 1362, NANI, 41797, 1123624, Sanitation, 0, 0, 0, 0, 0, 0, 711005, 711005
2015, RAJASTHAN, 8, SIKAR, 105, PIPRALI, 1362, NANI, 41797, 1123624, Total, 0, 0, 0, 0, 0, 0, 1019005, 1019005
2015, RAJASTHAN, 8, SIKAR, 105, PIPRALI, 1362, PALASARA, 41798, 1167334, Roads, 0, 0, 0, 0, 0, 0, 500000, 500000
2015, RAJASTHAN, 8, SIKAR, 105, PIPRALI, 1362, PALASARA, 41798, 1167334, Sanitation, 0, 0, 0, 0, 0, 0, 1140351, 1140351
2015, RAJASTHAN, 8, SIKAR, 105, PIPRALI, 1362, PALASARA, 41798, 1167334, Total, 0, 0, 0, 0, 0, 0, 1640351, 1640351
2015, RAJASTHAN, 8, SIKAR, 105, PIPRALI, 1362, PALSANA, 41799, 1123742, Roads, 0, 0, 0, 0, 0, 0, 2126755, 2126755
2015, RAJASTHAN, 8, SIKAR, 105, PIPRALI, 1362, PALSANA, 41799, 1123742, Sanitation, 0, 0, 0, 0, 0, 0, 748000, 748000
2015, RAJASTHAN, 8, SIKAR, 105, PIPRALI, 1362, PALSANA, 41799, 1123742, Total, 0, 0, 0, 0, 0, 0, 2874755, 2874755
2015, RAJASTHAN, 8, SIKAR, 105, PIPRALI, 1362, PIPRALI, 41800, 1123721, Drinking water, 0, 0, 0, 0, 0, 0, 200000, 200000
2015, RAJASTHAN, 8, SIKAR, 105, PIPRALI, 1362, PIPRALI, 41800, 1123721, Roads, 0, 0, 0, 0, 0, 0, 2161110, 2161110
2015, RAJASTHAN, 8, SIKAR, 105, PIPRALI, 1362, PIPRALI, 41800, 1123721, Total, 0, 0, 0, 0, 0, 0, 2361110, 2361110
2015, RAJASTHAN, 8, SIKAR, 105, PIPRALI, 1362, PUROHIT KA BAS, 41801, 1123698, Maintenance of community system, 0, 0, 0, 0, 0, 0, 300000, 300000
2015, RAJASTHAN, 8, SIKAR, 105, PIPRALI, 1362, PUROHIT KA BAS, 41801, 1123698, Roads, 0, 0, 0, 0, 0, 0, 701354, 701354
2015, RAJASTHAN, 8, SIKAR, 105, PIPRALI, 1362, PUROHIT KA BAS, 41801, 1123698, Sanitation, 0, 0, 0, 0, 0, 0, 109000, 109000
2015, RAJASTHAN, 8, SIKAR, 105, PIPRALI, 1362, PUROHIT KA BAS, 41801, 1123698, Total, 0, 0, 0, 0, 0, 0, 1110354, 1110354
2015, RAJASTHAN, 8, SIKAR, 105, PIPRALI, 1362, RADHA KISHANPURA, 41802, 1123704, Roads, 0, 0, 0, 0, 0, 0, 661023, 661023
2015, RAJASTHAN, 8, SIKAR, 105, PIPRALI, 1362, RADHA KISHANPURA, 41802, 1123704, Total, 0, 0, 0, 0, 0, 0, 661023, 661023
2015, RAJASTHAN, 8, SIKAR, 105, PIPRALI, 1362, RAGHUNATHGARH, 41803, 1167363, Roads, 0, 0, 0, 0, 0, 0, 967836, 967836
2015, RAJASTHAN, 8, SIKAR, 105, PIPRALI, 1362, RAGHUNATHGARH, 41803, 1167363, Sanitation, 0, 0, 0, 0, 0, 0, 250000, 250000
2015, RAJASTHAN, 8, SIKAR, 105, PIPRALI, 1362, RAGHUNATHGARH, 41803, 1167363, Total, 0, 0, 0, 0, 0, 0, 1217836, 1217836
2015, RAJASTHAN, 8, SIKAR, 105, PIPRALI, 1362, RAIWASA, 41804, 1167381, Drinking water, 0, 0, 0, 0, 0, 0, 150000, 150000
2015, RAJASTHAN, 8, SIKAR, 105, PIPRALI, 1362, RAIWASA, 41804, 1167381, Roads, 0, 0, 0, 0, 0, 0, 1115938, 1115938
2015, RAJASTHAN, 8, SIKAR, 105, PIPRALI, 1362, RAIWASA, 41804, 1167381, Sanitation, 0, 0, 0, 0, 0, 0, 200000, 200000
2015, RAJASTHAN, 8, SIKAR, 105, PIPRALI, 1362, RAIWASA, 41804, 1167381, Total, 0, 0, 0, 0, 0, 0, 1465938, 1465938
2015, RAJASTHAN, 8, SIKAR, 105, PIPRALI, 1362, RAJPURA, 41805, 1187489, Roads, 0, 0, 0, 0, 0, 0, 1128450, 1128450
2015, RAJASTHAN, 8, SIKAR, 105, PIPRALI, 1362, RAJPURA, 41805, 1187489, Total, 0, 0, 0, 0, 0, 0, 1128450, 1128450
2015, RAJASTHAN, 8, SIKAR, 105, PIPRALI, 1362, RANOLI, 41806, 1167919, Drinking water, 0, 0, 0, 0, 0, 0, 2094824, 2094824
2015, RAJASTHAN, 8, SIKAR, 105, PIPRALI, 1362, RANOLI, 41806, 1167919, Health, 0, 0, 0, 0, 0, 0, 500000, 500000
2015, RAJASTHAN, 8, SIKAR, 105, PIPRALI, 1362, RANOLI, 41806, 1167919, Total, 0, 0, 0, 0, 0, 0, 2594824, 2594824
2015, RAJASTHAN, 8, SIKAR, 105, PIPRALI, 1362, SANGARWA, 41807, 1174715, Health, 0, 0, 0, 0, 0, 0, 1449586, 1449586
2015, RAJASTHAN, 8, SIKAR, 105, PIPRALI, 1362, SANGARWA, 41807, 1174715, Total, 0, 0, 0, 0, 0, 0, 1449586, 1449586
2015, RAJASTHAN, 8, SIKAR, 105, PIPRALI, 1362, SHEESHYO, 41808, 1168004, Drinking water, 0, 0, 0, 0, 0, 0, 800000, 800000
2015, RAJASTHAN, 8, SIKAR, 105, PIPRALI, 1362, SHEESHYO, 41808, 1168004, Health, 0, 0, 0, 0, 0, 0, 1207271, 1207271
2015, RAJASTHAN, 8, SIKAR, 105, PIPRALI, 1362, SHEESHYO, 41808, 1168004, Total, 0, 0, 0, 0, 0, 0, 2007271, 2007271
2015, RAJASTHAN, 8, SIKAR, 105, PIPRALI, 1362, SHIVSINGH PURA, 262699, 1168147, Health, 0, 0, 0, 0, 0, 0, 1170526, 1170526
2015, RAJASTHAN, 8, SIKAR, 105, PIPRALI, 1362, SHIVSINGH PURA, 262699, 1168147, Total, 0, 0, 0, 0, 0, 0, 1170526, 1170526
2015, RAJASTHAN, 8, SIKAR, 105, PIPRALI, 1362, SHYAMGARH, 41809, 1167897, Drinking water, 0, 0, 0, 0, 0, 0, 908908, 908908
2015, RAJASTHAN, 8, SIKAR, 105, PIPRALI, 1362, SHYAMGARH, 41809, 1167897, Total, 0, 0, 0, 0, 0, 0, 908908, 908908
2015, RAJASTHAN, 8, SIKAR, 105, PIPRALI, 1362, SHYAMPURA, 41810, 1167673, Drinking water, 0, 0, 0, 0, 0, 0, 500000, 500000
2015, RAJASTHAN, 8, SIKAR, 105, PIPRALI, 1362, SHYAMPURA, 41810, 1167673, Health, 0, 0, 0, 0, 0, 0, 361162, 361162
2015, RAJASTHAN, 8, SIKAR, 105, PIPRALI, 1362, SHYAMPURA, 41810, 1167673, Total, 0, 0, 0, 0, 0, 0, 861162, 861162
2015, RAJASTHAN, 8, SIKAR, 105, PIPRALI, 1362, SINGHASAN, 41811, 1167712, Health, 0, 0, 0, 0, 0, 0, 1036883, 1036883
2015, RAJASTHAN, 8, SIKAR, 105, PIPRALI, 1362, SINGHASAN, 41811, 1167712, Total, 0, 0, 0, 0, 0, 0, 1036883, 1036883
2015, RAJASTHAN, 8, SIKAR, 105, PIPRALI, 1362, SUJAWAS, 41812, 1167937, Drinking water, 0, 0, 0, 0, 0, 0, 113709, 113709
2015, RAJASTHAN, 8, SIKAR, 105, PIPRALI, 1362, SUJAWAS, 41812, 1167937, Health, 0, 0, 0, 0, 0, 0, 650000, 650000
2015, RAJASTHAN, 8, SIKAR, 105, PIPRALI, 1362, SUJAWAS, 41812, 1167937, Total, 0, 0, 0, 0, 0, 0, 763709, 763709
2015, RAJASTHAN, 8, SIKAR, 105, PIPRALI, 1362, TARPURA, 41813, 1185947, Drinking water, 0, 0, 0, 0, 0, 0, 211573, 211573
2015, RAJASTHAN, 8, SIKAR, 105, PIPRALI, 1362, TARPURA, 41813, 1185947, Roads, 0, 0, 0, 0, 0, 0, 750000, 750000
2015, RAJASTHAN, 8, SIKAR, 105, PIPRALI, 1362, TARPURA, 41813, 1185947, Sanitation, 0, 0, 0, 0, 0, 0, 650000, 650000
2015, RAJASTHAN, 8, SIKAR, 105, PIPRALI, 1362, TARPURA, 41813, 1185947, Total, 0, 0, 0, 0, 0, 0, 1611573, 1611573
2015, RAJASTHAN, 8, SIKAR, 105, SRI MADHOPUR, 1363, ABHAWAS, 41814, 1516565, Sanitation, 0, 0, 0, 0, 0, 0, 600000, 600000
2015, RAJASTHAN, 8, SIKAR, 105, SRI MADHOPUR, 1363, ABHAWAS, 41814, 1516565, Total, 0, 0, 0, 0, 0, 0, 600000, 600000
2015, RAJASTHAN, 8, SIKAR, 105, SRI MADHOPUR, 1363, AJEETGARH, 41815, 1216993, Roads, 0, 0, 0, 0, 0, 0, 14000000, 14000000
2015, RAJASTHAN, 8, SIKAR, 105, SRI MADHOPUR, 1363, AJEETGARH, 41815, 1216993, Sanitation, 0, 0, 0, 0, 0, 0, 1002323, 1002323
2015, RAJASTHAN, 8, SIKAR, 105, SRI MADHOPUR, 1363, AJEETGARH, 41815, 1216993, Total, 0, 0, 0, 0, 0, 0, 15002323, 15002323
2015, RAJASTHAN, 8, SIKAR, 105, SRI MADHOPUR, 1363, ANATPURA, 41816, 1492765, Drinking water, 0, 0, 0, 0, 0, 0, 300000, 300000
2015, RAJASTHAN, 8, SIKAR, 105, SRI MADHOPUR, 1363, ANATPURA, 41816, 1492765, Total, 0, 0, 0, 0, 0, 0, 300000, 300000
2015, RAJASTHAN, 8, SIKAR, 105, SRI MADHOPUR, 1363, ARNIYA, 41817, 1513112, Drinking water, 0, 0, 0, 0, 0, 0, 100000, 100000
2015, RAJASTHAN, 8, SIKAR, 105, SRI MADHOPUR, 1363, ARNIYA, 41817, 1513112, Roads, 0, 0, 0, 0, 0, 0, 200000, 200000
2015, RAJASTHAN, 8, SIKAR, 105, SRI MADHOPUR, 1363, ARNIYA, 41817, 1513112, Total, 0, 0, 0, 0, 0, 0, 300000, 300000
2015, RAJASTHAN, 8, SIKAR, 105, SRI MADHOPUR, 1363, ASPURA, 41818, 1512555, Drinking water, 0, 0, 0, 0, 0, 0, 200000, 200000
2015, RAJASTHAN, 8, SIKAR, 105, SRI MADHOPUR, 1363, ASPURA, 41818, 1512555, Roads, 0, 0, 0, 0, 0, 0, 100000, 100000
2015, RAJASTHAN, 8, SIKAR, 105, SRI MADHOPUR, 1363, ASPURA, 41818, 1512555, Total, 0, 0, 0, 0, 0, 0, 300000, 300000
2015, RAJASTHAN, 8, SIKAR, 105, SRI MADHOPUR, 1363, BAGARIYAWAS, 41819, 1527009, Drinking water, 0, 0, 0, 0, 0, 0, 100000, 100000
2015, RAJASTHAN, 8, SIKAR, 105, SRI MADHOPUR, 1363, BAGARIYAWAS, 41819, 1527009, Roads, 0, 0, 0, 0, 0, 0, 200000, 200000
2015, RAJASTHAN, 8, SIKAR, 105, SRI MADHOPUR, 1363, BAGARIYAWAS, 41819, 1527009, Sanitation, 0, 0, 0, 0, 0, 0, 100000, 100000
2015, RAJASTHAN, 8, SIKAR, 105, SRI MADHOPUR, 1363, BAGARIYAWAS, 41819, 1527009, Total, 0, 0, 0, 0, 0, 0, 400000, 400000
2015, RAJASTHAN, 8, SIKAR, 105, SRI MADHOPUR, 1363, BHARNI, 41820, 1401942, Land improvement, 0, 0, 0, 0, 0, 0, 947755, 947755
2015, RAJASTHAN, 8, SIKAR, 105, SRI MADHOPUR, 1363, BHARNI, 41820, 1401942, Sanitation, 0, 0, 0, 0, 0, 0, 1000000, 1000000
2015, RAJASTHAN, 8, SIKAR, 105, SRI MADHOPUR, 1363, BHARNI, 41820, 1401942, Total, 0, 0, 0, 0, 0, 0, 1947755, 1947755
2015, RAJASTHAN, 8, SIKAR, 105, SRI MADHOPUR, 1363, CHOMU PUROHITAN, 41821, 1402038, Drinking water, 0, 0, 0, 0, 0, 0, 1000000, 1000000
2015, RAJASTHAN, 8, SIKAR, 105, SRI MADHOPUR, 1363, CHOMU PUROHITAN, 41821, 1402038, Roads, 0, 0, 0, 0, 0, 0, 2300000, 2300000
2015, RAJASTHAN, 8, SIKAR, 105, SRI MADHOPUR, 1363, CHOMU PUROHITAN, 41821, 1402038, Sanitation, 0, 0, 0, 0, 0, 0, 101083, 101083
2015, RAJASTHAN, 8, SIKAR, 105, SRI MADHOPUR, 1363, CHOMU PUROHITAN, 41821, 1402038, Total, 0, 0, 0, 0, 0, 0, 3401083, 3401083
2015, RAJASTHAN, 8, SIKAR, 105, SRI MADHOPUR, 1363, DADIYA RAMPURA, 41822, 1236010, Roads, 0, 0, 0, 0, 0, 0, 4000000, 4000000
2015, RAJASTHAN, 8, SIKAR, 105, SRI MADHOPUR, 1363, DADIYA RAMPURA, 41822, 1236010, Sanitation, 0, 0, 0, 0, 0, 0, 247338, 247338
2015, RAJASTHAN, 8, SIKAR, 105, SRI MADHOPUR, 1363, DADIYA RAMPURA, 41822, 1236010, Total, 0, 0, 0, 0, 0, 0, 4247338, 4247338
2015, RAJASTHAN, 8, SIKAR, 105, SRI MADHOPUR, 1363, DIVRALA, 41823, 1219116, Roads, 0, 0, 0, 0, 0, 0, 6000000, 6000000
2015, RAJASTHAN, 8, SIKAR, 105, SRI MADHOPUR, 1363, DIVRALA, 41823, 1219116, Sanitation, 0, 0, 0, 0, 0, 0, 170553, 170553
2015, RAJASTHAN, 8, SIKAR, 105, SRI MADHOPUR, 1363, DIVRALA, 41823, 1219116, Total, 0, 0, 0, 0, 0, 0, 6170553, 6170553
2015, RAJASTHAN, 8, SIKAR, 105, SRI MADHOPUR, 1363, GARH TAKNET, 41824, 1226547, Drinking water, 0, 0, 0, 0, 0, 0, 1254528, 1254528
2015, RAJASTHAN, 8, SIKAR, 105, SRI MADHOPUR, 1363, GARH TAKNET, 41824, 1226547, Roads, 0, 0, 0, 0, 0, 0, 1500000, 1500000
2015, RAJASTHAN, 8, SIKAR, 105, SRI MADHOPUR, 1363, GARH TAKNET, 41824, 1226547, Total, 0, 0, 0, 0, 0, 0, 2754528, 2754528
2015, RAJASTHAN, 8, SIKAR, 105, SRI MADHOPUR, 1363, HANSPUR, 41825, 1512474, Roads, 0, 0, 0, 0, 0, 0, 300000, 300000
2015, RAJASTHAN, 8, SIKAR, 105, SRI MADHOPUR, 1363, HANSPUR, 41825, 1512474, Total, 0, 0, 0, 0, 0, 0, 300000, 300000
2015, RAJASTHAN, 8, SIKAR, 105, SRI MADHOPUR, 1363, HATHORA, 41826, 1218215, Roads, 0, 0, 0, 0, 0, 0, 2500000, 2500000
2015, RAJASTHAN, 8, SIKAR, 105, SRI MADHOPUR, 1363, HATHORA, 41826, 1218215, Sanitation, 0, 0, 0, 0, 0, 0, 309692, 309692
2015, RAJASTHAN, 8, SIKAR, 105, SRI MADHOPUR, 1363, HATHORA, 41826, 1218215, Total, 0, 0, 0, 0, 0, 0, 2809692, 2809692
2015, RAJASTHAN, 8, SIKAR, 105, SRI MADHOPUR, 1363, JAITUSAR, 41827, 1216146, Sanitation, 0, 0, 0, 0, 0, 0, 296897, 296897
2015, RAJASTHAN, 8, SIKAR, 105, SRI MADHOPUR, 1363, JAITUSAR, 41827, 1216146, Total, 0, 0, 0, 0, 0, 0, 1996897, 1996897
2015, RAJASTHAN, 8, SIKAR, 105, SRI MADHOPUR, 1363, JAITUSAR, 41827, 1216146, Tribal Welfare, 0, 0, 0, 0, 0, 0, 1700000, 1700000
2015, RAJASTHAN, 8, SIKAR, 105, SRI MADHOPUR, 1363, JORAWAR NAGAR, 41828, 1224932, Drinking water, 0, 0, 0, 0, 0, 0, 1500000, 1500000
2015, RAJASTHAN, 8, SIKAR, 105, SRI MADHOPUR, 1363, JORAWAR NAGAR, 41828, 1224932, Roads, 0, 0, 0, 0, 0, 0, 1214664, 1214664
2015, RAJASTHAN, 8, SIKAR, 105, SRI MADHOPUR, 1363, JORAWAR NAGAR, 41828, 1224932, Total, 0, 0, 0, 0, 0, 0, 2714664, 2714664
2015, RAJASTHAN, 8, SIKAR, 105, SRI MADHOPUR, 1363, JUGRAJPURA, 41829, 1494649, Drinking water, 0, 0, 0, 0, 0, 0, 599000, 599000
2015, RAJASTHAN, 8, SIKAR, 105, SRI MADHOPUR, 1363, JUGRAJPURA, 41829, 1494649, Roads, 0, 0, 0, 0, 0, 0, 301000, 301000
2015, RAJASTHAN, 8, SIKAR, 105, SRI MADHOPUR, 1363, JUGRAJPURA, 41829, 1494649, Sanitation, 0, 0, 0, 0, 0, 0, 100000, 100000
2015, RAJASTHAN, 8, SIKAR, 105, SRI MADHOPUR, 1363, JUGRAJPURA, 41829, 1494649, Total, 0, 0, 0, 0, 0, 0, 1000000, 1000000
2015, RAJASTHAN, 8, SIKAR, 105, SRI MADHOPUR, 1363, KALYANPURA, 41830, 1526867, Drinking water, 0, 0, 0, 0, 0, 0, 100000, 100000
2015, RAJASTHAN, 8, SIKAR, 105, SRI MADHOPUR, 1363, KALYANPURA, 41830, 1526867, Roads, 0, 0, 0, 0, 0, 0, 300000, 300000
2015, RAJASTHAN, 8, SIKAR, 105, SRI MADHOPUR, 1363, KALYANPURA, 41830, 1526867, Total, 0, 0, 0, 0, 0, 0, 400000, 400000
2015, RAJASTHAN, 8, SIKAR, 105, SRI MADHOPUR, 1363, KANCHANPUR, 41831, 1492855, Drinking water, 0, 0, 0, 0, 0, 0, 500000, 500000
2015, RAJASTHAN, 8, SIKAR, 105, SRI MADHOPUR, 1363, KANCHANPUR, 41831, 1492855, Land improvement, 0, 0, 0, 0, 0, 0, 1000000, 1000000
2015, RAJASTHAN, 8, SIKAR, 105, SRI MADHOPUR, 1363, KANCHANPUR, 41831, 1492855, Roads, 0, 0, 0, 0, 0, 0, 883783, 883783
2015, RAJASTHAN, 8, SIKAR, 105, SRI MADHOPUR, 1363, KANCHANPUR, 41831, 1492855, Total, 0, 0, 0, 0, 0, 0, 2383783, 2383783
2015, RAJASTHAN, 8, SIKAR, 105, SRI MADHOPUR, 1363, KOTRI DHAYLAN, 41832, 1512332, Roads, 0, 0, 0, 0, 0, 0, 300000, 300000
2015, RAJASTHAN, 8, SIKAR, 105, SRI MADHOPUR, 1363, KOTRI DHAYLAN, 41832, 1512332, Total, 0, 0, 0, 0, 0, 0, 300000, 300000
2015, RAJASTHAN, 8, SIKAR, 105, SRI MADHOPUR, 1363, KOTRI SIMARLA, 41833, 1388363, Drinking water, 0, 0, 0, 0, 0, 0, 1800000, 1800000
2015, RAJASTHAN, 8, SIKAR, 105, SRI MADHOPUR, 1363, KOTRI SIMARLA, 41833, 1388363, Land improvement, 0, 0, 0, 0, 0, 0, 404011, 404011
2015, RAJASTHAN, 8, SIKAR, 105, SRI MADHOPUR, 1363, KOTRI SIMARLA, 41833, 1388363, Public distribution system, 0, 0, 0, 0, 0, 0, 166769, 166769
2015, RAJASTHAN, 8, SIKAR, 105, SRI MADHOPUR, 1363, KOTRI SIMARLA, 41833, 1388363, Roads, 0, 0, 0, 0, 0, 0, 1500000, 1500000
2015, RAJASTHAN, 8, SIKAR, 105, SRI MADHOPUR, 1363, KOTRI SIMARLA, 41833, 1388363, Total, 0, 0, 0, 0, 0, 0, 3870780, 3870780
2015, RAJASTHAN, 8, SIKAR, 105, SRI MADHOPUR, 1363, LAPUWA, 41834, 1236297, Roads, 0, 0, 0, 0, 0, 0, 1985928, 1985928
2015, RAJASTHAN, 8, SIKAR, 105, SRI MADHOPUR, 1363, LAPUWA, 41834, 1236297, Total, 0, 0, 0, 0, 0, 0, 1985928, 1985928
2015, RAJASTHAN, 8, SIKAR, 105, SRI MADHOPUR, 1363, LISARIYA, 41835, 1338293, Drinking water, 0, 0, 0, 0, 0, 0, 231875, 231875
2015, RAJASTHAN, 8, SIKAR, 105, SRI MADHOPUR, 1363, LISARIYA, 41835, 1338293, Roads, 0, 0, 0, 0, 0, 0, 2278226, 2278226
2015, RAJASTHAN, 8, SIKAR, 105, SRI MADHOPUR, 1363, LISARIYA, 41835, 1338293, Total, 0, 0, 0, 0, 0, 0, 2510101, 2510101
2015, RAJASTHAN, 8, SIKAR, 105, SRI MADHOPUR, 1363, MAHORLI, 41836, 1512301, Drinking water, 0, 0, 0, 0, 0, 0, 100000, 100000
2015, RAJASTHAN, 8, SIKAR, 105, SRI MADHOPUR, 1363, MAHORLI, 41836, 1512301, Roads, 0, 0, 0, 0, 0, 0, 200000, 200000
2015, RAJASTHAN, 8, SIKAR, 105, SRI MADHOPUR, 1363, MAHORLI, 41836, 1512301, Total, 0, 0, 0, 0, 0, 0, 300000, 300000
2015, RAJASTHAN, 8, SIKAR, 105, SRI MADHOPUR, 1363, MALAKALI, 41837, 1226468, Drinking water, 0, 0, 0, 0, 0, 0, 500000, 500000
2015, RAJASTHAN, 8, SIKAR, 105, SRI MADHOPUR, 1363, MALAKALI, 41837, 1226468, Roads, 0, 0, 0, 0, 0, 0, 1500000, 1500000
2015, RAJASTHAN, 8, SIKAR, 105, SRI MADHOPUR, 1363, MALAKALI, 41837, 1226468, Sanitation, 0, 0, 0, 0, 0, 0, 185571, 185571
2015, RAJASTHAN, 8, SIKAR, 105, SRI MADHOPUR, 1363, MALAKALI, 41837, 1226468, Total, 0, 0, 0, 0, 0, 0, 2185571, 2185571
2015, RAJASTHAN, 8, SIKAR, 105, SRI MADHOPUR, 1363, MAU, 41838, 1223530, Roads, 0, 0, 0, 0, 0, 0, 4000000, 4000000
2015, RAJASTHAN, 8, SIKAR, 105, SRI MADHOPUR, 1363, MAU, 41838, 1223530, Sanitation, 0, 0, 0, 0, 0, 0, 438928, 438928
2015, RAJASTHAN, 8, SIKAR, 105, SRI MADHOPUR, 1363, MAU, 41838, 1223530, Total, 0, 0, 0, 0, 0, 0, 4438928, 4438928
2015, RAJASTHAN, 8, SIKAR, 105, SRI MADHOPUR, 1363, MUNDRU, 41839, 1236418, Roads, 0, 0, 0, 0, 0, 0, 5000000, 5000000
2015, RAJASTHAN, 8, SIKAR, 105, SRI MADHOPUR, 1363, MUNDRU, 41839, 1236418, Sanitation, 0, 0, 0, 0, 0, 0, 640597, 640597
2015, RAJASTHAN, 8, SIKAR, 105, SRI MADHOPUR, 1363, MUNDRU, 41839, 1236418, Total, 0, 0, 0, 0, 0, 0, 5640597, 5640597
2015, RAJASTHAN, 8, SIKAR, 105, SRI MADHOPUR, 1363, NANGAL, 41840, 1401986, Roads, 0, 0, 0, 0, 0, 0, 1951452, 1951452
2015, RAJASTHAN, 8, SIKAR, 105, SRI MADHOPUR, 1363, NANGAL, 41840, 1401986, Sanitation, 0, 0, 0, 0, 0, 0, 400000, 400000
2015, RAJASTHAN, 8, SIKAR, 105, SRI MADHOPUR, 1363, NANGAL, 41840, 1401986, Total, 0, 0, 0, 0, 0, 0, 2351452, 2351452
2015, RAJASTHAN, 8, SIKAR, 105, SRI MADHOPUR, 1363, NATHOOSAR, 41841, 1411294, Roads, 0, 0, 0, 0, 0, 0, 3000000, 3000000
2015, RAJASTHAN, 8, SIKAR, 105, SRI MADHOPUR, 1363, NATHOOSAR, 41841, 1411294, Sanitation, 0, 0, 0, 0, 0, 0, 363888, 363888
2015, RAJASTHAN, 8, SIKAR, 105, SRI MADHOPUR, 1363, NATHOOSAR, 41841, 1411294, Total, 0, 0, 0, 0, 0, 0, 3363888, 3363888
2015, RAJASTHAN, 8, SIKAR, 105, SRI MADHOPUR, 1363, PATWARI KA BAS, 41842, 1411300, Drinking water, 0, 0, 0, 0, 0, 0, 500000, 500000
2015, RAJASTHAN, 8, SIKAR, 105, SRI MADHOPUR, 1363, PATWARI KA BAS, 41842, 1411300, Land improvement, 0, 0, 0, 0, 0, 0, 1295217, 1295217
2015, RAJASTHAN, 8, SIKAR, 105, SRI MADHOPUR, 1363, PATWARI KA BAS, 41842, 1411300, Total, 0, 0, 0, 0, 0, 0, 1795217, 1795217
2015, RAJASTHAN, 8, SIKAR, 105, SRI MADHOPUR, 1363, PHOOTALA, 41843, 1512530, Drinking water, 0, 0, 0, 0, 0, 0, 100000, 100000
2015, RAJASTHAN, 8, SIKAR, 105, SRI MADHOPUR, 1363, PHOOTALA, 41843, 1512530, Roads, 0, 0, 0, 0, 0, 0, 200000, 200000
2015, RAJASTHAN, 8, SIKAR, 105, SRI MADHOPUR, 1363, PHOOTALA, 41843, 1512530, Total, 0, 0, 0, 0, 0, 0, 300000, 300000
2015, RAJASTHAN, 8, SIKAR, 105, SRI MADHOPUR, 1363, SARGOTH, 41844, 1526958, Drinking water, 0, 0, 0, 0, 0, 0, 400000, 400000
2015, RAJASTHAN, 8, SIKAR, 105, SRI MADHOPUR, 1363, SARGOTH, 41844, 1526958, Total, 0, 0, 0, 0, 0, 0, 400000, 400000
2015, RAJASTHAN, 8, SIKAR, 105, SRI MADHOPUR, 1363, SIHORI, 41845, 1430675, Roads, 0, 0, 0, 0, 0, 0, 2688086, 2688086
2015, RAJASTHAN, 8, SIKAR, 105, SRI MADHOPUR, 1363, SIHORI, 41845, 1430675, Total, 0, 0, 0, 0, 0, 0, 2688086, 2688086
2015, RAJASTHAN, 8, SIKAR, 105, SRI MADHOPUR, 1363, SIMARLA JAGEER, 41846, 1484882, Roads, 0, 0, 0, 0, 0, 0, 1200000, 1200000
2015, RAJASTHAN, 8, SIKAR, 105, SRI MADHOPUR, 1363, SIMARLA JAGEER, 41846, 1484882, Sanitation, 0, 0, 0, 0, 0, 0, 1200000, 1200000
2015, RAJASTHAN, 8, SIKAR, 105, SRI MADHOPUR, 1363, SIMARLA JAGEER, 41846, 1484882, Total, 0, 0, 0, 0, 0, 0, 2400000, 2400000
2015, RAJASTHAN, 8, SIKAR, 105, SRI MADHOPUR, 1363, TAPIPLYA, 41847, 1526942, Drinking water, 0, 0, 0, 0, 0, 0, 100000, 100000
2015, RAJASTHAN, 8, SIKAR, 105, SRI MADHOPUR, 1363, TAPIPLYA, 41847, 1526942, Sanitation, 0, 0, 0, 0, 0, 0, 300000, 300000
2015, RAJASTHAN, 8, SIKAR, 105, SRI MADHOPUR, 1363, TAPIPLYA, 41847, 1526942, Total, 0, 0, 0, 0, 0, 0, 400000, 400000
2015, RAJASTHAN, 8, SIROHI, 106, ABU ROAD, 1364, AMTHALA, 41849, 1186158, Roads, 0, 0, 0, 0, 0, 0, 1754163, 1754163
2015, RAJASTHAN, 8, SIROHI, 106, ABU ROAD, 1364, AMTHALA, 41849, 1186158, Total, 0, 0, 0, 0, 0, 0, 1754163, 1754163
2015, RAJASTHAN, 8, SIROHI, 106, ABU ROAD, 1364, AWAL, 41850, 1175937, Roads, 0, 0, 0, 0, 0, 0, 1575097, 1575097
2015, RAJASTHAN, 8, SIROHI, 106, ABU ROAD, 1364, AWAL, 41850, 1175937, Total, 0, 0, 0, 0, 0, 0, 1575097, 1575097
2015, RAJASTHAN, 8, SIROHI, 106, ABU ROAD, 1364, BAHADUR PURA, 41851, 1186237, Roads, 0, 0, 0, 0, 0, 0, 1575930, 1575930
2015, RAJASTHAN, 8, SIROHI, 106, ABU ROAD, 1364, BAHADUR PURA, 41851, 1186237, Social welfare, 0, 0, 0, 0, 0, 0, 400000, 400000
2015, RAJASTHAN, 8, SIROHI, 106, ABU ROAD, 1364, BAHADUR PURA, 41851, 1186237, Total, 0, 0, 0, 0, 0, 0, 1975930, 1975930
2015, RAJASTHAN, 8, SIROHI, 106, ABU ROAD, 1364, BHAISASINGH, 262676, 1134125, Roads, 0, 0, 0, 0, 0, 0, 1501748, 1501748
2015, RAJASTHAN, 8, SIROHI, 106, ABU ROAD, 1364, BHAISASINGH, 262676, 1134125, Total, 0, 0, 0, 0, 0, 0, 1501748, 1501748
2015, RAJASTHAN, 8, SIROHI, 106, ABU ROAD, 1364, CHANAR, 41852, 1189867, Khadi, 0, 0, 0, 0, 0, 0, 100000, 100000
2015, RAJASTHAN, 8, SIROHI, 106, ABU ROAD, 1364, CHANAR, 41852, 1189867, Roads, 0, 0, 0, 0, 0, 0, 968000, 968000
2015, RAJASTHAN, 8, SIROHI, 106, ABU ROAD, 1364, CHANAR, 41852, 1189867, Sanitation, 0, 0, 0, 0, 0, 0, 839000, 839000
2015, RAJASTHAN, 8, SIROHI, 106, ABU ROAD, 1364, CHANAR, 41852, 1189867, Total, 0, 0, 0, 0, 0, 0, 1907000, 1907000
2015, RAJASTHAN, 8, SIROHI, 106, ABU ROAD, 1364, CHANDELA, 41853, 1133920, Roads, 0, 0, 0, 0, 0, 0, 1598169, 1598169
2015, RAJASTHAN, 8, SIROHI, 106, ABU ROAD, 1364, CHANDELA, 41853, 1133920, Total, 0, 0, 0, 0, 0, 0, 1598169, 1598169
2015, RAJASTHAN, 8, SIROHI, 106, ABU ROAD, 1364, DELDAR, 41854, 1175415, Roads, 0, 0, 0, 0, 0, 0, 1512800, 1512800
2015, RAJASTHAN, 8, SIROHI, 106, ABU ROAD, 1364, DELDAR, 41854, 1175415, Total, 0, 0, 0, 0, 0, 0, 1512800, 1512800
2015, RAJASTHAN, 8, SIROHI, 106, ABU ROAD, 1364, DHAMSARA, 262678, 1188716, Drinking water, 0, 0, 0, 0, 0, 0, 800000, 800000
2015, RAJASTHAN, 8, SIROHI, 106, ABU ROAD, 1364, DHAMSARA, 262678, 1188716, Roads, 0, 0, 0, 0, 0, 0, 637000, 637000
2015, RAJASTHAN, 8, SIROHI, 106, ABU ROAD, 1364, DHAMSARA, 262678, 1188716, Total, 0, 0, 0, 0, 0, 0, 1437000, 1437000
2015, RAJASTHAN, 8, SIROHI, 106, ABU ROAD, 1364, DOVTRA, 41855, 1186295, Maintenance of community system, 0, 0, 0, 0, 0, 0, 972000, 972000
2015, RAJASTHAN, 8, SIROHI, 106, ABU ROAD, 1364, DOVTRA, 41855, 1186295, Roads, 0, 0, 0, 0, 0, 0, 800000, 800000
2015, RAJASTHAN, 8, SIROHI, 106, ABU ROAD, 1364, DOVTRA, 41855, 1186295, Total, 0, 0, 0, 0, 0, 0, 1772000, 1772000
2015, RAJASTHAN, 8, SIROHI, 106, ABU ROAD, 1364, GANKA, 262796, 1188749, Drinking water, 0, 0, 0, 0, 0, 0, 192000, 192000
2015, RAJASTHAN, 8, SIROHI, 106, ABU ROAD, 1364, GANKA, 262796, 1188749, Roads, 0, 0, 0, 0, 0, 0, 864200, 864200
2015, RAJASTHAN, 8, SIROHI, 106, ABU ROAD, 1364, GANKA, 262796, 1188749, Sanitation, 0, 0, 0, 0, 0, 0, 500000, 500000
2015, RAJASTHAN, 8, SIROHI, 106, ABU ROAD, 1364, GANKA, 262796, 1188749, Total, 0, 0, 0, 0, 0, 0, 1556200, 1556200
2015, RAJASTHAN, 8, SIROHI, 106, ABU ROAD, 1364, GIRWAR, 41856, 1133924, Education, 0, 0, 0, 0, 0, 0, 500000, 500000
2015, RAJASTHAN, 8, SIROHI, 106, ABU ROAD, 1364, GIRWAR, 41856, 1133924, Roads, 0, 0, 0, 0, 0, 0, 1288598, 1288598
2015, RAJASTHAN, 8, SIROHI, 106, ABU ROAD, 1364, GIRWAR, 41856, 1133924, Total, 0, 0, 0, 0, 0, 0, 1788598, 1788598
2015, RAJASTHAN, 8, SIROHI, 106, ABU ROAD, 1364, JAMBOORI, 41857, 1133930, Roads, 0, 0, 0, 0, 0, 0, 1267240, 1267240
2015, RAJASTHAN, 8, SIROHI, 106, ABU ROAD, 1364, JAMBOORI, 41857, 1133930, Total, 0, 0, 0, 0, 0, 0, 1267240, 1267240
2015, RAJASTHAN, 8, SIROHI, 106, ABU ROAD, 1364, JAYDARA, 41858, 1175924, Roads, 0, 0, 0, 0, 0, 0, 1382944, 1382944
2015, RAJASTHAN, 8, SIROHI, 106, ABU ROAD, 1364, JAYDARA, 41858, 1175924, Total, 0, 0, 0, 0, 0, 0, 1382944, 1382944
2015, RAJASTHAN, 8, SIROHI, 106, ABU ROAD, 1364, KHADAT, 41859, 1133947, Roads, 0, 0, 0, 0, 0, 0, 1510366, 1510366
2015, RAJASTHAN, 8, SIROHI, 106, ABU ROAD, 1364, KHADAT, 41859, 1133947, Sanitation, 0, 0, 0, 0, 0, 0, 500000, 500000
2015, RAJASTHAN, 8, SIROHI, 106, ABU ROAD, 1364, KHADAT, 41859, 1133947, Total, 0, 0, 0, 0, 0, 0, 2010366, 2010366
2015, RAJASTHAN, 8, SIROHI, 106, ABU ROAD, 1364, KIWARLI, 41860, 1133938, Education, 0, 0, 0, 0, 0, 0, 300000, 300000
2015, RAJASTHAN, 8, SIROHI, 106, ABU ROAD, 1364, KIWARLI, 41860, 1133938, Roads, 0, 0, 0, 0, 0, 0, 1441078, 1441078
2015, RAJASTHAN, 8, SIROHI, 106, ABU ROAD, 1364, KIWARLI, 41860, 1133938, Total, 0, 0, 0, 0, 0, 0, 1741078, 1741078
2015, RAJASTHAN, 8, SIROHI, 106, ABU ROAD, 1364, KYARIYA, 41861, 1186333, Roads, 0, 0, 0, 0, 0, 0, 1103500, 1103500
2015, RAJASTHAN, 8, SIROHI, 106, ABU ROAD, 1364, KYARIYA, 41861, 1186333, Sanitation, 0, 0, 0, 0, 0, 0, 496000, 496000
2015, RAJASTHAN, 8, SIROHI, 106, ABU ROAD, 1364, KYARIYA, 41861, 1186333, Total, 0, 0, 0, 0, 0, 0, 1599500, 1599500
2015, RAJASTHAN, 8, SIROHI, 106, ABU ROAD, 1364, MAVAL, 41862, 1133953, Roads, 0, 0, 0, 0, 0, 0, 992800, 992800
2015, RAJASTHAN, 8, SIROHI, 106, ABU ROAD, 1364, MAVAL, 41862, 1133953, Sanitation, 0, 0, 0, 0, 0, 0, 272374, 272374
2015, RAJASTHAN, 8, SIROHI, 106, ABU ROAD, 1364, MAVAL, 41862, 1133953, Total, 0, 0, 0, 0, 0, 0, 1265174, 1265174
2015, RAJASTHAN, 8, SIROHI, 106, ABU ROAD, 1364, MORTHALA, 41864, 1133955, Roads, 0, 0, 0, 0, 0, 0, 1048917, 1048917
2015, RAJASTHAN, 8, SIROHI, 106, ABU ROAD, 1364, MORTHALA, 41864, 1133955, Total, 0, 0, 0, 0, 0, 0, 1048917, 1048917
2015, RAJASTHAN, 8, SIROHI, 106, ABU ROAD, 1364, MUDRALA, 262794, 1134121, Drinking water, 0, 0, 0, 0, 0, 0, 640536, 640536
2015, RAJASTHAN, 8, SIROHI, 106, ABU ROAD, 1364, MUDRALA, 262794, 1134121, Roads, 0, 0, 0, 0, 0, 0, 865000, 865000
2015, RAJASTHAN, 8, SIROHI, 106, ABU ROAD, 1364, MUDRALA, 262794, 1134121, Total, 0, 0, 0, 0, 0, 0, 1505536, 1505536
2015, RAJASTHAN, 8, SIROHI, 106, ABU ROAD, 1364, MUNGTHALA, 41863, 1133958, Roads, 0, 0, 0, 0, 0, 0, 1691834, 1691834
2015, RAJASTHAN, 8, SIROHI, 106, ABU ROAD, 1364, MUNGTHALA, 41863, 1133958, Total, 0, 0, 0, 0, 0, 0, 1691834, 1691834
2015, RAJASTHAN, 8, SIROHI, 106, ABU ROAD, 1364, NICHLAGARH, 41865, 1133970, Roads, 0, 0, 0, 0, 0, 0, 1267240, 1267240
2015, RAJASTHAN, 8, SIROHI, 106, ABU ROAD, 1364, NICHLAGARH, 41865, 1133970, Total, 0, 0, 0, 0, 0, 0, 1267240, 1267240
2015, RAJASTHAN, 8, SIROHI, 106, ABU ROAD, 1364, OR, 41866, 1190032, Drinking water, 0, 0, 0, 0, 0, 0, 200000, 200000
2015, RAJASTHAN, 8, SIROHI, 106, ABU ROAD, 1364, OR, 41866, 1190032, Sanitation, 0, 0, 0, 0, 0, 0, 1470500, 1470500
2015, RAJASTHAN, 8, SIROHI, 106, ABU ROAD, 1364, OR, 41866, 1190032, Total, 0, 0, 0, 0, 0, 0, 1670500, 1670500
2015, RAJASTHAN, 8, SIROHI, 106, ABU ROAD, 1364, ORIYA, 41867, 1133980, Drinking water, 0, 0, 0, 0, 0, 0, 400000, 400000
2015, RAJASTHAN, 8, SIROHI, 106, ABU ROAD, 1364, ORIYA, 41867, 1133980, Sanitation, 0, 0, 0, 0, 0, 0, 588998, 588998
2015, RAJASTHAN, 8, SIROHI, 106, ABU ROAD, 1364, ORIYA, 41867, 1133980, Total, 0, 0, 0, 0, 0, 0, 988998, 988998
2015, RAJASTHAN, 8, SIROHI, 106, ABU ROAD, 1364, PABA, 262674, 1134108, Drinking water, 0, 0, 0, 0, 0, 0, 170000, 170000
2015, RAJASTHAN, 8, SIROHI, 106, ABU ROAD, 1364, PABA, 262674, 1134108, Roads, 0, 0, 0, 0, 0, 0, 1140973, 1140973
2015, RAJASTHAN, 8, SIROHI, 106, ABU ROAD, 1364, PABA, 262674, 1134108, Total, 0, 0, 0, 0, 0, 0, 1310973, 1310973
2015, RAJASTHAN, 8, SIROHI, 106, ABU ROAD, 1364, SIYAWA, 41869, 1187220, Maintenance of community system, 0, 0, 0, 0, 0, 0, 497700, 497700
2015, RAJASTHAN, 8, SIROHI, 106, ABU ROAD, 1364, SIYAWA, 41869, 1187220, Roads, 0, 0, 0, 0, 0, 0, 1086000, 1086000
2015, RAJASTHAN, 8, SIROHI, 106, ABU ROAD, 1364, SIYAWA, 41869, 1187220, Total, 0, 0, 0, 0, 0, 0, 1583700, 1583700
2015, RAJASTHAN, 8, SIROHI, 106, ABU ROAD, 1364, TALETI, 262677, 1133326, Drinking water, 0, 0, 0, 0, 0, 0, 147000, 147000
2015, RAJASTHAN, 8, SIROHI, 106, ABU ROAD, 1364, TALETI, 262677, 1133326, Roads, 0, 0, 0, 0, 0, 0, 1301716, 1301716
2015, RAJASTHAN, 8, SIROHI, 106, ABU ROAD, 1364, TALETI, 262677, 1133326, Total, 0, 0, 0, 0, 0, 0, 1448716, 1448716
2015, RAJASTHAN, 8, SIROHI, 106, ABU ROAD, 1364, UMRENI, 41848, 1186112, Roads, 0, 0, 0, 0, 0, 0, 1488000, 1488000
2015, RAJASTHAN, 8, SIROHI, 106, ABU ROAD, 1364, UMRENI, 41848, 1186112, Total, 0, 0, 0, 0, 0, 0, 1488000, 1488000
2015, RAJASTHAN, 8, SIROHI, 106, ABU ROAD, 1364, UPLA KHEJRA, 41871, 1133986, Roads, 0, 0, 0, 0, 0, 0, 1248300, 1248300
2015, RAJASTHAN, 8, SIROHI, 106, ABU ROAD, 1364, UPLA KHEJRA, 41871, 1133986, Total, 0, 0, 0, 0, 0, 0, 1248300, 1248300
2015, RAJASTHAN, 8, SIROHI, 106, ABU ROAD, 1364, UPLAGARH, 41872, 1187276, Maintenance of community system, 0, 0, 0, 0, 0, 0, 200000, 200000
2015, RAJASTHAN, 8, SIROHI, 106, ABU ROAD, 1364, UPLAGARH, 41872, 1187276, Roads, 0, 0, 0, 0, 0, 0, 1270000, 1270000
2015, RAJASTHAN, 8, SIROHI, 106, ABU ROAD, 1364, UPLAGARH, 41872, 1187276, Total, 0, 0, 0, 0, 0, 0, 1470000, 1470000
2015, RAJASTHAN, 8, SIROHI, 106, ABU ROAD, 1364, WASDA, 262675, 1134068, Roads, 0, 0, 0, 0, 0, 0, 1749342, 1749342
2015, RAJASTHAN, 8, SIROHI, 106, ABU ROAD, 1364, WASDA, 262675, 1134068, Total, 0, 0, 0, 0, 0, 0, 1749342, 1749342
2015, RAJASTHAN, 8, SIROHI, 106, PINDWARA, 1365, ACHPURA, 41873, 1204529, Drinking water, 0, 0, 0, 0, 0, 0, 1673591, 1673591
2015, RAJASTHAN, 8, SIROHI, 106, PINDWARA, 1365, ACHPURA, 41873, 1204529, Rural electrification, 0, 0, 0, 0, 0, 0, 500000, 500000
2015, RAJASTHAN, 8, SIROHI, 106, PINDWARA, 1365, ACHPURA, 41873, 1204529, Total, 0, 0, 0, 0, 0, 0, 2173591, 2173591
2015, RAJASTHAN, 8, SIROHI, 106, PINDWARA, 1365, ADARSH, 41882, 1162552, Drinking water, 0, 0, 0, 0, 0, 0, 1477840, 1477840
2015, RAJASTHAN, 8, SIROHI, 106, PINDWARA, 1365, ADARSH, 41882, 1162552, Sanitation, 0, 0, 0, 0, 0, 0, 589000, 589000
2015, RAJASTHAN, 8, SIROHI, 106, PINDWARA, 1365, ADARSH, 41882, 1162552, Total, 0, 0, 0, 0, 0, 0, 2066840, 2066840
2015, RAJASTHAN, 8, SIROHI, 106, PINDWARA, 1365, AJARI, 41874, 1162098, Drinking water, 0, 0, 0, 0, 0, 0, 738000, 738000
2015, RAJASTHAN, 8, SIROHI, 106, PINDWARA, 1365, AJARI, 41874, 1162098, Sanitation, 0, 0, 0, 0, 0, 0, 2263086, 2263086
2015, RAJASTHAN, 8, SIROHI, 106, PINDWARA, 1365, AJARI, 41874, 1162098, Total, 0, 0, 0, 0, 0, 0, 3001086, 3001086
2015, RAJASTHAN, 8, SIROHI, 106, PINDWARA, 1365, AMLI, 41875, 1159597, Health, 0, 0, 0, 0, 0, 0, 100000, 100000
2015, RAJASTHAN, 8, SIROHI, 106, PINDWARA, 1365, AMLI, 41875, 1159597, Maintenance of community system, 0, 0, 0, 0, 0, 0, 1426000, 1426000
2015, RAJASTHAN, 8, SIROHI, 106, PINDWARA, 1365, AMLI, 41875, 1159597, Rural electrification, 0, 0, 0, 0, 0, 0, 46617, 46617
2015, RAJASTHAN, 8, SIROHI, 106, PINDWARA, 1365, AMLI, 41875, 1159597, Rural housing, 0, 0, 0, 0, 0, 0, 50000, 50000
2015, RAJASTHAN, 8, SIROHI, 106, PINDWARA, 1365, AMLI, 41875, 1159597, Total, 0, 0, 0, 0, 0, 0, 1622617, 1622617
2015, RAJASTHAN, 8, SIROHI, 106, PINDWARA, 1365, BASANTGARH, 41876, 1163001, Drinking water, 0, 0, 0, 0, 0, 0, 740000, 740000
2015, RAJASTHAN, 8, SIROHI, 106, PINDWARA, 1365, BASANTGARH, 41876, 1163001, Sanitation, 0, 0, 0, 0, 0, 0, 1279664, 1279664
2015, RAJASTHAN, 8, SIROHI, 106, PINDWARA, 1365, BASANTGARH, 41876, 1163001, Total, 0, 0, 0, 0, 0, 0, 2019664, 2019664
2015, RAJASTHAN, 8, SIROHI, 106, PINDWARA, 1365, BHARJA, 41877, 1205023, Maintenance of community system, 0, 0, 0, 0, 0, 0, 2335096, 2335096
2015, RAJASTHAN, 8, SIROHI, 106, PINDWARA, 1365, BHARJA, 41877, 1205023, Total, 0, 0, 0, 0, 0, 0, 2335096, 2335096
2015, RAJASTHAN, 8, SIROHI, 106, PINDWARA, 1365, BHAVRI, 41878, 1159598, Maintenance of community system, 0, 0, 0, 0, 0, 0, 5081000, 5081000
2015, RAJASTHAN, 8, SIROHI, 106, PINDWARA, 1365, BHAVRI, 41878, 1159598, Rural electrification, 0, 0, 0, 0, 0, 0, 306147, 306147
2015, RAJASTHAN, 8, SIROHI, 106, PINDWARA, 1365, BHAVRI, 41878, 1159598, Total, 0, 0, 0, 0, 0, 0, 5387147, 5387147
2015, RAJASTHAN, 8, SIROHI, 106, PINDWARA, 1365, BHIMANA, 41879, 1159599, Drinking water, 0, 0, 0, 0, 0, 0, 1080000, 1080000
2015, RAJASTHAN, 8, SIROHI, 106, PINDWARA, 1365, BHIMANA, 41879, 1159599, Rural electrification, 0, 0, 0, 0, 0, 0, 900000, 900000
2015, RAJASTHAN, 8, SIROHI, 106, PINDWARA, 1365, BHIMANA, 41879, 1159599, Sanitation, 0, 0, 0, 0, 0, 0, 305853, 305853
2015, RAJASTHAN, 8, SIROHI, 106, PINDWARA, 1365, BHIMANA, 41879, 1159599, Total, 0, 0, 0, 0, 0, 0, 2285853, 2285853
2015, RAJASTHAN, 8, SIROHI, 106, PINDWARA, 1365, BHOOLA, 41880, 1162856, Drinking water, 0, 0, 0, 0, 0, 0, 1945549, 1945549
2015, RAJASTHAN, 8, SIROHI, 106, PINDWARA, 1365, BHOOLA, 41880, 1162856, Sanitation, 0, 0, 0, 0, 0, 0, 310000, 310000
2015, RAJASTHAN, 8, SIROHI, 106, PINDWARA, 1365, BHOOLA, 41880, 1162856, Total, 0, 0, 0, 0, 0, 0, 2255549, 2255549
2015, RAJASTHAN, 8, SIROHI, 106, PINDWARA, 1365, DHANARI, 41881, 1162097, Rural housing, 0, 0, 0, 0, 0, 0, 500000, 500000
2015, RAJASTHAN, 8, SIROHI, 106, PINDWARA, 1365, DHANARI, 41881, 1162097, Sanitation, 0, 0, 0, 0, 0, 0, 1762781, 1762781
2015, RAJASTHAN, 8, SIROHI, 106, PINDWARA, 1365, DHANARI, 41881, 1162097, Total, 0, 0, 0, 0, 0, 0, 2262781, 2262781
2015, RAJASTHAN, 8, SIROHI, 106, PINDWARA, 1365, GHARAT, 41883, 1162411, Drinking water, 0, 0, 0, 0, 0, 0, 1290665, 1290665
2015, RAJASTHAN, 8, SIROHI, 106, PINDWARA, 1365, GHARAT, 41883, 1162411, Sanitation, 0, 0, 0, 0, 0, 0, 500000, 500000
2015, RAJASTHAN, 8, SIROHI, 106, PINDWARA, 1365, GHARAT, 41883, 1162411, Total, 0, 0, 0, 0, 0, 0, 1790665, 1790665
2015, RAJASTHAN, 8, SIROHI, 106, PINDWARA, 1365, ISRA, 41884, 1162427, Drinking water, 0, 0, 0, 0, 0, 0, 2010366, 2010366
2015, RAJASTHAN, 8, SIROHI, 106, PINDWARA, 1365, ISRA, 41884, 1162427, Total, 0, 0, 0, 0, 0, 0, 2010366, 2010366
2015, RAJASTHAN, 8, SIROHI, 106, PINDWARA, 1365, JANAPUR, 41885, 1160851, Drinking water, 0, 0, 0, 0, 0, 0, 80000, 80000
2015, RAJASTHAN, 8, SIROHI, 106, PINDWARA, 1365, JANAPUR, 41885, 1160851, Sanitation, 0, 0, 0, 0, 0, 0, 1739936, 1739936
2015, RAJASTHAN, 8, SIROHI, 106, PINDWARA, 1365, JANAPUR, 41885, 1160851, Total, 0, 0, 0, 0, 0, 0, 1819936, 1819936
2015, RAJASTHAN, 8, SIROHI, 106, PINDWARA, 1365, KACHHOLI, 41886, 1159605, Drinking water, 0, 0, 0, 0, 0, 0, 569000, 569000
2015, RAJASTHAN, 8, SIROHI, 106, PINDWARA, 1365, KACHHOLI, 41886, 1159605, Rural housing, 0, 0, 0, 0, 0, 0, 148000, 148000
2015, RAJASTHAN, 8, SIROHI, 106, PINDWARA, 1365, KACHHOLI, 41886, 1159605, Sanitation, 0, 0, 0, 0, 0, 0, 1380833, 1380833
2015, RAJASTHAN, 8, SIROHI, 106, PINDWARA, 1365, KACHHOLI, 41886, 1159605, Total, 0, 0, 0, 0, 0, 0, 2097833, 2097833
2015, RAJASTHAN, 8, SIROHI, 106, PINDWARA, 1365, KOJRA, 41887, 1159607, Sanitation, 0, 0, 0, 0, 0, 0, 2189777, 2189777
2015, RAJASTHAN, 8, SIROHI, 106, PINDWARA, 1365, KOJRA, 41887, 1159607, Total, 0, 0, 0, 0, 0, 0, 2189777, 2189777
2015, RAJASTHAN, 8, SIROHI, 106, PINDWARA, 1365, LOTANA, 41888, 1162078, Drinking water, 0, 0, 0, 0, 0, 0, 1211286, 1211286
2015, RAJASTHAN, 8, SIROHI, 106, PINDWARA, 1365, LOTANA, 41888, 1162078, Sanitation, 0, 0, 0, 0, 0, 0, 630000, 630000
2015, RAJASTHAN, 8, SIROHI, 106, PINDWARA, 1365, LOTANA, 41888, 1162078, Total, 0, 0, 0, 0, 0, 0, 1841286, 1841286
2015, RAJASTHAN, 8, SIROHI, 106, PINDWARA, 1365, MANDWADA KHALSA, 41890, 1159608, Drinking water, 0, 0, 0, 0, 0, 0, 1430075, 1430075
2015, RAJASTHAN, 8, SIROHI, 106, PINDWARA, 1365, MANDWADA KHALSA, 41890, 1159608, Rural electrification, 0, 0, 0, 0, 0, 0, 350000, 350000
2015, RAJASTHAN, 8, SIROHI, 106, PINDWARA, 1365, MANDWADA KHALSA, 41890, 1159608, Sanitation, 0, 0, 0, 0, 0, 0, 950000, 950000
2015, RAJASTHAN, 8, SIROHI, 106, PINDWARA, 1365, MANDWADA KHALSA, 41890, 1159608, Total, 0, 0, 0, 0, 0, 0, 2730075, 2730075
2015, RAJASTHAN, 8, SIROHI, 106, PINDWARA, 1365, MANDWARA DEO, 41889, 1160101, Sanitation, 0, 0, 0, 0, 0, 0, 2341294, 2341294
2015, RAJASTHAN, 8, SIROHI, 106, PINDWARA, 1365, MANDWARA DEO, 41889, 1160101, Total, 0, 0, 0, 0, 0, 0, 2341294, 2341294
2015, RAJASTHAN, 8, SIROHI, 106, PINDWARA, 1365, MORAS, 41891, 1163061, Drinking water, 0, 0, 0, 0, 0, 0, 1116763, 1116763
2015, RAJASTHAN, 8, SIROHI, 106, PINDWARA, 1365, MORAS, 41891, 1163061, Sanitation, 0, 0, 0, 0, 0, 0, 500000, 500000
2015, RAJASTHAN, 8, SIROHI, 106, PINDWARA, 1365, MORAS, 41891, 1163061, Total, 0, 0, 0, 0, 0, 0, 1616763, 1616763
2015, RAJASTHAN, 8, SIROHI, 106, PINDWARA, 1365, NANDIYA, 41892, 1159609, Rural housing, 0, 0, 0, 0, 0, 0, 1494000, 1494000
2015, RAJASTHAN, 8, SIROHI, 106, PINDWARA, 1365, NANDIYA, 41892, 1159609, Sanitation, 0, 0, 0, 0, 0, 0, 408581, 408581
2015, RAJASTHAN, 8, SIROHI, 106, PINDWARA, 1365, NANDIYA, 41892, 1159609, Total, 0, 0, 0, 0, 0, 0, 1902581, 1902581
2015, RAJASTHAN, 8, SIROHI, 106, PINDWARA, 1365, NAYA SANWARA, 41893, 1163047, Drinking water, 0, 0, 0, 0, 0, 0, 1695975, 1695975
2015, RAJASTHAN, 8, SIROHI, 106, PINDWARA, 1365, NAYA SANWARA, 41893, 1163047, Sanitation, 0, 0, 0, 0, 0, 0, 500000, 500000
2015, RAJASTHAN, 8, SIROHI, 106, PINDWARA, 1365, NAYA SANWARA, 41893, 1163047, Total, 0, 0, 0, 0, 0, 0, 2195975, 2195975
2015, RAJASTHAN, 8, SIROHI, 106, PINDWARA, 1365, NITAURA, 41894, 1162559, Drinking water, 0, 0, 0, 0, 0, 0, 415000, 415000
2015, RAJASTHAN, 8, SIROHI, 106, PINDWARA, 1365, NITAURA, 41894, 1162559, Land improvement, 0, 0, 0, 0, 0, 0, 49000, 49000
2015, RAJASTHAN, 8, SIROHI, 106, PINDWARA, 1365, NITAURA, 41894, 1162559, Maintenance of community system, 0, 0, 0, 0, 0, 0, 1721989, 1721989
2015, RAJASTHAN, 8, SIROHI, 106, PINDWARA, 1365, NITAURA, 41894, 1162559, Total, 0, 0, 0, 0, 0, 0, 2185989, 2185989
2015, RAJASTHAN, 8, SIROHI, 106, PINDWARA, 1365, PESHUA, 41895, 1163043, Cultural activities, 0, 0, 0, 0, 0, 0, 200000, 200000
2015, RAJASTHAN, 8, SIROHI, 106, PINDWARA, 1365, PESHUA, 41895, 1163043, Drinking water, 0, 0, 0, 0, 0, 0, 88935, 88935
2015, RAJASTHAN, 8, SIROHI, 106, PINDWARA, 1365, PESHUA, 41895, 1163043, Rural electrification, 0, 0, 0, 0, 0, 0, 1000000, 1000000
2015, RAJASTHAN, 8, SIROHI, 106, PINDWARA, 1365, PESHUA, 41895, 1163043, Total, 0, 0, 0, 0, 0, 0, 1288935, 1288935
2015, RAJASTHAN, 8, SIROHI, 106, PINDWARA, 1365, Panchdeval, 262403, 1163675, Drinking water, 0, 0, 0, 0, 0, 0, 240000, 240000
2015, RAJASTHAN, 8, SIROHI, 106, PINDWARA, 1365, Panchdeval, 262403, 1163675, Maintenance of community system, 0, 0, 0, 0, 0, 0, 1620710, 1620710
2015, RAJASTHAN, 8, SIROHI, 106, PINDWARA, 1365, Panchdeval, 262403, 1163675, Sanitation, 0, 0, 0, 0, 0, 0, 150000, 150000
2015, RAJASTHAN, 8, SIROHI, 106, PINDWARA, 1365, Panchdeval, 262403, 1163675, Total, 0, 0, 0, 0, 0, 0, 2010710, 2010710
2015, RAJASTHAN, 8, SIROHI, 106, PINDWARA, 1365, RAMPURA, 262671, 1160671, Drinking water, 0, 0, 0, 0, 0, 0, 1847140, 1847140
2015, RAJASTHAN, 8, SIROHI, 106, PINDWARA, 1365, RAMPURA, 262671, 1160671, Total, 0, 0, 0, 0, 0, 0, 1847140, 1847140
2015, RAJASTHAN, 8, SIROHI, 106, PINDWARA, 1365, ROHIRA, 41896, 1162561, Drinking water, 0, 0, 0, 0, 0, 0, 1060000, 1060000
2015, RAJASTHAN, 8, SIROHI, 106, PINDWARA, 1365, ROHIRA, 41896, 1162561, Sanitation, 0, 0, 0, 0, 0, 0, 2205553, 2205553
2015, RAJASTHAN, 8, SIROHI, 106, PINDWARA, 1365, ROHIRA, 41896, 1162561, Total, 0, 0, 0, 0, 0, 0, 3265553, 3265553
2015, RAJASTHAN, 8, SIROHI, 106, PINDWARA, 1365, SANWARRA, 41897, 1162081, Drinking water, 0, 0, 0, 0, 0, 0, 905000, 905000
2015, RAJASTHAN, 8, SIROHI, 106, PINDWARA, 1365, SANWARRA, 41897, 1162081, Rural electrification, 0, 0, 0, 0, 0, 0, 709762, 709762
2015, RAJASTHAN, 8, SIROHI, 106, PINDWARA, 1365, SANWARRA, 41897, 1162081, Sanitation, 0, 0, 0, 0, 0, 0, 54000, 54000
2015, RAJASTHAN, 8, SIROHI, 106, PINDWARA, 1365, SANWARRA, 41897, 1162081, Total, 0, 0, 0, 0, 0, 0, 1668762, 1668762
2015, RAJASTHAN, 8, SIROHI, 106, PINDWARA, 1365, SIWERA, 41898, 1159613, Sanitation, 0, 0, 0, 0, 0, 0, 1474544, 1474544
2015, RAJASTHAN, 8, SIROHI, 106, PINDWARA, 1365, SIWERA, 41898, 1159613, Total, 0, 0, 0, 0, 0, 0, 1474544, 1474544
2015, RAJASTHAN, 8, SIROHI, 106, PINDWARA, 1365, TELPUR, 41899, 1160875, Drinking water, 0, 0, 0, 0, 0, 0, 415000, 415000
2015, RAJASTHAN, 8, SIROHI, 106, PINDWARA, 1365, TELPUR, 41899, 1160875, Sanitation, 0, 0, 0, 0, 0, 0, 1426286, 1426286
2015, RAJASTHAN, 8, SIROHI, 106, PINDWARA, 1365, TELPUR, 41899, 1160875, Total, 0, 0, 0, 0, 0, 0, 1841286, 1841286
2015, RAJASTHAN, 8, SIROHI, 106, PINDWARA, 1365, THANDI BERI, 262672, 1276058, Drinking water, 0, 0, 0, 0, 0, 0, 2088263, 2088263
2015, RAJASTHAN, 8, SIROHI, 106, PINDWARA, 1365, THANDI BERI, 262672, 1276058, Total, 0, 0, 0, 0, 0, 0, 2088263, 2088263
2015, RAJASTHAN, 8, SIROHI, 106, PINDWARA, 1365, UNDRA, 41900, 1162080, Drinking water, 0, 0, 0, 0, 0, 0, 75000, 75000
2015, RAJASTHAN, 8, SIROHI, 106, PINDWARA, 1365, UNDRA, 41900, 1162080, Rural electrification, 0, 0, 0, 0, 0, 0, 500000, 500000
2015, RAJASTHAN, 8, SIROHI, 106, PINDWARA, 1365, UNDRA, 41900, 1162080, Sanitation, 0, 0, 0, 0, 0, 0, 1344111, 1344111
2015, RAJASTHAN, 8, SIROHI, 106, PINDWARA, 1365, UNDRA, 41900, 1162080, Total, 0, 0, 0, 0, 0, 0, 1919111, 1919111
2015, RAJASTHAN, 8, SIROHI, 106, PINDWARA, 1365, VARLI, 41902, 1160107, Drinking water, 0, 0, 0, 0, 0, 0, 2093263, 2093263
2015, RAJASTHAN, 8, SIROHI, 106, PINDWARA, 1365, VARLI, 41902, 1160107, Sanitation, 0, 0, 0, 0, 0, 0, 195000, 195000
2015, RAJASTHAN, 8, SIROHI, 106, PINDWARA, 1365, VARLI, 41902, 1160107, Total, 0, 0, 0, 0, 0, 0, 2288263, 2288263
2015, RAJASTHAN, 8, SIROHI, 106, PINDWARA, 1365, VEERWARA, 41905, 1159615, Drinking water, 0, 0, 0, 0, 0, 0, 1715327, 1715327
2015, RAJASTHAN, 8, SIROHI, 106, PINDWARA, 1365, VEERWARA, 41905, 1159615, Health, 0, 0, 0, 0, 0, 0, 400000, 400000
2015, RAJASTHAN, 8, SIROHI, 106, PINDWARA, 1365, VEERWARA, 41905, 1159615, Sanitation, 0, 0, 0, 0, 0, 0, 50000, 50000
2015, RAJASTHAN, 8, SIROHI, 106, PINDWARA, 1365, VEERWARA, 41905, 1159615, Total, 0, 0, 0, 0, 0, 0, 2165327, 2165327
2015, RAJASTHAN, 8, SIROHI, 106, PINDWARA, 1365, VETERA, 41904, 1159616, Rural electrification, 0, 0, 0, 0, 0, 0, 800000, 800000
2015, RAJASTHAN, 8, SIROHI, 106, PINDWARA, 1365, VETERA, 41904, 1159616, Rural housing, 0, 0, 0, 0, 0, 0, 1300000, 1300000
2015, RAJASTHAN, 8, SIROHI, 106, PINDWARA, 1365, VETERA, 41904, 1159616, Sanitation, 0, 0, 0, 0, 0, 0, 36745, 36745
2015, RAJASTHAN, 8, SIROHI, 106, PINDWARA, 1365, VETERA, 41904, 1159616, Total, 0, 0, 0, 0, 0, 0, 2136745, 2136745
2015, RAJASTHAN, 8, SIROHI, 106, PINDWARA, 1365, WALORIYA, 41901, 1156325, Drinking water, 0, 0, 0, 0, 0, 0, 950000, 950000
2015, RAJASTHAN, 8, SIROHI, 106, PINDWARA, 1365, WALORIYA, 41901, 1156325, Sanitation, 0, 0, 0, 0, 0, 0, 2040755, 2040755
2015, RAJASTHAN, 8, SIROHI, 106, PINDWARA, 1365, WALORIYA, 41901, 1156325, Total, 0, 0, 0, 0, 0, 0, 2990755, 2990755
2015, RAJASTHAN, 8, SIROHI, 106, PINDWARA, 1365, WASA, 41903, 1159617, Health, 0, 0, 0, 0, 0, 0, 493417, 493417
2015, RAJASTHAN, 8, SIROHI, 106, PINDWARA, 1365, WASA, 41903, 1159617, Land improvement, 0, 0, 0, 0, 0, 0, 675000, 675000
2015, RAJASTHAN, 8, SIROHI, 106, PINDWARA, 1365, WASA, 41903, 1159617, Sanitation, 0, 0, 0, 0, 0, 0, 500000, 500000
2015, RAJASTHAN, 8, SIROHI, 106, PINDWARA, 1365, WASA, 41903, 1159617, Total, 0, 0, 0, 0, 0, 0, 1668417, 1668417
2015, RAJASTHAN, 8, SIROHI, 106, PINDWARA, 1365, ZHADOLI, 41906, 1159618, Drinking water, 0, 0, 0, 0, 0, 0, 468405, 468405
2015, RAJASTHAN, 8, SIROHI, 106, PINDWARA, 1365, ZHADOLI, 41906, 1159618, Fisheries, 0, 0, 0, 0, 0, 0, 92000, 92000
2015, RAJASTHAN, 8, SIROHI, 106, PINDWARA, 1365, ZHADOLI, 41906, 1159618, Health, 0, 0, 0, 0, 0, 0, 435000, 435000
2015, RAJASTHAN, 8, SIROHI, 106, PINDWARA, 1365, ZHADOLI, 41906, 1159618, Rural electrification, 0, 0, 0, 0, 0, 0, 328000, 328000
2015, RAJASTHAN, 8, SIROHI, 106, PINDWARA, 1365, ZHADOLI, 41906, 1159618, Sanitation, 0, 0, 0, 0, 0, 0, 1823000, 1823000
2015, RAJASTHAN, 8, SIROHI, 106, PINDWARA, 1365, ZHADOLI, 41906, 1159618, Total, 0, 0, 0, 0, 0, 0, 3146405, 3146405
2015, RAJASTHAN, 8, SIROHI, 106, REODAR, 1366, ANADRA, 41907, 1113707, Drinking water, 0, 0, 0, 0, 0, 0, 100000, 100000
2015, RAJASTHAN, 8, SIROHI, 106, REODAR, 1366, ANADRA, 41907, 1113707, Health, 0, 0, 0, 0, 0, 0, 100000, 100000
2015, RAJASTHAN, 8, SIROHI, 106, REODAR, 1366, ANADRA, 41907, 1113707, Poverty allevation programme, 0, 0, 0, 0, 0, 0, 400000, 400000
2015, RAJASTHAN, 8, SIROHI, 106, REODAR, 1366, ANADRA, 41907, 1113707, Public distribution system, 0, 0, 0, 0, 0, 0, 209773, 209773
2015, RAJASTHAN, 8, SIROHI, 106, REODAR, 1366, ANADRA, 41907, 1113707, Roads, 0, 0, 0, 0, 0, 0, 2548000, 2548000
2015, RAJASTHAN, 8, SIROHI, 106, REODAR, 1366, ANADRA, 41907, 1113707, Sanitation, 0, 0, 0, 0, 0, 0, 50000, 50000
2015, RAJASTHAN, 8, SIROHI, 106, REODAR, 1366, ANADRA, 41907, 1113707, Total, 0, 0, 0, 0, 0, 0, 3407773, 3407773
2015, RAJASTHAN, 8, SIROHI, 106, REODAR, 1366, BANT, 41908, 1102605, Drinking water, 0, 0, 0, 0, 0, 0, 1596111, 1596111
2015, RAJASTHAN, 8, SIROHI, 106, REODAR, 1366, BANT, 41908, 1102605, Rural electrification, 0, 0, 0, 0, 0, 0, 500000, 500000
2015, RAJASTHAN, 8, SIROHI, 106, REODAR, 1366, BANT, 41908, 1102605, Total, 0, 0, 0, 0, 0, 0, 2096111, 2096111
2015, RAJASTHAN, 8, SIROHI, 106, REODAR, 1366, BHATANA, 41909, 1113163, Roads, 0, 0, 0, 0, 0, 0, 1713528, 1713528
2015, RAJASTHAN, 8, SIROHI, 106, REODAR, 1366, BHATANA, 41909, 1113163, Total, 0, 0, 0, 0, 0, 0, 1713528, 1713528
2015, RAJASTHAN, 8, SIROHI, 106, REODAR, 1366, BHEROOGARH, 41910, 1118339, Drinking water, 0, 0, 0, 0, 0, 0, 800000, 800000
2015, RAJASTHAN, 8, SIROHI, 106, REODAR, 1366, BHEROOGARH, 41910, 1118339, Sanitation, 0, 0, 0, 0, 0, 0, 683497, 683497
2015, RAJASTHAN, 8, SIROHI, 106, REODAR, 1366, BHEROOGARH, 41910, 1118339, Total, 0, 0, 0, 0, 0, 0, 1483497, 1483497
2015, RAJASTHAN, 8, SIROHI, 106, REODAR, 1366, DABANI, 41911, 1144136, Drinking water, 0, 0, 0, 0, 0, 0, 1000000, 1000000
2015, RAJASTHAN, 8, SIROHI, 106, REODAR, 1366, DABANI, 41911, 1144136, Public distribution system, 0, 0, 0, 0, 0, 0, 300000, 300000
2015, RAJASTHAN, 8, SIROHI, 106, REODAR, 1366, DABANI, 41911, 1144136, Rural electrification, 0, 0, 0, 0, 0, 0, 200000, 200000
2015, RAJASTHAN, 8, SIROHI, 106, REODAR, 1366, DABANI, 41911, 1144136, Sanitation, 0, 0, 0, 0, 0, 0, 119519, 119519
2015, RAJASTHAN, 8, SIROHI, 106, REODAR, 1366, DABANI, 41911, 1144136, Total, 0, 0, 0, 0, 0, 0, 1619519, 1619519
2015, RAJASTHAN, 8, SIROHI, 106, REODAR, 1366, DAK, 41912, 1103710, Drinking water, 0, 0, 0, 0, 0, 0, 530000, 530000
2015, RAJASTHAN, 8, SIROHI, 106, REODAR, 1366, DAK, 41912, 1103710, Education, 0, 0, 0, 0, 0, 0, 200000, 200000
2015, RAJASTHAN, 8, SIROHI, 106, REODAR, 1366, DAK, 41912, 1103710, Public distribution system, 0, 0, 0, 0, 0, 0, 300000, 300000
2015, RAJASTHAN, 8, SIROHI, 106, REODAR, 1366, DAK, 41912, 1103710, Roads, 0, 0, 0, 0, 0, 0, 109764, 109764
2015, RAJASTHAN, 8, SIROHI, 106, REODAR, 1366, DAK, 41912, 1103710, Total, 0, 0, 0, 0, 0, 0, 1439764, 1439764
2015, RAJASTHAN, 8, SIROHI, 106, REODAR, 1366, DAK, 41912, 1103710, Water Conservation, 0, 0, 0, 0, 0, 0, 300000, 300000
2015, RAJASTHAN, 8, SIROHI, 106, REODAR, 1366, DANTRAI, 41913, 1113325, Drinking water, 0, 0, 0, 0, 0, 0, 720883, 720883
2015, RAJASTHAN, 8, SIROHI, 106, REODAR, 1366, DANTRAI, 41913, 1113325, Roads, 0, 0, 0, 0, 0, 0, 858000, 858000
2015, RAJASTHAN, 8, SIROHI, 106, REODAR, 1366, DANTRAI, 41913, 1113325, Total, 0, 0, 0, 0, 0, 0, 1578883, 1578883
2015, RAJASTHAN, 8, SIROHI, 106, REODAR, 1366, DATANI, 41914, 1103772, Drinking water, 0, 0, 0, 0, 0, 0, 1087710, 1087710
2015, RAJASTHAN, 8, SIROHI, 106, REODAR, 1366, DATANI, 41914, 1103772, Health, 0, 0, 0, 0, 0, 0, 760000, 760000
2015, RAJASTHAN, 8, SIROHI, 106, REODAR, 1366, DATANI, 41914, 1103772, Public distribution system, 0, 0, 0, 0, 0, 0, 400000, 400000
2015, RAJASTHAN, 8, SIROHI, 106, REODAR, 1366, DATANI, 41914, 1103772, Roads, 0, 0, 0, 0, 0, 0, 700000, 700000
2015, RAJASTHAN, 8, SIROHI, 106, REODAR, 1366, DATANI, 41914, 1103772, Total, 0, 0, 0, 0, 0, 0, 2947710, 2947710
2015, RAJASTHAN, 8, SIROHI, 106, REODAR, 1366, DHAN, 41915, 1104274, Drinking water, 0, 0, 0, 0, 0, 0, 255799, 255799
2015, RAJASTHAN, 8, SIROHI, 106, REODAR, 1366, DHAN, 41915, 1104274, Sanitation, 0, 0, 0, 0, 0, 0, 1487000, 1487000
2015, RAJASTHAN, 8, SIROHI, 106, REODAR, 1366, DHAN, 41915, 1104274, Total, 0, 0, 0, 0, 0, 0, 1742799, 1742799
2015, RAJASTHAN, 8, SIROHI, 106, REODAR, 1366, DHAWLI, 41916, 1108030, Drinking water, 0, 0, 0, 0, 0, 0, 500000, 500000
2015, RAJASTHAN, 8, SIROHI, 106, REODAR, 1366, DHAWLI, 41916, 1108030, Public distribution system, 0, 0, 0, 0, 0, 0, 700000, 700000
2015, RAJASTHAN, 8, SIROHI, 106, REODAR, 1366, DHAWLI, 41916, 1108030, Roads, 0, 0, 0, 0, 0, 0, 1200000, 1200000
2015, RAJASTHAN, 8, SIROHI, 106, REODAR, 1366, DHAWLI, 41916, 1108030, Sanitation, 0, 0, 0, 0, 0, 0, 100389, 100389
2015, RAJASTHAN, 8, SIROHI, 106, REODAR, 1366, DHAWLI, 41916, 1108030, Total, 0, 0, 0, 0, 0, 0, 2500389, 2500389
2015, RAJASTHAN, 8, SIROHI, 106, REODAR, 1366, DOLPURA, 41917, 1103758, Drinking water, 0, 0, 0, 0, 0, 0, 956000, 956000
2015, RAJASTHAN, 8, SIROHI, 106, REODAR, 1366, DOLPURA, 41917, 1103758, Health, 0, 0, 0, 0, 0, 0, 187000, 187000
2015, RAJASTHAN, 8, SIROHI, 106, REODAR, 1366, DOLPURA, 41917, 1103758, Roads, 0, 0, 0, 0, 0, 0, 24724, 24724
2015, RAJASTHAN, 8, SIROHI, 106, REODAR, 1366, DOLPURA, 41917, 1103758, Sanitation, 0, 0, 0, 0, 0, 0, 250000, 250000
2015, RAJASTHAN, 8, SIROHI, 106, REODAR, 1366, DOLPURA, 41917, 1103758, Total, 0, 0, 0, 0, 0, 0, 1417724, 1417724
2015, RAJASTHAN, 8, SIROHI, 106, REODAR, 1366, GULABGANJ, 41918, 1114284, Drinking water, 0, 0, 0, 0, 0, 0, 1550000, 1550000
2015, RAJASTHAN, 8, SIROHI, 106, REODAR, 1366, GULABGANJ, 41918, 1114284, Public distribution system, 0, 0, 0, 0, 0, 0, 231205, 231205
2015, RAJASTHAN, 8, SIROHI, 106, REODAR, 1366, GULABGANJ, 41918, 1114284, Roads, 0, 0, 0, 0, 0, 0, 474000, 474000
2015, RAJASTHAN, 8, SIROHI, 106, REODAR, 1366, GULABGANJ, 41918, 1114284, Total, 0, 0, 0, 0, 0, 0, 2255205, 2255205
2015, RAJASTHAN, 8, SIROHI, 106, REODAR, 1366, GUNDWARA, 41919, 1104238, Drinking water, 0, 0, 0, 0, 0, 0, 986729, 986729
2015, RAJASTHAN, 8, SIROHI, 106, REODAR, 1366, GUNDWARA, 41919, 1104238, Markets and fairs, 0, 0, 0, 0, 0, 0, 229000, 229000
2015, RAJASTHAN, 8, SIROHI, 106, REODAR, 1366, GUNDWARA, 41919, 1104238, Roads, 0, 0, 0, 0, 0, 0, 200000, 200000
2015, RAJASTHAN, 8, SIROHI, 106, REODAR, 1366, GUNDWARA, 41919, 1104238, Sanitation, 0, 0, 0, 0, 0, 0, 429000, 429000
2015, RAJASTHAN, 8, SIROHI, 106, REODAR, 1366, GUNDWARA, 41919, 1104238, Total, 0, 0, 0, 0, 0, 0, 1844729, 1844729
2015, RAJASTHAN, 8, SIROHI, 106, REODAR, 1366, JEERAWAL, 41920, 1113669, Agriculture, 0, 0, 0, 0, 0, 0, 100000, 100000
2015, RAJASTHAN, 8, SIROHI, 106, REODAR, 1366, JEERAWAL, 41920, 1113669, Drinking water, 0, 0, 0, 0, 0, 0, 168659, 168659
2015, RAJASTHAN, 8, SIROHI, 106, REODAR, 1366, JEERAWAL, 41920, 1113669, Roads, 0, 0, 0, 0, 0, 0, 1661000, 1661000
2015, RAJASTHAN, 8, SIROHI, 106, REODAR, 1366, JEERAWAL, 41920, 1113669, Sanitation, 0, 0, 0, 0, 0, 0, 600000, 600000
2015, RAJASTHAN, 8, SIROHI, 106, REODAR, 1366, JEERAWAL, 41920, 1113669, Total, 0, 0, 0, 0, 0, 0, 2529659, 2529659
2015, RAJASTHAN, 8, SIROHI, 106, REODAR, 1366, JETAWARA, 41921, 1144192, Drinking water, 0, 0, 0, 0, 0, 0, 24140, 24140
2015, RAJASTHAN, 8, SIROHI, 106, REODAR, 1366, JETAWARA, 41921, 1144192, Public distribution system, 0, 0, 0, 0, 0, 0, 1000000, 1000000
2015, RAJASTHAN, 8, SIROHI, 106, REODAR, 1366, JETAWARA, 41921, 1144192, Roads, 0, 0, 0, 0, 0, 0, 1000000, 1000000
2015, RAJASTHAN, 8, SIROHI, 106, REODAR, 1366, JETAWARA, 41921, 1144192, Total, 0, 0, 0, 0, 0, 0, 2024140, 2024140
2015, RAJASTHAN, 8, SIROHI, 106, REODAR, 1366, JOLPUR, 41922, 1114245, Health, 0, 0, 0, 0, 0, 0, 83896, 83896
2015, RAJASTHAN, 8, SIROHI, 106, REODAR, 1366, JOLPUR, 41922, 1114245, Roads, 0, 0, 0, 0, 0, 0, 1714000, 1714000
2015, RAJASTHAN, 8, SIROHI, 106, REODAR, 1366, JOLPUR, 41922, 1114245, Total, 0, 0, 0, 0, 0, 0, 1797896, 1797896
2015, RAJASTHAN, 8, SIROHI, 106, REODAR, 1366, LOONOL, 41923, 1144239, Drinking water, 0, 0, 0, 0, 0, 0, 772559, 772559
2015, RAJASTHAN, 8, SIROHI, 106, REODAR, 1366, LOONOL, 41923, 1144239, Roads, 0, 0, 0, 0, 0, 0, 1400000, 1400000
2015, RAJASTHAN, 8, SIROHI, 106, REODAR, 1366, LOONOL, 41923, 1144239, Total, 0, 0, 0, 0, 0, 0, 2172559, 2172559
2015, RAJASTHAN, 8, SIROHI, 106, REODAR, 1366, MAGARIWARA, 41924, 1119952, Drinking water, 0, 0, 0, 0, 0, 0, 660691, 660691
2015, RAJASTHAN, 8, SIROHI, 106, REODAR, 1366, MAGARIWARA, 41924, 1119952, Roads, 0, 0, 0, 0, 0, 0, 340000, 340000
2015, RAJASTHAN, 8, SIROHI, 106, REODAR, 1366, MAGARIWARA, 41924, 1119952, Sanitation, 0, 0, 0, 0, 0, 0, 999000, 999000
2015, RAJASTHAN, 8, SIROHI, 106, REODAR, 1366, MAGARIWARA, 41924, 1119952, Total, 0, 0, 0, 0, 0, 0, 1999691, 1999691
2015, RAJASTHAN, 8, SIROHI, 106, REODAR, 1366, MAKAWAL, 41925, 1111135, Land improvement, 0, 0, 0, 0, 0, 0, 600000, 600000
2015, RAJASTHAN, 8, SIROHI, 106, REODAR, 1366, MAKAWAL, 41925, 1111135, Public distribution system, 0, 0, 0, 0, 0, 0, 500000, 500000
2015, RAJASTHAN, 8, SIROHI, 106, REODAR, 1366, MAKAWAL, 41925, 1111135, Roads, 0, 0, 0, 0, 0, 0, 300000, 300000
2015, RAJASTHAN, 8, SIROHI, 106, REODAR, 1366, MAKAWAL, 41925, 1111135, Sanitation, 0, 0, 0, 0, 0, 0, 19791, 19791
2015, RAJASTHAN, 8, SIROHI, 106, REODAR, 1366, MAKAWAL, 41925, 1111135, Total, 0, 0, 0, 0, 0, 0, 1419791, 1419791
2015, RAJASTHAN, 8, SIROHI, 106, REODAR, 1366, MANDAR, 41926, 1106541, Drinking water, 0, 0, 0, 0, 0, 0, 2300000, 2300000
2015, RAJASTHAN, 8, SIROHI, 106, REODAR, 1366, MANDAR, 41926, 1106541, Roads, 0, 0, 0, 0, 0, 0, 1800000, 1800000
2015, RAJASTHAN, 8, SIROHI, 106, REODAR, 1366, MANDAR, 41926, 1106541, Rural electrification, 0, 0, 0, 0, 0, 0, 696916, 696916
2015, RAJASTHAN, 8, SIROHI, 106, REODAR, 1366, MANDAR, 41926, 1106541, Total, 0, 0, 0, 0, 0, 0, 4796916, 4796916
2015, RAJASTHAN, 8, SIROHI, 106, REODAR, 1366, MAROL, 41927, 1112012, Drinking water, 0, 0, 0, 0, 0, 0, 836819, 836819
2015, RAJASTHAN, 8, SIROHI, 106, REODAR, 1366, MAROL, 41927, 1112012, Fuel and fodder, 0, 0, 0, 0, 0, 0, 100000, 100000
2015, RAJASTHAN, 8, SIROHI, 106, REODAR, 1366, MAROL, 41927, 1112012, Roads, 0, 0, 0, 0, 0, 0, 994000, 994000
2015, RAJASTHAN, 8, SIROHI, 106, REODAR, 1366, MAROL, 41927, 1112012, Total, 0, 0, 0, 0, 0, 0, 1930819, 1930819
2015, RAJASTHAN, 8, SIROHI, 106, REODAR, 1366, NAGANI, 41928, 1119936, Drinking water, 0, 0, 0, 0, 0, 0, 1527769, 1527769
2015, RAJASTHAN, 8, SIROHI, 106, REODAR, 1366, NAGANI, 41928, 1119936, Roads, 0, 0, 0, 0, 0, 0, 110000, 110000
2015, RAJASTHAN, 8, SIROHI, 106, REODAR, 1366, NAGANI, 41928, 1119936, Total, 0, 0, 0, 0, 0, 0, 1637769, 1637769
2015, RAJASTHAN, 8, SIROHI, 106, REODAR, 1366, NIMBAJ, 41929, 1107193, Drinking water, 0, 0, 0, 0, 0, 0, 410000, 410000
2015, RAJASTHAN, 8, SIROHI, 106, REODAR, 1366, NIMBAJ, 41929, 1107193, Public distribution system, 0, 0, 0, 0, 0, 0, 300000, 300000
2015, RAJASTHAN, 8, SIROHI, 106, REODAR, 1366, NIMBAJ, 41929, 1107193, Roads, 0, 0, 0, 0, 0, 0, 1420275, 1420275
2015, RAJASTHAN, 8, SIROHI, 106, REODAR, 1366, NIMBAJ, 41929, 1107193, Sanitation, 0, 0, 0, 0, 0, 0, 200000, 200000
2015, RAJASTHAN, 8, SIROHI, 106, REODAR, 1366, NIMBAJ, 41929, 1107193, Total, 0, 0, 0, 0, 0, 0, 2330275, 2330275
2015, RAJASTHAN, 8, SIROHI, 106, REODAR, 1366, PADAR, 41930, 1118327, Drinking water, 0, 0, 0, 0, 0, 0, 5118, 5118
2015, RAJASTHAN, 8, SIROHI, 106, REODAR, 1366, PADAR, 41930, 1118327, Roads, 0, 0, 0, 0, 0, 0, 2060000, 2060000
2015, RAJASTHAN, 8, SIROHI, 106, REODAR, 1366, PADAR, 41930, 1118327, Total, 0, 0, 0, 0, 0, 0, 2065118, 2065118
2015, RAJASTHAN, 8, SIROHI, 106, REODAR, 1366, PAMERA, 41931, 1113225, Drinking water, 0, 0, 0, 0, 0, 0, 500000, 500000
2015, RAJASTHAN, 8, SIROHI, 106, REODAR, 1366, PAMERA, 41931, 1113225, Public distribution system, 0, 0, 0, 0, 0, 0, 649000, 649000
2015, RAJASTHAN, 8, SIROHI, 106, REODAR, 1366, PAMERA, 41931, 1113225, Roads, 0, 0, 0, 0, 0, 0, 75526, 75526
2015, RAJASTHAN, 8, SIROHI, 106, REODAR, 1366, PAMERA, 41931, 1113225, Sanitation, 0, 0, 0, 0, 0, 0, 187000, 187000
2015, RAJASTHAN, 8, SIROHI, 106, REODAR, 1366, PAMERA, 41931, 1113225, Total, 0, 0, 0, 0, 0, 0, 1411526, 1411526
2015, RAJASTHAN, 8, SIROHI, 106, REODAR, 1366, PEETHAPURA, 41932, 1113207, Drinking water, 0, 0, 0, 0, 0, 0, 365195, 365195
2015, RAJASTHAN, 8, SIROHI, 106, REODAR, 1366, PEETHAPURA, 41932, 1113207, Roads, 0, 0, 0, 0, 0, 0, 1552000, 1552000
2015, RAJASTHAN, 8, SIROHI, 106, REODAR, 1366, PEETHAPURA, 41932, 1113207, Sanitation, 0, 0, 0, 0, 0, 0, 67000, 67000
2015, RAJASTHAN, 8, SIROHI, 106, REODAR, 1366, PEETHAPURA, 41932, 1113207, Total, 0, 0, 0, 0, 0, 0, 1984195, 1984195
2015, RAJASTHAN, 8, SIROHI, 106, REODAR, 1366, POSEETARA, 41933, 1113249, Drinking water, 0, 0, 0, 0, 0, 0, 123629, 123629
2015, RAJASTHAN, 8, SIROHI, 106, REODAR, 1366, POSEETARA, 41933, 1113249, Health, 0, 0, 0, 0, 0, 0, 100000, 100000
2015, RAJASTHAN, 8, SIROHI, 106, REODAR, 1366, POSEETARA, 41933, 1113249, Public distribution system, 0, 0, 0, 0, 0, 0, 100000, 100000
2015, RAJASTHAN, 8, SIROHI, 106, REODAR, 1366, POSEETARA, 41933, 1113249, Roads, 0, 0, 0, 0, 0, 0, 650000, 650000
2015, RAJASTHAN, 8, SIROHI, 106, REODAR, 1366, POSEETARA, 41933, 1113249, Sanitation, 0, 0, 0, 0, 0, 0, 337000, 337000
2015, RAJASTHAN, 8, SIROHI, 106, REODAR, 1366, POSEETARA, 41933, 1113249, Total, 0, 0, 0, 0, 0, 0, 1310629, 1310629
2015, RAJASTHAN, 8, SIROHI, 106, REODAR, 1366, RAIPUR, 41934, 1113288, Drinking water, 0, 0, 0, 0, 0, 0, 14847, 14847
2015, RAJASTHAN, 8, SIROHI, 106, REODAR, 1366, RAIPUR, 41934, 1113288, Health, 0, 0, 0, 0, 0, 0, 500000, 500000
2015, RAJASTHAN, 8, SIROHI, 106, REODAR, 1366, RAIPUR, 41934, 1113288, Roads, 0, 0, 0, 0, 0, 0, 1633000, 1633000
2015, RAJASTHAN, 8, SIROHI, 106, REODAR, 1366, RAIPUR, 41934, 1113288, Sanitation, 0, 0, 0, 0, 0, 0, 294000, 294000
2015, RAJASTHAN, 8, SIROHI, 106, REODAR, 1366, RAIPUR, 41934, 1113288, Total, 0, 0, 0, 0, 0, 0, 2441847, 2441847
2015, RAJASTHAN, 8, SIROHI, 106, REODAR, 1366, REODAR, 41935, 1102614, Roads, 0, 0, 0, 0, 0, 0, 3157424, 3157424
2015, RAJASTHAN, 8, SIROHI, 106, REODAR, 1366, REODAR, 41935, 1102614, Total, 0, 0, 0, 0, 0, 0, 3157424, 3157424
2015, RAJASTHAN, 8, SIROHI, 106, REODAR, 1366, ROHUA, 41936, 1146800, Drinking water, 0, 0, 0, 0, 0, 0, 1314353, 1314353
2015, RAJASTHAN, 8, SIROHI, 106, REODAR, 1366, ROHUA, 41936, 1146800, Roads, 0, 0, 0, 0, 0, 0, 100000, 100000
2015, RAJASTHAN, 8, SIROHI, 106, REODAR, 1366, ROHUA, 41936, 1146800, Rural electrification, 0, 0, 0, 0, 0, 0, 200000, 200000
2015, RAJASTHAN, 8, SIROHI, 106, REODAR, 1366, ROHUA, 41936, 1146800, Total, 0, 0, 0, 0, 0, 0, 1614353, 1614353
2015, RAJASTHAN, 8, SIROHI, 106, REODAR, 1366, SELWADA, 41937, 1103560, Drinking water, 0, 0, 0, 0, 0, 0, 45657, 45657
2015, RAJASTHAN, 8, SIROHI, 106, REODAR, 1366, SELWADA, 41937, 1103560, Education, 0, 0, 0, 0, 0, 0, 100000, 100000
2015, RAJASTHAN, 8, SIROHI, 106, REODAR, 1366, SELWADA, 41937, 1103560, Roads, 0, 0, 0, 0, 0, 0, 500000, 500000
2015, RAJASTHAN, 8, SIROHI, 106, REODAR, 1366, SELWADA, 41937, 1103560, Sanitation, 0, 0, 0, 0, 0, 0, 1000000, 1000000
2015, RAJASTHAN, 8, SIROHI, 106, REODAR, 1366, SELWADA, 41937, 1103560, Total, 0, 0, 0, 0, 0, 0, 1645657, 1645657
2015, RAJASTHAN, 8, SIROHI, 106, REODAR, 1366, SIRODI, 41938, 1120546, Drinking water, 0, 0, 0, 0, 0, 0, 84000, 84000
2015, RAJASTHAN, 8, SIROHI, 106, REODAR, 1366, SIRODI, 41938, 1120546, Public distribution system, 0, 0, 0, 0, 0, 0, 1500000, 1500000
2015, RAJASTHAN, 8, SIROHI, 106, REODAR, 1366, SIRODI, 41938, 1120546, Roads, 0, 0, 0, 0, 0, 0, 193580, 193580
2015, RAJASTHAN, 8, SIROHI, 106, REODAR, 1366, SIRODI, 41938, 1120546, Total, 0, 0, 0, 0, 0, 0, 1777580, 1777580
2015, RAJASTHAN, 8, SIROHI, 106, REODAR, 1366, SONELA, 41939, 1103545, Roads, 0, 0, 0, 0, 0, 0, 1747276, 1747276
2015, RAJASTHAN, 8, SIROHI, 106, REODAR, 1366, SONELA, 41939, 1103545, Total, 0, 0, 0, 0, 0, 0, 1747276, 1747276
2015, RAJASTHAN, 8, SIROHI, 106, REODAR, 1366, SORDA, 41940, 1120896, Roads, 0, 0, 0, 0, 0, 0, 1330000, 1330000
2015, RAJASTHAN, 8, SIROHI, 106, REODAR, 1366, SORDA, 41940, 1120896, Sanitation, 0, 0, 0, 0, 0, 0, 190688, 190688
2015, RAJASTHAN, 8, SIROHI, 106, REODAR, 1366, SORDA, 41940, 1120896, Total, 0, 0, 0, 0, 0, 0, 1520688, 1520688
2015, RAJASTHAN, 8, SIROHI, 106, REODAR, 1366, UDWARIA, 41941, 1120536, Roads, 0, 0, 0, 0, 0, 0, 1583361, 1583361
2015, RAJASTHAN, 8, SIROHI, 106, REODAR, 1366, UDWARIA, 41941, 1120536, Total, 0, 0, 0, 0, 0, 0, 1583361, 1583361
2015, RAJASTHAN, 8, SIROHI, 106, REODAR, 1366, VARMAN, 41942, 1113346, Education, 0, 0, 0, 0, 0, 0, 400000, 400000
2015, RAJASTHAN, 8, SIROHI, 106, REODAR, 1366, VARMAN, 41942, 1113346, Roads, 0, 0, 0, 0, 0, 0, 835696, 835696
2015, RAJASTHAN, 8, SIROHI, 106, REODAR, 1366, VARMAN, 41942, 1113346, Total, 0, 0, 0, 0, 0, 0, 1235696, 1235696
2015, RAJASTHAN, 8, SIROHI, 106, REODAR, 1366, WASAN, 41943, 1104213, Cultural activities, 0, 0, 0, 0, 0, 0, 52295, 52295
2015, RAJASTHAN, 8, SIROHI, 106, REODAR, 1366, WASAN, 41943, 1104213, Roads, 0, 0, 0, 0, 0, 0, 1529000, 1529000
2015, RAJASTHAN, 8, SIROHI, 106, REODAR, 1366, WASAN, 41943, 1104213, Total, 0, 0, 0, 0, 0, 0, 1581295, 1581295
2015, RAJASTHAN, 8, SIROHI, 106, SHEOGANJ, 1367, ALPA, 41944, 1130571, Roads, 0, 0, 0, 0, 0, 0, 500000, 500000
2015, RAJASTHAN, 8, SIROHI, 106, SHEOGANJ, 1367, ALPA, 41944, 1130571, Rural housing, 0, 0, 0, 0, 0, 0, 167000, 167000
2015, RAJASTHAN, 8, SIROHI, 106, SHEOGANJ, 1367, ALPA, 41944, 1130571, Sanitation, 0, 0, 0, 0, 0, 0, 480058, 480058
2015, RAJASTHAN, 8, SIROHI, 106, SHEOGANJ, 1367, ALPA, 41944, 1130571, Total, 0, 0, 0, 0, 0, 0, 1147058, 1147058
2015, RAJASTHAN, 8, SIROHI, 106, SHEOGANJ, 1367, ANDOR, 41945, 1154419, Drinking water, 0, 0, 0, 0, 0, 0, 381000, 381000
2015, RAJASTHAN, 8, SIROHI, 106, SHEOGANJ, 1367, ANDOR, 41945, 1154419, Maintenance of community system, 0, 0, 0, 0, 0, 0, 403008, 403008
2015, RAJASTHAN, 8, SIROHI, 106, SHEOGANJ, 1367, ANDOR, 41945, 1154419, Sanitation, 0, 0, 0, 0, 0, 0, 476000, 476000
2015, RAJASTHAN, 8, SIROHI, 106, SHEOGANJ, 1367, ANDOR, 41945, 1154419, Total, 0, 0, 0, 0, 0, 0, 1260008, 1260008
2015, RAJASTHAN, 8, SIROHI, 106, SHEOGANJ, 1367, ARATHWARA, 41946, 1159164, Roads, 0, 0, 0, 0, 0, 0, 1393928, 1393928
2015, RAJASTHAN, 8, SIROHI, 106, SHEOGANJ, 1367, ARATHWARA, 41946, 1159164, Sanitation, 0, 0, 0, 0, 0, 0, 457000, 457000
2015, RAJASTHAN, 8, SIROHI, 106, SHEOGANJ, 1367, ARATHWARA, 41946, 1159164, Total, 0, 0, 0, 0, 0, 0, 1850928, 1850928
2015, RAJASTHAN, 8, SIROHI, 106, SHEOGANJ, 1367, BAGSEEN, 41948, 1186119, Roads, 0, 0, 0, 0, 0, 0, 1778477, 1778477
2015, RAJASTHAN, 8, SIROHI, 106, SHEOGANJ, 1367, BAGSEEN, 41948, 1186119, Sanitation, 0, 0, 0, 0, 0, 0, 100000, 100000
2015, RAJASTHAN, 8, SIROHI, 106, SHEOGANJ, 1367, BAGSEEN, 41948, 1186119, Total, 0, 0, 0, 0, 0, 0, 1878477, 1878477
2015, RAJASTHAN, 8, SIROHI, 106, SHEOGANJ, 1367, BAR GAON, 41947, 1159192, Land improvement, 0, 0, 0, 0, 0, 0, 200000, 200000
2015, RAJASTHAN, 8, SIROHI, 106, SHEOGANJ, 1367, BAR GAON, 41947, 1159192, Roads, 0, 0, 0, 0, 0, 0, 1758179, 1758179
2015, RAJASTHAN, 8, SIROHI, 106, SHEOGANJ, 1367, BAR GAON, 41947, 1159192, Sanitation, 0, 0, 0, 0, 0, 0, 265000, 265000
2015, RAJASTHAN, 8, SIROHI, 106, SHEOGANJ, 1367, BAR GAON, 41947, 1159192, Total, 0, 0, 0, 0, 0, 0, 2223179, 2223179
2015, RAJASTHAN, 8, SIROHI, 106, SHEOGANJ, 1367, CHHIBAGAON, 41949, 1159268, Roads, 0, 0, 0, 0, 0, 0, 1283081, 1283081
2015, RAJASTHAN, 8, SIROHI, 106, SHEOGANJ, 1367, CHHIBAGAON, 41949, 1159268, Total, 0, 0, 0, 0, 0, 0, 1283081, 1283081
2015, RAJASTHAN, 8, SIROHI, 106, SHEOGANJ, 1367, CHOOLI, 41950, 1159193, Drinking water, 0, 0, 0, 0, 0, 0, 359520, 359520
2015, RAJASTHAN, 8, SIROHI, 106, SHEOGANJ, 1367, CHOOLI, 41950, 1159193, Roads, 0, 0, 0, 0, 0, 0, 500000, 500000
2015, RAJASTHAN, 8, SIROHI, 106, SHEOGANJ, 1367, CHOOLI, 41950, 1159193, Total, 0, 0, 0, 0, 0, 0, 859520, 859520
2015, RAJASTHAN, 8, SIROHI, 106, SHEOGANJ, 1367, DHRUWANA, 41951, 1159195, Drinking water, 0, 0, 0, 0, 0, 0, 1332323, 1332323
2015, RAJASTHAN, 8, SIROHI, 106, SHEOGANJ, 1367, DHRUWANA, 41951, 1159195, Total, 0, 0, 0, 0, 0, 0, 1332323, 1332323
2015, RAJASTHAN, 8, SIROHI, 106, SHEOGANJ, 1367, JAITPURA, 41952, 1159347, Drinking water, 0, 0, 0, 0, 0, 0, 365000, 365000
2015, RAJASTHAN, 8, SIROHI, 106, SHEOGANJ, 1367, JAITPURA, 41952, 1159347, Roads, 0, 0, 0, 0, 0, 0, 600000, 600000
2015, RAJASTHAN, 8, SIROHI, 106, SHEOGANJ, 1367, JAITPURA, 41952, 1159347, Sanitation, 0, 0, 0, 0, 0, 0, 173450, 173450
2015, RAJASTHAN, 8, SIROHI, 106, SHEOGANJ, 1367, JAITPURA, 41952, 1159347, Total, 0, 0, 0, 0, 0, 0, 1138450, 1138450
2015, RAJASTHAN, 8, SIROHI, 106, SHEOGANJ, 1367, JHADOLI, 41953, 1159198, Drinking water, 0, 0, 0, 0, 0, 0, 1040000, 1040000
2015, RAJASTHAN, 8, SIROHI, 106, SHEOGANJ, 1367, JHADOLI, 41953, 1159198, Roads, 0, 0, 0, 0, 0, 0, 235849, 235849
2015, RAJASTHAN, 8, SIROHI, 106, SHEOGANJ, 1367, JHADOLI, 41953, 1159198, Total, 0, 0, 0, 0, 0, 0, 1275849, 1275849
2015, RAJASTHAN, 8, SIROHI, 106, SHEOGANJ, 1367, JOGAPURA, 41954, 1159201, Roads, 0, 0, 0, 0, 0, 0, 1278603, 1278603
2015, RAJASTHAN, 8, SIROHI, 106, SHEOGANJ, 1367, JOGAPURA, 41954, 1159201, Total, 0, 0, 0, 0, 0, 0, 1278603, 1278603
2015, RAJASTHAN, 8, SIROHI, 106, SHEOGANJ, 1367, JOYLA, 41955, 1159348, Health, 0, 0, 0, 0, 0, 0, 300000, 300000
2015, RAJASTHAN, 8, SIROHI, 106, SHEOGANJ, 1367, JOYLA, 41955, 1159348, Roads, 0, 0, 0, 0, 0, 0, 1017171, 1017171
2015, RAJASTHAN, 8, SIROHI, 106, SHEOGANJ, 1367, JOYLA, 41955, 1159348, Total, 0, 0, 0, 0, 0, 0, 1317171, 1317171
2015, RAJASTHAN, 8, SIROHI, 106, SHEOGANJ, 1367, KAILASHNAGAR LAS, 41956, 1159207, Drinking water, 0, 0, 0, 0, 0, 0, 741000, 741000
2015, RAJASTHAN, 8, SIROHI, 106, SHEOGANJ, 1367, KAILASHNAGAR LAS, 41956, 1159207, Roads, 0, 0, 0, 0, 0, 0, 1646103, 1646103
2015, RAJASTHAN, 8, SIROHI, 106, SHEOGANJ, 1367, KAILASHNAGAR LAS, 41956, 1159207, Sanitation, 0, 0, 0, 0, 0, 0, 500000, 500000
2015, RAJASTHAN, 8, SIROHI, 106, SHEOGANJ, 1367, KAILASHNAGAR LAS, 41956, 1159207, Total, 0, 0, 0, 0, 0, 0, 2887103, 2887103
2015, RAJASTHAN, 8, SIROHI, 106, SHEOGANJ, 1367, KESARPURA, 41957, 1159222, Roads, 0, 0, 0, 0, 0, 0, 2104376, 2104376
2015, RAJASTHAN, 8, SIROHI, 106, SHEOGANJ, 1367, KESARPURA, 41957, 1159222, Total, 0, 0, 0, 0, 0, 0, 2104376, 2104376
2015, RAJASTHAN, 8, SIROHI, 106, SHEOGANJ, 1367, MANADAR, 41958, 1159224, Drinking water, 0, 0, 0, 0, 0, 0, 1143000, 1143000
2015, RAJASTHAN, 8, SIROHI, 106, SHEOGANJ, 1367, MANADAR, 41958, 1159224, Roads, 0, 0, 0, 0, 0, 0, 918689, 918689
2015, RAJASTHAN, 8, SIROHI, 106, SHEOGANJ, 1367, MANADAR, 41958, 1159224, Sanitation, 0, 0, 0, 0, 0, 0, 167000, 167000
2015, RAJASTHAN, 8, SIROHI, 106, SHEOGANJ, 1367, MANADAR, 41958, 1159224, Total, 0, 0, 0, 0, 0, 0, 2228689, 2228689
2015, RAJASTHAN, 8, SIROHI, 106, SHEOGANJ, 1367, MORLI, 41959, 1159349, Drinking water, 0, 0, 0, 0, 0, 0, 334000, 334000
2015, RAJASTHAN, 8, SIROHI, 106, SHEOGANJ, 1367, MORLI, 41959, 1159349, Roads, 0, 0, 0, 0, 0, 0, 1121948, 1121948
2015, RAJASTHAN, 8, SIROHI, 106, SHEOGANJ, 1367, MORLI, 41959, 1159349, Total, 0, 0, 0, 0, 0, 0, 1455948, 1455948
2015, RAJASTHAN, 8, SIROHI, 106, SHEOGANJ, 1367, NARADARA, 41960, 1159350, Roads, 0, 0, 0, 0, 0, 0, 846914, 846914
2015, RAJASTHAN, 8, SIROHI, 106, SHEOGANJ, 1367, NARADARA, 41960, 1159350, Sanitation, 0, 0, 0, 0, 0, 0, 660000, 660000
2015, RAJASTHAN, 8, SIROHI, 106, SHEOGANJ, 1367, NARADARA, 41960, 1159350, Total, 0, 0, 0, 0, 0, 0, 1506914, 1506914
2015, RAJASTHAN, 8, SIROHI, 106, SHEOGANJ, 1367, ODA, 41961, 1159227, Roads, 0, 0, 0, 0, 0, 0, 1905681, 1905681
2015, RAJASTHAN, 8, SIROHI, 106, SHEOGANJ, 1367, ODA, 41961, 1159227, Total, 0, 0, 0, 0, 0, 0, 1905681, 1905681
2015, RAJASTHAN, 8, SIROHI, 106, SHEOGANJ, 1367, PALRI, 41962, 1159351, Drinking water, 0, 0, 0, 0, 0, 0, 566683, 566683
2015, RAJASTHAN, 8, SIROHI, 106, SHEOGANJ, 1367, PALRI, 41962, 1159351, Roads, 0, 0, 0, 0, 0, 0, 2578000, 2578000
2015, RAJASTHAN, 8, SIROHI, 106, SHEOGANJ, 1367, PALRI, 41962, 1159351, Total, 0, 0, 0, 0, 0, 0, 3144683, 3144683
2015, RAJASTHAN, 8, SIROHI, 106, SHEOGANJ, 1367, POSALIYAN, 41963, 1159352, Drinking water, 0, 0, 0, 0, 0, 0, 373000, 373000
2015, RAJASTHAN, 8, SIROHI, 106, SHEOGANJ, 1367, POSALIYAN, 41963, 1159352, Roads, 0, 0, 0, 0, 0, 0, 1782870, 1782870
2015, RAJASTHAN, 8, SIROHI, 106, SHEOGANJ, 1367, POSALIYAN, 41963, 1159352, Sanitation, 0, 0, 0, 0, 0, 0, 193000, 193000
2015, RAJASTHAN, 8, SIROHI, 106, SHEOGANJ, 1367, POSALIYAN, 41963, 1159352, Total, 0, 0, 0, 0, 0, 0, 2348870, 2348870
2015, RAJASTHAN, 8, SIROHI, 106, SHEOGANJ, 1367, ROWARA, 41964, 1159233, Drinking water, 0, 0, 0, 0, 0, 0, 475000, 475000
2015, RAJASTHAN, 8, SIROHI, 106, SHEOGANJ, 1367, ROWARA, 41964, 1159233, Roads, 0, 0, 0, 0, 0, 0, 1063250, 1063250
2015, RAJASTHAN, 8, SIROHI, 106, SHEOGANJ, 1367, ROWARA, 41964, 1159233, Total, 0, 0, 0, 0, 0, 0, 1538250, 1538250
2015, RAJASTHAN, 8, SIROHI, 106, SHEOGANJ, 1367, RUKHADA, 41965, 1159237, Roads, 0, 0, 0, 0, 0, 0, 1143270, 1143270
2015, RAJASTHAN, 8, SIROHI, 106, SHEOGANJ, 1367, RUKHADA, 41965, 1159237, Total, 0, 0, 0, 0, 0, 0, 1143270, 1143270
2015, RAJASTHAN, 8, SIROHI, 106, SHEOGANJ, 1367, UTHMAN, 41966, 1159355, Drinking water, 0, 0, 0, 0, 0, 0, 309426, 309426
2015, RAJASTHAN, 8, SIROHI, 106, SHEOGANJ, 1367, UTHMAN, 41966, 1159355, Roads, 0, 0, 0, 0, 0, 0, 922000, 922000
2015, RAJASTHAN, 8, SIROHI, 106, SHEOGANJ, 1367, UTHMAN, 41966, 1159355, Total, 0, 0, 0, 0, 0, 0, 1231426, 1231426
2015, RAJASTHAN, 8, SIROHI, 106, SHEOGANJ, 1367, VAN, 41967, 1159356, Drinking water, 0, 0, 0, 0, 0, 0, 200000, 200000
2015, RAJASTHAN, 8, SIROHI, 106, SHEOGANJ, 1367, VAN, 41967, 1159356, Roads, 0, 0, 0, 0, 0, 0, 812070, 812070
2015, RAJASTHAN, 8, SIROHI, 106, SHEOGANJ, 1367, VAN, 41967, 1159356, Total, 0, 0, 0, 0, 0, 0, 1012070, 1012070
2015, RAJASTHAN, 8, SIROHI, 106, SIROHI, 1368, AMLARI, 41968, 1134023, Roads, 0, 0, 0, 0, 0, 0, 1392931, 1392931
2015, RAJASTHAN, 8, SIROHI, 106, SIROHI, 1368, AMLARI, 41968, 1134023, Total, 0, 0, 0, 0, 0, 0, 1392931, 1392931
2015, RAJASTHAN, 8, SIROHI, 106, SIROHI, 1368, BALDA, 41969, 1133776, Drinking water, 0, 0, 0, 0, 0, 0, 908418, 908418
2015, RAJASTHAN, 8, SIROHI, 106, SIROHI, 1368, BALDA, 41969, 1133776, Total, 0, 0, 0, 0, 0, 0, 908418, 908418
2015, RAJASTHAN, 8, SIROHI, 106, SIROHI, 1368, BARLOOT, 41970, 1133959, Roads, 0, 0, 0, 0, 0, 0, 1737290, 1737290
2015, RAJASTHAN, 8, SIROHI, 106, SIROHI, 1368, BARLOOT, 41970, 1133959, Total, 0, 0, 0, 0, 0, 0, 1737290, 1737290
2015, RAJASTHAN, 8, SIROHI, 106, SIROHI, 1368, BELANGARI, 41998, 1135484, Cultural activities, 0, 0, 0, 0, 0, 0, 493000, 493000
2015, RAJASTHAN, 8, SIROHI, 106, SIROHI, 1368, BELANGARI, 41998, 1135484, Drinking water, 0, 0, 0, 0, 0, 0, 500000, 500000
2015, RAJASTHAN, 8, SIROHI, 106, SIROHI, 1368, BELANGARI, 41998, 1135484, Roads, 0, 0, 0, 0, 0, 0, 709863, 709863
2015, RAJASTHAN, 8, SIROHI, 106, SIROHI, 1368, BELANGARI, 41998, 1135484, Rural electrification, 0, 0, 0, 0, 0, 0, 500000, 500000
2015, RAJASTHAN, 8, SIROHI, 106, SIROHI, 1368, BELANGARI, 41998, 1135484, Total, 0, 0, 0, 0, 0, 0, 2202863, 2202863
2015, RAJASTHAN, 8, SIROHI, 106, SIROHI, 1368, BHUTGAON, 41971, 1134030, Roads, 0, 0, 0, 0, 0, 0, 1288590, 1288590
2015, RAJASTHAN, 8, SIROHI, 106, SIROHI, 1368, BHUTGAON, 41971, 1134030, Total, 0, 0, 0, 0, 0, 0, 1288590, 1288590
2015, RAJASTHAN, 8, SIROHI, 106, SIROHI, 1368, DODUA, 41972, 1133963, Roads, 0, 0, 0, 0, 0, 0, 1180806, 1180806
2015, RAJASTHAN, 8, SIROHI, 106, SIROHI, 1368, DODUA, 41972, 1133963, Total, 0, 0, 0, 0, 0, 0, 1180806, 1180806
2015, RAJASTHAN, 8, SIROHI, 106, SIROHI, 1368, GOL, 41975, 1133722, Roads, 0, 0, 0, 0, 0, 0, 1496927, 1496927
2015, RAJASTHAN, 8, SIROHI, 106, SIROHI, 1368, GOL, 41975, 1133722, Total, 0, 0, 0, 0, 0, 0, 1496927, 1496927
2015, RAJASTHAN, 8, SIROHI, 106, SIROHI, 1368, GOYLI, 41974, 1133066, Roads, 0, 0, 0, 0, 0, 0, 2285853, 2285853
2015, RAJASTHAN, 8, SIROHI, 106, SIROHI, 1368, GOYLI, 41974, 1133066, Total, 0, 0, 0, 0, 0, 0, 2285853, 2285853
2015, RAJASTHAN, 8, SIROHI, 106, SIROHI, 1368, HALIWARA, 41976, 1134000, Roads, 0, 0, 0, 0, 0, 0, 1136384, 1136384
2015, RAJASTHAN, 8, SIROHI, 106, SIROHI, 1368, HALIWARA, 41976, 1134000, Total, 0, 0, 0, 0, 0, 0, 1136384, 1136384
2015, RAJASTHAN, 8, SIROHI, 106, SIROHI, 1368, JAILA, 41978, 1133086, Roads, 0, 0, 0, 0, 0, 0, 922537, 922537
2015, RAJASTHAN, 8, SIROHI, 106, SIROHI, 1368, JAILA, 41978, 1133086, Total, 0, 0, 0, 0, 0, 0, 922537, 922537
2015, RAJASTHAN, 8, SIROHI, 106, SIROHI, 1368, JAWAL, 41977, 1135940, Roads, 0, 0, 0, 0, 0, 0, 3544484, 3544484
2015, RAJASTHAN, 8, SIROHI, 106, SIROHI, 1368, JAWAL, 41977, 1135940, Total, 0, 0, 0, 0, 0, 0, 3544484, 3544484
2015, RAJASTHAN, 8, SIROHI, 106, SIROHI, 1368, KALANDRI, 41979, 1139614, Roads, 0, 0, 0, 0, 0, 0, 3497995, 3497995
2015, RAJASTHAN, 8, SIROHI, 106, SIROHI, 1368, KALANDRI, 41979, 1139614, Total, 0, 0, 0, 0, 0, 0, 3497995, 3497995
2015, RAJASTHAN, 8, SIROHI, 106, SIROHI, 1368, KHAMBAL, 41980, 1134016, Roads, 0, 0, 0, 0, 0, 0, 1125020, 1125020
2015, RAJASTHAN, 8, SIROHI, 106, SIROHI, 1368, KHAMBAL, 41980, 1134016, Total, 0, 0, 0, 0, 0, 0, 1125020, 1125020
2015, RAJASTHAN, 8, SIROHI, 106, SIROHI, 1368, KRISHANGANJ, 41981, 1133717, Roads, 0, 0, 0, 0, 0, 0, 2388816, 2388816
2015, RAJASTHAN, 8, SIROHI, 106, SIROHI, 1368, KRISHANGANJ, 41981, 1133717, Total, 0, 0, 0, 0, 0, 0, 2388816, 2388816
2015, RAJASTHAN, 8, SIROHI, 106, SIROHI, 1368, MADIYA, 41982, 1133325, Roads, 0, 0, 0, 0, 0, 0, 1099193, 1099193
2015, RAJASTHAN, 8, SIROHI, 106, SIROHI, 1368, MADIYA, 41982, 1133325, Total, 0, 0, 0, 0, 0, 0, 1099193, 1099193
2015, RAJASTHAN, 8, SIROHI, 106, SIROHI, 1368, MANDAWARIYA, 41984, 1135469, Roads, 0, 0, 0, 0, 0, 0, 1646723, 1646723
2015, RAJASTHAN, 8, SIROHI, 106, SIROHI, 1368, MANDAWARIYA, 41984, 1135469, Total, 0, 0, 0, 0, 0, 0, 1646723, 1646723
2015, RAJASTHAN, 8, SIROHI, 106, SIROHI, 1368, MANKRODA, 41983, 1133997, Roads, 0, 0, 0, 0, 0, 0, 1226261, 1226261
2015, RAJASTHAN, 8, SIROHI, 106, SIROHI, 1368, MANKRODA, 41983, 1133997, Total, 0, 0, 0, 0, 0, 0, 1226261, 1226261
2015, RAJASTHAN, 8, SIROHI, 106, SIROHI, 1368, MANORA, 41985, 1139624, Roads, 0, 0, 0, 0, 0, 0, 978323, 978323
2015, RAJASTHAN, 8, SIROHI, 106, SIROHI, 1368, MANORA, 41985, 1139624, Total, 0, 0, 0, 0, 0, 0, 978323, 978323
2015, RAJASTHAN, 8, SIROHI, 106, SIROHI, 1368, MERMANDWARA, 41986, 1133994, Roads, 0, 0, 0, 0, 0, 0, 1462836, 1462836
2015, RAJASTHAN, 8, SIROHI, 106, SIROHI, 1368, MERMANDWARA, 41986, 1133994, Total, 0, 0, 0, 0, 0, 0, 1462836, 1462836
2015, RAJASTHAN, 8, SIROHI, 106, SIROHI, 1368, MOHABBAT NAGAR, 41987, 1133704, Roads, 0, 0, 0, 0, 0, 0, 1471100, 1471100
2015, RAJASTHAN, 8, SIROHI, 106, SIROHI, 1368, MOHABBAT NAGAR, 41987, 1133704, Total, 0, 0, 0, 0, 0, 0, 1471100, 1471100
2015, RAJASTHAN, 8, SIROHI, 106, SIROHI, 1368, NAWARA, 41988, 1135882, Roads, 0, 0, 0, 0, 0, 0, 1346443, 1346443
2015, RAJASTHAN, 8, SIROHI, 106, SIROHI, 1368, NAWARA, 41988, 1135882, Total, 0, 0, 0, 0, 0, 0, 1346443, 1346443
2015, RAJASTHAN, 8, SIROHI, 106, SIROHI, 1368, PADEEV, 41989, 1133349, Roads, 0, 0, 0, 0, 0, 0, 1863325, 1863325
2015, RAJASTHAN, 8, SIROHI, 106, SIROHI, 1368, PADEEV, 41989, 1133349, Total, 0, 0, 0, 0, 0, 0, 1863325, 1863325
2015, RAJASTHAN, 8, SIROHI, 106, SIROHI, 1368, PHOOGNI, 41973, 1133975, Roads, 0, 0, 0, 0, 0, 0, 1265862, 1265862
2015, RAJASTHAN, 8, SIROHI, 106, SIROHI, 1368, PHOOGNI, 41973, 1133975, Total, 0, 0, 0, 0, 0, 0, 1265862, 1265862
2015, RAJASTHAN, 8, SIROHI, 106, SIROHI, 1368, RAMPURA, 41990, 1133765, Roads, 0, 0, 0, 0, 0, 0, 1863325, 1863325
2015, RAJASTHAN, 8, SIROHI, 106, SIROHI, 1368, RAMPURA, 41990, 1133765, Total, 0, 0, 0, 0, 0, 0, 1863325, 1863325
2015, RAJASTHAN, 8, SIROHI, 106, SIROHI, 1368, SANPUR, 41991, 1134031, Drinking water, 0, 0, 0, 0, 0, 0, 260000, 260000
2015, RAJASTHAN, 8, SIROHI, 106, SIROHI, 1368, SANPUR, 41991, 1134031, Roads, 0, 0, 0, 0, 0, 0, 1624331, 1624331
2015, RAJASTHAN, 8, SIROHI, 106, SIROHI, 1368, SANPUR, 41991, 1134031, Total, 0, 0, 0, 0, 0, 0, 1884331, 1884331
2015, RAJASTHAN, 8, SIROHI, 106, SIROHI, 1368, SARTARA, 41992, 1133693, Roads, 0, 0, 0, 0, 0, 0, 1887085, 1887085
2015, RAJASTHAN, 8, SIROHI, 106, SIROHI, 1368, SARTARA, 41992, 1133693, Total, 0, 0, 0, 0, 0, 0, 1887085, 1887085
2015, RAJASTHAN, 8, SIROHI, 106, SIROHI, 1368, SILDAR, 41993, 1139640, Roads, 0, 0, 0, 0, 0, 0, 663235, 663235
2015, RAJASTHAN, 8, SIROHI, 106, SIROHI, 1368, SILDAR, 41993, 1139640, Total, 0, 0, 0, 0, 0, 0, 663235, 663235
2015, RAJASTHAN, 8, SIROHI, 106, SIROHI, 1368, SINDRATH, 41994, 1139672, Roads, 0, 0, 0, 0, 0, 0, 1872623, 1872623
2015, RAJASTHAN, 8, SIROHI, 106, SIROHI, 1368, SINDRATH, 41994, 1139672, Total, 0, 0, 0, 0, 0, 0, 1872623, 1872623
2015, RAJASTHAN, 8, SIROHI, 106, SIROHI, 1368, TAWARI, 41995, 1135468, Roads, 0, 0, 0, 0, 0, 0, 1693900, 1693900
2015, RAJASTHAN, 8, SIROHI, 106, SIROHI, 1368, TAWARI, 41995, 1135468, Total, 0, 0, 0, 0, 0, 0, 1693900, 1693900
2015, RAJASTHAN, 8, SIROHI, 106, SIROHI, 1368, UD, 41996, 1139459, Roads, 0, 0, 0, 0, 0, 0, 1841630, 1841630
2015, RAJASTHAN, 8, SIROHI, 106, SIROHI, 1368, UD, 41996, 1139459, Total, 0, 0, 0, 0, 0, 0, 1841630, 1841630
2015, RAJASTHAN, 8, SIROHI, 106, SIROHI, 1368, WARADA, 41997, 1133708, Roads, 0, 0, 0, 0, 0, 0, 944912, 944912
2015, RAJASTHAN, 8, SIROHI, 106, SIROHI, 1368, WARADA, 41997, 1133708, Total, 0, 0, 0, 0, 0, 0, 944912, 944912
2015, RAJASTHAN, 8, TONK, 107, DEOLI, 1369, ANWA, 41999, 1023188, Health, 0, 0, 0, 0, 0, 0, 70000, 70000
2015, RAJASTHAN, 8, TONK, 107, DEOLI, 1369, ANWA, 41999, 1023188, Roads, 0, 0, 0, 0, 0, 0, 1250000, 1250000
2015, RAJASTHAN, 8, TONK, 107, DEOLI, 1369, ANWA, 41999, 1023188, Sanitation, 0, 0, 0, 0, 0, 0, 300000, 300000
2015, RAJASTHAN, 8, TONK, 107, DEOLI, 1369, ANWA, 41999, 1023188, Total, 0, 0, 0, 0, 0, 0, 1620000, 1620000
2015, RAJASTHAN, 8, TONK, 107, DEOLI, 1369, BADOLI, 42000, 1023417, Drinking water, 0, 0, 0, 0, 0, 0, 192000, 192000
2015, RAJASTHAN, 8, TONK, 107, DEOLI, 1369, BADOLI, 42000, 1023417, Sanitation, 0, 0, 0, 0, 0, 0, 175000, 175000
2015, RAJASTHAN, 8, TONK, 107, DEOLI, 1369, BADOLI, 42000, 1023417, Total, 0, 0, 0, 0, 0, 0, 367000, 367000
2015, RAJASTHAN, 8, TONK, 107, DEOLI, 1369, BALUNDA, 42001, 1023195, Roads, 0, 0, 0, 0, 0, 0, 2011000, 2011000
2015, RAJASTHAN, 8, TONK, 107, DEOLI, 1369, BALUNDA, 42001, 1023195, Sanitation, 0, 0, 0, 0, 0, 0, 100000, 100000
2015, RAJASTHAN, 8, TONK, 107, DEOLI, 1369, BALUNDA, 42001, 1023195, Total, 0, 0, 0, 0, 0, 0, 2111000, 2111000
2015, RAJASTHAN, 8, TONK, 107, DEOLI, 1369, BEEJWAD, 42002, 1070612, Roads, 0, 0, 0, 0, 0, 0, 1010000, 1010000
2015, RAJASTHAN, 8, TONK, 107, DEOLI, 1369, BEEJWAD, 42002, 1070612, Total, 0, 0, 0, 0, 0, 0, 1010000, 1010000
2015, RAJASTHAN, 8, TONK, 107, DEOLI, 1369, BHANTHALI, 42003, 1023198, Drinking water, 0, 0, 0, 0, 0, 0, 145000, 145000
2015, RAJASTHAN, 8, TONK, 107, DEOLI, 1369, BHANTHALI, 42003, 1023198, Sanitation, 0, 0, 0, 0, 0, 0, 200000, 200000
2015, RAJASTHAN, 8, TONK, 107, DEOLI, 1369, BHANTHALI, 42003, 1023198, Total, 0, 0, 0, 0, 0, 0, 345000, 345000
2015, RAJASTHAN, 8, TONK, 107, DEOLI, 1369, BISALPUR, 42004, 1083725, Roads, 0, 0, 0, 0, 0, 0, 750000, 750000
2015, RAJASTHAN, 8, TONK, 107, DEOLI, 1369, BISALPUR, 42004, 1083725, Total, 0, 0, 0, 0, 0, 0, 750000, 750000
2015, RAJASTHAN, 8, TONK, 107, DEOLI, 1369, CHANDALI, 42005, 1059323, Agriculture, 0, 0, 0, 0, 0, 0, 150000, 150000
2015, RAJASTHAN, 8, TONK, 107, DEOLI, 1369, CHANDALI, 42005, 1059323, Sanitation, 0, 0, 0, 0, 0, 0, 200000, 200000
2015, RAJASTHAN, 8, TONK, 107, DEOLI, 1369, CHANDALI, 42005, 1059323, Total, 0, 0, 0, 0, 0, 0, 350000, 350000
2015, RAJASTHAN, 8, TONK, 107, DEOLI, 1369, CHANDSINGHPURA, 42006, 1023376, Roads, 0, 0, 0, 0, 0, 0, 732000, 732000
2015, RAJASTHAN, 8, TONK, 107, DEOLI, 1369, CHANDSINGHPURA, 42006, 1023376, Total, 0, 0, 0, 0, 0, 0, 732000, 732000
2015, RAJASTHAN, 8, TONK, 107, DEOLI, 1369, CHANDWAR, 42007, 1070613, Roads, 0, 0, 0, 0, 0, 0, 1050000, 1050000
2015, RAJASTHAN, 8, TONK, 107, DEOLI, 1369, CHANDWAR, 42007, 1070613, Total, 0, 0, 0, 0, 0, 0, 1050000, 1050000
2015, RAJASTHAN, 8, TONK, 107, DEOLI, 1369, CHARNET, 42008, 1065012, Drinking water, 0, 0, 0, 0, 0, 0, 50000, 50000
2015, RAJASTHAN, 8, TONK, 107, DEOLI, 1369, CHARNET, 42008, 1065012, Roads, 0, 0, 0, 0, 0, 0, 547000, 547000
2015, RAJASTHAN, 8, TONK, 107, DEOLI, 1369, CHARNET, 42008, 1065012, Total, 0, 0, 0, 0, 0, 0, 597000, 597000
2015, RAJASTHAN, 8, TONK, 107, DEOLI, 1369, DABAR KALAN, 42009, 1023302, Roads, 0, 0, 0, 0, 0, 0, 319000, 319000
2015, RAJASTHAN, 8, TONK, 107, DEOLI, 1369, DABAR KALAN, 42009, 1023302, Total, 0, 0, 0, 0, 0, 0, 319000, 319000
2015, RAJASTHAN, 8, TONK, 107, DEOLI, 1369, DEOLI GAON, 42010, 1059304, Drinking water, 0, 0, 0, 0, 0, 0, 250000, 250000
2015, RAJASTHAN, 8, TONK, 107, DEOLI, 1369, DEOLI GAON, 42010, 1059304, Fuel and fodder, 0, 0, 0, 0, 0, 0, 250000, 250000
2015, RAJASTHAN, 8, TONK, 107, DEOLI, 1369, DEOLI GAON, 42010, 1059304, Health, 0, 0, 0, 0, 0, 0, 250000, 250000
2015, RAJASTHAN, 8, TONK, 107, DEOLI, 1369, DEOLI GAON, 42010, 1059304, Roads, 0, 0, 0, 0, 0, 0, 821000, 821000
2015, RAJASTHAN, 8, TONK, 107, DEOLI, 1369, DEOLI GAON, 42010, 1059304, Total, 0, 0, 0, 0, 0, 0, 1571000, 1571000
2015, RAJASTHAN, 8, TONK, 107, DEOLI, 1369, DEWARAWAS, 42011, 1070614, Health, 0, 0, 0, 0, 0, 0, 250000, 250000
2015, RAJASTHAN, 8, TONK, 107, DEOLI, 1369, DEWARAWAS, 42011, 1070614, Roads, 0, 0, 0, 0, 0, 0, 167000, 167000
2015, RAJASTHAN, 8, TONK, 107, DEOLI, 1369, DEWARAWAS, 42011, 1070614, Total, 0, 0, 0, 0, 0, 0, 417000, 417000
2015, RAJASTHAN, 8, TONK, 107, DEOLI, 1369, DHUNWA KALAN, 42012, 1083728, Roads, 0, 0, 0, 0, 0, 0, 991000, 991000
2015, RAJASTHAN, 8, TONK, 107, DEOLI, 1369, DHUNWA KALAN, 42012, 1083728, Total, 0, 0, 0, 0, 0, 0, 991000, 991000
2015, RAJASTHAN, 8, TONK, 107, DEOLI, 1369, DOONI, 42013, 1023372, Roads, 0, 0, 0, 0, 0, 0, 1131000, 1131000
2015, RAJASTHAN, 8, TONK, 107, DEOLI, 1369, DOONI, 42013, 1023372, Sanitation, 0, 0, 0, 0, 0, 0, 148000, 148000
2015, RAJASTHAN, 8, TONK, 107, DEOLI, 1369, DOONI, 42013, 1023372, Total, 0, 0, 0, 0, 0, 0, 1279000, 1279000
2015, RAJASTHAN, 8, TONK, 107, DEOLI, 1369, GANWARI, 42014, 1059275, Roads, 0, 0, 0, 0, 0, 0, 1320000, 1320000
2015, RAJASTHAN, 8, TONK, 107, DEOLI, 1369, GANWARI, 42014, 1059275, Total, 0, 0, 0, 0, 0, 0, 1320000, 1320000
2015, RAJASTHAN, 8, TONK, 107, DEOLI, 1369, GAROLI, 42015, 1064660, Drinking water, 0, 0, 0, 0, 0, 0, 500000, 500000
2015, RAJASTHAN, 8, TONK, 107, DEOLI, 1369, GAROLI, 42015, 1064660, Health, 0, 0, 0, 0, 0, 0, 25000, 25000
2015, RAJASTHAN, 8, TONK, 107, DEOLI, 1369, GAROLI, 42015, 1064660, Roads, 0, 0, 0, 0, 0, 0, 1141000, 1141000
2015, RAJASTHAN, 8, TONK, 107, DEOLI, 1369, GAROLI, 42015, 1064660, Sanitation, 0, 0, 0, 0, 0, 0, 500000, 500000
2015, RAJASTHAN, 8, TONK, 107, DEOLI, 1369, GAROLI, 42015, 1064660, Total, 0, 0, 0, 0, 0, 0, 2166000, 2166000
2015, RAJASTHAN, 8, TONK, 107, DEOLI, 1369, GHAD, 42016, 1023213, Roads, 0, 0, 0, 0, 0, 0, 1006000, 1006000
2015, RAJASTHAN, 8, TONK, 107, DEOLI, 1369, GHAD, 42016, 1023213, Social welfare, 0, 0, 0, 0, 0, 0, 25000, 25000
2015, RAJASTHAN, 8, TONK, 107, DEOLI, 1369, GHAD, 42016, 1023213, Total, 0, 0, 0, 0, 0, 0, 1031000, 1031000
2015, RAJASTHAN, 8, TONK, 107, DEOLI, 1369, GURAI, 42017, 1064653, Roads, 0, 0, 0, 0, 0, 0, 1156000, 1156000
2015, RAJASTHAN, 8, TONK, 107, DEOLI, 1369, GURAI, 42017, 1064653, Total, 0, 0, 0, 0, 0, 0, 1156000, 1156000
2015, RAJASTHAN, 8, TONK, 107, DEOLI, 1369, HISAMPUR, 42018, 1059309, Sanitation, 0, 0, 0, 0, 0, 0, 120000, 120000
2015, RAJASTHAN, 8, TONK, 107, DEOLI, 1369, HISAMPUR, 42018, 1059309, Total, 0, 0, 0, 0, 0, 0, 120000, 120000
2015, RAJASTHAN, 8, TONK, 107, DEOLI, 1369, JUNIA, 42019, 1059267, Roads, 0, 0, 0, 0, 0, 0, 462000, 462000
2015, RAJASTHAN, 8, TONK, 107, DEOLI, 1369, JUNIA, 42019, 1059267, Total, 0, 0, 0, 0, 0, 0, 462000, 462000
2015, RAJASTHAN, 8, TONK, 107, DEOLI, 1369, KANWARA, 42020, 1023205, Roads, 0, 0, 0, 0, 0, 0, 500000, 500000
2015, RAJASTHAN, 8, TONK, 107, DEOLI, 1369, KANWARA, 42020, 1023205, Total, 0, 0, 0, 0, 0, 0, 500000, 500000
2015, RAJASTHAN, 8, TONK, 107, DEOLI, 1369, KASEER, 42021, 1059321, Roads, 0, 0, 0, 0, 0, 0, 1381000, 1381000
2015, RAJASTHAN, 8, TONK, 107, DEOLI, 1369, KASEER, 42021, 1059321, Total, 0, 0, 0, 0, 0, 0, 1381000, 1381000
2015, RAJASTHAN, 8, TONK, 107, DEOLI, 1369, KHAWASPURA, 42022, 1023200, Drinking water, 0, 0, 0, 0, 0, 0, 280000, 280000
2015, RAJASTHAN, 8, TONK, 107, DEOLI, 1369, KHAWASPURA, 42022, 1023200, Roads, 0, 0, 0, 0, 0, 0, 650000, 650000
2015, RAJASTHAN, 8, TONK, 107, DEOLI, 1369, KHAWASPURA, 42022, 1023200, Total, 0, 0, 0, 0, 0, 0, 930000, 930000
2015, RAJASTHAN, 8, TONK, 107, DEOLI, 1369, MALERA, 42023, 1070615, Roads, 0, 0, 0, 0, 0, 0, 100000, 100000
2015, RAJASTHAN, 8, TONK, 107, DEOLI, 1369, MALERA, 42023, 1070615, Sanitation, 0, 0, 0, 0, 0, 0, 300000, 300000
2015, RAJASTHAN, 8, TONK, 107, DEOLI, 1369, MALERA, 42023, 1070615, Total, 0, 0, 0, 0, 0, 0, 400000, 400000
2015, RAJASTHAN, 8, TONK, 107, DEOLI, 1369, NAGAR FORT, 42024, 1064761, Drinking water, 0, 0, 0, 0, 0, 0, 15000, 15000
2015, RAJASTHAN, 8, TONK, 107, DEOLI, 1369, NAGAR FORT, 42024, 1064761, Maintenance of community system, 0, 0, 0, 0, 0, 0, 100000, 100000
2015, RAJASTHAN, 8, TONK, 107, DEOLI, 1369, NAGAR FORT, 42024, 1064761, Roads, 0, 0, 0, 0, 0, 0, 733000, 733000
2015, RAJASTHAN, 8, TONK, 107, DEOLI, 1369, NAGAR FORT, 42024, 1064761, Sanitation, 0, 0, 0, 0, 0, 0, 125000, 125000
2015, RAJASTHAN, 8, TONK, 107, DEOLI, 1369, NAGAR FORT, 42024, 1064761, Total, 0, 0, 0, 0, 0, 0, 1473000, 1473000
2015, RAJASTHAN, 8, TONK, 107, DEOLI, 1369, NAGAR FORT, 42024, 1064761, Water Conservation, 0, 0, 0, 0, 0, 0, 500000, 500000
2015, RAJASTHAN, 8, TONK, 107, DEOLI, 1369, NASIRDA, 42025, 1070616, Health, 0, 0, 0, 0, 0, 0, 350000, 350000
2015, RAJASTHAN, 8, TONK, 107, DEOLI, 1369, NASIRDA, 42025, 1070616, Roads, 0, 0, 0, 0, 0, 0, 500000, 500000
2015, RAJASTHAN, 8, TONK, 107, DEOLI, 1369, NASIRDA, 42025, 1070616, Total, 0, 0, 0, 0, 0, 0, 850000, 850000
2015, RAJASTHAN, 8, TONK, 107, DEOLI, 1369, NIWARIYA, 42026, 1064737, Drinking water, 0, 0, 0, 0, 0, 0, 200000, 200000
2015, RAJASTHAN, 8, TONK, 107, DEOLI, 1369, NIWARIYA, 42026, 1064737, Roads, 0, 0, 0, 0, 0, 0, 230000, 230000
2015, RAJASTHAN, 8, TONK, 107, DEOLI, 1369, NIWARIYA, 42026, 1064737, Total, 0, 0, 0, 0, 0, 0, 430000, 430000
2015, RAJASTHAN, 8, TONK, 107, DEOLI, 1369, PANWAR, 42027, 1059293, Health, 0, 0, 0, 0, 0, 0, 222000, 222000
2015, RAJASTHAN, 8, TONK, 107, DEOLI, 1369, PANWAR, 42027, 1059293, Roads, 0, 0, 0, 0, 0, 0, 95000, 95000
2015, RAJASTHAN, 8, TONK, 107, DEOLI, 1369, PANWAR, 42027, 1059293, Sanitation, 0, 0, 0, 0, 0, 0, 210000, 210000
2015, RAJASTHAN, 8, TONK, 107, DEOLI, 1369, PANWAR, 42027, 1059293, Total, 0, 0, 0, 0, 0, 0, 527000, 527000
2015, RAJASTHAN, 8, TONK, 107, DEOLI, 1369, POLYARA, 42028, 1023216, Roads, 0, 0, 0, 0, 0, 0, 704000, 704000
2015, RAJASTHAN, 8, TONK, 107, DEOLI, 1369, POLYARA, 42028, 1023216, Total, 0, 0, 0, 0, 0, 0, 704000, 704000
2015, RAJASTHAN, 8, TONK, 107, DEOLI, 1369, RAJKOT, 42029, 1059325, Drinking water, 0, 0, 0, 0, 0, 0, 40000, 40000
2015, RAJASTHAN, 8, TONK, 107, DEOLI, 1369, RAJKOT, 42029, 1059325, Roads, 0, 0, 0, 0, 0, 0, 500000, 500000
2015, RAJASTHAN, 8, TONK, 107, DEOLI, 1369, RAJKOT, 42029, 1059325, Total, 0, 0, 0, 0, 0, 0, 540000, 540000
2015, RAJASTHAN, 8, TONK, 107, DEOLI, 1369, RAJMAHAL, 42030, 1023439, Roads, 0, 0, 0, 0, 0, 0, 1560000, 1560000
2015, RAJASTHAN, 8, TONK, 107, DEOLI, 1369, RAJMAHAL, 42030, 1023439, Sanitation, 0, 0, 0, 0, 0, 0, 75000, 75000
2015, RAJASTHAN, 8, TONK, 107, DEOLI, 1369, RAJMAHAL, 42030, 1023439, Total, 0, 0, 0, 0, 0, 0, 1635000, 1635000
2015, RAJASTHAN, 8, TONK, 107, DEOLI, 1369, RAM SAGAR, 42031, 1023218, Roads, 0, 0, 0, 0, 0, 0, 1102000, 1102000
2015, RAJASTHAN, 8, TONK, 107, DEOLI, 1369, RAM SAGAR, 42031, 1023218, Total, 0, 0, 0, 0, 0, 0, 1102000, 1102000
2015, RAJASTHAN, 8, TONK, 107, DEOLI, 1369, SANTHALI, 42033, 1023221, Drinking water, 0, 0, 0, 0, 0, 0, 1500000, 1500000
2015, RAJASTHAN, 8, TONK, 107, DEOLI, 1369, SANTHALI, 42033, 1023221, Roads, 0, 0, 0, 0, 0, 0, 445000, 445000
2015, RAJASTHAN, 8, TONK, 107, DEOLI, 1369, SANTHALI, 42033, 1023221, Total, 0, 0, 0, 0, 0, 0, 3445000, 3445000
2015, RAJASTHAN, 8, TONK, 107, DEOLI, 1369, SANTHALI, 42033, 1023221, Water Conservation, 0, 0, 0, 0, 0, 0, 1500000, 1500000
2015, RAJASTHAN, 8, TONK, 107, DEOLI, 1369, SANWATGARH, 42034, 1023296, Roads, 0, 0, 0, 0, 0, 0, 375000, 375000
2015, RAJASTHAN, 8, TONK, 107, DEOLI, 1369, SANWATGARH, 42034, 1023296, Total, 0, 0, 0, 0, 0, 0, 375000, 375000
2015, RAJASTHAN, 8, TONK, 107, DEOLI, 1369, SITAPURA, 42035, 1023211, Roads, 0, 0, 0, 0, 0, 0, 501000, 501000
2015, RAJASTHAN, 8, TONK, 107, DEOLI, 1369, SITAPURA, 42035, 1023211, Sanitation, 0, 0, 0, 0, 0, 0, 100000, 100000
2015, RAJASTHAN, 8, TONK, 107, DEOLI, 1369, SITAPURA, 42035, 1023211, Total, 0, 0, 0, 0, 0, 0, 601000, 601000
2015, RAJASTHAN, 8, TONK, 107, DEOLI, 1369, THANWALA, 42036, 1059316, Education, 0, 0, 0, 0, 0, 0, 200000, 200000
2015, RAJASTHAN, 8, TONK, 107, DEOLI, 1369, THANWALA, 42036, 1059316, Maintenance of community system, 0, 0, 0, 0, 0, 0, 50000, 50000
2015, RAJASTHAN, 8, TONK, 107, DEOLI, 1369, THANWALA, 42036, 1059316, Total, 0, 0, 0, 0, 0, 0, 250000, 250000
2015, RAJASTHAN, 8, TONK, 107, DEOLI, 1369, TODA KA GOTHARA, 42037, 1064991, Drinking water, 0, 0, 0, 0, 0, 0, 277000, 277000
2015, RAJASTHAN, 8, TONK, 107, DEOLI, 1369, TODA KA GOTHARA, 42037, 1064991, Health, 0, 0, 0, 0, 0, 0, 40000, 40000
2015, RAJASTHAN, 8, TONK, 107, DEOLI, 1369, TODA KA GOTHARA, 42037, 1064991, Public distribution system, 0, 0, 0, 0, 0, 0, 25000, 25000
2015, RAJASTHAN, 8, TONK, 107, DEOLI, 1369, TODA KA GOTHARA, 42037, 1064991, Roads, 0, 0, 0, 0, 0, 0, 1154000, 1154000
2015, RAJASTHAN, 8, TONK, 107, DEOLI, 1369, TODA KA GOTHARA, 42037, 1064991, Sanitation, 0, 0, 0, 0, 0, 0, 85000, 85000
2015, RAJASTHAN, 8, TONK, 107, DEOLI, 1369, TODA KA GOTHARA, 42037, 1064991, Total, 0, 0, 0, 0, 0, 0, 1581000, 1581000
2015, RAJASTHAN, 8, TONK, 107, DEOLI, 1369, TOKARAWAS, 42038, 1059283, Roads, 0, 0, 0, 0, 0, 0, 955000, 955000
2015, RAJASTHAN, 8, TONK, 107, DEOLI, 1369, TOKARAWAS, 42038, 1059283, Total, 0, 0, 0, 0, 0, 0, 955000, 955000
2015, RAJASTHAN, 8, TONK, 107, MALPURA, 1370, ATOLI, 42039, 1032627, Roads, 0, 0, 0, 0, 0, 0, 600000, 600000
2015, RAJASTHAN, 8, TONK, 107, MALPURA, 1370, ATOLI, 42039, 1032627, Total, 0, 0, 0, 0, 0, 0, 600000, 600000
2015, RAJASTHAN, 8, TONK, 107, MALPURA, 1370, AWADA, 42040, 1059159, Roads, 0, 0, 0, 0, 0, 0, 1500000, 1500000
2015, RAJASTHAN, 8, TONK, 107, MALPURA, 1370, AWADA, 42040, 1059159, Total, 0, 0, 0, 0, 0, 0, 1500000, 1500000
2015, RAJASTHAN, 8, TONK, 107, MALPURA, 1370, BAROL, 42041, 1059163, Roads, 0, 0, 0, 0, 0, 0, 1000000, 1000000
2015, RAJASTHAN, 8, TONK, 107, MALPURA, 1370, BAROL, 42041, 1059163, Total, 0, 0, 0, 0, 0, 0, 1000000, 1000000
2015, RAJASTHAN, 8, TONK, 107, MALPURA, 1370, CHABRANA, 42042, 1032634, Roads, 0, 0, 0, 0, 0, 0, 900000, 900000
2015, RAJASTHAN, 8, TONK, 107, MALPURA, 1370, CHABRANA, 42042, 1032634, Total, 0, 0, 0, 0, 0, 0, 900000, 900000
2015, RAJASTHAN, 8, TONK, 107, MALPURA, 1370, CHAINPURA, 42043, 1027615, Drinking water, 0, 0, 0, 0, 0, 0, 453000, 453000
2015, RAJASTHAN, 8, TONK, 107, MALPURA, 1370, CHAINPURA, 42043, 1027615, Roads, 0, 0, 0, 0, 0, 0, 650000, 650000
2015, RAJASTHAN, 8, TONK, 107, MALPURA, 1370, CHAINPURA, 42043, 1027615, Sanitation, 0, 0, 0, 0, 0, 0, 48000, 48000
2015, RAJASTHAN, 8, TONK, 107, MALPURA, 1370, CHAINPURA, 42043, 1027615, Total, 0, 0, 0, 0, 0, 0, 1151000, 1151000
2015, RAJASTHAN, 8, TONK, 107, MALPURA, 1370, CHANDSEN, 42044, 1059165, Roads, 0, 0, 0, 0, 0, 0, 2000000, 2000000
2015, RAJASTHAN, 8, TONK, 107, MALPURA, 1370, CHANDSEN, 42044, 1059165, Total, 0, 0, 0, 0, 0, 0, 2000000, 2000000
2015, RAJASTHAN, 8, TONK, 107, MALPURA, 1370, CHANVANNDIA, 42045, 1027617, Drinking water, 0, 0, 0, 0, 0, 0, 247000, 247000
2015, RAJASTHAN, 8, TONK, 107, MALPURA, 1370, CHANVANNDIA, 42045, 1027617, Roads, 0, 0, 0, 0, 0, 0, 1000000, 1000000
2015, RAJASTHAN, 8, TONK, 107, MALPURA, 1370, CHANVANNDIA, 42045, 1027617, Total, 0, 0, 0, 0, 0, 0, 1247000, 1247000
2015, RAJASTHAN, 8, TONK, 107, MALPURA, 1370, DESMA, 42046, 1027620, Roads, 0, 0, 0, 0, 0, 0, 1132000, 1132000
2015, RAJASTHAN, 8, TONK, 107, MALPURA, 1370, DESMA, 42046, 1027620, Total, 0, 0, 0, 0, 0, 0, 1132000, 1132000
2015, RAJASTHAN, 8, TONK, 107, MALPURA, 1370, DEVEL, 42047, 1032638, Roads, 0, 0, 0, 0, 0, 0, 500000, 500000
2015, RAJASTHAN, 8, TONK, 107, MALPURA, 1370, DEVEL, 42047, 1032638, Total, 0, 0, 0, 0, 0, 0, 500000, 500000
2015, RAJASTHAN, 8, TONK, 107, MALPURA, 1370, DHOLI, 42048, 1027627, Roads, 0, 0, 0, 0, 0, 0, 1300000, 1300000
2015, RAJASTHAN, 8, TONK, 107, MALPURA, 1370, DHOLI, 42048, 1027627, Sanitation, 0, 0, 0, 0, 0, 0, 200000, 200000
2015, RAJASTHAN, 8, TONK, 107, MALPURA, 1370, DHOLI, 42048, 1027627, Total, 0, 0, 0, 0, 0, 0, 1500000, 1500000
2015, RAJASTHAN, 8, TONK, 107, MALPURA, 1370, DIGGI, 42049, 1027628, Roads, 0, 0, 0, 0, 0, 0, 2886000, 2886000
2015, RAJASTHAN, 8, TONK, 107, MALPURA, 1370, DIGGI, 42049, 1027628, Total, 0, 0, 0, 0, 0, 0, 2886000, 2886000
2015, RAJASTHAN, 8, TONK, 107, MALPURA, 1370, DUNGRI KALA, 42050, 1027631, Roads, 0, 0, 0, 0, 0, 0, 2000000, 2000000
2015, RAJASTHAN, 8, TONK, 107, MALPURA, 1370, DUNGRI KALA, 42050, 1027631, Total, 0, 0, 0, 0, 0, 0, 2000000, 2000000
2015, RAJASTHAN, 8, TONK, 107, MALPURA, 1370, GANWER, 42051, 1027634, Roads, 0, 0, 0, 0, 0, 0, 1500000, 1500000
2015, RAJASTHAN, 8, TONK, 107, MALPURA, 1370, GANWER, 42051, 1027634, Total, 0, 0, 0, 0, 0, 0, 1500000, 1500000
2015, RAJASTHAN, 8, TONK, 107, MALPURA, 1370, INDOLI, 42052, 1027635, Roads, 0, 0, 0, 0, 0, 0, 1300000, 1300000
2015, RAJASTHAN, 8, TONK, 107, MALPURA, 1370, INDOLI, 42052, 1027635, Total, 0, 0, 0, 0, 0, 0, 1300000, 1300000
2015, RAJASTHAN, 8, TONK, 107, MALPURA, 1370, JHADALI, 42053, 1027639, Roads, 0, 0, 0, 0, 0, 0, 1100000, 1100000
2015, RAJASTHAN, 8, TONK, 107, MALPURA, 1370, JHADALI, 42053, 1027639, Total, 0, 0, 0, 0, 0, 0, 1100000, 1100000
2015, RAJASTHAN, 8, TONK, 107, MALPURA, 1370, KACHOLIA, 42054, 1027667, Roads, 0, 0, 0, 0, 0, 0, 1012000, 1012000
2015, RAJASTHAN, 8, TONK, 107, MALPURA, 1370, KACHOLIA, 42054, 1027667, Sanitation, 0, 0, 0, 0, 0, 0, 103000, 103000
2015, RAJASTHAN, 8, TONK, 107, MALPURA, 1370, KACHOLIA, 42054, 1027667, Total, 0, 0, 0, 0, 0, 0, 1115000, 1115000
2015, RAJASTHAN, 8, TONK, 107, MALPURA, 1370, KADILA, 42055, 1032640, Roads, 0, 0, 0, 0, 0, 0, 650000, 650000
2015, RAJASTHAN, 8, TONK, 107, MALPURA, 1370, KADILA, 42055, 1032640, Total, 0, 0, 0, 0, 0, 0, 650000, 650000
2015, RAJASTHAN, 8, TONK, 107, MALPURA, 1370, KALMADA, 42056, 1027693, Roads, 0, 0, 0, 0, 0, 0, 698000, 698000
2015, RAJASTHAN, 8, TONK, 107, MALPURA, 1370, KALMADA, 42056, 1027693, Total, 0, 0, 0, 0, 0, 0, 698000, 698000
2015, RAJASTHAN, 8, TONK, 107, MALPURA, 1370, KANTOLI, 42057, 1027701, Roads, 0, 0, 0, 0, 0, 0, 1000000, 1000000
2015, RAJASTHAN, 8, TONK, 107, MALPURA, 1370, KANTOLI, 42057, 1027701, Total, 0, 0, 0, 0, 0, 0, 1000000, 1000000
2015, RAJASTHAN, 8, TONK, 107, MALPURA, 1370, KIRAWAL, 42058, 1059169, Roads, 0, 0, 0, 0, 0, 0, 700000, 700000
2015, RAJASTHAN, 8, TONK, 107, MALPURA, 1370, KIRAWAL, 42058, 1059169, Total, 0, 0, 0, 0, 0, 0, 700000, 700000
2015, RAJASTHAN, 8, TONK, 107, MALPURA, 1370, KURAD, 42059, 1027698, Roads, 0, 0, 0, 0, 0, 0, 800000, 800000
2015, RAJASTHAN, 8, TONK, 107, MALPURA, 1370, KURAD, 42059, 1027698, Total, 0, 0, 0, 0, 0, 0, 800000, 800000
2015, RAJASTHAN, 8, TONK, 107, MALPURA, 1370, LAMBAHARISING, 42060, 1031180, Roads, 0, 0, 0, 0, 0, 0, 1500000, 1500000
2015, RAJASTHAN, 8, TONK, 107, MALPURA, 1370, LAMBAHARISING, 42060, 1031180, Total, 0, 0, 0, 0, 0, 0, 1500000, 1500000
2015, RAJASTHAN, 8, TONK, 107, MALPURA, 1370, LAWA, 42061, 1031193, Roads, 0, 0, 0, 0, 0, 0, 2350000, 2350000
2015, RAJASTHAN, 8, TONK, 107, MALPURA, 1370, LAWA, 42061, 1031193, Total, 0, 0, 0, 0, 0, 0, 2350000, 2350000
2015, RAJASTHAN, 8, TONK, 107, MALPURA, 1370, MALIKPUR, 42062, 1031197, Roads, 0, 0, 0, 0, 0, 0, 875000, 875000
2015, RAJASTHAN, 8, TONK, 107, MALPURA, 1370, MALIKPUR, 42062, 1031197, Rural electrification, 0, 0, 0, 0, 0, 0, 115000, 115000
2015, RAJASTHAN, 8, TONK, 107, MALPURA, 1370, MALIKPUR, 42062, 1031197, Total, 0, 0, 0, 0, 0, 0, 990000, 990000
2015, RAJASTHAN, 8, TONK, 107, MALPURA, 1370, MORALA, 42063, 1031329, Roads, 0, 0, 0, 0, 0, 0, 1625000, 1625000
2015, RAJASTHAN, 8, TONK, 107, MALPURA, 1370, MORALA, 42063, 1031329, Rural housing, 0, 0, 0, 0, 0, 0, 725000, 725000
2015, RAJASTHAN, 8, TONK, 107, MALPURA, 1370, MORALA, 42063, 1031329, Total, 0, 0, 0, 0, 0, 0, 2350000, 2350000
2015, RAJASTHAN, 8, TONK, 107, MALPURA, 1370, NAGAR, 42064, 1059171, Roads, 0, 0, 0, 0, 0, 0, 500000, 500000
2015, RAJASTHAN, 8, TONK, 107, MALPURA, 1370, NAGAR, 42064, 1059171, Total, 0, 0, 0, 0, 0, 0, 500000, 500000
2015, RAJASTHAN, 8, TONK, 107, MALPURA, 1370, PACHEWAR, 42065, 1031334, Roads, 0, 0, 0, 0, 0, 0, 1250000, 1250000
2015, RAJASTHAN, 8, TONK, 107, MALPURA, 1370, PACHEWAR, 42065, 1031334, Rural electrification, 0, 0, 0, 0, 0, 0, 250000, 250000
2015, RAJASTHAN, 8, TONK, 107, MALPURA, 1370, PACHEWAR, 42065, 1031334, Total, 0, 0, 0, 0, 0, 0, 1500000, 1500000
2015, RAJASTHAN, 8, TONK, 107, MALPURA, 1370, PARLI, 42066, 1031386, Roads, 0, 0, 0, 0, 0, 0, 500000, 500000
2015, RAJASTHAN, 8, TONK, 107, MALPURA, 1370, PARLI, 42066, 1031386, Total, 0, 0, 0, 0, 0, 0, 500000, 500000
2015, RAJASTHAN, 8, TONK, 107, MALPURA, 1370, RAJPURA, 42067, 1032143, Roads, 0, 0, 0, 0, 0, 0, 3680000, 3680000
2015, RAJASTHAN, 8, TONK, 107, MALPURA, 1370, RAJPURA, 42067, 1032143, Total, 0, 0, 0, 0, 0, 0, 3680000, 3680000
2015, RAJASTHAN, 8, TONK, 107, MALPURA, 1370, RENDILIYA, 42068, 1032644, Roads, 0, 0, 0, 0, 0, 0, 2200000, 2200000
2015, RAJASTHAN, 8, TONK, 107, MALPURA, 1370, RENDILIYA, 42068, 1032644, Total, 0, 0, 0, 0, 0, 0, 2200000, 2200000
2015, RAJASTHAN, 8, TONK, 107, MALPURA, 1370, SINDOLIYA, 42069, 1032145, Roads, 0, 0, 0, 0, 0, 0, 800000, 800000
2015, RAJASTHAN, 8, TONK, 107, MALPURA, 1370, SINDOLIYA, 42069, 1032145, Total, 0, 0, 0, 0, 0, 0, 800000, 800000
2015, RAJASTHAN, 8, TONK, 107, MALPURA, 1370, SITARAMPURA, 42070, 1032148, Roads, 0, 0, 0, 0, 0, 0, 1300000, 1300000
2015, RAJASTHAN, 8, TONK, 107, MALPURA, 1370, SITARAMPURA, 42070, 1032148, Total, 0, 0, 0, 0, 0, 0, 1300000, 1300000
2015, RAJASTHAN, 8, TONK, 107, MALPURA, 1370, SODA, 42071, 1059175, Roads, 0, 0, 0, 0, 0, 0, 1200000, 1200000
2015, RAJASTHAN, 8, TONK, 107, MALPURA, 1370, SODA, 42071, 1059175, Total, 0, 0, 0, 0, 0, 0, 1200000, 1200000
2015, RAJASTHAN, 8, TONK, 107, MALPURA, 1370, SODABAWARI, 42072, 1059176, Roads, 0, 0, 0, 0, 0, 0, 555000, 555000
2015, RAJASTHAN, 8, TONK, 107, MALPURA, 1370, SODABAWARI, 42072, 1059176, Total, 0, 0, 0, 0, 0, 0, 555000, 555000
2015, RAJASTHAN, 8, TONK, 107, MALPURA, 1370, TILANJOO, 42073, 1032149, Roads, 0, 0, 0, 0, 0, 0, 600000, 600000
2015, RAJASTHAN, 8, TONK, 107, MALPURA, 1370, TILANJOO, 42073, 1032149, Total, 0, 0, 0, 0, 0, 0, 600000, 600000
2015, RAJASTHAN, 8, TONK, 107, MALPURA, 1370, TORDI, 42074, 1032649, Roads, 0, 0, 0, 0, 0, 0, 1050000, 1050000
2015, RAJASTHAN, 8, TONK, 107, MALPURA, 1370, TORDI, 42074, 1032649, Total, 0, 0, 0, 0, 0, 0, 1050000, 1050000
2015, RAJASTHAN, 8, TONK, 107, NEWAI, 1371, ARNIYA, 42075, 1031359, Roads, 0, 0, 0, 0, 0, 0, 1196000, 1196000
2015, RAJASTHAN, 8, TONK, 107, NEWAI, 1371, ARNIYA, 42075, 1031359, Total, 0, 0, 0, 0, 0, 0, 1196000, 1196000
2015, RAJASTHAN, 8, TONK, 107, NEWAI, 1371, BADA GAON, 42076, 1095600, Roads, 0, 0, 0, 0, 0, 0, 1750000, 1750000
2015, RAJASTHAN, 8, TONK, 107, NEWAI, 1371, BADA GAON, 42076, 1095600, Total, 0, 0, 0, 0, 0, 0, 1750000, 1750000
2015, RAJASTHAN, 8, TONK, 107, NEWAI, 1371, BAHAD, 42077, 1078493, Roads, 0, 0, 0, 0, 0, 0, 1000000, 1000000
2015, RAJASTHAN, 8, TONK, 107, NEWAI, 1371, BAHAD, 42077, 1078493, Total, 0, 0, 0, 0, 0, 0, 1000000, 1000000
2015, RAJASTHAN, 8, TONK, 107, NEWAI, 1371, BANASTHALI, 42078, 1031371, Roads, 0, 0, 0, 0, 0, 0, 750000, 750000
2015, RAJASTHAN, 8, TONK, 107, NEWAI, 1371, BANASTHALI, 42078, 1031371, Total, 0, 0, 0, 0, 0, 0, 750000, 750000
2015, RAJASTHAN, 8, TONK, 107, NEWAI, 1371, BARTHALA, 42079, 1078485, Roads, 0, 0, 0, 0, 0, 0, 1950000, 1950000
2015, RAJASTHAN, 8, TONK, 107, NEWAI, 1371, BARTHALA, 42079, 1078485, Total, 0, 0, 0, 0, 0, 0, 1950000, 1950000
2015, RAJASTHAN, 8, TONK, 107, NEWAI, 1371, BASSI, 42080, 1068230, Roads, 0, 0, 0, 0, 0, 0, 600000, 600000
2015, RAJASTHAN, 8, TONK, 107, NEWAI, 1371, BASSI, 42080, 1068230, Sanitation, 0, 0, 0, 0, 0, 0, 200000, 200000
2015, RAJASTHAN, 8, TONK, 107, NEWAI, 1371, BASSI, 42080, 1068230, Total, 0, 0, 0, 0, 0, 0, 800000, 800000
2015, RAJASTHAN, 8, TONK, 107, NEWAI, 1371, BIDOLI, 42081, 1078487, Roads, 0, 0, 0, 0, 0, 0, 1200000, 1200000
2015, RAJASTHAN, 8, TONK, 107, NEWAI, 1371, BIDOLI, 42081, 1078487, Total, 0, 0, 0, 0, 0, 0, 1200000, 1200000
2015, RAJASTHAN, 8, TONK, 107, NEWAI, 1371, CHAINPURA, 42082, 1068235, Drinking water, 0, 0, 0, 0, 0, 0, 60000, 60000
2015, RAJASTHAN, 8, TONK, 107, NEWAI, 1371, CHAINPURA, 42082, 1068235, Roads, 0, 0, 0, 0, 0, 0, 1000000, 1000000
2015, RAJASTHAN, 8, TONK, 107, NEWAI, 1371, CHAINPURA, 42082, 1068235, Total, 0, 0, 0, 0, 0, 0, 1060000, 1060000
2015, RAJASTHAN, 8, TONK, 107, NEWAI, 1371, CHANANI, 42083, 1068232, Roads, 0, 0, 0, 0, 0, 0, 1500000, 1500000
2015, RAJASTHAN, 8, TONK, 107, NEWAI, 1371, CHANANI, 42083, 1068232, Total, 0, 0, 0, 0, 0, 0, 1500000, 1500000
2015, RAJASTHAN, 8, TONK, 107, NEWAI, 1371, CHATURBHUJPURA, 42084, 1098017, Roads, 0, 0, 0, 0, 0, 0, 1500000, 1500000
2015, RAJASTHAN, 8, TONK, 107, NEWAI, 1371, CHATURBHUJPURA, 42084, 1098017, Total, 0, 0, 0, 0, 0, 0, 1500000, 1500000
2015, RAJASTHAN, 8, TONK, 107, NEWAI, 1371, DAHLOD, 42085, 1095601, Roads, 0, 0, 0, 0, 0, 0, 1700000, 1700000
2015, RAJASTHAN, 8, TONK, 107, NEWAI, 1371, DAHLOD, 42085, 1095601, Total, 0, 0, 0, 0, 0, 0, 1700000, 1700000
2015, RAJASTHAN, 8, TONK, 107, NEWAI, 1371, DANGARTHAL, 42086, 1095603, Roads, 0, 0, 0, 0, 0, 0, 4700000, 4700000
2015, RAJASTHAN, 8, TONK, 107, NEWAI, 1371, DANGARTHAL, 42086, 1095603, Total, 0, 0, 0, 0, 0, 0, 4700000, 4700000
2015, RAJASTHAN, 8, TONK, 107, NEWAI, 1371, DATWAS, 42087, 1097992, Roads, 0, 0, 0, 0, 0, 0, 910000, 910000
2015, RAJASTHAN, 8, TONK, 107, NEWAI, 1371, DATWAS, 42087, 1097992, Total, 0, 0, 0, 0, 0, 0, 910000, 910000
2015, RAJASTHAN, 8, TONK, 107, NEWAI, 1371, DHANI JUGALPURA, 42088, 1031347, Education, 0, 0, 0, 0, 0, 0, 50000, 50000
2015, RAJASTHAN, 8, TONK, 107, NEWAI, 1371, DHANI JUGALPURA, 42088, 1031347, Sanitation, 0, 0, 0, 0, 0, 0, 113000, 113000
2015, RAJASTHAN, 8, TONK, 107, NEWAI, 1371, DHANI JUGALPURA, 42088, 1031347, Total, 0, 0, 0, 0, 0, 0, 163000, 163000
2015, RAJASTHAN, 8, TONK, 107, NEWAI, 1371, GUNSI, 42089, 1097994, Drinking water, 0, 0, 0, 0, 0, 0, 200000, 200000
2015, RAJASTHAN, 8, TONK, 107, NEWAI, 1371, GUNSI, 42089, 1097994, Roads, 0, 0, 0, 0, 0, 0, 1300000, 1300000
2015, RAJASTHAN, 8, TONK, 107, NEWAI, 1371, GUNSI, 42089, 1097994, Total, 0, 0, 0, 0, 0, 0, 1500000, 1500000
2015, RAJASTHAN, 8, TONK, 107, NEWAI, 1371, HANOTIA BUJURG, 42090, 1068238, Roads, 0, 0, 0, 0, 0, 0, 4056000, 4056000
2015, RAJASTHAN, 8, TONK, 107, NEWAI, 1371, HANOTIA BUJURG, 42090, 1068238, Total, 0, 0, 0, 0, 0, 0, 4056000, 4056000
2015, RAJASTHAN, 8, TONK, 107, NEWAI, 1371, HINGONIA BUJURG, 42091, 1098014, Roads, 0, 0, 0, 0, 0, 0, 1500000, 1500000
2015, RAJASTHAN, 8, TONK, 107, NEWAI, 1371, HINGONIA BUJURG, 42091, 1098014, Total, 0, 0, 0, 0, 0, 0, 1500000, 1500000
2015, RAJASTHAN, 8, TONK, 107, NEWAI, 1371, JAMDOLI, 42092, 1093477, Education, 0, 0, 0, 0, 0, 0, 250000, 250000
2015, RAJASTHAN, 8, TONK, 107, NEWAI, 1371, JAMDOLI, 42092, 1093477, Roads, 0, 0, 0, 0, 0, 0, 1150000, 1150000
2015, RAJASTHAN, 8, TONK, 107, NEWAI, 1371, JAMDOLI, 42092, 1093477, Social welfare, 0, 0, 0, 0, 0, 0, 300000, 300000
2015, RAJASTHAN, 8, TONK, 107, NEWAI, 1371, JAMDOLI, 42092, 1093477, Total, 0, 0, 0, 0, 0, 0, 1700000, 1700000
2015, RAJASTHAN, 8, TONK, 107, NEWAI, 1371, JHILAI, 42093, 1078502, Roads, 0, 0, 0, 0, 0, 0, 1200000, 1200000
2015, RAJASTHAN, 8, TONK, 107, NEWAI, 1371, JHILAI, 42093, 1078502, Total, 0, 0, 0, 0, 0, 0, 1200000, 1200000
2015, RAJASTHAN, 8, TONK, 107, NEWAI, 1371, JODHPURIA, 42094, 1111612, Drinking water, 0, 0, 0, 0, 0, 0, 150000, 150000
2015, RAJASTHAN, 8, TONK, 107, NEWAI, 1371, JODHPURIA, 42094, 1111612, Roads, 0, 0, 0, 0, 0, 0, 1000000, 1000000
2015, RAJASTHAN, 8, TONK, 107, NEWAI, 1371, JODHPURIA, 42094, 1111612, Total, 0, 0, 0, 0, 0, 0, 1150000, 1150000
2015, RAJASTHAN, 8, TONK, 107, NEWAI, 1371, KAREDA BUJURG, 42095, 1068239, Drinking water, 0, 0, 0, 0, 0, 0, 100000, 100000
2015, RAJASTHAN, 8, TONK, 107, NEWAI, 1371, KAREDA BUJURG, 42095, 1068239, Roads, 0, 0, 0, 0, 0, 0, 400000, 400000
2015, RAJASTHAN, 8, TONK, 107, NEWAI, 1371, KAREDA BUJURG, 42095, 1068239, Social welfare, 0, 0, 0, 0, 0, 0, 400000, 400000
2015, RAJASTHAN, 8, TONK, 107, NEWAI, 1371, KAREDA BUJURG, 42095, 1068239, Total, 0, 0, 0, 0, 0, 0, 900000, 900000
2015, RAJASTHAN, 8, TONK, 107, NEWAI, 1371, KHANDAWA, 42096, 1078513, Roads, 0, 0, 0, 0, 0, 0, 1692000, 1692000
2015, RAJASTHAN, 8, TONK, 107, NEWAI, 1371, KHANDAWA, 42096, 1078513, Total, 0, 0, 0, 0, 0, 0, 1692000, 1692000
2015, RAJASTHAN, 8, TONK, 107, NEWAI, 1371, KHANDEWAT, 42097, 1078510, Roads, 0, 0, 0, 0, 0, 0, 833000, 833000
2015, RAJASTHAN, 8, TONK, 107, NEWAI, 1371, KHANDEWAT, 42097, 1078510, Total, 0, 0, 0, 0, 0, 0, 833000, 833000
2015, RAJASTHAN, 8, TONK, 107, NEWAI, 1371, KHIDGI, 42098, 1078520, Roads, 0, 0, 0, 0, 0, 0, 1000000, 1000000
2015, RAJASTHAN, 8, TONK, 107, NEWAI, 1371, KHIDGI, 42098, 1078520, Total, 0, 0, 0, 0, 0, 0, 1000000, 1000000
2015, RAJASTHAN, 8, TONK, 107, NEWAI, 1371, LALWARI, 42099, 1031363, Roads, 0, 0, 0, 0, 0, 0, 750000, 750000
2015, RAJASTHAN, 8, TONK, 107, NEWAI, 1371, LALWARI, 42099, 1031363, Total, 0, 0, 0, 0, 0, 0, 750000, 750000
2015, RAJASTHAN, 8, TONK, 107, NEWAI, 1371, LUHARA, 42100, 1097997, Roads, 0, 0, 0, 0, 0, 0, 3700000, 3700000
2015, RAJASTHAN, 8, TONK, 107, NEWAI, 1371, LUHARA, 42100, 1097997, Total, 0, 0, 0, 0, 0, 0, 3700000, 3700000
2015, RAJASTHAN, 8, TONK, 107, NEWAI, 1371, MUNDIA, 42101, 1097998, Drinking water, 0, 0, 0, 0, 0, 0, 100000, 100000
2015, RAJASTHAN, 8, TONK, 107, NEWAI, 1371, MUNDIA, 42101, 1097998, Roads, 0, 0, 0, 0, 0, 0, 700000, 700000
2015, RAJASTHAN, 8, TONK, 107, NEWAI, 1371, MUNDIA, 42101, 1097998, Sanitation, 0, 0, 0, 0, 0, 0, 300000, 300000
2015, RAJASTHAN, 8, TONK, 107, NEWAI, 1371, MUNDIA, 42101, 1097998, Social welfare, 0, 0, 0, 0, 0, 0, 100000, 100000
2015, RAJASTHAN, 8, TONK, 107, NEWAI, 1371, MUNDIA, 42101, 1097998, Total, 0, 0, 0, 0, 0, 0, 1200000, 1200000
2015, RAJASTHAN, 8, TONK, 107, NEWAI, 1371, NATWARA, 42102, 1031351, Roads, 0, 0, 0, 0, 0, 0, 250000, 250000
2015, RAJASTHAN, 8, TONK, 107, NEWAI, 1371, NATWARA, 42102, 1031351, Sanitation, 0, 0, 0, 0, 0, 0, 332000, 332000
2015, RAJASTHAN, 8, TONK, 107, NEWAI, 1371, NATWARA, 42102, 1031351, Total, 0, 0, 0, 0, 0, 0, 582000, 582000
2015, RAJASTHAN, 8, TONK, 107, NEWAI, 1371, NOHATA, 42103, 1098013, Roads, 0, 0, 0, 0, 0, 0, 1000000, 1000000
2015, RAJASTHAN, 8, TONK, 107, NEWAI, 1371, NOHATA, 42103, 1098013, Total, 0, 0, 0, 0, 0, 0, 1000000, 1000000
2015, RAJASTHAN, 8, TONK, 107, NEWAI, 1371, PAHADI, 42104, 1095604, Roads, 0, 0, 0, 0, 0, 0, 1800000, 1800000
2015, RAJASTHAN, 8, TONK, 107, NEWAI, 1371, PAHADI, 42104, 1095604, Total, 0, 0, 0, 0, 0, 0, 1800000, 1800000
2015, RAJASTHAN, 8, TONK, 107, NEWAI, 1371, PALAI, 42105, 1097999, Drinking water, 0, 0, 0, 0, 0, 0, 100000, 100000
2015, RAJASTHAN, 8, TONK, 107, NEWAI, 1371, PALAI, 42105, 1097999, Family welfare, 0, 0, 0, 0, 0, 0, 200000, 200000
2015, RAJASTHAN, 8, TONK, 107, NEWAI, 1371, PALAI, 42105, 1097999, Maintenance of community system, 0, 0, 0, 0, 0, 0, 500000, 500000
2015, RAJASTHAN, 8, TONK, 107, NEWAI, 1371, PALAI, 42105, 1097999, Roads, 0, 0, 0, 0, 0, 0, 200000, 200000
2015, RAJASTHAN, 8, TONK, 107, NEWAI, 1371, PALAI, 42105, 1097999, Sanitation, 0, 0, 0, 0, 0, 0, 500000, 500000
2015, RAJASTHAN, 8, TONK, 107, NEWAI, 1371, PALAI, 42105, 1097999, Total, 0, 0, 0, 0, 0, 0, 1500000, 1500000
2015, RAJASTHAN, 8, TONK, 107, NEWAI, 1371, RAHOLI, 42106, 1093478, Drinking water, 0, 0, 0, 0, 0, 0, 300000, 300000
2015, RAJASTHAN, 8, TONK, 107, NEWAI, 1371, RAHOLI, 42106, 1093478, Social welfare, 0, 0, 0, 0, 0, 0, 850000, 850000
2015, RAJASTHAN, 8, TONK, 107, NEWAI, 1371, RAHOLI, 42106, 1093478, Total, 0, 0, 0, 0, 0, 0, 1150000, 1150000
2015, RAJASTHAN, 8, TONK, 107, NEWAI, 1371, RAJWAS, 42107, 1031368, Drinking water, 0, 0, 0, 0, 0, 0, 180000, 180000
2015, RAJASTHAN, 8, TONK, 107, NEWAI, 1371, RAJWAS, 42107, 1031368, Roads, 0, 0, 0, 0, 0, 0, 500000, 500000
2015, RAJASTHAN, 8, TONK, 107, NEWAI, 1371, RAJWAS, 42107, 1031368, Total, 0, 0, 0, 0, 0, 0, 680000, 680000
2015, RAJASTHAN, 8, TONK, 107, NEWAI, 1371, SADARIYA KHURD, 42108, 1098003, Drinking water, 0, 0, 0, 0, 0, 0, 500000, 500000
2015, RAJASTHAN, 8, TONK, 107, NEWAI, 1371, SADARIYA KHURD, 42108, 1098003, Roads, 0, 0, 0, 0, 0, 0, 800000, 800000
2015, RAJASTHAN, 8, TONK, 107, NEWAI, 1371, SADARIYA KHURD, 42108, 1098003, Sanitation, 0, 0, 0, 0, 0, 0, 100000, 100000
2015, RAJASTHAN, 8, TONK, 107, NEWAI, 1371, SADARIYA KHURD, 42108, 1098003, Total, 0, 0, 0, 0, 0, 0, 1400000, 1400000
2015, RAJASTHAN, 8, TONK, 107, NEWAI, 1371, SEENDRA, 42109, 1098914, Roads, 0, 0, 0, 0, 0, 0, 1100000, 1100000
2015, RAJASTHAN, 8, TONK, 107, NEWAI, 1371, SEENDRA, 42109, 1098914, Total, 0, 0, 0, 0, 0, 0, 1100000, 1100000
2015, RAJASTHAN, 8, TONK, 107, NEWAI, 1371, SENDRA 98, 42110, 1098005, Roads, 0, 0, 0, 0, 0, 0, 2500000, 2500000
2015, RAJASTHAN, 8, TONK, 107, NEWAI, 1371, SENDRA 98, 42110, 1098005, Total, 0, 0, 0, 0, 0, 0, 2500000, 2500000
2015, RAJASTHAN, 8, TONK, 107, NEWAI, 1371, SHRI RAMPURA, 42111, 1093482, Roads, 0, 0, 0, 0, 0, 0, 2260000, 2260000
2015, RAJASTHAN, 8, TONK, 107, NEWAI, 1371, SHRI RAMPURA, 42111, 1093482, Total, 0, 0, 0, 0, 0, 0, 2260000, 2260000
2015, RAJASTHAN, 8, TONK, 107, NEWAI, 1371, SIRAS, 42112, 1031354, Maintenance of community system, 0, 0, 0, 0, 0, 0, 40000, 40000
2015, RAJASTHAN, 8, TONK, 107, NEWAI, 1371, SIRAS, 42112, 1031354, Roads, 0, 0, 0, 0, 0, 0, 7400000, 7400000
2015, RAJASTHAN, 8, TONK, 107, NEWAI, 1371, SIRAS, 42112, 1031354, Total, 0, 0, 0, 0, 0, 0, 7440000, 7440000
2015, RAJASTHAN, 8, TONK, 107, NEWAI, 1371, SIROHI, 42113, 1098002, Drinking water, 0, 0, 0, 0, 0, 0, 50000, 50000
2015, RAJASTHAN, 8, TONK, 107, NEWAI, 1371, SIROHI, 42113, 1098002, Education, 0, 0, 0, 0, 0, 0, 150000, 150000
2015, RAJASTHAN, 8, TONK, 107, NEWAI, 1371, SIROHI, 42113, 1098002, Maintenance of community system, 0, 0, 0, 0, 0, 0, 500000, 500000
2015, RAJASTHAN, 8, TONK, 107, NEWAI, 1371, SIROHI, 42113, 1098002, Roads, 0, 0, 0, 0, 0, 0, 1191000, 1191000
2015, RAJASTHAN, 8, TONK, 107, NEWAI, 1371, SIROHI, 42113, 1098002, Total, 0, 0, 0, 0, 0, 0, 1891000, 1891000
2015, RAJASTHAN, 8, TONK, 107, NEWAI, 1371, SUNARA, 42114, 1098010, Roads, 0, 0, 0, 0, 0, 0, 1000000, 1000000
2015, RAJASTHAN, 8, TONK, 107, NEWAI, 1371, SUNARA, 42114, 1098010, Total, 0, 0, 0, 0, 0, 0, 1000000, 1000000
2015, RAJASTHAN, 8, TONK, 107, NEWAI, 1371, TURKIYA, 42115, 1098012, Roads, 0, 0, 0, 0, 0, 0, 1400000, 1400000
2015, RAJASTHAN, 8, TONK, 107, NEWAI, 1371, TURKIYA, 42115, 1098012, Total, 0, 0, 0, 0, 0, 0, 1400000, 1400000
2015, RAJASTHAN, 8, TONK, 107, TODARAISINGH, 1372, ALYARI, 42116, 1031325, Health, 0, 0, 0, 0, 0, 0, 400000, 400000
2015, RAJASTHAN, 8, TONK, 107, TODARAISINGH, 1372, ALYARI, 42116, 1031325, Roads, 0, 0, 0, 0, 0, 0, 680000, 680000
2015, RAJASTHAN, 8, TONK, 107, TODARAISINGH, 1372, ALYARI, 42116, 1031325, Total, 0, 0, 0, 0, 0, 0, 1080000, 1080000
2015, RAJASTHAN, 8, TONK, 107, TODARAISINGH, 1372, BARWAS, 42117, 1020154, Roads, 0, 0, 0, 0, 0, 0, 370000, 370000
2015, RAJASTHAN, 8, TONK, 107, TODARAISINGH, 1372, BARWAS, 42117, 1020154, Total, 0, 0, 0, 0, 0, 0, 370000, 370000
2015, RAJASTHAN, 8, TONK, 107, TODARAISINGH, 1372, BASERA, 42118, 1020156, Health, 0, 0, 0, 0, 0, 0, 1100000, 1100000
2015, RAJASTHAN, 8, TONK, 107, TODARAISINGH, 1372, BASERA, 42118, 1020156, Roads, 0, 0, 0, 0, 0, 0, 400000, 400000
2015, RAJASTHAN, 8, TONK, 107, TODARAISINGH, 1372, BASERA, 42118, 1020156, Total, 0, 0, 0, 0, 0, 0, 1500000, 1500000
2015, RAJASTHAN, 8, TONK, 107, TODARAISINGH, 1372, BASSI, 42119, 1078435, Health, 0, 0, 0, 0, 0, 0, 300000, 300000
2015, RAJASTHAN, 8, TONK, 107, TODARAISINGH, 1372, BASSI, 42119, 1078435, Roads, 0, 0, 0, 0, 0, 0, 250000, 250000
2015, RAJASTHAN, 8, TONK, 107, TODARAISINGH, 1372, BASSI, 42119, 1078435, Total, 0, 0, 0, 0, 0, 0, 550000, 550000
2015, RAJASTHAN, 8, TONK, 107, TODARAISINGH, 1372, BAWARI, 42120, 1020157, Health, 0, 0, 0, 0, 0, 0, 300000, 300000
2015, RAJASTHAN, 8, TONK, 107, TODARAISINGH, 1372, BAWARI, 42120, 1020157, Roads, 0, 0, 0, 0, 0, 0, 400000, 400000
2015, RAJASTHAN, 8, TONK, 107, TODARAISINGH, 1372, BAWARI, 42120, 1020157, Total, 0, 0, 0, 0, 0, 0, 700000, 700000
2015, RAJASTHAN, 8, TONK, 107, TODARAISINGH, 1372, BHANSU, 42121, 1030966, Roads, 0, 0, 0, 0, 0, 0, 150000, 150000
2015, RAJASTHAN, 8, TONK, 107, TODARAISINGH, 1372, BHANSU, 42121, 1030966, Sanitation, 0, 0, 0, 0, 0, 0, 390000, 390000
2015, RAJASTHAN, 8, TONK, 107, TODARAISINGH, 1372, BHANSU, 42121, 1030966, Total, 0, 0, 0, 0, 0, 0, 540000, 540000
2015, RAJASTHAN, 8, TONK, 107, TODARAISINGH, 1372, BHANWETA, 42122, 1030964, Roads, 0, 0, 0, 0, 0, 0, 1875000, 1875000
2015, RAJASTHAN, 8, TONK, 107, TODARAISINGH, 1372, BHANWETA, 42122, 1030964, Sanitation, 0, 0, 0, 0, 0, 0, 140000, 140000
2015, RAJASTHAN, 8, TONK, 107, TODARAISINGH, 1372, BHANWETA, 42122, 1030964, Total, 0, 0, 0, 0, 0, 0, 2015000, 2015000
2015, RAJASTHAN, 8, TONK, 107, TODARAISINGH, 1372, BOTUNDA, 42123, 1020160, Roads, 0, 0, 0, 0, 0, 0, 990000, 990000
2015, RAJASTHAN, 8, TONK, 107, TODARAISINGH, 1372, BOTUNDA, 42123, 1020160, Total, 0, 0, 0, 0, 0, 0, 990000, 990000
2015, RAJASTHAN, 8, TONK, 107, TODARAISINGH, 1372, CHANBASSURIYA, 42124, 1031163, Roads, 0, 0, 0, 0, 0, 0, 750000, 750000
2015, RAJASTHAN, 8, TONK, 107, TODARAISINGH, 1372, CHANBASSURIYA, 42124, 1031163, Total, 0, 0, 0, 0, 0, 0, 750000, 750000
2015, RAJASTHAN, 8, TONK, 107, TODARAISINGH, 1372, DABAD DUAMBA, 42125, 1031172, Roads, 0, 0, 0, 0, 0, 0, 870000, 870000
2015, RAJASTHAN, 8, TONK, 107, TODARAISINGH, 1372, DABAD DUAMBA, 42125, 1031172, Sanitation, 0, 0, 0, 0, 0, 0, 30000, 30000
2015, RAJASTHAN, 8, TONK, 107, TODARAISINGH, 1372, DABAD DUAMBA, 42125, 1031172, Total, 0, 0, 0, 0, 0, 0, 900000, 900000
2015, RAJASTHAN, 8, TONK, 107, TODARAISINGH, 1372, DATOB, 42126, 1031210, Roads, 0, 0, 0, 0, 0, 0, 50000, 50000
2015, RAJASTHAN, 8, TONK, 107, TODARAISINGH, 1372, DATOB, 42126, 1031210, Sanitation, 0, 0, 0, 0, 0, 0, 800000, 800000
2015, RAJASTHAN, 8, TONK, 107, TODARAISINGH, 1372, DATOB, 42126, 1031210, Total, 0, 0, 0, 0, 0, 0, 850000, 850000
2015, RAJASTHAN, 8, TONK, 107, TODARAISINGH, 1372, GANETTI, 42127, 1032545, Roads, 0, 0, 0, 0, 0, 0, 1050000, 1050000
2015, RAJASTHAN, 8, TONK, 107, TODARAISINGH, 1372, GANETTI, 42127, 1032545, Total, 0, 0, 0, 0, 0, 0, 1050000, 1050000
2015, RAJASTHAN, 8, TONK, 107, TODARAISINGH, 1372, GOPALPURA, 42128, 1032510, Roads, 0, 0, 0, 0, 0, 0, 750000, 750000
2015, RAJASTHAN, 8, TONK, 107, TODARAISINGH, 1372, GOPALPURA, 42128, 1032510, Total, 0, 0, 0, 0, 0, 0, 750000, 750000
2015, RAJASTHAN, 8, TONK, 107, TODARAISINGH, 1372, HAMIRPUR, 42129, 1078440, Health, 0, 0, 0, 0, 0, 0, 300000, 300000
2015, RAJASTHAN, 8, TONK, 107, TODARAISINGH, 1372, HAMIRPUR, 42129, 1078440, Roads, 0, 0, 0, 0, 0, 0, 500000, 500000
2015, RAJASTHAN, 8, TONK, 107, TODARAISINGH, 1372, HAMIRPUR, 42129, 1078440, Total, 0, 0, 0, 0, 0, 0, 800000, 800000
2015, RAJASTHAN, 8, TONK, 107, TODARAISINGH, 1372, INDOKIYA, 42130, 1020102, Roads, 0, 0, 0, 0, 0, 0, 2000000, 2000000
2015, RAJASTHAN, 8, TONK, 107, TODARAISINGH, 1372, INDOKIYA, 42130, 1020102, Total, 0, 0, 0, 0, 0, 0, 2000000, 2000000
2015, RAJASTHAN, 8, TONK, 107, TODARAISINGH, 1372, KANWARAWAS, 42131, 1020163, Roads, 0, 0, 0, 0, 0, 0, 500000, 500000
2015, RAJASTHAN, 8, TONK, 107, TODARAISINGH, 1372, KANWARAWAS, 42131, 1020163, Total, 0, 0, 0, 0, 0, 0, 500000, 500000
2015, RAJASTHAN, 8, TONK, 107, TODARAISINGH, 1372, KHARADA, 42132, 1020082, Roads, 0, 0, 0, 0, 0, 0, 400000, 400000
2015, RAJASTHAN, 8, TONK, 107, TODARAISINGH, 1372, KHARADA, 42132, 1020082, Sanitation, 0, 0, 0, 0, 0, 0, 250000, 250000
2015, RAJASTHAN, 8, TONK, 107, TODARAISINGH, 1372, KHARADA, 42132, 1020082, Total, 0, 0, 0, 0, 0, 0, 650000, 650000
2015, RAJASTHAN, 8, TONK, 107, TODARAISINGH, 1372, KUHADABUJURG, 42133, 1090222, Health, 0, 0, 0, 0, 0, 0, 300000, 300000
2015, RAJASTHAN, 8, TONK, 107, TODARAISINGH, 1372, KUHADABUJURG, 42133, 1090222, Sanitation, 0, 0, 0, 0, 0, 0, 300000, 300000
2015, RAJASTHAN, 8, TONK, 107, TODARAISINGH, 1372, KUHADABUJURG, 42133, 1090222, Total, 0, 0, 0, 0, 0, 0, 600000, 600000
2015, RAJASTHAN, 8, TONK, 107, TODARAISINGH, 1372, KUKKAD, 42134, 1020165, Roads, 0, 0, 0, 0, 0, 0, 1200000, 1200000
2015, RAJASTHAN, 8, TONK, 107, TODARAISINGH, 1372, KUKKAD, 42134, 1020165, Sanitation, 0, 0, 0, 0, 0, 0, 231000, 231000
2015, RAJASTHAN, 8, TONK, 107, TODARAISINGH, 1372, KUKKAD, 42134, 1020165, Total, 0, 0, 0, 0, 0, 0, 1431000, 1431000
2015, RAJASTHAN, 8, TONK, 107, TODARAISINGH, 1372, LAMBA KALA, 42135, 1032537, Health, 0, 0, 0, 0, 0, 0, 200000, 200000
2015, RAJASTHAN, 8, TONK, 107, TODARAISINGH, 1372, LAMBA KALA, 42135, 1032537, Roads, 0, 0, 0, 0, 0, 0, 400000, 400000
2015, RAJASTHAN, 8, TONK, 107, TODARAISINGH, 1372, LAMBA KALA, 42135, 1032537, Total, 0, 0, 0, 0, 0, 0, 600000, 600000
2015, RAJASTHAN, 8, TONK, 107, TODARAISINGH, 1372, LAXMIPURA, 42136, 1032528, Health, 0, 0, 0, 0, 0, 0, 150000, 150000
2015, RAJASTHAN, 8, TONK, 107, TODARAISINGH, 1372, LAXMIPURA, 42136, 1032528, Roads, 0, 0, 0, 0, 0, 0, 400000, 400000
2015, RAJASTHAN, 8, TONK, 107, TODARAISINGH, 1372, LAXMIPURA, 42136, 1032528, Sanitation, 0, 0, 0, 0, 0, 0, 250000, 250000
2015, RAJASTHAN, 8, TONK, 107, TODARAISINGH, 1372, LAXMIPURA, 42136, 1032528, Social welfare, 0, 0, 0, 0, 0, 0, 250000, 250000
2015, RAJASTHAN, 8, TONK, 107, TODARAISINGH, 1372, LAXMIPURA, 42136, 1032528, Total, 0, 0, 0, 0, 0, 0, 1050000, 1050000
2015, RAJASTHAN, 8, TONK, 107, TODARAISINGH, 1372, MANDOLAI, 42137, 1078445, Sanitation, 0, 0, 0, 0, 0, 0, 500000, 500000
2015, RAJASTHAN, 8, TONK, 107, TODARAISINGH, 1372, MANDOLAI, 42137, 1078445, Total, 0, 0, 0, 0, 0, 0, 500000, 500000
2015, RAJASTHAN, 8, TONK, 107, TODARAISINGH, 1372, MEHRU, 42138, 1030941, Agriculture, 0, 0, 0, 0, 0, 0, 1000000, 1000000
2015, RAJASTHAN, 8, TONK, 107, TODARAISINGH, 1372, MEHRU, 42138, 1030941, Health, 0, 0, 0, 0, 0, 0, 50000, 50000
2015, RAJASTHAN, 8, TONK, 107, TODARAISINGH, 1372, MEHRU, 42138, 1030941, Roads, 0, 0, 0, 0, 0, 0, 1050000, 1050000
2015, RAJASTHAN, 8, TONK, 107, TODARAISINGH, 1372, MEHRU, 42138, 1030941, Sanitation, 0, 0, 0, 0, 0, 0, 600000, 600000
2015, RAJASTHAN, 8, TONK, 107, TODARAISINGH, 1372, MEHRU, 42138, 1030941, Total, 0, 0, 0, 0, 0, 0, 2700000, 2700000
2015, RAJASTHAN, 8, TONK, 107, TODARAISINGH, 1372, MOR  BHATIAN, 42140, 1020167, Roads, 0, 0, 0, 0, 0, 0, 300000, 300000
2015, RAJASTHAN, 8, TONK, 107, TODARAISINGH, 1372, MOR  BHATIAN, 42140, 1020167, Total, 0, 0, 0, 0, 0, 0, 300000, 300000
2015, RAJASTHAN, 8, TONK, 107, TODARAISINGH, 1372, MOR, 42139, 1020166, Sanitation, 0, 0, 0, 0, 0, 0, 390000, 390000
2015, RAJASTHAN, 8, TONK, 107, TODARAISINGH, 1372, MOR, 42139, 1020166, Total, 0, 0, 0, 0, 0, 0, 390000, 390000
2015, RAJASTHAN, 8, TONK, 107, TODARAISINGH, 1372, MUNDIA KALA, 42141, 1030952, Drinking water, 0, 0, 0, 0, 0, 0, 325000, 325000
2015, RAJASTHAN, 8, TONK, 107, TODARAISINGH, 1372, MUNDIA KALA, 42141, 1030952, Roads, 0, 0, 0, 0, 0, 0, 887000, 887000
2015, RAJASTHAN, 8, TONK, 107, TODARAISINGH, 1372, MUNDIA KALA, 42141, 1030952, Sanitation, 0, 0, 0, 0, 0, 0, 250000, 250000
2015, RAJASTHAN, 8, TONK, 107, TODARAISINGH, 1372, MUNDIA KALA, 42141, 1030952, Total, 0, 0, 0, 0, 0, 0, 1462000, 1462000
2015, RAJASTHAN, 8, TONK, 107, TODARAISINGH, 1372, PANWALIYA, 42142, 1030972, Maintenance of community system, 0, 0, 0, 0, 0, 0, 50000, 50000
2015, RAJASTHAN, 8, TONK, 107, TODARAISINGH, 1372, PANWALIYA, 42142, 1030972, Roads, 0, 0, 0, 0, 0, 0, 250000, 250000
2015, RAJASTHAN, 8, TONK, 107, TODARAISINGH, 1372, PANWALIYA, 42142, 1030972, Total, 0, 0, 0, 0, 0, 0, 300000, 300000
2015, RAJASTHAN, 8, TONK, 107, TODARAISINGH, 1372, RINDILIYA RAMPURA, 42143, 1031003, Drinking water, 0, 0, 0, 0, 0, 0, 105000, 105000
2015, RAJASTHAN, 8, TONK, 107, TODARAISINGH, 1372, RINDILIYA RAMPURA, 42143, 1031003, Roads, 0, 0, 0, 0, 0, 0, 885000, 885000
2015, RAJASTHAN, 8, TONK, 107, TODARAISINGH, 1372, RINDILIYA RAMPURA, 42143, 1031003, Sanitation, 0, 0, 0, 0, 0, 0, 200000, 200000
2015, RAJASTHAN, 8, TONK, 107, TODARAISINGH, 1372, RINDILIYA RAMPURA, 42143, 1031003, Total, 0, 0, 0, 0, 0, 0, 1190000, 1190000
2015, RAJASTHAN, 8, TONK, 107, TODARAISINGH, 1372, SANWARIA, 42144, 1031010, Drinking water, 0, 0, 0, 0, 0, 0, 100000, 100000
2015, RAJASTHAN, 8, TONK, 107, TODARAISINGH, 1372, SANWARIA, 42144, 1031010, Roads, 0, 0, 0, 0, 0, 0, 900000, 900000
2015, RAJASTHAN, 8, TONK, 107, TODARAISINGH, 1372, SANWARIA, 42144, 1031010, Total, 0, 0, 0, 0, 0, 0, 1000000, 1000000
2015, RAJASTHAN, 8, TONK, 107, TODARAISINGH, 1372, THADOLI, 42145, 1030959, Roads, 0, 0, 0, 0, 0, 0, 400000, 400000
2015, RAJASTHAN, 8, TONK, 107, TODARAISINGH, 1372, THADOLI, 42145, 1030959, Total, 0, 0, 0, 0, 0, 0, 400000, 400000
2015, RAJASTHAN, 8, TONK, 107, TODARAISINGH, 1372, UNIAIRA KHURD, 42146, 1031323, Health, 0, 0, 0, 0, 0, 0, 500000, 500000
2015, RAJASTHAN, 8, TONK, 107, TODARAISINGH, 1372, UNIAIRA KHURD, 42146, 1031323, Roads, 0, 0, 0, 0, 0, 0, 500000, 500000
2015, RAJASTHAN, 8, TONK, 107, TODARAISINGH, 1372, UNIAIRA KHURD, 42146, 1031323, Total, 0, 0, 0, 0, 0, 0, 1000000, 1000000
2015, RAJASTHAN, 8, TONK, 107, TONK, 1373, ARNIYA KADAR, 42147, 1053273, Maintenance of community system, 0, 0, 0, 0, 0, 0, 200000, 200000
2015, RAJASTHAN, 8, TONK, 107, TONK, 1373, ARNIYA KADAR, 42147, 1053273, Roads, 0, 0, 0, 0, 0, 0, 1000000, 1000000
2015, RAJASTHAN, 8, TONK, 107, TONK, 1373, ARNIYA KADAR, 42147, 1053273, Total, 0, 0, 0, 0, 0, 0, 1200000, 1200000
2015, RAJASTHAN, 8, TONK, 107, TONK, 1373, ARNIYA MAL, 42148, 1053276, Drinking water, 0, 0, 0, 0, 0, 0, 269000, 269000
2015, RAJASTHAN, 8, TONK, 107, TONK, 1373, ARNIYA MAL, 42148, 1053276, Health, 0, 0, 0, 0, 0, 0, 200000, 200000
2015, RAJASTHAN, 8, TONK, 107, TONK, 1373, ARNIYA MAL, 42148, 1053276, Roads, 0, 0, 0, 0, 0, 0, 400000, 400000
2015, RAJASTHAN, 8, TONK, 107, TONK, 1373, ARNIYA MAL, 42148, 1053276, Total, 0, 0, 0, 0, 0, 0, 869000, 869000
2015, RAJASTHAN, 8, TONK, 107, TONK, 1373, BAGADWA, 42149, 1027235, Roads, 0, 0, 0, 0, 0, 0, 1250000, 1250000
2015, RAJASTHAN, 8, TONK, 107, TONK, 1373, BAGADWA, 42149, 1027235, Total, 0, 0, 0, 0, 0, 0, 1250000, 1250000
2015, RAJASTHAN, 8, TONK, 107, TONK, 1373, BAGARI, 42150, 1027231, Drinking water, 0, 0, 0, 0, 0, 0, 550000, 550000
2015, RAJASTHAN, 8, TONK, 107, TONK, 1373, BAGARI, 42150, 1027231, Sanitation, 0, 0, 0, 0, 0, 0, 246000, 246000
2015, RAJASTHAN, 8, TONK, 107, TONK, 1373, BAGARI, 42150, 1027231, Total, 0, 0, 0, 0, 0, 0, 796000, 796000
2015, RAJASTHAN, 8, TONK, 107, TONK, 1373, BAMOR, 42151, 1027221, Roads, 0, 0, 0, 0, 0, 0, 1985000, 1985000
2015, RAJASTHAN, 8, TONK, 107, TONK, 1373, BAMOR, 42151, 1027221, Total, 0, 0, 0, 0, 0, 0, 1985000, 1985000
2015, RAJASTHAN, 8, TONK, 107, TONK, 1373, BANWARA, 42152, 1027230, Roads, 0, 0, 0, 0, 0, 0, 750000, 750000
2015, RAJASTHAN, 8, TONK, 107, TONK, 1373, BANWARA, 42152, 1027230, Total, 0, 0, 0, 0, 0, 0, 750000, 750000
2015, RAJASTHAN, 8, TONK, 107, TONK, 1373, BARONI, 42153, 1027223, Roads, 0, 0, 0, 0, 0, 0, 850000, 850000
2015, RAJASTHAN, 8, TONK, 107, TONK, 1373, BARONI, 42153, 1027223, Social welfare, 0, 0, 0, 0, 0, 0, 56000, 56000
2015, RAJASTHAN, 8, TONK, 107, TONK, 1373, BARONI, 42153, 1027223, Total, 0, 0, 0, 0, 0, 0, 906000, 906000
2015, RAJASTHAN, 8, TONK, 107, TONK, 1373, BHARNI, 42154, 1060486, Drinking water, 0, 0, 0, 0, 0, 0, 160000, 160000
2015, RAJASTHAN, 8, TONK, 107, TONK, 1373, BHARNI, 42154, 1060486, Roads, 0, 0, 0, 0, 0, 0, 700000, 700000
2015, RAJASTHAN, 8, TONK, 107, TONK, 1373, BHARNI, 42154, 1060486, Total, 0, 0, 0, 0, 0, 0, 860000, 860000
2015, RAJASTHAN, 8, TONK, 107, TONK, 1373, BORKHANDI KALAN, 42155, 1027228, Roads, 0, 0, 0, 0, 0, 0, 1200000, 1200000
2015, RAJASTHAN, 8, TONK, 107, TONK, 1373, BORKHANDI KALAN, 42155, 1027228, Total, 0, 0, 0, 0, 0, 0, 1200000, 1200000
2015, RAJASTHAN, 8, TONK, 107, TONK, 1373, CHANDLAI, 42156, 1060490, Roads, 0, 0, 0, 0, 0, 0, 1150000, 1150000
2015, RAJASTHAN, 8, TONK, 107, TONK, 1373, CHANDLAI, 42156, 1060490, Total, 0, 0, 0, 0, 0, 0, 1150000, 1150000
2015, RAJASTHAN, 8, TONK, 107, TONK, 1373, CHHAN, 42157, 1049626, Drinking water, 0, 0, 0, 0, 0, 0, 250000, 250000
2015, RAJASTHAN, 8, TONK, 107, TONK, 1373, CHHAN, 42157, 1049626, Public distribution system, 0, 0, 0, 0, 0, 0, 250000, 250000
2015, RAJASTHAN, 8, TONK, 107, TONK, 1373, CHHAN, 42157, 1049626, Roads, 0, 0, 0, 0, 0, 0, 250000, 250000
2015, RAJASTHAN, 8, TONK, 107, TONK, 1373, CHHAN, 42157, 1049626, Sanitation, 0, 0, 0, 0, 0, 0, 250000, 250000
2015, RAJASTHAN, 8, TONK, 107, TONK, 1373, CHHAN, 42157, 1049626, Total, 0, 0, 0, 0, 0, 0, 1250000, 1250000
2015, RAJASTHAN, 8, TONK, 107, TONK, 1373, CHHAN, 42157, 1049626, Welfare of the weaker sections, 0, 0, 0, 0, 0, 0, 250000, 250000
2015, RAJASTHAN, 8, TONK, 107, TONK, 1373, CHOGAI, 42158, 1053221, Drinking water, 0, 0, 0, 0, 0, 0, 105000, 105000
2015, RAJASTHAN, 8, TONK, 107, TONK, 1373, CHOGAI, 42158, 1053221, Roads, 0, 0, 0, 0, 0, 0, 1090000, 1090000
2015, RAJASTHAN, 8, TONK, 107, TONK, 1373, CHOGAI, 42158, 1053221, Total, 0, 0, 0, 0, 0, 0, 1195000, 1195000
2015, RAJASTHAN, 8, TONK, 107, TONK, 1373, DAKHIYA, 42159, 1059093, Public distribution system, 0, 0, 0, 0, 0, 0, 250000, 250000
2015, RAJASTHAN, 8, TONK, 107, TONK, 1373, DAKHIYA, 42159, 1059093, Roads, 0, 0, 0, 0, 0, 0, 400000, 400000
2015, RAJASTHAN, 8, TONK, 107, TONK, 1373, DAKHIYA, 42159, 1059093, Total, 0, 0, 0, 0, 0, 0, 650000, 650000
2015, RAJASTHAN, 8, TONK, 107, TONK, 1373, DARDA HIND, 42160, 1053219, Agriculture, 0, 0, 0, 0, 0, 0, 200000, 200000
2015, RAJASTHAN, 8, TONK, 107, TONK, 1373, DARDA HIND, 42160, 1053219, Public distribution system, 0, 0, 0, 0, 0, 0, 500000, 500000
2015, RAJASTHAN, 8, TONK, 107, TONK, 1373, DARDA HIND, 42160, 1053219, Roads, 0, 0, 0, 0, 0, 0, 1080000, 1080000
2015, RAJASTHAN, 8, TONK, 107, TONK, 1373, DARDA HIND, 42160, 1053219, Total, 0, 0, 0, 0, 0, 0, 1780000, 1780000
2015, RAJASTHAN, 8, TONK, 107, TONK, 1373, DARDA TURKI, 42161, 1059024, Drinking water, 0, 0, 0, 0, 0, 0, 270000, 270000
2015, RAJASTHAN, 8, TONK, 107, TONK, 1373, DARDA TURKI, 42161, 1059024, Roads, 0, 0, 0, 0, 0, 0, 100000, 100000
2015, RAJASTHAN, 8, TONK, 107, TONK, 1373, DARDA TURKI, 42161, 1059024, Sanitation, 0, 0, 0, 0, 0, 0, 200000, 200000
2015, RAJASTHAN, 8, TONK, 107, TONK, 1373, DARDA TURKI, 42161, 1059024, Total, 0, 0, 0, 0, 0, 0, 570000, 570000
2015, RAJASTHAN, 8, TONK, 107, TONK, 1373, DEOLI, 42162, 1059027, Drinking water, 0, 0, 0, 0, 0, 0, 570000, 570000
2015, RAJASTHAN, 8, TONK, 107, TONK, 1373, DEOLI, 42162, 1059027, Roads, 0, 0, 0, 0, 0, 0, 2000000, 2000000
2015, RAJASTHAN, 8, TONK, 107, TONK, 1373, DEOLI, 42162, 1059027, Total, 0, 0, 0, 0, 0, 0, 2570000, 2570000
2015, RAJASTHAN, 8, TONK, 107, TONK, 1373, DEVPURA, 42163, 1059029, Health, 0, 0, 0, 0, 0, 0, 500000, 500000
2015, RAJASTHAN, 8, TONK, 107, TONK, 1373, DEVPURA, 42163, 1059029, Roads, 0, 0, 0, 0, 0, 0, 200000, 200000
2015, RAJASTHAN, 8, TONK, 107, TONK, 1373, DEVPURA, 42163, 1059029, Total, 0, 0, 0, 0, 0, 0, 700000, 700000
2015, RAJASTHAN, 8, TONK, 107, TONK, 1373, DODWARI, 42164, 1049621, Roads, 0, 0, 0, 0, 0, 0, 1000000, 1000000
2015, RAJASTHAN, 8, TONK, 107, TONK, 1373, DODWARI, 42164, 1049621, Total, 0, 0, 0, 0, 0, 0, 1000000, 1000000
2015, RAJASTHAN, 8, TONK, 107, TONK, 1373, FYWARI, 42165, 1049575, Agriculture, 0, 0, 0, 0, 0, 0, 250000, 250000
2015, RAJASTHAN, 8, TONK, 107, TONK, 1373, FYWARI, 42165, 1049575, Roads, 0, 0, 0, 0, 0, 0, 750000, 750000
2015, RAJASTHAN, 8, TONK, 107, TONK, 1373, FYWARI, 42165, 1049575, Total, 0, 0, 0, 0, 0, 0, 1000000, 1000000
2015, RAJASTHAN, 8, TONK, 107, TONK, 1373, GAHLOD, 42166, 1053280, Education, 0, 0, 0, 0, 0, 0, 100000, 100000
2015, RAJASTHAN, 8, TONK, 107, TONK, 1373, GAHLOD, 42166, 1053280, Health, 0, 0, 0, 0, 0, 0, 250000, 250000
2015, RAJASTHAN, 8, TONK, 107, TONK, 1373, GAHLOD, 42166, 1053280, Roads, 0, 0, 0, 0, 0, 0, 530000, 530000
2015, RAJASTHAN, 8, TONK, 107, TONK, 1373, GAHLOD, 42166, 1053280, Total, 0, 0, 0, 0, 0, 0, 880000, 880000
2015, RAJASTHAN, 8, TONK, 107, TONK, 1373, GHAS, 42167, 1023505, Drinking water, 0, 0, 0, 0, 0, 0, 60000, 60000
2015, RAJASTHAN, 8, TONK, 107, TONK, 1373, GHAS, 42167, 1023505, Education, 0, 0, 0, 0, 0, 0, 200000, 200000
2015, RAJASTHAN, 8, TONK, 107, TONK, 1373, GHAS, 42167, 1023505, Total, 0, 0, 0, 0, 0, 0, 260000, 260000
2015, RAJASTHAN, 8, TONK, 107, TONK, 1373, HADI KALAN, 42168, 1053316, Drinking water, 0, 0, 0, 0, 0, 0, 750000, 750000
2015, RAJASTHAN, 8, TONK, 107, TONK, 1373, HADI KALAN, 42168, 1053316, Education, 0, 0, 0, 0, 0, 0, 110000, 110000
2015, RAJASTHAN, 8, TONK, 107, TONK, 1373, HADI KALAN, 42168, 1053316, Maintenance of community system, 0, 0, 0, 0, 0, 0, 300000, 300000
2015, RAJASTHAN, 8, TONK, 107, TONK, 1373, HADI KALAN, 42168, 1053316, Public distribution system, 0, 0, 0, 0, 0, 0, 170000, 170000
2015, RAJASTHAN, 8, TONK, 107, TONK, 1373, HADI KALAN, 42168, 1053316, Roads, 0, 0, 0, 0, 0, 0, 1121000, 1121000
2015, RAJASTHAN, 8, TONK, 107, TONK, 1373, HADI KALAN, 42168, 1053316, Total, 0, 0, 0, 0, 0, 0, 2451000, 2451000
2015, RAJASTHAN, 8, TONK, 107, TONK, 1373, HARCHANDERA, 42169, 1060497, Drinking water, 0, 0, 0, 0, 0, 0, 120000, 120000
2015, RAJASTHAN, 8, TONK, 107, TONK, 1373, HARCHANDERA, 42169, 1060497, Health, 0, 0, 0, 0, 0, 0, 450000, 450000
2015, RAJASTHAN, 8, TONK, 107, TONK, 1373, HARCHANDERA, 42169, 1060497, Total, 0, 0, 0, 0, 0, 0, 570000, 570000
2015, RAJASTHAN, 8, TONK, 107, TONK, 1373, HATHONA, 42170, 1049549, Drinking water, 0, 0, 0, 0, 0, 0, 115000, 115000
2015, RAJASTHAN, 8, TONK, 107, TONK, 1373, HATHONA, 42170, 1049549, Health, 0, 0, 0, 0, 0, 0, 700000, 700000
2015, RAJASTHAN, 8, TONK, 107, TONK, 1373, HATHONA, 42170, 1049549, Total, 0, 0, 0, 0, 0, 0, 815000, 815000
2015, RAJASTHAN, 8, TONK, 107, TONK, 1373, JANWALI, 42171, 1053236, Cultural activities, 0, 0, 0, 0, 0, 0, 12000, 12000
2015, RAJASTHAN, 8, TONK, 107, TONK, 1373, JANWALI, 42171, 1053236, Drinking water, 0, 0, 0, 0, 0, 0, 100000, 100000
2015, RAJASTHAN, 8, TONK, 107, TONK, 1373, JANWALI, 42171, 1053236, Roads, 0, 0, 0, 0, 0, 0, 1400000, 1400000
2015, RAJASTHAN, 8, TONK, 107, TONK, 1373, JANWALI, 42171, 1053236, Total, 0, 0, 0, 0, 0, 0, 1512000, 1512000
2015, RAJASTHAN, 8, TONK, 107, TONK, 1373, JHIRANA, 42172, 1065083, Health, 0, 0, 0, 0, 0, 0, 200000, 200000
2015, RAJASTHAN, 8, TONK, 107, TONK, 1373, JHIRANA, 42172, 1065083, Roads, 0, 0, 0, 0, 0, 0, 1500000, 1500000
2015, RAJASTHAN, 8, TONK, 107, TONK, 1373, JHIRANA, 42172, 1065083, Total, 0, 0, 0, 0, 0, 0, 1700000, 1700000
2015, RAJASTHAN, 8, TONK, 107, TONK, 1373, JOLAN, 42173, 1053237, Roads, 0, 0, 0, 0, 0, 0, 450000, 450000
2015, RAJASTHAN, 8, TONK, 107, TONK, 1373, JOLAN, 42173, 1053237, Sanitation, 0, 0, 0, 0, 0, 0, 150000, 150000
2015, RAJASTHAN, 8, TONK, 107, TONK, 1373, JOLAN, 42173, 1053237, Social forestry and farm forestry, 0, 0, 0, 0, 0, 0, 55000, 55000
2015, RAJASTHAN, 8, TONK, 107, TONK, 1373, JOLAN, 42173, 1053237, Total, 0, 0, 0, 0, 0, 0, 655000, 655000
2015, RAJASTHAN, 8, TONK, 107, TONK, 1373, KABARA, 42174, 1027237, Roads, 0, 0, 0, 0, 0, 0, 1750000, 1750000
2015, RAJASTHAN, 8, TONK, 107, TONK, 1373, KABARA, 42174, 1027237, Total, 0, 0, 0, 0, 0, 0, 1750000, 1750000
2015, RAJASTHAN, 8, TONK, 107, TONK, 1373, KASHIPURA, 42175, 1027239, Roads, 0, 0, 0, 0, 0, 0, 500000, 500000
2015, RAJASTHAN, 8, TONK, 107, TONK, 1373, KASHIPURA, 42175, 1027239, Total, 0, 0, 0, 0, 0, 0, 500000, 500000
2015, RAJASTHAN, 8, TONK, 107, TONK, 1373, KATHMANA, 42176, 1027236, Drinking water, 0, 0, 0, 0, 0, 0, 250000, 250000
2015, RAJASTHAN, 8, TONK, 107, TONK, 1373, KATHMANA, 42176, 1027236, Roads, 0, 0, 0, 0, 0, 0, 1150000, 1150000
2015, RAJASTHAN, 8, TONK, 107, TONK, 1373, KATHMANA, 42176, 1027236, Total, 0, 0, 0, 0, 0, 0, 1400000, 1400000
2015, RAJASTHAN, 8, TONK, 107, TONK, 1373, KUREDA, 42177, 1059036, Drinking water, 0, 0, 0, 0, 0, 0, 140000, 140000
2015, RAJASTHAN, 8, TONK, 107, TONK, 1373, KUREDA, 42177, 1059036, Roads, 0, 0, 0, 0, 0, 0, 1500000, 1500000
2015, RAJASTHAN, 8, TONK, 107, TONK, 1373, KUREDA, 42177, 1059036, Total, 0, 0, 0, 0, 0, 0, 1640000, 1640000
2015, RAJASTHAN, 8, TONK, 107, TONK, 1373, LAMBA, 42178, 1053283, Roads, 0, 0, 0, 0, 0, 0, 1700000, 1700000
2015, RAJASTHAN, 8, TONK, 107, TONK, 1373, LAMBA, 42178, 1053283, Total, 0, 0, 0, 0, 0, 0, 1700000, 1700000
2015, RAJASTHAN, 8, TONK, 107, TONK, 1373, LAWADAR, 42179, 1060506, Drinking water, 0, 0, 0, 0, 0, 0, 60000, 60000
2015, RAJASTHAN, 8, TONK, 107, TONK, 1373, LAWADAR, 42179, 1060506, Roads, 0, 0, 0, 0, 0, 0, 750000, 750000
2015, RAJASTHAN, 8, TONK, 107, TONK, 1373, LAWADAR, 42179, 1060506, Total, 0, 0, 0, 0, 0, 0, 810000, 810000
2015, RAJASTHAN, 8, TONK, 107, TONK, 1373, LOHARWADA, 42180, 1053291, Health, 0, 0, 0, 0, 0, 0, 200000, 200000
2015, RAJASTHAN, 8, TONK, 107, TONK, 1373, LOHARWADA, 42180, 1053291, Roads, 0, 0, 0, 0, 0, 0, 850000, 850000
2015, RAJASTHAN, 8, TONK, 107, TONK, 1373, LOHARWADA, 42180, 1053291, Sanitation, 0, 0, 0, 0, 0, 0, 50000, 50000
2015, RAJASTHAN, 8, TONK, 107, TONK, 1373, LOHARWADA, 42180, 1053291, Total, 0, 0, 0, 0, 0, 0, 1100000, 1100000
2015, RAJASTHAN, 8, TONK, 107, TONK, 1373, MANDAWAR, 42181, 1027240, Drinking water, 0, 0, 0, 0, 0, 0, 200000, 200000
2015, RAJASTHAN, 8, TONK, 107, TONK, 1373, MANDAWAR, 42181, 1027240, Sanitation, 0, 0, 0, 0, 0, 0, 100000, 100000
2015, RAJASTHAN, 8, TONK, 107, TONK, 1373, MANDAWAR, 42181, 1027240, Total, 0, 0, 0, 0, 0, 0, 300000, 300000
2015, RAJASTHAN, 8, TONK, 107, TONK, 1373, MANDWAS, 42182, 1032714, Drinking water, 0, 0, 0, 0, 0, 0, 200000, 200000
2015, RAJASTHAN, 8, TONK, 107, TONK, 1373, MANDWAS, 42182, 1032714, Public distribution system, 0, 0, 0, 0, 0, 0, 160000, 160000
2015, RAJASTHAN, 8, TONK, 107, TONK, 1373, MANDWAS, 42182, 1032714, Roads, 0, 0, 0, 0, 0, 0, 1420000, 1420000
2015, RAJASTHAN, 8, TONK, 107, TONK, 1373, MANDWAS, 42182, 1032714, Total, 0, 0, 0, 0, 0, 0, 1780000, 1780000
2015, RAJASTHAN, 8, TONK, 107, TONK, 1373, NANER, 42183, 1053246, Cultural activities, 0, 0, 0, 0, 0, 0, 120000, 120000
2015, RAJASTHAN, 8, TONK, 107, TONK, 1373, NANER, 42183, 1053246, Roads, 0, 0, 0, 0, 0, 0, 850000, 850000
2015, RAJASTHAN, 8, TONK, 107, TONK, 1373, NANER, 42183, 1053246, Total, 0, 0, 0, 0, 0, 0, 970000, 970000
2015, RAJASTHAN, 8, TONK, 107, TONK, 1373, NATHADI, 42184, 1059045, Drinking water, 0, 0, 0, 0, 0, 0, 370000, 370000
2015, RAJASTHAN, 8, TONK, 107, TONK, 1373, NATHADI, 42184, 1059045, Health, 0, 0, 0, 0, 0, 0, 200000, 200000
2015, RAJASTHAN, 8, TONK, 107, TONK, 1373, NATHADI, 42184, 1059045, Total, 0, 0, 0, 0, 0, 0, 570000, 570000
2015, RAJASTHAN, 8, TONK, 107, TONK, 1373, NIMERA, 42185, 1059050, Roads, 0, 0, 0, 0, 0, 0, 750000, 750000
2015, RAJASTHAN, 8, TONK, 107, TONK, 1373, NIMERA, 42185, 1059050, Total, 0, 0, 0, 0, 0, 0, 750000, 750000
2015, RAJASTHAN, 8, TONK, 107, TONK, 1373, PALARA, 42186, 1059054, Rural electrification, 0, 0, 0, 0, 0, 0, 50000, 50000
2015, RAJASTHAN, 8, TONK, 107, TONK, 1373, PALARA, 42186, 1059054, Rural housing, 0, 0, 0, 0, 0, 0, 250000, 250000
2015, RAJASTHAN, 8, TONK, 107, TONK, 1373, PALARA, 42186, 1059054, Total, 0, 0, 0, 0, 0, 0, 300000, 300000
2015, RAJASTHAN, 8, TONK, 107, TONK, 1373, PARANA, 42187, 1059057, Health, 0, 0, 0, 0, 0, 0, 150000, 150000
2015, RAJASTHAN, 8, TONK, 107, TONK, 1373, PARANA, 42187, 1059057, Roads, 0, 0, 0, 0, 0, 0, 1400000, 1400000
2015, RAJASTHAN, 8, TONK, 107, TONK, 1373, PARANA, 42187, 1059057, Total, 0, 0, 0, 0, 0, 0, 1550000, 1550000
2015, RAJASTHAN, 8, TONK, 107, TONK, 1373, PASROTIA, 42188, 1049587, Roads, 0, 0, 0, 0, 0, 0, 1200000, 1200000
2015, RAJASTHAN, 8, TONK, 107, TONK, 1373, PASROTIA, 42188, 1049587, Total, 0, 0, 0, 0, 0, 0, 1200000, 1200000
2015, RAJASTHAN, 8, TONK, 107, TONK, 1373, PEEPLU, 42189, 1049581, Agriculture, 0, 0, 0, 0, 0, 0, 1000000, 1000000
2015, RAJASTHAN, 8, TONK, 107, TONK, 1373, PEEPLU, 42189, 1049581, Roads, 0, 0, 0, 0, 0, 0, 1250000, 1250000
2015, RAJASTHAN, 8, TONK, 107, TONK, 1373, PEEPLU, 42189, 1049581, Total, 0, 0, 0, 0, 0, 0, 2250000, 2250000
2015, RAJASTHAN, 8, TONK, 107, TONK, 1373, RANOLI, 42190, 1049598, Roads, 0, 0, 0, 0, 0, 0, 1750000, 1750000
2015, RAJASTHAN, 8, TONK, 107, TONK, 1373, RANOLI, 42190, 1049598, Rural electrification, 0, 0, 0, 0, 0, 0, 250000, 250000
2015, RAJASTHAN, 8, TONK, 107, TONK, 1373, RANOLI, 42190, 1049598, Total, 0, 0, 0, 0, 0, 0, 2000000, 2000000
2015, RAJASTHAN, 8, TONK, 107, TONK, 1373, SANDERA, 42191, 1049606, Roads, 0, 0, 0, 0, 0, 0, 1250000, 1250000
2015, RAJASTHAN, 8, TONK, 107, TONK, 1373, SANDERA, 42191, 1049606, Total, 0, 0, 0, 0, 0, 0, 1250000, 1250000
2015, RAJASTHAN, 8, TONK, 107, TONK, 1373, SANKHANA, 42192, 1059085, Sanitation, 0, 0, 0, 0, 0, 0, 50000, 50000
2015, RAJASTHAN, 8, TONK, 107, TONK, 1373, SANKHANA, 42192, 1059085, Total, 0, 0, 0, 0, 0, 0, 300000, 300000
2015, RAJASTHAN, 8, TONK, 107, TONK, 1373, SANKHANA, 42192, 1059085, Water Conservation, 0, 0, 0, 0, 0, 0, 250000, 250000
2015, RAJASTHAN, 8, TONK, 107, TONK, 1373, SOHELA, 42193, 1053217, Health, 0, 0, 0, 0, 0, 0, 250000, 250000
2015, RAJASTHAN, 8, TONK, 107, TONK, 1373, SOHELA, 42193, 1053217, Public distribution system, 0, 0, 0, 0, 0, 0, 250000, 250000
2015, RAJASTHAN, 8, TONK, 107, TONK, 1373, SOHELA, 42193, 1053217, Sanitation, 0, 0, 0, 0, 0, 0, 100000, 100000
2015, RAJASTHAN, 8, TONK, 107, TONK, 1373, SOHELA, 42193, 1053217, Total, 0, 0, 0, 0, 0, 0, 600000, 600000
2015, RAJASTHAN, 8, TONK, 107, TONK, 1373, SONWA, 42194, 1059064, Health, 0, 0, 0, 0, 0, 0, 400000, 400000
2015, RAJASTHAN, 8, TONK, 107, TONK, 1373, SONWA, 42194, 1059064, Roads, 0, 0, 0, 0, 0, 0, 700000, 700000
2015, RAJASTHAN, 8, TONK, 107, TONK, 1373, SONWA, 42194, 1059064, Total, 0, 0, 0, 0, 0, 0, 1100000, 1100000
2015, RAJASTHAN, 8, TONK, 107, TONK, 1373, SORAN, 42195, 1065087, Drinking water, 0, 0, 0, 0, 0, 0, 25000, 25000
2015, RAJASTHAN, 8, TONK, 107, TONK, 1373, SORAN, 42195, 1065087, Roads, 0, 0, 0, 0, 0, 0, 200000, 200000
2015, RAJASTHAN, 8, TONK, 107, TONK, 1373, SORAN, 42195, 1065087, Total, 0, 0, 0, 0, 0, 0, 225000, 225000
2015, RAJASTHAN, 8, TONK, 107, TONK, 1373, TAKHOLI, 42196, 1053223, Health, 0, 0, 0, 0, 0, 0, 60000, 60000
2015, RAJASTHAN, 8, TONK, 107, TONK, 1373, TAKHOLI, 42196, 1053223, Roads, 0, 0, 0, 0, 0, 0, 1050000, 1050000
2015, RAJASTHAN, 8, TONK, 107, TONK, 1373, TAKHOLI, 42196, 1053223, Total, 0, 0, 0, 0, 0, 0, 1110000, 1110000
2015, RAJASTHAN, 8, TONK, 107, UNIARA, 1374, ALIGARH, 42197, 1032602, Drinking water, 0, 0, 0, 0, 0, 0, 144000, 144000
2015, RAJASTHAN, 8, TONK, 107, UNIARA, 1374, ALIGARH, 42197, 1032602, Roads, 0, 0, 0, 0, 0, 0, 400000, 400000
2015, RAJASTHAN, 8, TONK, 107, UNIARA, 1374, ALIGARH, 42197, 1032602, Sanitation, 0, 0, 0, 0, 0, 0, 50000, 50000
2015, RAJASTHAN, 8, TONK, 107, UNIARA, 1374, ALIGARH, 42197, 1032602, Total, 0, 0, 0, 0, 0, 0, 594000, 594000
2015, RAJASTHAN, 8, TONK, 107, UNIARA, 1374, AMALI, 42198, 1032197, Drinking water, 0, 0, 0, 0, 0, 0, 850000, 850000
2015, RAJASTHAN, 8, TONK, 107, UNIARA, 1374, AMALI, 42198, 1032197, Roads, 0, 0, 0, 0, 0, 0, 1000000, 1000000
2015, RAJASTHAN, 8, TONK, 107, UNIARA, 1374, AMALI, 42198, 1032197, Total, 0, 0, 0, 0, 0, 0, 1850000, 1850000
2015, RAJASTHAN, 8, TONK, 107, UNIARA, 1374, BALITHAL, 42199, 1054132, Roads, 0, 0, 0, 0, 0, 0, 800000, 800000
2015, RAJASTHAN, 8, TONK, 107, UNIARA, 1374, BALITHAL, 42199, 1054132, Total, 0, 0, 0, 0, 0, 0, 800000, 800000
2015, RAJASTHAN, 8, TONK, 107, UNIARA, 1374, BANETHA, 42200, 1032205, Maintenance of community system, 0, 0, 0, 0, 0, 0, 250000, 250000
2015, RAJASTHAN, 8, TONK, 107, UNIARA, 1374, BANETHA, 42200, 1032205, Public distribution system, 0, 0, 0, 0, 0, 0, 300000, 300000
2015, RAJASTHAN, 8, TONK, 107, UNIARA, 1374, BANETHA, 42200, 1032205, Roads, 0, 0, 0, 0, 0, 0, 400000, 400000
2015, RAJASTHAN, 8, TONK, 107, UNIARA, 1374, BANETHA, 42200, 1032205, Total, 0, 0, 0, 0, 0, 0, 950000, 950000
2015, RAJASTHAN, 8, TONK, 107, UNIARA, 1374, BASORIA, 42201, 1054134, Roads, 0, 0, 0, 0, 0, 0, 400000, 400000
2015, RAJASTHAN, 8, TONK, 107, UNIARA, 1374, BASORIA, 42201, 1054134, Sanitation, 0, 0, 0, 0, 0, 0, 200000, 200000
2015, RAJASTHAN, 8, TONK, 107, UNIARA, 1374, BASORIA, 42201, 1054134, Total, 0, 0, 0, 0, 0, 0, 600000, 600000
2015, RAJASTHAN, 8, TONK, 107, UNIARA, 1374, BILASPUR, 42202, 1054138, Education, 0, 0, 0, 0, 0, 0, 70000, 70000
2015, RAJASTHAN, 8, TONK, 107, UNIARA, 1374, BILASPUR, 42202, 1054138, Roads, 0, 0, 0, 0, 0, 0, 500000, 500000
2015, RAJASTHAN, 8, TONK, 107, UNIARA, 1374, BILASPUR, 42202, 1054138, Total, 0, 0, 0, 0, 0, 0, 570000, 570000
2015, RAJASTHAN, 8, TONK, 107, UNIARA, 1374, BILOTA, 42203, 1032157, Roads, 0, 0, 0, 0, 0, 0, 4898000, 4898000
2015, RAJASTHAN, 8, TONK, 107, UNIARA, 1374, BILOTA, 42203, 1032157, Total, 0, 0, 0, 0, 0, 0, 4898000, 4898000
2015, RAJASTHAN, 8, TONK, 107, UNIARA, 1374, CHORU, 42204, 1053397, Roads, 0, 0, 0, 0, 0, 0, 1258000, 1258000
2015, RAJASTHAN, 8, TONK, 107, UNIARA, 1374, CHORU, 42204, 1053397, Total, 0, 0, 0, 0, 0, 0, 1258000, 1258000
2015, RAJASTHAN, 8, TONK, 107, UNIARA, 1374, DEVLI, 42205, 1054151, Drinking water, 0, 0, 0, 0, 0, 0, 250000, 250000
2015, RAJASTHAN, 8, TONK, 107, UNIARA, 1374, DEVLI, 42205, 1054151, Total, 0, 0, 0, 0, 0, 0, 250000, 250000
2015, RAJASTHAN, 8, TONK, 107, UNIARA, 1374, DHAKOLIA, 42206, 1032589, Roads, 0, 0, 0, 0, 0, 0, 1000000, 1000000
2015, RAJASTHAN, 8, TONK, 107, UNIARA, 1374, DHAKOLIA, 42206, 1032589, Total, 0, 0, 0, 0, 0, 0, 1000000, 1000000
2015, RAJASTHAN, 8, TONK, 107, UNIARA, 1374, GOTHARA, 42207, 1032580, Roads, 0, 0, 0, 0, 0, 0, 294000, 294000
2015, RAJASTHAN, 8, TONK, 107, UNIARA, 1374, GOTHARA, 42207, 1032580, Total, 0, 0, 0, 0, 0, 0, 294000, 294000
2015, RAJASTHAN, 8, TONK, 107, UNIARA, 1374, HADARIPURA, 42208, 1032574, Drinking water, 0, 0, 0, 0, 0, 0, 450000, 450000
2015, RAJASTHAN, 8, TONK, 107, UNIARA, 1374, HADARIPURA, 42208, 1032574, Sanitation, 0, 0, 0, 0, 0, 0, 84000, 84000
2015, RAJASTHAN, 8, TONK, 107, UNIARA, 1374, HADARIPURA, 42208, 1032574, Total, 0, 0, 0, 0, 0, 0, 534000, 534000
2015, RAJASTHAN, 8, TONK, 107, UNIARA, 1374, JHUNDAWA, 42209, 1054141, Drinking water, 0, 0, 0, 0, 0, 0, 50000, 50000
2015, RAJASTHAN, 8, TONK, 107, UNIARA, 1374, JHUNDAWA, 42209, 1054141, Roads, 0, 0, 0, 0, 0, 0, 500000, 500000
2015, RAJASTHAN, 8, TONK, 107, UNIARA, 1374, JHUNDAWA, 42209, 1054141, Total, 0, 0, 0, 0, 0, 0, 550000, 550000
2015, RAJASTHAN, 8, TONK, 107, UNIARA, 1374, KACHARAWATA, 42210, 1032164, Roads, 0, 0, 0, 0, 0, 0, 410000, 410000
2015, RAJASTHAN, 8, TONK, 107, UNIARA, 1374, KACHARAWATA, 42210, 1032164, Sanitation, 0, 0, 0, 0, 0, 0, 250000, 250000
2015, RAJASTHAN, 8, TONK, 107, UNIARA, 1374, KACHARAWATA, 42210, 1032164, Total, 0, 0, 0, 0, 0, 0, 660000, 660000
2015, RAJASTHAN, 8, TONK, 107, UNIARA, 1374, KAKOD, 42211, 1054143, Roads, 0, 0, 0, 0, 0, 0, 700000, 700000
2015, RAJASTHAN, 8, TONK, 107, UNIARA, 1374, KAKOD, 42211, 1054143, Sanitation, 0, 0, 0, 0, 0, 0, 489000, 489000
2015, RAJASTHAN, 8, TONK, 107, UNIARA, 1374, KAKOD, 42211, 1054143, Total, 0, 0, 0, 0, 0, 0, 1189000, 1189000
2015, RAJASTHAN, 8, TONK, 107, UNIARA, 1374, KHALANIYA, 42212, 1032158, Drinking water, 0, 0, 0, 0, 0, 0, 65000, 65000
2015, RAJASTHAN, 8, TONK, 107, UNIARA, 1374, KHALANIYA, 42212, 1032158, Roads, 0, 0, 0, 0, 0, 0, 1519000, 1519000
2015, RAJASTHAN, 8, TONK, 107, UNIARA, 1374, KHALANIYA, 42212, 1032158, Total, 0, 0, 0, 0, 0, 0, 1584000, 1584000
2015, RAJASTHAN, 8, TONK, 107, UNIARA, 1374, KHATOLI, 42213, 1054145, Maintenance of community system, 0, 0, 0, 0, 0, 0, 100000, 100000
2015, RAJASTHAN, 8, TONK, 107, UNIARA, 1374, KHATOLI, 42213, 1054145, Roads, 0, 0, 0, 0, 0, 0, 600000, 600000
2015, RAJASTHAN, 8, TONK, 107, UNIARA, 1374, KHATOLI, 42213, 1054145, Total, 0, 0, 0, 0, 0, 0, 700000, 700000
2015, RAJASTHAN, 8, TONK, 107, UNIARA, 1374, KHOLIYA, 42214, 1032180, Roads, 0, 0, 0, 0, 0, 0, 750000, 750000
2015, RAJASTHAN, 8, TONK, 107, UNIARA, 1374, KHOLIYA, 42214, 1032180, Total, 0, 0, 0, 0, 0, 0, 750000, 750000
2015, RAJASTHAN, 8, TONK, 107, UNIARA, 1374, KUNDER, 42215, 1032583, Roads, 0, 0, 0, 0, 0, 0, 1128000, 1128000
2015, RAJASTHAN, 8, TONK, 107, UNIARA, 1374, KUNDER, 42215, 1032583, Total, 0, 0, 0, 0, 0, 0, 1128000, 1128000
2015, RAJASTHAN, 8, TONK, 107, UNIARA, 1374, MANDAWARA, 42216, 1053388, Drinking water, 0, 0, 0, 0, 0, 0, 300000, 300000
2015, RAJASTHAN, 8, TONK, 107, UNIARA, 1374, MANDAWARA, 42216, 1053388, Total, 0, 0, 0, 0, 0, 0, 300000, 300000
2015, RAJASTHAN, 8, TONK, 107, UNIARA, 1374, MOHD.GARH, 42217, 1054148, Education, 0, 0, 0, 0, 0, 0, 600000, 600000
2015, RAJASTHAN, 8, TONK, 107, UNIARA, 1374, MOHD.GARH, 42217, 1054148, Roads, 0, 0, 0, 0, 0, 0, 909000, 909000
2015, RAJASTHAN, 8, TONK, 107, UNIARA, 1374, MOHD.GARH, 42217, 1054148, Total, 0, 0, 0, 0, 0, 0, 1509000, 1509000
2015, RAJASTHAN, 8, TONK, 107, UNIARA, 1374, MOHD.PURA, 42218, 1054149, Roads, 0, 0, 0, 0, 0, 0, 1000000, 1000000
2015, RAJASTHAN, 8, TONK, 107, UNIARA, 1374, MOHD.PURA, 42218, 1054149, Total, 0, 0, 0, 0, 0, 0, 1000000, 1000000
2015, RAJASTHAN, 8, TONK, 107, UNIARA, 1374, PACHALA, 42219, 1032160, Roads, 0, 0, 0, 0, 0, 0, 2488000, 2488000
2015, RAJASTHAN, 8, TONK, 107, UNIARA, 1374, PACHALA, 42219, 1032160, Total, 0, 0, 0, 0, 0, 0, 2488000, 2488000
2015, RAJASTHAN, 8, TONK, 107, UNIARA, 1374, PALAI, 42220, 1032198, Maintenance of community system, 0, 0, 0, 0, 0, 0, 250000, 250000
2015, RAJASTHAN, 8, TONK, 107, UNIARA, 1374, PALAI, 42220, 1032198, Roads, 0, 0, 0, 0, 0, 0, 300000, 300000
2015, RAJASTHAN, 8, TONK, 107, UNIARA, 1374, PALAI, 42220, 1032198, Total, 0, 0, 0, 0, 0, 0, 550000, 550000
2015, RAJASTHAN, 8, TONK, 107, UNIARA, 1374, PATOLI, 42221, 1032163, Roads, 0, 0, 0, 0, 0, 0, 791000, 791000
2015, RAJASTHAN, 8, TONK, 107, UNIARA, 1374, PATOLI, 42221, 1032163, Total, 0, 0, 0, 0, 0, 0, 791000, 791000
2015, RAJASTHAN, 8, TONK, 107, UNIARA, 1374, PAYAGA, 42222, 1032156, Roads, 0, 0, 0, 0, 0, 0, 1517000, 1517000
2015, RAJASTHAN, 8, TONK, 107, UNIARA, 1374, PAYAGA, 42222, 1032156, Total, 0, 0, 0, 0, 0, 0, 1517000, 1517000
2015, RAJASTHAN, 8, TONK, 107, UNIARA, 1374, PHULATA, 42223, 1032154, Drinking water, 0, 0, 0, 0, 0, 0, 200000, 200000
2015, RAJASTHAN, 8, TONK, 107, UNIARA, 1374, PHULATA, 42223, 1032154, Roads, 0, 0, 0, 0, 0, 0, 477000, 477000
2015, RAJASTHAN, 8, TONK, 107, UNIARA, 1374, PHULATA, 42223, 1032154, Total, 0, 0, 0, 0, 0, 0, 677000, 677000
2015, RAJASTHAN, 8, TONK, 107, UNIARA, 1374, RANIPURA, 42224, 1053393, Roads, 0, 0, 0, 0, 0, 0, 1050000, 1050000
2015, RAJASTHAN, 8, TONK, 107, UNIARA, 1374, RANIPURA, 42224, 1053393, Total, 0, 0, 0, 0, 0, 0, 1050000, 1050000
2015, RAJASTHAN, 8, TONK, 107, UNIARA, 1374, ROOPPURA, 42225, 1032185, Roads, 0, 0, 0, 0, 0, 0, 1100000, 1100000
2015, RAJASTHAN, 8, TONK, 107, UNIARA, 1374, ROOPPURA, 42225, 1032185, Total, 0, 0, 0, 0, 0, 0, 1100000, 1100000
2015, RAJASTHAN, 8, TONK, 107, UNIARA, 1374, ROOPWAS, 42226, 1032169, Roads, 0, 0, 0, 0, 0, 0, 450000, 450000
2015, RAJASTHAN, 8, TONK, 107, UNIARA, 1374, ROOPWAS, 42226, 1032169, Total, 0, 0, 0, 0, 0, 0, 450000, 450000
2015, RAJASTHAN, 8, TONK, 107, UNIARA, 1374, SOONTRA, 42227, 1032559, Drinking water, 0, 0, 0, 0, 0, 0, 285000, 285000
2015, RAJASTHAN, 8, TONK, 107, UNIARA, 1374, SOONTRA, 42227, 1032559, Roads, 0, 0, 0, 0, 0, 0, 500000, 500000
2015, RAJASTHAN, 8, TONK, 107, UNIARA, 1374, SOONTRA, 42227, 1032559, Sanitation, 0, 0, 0, 0, 0, 0, 350000, 350000
2015, RAJASTHAN, 8, TONK, 107, UNIARA, 1374, SOONTRA, 42227, 1032559, Total, 0, 0, 0, 0, 0, 0, 1135000, 1135000
2015, RAJASTHAN, 8, TONK, 107, UNIARA, 1374, SOP, 42228, 1032201, Drinking water, 0, 0, 0, 0, 0, 0, 250000, 250000
2015, RAJASTHAN, 8, TONK, 107, UNIARA, 1374, SOP, 42228, 1032201, Roads, 0, 0, 0, 0, 0, 0, 400000, 400000
2015, RAJASTHAN, 8, TONK, 107, UNIARA, 1374, SOP, 42228, 1032201, Total, 0, 0, 0, 0, 0, 0, 650000, 650000
2015, RAJASTHAN, 8, TONK, 107, UNIARA, 1374, SURALI, 42229, 1053399, Roads, 0, 0, 0, 0, 0, 0, 400000, 400000
2015, RAJASTHAN, 8, TONK, 107, UNIARA, 1374, SURALI, 42229, 1053399, Total, 0, 0, 0, 0, 0, 0, 400000, 400000
2015, RAJASTHAN, 8, UDAIPUR, 108, BARGAON, 1375, AMBERI, 42230, 1103367, Roads, 0, 0, 0, 0, 0, 0, 1465020, 1465020
2015, RAJASTHAN, 8, UDAIPUR, 108, BARGAON, 1375, AMBERI, 42230, 1103367, Sanitation, 0, 0, 0, 0, 0, 0, 46000, 46000
2015, RAJASTHAN, 8, UDAIPUR, 108, BARGAON, 1375, AMBERI, 42230, 1103367, Total, 0, 0, 0, 0, 0, 0, 1511020, 1511020
2015, RAJASTHAN, 8, UDAIPUR, 108, BARGAON, 1375, BARDA, 42253, 1112466, Drinking water, 0, 0, 0, 0, 0, 0, 106373, 106373
2015, RAJASTHAN, 8, UDAIPUR, 108, BARGAON, 1375, BARDA, 42253, 1112466, Roads, 0, 0, 0, 0, 0, 0, 900000, 900000
2015, RAJASTHAN, 8, UDAIPUR, 108, BARGAON, 1375, BARDA, 42253, 1112466, Total, 0, 0, 0, 0, 0, 0, 1006373, 1006373
2015, RAJASTHAN, 8, UDAIPUR, 108, BARGAON, 1375, BARGAON(RURAL), 42231, 1099550, Roads, 0, 0, 0, 0, 0, 0, 3192592, 3192592
2015, RAJASTHAN, 8, UDAIPUR, 108, BARGAON, 1375, BARGAON(RURAL), 42231, 1099550, Total, 0, 0, 0, 0, 0, 0, 3192592, 3192592
2015, RAJASTHAN, 8, UDAIPUR, 108, BARGAON, 1375, BARI, 42232, 1113132, Drinking water, 0, 0, 0, 0, 0, 0, 143873, 143873
2015, RAJASTHAN, 8, UDAIPUR, 108, BARGAON, 1375, BARI, 42232, 1113132, Roads, 0, 0, 0, 0, 0, 0, 2000000, 2000000
2015, RAJASTHAN, 8, UDAIPUR, 108, BARGAON, 1375, BARI, 42232, 1113132, Total, 0, 0, 0, 0, 0, 0, 2143873, 2143873
2015, RAJASTHAN, 8, UDAIPUR, 108, BARGAON, 1375, BEDLA, 42233, 1112438, Roads, 0, 0, 0, 0, 0, 0, 2770301, 2770301
2015, RAJASTHAN, 8, UDAIPUR, 108, BARGAON, 1375, BEDLA, 42233, 1112438, Total, 0, 0, 0, 0, 0, 0, 2770301, 2770301
2015, RAJASTHAN, 8, UDAIPUR, 108, BARGAON, 1375, BHOOTALA, 42234, 1099147, Roads, 0, 0, 0, 0, 0, 0, 1157942, 1157942
2015, RAJASTHAN, 8, UDAIPUR, 108, BARGAON, 1375, BHOOTALA, 42234, 1099147, Total, 0, 0, 0, 0, 0, 0, 1157942, 1157942
2015, RAJASTHAN, 8, UDAIPUR, 108, BARGAON, 1375, BHUWANA, 42235, 1113607, Drinking water, 0, 0, 0, 0, 0, 0, 1000000, 1000000
2015, RAJASTHAN, 8, UDAIPUR, 108, BARGAON, 1375, BHUWANA, 42235, 1113607, Roads, 0, 0, 0, 0, 0, 0, 4827095, 4827095
2015, RAJASTHAN, 8, UDAIPUR, 108, BARGAON, 1375, BHUWANA, 42235, 1113607, Total, 0, 0, 0, 0, 0, 0, 5827095, 5827095
2015, RAJASTHAN, 8, UDAIPUR, 108, BARGAON, 1375, CHEERWA, 42236, 1104967, Drinking water, 0, 0, 0, 0, 0, 0, 1074000, 1074000
2015, RAJASTHAN, 8, UDAIPUR, 108, BARGAON, 1375, CHEERWA, 42236, 1104967, Roads, 0, 0, 0, 0, 0, 0, 434684, 434684
2015, RAJASTHAN, 8, UDAIPUR, 108, BARGAON, 1375, CHEERWA, 42236, 1104967, Total, 0, 0, 0, 0, 0, 0, 1508684, 1508684
2015, RAJASTHAN, 8, UDAIPUR, 108, BARGAON, 1375, DHAR, 42237, 1103564, Drinking water, 0, 0, 0, 0, 0, 0, 1233000, 1233000
2015, RAJASTHAN, 8, UDAIPUR, 108, BARGAON, 1375, DHAR, 42237, 1103564, Roads, 0, 0, 0, 0, 0, 0, 302552, 302552
2015, RAJASTHAN, 8, UDAIPUR, 108, BARGAON, 1375, DHAR, 42237, 1103564, Total, 0, 0, 0, 0, 0, 0, 1535552, 1535552
2015, RAJASTHAN, 8, UDAIPUR, 108, BARGAON, 1375, DHEEKLI, 42238, 1099629, Roads, 0, 0, 0, 0, 0, 0, 1275343, 1275343
2015, RAJASTHAN, 8, UDAIPUR, 108, BARGAON, 1375, DHEEKLI, 42238, 1099629, Total, 0, 0, 0, 0, 0, 0, 1275343, 1275343
2015, RAJASTHAN, 8, UDAIPUR, 108, BARGAON, 1375, ISWAL, 42239, 1104039, Drinking water, 0, 0, 0, 0, 0, 0, 200000, 200000
2015, RAJASTHAN, 8, UDAIPUR, 108, BARGAON, 1375, ISWAL, 42239, 1104039, Rural housing, 0, 0, 0, 0, 0, 0, 800000, 800000
2015, RAJASTHAN, 8, UDAIPUR, 108, BARGAON, 1375, ISWAL, 42239, 1104039, Sanitation, 0, 0, 0, 0, 0, 0, 543729, 543729
2015, RAJASTHAN, 8, UDAIPUR, 108, BARGAON, 1375, ISWAL, 42239, 1104039, Total, 0, 0, 0, 0, 0, 0, 1543729, 1543729
2015, RAJASTHAN, 8, UDAIPUR, 108, BARGAON, 1375, KADIYA, 42240, 1098651, Drinking water, 0, 0, 0, 0, 0, 0, 404000, 404000
2015, RAJASTHAN, 8, UDAIPUR, 108, BARGAON, 1375, KADIYA, 42240, 1098651, Roads, 0, 0, 0, 0, 0, 0, 926831, 926831
2015, RAJASTHAN, 8, UDAIPUR, 108, BARGAON, 1375, KADIYA, 42240, 1098651, Total, 0, 0, 0, 0, 0, 0, 1330831, 1330831
2015, RAJASTHAN, 8, UDAIPUR, 108, BARGAON, 1375, KADMAL, 42241, 1098608, Drinking water, 0, 0, 0, 0, 0, 0, 750000, 750000
2015, RAJASTHAN, 8, UDAIPUR, 108, BARGAON, 1375, KADMAL, 42241, 1098608, Roads, 0, 0, 0, 0, 0, 0, 557759, 557759
2015, RAJASTHAN, 8, UDAIPUR, 108, BARGAON, 1375, KADMAL, 42241, 1098608, Total, 0, 0, 0, 0, 0, 0, 1307759, 1307759
2015, RAJASTHAN, 8, UDAIPUR, 108, BARGAON, 1375, KAILASHPURI, 42242, 1113166, Roads, 0, 0, 0, 0, 0, 0, 1442974, 1442974
2015, RAJASTHAN, 8, UDAIPUR, 108, BARGAON, 1375, KAILASHPURI, 42242, 1113166, Total, 0, 0, 0, 0, 0, 0, 1442974, 1442974
2015, RAJASTHAN, 8, UDAIPUR, 108, BARGAON, 1375, KATHAR, 42243, 1104217, Drinking water, 0, 0, 0, 0, 0, 0, 1239396, 1239396
2015, RAJASTHAN, 8, UDAIPUR, 108, BARGAON, 1375, KATHAR, 42243, 1104217, Roads, 0, 0, 0, 0, 0, 0, 500000, 500000
2015, RAJASTHAN, 8, UDAIPUR, 108, BARGAON, 1375, KATHAR, 42243, 1104217, Total, 0, 0, 0, 0, 0, 0, 1739396, 1739396
2015, RAJASTHAN, 8, UDAIPUR, 108, BARGAON, 1375, KAVITA, 42244, 1104377, Drinking water, 0, 0, 0, 0, 0, 0, 233934, 233934
2015, RAJASTHAN, 8, UDAIPUR, 108, BARGAON, 1375, KAVITA, 42244, 1104377, Maintenance of community system, 0, 0, 0, 0, 0, 0, 200000, 200000
2015, RAJASTHAN, 8, UDAIPUR, 108, BARGAON, 1375, KAVITA, 42244, 1104377, Roads, 0, 0, 0, 0, 0, 0, 550000, 550000
2015, RAJASTHAN, 8, UDAIPUR, 108, BARGAON, 1375, KAVITA, 42244, 1104377, Rural housing, 0, 0, 0, 0, 0, 0, 200000, 200000
2015, RAJASTHAN, 8, UDAIPUR, 108, BARGAON, 1375, KAVITA, 42244, 1104377, Total, 0, 0, 0, 0, 0, 0, 1183934, 1183934
2015, RAJASTHAN, 8, UDAIPUR, 108, BARGAON, 1375, LAKHAWALI, 42245, 1104527, Roads, 0, 0, 0, 0, 0, 0, 2121970, 2121970
2015, RAJASTHAN, 8, UDAIPUR, 108, BARGAON, 1375, LAKHAWALI, 42245, 1104527, Total, 0, 0, 0, 0, 0, 0, 2121970, 2121970
2015, RAJASTHAN, 8, UDAIPUR, 108, BARGAON, 1375, LAUSEENG, 42246, 1104748, Drinking water, 0, 0, 0, 0, 0, 0, 1657333, 1657333
2015, RAJASTHAN, 8, UDAIPUR, 108, BARGAON, 1375, LAUSEENG, 42246, 1104748, Total, 0, 0, 0, 0, 0, 0, 1657333, 1657333
2015, RAJASTHAN, 8, UDAIPUR, 108, BARGAON, 1375, LOYRA, 42247, 1104760, Drinking water, 0, 0, 0, 0, 0, 0, 78140, 78140
2015, RAJASTHAN, 8, UDAIPUR, 108, BARGAON, 1375, LOYRA, 42247, 1104760, Roads, 0, 0, 0, 0, 0, 0, 1689000, 1689000
2015, RAJASTHAN, 8, UDAIPUR, 108, BARGAON, 1375, LOYRA, 42247, 1104760, Total, 0, 0, 0, 0, 0, 0, 1767140, 1767140
2015, RAJASTHAN, 8, UDAIPUR, 108, BARGAON, 1375, MADAR, 42248, 1104889, Drinking water, 0, 0, 0, 0, 0, 0, 348000, 348000
2015, RAJASTHAN, 8, UDAIPUR, 108, BARGAON, 1375, MADAR, 42248, 1104889, Roads, 0, 0, 0, 0, 0, 0, 1633206, 1633206
2015, RAJASTHAN, 8, UDAIPUR, 108, BARGAON, 1375, MADAR, 42248, 1104889, Total, 0, 0, 0, 0, 0, 0, 1981206, 1981206
2015, RAJASTHAN, 8, UDAIPUR, 108, BARGAON, 1375, RAMA, 42249, 1104922, Drinking water, 0, 0, 0, 0, 0, 0, 938764, 938764
2015, RAJASTHAN, 8, UDAIPUR, 108, BARGAON, 1375, RAMA, 42249, 1104922, Roads, 0, 0, 0, 0, 0, 0, 600000, 600000
2015, RAJASTHAN, 8, UDAIPUR, 108, BARGAON, 1375, RAMA, 42249, 1104922, Total, 0, 0, 0, 0, 0, 0, 1538764, 1538764
2015, RAJASTHAN, 8, UDAIPUR, 108, BARGAON, 1375, SAPETIYA, 42250, 1108573, Drinking water, 0, 0, 0, 0, 0, 0, 80000, 80000
2015, RAJASTHAN, 8, UDAIPUR, 108, BARGAON, 1375, SAPETIYA, 42250, 1108573, Maintenance of community system, 0, 0, 0, 0, 0, 0, 50000, 50000
2015, RAJASTHAN, 8, UDAIPUR, 108, BARGAON, 1375, SAPETIYA, 42250, 1108573, Roads, 0, 0, 0, 0, 0, 0, 1567342, 1567342
2015, RAJASTHAN, 8, UDAIPUR, 108, BARGAON, 1375, SAPETIYA, 42250, 1108573, Total, 0, 0, 0, 0, 0, 0, 1697342, 1697342
2015, RAJASTHAN, 8, UDAIPUR, 108, BARGAON, 1375, SHOBHAGPURA, 42251, 1098513, Roads, 0, 0, 0, 0, 0, 0, 1765988, 1765988
2015, RAJASTHAN, 8, UDAIPUR, 108, BARGAON, 1375, SHOBHAGPURA, 42251, 1098513, Total, 0, 0, 0, 0, 0, 0, 1765988, 1765988
2015, RAJASTHAN, 8, UDAIPUR, 108, BARGAON, 1375, SHOBHAGPURA, 42251, 1098534, Roads, 0, 0, 0, 0, 0, 0, 928674, 928674
2015, RAJASTHAN, 8, UDAIPUR, 108, BARGAON, 1375, SHOBHAGPURA, 42251, 1098534, Total, 0, 0, 0, 0, 0, 0, 928674, 928674
2015, RAJASTHAN, 8, UDAIPUR, 108, BARGAON, 1375, THOOR, 42252, 1107237, Roads, 0, 0, 0, 0, 0, 0, 163873, 163873
2015, RAJASTHAN, 8, UDAIPUR, 108, BARGAON, 1375, THOOR, 42252, 1107237, Rural electrification, 0, 0, 0, 0, 0, 0, 843376, 843376
2015, RAJASTHAN, 8, UDAIPUR, 108, BARGAON, 1375, THOOR, 42252, 1107237, Total, 0, 0, 0, 0, 0, 0, 1007249, 1007249
2015, RAJASTHAN, 8, UDAIPUR, 108, BARGAON, 1375, WATI, 42254, 1104986, Drinking water, 0, 0, 0, 0, 0, 0, 488607, 488607
2015, RAJASTHAN, 8, UDAIPUR, 108, BARGAON, 1375, WATI, 42254, 1104986, Roads, 0, 0, 0, 0, 0, 0, 700000, 700000
2015, RAJASTHAN, 8, UDAIPUR, 108, BARGAON, 1375, WATI, 42254, 1104986, Total, 0, 0, 0, 0, 0, 0, 1188607, 1188607
2015, RAJASTHAN, 8, UDAIPUR, 108, BHINDER, 1376, ADINDA, 42255, 1170530, Roads, 0, 0, 0, 0, 0, 0, 1750000, 1750000
2015, RAJASTHAN, 8, UDAIPUR, 108, BHINDER, 1376, ADINDA, 42255, 1170530, Total, 0, 0, 0, 0, 0, 0, 1750000, 1750000
2015, RAJASTHAN, 8, UDAIPUR, 108, BHINDER, 1376, AKOLA, 42256, 1120374, Education, 0, 0, 0, 0, 0, 0, 200000, 200000
2015, RAJASTHAN, 8, UDAIPUR, 108, BHINDER, 1376, AKOLA, 42256, 1120374, Roads, 0, 0, 0, 0, 0, 0, 120000, 120000
2015, RAJASTHAN, 8, UDAIPUR, 108, BHINDER, 1376, AKOLA, 42256, 1120374, Sanitation, 0, 0, 0, 0, 0, 0, 375000, 375000
2015, RAJASTHAN, 8, UDAIPUR, 108, BHINDER, 1376, AKOLA, 42256, 1120374, Total, 0, 0, 0, 0, 0, 0, 695000, 695000
2015, RAJASTHAN, 8, UDAIPUR, 108, BHINDER, 1376, AMARPURA JAGEER, 42258, 1135412, Drinking water, 0, 0, 0, 0, 0, 0, 160000, 160000
2015, RAJASTHAN, 8, UDAIPUR, 108, BHINDER, 1376, AMARPURA JAGEER, 42258, 1135412, Roads, 0, 0, 0, 0, 0, 0, 407000, 407000
2015, RAJASTHAN, 8, UDAIPUR, 108, BHINDER, 1376, AMARPURA JAGEER, 42258, 1135412, Sanitation, 0, 0, 0, 0, 0, 0, 75000, 75000
2015, RAJASTHAN, 8, UDAIPUR, 108, BHINDER, 1376, AMARPURA JAGEER, 42258, 1135412, Total, 0, 0, 0, 0, 0, 0, 642000, 642000
2015, RAJASTHAN, 8, UDAIPUR, 108, BHINDER, 1376, AMARPURA KHALSA, 42257, 1121898, Drinking water, 0, 0, 0, 0, 0, 0, 810000, 810000
2015, RAJASTHAN, 8, UDAIPUR, 108, BHINDER, 1376, AMARPURA KHALSA, 42257, 1121898, Roads, 0, 0, 0, 0, 0, 0, 800000, 800000
2015, RAJASTHAN, 8, UDAIPUR, 108, BHINDER, 1376, AMARPURA KHALSA, 42257, 1121898, Sanitation, 0, 0, 0, 0, 0, 0, 150000, 150000
2015, RAJASTHAN, 8, UDAIPUR, 108, BHINDER, 1376, AMARPURA KHALSA, 42257, 1121898, Total, 0, 0, 0, 0, 0, 0, 1760000, 1760000
2015, RAJASTHAN, 8, UDAIPUR, 108, BHINDER, 1376, BADGAON, 42259, 1120143, Drinking water, 0, 0, 0, 0, 0, 0, 979000, 979000
2015, RAJASTHAN, 8, UDAIPUR, 108, BHINDER, 1376, BADGAON, 42259, 1120143, Total, 0, 0, 0, 0, 0, 0, 979000, 979000
2015, RAJASTHAN, 8, UDAIPUR, 108, BHINDER, 1376, BAGGAD, 42260, 1141303, Drinking water, 0, 0, 0, 0, 0, 0, 935000, 935000
2015, RAJASTHAN, 8, UDAIPUR, 108, BHINDER, 1376, BAGGAD, 42260, 1141303, Roads, 0, 0, 0, 0, 0, 0, 250000, 250000
2015, RAJASTHAN, 8, UDAIPUR, 108, BHINDER, 1376, BAGGAD, 42260, 1141303, Total, 0, 0, 0, 0, 0, 0, 1185000, 1185000
2015, RAJASTHAN, 8, UDAIPUR, 108, BHINDER, 1376, BALATHAL, 42261, 1135255, Drinking water, 0, 0, 0, 0, 0, 0, 495000, 495000
2015, RAJASTHAN, 8, UDAIPUR, 108, BHINDER, 1376, BALATHAL, 42261, 1135255, Total, 0, 0, 0, 0, 0, 0, 495000, 495000
2015, RAJASTHAN, 8, UDAIPUR, 108, BHINDER, 1376, BANSDA, 42262, 1172544, Drinking water, 0, 0, 0, 0, 0, 0, 1275000, 1275000
2015, RAJASTHAN, 8, UDAIPUR, 108, BHINDER, 1376, BANSDA, 42262, 1172544, Roads, 0, 0, 0, 0, 0, 0, 400000, 400000
2015, RAJASTHAN, 8, UDAIPUR, 108, BHINDER, 1376, BANSDA, 42262, 1172544, Total, 0, 0, 0, 0, 0, 0, 1675000, 1675000
2015, RAJASTHAN, 8, UDAIPUR, 108, BHINDER, 1376, BARODIA, 42263, 1120082, Drinking water, 0, 0, 0, 0, 0, 0, 595000, 595000
2015, RAJASTHAN, 8, UDAIPUR, 108, BHINDER, 1376, BARODIA, 42263, 1120082, Total, 0, 0, 0, 0, 0, 0, 595000, 595000
2015, RAJASTHAN, 8, UDAIPUR, 108, BHINDER, 1376, BATHERA KALAN, 42264, 1135416, Drinking water, 0, 0, 0, 0, 0, 0, 225000, 225000
2015, RAJASTHAN, 8, UDAIPUR, 108, BHINDER, 1376, BATHERA KALAN, 42264, 1135416, Roads, 0, 0, 0, 0, 0, 0, 275000, 275000
2015, RAJASTHAN, 8, UDAIPUR, 108, BHINDER, 1376, BATHERA KALAN, 42264, 1135416, Sanitation, 0, 0, 0, 0, 0, 0, 325000, 325000
2015, RAJASTHAN, 8, UDAIPUR, 108, BHINDER, 1376, BATHERA KALAN, 42264, 1135416, Total, 0, 0, 0, 0, 0, 0, 825000, 825000
2015, RAJASTHAN, 8, UDAIPUR, 108, BHINDER, 1376, BATHERA KHURD, 42265, 1164208, Drinking water, 0, 0, 0, 0, 0, 0, 108884, 108884
2015, RAJASTHAN, 8, UDAIPUR, 108, BHINDER, 1376, BATHERA KHURD, 42265, 1164208, Sanitation, 0, 0, 0, 0, 0, 0, 380169, 380169
2015, RAJASTHAN, 8, UDAIPUR, 108, BHINDER, 1376, BATHERA KHURD, 42265, 1164208, Total, 0, 0, 0, 0, 0, 0, 489053, 489053
2015, RAJASTHAN, 8, UDAIPUR, 108, BHINDER, 1376, BHATEWAR, 42266, 1121824, Drinking water, 0, 0, 0, 0, 0, 0, 265000, 265000
2015, RAJASTHAN, 8, UDAIPUR, 108, BHINDER, 1376, BHATEWAR, 42266, 1121824, Roads, 0, 0, 0, 0, 0, 0, 405000, 405000
2015, RAJASTHAN, 8, UDAIPUR, 108, BHINDER, 1376, BHATEWAR, 42266, 1121824, Sanitation, 0, 0, 0, 0, 0, 0, 310000, 310000
2015, RAJASTHAN, 8, UDAIPUR, 108, BHINDER, 1376, BHATEWAR, 42266, 1121824, Total, 0, 0, 0, 0, 0, 0, 980000, 980000
2015, RAJASTHAN, 8, UDAIPUR, 108, BHINDER, 1376, BHOPA KHEDA, 42267, 1120100, Drinking water, 0, 0, 0, 0, 0, 0, 910000, 910000
2015, RAJASTHAN, 8, UDAIPUR, 108, BHINDER, 1376, BHOPA KHEDA, 42267, 1120100, Sanitation, 0, 0, 0, 0, 0, 0, 790000, 790000
2015, RAJASTHAN, 8, UDAIPUR, 108, BHINDER, 1376, BHOPA KHEDA, 42267, 1120100, Total, 0, 0, 0, 0, 0, 0, 1700000, 1700000
2015, RAJASTHAN, 8, UDAIPUR, 108, BHINDER, 1376, CHARGADIYA, 42268, 1135260, Drinking water, 0, 0, 0, 0, 0, 0, 565000, 565000
2015, RAJASTHAN, 8, UDAIPUR, 108, BHINDER, 1376, CHARGADIYA, 42268, 1135260, Roads, 0, 0, 0, 0, 0, 0, 30000, 30000
2015, RAJASTHAN, 8, UDAIPUR, 108, BHINDER, 1376, CHARGADIYA, 42268, 1135260, Sanitation, 0, 0, 0, 0, 0, 0, 250000, 250000
2015, RAJASTHAN, 8, UDAIPUR, 108, BHINDER, 1376, CHARGADIYA, 42268, 1135260, Total, 0, 0, 0, 0, 0, 0, 845000, 845000
2015, RAJASTHAN, 8, UDAIPUR, 108, BHINDER, 1376, DAROLI, 42269, 1135230, Sanitation, 0, 0, 0, 0, 0, 0, 77430, 77430
2015, RAJASTHAN, 8, UDAIPUR, 108, BHINDER, 1376, DAROLI, 42269, 1135230, Total, 0, 0, 0, 0, 0, 0, 77430, 77430
2015, RAJASTHAN, 8, UDAIPUR, 108, BHINDER, 1376, DHAMANIYA, 42270, 1164177, Sanitation, 0, 0, 0, 0, 0, 0, 250000, 250000
2015, RAJASTHAN, 8, UDAIPUR, 108, BHINDER, 1376, DHAMANIYA, 42270, 1164177, Total, 0, 0, 0, 0, 0, 0, 250000, 250000
2015, RAJASTHAN, 8, UDAIPUR, 108, BHINDER, 1376, DHARTA, 42271, 1120069, Drinking water, 0, 0, 0, 0, 0, 0, 156577, 156577
2015, RAJASTHAN, 8, UDAIPUR, 108, BHINDER, 1376, DHARTA, 42271, 1120069, Roads, 0, 0, 0, 0, 0, 0, 349747, 349747
2015, RAJASTHAN, 8, UDAIPUR, 108, BHINDER, 1376, DHARTA, 42271, 1120069, Total, 0, 0, 0, 0, 0, 0, 506324, 506324
2015, RAJASTHAN, 8, UDAIPUR, 108, BHINDER, 1376, DHAVA, 42272, 1141352, Roads, 0, 0, 0, 0, 0, 0, 300000, 300000
2015, RAJASTHAN, 8, UDAIPUR, 108, BHINDER, 1376, DHAVA, 42272, 1141352, Sanitation, 0, 0, 0, 0, 0, 0, 100000, 100000
2015, RAJASTHAN, 8, UDAIPUR, 108, BHINDER, 1376, DHAVA, 42272, 1141352, Social welfare, 0, 0, 0, 0, 0, 0, 548000, 548000
2015, RAJASTHAN, 8, UDAIPUR, 108, BHINDER, 1376, DHAVA, 42272, 1141352, Total, 0, 0, 0, 0, 0, 0, 948000, 948000
2015, RAJASTHAN, 8, UDAIPUR, 108, BHINDER, 1376, DHAVDIYA, 42273, 1135531, Drinking water, 0, 0, 0, 0, 0, 0, 539040, 539040
2015, RAJASTHAN, 8, UDAIPUR, 108, BHINDER, 1376, DHAVDIYA, 42273, 1135531, Total, 0, 0, 0, 0, 0, 0, 539040, 539040
2015, RAJASTHAN, 8, UDAIPUR, 108, BHINDER, 1376, GOONPRI, 42275, 1120167, Drinking water, 0, 0, 0, 0, 0, 0, 1560000, 1560000
2015, RAJASTHAN, 8, UDAIPUR, 108, BHINDER, 1376, GOONPRI, 42275, 1120167, Roads, 0, 0, 0, 0, 0, 0, 100000, 100000
2015, RAJASTHAN, 8, UDAIPUR, 108, BHINDER, 1376, GOONPRI, 42275, 1120167, Sanitation, 0, 0, 0, 0, 0, 0, 200000, 200000
2015, RAJASTHAN, 8, UDAIPUR, 108, BHINDER, 1376, GOONPRI, 42275, 1120167, Total, 0, 0, 0, 0, 0, 0, 1860000, 1860000
2015, RAJASTHAN, 8, UDAIPUR, 108, BHINDER, 1376, GOTIPA, 42274, 1163085, Drinking water, 0, 0, 0, 0, 0, 0, 675000, 675000
2015, RAJASTHAN, 8, UDAIPUR, 108, BHINDER, 1376, GOTIPA, 42274, 1163085, Sanitation, 0, 0, 0, 0, 0, 0, 300000, 300000
2015, RAJASTHAN, 8, UDAIPUR, 108, BHINDER, 1376, GOTIPA, 42274, 1163085, Total, 0, 0, 0, 0, 0, 0, 975000, 975000
2015, RAJASTHAN, 8, UDAIPUR, 108, BHINDER, 1376, HEENTA, 42276, 1141350, Drinking water, 0, 0, 0, 0, 0, 0, 55000, 55000
2015, RAJASTHAN, 8, UDAIPUR, 108, BHINDER, 1376, HEENTA, 42276, 1141350, Health, 0, 0, 0, 0, 0, 0, 312000, 312000
2015, RAJASTHAN, 8, UDAIPUR, 108, BHINDER, 1376, HEENTA, 42276, 1141350, Roads, 0, 0, 0, 0, 0, 0, 1230000, 1230000
2015, RAJASTHAN, 8, UDAIPUR, 108, BHINDER, 1376, HEENTA, 42276, 1141350, Total, 0, 0, 0, 0, 0, 0, 1597000, 1597000
2015, RAJASTHAN, 8, UDAIPUR, 108, BHINDER, 1376, KARANPUR, 42277, 1114393, Drinking water, 0, 0, 0, 0, 0, 0, 402000, 402000
2015, RAJASTHAN, 8, UDAIPUR, 108, BHINDER, 1376, KARANPUR, 42277, 1114393, Roads, 0, 0, 0, 0, 0, 0, 1142000, 1142000
2015, RAJASTHAN, 8, UDAIPUR, 108, BHINDER, 1376, KARANPUR, 42277, 1114393, Sanitation, 0, 0, 0, 0, 0, 0, 450000, 450000
2015, RAJASTHAN, 8, UDAIPUR, 108, BHINDER, 1376, KARANPUR, 42277, 1114393, Total, 0, 0, 0, 0, 0, 0, 1994000, 1994000
2015, RAJASTHAN, 8, UDAIPUR, 108, BHINDER, 1376, KEDARIYA, 42278, 1172478, Drinking water, 0, 0, 0, 0, 0, 0, 200000, 200000
2015, RAJASTHAN, 8, UDAIPUR, 108, BHINDER, 1376, KEDARIYA, 42278, 1172478, Total, 0, 0, 0, 0, 0, 0, 200000, 200000
2015, RAJASTHAN, 8, UDAIPUR, 108, BHINDER, 1376, KEEKAWAS, 42281, 1121924, Drinking water, 0, 0, 0, 0, 0, 0, 55000, 55000
2015, RAJASTHAN, 8, UDAIPUR, 108, BHINDER, 1376, KEEKAWAS, 42281, 1121924, Roads, 0, 0, 0, 0, 0, 0, 239000, 239000
2015, RAJASTHAN, 8, UDAIPUR, 108, BHINDER, 1376, KEEKAWAS, 42281, 1121924, Sanitation, 0, 0, 0, 0, 0, 0, 277000, 277000
2015, RAJASTHAN, 8, UDAIPUR, 108, BHINDER, 1376, KEEKAWAS, 42281, 1121924, Total, 0, 0, 0, 0, 0, 0, 571000, 571000
2015, RAJASTHAN, 8, UDAIPUR, 108, BHINDER, 1376, KHARSAN, 42279, 1135446, Drinking water, 0, 0, 0, 0, 0, 0, 400000, 400000
2015, RAJASTHAN, 8, UDAIPUR, 108, BHINDER, 1376, KHARSAN, 42279, 1135446, Roads, 0, 0, 0, 0, 0, 0, 250000, 250000
2015, RAJASTHAN, 8, UDAIPUR, 108, BHINDER, 1376, KHARSAN, 42279, 1135446, Sanitation, 0, 0, 0, 0, 0, 0, 200000, 200000
2015, RAJASTHAN, 8, UDAIPUR, 108, BHINDER, 1376, KHARSAN, 42279, 1135446, Total, 0, 0, 0, 0, 0, 0, 850000, 850000
2015, RAJASTHAN, 8, UDAIPUR, 108, BHINDER, 1376, KHERODA, 42280, 1121888, Drinking water, 0, 0, 0, 0, 0, 0, 430000, 430000
2015, RAJASTHAN, 8, UDAIPUR, 108, BHINDER, 1376, KHERODA, 42280, 1121888, Roads, 0, 0, 0, 0, 0, 0, 300000, 300000
2015, RAJASTHAN, 8, UDAIPUR, 108, BHINDER, 1376, KHERODA, 42280, 1121888, Sanitation, 0, 0, 0, 0, 0, 0, 835000, 835000
2015, RAJASTHAN, 8, UDAIPUR, 108, BHINDER, 1376, KHERODA, 42280, 1121888, Total, 0, 0, 0, 0, 0, 0, 1565000, 1565000
2015, RAJASTHAN, 8, UDAIPUR, 108, BHINDER, 1376, KUNDAI, 42282, 1121814, Drinking water, 0, 0, 0, 0, 0, 0, 550000, 550000
2015, RAJASTHAN, 8, UDAIPUR, 108, BHINDER, 1376, KUNDAI, 42282, 1121814, Roads, 0, 0, 0, 0, 0, 0, 500000, 500000
2015, RAJASTHAN, 8, UDAIPUR, 108, BHINDER, 1376, KUNDAI, 42282, 1121814, Total, 0, 0, 0, 0, 0, 0, 1050000, 1050000
2015, RAJASTHAN, 8, UDAIPUR, 108, BHINDER, 1376, KUNTWAS, 42283, 1120192, Drinking water, 0, 0, 0, 0, 0, 0, 500000, 500000
2015, RAJASTHAN, 8, UDAIPUR, 108, BHINDER, 1376, KUNTWAS, 42283, 1120192, Health, 0, 0, 0, 0, 0, 0, 25000, 25000
2015, RAJASTHAN, 8, UDAIPUR, 108, BHINDER, 1376, KUNTWAS, 42283, 1120192, Maintenance of community system, 0, 0, 0, 0, 0, 0, 250000, 250000
2015, RAJASTHAN, 8, UDAIPUR, 108, BHINDER, 1376, KUNTWAS, 42283, 1120192, Roads, 0, 0, 0, 0, 0, 0, 470000, 470000
2015, RAJASTHAN, 8, UDAIPUR, 108, BHINDER, 1376, KUNTWAS, 42283, 1120192, Sanitation, 0, 0, 0, 0, 0, 0, 326000, 326000
2015, RAJASTHAN, 8, UDAIPUR, 108, BHINDER, 1376, KUNTWAS, 42283, 1120192, Total, 0, 0, 0, 0, 0, 0, 1571000, 1571000
2015, RAJASTHAN, 8, UDAIPUR, 108, BHINDER, 1376, LUNDA, 42284, 1120264, Drinking water, 0, 0, 0, 0, 0, 0, 859000, 859000
2015, RAJASTHAN, 8, UDAIPUR, 108, BHINDER, 1376, LUNDA, 42284, 1120264, Roads, 0, 0, 0, 0, 0, 0, 1027000, 1027000
2015, RAJASTHAN, 8, UDAIPUR, 108, BHINDER, 1376, LUNDA, 42284, 1120264, Sanitation, 0, 0, 0, 0, 0, 0, 150000, 150000
2015, RAJASTHAN, 8, UDAIPUR, 108, BHINDER, 1376, LUNDA, 42284, 1120264, Total, 0, 0, 0, 0, 0, 0, 2036000, 2036000
2015, RAJASTHAN, 8, UDAIPUR, 108, BHINDER, 1376, MAAL KI TOOS, 42287, 1170524, Drinking water, 0, 0, 0, 0, 0, 0, 430000, 430000
2015, RAJASTHAN, 8, UDAIPUR, 108, BHINDER, 1376, MAAL KI TOOS, 42287, 1170524, Health, 0, 0, 0, 0, 0, 0, 900000, 900000
2015, RAJASTHAN, 8, UDAIPUR, 108, BHINDER, 1376, MAAL KI TOOS, 42287, 1170524, Sanitation, 0, 0, 0, 0, 0, 0, 300000, 300000
2015, RAJASTHAN, 8, UDAIPUR, 108, BHINDER, 1376, MAAL KI TOOS, 42287, 1170524, Total, 0, 0, 0, 0, 0, 0, 1630000, 1630000
2015, RAJASTHAN, 8, UDAIPUR, 108, BHINDER, 1376, MAHARAJ KI KHEDI, 42285, 1135459, Drinking water, 0, 0, 0, 0, 0, 0, 216120, 216120
2015, RAJASTHAN, 8, UDAIPUR, 108, BHINDER, 1376, MAHARAJ KI KHEDI, 42285, 1135459, Total, 0, 0, 0, 0, 0, 0, 216120, 216120
2015, RAJASTHAN, 8, UDAIPUR, 108, BHINDER, 1376, MAJAWADA, 42286, 1135445, Drinking water, 0, 0, 0, 0, 0, 0, 410000, 410000
2015, RAJASTHAN, 8, UDAIPUR, 108, BHINDER, 1376, MAJAWADA, 42286, 1135445, Roads, 0, 0, 0, 0, 0, 0, 200000, 200000
2015, RAJASTHAN, 8, UDAIPUR, 108, BHINDER, 1376, MAJAWADA, 42286, 1135445, Sanitation, 0, 0, 0, 0, 0, 0, 70000, 70000
2015, RAJASTHAN, 8, UDAIPUR, 108, BHINDER, 1376, MAJAWADA, 42286, 1135445, Total, 0, 0, 0, 0, 0, 0, 680000, 680000
2015, RAJASTHAN, 8, UDAIPUR, 108, BHINDER, 1376, MENAR, 42288, 1164221, Drinking water, 0, 0, 0, 0, 0, 0, 499000, 499000
2015, RAJASTHAN, 8, UDAIPUR, 108, BHINDER, 1376, MENAR, 42288, 1164221, Sanitation, 0, 0, 0, 0, 0, 0, 100000, 100000
2015, RAJASTHAN, 8, UDAIPUR, 108, BHINDER, 1376, MENAR, 42288, 1164221, Total, 0, 0, 0, 0, 0, 0, 599000, 599000
2015, RAJASTHAN, 8, UDAIPUR, 108, BHINDER, 1376, MODI, 42289, 1161057, Drinking water, 0, 0, 0, 0, 0, 0, 550000, 550000
2015, RAJASTHAN, 8, UDAIPUR, 108, BHINDER, 1376, MODI, 42289, 1161057, Sanitation, 0, 0, 0, 0, 0, 0, 900000, 900000
2015, RAJASTHAN, 8, UDAIPUR, 108, BHINDER, 1376, MODI, 42289, 1161057, Total, 0, 0, 0, 0, 0, 0, 1450000, 1450000
2015, RAJASTHAN, 8, UDAIPUR, 108, BHINDER, 1376, MOTIDA, 42290, 1135448, Drinking water, 0, 0, 0, 0, 0, 0, 210000, 210000
2015, RAJASTHAN, 8, UDAIPUR, 108, BHINDER, 1376, MOTIDA, 42290, 1135448, Roads, 0, 0, 0, 0, 0, 0, 627000, 627000
2015, RAJASTHAN, 8, UDAIPUR, 108, BHINDER, 1376, MOTIDA, 42290, 1135448, Total, 0, 0, 0, 0, 0, 0, 837000, 837000
2015, RAJASTHAN, 8, UDAIPUR, 108, BHINDER, 1376, NANDVEL, 42291, 1135473, Drinking water, 0, 0, 0, 0, 0, 0, 825000, 825000
2015, RAJASTHAN, 8, UDAIPUR, 108, BHINDER, 1376, NANDVEL, 42291, 1135473, Sanitation, 0, 0, 0, 0, 0, 0, 400000, 400000
2015, RAJASTHAN, 8, UDAIPUR, 108, BHINDER, 1376, NANDVEL, 42291, 1135473, Total, 0, 0, 0, 0, 0, 0, 1225000, 1225000
2015, RAJASTHAN, 8, UDAIPUR, 108, BHINDER, 1376, NAVANIA, 42292, 1120338, Drinking water, 0, 0, 0, 0, 0, 0, 60000, 60000
2015, RAJASTHAN, 8, UDAIPUR, 108, BHINDER, 1376, NAVANIA, 42292, 1120338, Sanitation, 0, 0, 0, 0, 0, 0, 200000, 200000
2015, RAJASTHAN, 8, UDAIPUR, 108, BHINDER, 1376, NAVANIA, 42292, 1120338, Total, 0, 0, 0, 0, 0, 0, 260000, 260000
2015, RAJASTHAN, 8, UDAIPUR, 108, BHINDER, 1376, PANUND, 42293, 1120112, Drinking water, 0, 0, 0, 0, 0, 0, 275000, 275000
2015, RAJASTHAN, 8, UDAIPUR, 108, BHINDER, 1376, PANUND, 42293, 1120112, Sanitation, 0, 0, 0, 0, 0, 0, 100000, 100000
2015, RAJASTHAN, 8, UDAIPUR, 108, BHINDER, 1376, PANUND, 42293, 1120112, Total, 0, 0, 0, 0, 0, 0, 375000, 375000
2015, RAJASTHAN, 8, UDAIPUR, 108, BHINDER, 1376, PITHALPURA, 42294, 1172551, Drinking water, 0, 0, 0, 0, 0, 0, 870000, 870000
2015, RAJASTHAN, 8, UDAIPUR, 108, BHINDER, 1376, PITHALPURA, 42294, 1172551, Sanitation, 0, 0, 0, 0, 0, 0, 722000, 722000
2015, RAJASTHAN, 8, UDAIPUR, 108, BHINDER, 1376, PITHALPURA, 42294, 1172551, Total, 0, 0, 0, 0, 0, 0, 1592000, 1592000
2015, RAJASTHAN, 8, UDAIPUR, 108, BHINDER, 1376, RUNDERA, 42295, 1135453, Roads, 0, 0, 0, 0, 0, 0, 1300000, 1300000
2015, RAJASTHAN, 8, UDAIPUR, 108, BHINDER, 1376, RUNDERA, 42295, 1135453, Sanitation, 0, 0, 0, 0, 0, 0, 200000, 200000
2015, RAJASTHAN, 8, UDAIPUR, 108, BHINDER, 1376, RUNDERA, 42295, 1135453, Total, 0, 0, 0, 0, 0, 0, 1500000, 1500000
2015, RAJASTHAN, 8, UDAIPUR, 108, BHINDER, 1376, SALERA, 42296, 1120353, Drinking water, 0, 0, 0, 0, 0, 0, 718000, 718000
2015, RAJASTHAN, 8, UDAIPUR, 108, BHINDER, 1376, SALERA, 42296, 1120353, Total, 0, 0, 0, 0, 0, 0, 718000, 718000
2015, RAJASTHAN, 8, UDAIPUR, 108, BHINDER, 1376, SARANGPUR BHI, 42297, 1135480, Drinking water, 0, 0, 0, 0, 0, 0, 1405000, 1405000
2015, RAJASTHAN, 8, UDAIPUR, 108, BHINDER, 1376, SARANGPUR BHI, 42297, 1135480, Education, 0, 0, 0, 0, 0, 0, 100000, 100000
2015, RAJASTHAN, 8, UDAIPUR, 108, BHINDER, 1376, SARANGPUR BHI, 42297, 1135480, Roads, 0, 0, 0, 0, 0, 0, 194000, 194000
2015, RAJASTHAN, 8, UDAIPUR, 108, BHINDER, 1376, SARANGPUR BHI, 42297, 1135480, Sanitation, 0, 0, 0, 0, 0, 0, 55000, 55000
2015, RAJASTHAN, 8, UDAIPUR, 108, BHINDER, 1376, SARANGPUR BHI, 42297, 1135480, Social welfare, 0, 0, 0, 0, 0, 0, 40000, 40000
2015, RAJASTHAN, 8, UDAIPUR, 108, BHINDER, 1376, SARANGPUR BHI, 42297, 1135480, Total, 0, 0, 0, 0, 0, 0, 1794000, 1794000
2015, RAJASTHAN, 8, UDAIPUR, 108, BHINDER, 1376, SARANGPURA (KANORE), 42298, 1120133, Drinking water, 0, 0, 0, 0, 0, 0, 955000, 955000
2015, RAJASTHAN, 8, UDAIPUR, 108, BHINDER, 1376, SARANGPURA (KANORE), 42298, 1120133, Roads, 0, 0, 0, 0, 0, 0, 2315000, 2315000
2015, RAJASTHAN, 8, UDAIPUR, 108, BHINDER, 1376, SARANGPURA (KANORE), 42298, 1120133, Total, 0, 0, 0, 0, 0, 0, 3270000, 3270000
2015, RAJASTHAN, 8, UDAIPUR, 108, BHINDER, 1376, SAVNA, 42299, 1121857, Drinking water, 0, 0, 0, 0, 0, 0, 54000, 54000
2015, RAJASTHAN, 8, UDAIPUR, 108, BHINDER, 1376, SAVNA, 42299, 1121857, Roads, 0, 0, 0, 0, 0, 0, 1375000, 1375000
2015, RAJASTHAN, 8, UDAIPUR, 108, BHINDER, 1376, SAVNA, 42299, 1121857, Total, 0, 0, 0, 0, 0, 0, 1429000, 1429000
2015, RAJASTHAN, 8, UDAIPUR, 108, BHINDER, 1376, SINHAR, 42300, 1135455, Drinking water, 0, 0, 0, 0, 0, 0, 220000, 220000
2015, RAJASTHAN, 8, UDAIPUR, 108, BHINDER, 1376, SINHAR, 42300, 1135455, Sanitation, 0, 0, 0, 0, 0, 0, 75000, 75000
2015, RAJASTHAN, 8, UDAIPUR, 108, BHINDER, 1376, SINHAR, 42300, 1135455, Total, 0, 0, 0, 0, 0, 0, 295000, 295000
2015, RAJASTHAN, 8, UDAIPUR, 108, BHINDER, 1376, TARAWAT, 42301, 1135463, Sanitation, 0, 0, 0, 0, 0, 0, 900000, 900000
2015, RAJASTHAN, 8, UDAIPUR, 108, BHINDER, 1376, TARAWAT, 42301, 1135463, Total, 0, 0, 0, 0, 0, 0, 900000, 900000
2015, RAJASTHAN, 8, UDAIPUR, 108, BHINDER, 1376, TOOS DANGIYAN, 42302, 1120316, Roads, 0, 0, 0, 0, 0, 0, 2200000, 2200000
2015, RAJASTHAN, 8, UDAIPUR, 108, BHINDER, 1376, TOOS DANGIYAN, 42302, 1120316, Total, 0, 0, 0, 0, 0, 0, 2200000, 2200000
2015, RAJASTHAN, 8, UDAIPUR, 108, BHINDER, 1376, VAARNI, 42306, 1113177, Drinking water, 0, 0, 0, 0, 0, 0, 557597, 557597
2015, RAJASTHAN, 8, UDAIPUR, 108, BHINDER, 1376, VAARNI, 42306, 1113177, Maintenance of community system, 0, 0, 0, 0, 0, 0, 10840, 10840
2015, RAJASTHAN, 8, UDAIPUR, 108, BHINDER, 1376, VAARNI, 42306, 1113177, Roads, 0, 0, 0, 0, 0, 0, 212092, 212092
2015, RAJASTHAN, 8, UDAIPUR, 108, BHINDER, 1376, VAARNI, 42306, 1113177, Sanitation, 0, 0, 0, 0, 0, 0, 212996, 212996
2015, RAJASTHAN, 8, UDAIPUR, 108, BHINDER, 1376, VAARNI, 42306, 1113177, Total, 0, 0, 0, 0, 0, 0, 993525, 993525
2015, RAJASTHAN, 8, UDAIPUR, 108, BHINDER, 1376, VALLABHNAGAR, 42303, 1162677, Drinking water, 0, 0, 0, 0, 0, 0, 595000, 595000
2015, RAJASTHAN, 8, UDAIPUR, 108, BHINDER, 1376, VALLABHNAGAR, 42303, 1162677, Roads, 0, 0, 0, 0, 0, 0, 600000, 600000
2015, RAJASTHAN, 8, UDAIPUR, 108, BHINDER, 1376, VALLABHNAGAR, 42303, 1162677, Sanitation, 0, 0, 0, 0, 0, 0, 1305000, 1305000
2015, RAJASTHAN, 8, UDAIPUR, 108, BHINDER, 1376, VALLABHNAGAR, 42303, 1162677, Total, 0, 0, 0, 0, 0, 0, 2500000, 2500000
2015, RAJASTHAN, 8, UDAIPUR, 108, BHINDER, 1376, VANA, 42304, 1121905, Drinking water, 0, 0, 0, 0, 0, 0, 480000, 480000
2015, RAJASTHAN, 8, UDAIPUR, 108, BHINDER, 1376, VANA, 42304, 1121905, Roads, 0, 0, 0, 0, 0, 0, 500000, 500000
2015, RAJASTHAN, 8, UDAIPUR, 108, BHINDER, 1376, VANA, 42304, 1121905, Sanitation, 0, 0, 0, 0, 0, 0, 350000, 350000
2015, RAJASTHAN, 8, UDAIPUR, 108, BHINDER, 1376, VANA, 42304, 1121905, Total, 0, 0, 0, 0, 0, 0, 1330000, 1330000
2015, RAJASTHAN, 8, UDAIPUR, 108, BHINDER, 1376, VANIA TALAI, 42305, 1135263, Drinking water, 0, 0, 0, 0, 0, 0, 170000, 170000
2015, RAJASTHAN, 8, UDAIPUR, 108, BHINDER, 1376, VANIA TALAI, 42305, 1135263, Roads, 0, 0, 0, 0, 0, 0, 500000, 500000
2015, RAJASTHAN, 8, UDAIPUR, 108, BHINDER, 1376, VANIA TALAI, 42305, 1135263, Total, 0, 0, 0, 0, 0, 0, 670000, 670000
2015, RAJASTHAN, 8, UDAIPUR, 108, GIRWA, 1378, ALSIGARH, 42356, 1172682, Drinking water, 0, 0, 0, 0, 0, 0, 470000, 470000
2015, RAJASTHAN, 8, UDAIPUR, 108, GIRWA, 1378, ALSIGARH, 42356, 1172682, Roads, 0, 0, 0, 0, 0, 0, 1790920, 1790920
2015, RAJASTHAN, 8, UDAIPUR, 108, GIRWA, 1378, ALSIGARH, 42356, 1172682, Total, 0, 0, 0, 0, 0, 0, 2260920, 2260920
2015, RAJASTHAN, 8, UDAIPUR, 108, GIRWA, 1378, AMARPURA, 262788, 1183785, Drinking water, 0, 0, 0, 0, 0, 0, 316000, 316000
2015, RAJASTHAN, 8, UDAIPUR, 108, GIRWA, 1378, AMARPURA, 262788, 1183785, Education, 0, 0, 0, 0, 0, 0, 250000, 250000
2015, RAJASTHAN, 8, UDAIPUR, 108, GIRWA, 1378, AMARPURA, 262788, 1183785, Family welfare, 0, 0, 0, 0, 0, 0, 1433677, 1433677
2015, RAJASTHAN, 8, UDAIPUR, 108, GIRWA, 1378, AMARPURA, 262788, 1183785, Public distribution system, 0, 0, 0, 0, 0, 0, 1000000, 1000000
2015, RAJASTHAN, 8, UDAIPUR, 108, GIRWA, 1378, AMARPURA, 262788, 1183785, Total, 0, 0, 0, 0, 0, 0, 2999677, 2999677
2015, RAJASTHAN, 8, UDAIPUR, 108, GIRWA, 1378, BACHHAR, 42357, 1172837, Drinking water, 0, 0, 0, 0, 0, 0, 520000, 520000
2015, RAJASTHAN, 8, UDAIPUR, 108, GIRWA, 1378, BACHHAR, 42357, 1172837, Education, 0, 0, 0, 0, 0, 0, 775247, 775247
2015, RAJASTHAN, 8, UDAIPUR, 108, GIRWA, 1378, BACHHAR, 42357, 1172837, Roads, 0, 0, 0, 0, 0, 0, 2228883, 2228883
2015, RAJASTHAN, 8, UDAIPUR, 108, GIRWA, 1378, BACHHAR, 42357, 1172837, Total, 0, 0, 0, 0, 0, 0, 3524130, 3524130
2015, RAJASTHAN, 8, UDAIPUR, 108, GIRWA, 1378, BADI UNDRI, 42358, 1166238, Drinking water, 0, 0, 0, 0, 0, 0, 1219538, 1219538
2015, RAJASTHAN, 8, UDAIPUR, 108, GIRWA, 1378, BADI UNDRI, 42358, 1166238, Education, 0, 0, 0, 0, 0, 0, 250000, 250000
2015, RAJASTHAN, 8, UDAIPUR, 108, GIRWA, 1378, BADI UNDRI, 42358, 1166238, Roads, 0, 0, 0, 0, 0, 0, 2035544, 2035544
2015, RAJASTHAN, 8, UDAIPUR, 108, GIRWA, 1378, BADI UNDRI, 42358, 1166238, Total, 0, 0, 0, 0, 0, 0, 3505082, 3505082
2015, RAJASTHAN, 8, UDAIPUR, 108, GIRWA, 1378, BALICHA, 42359, 1174891, Drinking water, 0, 0, 0, 0, 0, 0, 864000, 864000
2015, RAJASTHAN, 8, UDAIPUR, 108, GIRWA, 1378, BALICHA, 42359, 1174891, Education, 0, 0, 0, 0, 0, 0, 450000, 450000
2015, RAJASTHAN, 8, UDAIPUR, 108, GIRWA, 1378, BALICHA, 42359, 1174891, Family welfare, 0, 0, 0, 0, 0, 0, 1026857, 1026857
2015, RAJASTHAN, 8, UDAIPUR, 108, GIRWA, 1378, BALICHA, 42359, 1174891, Public distribution system, 0, 0, 0, 0, 0, 0, 100000, 100000
2015, RAJASTHAN, 8, UDAIPUR, 108, GIRWA, 1378, BALICHA, 42359, 1174891, Roads, 0, 0, 0, 0, 0, 0, 1011838, 1011838
2015, RAJASTHAN, 8, UDAIPUR, 108, GIRWA, 1378, BALICHA, 42359, 1174891, Total, 0, 0, 0, 0, 0, 0, 3452695, 3452695
2015, RAJASTHAN, 8, UDAIPUR, 108, GIRWA, 1378, BARAN, 262784, 1183745, Drinking water, 0, 0, 0, 0, 0, 0, 648000, 648000
2015, RAJASTHAN, 8, UDAIPUR, 108, GIRWA, 1378, BARAN, 262784, 1183745, Family welfare, 0, 0, 0, 0, 0, 0, 1770076, 1770076
2015, RAJASTHAN, 8, UDAIPUR, 108, GIRWA, 1378, BARAN, 262784, 1183745, Total, 0, 0, 0, 0, 0, 0, 2418076, 2418076
2015, RAJASTHAN, 8, UDAIPUR, 108, GIRWA, 1378, BARAPAL, 42361, 1172687, Drinking water, 0, 0, 0, 0, 0, 0, 1507213, 1507213
2015, RAJASTHAN, 8, UDAIPUR, 108, GIRWA, 1378, BARAPAL, 42361, 1172687, Education, 0, 0, 0, 0, 0, 0, 250000, 250000
2015, RAJASTHAN, 8, UDAIPUR, 108, GIRWA, 1378, BARAPAL, 42361, 1172687, Family welfare, 0, 0, 0, 0, 0, 0, 1250000, 1250000
2015, RAJASTHAN, 8, UDAIPUR, 108, GIRWA, 1378, BARAPAL, 42361, 1172687, Public distribution system, 0, 0, 0, 0, 0, 0, 200000, 200000
2015, RAJASTHAN, 8, UDAIPUR, 108, GIRWA, 1378, BARAPAL, 42361, 1172687, Social welfare, 0, 0, 0, 0, 0, 0, 180000, 180000
2015, RAJASTHAN, 8, UDAIPUR, 108, GIRWA, 1378, BARAPAL, 42361, 1172687, Total, 0, 0, 0, 0, 0, 0, 3387213, 3387213
2015, RAJASTHAN, 8, UDAIPUR, 108, GIRWA, 1378, BEDWAS, 262789, 1183738, Family welfare, 0, 0, 0, 0, 0, 0, 2589522, 2589522
2015, RAJASTHAN, 8, UDAIPUR, 108, GIRWA, 1378, BEDWAS, 262789, 1183738, Total, 0, 0, 0, 0, 0, 0, 2589522, 2589522
2015, RAJASTHAN, 8, UDAIPUR, 108, GIRWA, 1378, BHOIYO KI PANCHOLI, 42366, 1170815, Drinking water, 0, 0, 0, 0, 0, 0, 175000, 175000
2015, RAJASTHAN, 8, UDAIPUR, 108, GIRWA, 1378, BHOIYO KI PANCHOLI, 42366, 1170815, Family welfare, 0, 0, 0, 0, 0, 0, 2961000, 2961000
2015, RAJASTHAN, 8, UDAIPUR, 108, GIRWA, 1378, BHOIYO KI PANCHOLI, 42366, 1170815, Total, 0, 0, 0, 0, 0, 0, 3136000, 3136000
2015, RAJASTHAN, 8, UDAIPUR, 108, GIRWA, 1378, BUJHDA, 42369, 1166245, Drinking water, 0, 0, 0, 0, 0, 0, 677978, 677978
2015, RAJASTHAN, 8, UDAIPUR, 108, GIRWA, 1378, BUJHDA, 42369, 1166245, Roads, 0, 0, 0, 0, 0, 0, 1950000, 1950000
2015, RAJASTHAN, 8, UDAIPUR, 108, GIRWA, 1378, BUJHDA, 42369, 1166245, Sanitation, 0, 0, 0, 0, 0, 0, 536000, 536000
2015, RAJASTHAN, 8, UDAIPUR, 108, GIRWA, 1378, BUJHDA, 42369, 1166245, Total, 0, 0, 0, 0, 0, 0, 3163978, 3163978
2015, RAJASTHAN, 8, UDAIPUR, 108, GIRWA, 1378, CHANAVADA, 42370, 1177697, Drinking water, 0, 0, 0, 0, 0, 0, 648000, 648000
2015, RAJASTHAN, 8, UDAIPUR, 108, GIRWA, 1378, CHANAVADA, 42370, 1177697, Education, 0, 0, 0, 0, 0, 0, 2643144, 2643144
2015, RAJASTHAN, 8, UDAIPUR, 108, GIRWA, 1378, CHANAVADA, 42370, 1177697, Public distribution system, 0, 0, 0, 0, 0, 0, 714578, 714578
2015, RAJASTHAN, 8, UDAIPUR, 108, GIRWA, 1378, CHANAVADA, 42370, 1177697, Total, 0, 0, 0, 0, 0, 0, 4005722, 4005722
2015, RAJASTHAN, 8, UDAIPUR, 108, GIRWA, 1378, CHOKADIYA, 262766, 1183767, Drinking water, 0, 0, 0, 0, 0, 0, 432000, 432000
2015, RAJASTHAN, 8, UDAIPUR, 108, GIRWA, 1378, CHOKADIYA, 262766, 1183767, Education, 0, 0, 0, 0, 0, 0, 100000, 100000
2015, RAJASTHAN, 8, UDAIPUR, 108, GIRWA, 1378, CHOKADIYA, 262766, 1183767, Family welfare, 0, 0, 0, 0, 0, 0, 1545558, 1545558
2015, RAJASTHAN, 8, UDAIPUR, 108, GIRWA, 1378, CHOKADIYA, 262766, 1183767, Roads, 0, 0, 0, 0, 0, 0, 260155, 260155
2015, RAJASTHAN, 8, UDAIPUR, 108, GIRWA, 1378, CHOKADIYA, 262766, 1183767, Total, 0, 0, 0, 0, 0, 0, 2337713, 2337713
2015, RAJASTHAN, 8, UDAIPUR, 108, GIRWA, 1378, DAKAN KOTRA, 42372, 1166251, Drinking water, 0, 0, 0, 0, 0, 0, 1258363, 1258363
2015, RAJASTHAN, 8, UDAIPUR, 108, GIRWA, 1378, DAKAN KOTRA, 42372, 1166251, Roads, 0, 0, 0, 0, 0, 0, 824000, 824000
2015, RAJASTHAN, 8, UDAIPUR, 108, GIRWA, 1378, DAKAN KOTRA, 42372, 1166251, Sanitation, 0, 0, 0, 0, 0, 0, 747657, 747657
2015, RAJASTHAN, 8, UDAIPUR, 108, GIRWA, 1378, DAKAN KOTRA, 42372, 1166251, Total, 0, 0, 0, 0, 0, 0, 2830020, 2830020
2015, RAJASTHAN, 8, UDAIPUR, 108, GIRWA, 1378, DEBARI, 42374, 1184509, Education, 0, 0, 0, 0, 0, 0, 125000, 125000
2015, RAJASTHAN, 8, UDAIPUR, 108, GIRWA, 1378, DEBARI, 42374, 1184509, Family welfare, 0, 0, 0, 0, 0, 0, 2287125, 2287125
2015, RAJASTHAN, 8, UDAIPUR, 108, GIRWA, 1378, DEBARI, 42374, 1184509, Total, 0, 0, 0, 0, 0, 0, 2412125, 2412125
2015, RAJASTHAN, 8, UDAIPUR, 108, GIRWA, 1378, DEVALI GRAMIN, 262767, 1166632, Drinking water, 0, 0, 0, 0, 0, 0, 864000, 864000
2015, RAJASTHAN, 8, UDAIPUR, 108, GIRWA, 1378, DEVALI GRAMIN, 262767, 1166632, Maintenance of community system, 0, 0, 0, 0, 0, 0, 122636, 122636
2015, RAJASTHAN, 8, UDAIPUR, 108, GIRWA, 1378, DEVALI GRAMIN, 262767, 1166632, Roads, 0, 0, 0, 0, 0, 0, 1217136, 1217136
2015, RAJASTHAN, 8, UDAIPUR, 108, GIRWA, 1378, DEVALI GRAMIN, 262767, 1166632, Total, 0, 0, 0, 0, 0, 0, 2203772, 2203772
2015, RAJASTHAN, 8, UDAIPUR, 108, GIRWA, 1378, DODAWALI, 42375, 1166613, Drinking water, 0, 0, 0, 0, 0, 0, 340000, 340000
2015, RAJASTHAN, 8, UDAIPUR, 108, GIRWA, 1378, DODAWALI, 42375, 1166613, Roads, 0, 0, 0, 0, 0, 0, 1450731, 1450731
2015, RAJASTHAN, 8, UDAIPUR, 108, GIRWA, 1378, DODAWALI, 42375, 1166613, Total, 0, 0, 0, 0, 0, 0, 2790731, 2790731
2015, RAJASTHAN, 8, UDAIPUR, 108, GIRWA, 1378, DODAWALI, 42375, 1166613, Water Conservation, 0, 0, 0, 0, 0, 0, 1000000, 1000000
2015, RAJASTHAN, 8, UDAIPUR, 108, GIRWA, 1378, JABLA, 262781, 1171918, Drinking water, 0, 0, 0, 0, 0, 0, 1973306, 1973306
2015, RAJASTHAN, 8, UDAIPUR, 108, GIRWA, 1378, JABLA, 262781, 1171918, Roads, 0, 0, 0, 0, 0, 0, 434651, 434651
2015, RAJASTHAN, 8, UDAIPUR, 108, GIRWA, 1378, JABLA, 262781, 1171918, Total, 0, 0, 0, 0, 0, 0, 2407957, 2407957
2015, RAJASTHAN, 8, UDAIPUR, 108, GIRWA, 1378, JAWAR-MINES, 42378, 1194362, Drinking water, 0, 0, 0, 0, 0, 0, 1440000, 1440000
2015, RAJASTHAN, 8, UDAIPUR, 108, GIRWA, 1378, JAWAR-MINES, 42378, 1194362, Education, 0, 0, 0, 0, 0, 0, 136505, 136505
2015, RAJASTHAN, 8, UDAIPUR, 108, GIRWA, 1378, JAWAR-MINES, 42378, 1194362, Family welfare, 0, 0, 0, 0, 0, 0, 2207768, 2207768
2015, RAJASTHAN, 8, UDAIPUR, 108, GIRWA, 1378, JAWAR-MINES, 42378, 1194362, Total, 0, 0, 0, 0, 0, 0, 3784273, 3784273
2015, RAJASTHAN, 8, UDAIPUR, 108, GIRWA, 1378, KALADWAS, 42380, 1172900, Drinking water, 0, 0, 0, 0, 0, 0, 948112, 948112
2015, RAJASTHAN, 8, UDAIPUR, 108, GIRWA, 1378, KALADWAS, 42380, 1172900, Roads, 0, 0, 0, 0, 0, 0, 2400000, 2400000
2015, RAJASTHAN, 8, UDAIPUR, 108, GIRWA, 1378, KALADWAS, 42380, 1172900, Sanitation, 0, 0, 0, 0, 0, 0, 76604, 76604
2015, RAJASTHAN, 8, UDAIPUR, 108, GIRWA, 1378, KALADWAS, 42380, 1172900, Total, 0, 0, 0, 0, 0, 0, 3424716, 3424716
2015, RAJASTHAN, 8, UDAIPUR, 108, GIRWA, 1378, KANPUR, 42381, 1172902, Drinking water, 0, 0, 0, 0, 0, 0, 234000, 234000
2015, RAJASTHAN, 8, UDAIPUR, 108, GIRWA, 1378, KANPUR, 42381, 1172902, Family welfare, 0, 0, 0, 0, 0, 0, 1860000, 1860000
2015, RAJASTHAN, 8, UDAIPUR, 108, GIRWA, 1378, KANPUR, 42381, 1172902, Maintenance of community system, 0, 0, 0, 0, 0, 0, 45542, 45542
2015, RAJASTHAN, 8, UDAIPUR, 108, GIRWA, 1378, KANPUR, 42381, 1172902, Roads, 0, 0, 0, 0, 0, 0, 908949, 908949
2015, RAJASTHAN, 8, UDAIPUR, 108, GIRWA, 1378, KANPUR, 42381, 1172902, Total, 0, 0, 0, 0, 0, 0, 3048491, 3048491
2015, RAJASTHAN, 8, UDAIPUR, 108, GIRWA, 1378, KAYA, 42382, 1175629, Education, 0, 0, 0, 0, 0, 0, 744919, 744919
2015, RAJASTHAN, 8, UDAIPUR, 108, GIRWA, 1378, KAYA, 42382, 1175629, Roads, 0, 0, 0, 0, 0, 0, 3131092, 3131092
2015, RAJASTHAN, 8, UDAIPUR, 108, GIRWA, 1378, KAYA, 42382, 1175629, Sanitation, 0, 0, 0, 0, 0, 0, 700000, 700000
2015, RAJASTHAN, 8, UDAIPUR, 108, GIRWA, 1378, KAYA, 42382, 1175629, Total, 0, 0, 0, 0, 0, 0, 4576011, 4576011
2015, RAJASTHAN, 8, UDAIPUR, 108, GIRWA, 1378, KHJOORI, 262769, 1183338, Drinking water, 0, 0, 0, 0, 0, 0, 432000, 432000
2015, RAJASTHAN, 8, UDAIPUR, 108, GIRWA, 1378, KHJOORI, 262769, 1183338, Family welfare, 0, 0, 0, 0, 0, 0, 2642100, 2642100
2015, RAJASTHAN, 8, UDAIPUR, 108, GIRWA, 1378, KHJOORI, 262769, 1183338, Total, 0, 0, 0, 0, 0, 0, 3074100, 3074100
2015, RAJASTHAN, 8, UDAIPUR, 108, GIRWA, 1378, LAKADWAS, 42385, 1170789, Drinking water, 0, 0, 0, 0, 0, 0, 1144000, 1144000
2015, RAJASTHAN, 8, UDAIPUR, 108, GIRWA, 1378, LAKADWAS, 42385, 1170789, Family welfare, 0, 0, 0, 0, 0, 0, 2483381, 2483381
2015, RAJASTHAN, 8, UDAIPUR, 108, GIRWA, 1378, LAKADWAS, 42385, 1170789, Public distribution system, 0, 0, 0, 0, 0, 0, 600000, 600000
2015, RAJASTHAN, 8, UDAIPUR, 108, GIRWA, 1378, LAKADWAS, 42385, 1170789, Sanitation, 0, 0, 0, 0, 0, 0, 145041, 145041
2015, RAJASTHAN, 8, UDAIPUR, 108, GIRWA, 1378, LAKADWAS, 42385, 1170789, Total, 0, 0, 0, 0, 0, 0, 4372422, 4372422
2015, RAJASTHAN, 8, UDAIPUR, 108, GIRWA, 1378, MANWAKHEDA, 262790, 1183787, Drinking water, 0, 0, 0, 0, 0, 0, 200000, 200000
2015, RAJASTHAN, 8, UDAIPUR, 108, GIRWA, 1378, MANWAKHEDA, 262790, 1183787, Family welfare, 0, 0, 0, 0, 0, 0, 2638479, 2638479
2015, RAJASTHAN, 8, UDAIPUR, 108, GIRWA, 1378, MANWAKHEDA, 262790, 1183787, Fisheries, 0, 0, 0, 0, 0, 0, 42736, 42736
2015, RAJASTHAN, 8, UDAIPUR, 108, GIRWA, 1378, MANWAKHEDA, 262790, 1183787, Total, 0, 0, 0, 0, 0, 0, 2881215, 2881215
2015, RAJASTHAN, 8, UDAIPUR, 108, GIRWA, 1378, MATOON, 42387, 1172739, Drinking water, 0, 0, 0, 0, 0, 0, 442000, 442000
2015, RAJASTHAN, 8, UDAIPUR, 108, GIRWA, 1378, MATOON, 42387, 1172739, Education, 0, 0, 0, 0, 0, 0, 100000, 100000
2015, RAJASTHAN, 8, UDAIPUR, 108, GIRWA, 1378, MATOON, 42387, 1172739, Family welfare, 0, 0, 0, 0, 0, 0, 250000, 250000
2015, RAJASTHAN, 8, UDAIPUR, 108, GIRWA, 1378, MATOON, 42387, 1172739, Fuel and fodder, 0, 0, 0, 0, 0, 0, 250000, 250000
2015, RAJASTHAN, 8, UDAIPUR, 108, GIRWA, 1378, MATOON, 42387, 1172739, Maintenance of community system, 0, 0, 0, 0, 0, 0, 500000, 500000
2015, RAJASTHAN, 8, UDAIPUR, 108, GIRWA, 1378, MATOON, 42387, 1172739, Roads, 0, 0, 0, 0, 0, 0, 591302, 591302
2015, RAJASTHAN, 8, UDAIPUR, 108, GIRWA, 1378, MATOON, 42387, 1172739, Sanitation, 0, 0, 0, 0, 0, 0, 558609, 558609
2015, RAJASTHAN, 8, UDAIPUR, 108, GIRWA, 1378, MATOON, 42387, 1172739, Total, 0, 0, 0, 0, 0, 0, 2691911, 2691911
2015, RAJASTHAN, 8, UDAIPUR, 108, GIRWA, 1378, NAI, 42388, 1172713, Drinking water, 0, 0, 0, 0, 0, 0, 504000, 504000
2015, RAJASTHAN, 8, UDAIPUR, 108, GIRWA, 1378, NAI, 42388, 1172713, Education, 0, 0, 0, 0, 0, 0, 250000, 250000
2015, RAJASTHAN, 8, UDAIPUR, 108, GIRWA, 1378, NAI, 42388, 1172713, Roads, 0, 0, 0, 0, 0, 0, 1266680, 1266680
2015, RAJASTHAN, 8, UDAIPUR, 108, GIRWA, 1378, NAI, 42388, 1172713, Sanitation, 0, 0, 0, 0, 0, 0, 465856, 465856
2015, RAJASTHAN, 8, UDAIPUR, 108, GIRWA, 1378, NAI, 42388, 1172713, Total, 0, 0, 0, 0, 0, 0, 2486536, 2486536
2015, RAJASTHAN, 8, UDAIPUR, 108, GIRWA, 1378, PADUNA, 42389, 1166257, Drinking water, 0, 0, 0, 0, 0, 0, 1684201, 1684201
2015, RAJASTHAN, 8, UDAIPUR, 108, GIRWA, 1378, PADUNA, 42389, 1166257, Roads, 0, 0, 0, 0, 0, 0, 1748850, 1748850
2015, RAJASTHAN, 8, UDAIPUR, 108, GIRWA, 1378, PADUNA, 42389, 1166257, Total, 0, 0, 0, 0, 0, 0, 3433051, 3433051
2015, RAJASTHAN, 8, UDAIPUR, 108, GIRWA, 1378, PAI, 42390, 1166260, Drinking water, 0, 0, 0, 0, 0, 0, 1162000, 1162000
2015, RAJASTHAN, 8, UDAIPUR, 108, GIRWA, 1378, PAI, 42390, 1166260, Roads, 0, 0, 0, 0, 0, 0, 3514021, 3514021
2015, RAJASTHAN, 8, UDAIPUR, 108, GIRWA, 1378, PAI, 42390, 1166260, Total, 0, 0, 0, 0, 0, 0, 4676021, 4676021
2015, RAJASTHAN, 8, UDAIPUR, 108, GIRWA, 1378, POPALTI, 262765, 1194379, Family welfare, 0, 0, 0, 0, 0, 0, 1325194, 1325194
2015, RAJASTHAN, 8, UDAIPUR, 108, GIRWA, 1378, POPALTI, 262765, 1194379, Public distribution system, 0, 0, 0, 0, 0, 0, 800000, 800000
2015, RAJASTHAN, 8, UDAIPUR, 108, GIRWA, 1378, POPALTI, 262765, 1194379, Total, 0, 0, 0, 0, 0, 0, 2125194, 2125194
2015, RAJASTHAN, 8, UDAIPUR, 108, GIRWA, 1378, SARU, 42394, 1177682, Drinking water, 0, 0, 0, 0, 0, 0, 1072004, 1072004
2015, RAJASTHAN, 8, UDAIPUR, 108, GIRWA, 1378, SARU, 42394, 1177682, Family welfare, 0, 0, 0, 0, 0, 0, 821070, 821070
2015, RAJASTHAN, 8, UDAIPUR, 108, GIRWA, 1378, SARU, 42394, 1177682, Public distribution system, 0, 0, 0, 0, 0, 0, 500000, 500000
2015, RAJASTHAN, 8, UDAIPUR, 108, GIRWA, 1378, SARU, 42394, 1177682, Total, 0, 0, 0, 0, 0, 0, 2393074, 2393074
2015, RAJASTHAN, 8, UDAIPUR, 108, GIRWA, 1378, SARUPAL, 262785, 1170796, Drinking water, 0, 0, 0, 0, 0, 0, 840808, 840808
2015, RAJASTHAN, 8, UDAIPUR, 108, GIRWA, 1378, SARUPAL, 262785, 1170796, Education, 0, 0, 0, 0, 0, 0, 682221, 682221
2015, RAJASTHAN, 8, UDAIPUR, 108, GIRWA, 1378, SARUPAL, 262785, 1170796, Family welfare, 0, 0, 0, 0, 0, 0, 623000, 623000
2015, RAJASTHAN, 8, UDAIPUR, 108, GIRWA, 1378, SARUPAL, 262785, 1170796, Total, 0, 0, 0, 0, 0, 0, 2146029, 2146029
2015, RAJASTHAN, 8, UDAIPUR, 108, GIRWA, 1378, SAVINA GRAMIN, 42395, 1166262, Roads, 0, 0, 0, 0, 0, 0, 2273458, 2273458
2015, RAJASTHAN, 8, UDAIPUR, 108, GIRWA, 1378, SAVINA GRAMIN, 42395, 1166262, Sanitation, 0, 0, 0, 0, 0, 0, 400000, 400000
2015, RAJASTHAN, 8, UDAIPUR, 108, GIRWA, 1378, SAVINA GRAMIN, 42395, 1166262, Total, 0, 0, 0, 0, 0, 0, 2673458, 2673458
2015, RAJASTHAN, 8, UDAIPUR, 108, GIRWA, 1378, SISARMA, 42397, 1166265, Drinking water, 0, 0, 0, 0, 0, 0, 944000, 944000
2015, RAJASTHAN, 8, UDAIPUR, 108, GIRWA, 1378, SISARMA, 42397, 1166265, Roads, 0, 0, 0, 0, 0, 0, 2850379, 2850379
2015, RAJASTHAN, 8, UDAIPUR, 108, GIRWA, 1378, SISARMA, 42397, 1166265, Sanitation, 0, 0, 0, 0, 0, 0, 1310251, 1310251
2015, RAJASTHAN, 8, UDAIPUR, 108, GIRWA, 1378, SISARMA, 42397, 1166265, Total, 0, 0, 0, 0, 0, 0, 5104630, 5104630
2015, RAJASTHAN, 8, UDAIPUR, 108, GIRWA, 1378, TIDI, 42400, 1165701, Cultural activities, 0, 0, 0, 0, 0, 0, 160000, 160000
2015, RAJASTHAN, 8, UDAIPUR, 108, GIRWA, 1378, TIDI, 42400, 1165701, Roads, 0, 0, 0, 0, 0, 0, 2698445, 2698445
2015, RAJASTHAN, 8, UDAIPUR, 108, GIRWA, 1378, TIDI, 42400, 1165701, Sanitation, 0, 0, 0, 0, 0, 0, 298986, 298986
2015, RAJASTHAN, 8, UDAIPUR, 108, GIRWA, 1378, TIDI, 42400, 1165701, Total, 0, 0, 0, 0, 0, 0, 3157431, 3157431
2015, RAJASTHAN, 8, UDAIPUR, 108, GIRWA, 1378, TITARDI, 42401, 1200733, Drinking water, 0, 0, 0, 0, 0, 0, 300000, 300000
2015, RAJASTHAN, 8, UDAIPUR, 108, GIRWA, 1378, TITARDI, 42401, 1200733, Roads, 0, 0, 0, 0, 0, 0, 2714760, 2714760
2015, RAJASTHAN, 8, UDAIPUR, 108, GIRWA, 1378, TITARDI, 42401, 1200733, Sanitation, 0, 0, 0, 0, 0, 0, 1700000, 1700000
2015, RAJASTHAN, 8, UDAIPUR, 108, GIRWA, 1378, TITARDI, 42401, 1200733, Social welfare, 0, 0, 0, 0, 0, 0, 500000, 500000
2015, RAJASTHAN, 8, UDAIPUR, 108, GIRWA, 1378, TITARDI, 42401, 1200733, Total, 0, 0, 0, 0, 0, 0, 5214760, 5214760
2015, RAJASTHAN, 8, UDAIPUR, 108, GIRWA, 1378, UMARDA, 262791, 1184473, Drinking water, 0, 0, 0, 0, 0, 0, 1892554, 1892554
2015, RAJASTHAN, 8, UDAIPUR, 108, GIRWA, 1378, UMARDA, 262791, 1184473, Family welfare, 0, 0, 0, 0, 0, 0, 2456652, 2456652
2015, RAJASTHAN, 8, UDAIPUR, 108, GIRWA, 1378, UMARDA, 262791, 1184473, Total, 0, 0, 0, 0, 0, 0, 4349206, 4349206
2015, RAJASTHAN, 8, UDAIPUR, 108, GOGUNDA, 1379, AMBAVA, 262400, 1097205, Roads, 0, 0, 0, 0, 0, 0, 1083757, 1083757
2015, RAJASTHAN, 8, UDAIPUR, 108, GOGUNDA, 1379, AMBAVA, 262400, 1097205, Total, 0, 0, 0, 0, 0, 0, 1083757, 1083757
2015, RAJASTHAN, 8, UDAIPUR, 108, GOGUNDA, 1379, BAGDUNDA, 42404, 1152028, Drinking water, 0, 0, 0, 0, 0, 0, 355000, 355000
2015, RAJASTHAN, 8, UDAIPUR, 108, GOGUNDA, 1379, BAGDUNDA, 42404, 1152028, Khadi, 0, 0, 0, 0, 0, 0, 218000, 218000
2015, RAJASTHAN, 8, UDAIPUR, 108, GOGUNDA, 1379, BAGDUNDA, 42404, 1152028, Roads, 0, 0, 0, 0, 0, 0, 520110, 520110
2015, RAJASTHAN, 8, UDAIPUR, 108, GOGUNDA, 1379, BAGDUNDA, 42404, 1152028, Total, 0, 0, 0, 0, 0, 0, 1093110, 1093110
2015, RAJASTHAN, 8, UDAIPUR, 108, GOGUNDA, 1379, CHATIYA KHEDI, 42409, 1133250, Drinking water, 0, 0, 0, 0, 0, 0, 1139252, 1139252
2015, RAJASTHAN, 8, UDAIPUR, 108, GOGUNDA, 1379, CHATIYA KHEDI, 42409, 1133250, Total, 0, 0, 0, 0, 0, 0, 1139252, 1139252
2015, RAJASTHAN, 8, UDAIPUR, 108, GOGUNDA, 1379, CHHALI, 42408, 1129880, Drinking water, 0, 0, 0, 0, 0, 0, 150000, 150000
2015, RAJASTHAN, 8, UDAIPUR, 108, GOGUNDA, 1379, CHHALI, 42408, 1129880, Roads, 0, 0, 0, 0, 0, 0, 450000, 450000
2015, RAJASTHAN, 8, UDAIPUR, 108, GOGUNDA, 1379, CHHALI, 42408, 1129880, Total, 0, 0, 0, 0, 0, 0, 600000, 600000
2015, RAJASTHAN, 8, UDAIPUR, 108, GOGUNDA, 1379, CHORBAVDI, 42411, 1139513, Drinking water, 0, 0, 0, 0, 0, 0, 1128495, 1128495
2015, RAJASTHAN, 8, UDAIPUR, 108, GOGUNDA, 1379, CHORBAVDI, 42411, 1139513, Roads, 0, 0, 0, 0, 0, 0, 200000, 200000
2015, RAJASTHAN, 8, UDAIPUR, 108, GOGUNDA, 1379, CHORBAVDI, 42411, 1139513, Total, 0, 0, 0, 0, 0, 0, 1328495, 1328495
2015, RAJASTHAN, 8, UDAIPUR, 108, GOGUNDA, 1379, DADIYA, 42412, 1136404, Drinking water, 0, 0, 0, 0, 0, 0, 288315, 288315
2015, RAJASTHAN, 8, UDAIPUR, 108, GOGUNDA, 1379, DADIYA, 42412, 1136404, Maintenance of community system, 0, 0, 0, 0, 0, 0, 300000, 300000
2015, RAJASTHAN, 8, UDAIPUR, 108, GOGUNDA, 1379, DADIYA, 42412, 1136404, Roads, 0, 0, 0, 0, 0, 0, 600000, 600000
2015, RAJASTHAN, 8, UDAIPUR, 108, GOGUNDA, 1379, DADIYA, 42412, 1136404, Total, 0, 0, 0, 0, 0, 0, 1188315, 1188315
2015, RAJASTHAN, 8, UDAIPUR, 108, GOGUNDA, 1379, GOGUNDA, 42416, 1096877, Drinking water, 0, 0, 0, 0, 0, 0, 750000, 750000
2015, RAJASTHAN, 8, UDAIPUR, 108, GOGUNDA, 1379, GOGUNDA, 42416, 1096877, Roads, 0, 0, 0, 0, 0, 0, 2730536, 2730536
2015, RAJASTHAN, 8, UDAIPUR, 108, GOGUNDA, 1379, GOGUNDA, 42416, 1096877, Total, 0, 0, 0, 0, 0, 0, 3480536, 3480536
2015, RAJASTHAN, 8, UDAIPUR, 108, GOGUNDA, 1379, JASWANTGARH, 42418, 1136427, Maintenance of community system, 0, 0, 0, 0, 0, 0, 600000, 600000
2015, RAJASTHAN, 8, UDAIPUR, 108, GOGUNDA, 1379, JASWANTGARH, 42418, 1136427, Roads, 0, 0, 0, 0, 0, 0, 998925, 998925
2015, RAJASTHAN, 8, UDAIPUR, 108, GOGUNDA, 1379, JASWANTGARH, 42418, 1136427, Total, 0, 0, 0, 0, 0, 0, 1598925, 1598925
2015, RAJASTHAN, 8, UDAIPUR, 108, GOGUNDA, 1379, JHADOLI, 42419, 1096399, Drinking water, 0, 0, 0, 0, 0, 0, 1000000, 1000000
2015, RAJASTHAN, 8, UDAIPUR, 108, GOGUNDA, 1379, JHADOLI, 42419, 1096399, Land improvement, 0, 0, 0, 0, 0, 0, 450000, 450000
2015, RAJASTHAN, 8, UDAIPUR, 108, GOGUNDA, 1379, JHADOLI, 42419, 1096399, Roads, 0, 0, 0, 0, 0, 0, 750000, 750000
2015, RAJASTHAN, 8, UDAIPUR, 108, GOGUNDA, 1379, JHADOLI, 42419, 1096399, Total, 0, 0, 0, 0, 0, 0, 2200000, 2200000
2015, RAJASTHAN, 8, UDAIPUR, 108, GOGUNDA, 1379, KAACHVA, 42420, 1133296, Drinking water, 0, 0, 0, 0, 0, 0, 1168164, 1168164
2015, RAJASTHAN, 8, UDAIPUR, 108, GOGUNDA, 1379, KAACHVA, 42420, 1133296, Total, 0, 0, 0, 0, 0, 0, 1168164, 1168164
2015, RAJASTHAN, 8, UDAIPUR, 108, GOGUNDA, 1379, MADA, 262405, 1130814, Drinking water, 0, 0, 0, 0, 0, 0, 1077339, 1077339
2015, RAJASTHAN, 8, UDAIPUR, 108, GOGUNDA, 1379, MADA, 262405, 1130814, Total, 0, 0, 0, 0, 0, 0, 1077339, 1077339
2015, RAJASTHAN, 8, UDAIPUR, 108, GOGUNDA, 1379, MADRA, 42568, 1130823, Roads, 0, 0, 0, 0, 0, 0, 1059525, 1059525
2015, RAJASTHAN, 8, UDAIPUR, 108, GOGUNDA, 1379, MADRA, 42568, 1130823, Total, 0, 0, 0, 0, 0, 0, 1059525, 1059525
2015, RAJASTHAN, 8, UDAIPUR, 108, GOGUNDA, 1379, MAJAWAD, 42423, 1133274, Roads, 0, 0, 0, 0, 0, 0, 1072375, 1072375
2015, RAJASTHAN, 8, UDAIPUR, 108, GOGUNDA, 1379, MAJAWAD, 42423, 1133274, Total, 0, 0, 0, 0, 0, 0, 1072375, 1072375
2015, RAJASTHAN, 8, UDAIPUR, 108, GOGUNDA, 1379, MAJAWADI, 42424, 1149743, Roads, 0, 0, 0, 0, 0, 0, 1304547, 1304547
2015, RAJASTHAN, 8, UDAIPUR, 108, GOGUNDA, 1379, MAJAWADI, 42424, 1149743, Total, 0, 0, 0, 0, 0, 0, 1304547, 1304547
2015, RAJASTHAN, 8, UDAIPUR, 108, GOGUNDA, 1379, MODI, 42426, 1141856, Drinking water, 0, 0, 0, 0, 0, 0, 1520950, 1520950
2015, RAJASTHAN, 8, UDAIPUR, 108, GOGUNDA, 1379, MODI, 42426, 1141856, Total, 0, 0, 0, 0, 0, 0, 1520950, 1520950
2015, RAJASTHAN, 8, UDAIPUR, 108, GOGUNDA, 1379, MORVAL, 42425, 1130968, Drinking water, 0, 0, 0, 0, 0, 0, 600000, 600000
2015, RAJASTHAN, 8, UDAIPUR, 108, GOGUNDA, 1379, MORVAL, 42425, 1130968, Maintenance of community system, 0, 0, 0, 0, 0, 0, 300000, 300000
2015, RAJASTHAN, 8, UDAIPUR, 108, GOGUNDA, 1379, MORVAL, 42425, 1130968, Roads, 0, 0, 0, 0, 0, 0, 740103, 740103
2015, RAJASTHAN, 8, UDAIPUR, 108, GOGUNDA, 1379, MORVAL, 42425, 1130968, Total, 0, 0, 0, 0, 0, 0, 1640103, 1640103
2015, RAJASTHAN, 8, UDAIPUR, 108, GOGUNDA, 1379, NAL, 262404, 1129172, Drinking water, 0, 0, 0, 0, 0, 0, 250000, 250000
2015, RAJASTHAN, 8, UDAIPUR, 108, GOGUNDA, 1379, NAL, 262404, 1129172, Total, 0, 0, 0, 0, 0, 0, 250000, 250000
2015, RAJASTHAN, 8, UDAIPUR, 108, GOGUNDA, 1379, OVRA KALAN, 42428, 1130983, Roads, 0, 0, 0, 0, 0, 0, 1050763, 1050763
2015, RAJASTHAN, 8, UDAIPUR, 108, GOGUNDA, 1379, OVRA KALAN, 42428, 1130983, Total, 0, 0, 0, 0, 0, 0, 1050763, 1050763
2015, RAJASTHAN, 8, UDAIPUR, 108, GOGUNDA, 1379, PADAWALI KALAN, 42578, 1097242, Roads, 0, 0, 0, 0, 0, 0, 1147080, 1147080
2015, RAJASTHAN, 8, UDAIPUR, 108, GOGUNDA, 1379, PADAWALI KALAN, 42578, 1097242, Total, 0, 0, 0, 0, 0, 0, 1147080, 1147080
2015, RAJASTHAN, 8, UDAIPUR, 108, GOGUNDA, 1379, PADAWALI KHURD, 42579, 1096131, Roads, 0, 0, 0, 0, 0, 0, 600000, 600000
2015, RAJASTHAN, 8, UDAIPUR, 108, GOGUNDA, 1379, PADAWALI KHURD, 42579, 1096131, Total, 0, 0, 0, 0, 0, 0, 600000, 600000
2015, RAJASTHAN, 8, UDAIPUR, 108, GOGUNDA, 1379, PATIYA, 42432, 1133093, Roads, 0, 0, 0, 0, 0, 0, 1170208, 1170208
2015, RAJASTHAN, 8, UDAIPUR, 108, GOGUNDA, 1379, PATIYA, 42432, 1133093, Total, 0, 0, 0, 0, 0, 0, 1170208, 1170208
2015, RAJASTHAN, 8, UDAIPUR, 108, GOGUNDA, 1379, RAVLIYA KALAN, 42435, 1129846, Roads, 0, 0, 0, 0, 0, 0, 225000, 225000
2015, RAJASTHAN, 8, UDAIPUR, 108, GOGUNDA, 1379, RAVLIYA KALAN, 42435, 1129846, Total, 0, 0, 0, 0, 0, 0, 225000, 225000
2015, RAJASTHAN, 8, UDAIPUR, 108, GOGUNDA, 1379, RAVLIYA KHURD, 42436, 1096312, Land improvement, 0, 0, 0, 0, 0, 0, 721000, 721000
2015, RAJASTHAN, 8, UDAIPUR, 108, GOGUNDA, 1379, RAVLIYA KHURD, 42436, 1096312, Total, 0, 0, 0, 0, 0, 0, 721000, 721000
2015, RAJASTHAN, 8, UDAIPUR, 108, GOGUNDA, 1379, SAMIJA, 42581, 1129943, Roads, 0, 0, 0, 0, 0, 0, 1000000, 1000000
2015, RAJASTHAN, 8, UDAIPUR, 108, GOGUNDA, 1379, SAMIJA, 42581, 1129943, Total, 0, 0, 0, 0, 0, 0, 1000000, 1000000
2015, RAJASTHAN, 8, UDAIPUR, 108, GOGUNDA, 1379, VAS, 42585, 1129813, Land improvement, 0, 0, 0, 0, 0, 0, 200000, 200000
2015, RAJASTHAN, 8, UDAIPUR, 108, GOGUNDA, 1379, VAS, 42585, 1129813, Roads, 0, 0, 0, 0, 0, 0, 248000, 248000
2015, RAJASTHAN, 8, UDAIPUR, 108, GOGUNDA, 1379, VAS, 42585, 1129813, Total, 0, 0, 0, 0, 0, 0, 448000, 448000
2015, RAJASTHAN, 8, UDAIPUR, 108, GOGUNDA, 1379, VEERPURA, 262406, 1096364, Roads, 0, 0, 0, 0, 0, 0, 1701690, 1701690
2015, RAJASTHAN, 8, UDAIPUR, 108, GOGUNDA, 1379, VEERPURA, 262406, 1096364, Total, 0, 0, 0, 0, 0, 0, 1701690, 1701690
2015, RAJASTHAN, 8, UDAIPUR, 108, JHADOL, 1380, ATATIYA, 42449, 1120195, Agriculture, 0, 0, 0, 0, 0, 0, 29474, 29474
2015, RAJASTHAN, 8, UDAIPUR, 108, JHADOL, 1380, ATATIYA, 42449, 1120195, Roads, 0, 0, 0, 0, 0, 0, 500000, 500000
2015, RAJASTHAN, 8, UDAIPUR, 108, JHADOL, 1380, ATATIYA, 42449, 1120195, Total, 0, 0, 0, 0, 0, 0, 529474, 529474
2015, RAJASTHAN, 8, UDAIPUR, 108, JHADOL, 1380, BADRANA, 42450, 1111325, Roads, 0, 0, 0, 0, 0, 0, 637238, 637238
2015, RAJASTHAN, 8, UDAIPUR, 108, JHADOL, 1380, BADRANA, 42450, 1111325, Total, 0, 0, 0, 0, 0, 0, 637238, 637238
2015, RAJASTHAN, 8, UDAIPUR, 108, JHADOL, 1380, BAGPURA, 42451, 1111429, Drinking water, 0, 0, 0, 0, 0, 0, 20000, 20000
2015, RAJASTHAN, 8, UDAIPUR, 108, JHADOL, 1380, BAGPURA, 42451, 1111429, Education, 0, 0, 0, 0, 0, 0, 250000, 250000
2015, RAJASTHAN, 8, UDAIPUR, 108, JHADOL, 1380, BAGPURA, 42451, 1111429, Roads, 0, 0, 0, 0, 0, 0, 68296, 68296
2015, RAJASTHAN, 8, UDAIPUR, 108, JHADOL, 1380, BAGPURA, 42451, 1111429, Rural electrification, 0, 0, 0, 0, 0, 0, 150000, 150000
2015, RAJASTHAN, 8, UDAIPUR, 108, JHADOL, 1380, BAGPURA, 42451, 1111429, Total, 0, 0, 0, 0, 0, 0, 488296, 488296
2015, RAJASTHAN, 8, UDAIPUR, 108, JHADOL, 1380, BRAHMANO KA KHERWARA, 42454, 1111435, Fisheries, 0, 0, 0, 0, 0, 0, 250000, 250000
2015, RAJASTHAN, 8, UDAIPUR, 108, JHADOL, 1380, BRAHMANO KA KHERWARA, 42454, 1111435, Roads, 0, 0, 0, 0, 0, 0, 454554, 454554
2015, RAJASTHAN, 8, UDAIPUR, 108, JHADOL, 1380, BRAHMANO KA KHERWARA, 42454, 1111435, Total, 0, 0, 0, 0, 0, 0, 704554, 704554
2015, RAJASTHAN, 8, UDAIPUR, 108, JHADOL, 1380, CHANDWAS, 42455, 1111416, Roads, 0, 0, 0, 0, 0, 0, 601901, 601901
2015, RAJASTHAN, 8, UDAIPUR, 108, JHADOL, 1380, CHANDWAS, 42455, 1111416, Total, 0, 0, 0, 0, 0, 0, 601901, 601901
2015, RAJASTHAN, 8, UDAIPUR, 108, JHADOL, 1380, DAMANA MAGWAS, 262378, 1112043, Roads, 0, 0, 0, 0, 0, 0, 548165, 548165
2015, RAJASTHAN, 8, UDAIPUR, 108, JHADOL, 1380, DAMANA MAGWAS, 262378, 1112043, Total, 0, 0, 0, 0, 0, 0, 548165, 548165
2015, RAJASTHAN, 8, UDAIPUR, 108, JHADOL, 1380, DEWAS, 42457, 1112027, Roads, 0, 0, 0, 0, 0, 0, 855394, 855394
2015, RAJASTHAN, 8, UDAIPUR, 108, JHADOL, 1380, DEWAS, 42457, 1112027, Total, 0, 0, 0, 0, 0, 0, 855394, 855394
2015, RAJASTHAN, 8, UDAIPUR, 108, JHADOL, 1380, GEJVI, 42459, 1111026, Roads, 0, 0, 0, 0, 0, 0, 649796, 649796
2015, RAJASTHAN, 8, UDAIPUR, 108, JHADOL, 1380, GEJVI, 42459, 1111026, Total, 0, 0, 0, 0, 0, 0, 649796, 649796
2015, RAJASTHAN, 8, UDAIPUR, 108, JHADOL, 1380, GODANA, 42460, 1133091, Roads, 0, 0, 0, 0, 0, 0, 649796, 649796
2015, RAJASTHAN, 8, UDAIPUR, 108, JHADOL, 1380, GODANA, 42460, 1133091, Total, 0, 0, 0, 0, 0, 0, 649796, 649796
2015, RAJASTHAN, 8, UDAIPUR, 108, JHADOL, 1380, GOGLA, 42461, 1120186, Roads, 0, 0, 0, 0, 0, 0, 534001, 534001
2015, RAJASTHAN, 8, UDAIPUR, 108, JHADOL, 1380, GOGLA, 42461, 1120186, Total, 0, 0, 0, 0, 0, 0, 534001, 534001
2015, RAJASTHAN, 8, UDAIPUR, 108, JHADOL, 1380, GORAN, 42462, 1111991, Roads, 0, 0, 0, 0, 0, 0, 551231, 551231
2015, RAJASTHAN, 8, UDAIPUR, 108, JHADOL, 1380, GORAN, 42462, 1111991, Total, 0, 0, 0, 0, 0, 0, 551231, 551231
2015, RAJASTHAN, 8, UDAIPUR, 108, JHADOL, 1380, GORANA, 42463, 1117128, Roads, 0, 0, 0, 0, 0, 0, 660893, 660893
2015, RAJASTHAN, 8, UDAIPUR, 108, JHADOL, 1380, GORANA, 42463, 1117128, Total, 0, 0, 0, 0, 0, 0, 660893, 660893
2015, RAJASTHAN, 8, UDAIPUR, 108, JHADOL, 1380, JEKDA, 42465, 1116382, Roads, 0, 0, 0, 0, 0, 0, 524801, 524801
2015, RAJASTHAN, 8, UDAIPUR, 108, JHADOL, 1380, JEKDA, 42465, 1116382, Total, 0, 0, 0, 0, 0, 0, 524801, 524801
2015, RAJASTHAN, 8, UDAIPUR, 108, JHADOL, 1380, JHADOL, 42467, 1116407, Roads, 0, 0, 0, 0, 0, 0, 911174, 911174
2015, RAJASTHAN, 8, UDAIPUR, 108, JHADOL, 1380, JHADOL, 42467, 1116407, Total, 0, 0, 0, 0, 0, 0, 911174, 911174
2015, RAJASTHAN, 8, UDAIPUR, 108, JHADOL, 1380, KADA, 42468, 1111130, Roads, 0, 0, 0, 0, 0, 0, 750000, 750000
2015, RAJASTHAN, 8, UDAIPUR, 108, JHADOL, 1380, KADA, 42468, 1111130, Rural electrification, 0, 0, 0, 0, 0, 0, 20409, 20409
2015, RAJASTHAN, 8, UDAIPUR, 108, JHADOL, 1380, KADA, 42468, 1111130, Total, 0, 0, 0, 0, 0, 0, 770409, 770409
2015, RAJASTHAN, 8, UDAIPUR, 108, JHADOL, 1380, KANTHARIYA, 42469, 1120163, Roads, 0, 0, 0, 0, 0, 0, 621760, 621760
2015, RAJASTHAN, 8, UDAIPUR, 108, JHADOL, 1380, KANTHARIYA, 42469, 1120163, Total, 0, 0, 0, 0, 0, 0, 621760, 621760
2015, RAJASTHAN, 8, UDAIPUR, 108, JHADOL, 1380, KHAKHAD, 42470, 1116393, Roads, 0, 0, 0, 0, 0, 0, 564227, 564227
2015, RAJASTHAN, 8, UDAIPUR, 108, JHADOL, 1380, KHAKHAD, 42470, 1116393, Total, 0, 0, 0, 0, 0, 0, 564227, 564227
2015, RAJASTHAN, 8, UDAIPUR, 108, JHADOL, 1380, KOCHLA, 262377, 1158881, Roads, 0, 0, 0, 0, 0, 0, 557510, 557510
2015, RAJASTHAN, 8, UDAIPUR, 108, JHADOL, 1380, KOCHLA, 262377, 1158881, Total, 0, 0, 0, 0, 0, 0, 557510, 557510
2015, RAJASTHAN, 8, UDAIPUR, 108, JHADOL, 1380, LUNAWATON KA KHEDA, 42473, 1110997, Roads, 0, 0, 0, 0, 0, 0, 539988, 539988
2015, RAJASTHAN, 8, UDAIPUR, 108, JHADOL, 1380, LUNAWATON KA KHEDA, 42473, 1110997, Total, 0, 0, 0, 0, 0, 0, 539988, 539988
2015, RAJASTHAN, 8, UDAIPUR, 108, JHADOL, 1380, MAGWAS, 42476, 1117122, Education, 0, 0, 0, 0, 0, 0, 400000, 400000
2015, RAJASTHAN, 8, UDAIPUR, 108, JHADOL, 1380, MAGWAS, 42476, 1117122, Roads, 0, 0, 0, 0, 0, 0, 182042, 182042
2015, RAJASTHAN, 8, UDAIPUR, 108, JHADOL, 1380, MAGWAS, 42476, 1117122, Total, 0, 0, 0, 0, 0, 0, 582042, 582042
2015, RAJASTHAN, 8, UDAIPUR, 108, JHADOL, 1380, MAKDA DEO, 42477, 1116397, Roads, 0, 0, 0, 0, 0, 0, 553714, 553714
2015, RAJASTHAN, 8, UDAIPUR, 108, JHADOL, 1380, MAKDA DEO, 42477, 1116397, Total, 0, 0, 0, 0, 0, 0, 553714, 553714
2015, RAJASTHAN, 8, UDAIPUR, 108, JHADOL, 1380, MANAS, 262386, 1116401, Roads, 0, 0, 0, 0, 0, 0, 574157, 574157
2015, RAJASTHAN, 8, UDAIPUR, 108, JHADOL, 1380, MANAS, 262386, 1116401, Total, 0, 0, 0, 0, 0, 0, 574157, 574157
2015, RAJASTHAN, 8, UDAIPUR, 108, JHADOL, 1380, NAINBARA, 262387, 1556417, Drinking water, 0, 0, 0, 0, 0, 0, 715000, 715000
2015, RAJASTHAN, 8, UDAIPUR, 108, JHADOL, 1380, NAINBARA, 262387, 1556417, Land improvement, 0, 0, 0, 0, 0, 0, 624593, 624593
2015, RAJASTHAN, 8, UDAIPUR, 108, JHADOL, 1380, NAINBARA, 262387, 1556417, Total, 0, 0, 0, 0, 0, 0, 1339593, 1339593
2015, RAJASTHAN, 8, UDAIPUR, 108, JHADOL, 1380, NETAJI KA BARA, 262381, 1125605, Roads, 0, 0, 0, 0, 0, 0, 547873, 547873
2015, RAJASTHAN, 8, UDAIPUR, 108, JHADOL, 1380, NETAJI KA BARA, 262381, 1125605, Total, 0, 0, 0, 0, 0, 0, 547873, 547873
2015, RAJASTHAN, 8, UDAIPUR, 108, JHADOL, 1380, ODA, 42480, 1108001, Roads, 0, 0, 0, 0, 0, 0, 542616, 542616
2015, RAJASTHAN, 8, UDAIPUR, 108, JHADOL, 1380, ODA, 42480, 1108001, Total, 0, 0, 0, 0, 0, 0, 542616, 542616
2015, RAJASTHAN, 8, UDAIPUR, 108, JHADOL, 1380, OGNA, 42481, 1111421, Roads, 0, 0, 0, 0, 0, 0, 516478, 516478
2015, RAJASTHAN, 8, UDAIPUR, 108, JHADOL, 1380, OGNA, 42481, 1111421, Total, 0, 0, 0, 0, 0, 0, 516478, 516478
2015, RAJASTHAN, 8, UDAIPUR, 108, JHADOL, 1380, PILAK, 262384, 1125452, Roads, 0, 0, 0, 0, 0, 0, 523633, 523633
2015, RAJASTHAN, 8, UDAIPUR, 108, JHADOL, 1380, PILAK, 262384, 1125452, Total, 0, 0, 0, 0, 0, 0, 523633, 523633
2015, RAJASTHAN, 8, UDAIPUR, 108, JHADOL, 1380, ROHIMALA, 262385, 1125207, Roads, 0, 0, 0, 0, 0, 0, 517646, 517646
2015, RAJASTHAN, 8, UDAIPUR, 108, JHADOL, 1380, ROHIMALA, 262385, 1125207, Total, 0, 0, 0, 0, 0, 0, 517646, 517646
2015, RAJASTHAN, 8, UDAIPUR, 108, JHADOL, 1380, SELANA, 262388, 1125218, Roads, 0, 0, 0, 0, 0, 0, 713899, 713899
2015, RAJASTHAN, 8, UDAIPUR, 108, JHADOL, 1380, SELANA, 262388, 1125218, Total, 0, 0, 0, 0, 0, 0, 713899, 713899
2015, RAJASTHAN, 8, UDAIPUR, 108, JHADOL, 1380, SULTANJI KA KHERWARA, 42487, 1120182, Roads, 0, 0, 0, 0, 0, 0, 628623, 628623
2015, RAJASTHAN, 8, UDAIPUR, 108, JHADOL, 1380, SULTANJI KA KHERWARA, 42487, 1120182, Total, 0, 0, 0, 0, 0, 0, 628623, 628623
2015, RAJASTHAN, 8, UDAIPUR, 108, JHADOL, 1380, THOBAWARA, 42488, 1121303, Roads, 0, 0, 0, 0, 0, 0, 728465, 728465
2015, RAJASTHAN, 8, UDAIPUR, 108, JHADOL, 1380, THOBAWARA, 42488, 1121303, Rural housing, 0, 0, 0, 0, 0, 0, 150000, 150000
2015, RAJASTHAN, 8, UDAIPUR, 108, JHADOL, 1380, THOBAWARA, 42488, 1121303, Total, 0, 0, 0, 0, 0, 0, 878465, 878465
2015, RAJASTHAN, 8, UDAIPUR, 108, JHALLARA, 262257, AAMLODA, 42635, 1112157, Drinking water, 0, 0, 0, 0, 0, 0, 600000, 600000
2015, RAJASTHAN, 8, UDAIPUR, 108, JHALLARA, 262257, AAMLODA, 42635, 1112157, Maintenance of community system, 0, 0, 0, 0, 0, 0, 27118, 27118
2015, RAJASTHAN, 8, UDAIPUR, 108, JHALLARA, 262257, AAMLODA, 42635, 1112157, Roads, 0, 0, 0, 0, 0, 0, 1350000, 1350000
2015, RAJASTHAN, 8, UDAIPUR, 108, JHALLARA, 262257, AAMLODA, 42635, 1112157, Total, 0, 0, 0, 0, 0, 0, 1977118, 1977118
2015, RAJASTHAN, 8, UDAIPUR, 108, JHALLARA, 262257, AMALVA, 42633, 1098199, Drinking water, 0, 0, 0, 0, 0, 0, 961983, 961983
2015, RAJASTHAN, 8, UDAIPUR, 108, JHALLARA, 262257, AMALVA, 42633, 1098199, Total, 0, 0, 0, 0, 0, 0, 961983, 961983
2015, RAJASTHAN, 8, UDAIPUR, 108, JHALLARA, 262257, BANODA, 42637, 1115173, Drinking water, 0, 0, 0, 0, 0, 0, 360000, 360000
2015, RAJASTHAN, 8, UDAIPUR, 108, JHALLARA, 262257, BANODA, 42637, 1115173, Roads, 0, 0, 0, 0, 0, 0, 1071633, 1071633
2015, RAJASTHAN, 8, UDAIPUR, 108, JHALLARA, 262257, BANODA, 42637, 1115173, Social welfare, 0, 0, 0, 0, 0, 0, 200000, 200000
2015, RAJASTHAN, 8, UDAIPUR, 108, JHALLARA, 262257, BANODA, 42637, 1115173, Total, 0, 0, 0, 0, 0, 0, 1631633, 1631633
2015, RAJASTHAN, 8, UDAIPUR, 108, JHALLARA, 262257, BHABRANA, 42642, 1099154, Drinking water, 0, 0, 0, 0, 0, 0, 900000, 900000
2015, RAJASTHAN, 8, UDAIPUR, 108, JHALLARA, 262257, BHABRANA, 42642, 1099154, Roads, 0, 0, 0, 0, 0, 0, 500000, 500000
2015, RAJASTHAN, 8, UDAIPUR, 108, JHALLARA, 262257, BHABRANA, 42642, 1099154, Sanitation, 0, 0, 0, 0, 0, 0, 526887, 526887
2015, RAJASTHAN, 8, UDAIPUR, 108, JHALLARA, 262257, BHABRANA, 42642, 1099154, Total, 0, 0, 0, 0, 0, 0, 1926887, 1926887
2015, RAJASTHAN, 8, UDAIPUR, 108, JHALLARA, 262257, BUDEL, 42643, 1099007, Drinking water, 0, 0, 0, 0, 0, 0, 1140000, 1140000
2015, RAJASTHAN, 8, UDAIPUR, 108, JHALLARA, 262257, BUDEL, 42643, 1099007, Land improvement, 0, 0, 0, 0, 0, 0, 218575, 218575
2015, RAJASTHAN, 8, UDAIPUR, 108, JHALLARA, 262257, BUDEL, 42643, 1099007, Total, 0, 0, 0, 0, 0, 0, 1358575, 1358575
2015, RAJASTHAN, 8, UDAIPUR, 108, JHALLARA, 262257, DEOGAON, 42647, 1097805, Drinking water, 0, 0, 0, 0, 0, 0, 686393, 686393
2015, RAJASTHAN, 8, UDAIPUR, 108, JHALLARA, 262257, DEOGAON, 42647, 1097805, Social welfare, 0, 0, 0, 0, 0, 0, 400000, 400000
2015, RAJASTHAN, 8, UDAIPUR, 108, JHALLARA, 262257, DEOGAON, 42647, 1097805, Total, 0, 0, 0, 0, 0, 0, 1086393, 1086393
2015, RAJASTHAN, 8, UDAIPUR, 108, JHALLARA, 262257, DHOLAGIRI KA KHEDA, 42649, 1097878, Drinking water, 0, 0, 0, 0, 0, 0, 1089897, 1089897
2015, RAJASTHAN, 8, UDAIPUR, 108, JHALLARA, 262257, DHOLAGIRI KA KHEDA, 42649, 1097878, Total, 0, 0, 0, 0, 0, 0, 1089897, 1089897
2015, RAJASTHAN, 8, UDAIPUR, 108, JHALLARA, 262257, GHATED, 42651, 1109134, Drinking water, 0, 0, 0, 0, 0, 0, 480000, 480000
2015, RAJASTHAN, 8, UDAIPUR, 108, JHALLARA, 262257, GHATED, 42651, 1109134, Maintenance of community system, 0, 0, 0, 0, 0, 0, 47728, 47728
2015, RAJASTHAN, 8, UDAIPUR, 108, JHALLARA, 262257, GHATED, 42651, 1109134, Roads, 0, 0, 0, 0, 0, 0, 950000, 950000
2015, RAJASTHAN, 8, UDAIPUR, 108, JHALLARA, 262257, GHATED, 42651, 1109134, Total, 0, 0, 0, 0, 0, 0, 1477728, 1477728
2015, RAJASTHAN, 8, UDAIPUR, 108, JHALLARA, 262257, JETANA, 42657, 1111522, Sanitation, 0, 0, 0, 0, 0, 0, 1012507, 1012507
2015, RAJASTHAN, 8, UDAIPUR, 108, JHALLARA, 262257, JETANA, 42657, 1111522, Total, 0, 0, 0, 0, 0, 0, 1012507, 1012507
2015, RAJASTHAN, 8, UDAIPUR, 108, JHALLARA, 262257, JHALLARA, 42658, 1101715, Drinking water, 0, 0, 0, 0, 0, 0, 420000, 420000
2015, RAJASTHAN, 8, UDAIPUR, 108, JHALLARA, 262257, JHALLARA, 42658, 1101715, Maintenance of community system, 0, 0, 0, 0, 0, 0, 62657, 62657
2015, RAJASTHAN, 8, UDAIPUR, 108, JHALLARA, 262257, JHALLARA, 42658, 1101715, Sanitation, 0, 0, 0, 0, 0, 0, 100000, 100000
2015, RAJASTHAN, 8, UDAIPUR, 108, JHALLARA, 262257, JHALLARA, 42658, 1101715, Total, 0, 0, 0, 0, 0, 0, 1032657, 1032657
2015, RAJASTHAN, 8, UDAIPUR, 108, JHALLARA, 262257, JHALLARA, 42658, 1101715, Tribal Welfare, 0, 0, 0, 0, 0, 0, 450000, 450000
2015, RAJASTHAN, 8, UDAIPUR, 108, JHALLARA, 262257, JODHPUR KHURD, 42659, 1099194, Drinking water, 0, 0, 0, 0, 0, 0, 1188242, 1188242
2015, RAJASTHAN, 8, UDAIPUR, 108, JHALLARA, 262257, JODHPUR KHURD, 42659, 1099194, Social welfare, 0, 0, 0, 0, 0, 0, 300000, 300000
2015, RAJASTHAN, 8, UDAIPUR, 108, JHALLARA, 262257, JODHPUR KHURD, 42659, 1099194, Total, 0, 0, 0, 0, 0, 0, 1488242, 1488242
2015, RAJASTHAN, 8, UDAIPUR, 108, JHALLARA, 262257, KALYANA KALA, 42661, 1095916, Drinking water, 0, 0, 0, 0, 0, 0, 1002577, 1002577
2015, RAJASTHAN, 8, UDAIPUR, 108, JHALLARA, 262257, KALYANA KALA, 42661, 1095916, Total, 0, 0, 0, 0, 0, 0, 1002577, 1002577
2015, RAJASTHAN, 8, UDAIPUR, 108, JHALLARA, 262257, KARAKALAN, 42662, 1109290, Drinking water, 0, 0, 0, 0, 0, 0, 780000, 780000
2015, RAJASTHAN, 8, UDAIPUR, 108, JHALLARA, 262257, KARAKALAN, 42662, 1109290, Sanitation, 0, 0, 0, 0, 0, 0, 250000, 250000
2015, RAJASTHAN, 8, UDAIPUR, 108, JHALLARA, 262257, KARAKALAN, 42662, 1109290, Total, 0, 0, 0, 0, 0, 0, 1284981, 1284981
2015, RAJASTHAN, 8, UDAIPUR, 108, JHALLARA, 262257, KARAKALAN, 42662, 1109290, Tribal Welfare, 0, 0, 0, 0, 0, 0, 254981, 254981
2015, RAJASTHAN, 8, UDAIPUR, 108, JHALLARA, 262257, KHOLDI, 262444, 1101137, Drinking water, 0, 0, 0, 0, 0, 0, 540000, 540000
2015, RAJASTHAN, 8, UDAIPUR, 108, JHALLARA, 262257, KHOLDI, 262444, 1101137, Roads, 0, 0, 0, 0, 0, 0, 572676, 572676
2015, RAJASTHAN, 8, UDAIPUR, 108, JHALLARA, 262257, KHOLDI, 262444, 1101137, Total, 0, 0, 0, 0, 0, 0, 1112676, 1112676
2015, RAJASTHAN, 8, UDAIPUR, 108, JHALLARA, 262257, MALPUR, 42668, 1095935, Drinking water, 0, 0, 0, 0, 0, 0, 1607685, 1607685
2015, RAJASTHAN, 8, UDAIPUR, 108, JHALLARA, 262257, MALPUR, 42668, 1095935, Total, 0, 0, 0, 0, 0, 0, 1607685, 1607685
2015, RAJASTHAN, 8, UDAIPUR, 108, JHALLARA, 262257, MANDLI, 262437, 1097868, Drinking water, 0, 0, 0, 0, 0, 0, 964981, 964981
2015, RAJASTHAN, 8, UDAIPUR, 108, JHALLARA, 262257, MANDLI, 262437, 1097868, Social welfare, 0, 0, 0, 0, 0, 0, 250000, 250000
2015, RAJASTHAN, 8, UDAIPUR, 108, JHALLARA, 262257, MANDLI, 262437, 1097868, Total, 0, 0, 0, 0, 0, 0, 1284981, 1284981
2015, RAJASTHAN, 8, UDAIPUR, 108, JHALLARA, 262257, MANDLI, 262437, 1097868, Tribal Welfare, 0, 0, 0, 0, 0, 0, 70000, 70000
2015, RAJASTHAN, 8, UDAIPUR, 108, JHALLARA, 262257, MANPUR A, 42669, 1117684, Drinking water, 0, 0, 0, 0, 0, 0, 1228373, 1228373
2015, RAJASTHAN, 8, UDAIPUR, 108, JHALLARA, 262257, MANPUR A, 42669, 1117684, Sanitation, 0, 0, 0, 0, 0, 0, 200000, 200000
2015, RAJASTHAN, 8, UDAIPUR, 108, JHALLARA, 262257, MANPUR A, 42669, 1117684, Total, 0, 0, 0, 0, 0, 0, 1428373, 1428373
2015, RAJASTHAN, 8, UDAIPUR, 108, JHALLARA, 262257, MATASULA, 42670, 1109218, Drinking water, 0, 0, 0, 0, 0, 0, 420000, 420000
2015, RAJASTHAN, 8, UDAIPUR, 108, JHALLARA, 262257, MATASULA, 42670, 1109218, Health, 0, 0, 0, 0, 0, 0, 250000, 250000
2015, RAJASTHAN, 8, UDAIPUR, 108, JHALLARA, 262257, MATASULA, 42670, 1109218, Roads, 0, 0, 0, 0, 0, 0, 250000, 250000
2015, RAJASTHAN, 8, UDAIPUR, 108, JHALLARA, 262257, MATASULA, 42670, 1109218, Sanitation, 0, 0, 0, 0, 0, 0, 331104, 331104
2015, RAJASTHAN, 8, UDAIPUR, 108, JHALLARA, 262257, MATASULA, 42670, 1109218, Total, 0, 0, 0, 0, 0, 0, 1251104, 1251104
2015, RAJASTHAN, 8, UDAIPUR, 108, JHALLARA, 262257, MORILA, 42672, 1115303, Drinking water, 0, 0, 0, 0, 0, 0, 1080000, 1080000
2015, RAJASTHAN, 8, UDAIPUR, 108, JHALLARA, 262257, MORILA, 42672, 1115303, Roads, 0, 0, 0, 0, 0, 0, 388674, 388674
2015, RAJASTHAN, 8, UDAIPUR, 108, JHALLARA, 262257, MORILA, 42672, 1115303, Total, 0, 0, 0, 0, 0, 0, 1468674, 1468674
2015, RAJASTHAN, 8, UDAIPUR, 108, JHALLARA, 262257, PAYRA, 42674, 1109342, Drinking water, 0, 0, 0, 0, 0, 0, 455065, 455065
2015, RAJASTHAN, 8, UDAIPUR, 108, JHALLARA, 262257, PAYRA, 42674, 1109342, Roads, 0, 0, 0, 0, 0, 0, 508073, 508073
2015, RAJASTHAN, 8, UDAIPUR, 108, JHALLARA, 262257, PAYRA, 42674, 1109342, Sanitation, 0, 0, 0, 0, 0, 0, 250000, 250000
2015, RAJASTHAN, 8, UDAIPUR, 108, JHALLARA, 262257, PAYRA, 42674, 1109342, Total, 0, 0, 0, 0, 0, 0, 1213138, 1213138
2015, RAJASTHAN, 8, UDAIPUR, 108, JHALLARA, 262257, SHESHPUR, 42677, 1102933, Drinking water, 0, 0, 0, 0, 0, 0, 568456, 568456
2015, RAJASTHAN, 8, UDAIPUR, 108, JHALLARA, 262257, SHESHPUR, 42677, 1102933, Maintenance of community system, 0, 0, 0, 0, 0, 0, 100000, 100000
2015, RAJASTHAN, 8, UDAIPUR, 108, JHALLARA, 262257, SHESHPUR, 42677, 1102933, Sanitation, 0, 0, 0, 0, 0, 0, 400000, 400000
2015, RAJASTHAN, 8, UDAIPUR, 108, JHALLARA, 262257, SHESHPUR, 42677, 1102933, Total, 0, 0, 0, 0, 0, 0, 1168456, 1168456
2015, RAJASTHAN, 8, UDAIPUR, 108, JHALLARA, 262257, SHESHPUR, 42677, 1102933, Tribal Welfare, 0, 0, 0, 0, 0, 0, 100000, 100000
2015, RAJASTHAN, 8, UDAIPUR, 108, JHALLARA, 262257, VEERVA KALLAN, 262429, 1099539, Drinking water, 0, 0, 0, 0, 0, 0, 920000, 920000
2015, RAJASTHAN, 8, UDAIPUR, 108, JHALLARA, 262257, VEERVA KALLAN, 262429, 1099539, Social welfare, 0, 0, 0, 0, 0, 0, 84329, 84329
2015, RAJASTHAN, 8, UDAIPUR, 108, JHALLARA, 262257, VEERVA KALLAN, 262429, 1099539, Total, 0, 0, 0, 0, 0, 0, 1004329, 1004329
2015, RAJASTHAN, 8, UDAIPUR, 108, KHERWARA, 1381, ASARIWARA, 42489, 1103337, Drinking water, 0, 0, 0, 0, 0, 227140, 0, 227140
2015, RAJASTHAN, 8, UDAIPUR, 108, KHERWARA, 1381, ASARIWARA, 42489, 1103337, Roads, 0, 0, 0, 0, 0, 990963, 0, 990963
2015, RAJASTHAN, 8, UDAIPUR, 108, KHERWARA, 1381, ASARIWARA, 42489, 1103337, Total, 0, 0, 0, 0, 0, 1218103, 0, 1218103
2015, RAJASTHAN, 8, UDAIPUR, 108, KHERWARA, 1381, BADALA, 42490, 1194598, Maintenance of community system, 0, 0, 0, 0, 0, 201980, 0, 201980
2015, RAJASTHAN, 8, UDAIPUR, 108, KHERWARA, 1381, BADALA, 42490, 1194598, Roads, 0, 0, 0, 0, 0, 1050000, 0, 1050000
2015, RAJASTHAN, 8, UDAIPUR, 108, KHERWARA, 1381, BADALA, 42490, 1194598, Total, 0, 0, 0, 0, 0, 1251980, 0, 1251980
2015, RAJASTHAN, 8, UDAIPUR, 108, KHERWARA, 1381, BALICHA, 42491, 1162569, Drinking water, 0, 0, 0, 0, 0, 249278, 0, 249278
2015, RAJASTHAN, 8, UDAIPUR, 108, KHERWARA, 1381, BALICHA, 42491, 1162569, Roads, 0, 0, 0, 0, 0, 1300000, 0, 1300000
2015, RAJASTHAN, 8, UDAIPUR, 108, KHERWARA, 1381, BALICHA, 42491, 1162569, Total, 0, 0, 0, 0, 0, 1549278, 0, 1549278
2015, RAJASTHAN, 8, UDAIPUR, 108, KHERWARA, 1381, BANJARIYA, 42492, 1183042, Roads, 0, 0, 0, 0, 0, 1515000, 0, 1515000
2015, RAJASTHAN, 8, UDAIPUR, 108, KHERWARA, 1381, BANJARIYA, 42492, 1183042, Total, 0, 0, 0, 0, 0, 1515000, 0, 1515000
2015, RAJASTHAN, 8, UDAIPUR, 108, KHERWARA, 1381, BAROTHI BHEELAN, 42493, 1563218, Roads, 0, 0, 0, 0, 0, 1173420, 0, 1173420
2015, RAJASTHAN, 8, UDAIPUR, 108, KHERWARA, 1381, BAROTHI BHEELAN, 42493, 1563218, Total, 0, 0, 0, 0, 0, 1173420, 0, 1173420
2015, RAJASTHAN, 8, UDAIPUR, 108, KHERWARA, 1381, BAVALWARA, 42495, 1178479, Land improvement, 0, 0, 0, 0, 0, 416000, 0, 416000
2015, RAJASTHAN, 8, UDAIPUR, 108, KHERWARA, 1381, BAVALWARA, 42495, 1178479, Maintenance of community system, 0, 0, 0, 0, 0, 200000, 0, 200000
2015, RAJASTHAN, 8, UDAIPUR, 108, KHERWARA, 1381, BAVALWARA, 42495, 1178479, Roads, 0, 0, 0, 0, 0, 632000, 0, 632000
2015, RAJASTHAN, 8, UDAIPUR, 108, KHERWARA, 1381, BAVALWARA, 42495, 1178479, Total, 0, 0, 0, 0, 0, 1248000, 0, 1248000
2015, RAJASTHAN, 8, UDAIPUR, 108, KHERWARA, 1381, BAYDI, 42496, 1527600, Roads, 0, 0, 0, 0, 0, 1300000, 0, 1300000
2015, RAJASTHAN, 8, UDAIPUR, 108, KHERWARA, 1381, BAYDI, 42496, 1527600, Total, 0, 0, 0, 0, 0, 1300000, 0, 1300000
2015, RAJASTHAN, 8, UDAIPUR, 108, KHERWARA, 1381, BHANDA, 42497, 1538625, Roads, 0, 0, 0, 0, 0, 1600000, 0, 1600000
2015, RAJASTHAN, 8, UDAIPUR, 108, KHERWARA, 1381, BHANDA, 42497, 1538625, Total, 0, 0, 0, 0, 0, 1600000, 0, 1600000
2015, RAJASTHAN, 8, UDAIPUR, 108, KHERWARA, 1381, BHOMTA WARA, 42498, 1116970, Roads, 0, 0, 0, 0, 0, 1534092, 0, 1534092
2015, RAJASTHAN, 8, UDAIPUR, 108, KHERWARA, 1381, BHOMTA WARA, 42498, 1116970, Total, 0, 0, 0, 0, 0, 1534092, 0, 1534092
2015, RAJASTHAN, 8, UDAIPUR, 108, KHERWARA, 1381, BIROTHI BRAHMANAM, 42494, 1163711, Drinking water, 0, 0, 0, 0, 0, 400000, 0, 400000
2015, RAJASTHAN, 8, UDAIPUR, 108, KHERWARA, 1381, BIROTHI BRAHMANAM, 42494, 1163711, Roads, 0, 0, 0, 0, 0, 800000, 0, 800000
2015, RAJASTHAN, 8, UDAIPUR, 108, KHERWARA, 1381, BIROTHI BRAHMANAM, 42494, 1163711, Total, 0, 0, 0, 0, 0, 1200000, 0, 1200000
2015, RAJASTHAN, 8, UDAIPUR, 108, KHERWARA, 1381, CHHANI, 42501, 1459484, Roads, 0, 0, 0, 0, 0, 1226280, 0, 1226280
2015, RAJASTHAN, 8, UDAIPUR, 108, KHERWARA, 1381, CHHANI, 42501, 1459484, Total, 0, 0, 0, 0, 0, 1226280, 0, 1226280
2015, RAJASTHAN, 8, UDAIPUR, 108, KHERWARA, 1381, DABAYCHA, 42503, 1510277, Education, 0, 0, 0, 0, 0, 450000, 0, 450000
2015, RAJASTHAN, 8, UDAIPUR, 108, KHERWARA, 1381, DABAYCHA, 42503, 1510277, Land improvement, 0, 0, 0, 0, 0, 250000, 0, 250000
2015, RAJASTHAN, 8, UDAIPUR, 108, KHERWARA, 1381, DABAYCHA, 42503, 1510277, Roads, 0, 0, 0, 0, 0, 500000, 0, 500000
2015, RAJASTHAN, 8, UDAIPUR, 108, KHERWARA, 1381, DABAYCHA, 42503, 1510277, Total, 0, 0, 0, 0, 0, 1200000, 0, 1200000
2015, RAJASTHAN, 8, UDAIPUR, 108, KHERWARA, 1381, DERI, 42505, 1176215, Land improvement, 0, 0, 0, 0, 0, 300000, 0, 300000
2015, RAJASTHAN, 8, UDAIPUR, 108, KHERWARA, 1381, DERI, 42505, 1176215, Roads, 0, 0, 0, 0, 0, 1200000, 0, 1200000
2015, RAJASTHAN, 8, UDAIPUR, 108, KHERWARA, 1381, DERI, 42505, 1176215, Total, 0, 0, 0, 0, 0, 1500000, 0, 1500000
2015, RAJASTHAN, 8, UDAIPUR, 108, KHERWARA, 1381, DHEEKWAS, 42504, 1105006, Drinking water, 0, 0, 0, 0, 0, 1271984, 0, 1271984
2015, RAJASTHAN, 8, UDAIPUR, 108, KHERWARA, 1381, DHEEKWAS, 42504, 1105006, Roads, 0, 0, 0, 0, 0, 732002, 0, 732002
2015, RAJASTHAN, 8, UDAIPUR, 108, KHERWARA, 1381, DHEEKWAS, 42504, 1105006, Total, 0, 0, 0, 0, 0, 2003986, 0, 2003986
2015, RAJASTHAN, 8, UDAIPUR, 108, KHERWARA, 1381, GUDA, 42510, 1285888, Drinking water, 0, 0, 0, 0, 0, 863132, 0, 863132
2015, RAJASTHAN, 8, UDAIPUR, 108, KHERWARA, 1381, GUDA, 42510, 1285888, Land improvement, 0, 0, 0, 0, 0, 599062, 0, 599062
2015, RAJASTHAN, 8, UDAIPUR, 108, KHERWARA, 1381, GUDA, 42510, 1285888, Roads, 0, 0, 0, 0, 0, 314000, 0, 314000
2015, RAJASTHAN, 8, UDAIPUR, 108, KHERWARA, 1381, GUDA, 42510, 1285888, Total, 0, 0, 0, 0, 0, 1776194, 0, 1776194
2015, RAJASTHAN, 8, UDAIPUR, 108, KHERWARA, 1381, HARSHAWADA, 42511, 1430311, Drinking water, 0, 0, 0, 0, 0, 771800, 0, 771800
2015, RAJASTHAN, 8, UDAIPUR, 108, KHERWARA, 1381, HARSHAWADA, 42511, 1430311, Roads, 0, 0, 0, 0, 0, 1000000, 0, 1000000
2015, RAJASTHAN, 8, UDAIPUR, 108, KHERWARA, 1381, HARSHAWADA, 42511, 1430311, Total, 0, 0, 0, 0, 0, 1771800, 0, 1771800
2015, RAJASTHAN, 8, UDAIPUR, 108, KHERWARA, 1381, JAWAS, 42513, 1103543, Roads, 0, 0, 0, 0, 0, 1036161, 0, 1036161
2015, RAJASTHAN, 8, UDAIPUR, 108, KHERWARA, 1381, JAWAS, 42513, 1103543, Total, 0, 0, 0, 0, 0, 1036161, 0, 1036161
2015, RAJASTHAN, 8, UDAIPUR, 108, KHERWARA, 1381, JAYRA, 42514, 1173342, Drinking water, 0, 0, 0, 0, 0, 946000, 0, 946000
2015, RAJASTHAN, 8, UDAIPUR, 108, KHERWARA, 1381, JAYRA, 42514, 1173342, Roads, 0, 0, 0, 0, 0, 200000, 0, 200000
2015, RAJASTHAN, 8, UDAIPUR, 108, KHERWARA, 1381, JAYRA, 42514, 1173342, Total, 0, 0, 0, 0, 0, 1146000, 0, 1146000
2015, RAJASTHAN, 8, UDAIPUR, 108, KHERWARA, 1381, JHUNTHRI, 262453, 1103383, Roads, 0, 0, 0, 0, 0, 1138084, 0, 1138084
2015, RAJASTHAN, 8, UDAIPUR, 108, KHERWARA, 1381, JHUNTHRI, 262453, 1103383, Total, 0, 0, 0, 0, 0, 1138084, 0, 1138084
2015, RAJASTHAN, 8, UDAIPUR, 108, KHERWARA, 1381, KANBAI, 42517, 1577048, Drinking water, 0, 0, 0, 0, 0, 317198, 0, 317198
2015, RAJASTHAN, 8, UDAIPUR, 108, KHERWARA, 1381, KANBAI, 42517, 1577048, Maintenance of community system, 0, 0, 0, 0, 0, 60000, 0, 60000
2015, RAJASTHAN, 8, UDAIPUR, 108, KHERWARA, 1381, KANBAI, 42517, 1577048, Total, 0, 0, 0, 0, 0, 377198, 0, 377198
2015, RAJASTHAN, 8, UDAIPUR, 108, KHERWARA, 1381, KANPUR, 42518, 1103964, Drinking water, 0, 0, 0, 0, 0, 738848, 0, 738848
2015, RAJASTHAN, 8, UDAIPUR, 108, KHERWARA, 1381, KANPUR, 42518, 1103964, Maintenance of community system, 0, 0, 0, 0, 0, 24000, 0, 24000
2015, RAJASTHAN, 8, UDAIPUR, 108, KHERWARA, 1381, KANPUR, 42518, 1103964, Roads, 0, 0, 0, 0, 0, 613541, 0, 613541
2015, RAJASTHAN, 8, UDAIPUR, 108, KHERWARA, 1381, KANPUR, 42518, 1103964, Total, 0, 0, 0, 0, 0, 1376389, 0, 1376389
2015, RAJASTHAN, 8, UDAIPUR, 108, KHERWARA, 1381, KARAWADA, 42520, 1162320, Land improvement, 0, 0, 0, 0, 0, 500000, 0, 500000
2015, RAJASTHAN, 8, UDAIPUR, 108, KHERWARA, 1381, KARAWADA, 42520, 1162320, Roads, 0, 0, 0, 0, 0, 1015985, 0, 1015985
2015, RAJASTHAN, 8, UDAIPUR, 108, KHERWARA, 1381, KARAWADA, 42520, 1162320, Total, 0, 0, 0, 0, 0, 1515985, 0, 1515985
2015, RAJASTHAN, 8, UDAIPUR, 108, KHERWARA, 1381, KARCHA, 42521, 1103948, Drinking water, 0, 0, 0, 0, 0, 184000, 0, 184000
2015, RAJASTHAN, 8, UDAIPUR, 108, KHERWARA, 1381, KARCHA, 42521, 1103948, Roads, 0, 0, 0, 0, 0, 1403827, 0, 1403827
2015, RAJASTHAN, 8, UDAIPUR, 108, KHERWARA, 1381, KARCHA, 42521, 1103948, Total, 0, 0, 0, 0, 0, 1587827, 0, 1587827
2015, RAJASTHAN, 8, UDAIPUR, 108, KHERWARA, 1381, KARNAUVA, 262447, 1176424, Drinking water, 0, 0, 0, 0, 0, 300000, 0, 300000
2015, RAJASTHAN, 8, UDAIPUR, 108, KHERWARA, 1381, KARNAUVA, 262447, 1176424, Land improvement, 0, 0, 0, 0, 0, 173835, 0, 173835
2015, RAJASTHAN, 8, UDAIPUR, 108, KHERWARA, 1381, KARNAUVA, 262447, 1176424, Roads, 0, 0, 0, 0, 0, 600000, 0, 600000
2015, RAJASTHAN, 8, UDAIPUR, 108, KHERWARA, 1381, KARNAUVA, 262447, 1176424, Total, 0, 0, 0, 0, 0, 1073835, 0, 1073835
2015, RAJASTHAN, 8, UDAIPUR, 108, KHERWARA, 1381, KATAR, 262536, 1162599, Drinking water, 0, 0, 0, 0, 0, 250000, 0, 250000
2015, RAJASTHAN, 8, UDAIPUR, 108, KHERWARA, 1381, KATAR, 262536, 1162599, Roads, 0, 0, 0, 0, 0, 794339, 0, 794339
2015, RAJASTHAN, 8, UDAIPUR, 108, KHERWARA, 1381, KATAR, 262536, 1162599, Total, 0, 0, 0, 0, 0, 1044339, 0, 1044339
2015, RAJASTHAN, 8, UDAIPUR, 108, KHERWARA, 1381, KATARWAAS, 42522, 1563152, Roads, 0, 0, 0, 0, 0, 1205546, 0, 1205546
2015, RAJASTHAN, 8, UDAIPUR, 108, KHERWARA, 1381, KATARWAAS, 42522, 1563152, Total, 0, 0, 0, 0, 0, 1205546, 0, 1205546
2015, RAJASTHAN, 8, UDAIPUR, 108, KHERWARA, 1381, KHANDI OVRI, 42524, 1510569, Land improvement, 0, 0, 0, 0, 0, 150000, 0, 150000
2015, RAJASTHAN, 8, UDAIPUR, 108, KHERWARA, 1381, KHANDI OVRI, 42524, 1510569, Roads, 0, 0, 0, 0, 0, 1250000, 0, 1250000
2015, RAJASTHAN, 8, UDAIPUR, 108, KHERWARA, 1381, KHANDI OVRI, 42524, 1510569, Total, 0, 0, 0, 0, 0, 1400000, 0, 1400000
2015, RAJASTHAN, 8, UDAIPUR, 108, KHERWARA, 1381, KHANMEEN, 42525, 1163926, Land improvement, 0, 0, 0, 0, 0, 378000, 0, 378000
2015, RAJASTHAN, 8, UDAIPUR, 108, KHERWARA, 1381, KHANMEEN, 42525, 1163926, Roads, 0, 0, 0, 0, 0, 1110000, 0, 1110000
2015, RAJASTHAN, 8, UDAIPUR, 108, KHERWARA, 1381, KHANMEEN, 42525, 1163926, Total, 0, 0, 0, 0, 0, 1488000, 0, 1488000
2015, RAJASTHAN, 8, UDAIPUR, 108, KHERWARA, 1381, KHERA GHATI, 262520, 1103954, Education, 0, 0, 0, 0, 0, 134000, 0, 134000
2015, RAJASTHAN, 8, UDAIPUR, 108, KHERWARA, 1381, KHERA GHATI, 262520, 1103954, Roads, 0, 0, 0, 0, 0, 1058112, 0, 1058112
2015, RAJASTHAN, 8, UDAIPUR, 108, KHERWARA, 1381, KHERA GHATI, 262520, 1103954, Total, 0, 0, 0, 0, 0, 1192112, 0, 1192112
2015, RAJASTHAN, 8, UDAIPUR, 108, KHERWARA, 1381, KHERWARA, 42526, 1103372, Maintenance of community system, 0, 0, 0, 0, 0, 305000, 0, 305000
2015, RAJASTHAN, 8, UDAIPUR, 108, KHERWARA, 1381, KHERWARA, 42526, 1103372, Roads, 0, 0, 0, 0, 0, 1327000, 0, 1327000
2015, RAJASTHAN, 8, UDAIPUR, 108, KHERWARA, 1381, KHERWARA, 42526, 1103372, Sanitation, 0, 0, 0, 0, 0, 205000, 0, 205000
2015, RAJASTHAN, 8, UDAIPUR, 108, KHERWARA, 1381, KHERWARA, 42526, 1103372, Total, 0, 0, 0, 0, 0, 1837000, 0, 1837000
2015, RAJASTHAN, 8, UDAIPUR, 108, KHERWARA, 1381, LARATHI, 42529, 1104436, Roads, 0, 0, 0, 0, 0, 1277387, 0, 1277387
2015, RAJASTHAN, 8, UDAIPUR, 108, KHERWARA, 1381, LARATHI, 42529, 1104436, Total, 0, 0, 0, 0, 0, 1277387, 0, 1277387
2015, RAJASTHAN, 8, UDAIPUR, 108, KHERWARA, 1381, MAHUWAL, 42530, 1176230, Roads, 0, 0, 0, 0, 0, 1495542, 0, 1495542
2015, RAJASTHAN, 8, UDAIPUR, 108, KHERWARA, 1381, MAHUWAL, 42530, 1176230, Total, 0, 0, 0, 0, 0, 1495542, 0, 1495542
2015, RAJASTHAN, 8, UDAIPUR, 108, KHERWARA, 1381, MALIFLA, 262529, 1173122, Roads, 0, 0, 0, 0, 0, 1162000, 0, 1162000
2015, RAJASTHAN, 8, UDAIPUR, 108, KHERWARA, 1381, MALIFLA, 262529, 1173122, Total, 0, 0, 0, 0, 0, 1162000, 0, 1162000
2015, RAJASTHAN, 8, UDAIPUR, 108, KHERWARA, 1381, NAVAGHARA, 42532, 1162476, Roads, 0, 0, 0, 0, 0, 1042003, 0, 1042003
2015, RAJASTHAN, 8, UDAIPUR, 108, KHERWARA, 1381, NAVAGHARA, 42532, 1162476, Total, 0, 0, 0, 0, 0, 1042003, 0, 1042003
2015, RAJASTHAN, 8, UDAIPUR, 108, KHERWARA, 1381, NAYAGAON, 42533, 1120153, Roads, 0, 0, 0, 0, 0, 1126694, 0, 1126694
2015, RAJASTHAN, 8, UDAIPUR, 108, KHERWARA, 1381, NAYAGAON, 42533, 1120153, Total, 0, 0, 0, 0, 0, 1126694, 0, 1126694
2015, RAJASTHAN, 8, UDAIPUR, 108, KHERWARA, 1381, PAHADA, 42536, 1522357, Roads, 0, 0, 0, 0, 0, 1405886, 0, 1405886
2015, RAJASTHAN, 8, UDAIPUR, 108, KHERWARA, 1381, PAHADA, 42536, 1522357, Total, 0, 0, 0, 0, 0, 1405886, 0, 1405886
2015, RAJASTHAN, 8, UDAIPUR, 108, KHERWARA, 1381, PATIYA, 42538, 1577085, Drinking water, 0, 0, 0, 0, 0, 180000, 0, 180000
2015, RAJASTHAN, 8, UDAIPUR, 108, KHERWARA, 1381, PATIYA, 42538, 1577085, Roads, 0, 0, 0, 0, 0, 500000, 0, 500000
2015, RAJASTHAN, 8, UDAIPUR, 108, KHERWARA, 1381, PATIYA, 42538, 1577085, Total, 0, 0, 0, 0, 0, 680000, 0, 680000
2015, RAJASTHAN, 8, UDAIPUR, 108, KHERWARA, 1381, POGRAKALA, 262457, 1370669, Land improvement, 0, 0, 0, 0, 0, 100000, 0, 100000
2015, RAJASTHAN, 8, UDAIPUR, 108, KHERWARA, 1381, POGRAKALA, 262457, 1370669, Maintenance of community system, 0, 0, 0, 0, 0, 100000, 0, 100000
2015, RAJASTHAN, 8, UDAIPUR, 108, KHERWARA, 1381, POGRAKALA, 262457, 1370669, Roads, 0, 0, 0, 0, 0, 1019272, 0, 1019272
2015, RAJASTHAN, 8, UDAIPUR, 108, KHERWARA, 1381, POGRAKALA, 262457, 1370669, Total, 0, 0, 0, 0, 0, 1219272, 0, 1219272
2015, RAJASTHAN, 8, UDAIPUR, 108, KHERWARA, 1381, SAKLAL, 42543, 1121658, Roads, 0, 0, 0, 0, 0, 786899, 0, 786899
2015, RAJASTHAN, 8, UDAIPUR, 108, KHERWARA, 1381, SAKLAL, 42543, 1121658, Total, 0, 0, 0, 0, 0, 786899, 0, 786899
2015, RAJASTHAN, 8, UDAIPUR, 108, KHERWARA, 1381, SARERA, 42544, 1176238, Land improvement, 0, 0, 0, 0, 0, 110183, 0, 110183
2015, RAJASTHAN, 8, UDAIPUR, 108, KHERWARA, 1381, SARERA, 42544, 1176238, Roads, 0, 0, 0, 0, 0, 650000, 0, 650000
2015, RAJASTHAN, 8, UDAIPUR, 108, KHERWARA, 1381, SARERA, 42544, 1176238, Total, 0, 0, 0, 0, 0, 760183, 0, 760183
2015, RAJASTHAN, 8, UDAIPUR, 108, KHERWARA, 1381, SAROLI, 42545, 1178554, Roads, 0, 0, 0, 0, 0, 998000, 0, 998000
2015, RAJASTHAN, 8, UDAIPUR, 108, KHERWARA, 1381, SAROLI, 42545, 1178554, Total, 0, 0, 0, 0, 0, 998000, 0, 998000
2015, RAJASTHAN, 8, UDAIPUR, 108, KHERWARA, 1381, SUBERI, 42548, 1177761, Roads, 0, 0, 0, 0, 0, 1162908, 0, 1162908
2015, RAJASTHAN, 8, UDAIPUR, 108, KHERWARA, 1381, SUBERI, 42548, 1177761, Total, 0, 0, 0, 0, 0, 1162908, 0, 1162908
2015, RAJASTHAN, 8, UDAIPUR, 108, KHERWARA, 1381, SULAI, 42546, 1168629, Drinking water, 0, 0, 0, 0, 0, 408600, 0, 408600
2015, RAJASTHAN, 8, UDAIPUR, 108, KHERWARA, 1381, SULAI, 42546, 1168629, Land improvement, 0, 0, 0, 0, 0, 425000, 0, 425000
2015, RAJASTHAN, 8, UDAIPUR, 108, KHERWARA, 1381, SULAI, 42546, 1168629, Roads, 0, 0, 0, 0, 0, 380122, 0, 380122
2015, RAJASTHAN, 8, UDAIPUR, 108, KHERWARA, 1381, SULAI, 42546, 1168629, Total, 0, 0, 0, 0, 0, 1213722, 0, 1213722
2015, RAJASTHAN, 8, UDAIPUR, 108, KHERWARA, 1381, SUNDARA, 42547, 1096771, Roads, 0, 0, 0, 0, 0, 821777, 0, 821777
2015, RAJASTHAN, 8, UDAIPUR, 108, KHERWARA, 1381, SUNDARA, 42547, 1096771, Sanitation, 0, 0, 0, 0, 0, 500000, 0, 500000
2015, RAJASTHAN, 8, UDAIPUR, 108, KHERWARA, 1381, SUNDARA, 42547, 1096771, Total, 0, 0, 0, 0, 0, 1321777, 0, 1321777
2015, RAJASTHAN, 8, UDAIPUR, 108, KHERWARA, 1381, THANA, 42549, 1114927, Land improvement, 0, 0, 0, 0, 0, 322737, 0, 322737
2015, RAJASTHAN, 8, UDAIPUR, 108, KHERWARA, 1381, THANA, 42549, 1114927, Roads, 0, 0, 0, 0, 0, 740000, 0, 740000
2015, RAJASTHAN, 8, UDAIPUR, 108, KHERWARA, 1381, THANA, 42549, 1114927, Total, 0, 0, 0, 0, 0, 1062737, 0, 1062737
2015, RAJASTHAN, 8, UDAIPUR, 108, KOTRA, 1382, BADLI, 42550, 1098742, Roads, 0, 0, 0, 0, 0, 0, 1867311, 1867311
2015, RAJASTHAN, 8, UDAIPUR, 108, KOTRA, 1382, BADLI, 42550, 1098742, Total, 0, 0, 0, 0, 0, 0, 1867311, 1867311
2015, RAJASTHAN, 8, UDAIPUR, 108, KOTRA, 1382, BAKHEL, 262817, 1257451, Drinking water, 0, 0, 0, 0, 0, 0, 593370, 593370
2015, RAJASTHAN, 8, UDAIPUR, 108, KOTRA, 1382, BAKHEL, 262817, 1257451, Roads, 0, 0, 0, 0, 0, 0, 714389, 714389
2015, RAJASTHAN, 8, UDAIPUR, 108, KOTRA, 1382, BAKHEL, 262817, 1257451, Total, 0, 0, 0, 0, 0, 0, 1307759, 1307759
2015, RAJASTHAN, 8, UDAIPUR, 108, KOTRA, 1382, BEDAGHAR, 262815, 1171416, Drinking water, 0, 0, 0, 0, 0, 0, 610686, 610686
2015, RAJASTHAN, 8, UDAIPUR, 108, KOTRA, 1382, BEDAGHAR, 262815, 1171416, Roads, 0, 0, 0, 0, 0, 0, 575000, 575000
2015, RAJASTHAN, 8, UDAIPUR, 108, KOTRA, 1382, BEDAGHAR, 262815, 1171416, Total, 0, 0, 0, 0, 0, 0, 1185686, 1185686
2015, RAJASTHAN, 8, UDAIPUR, 108, KOTRA, 1382, BEKRIYA, 42551, 1104545, Drinking water, 0, 0, 0, 0, 0, 0, 1186740, 1186740
2015, RAJASTHAN, 8, UDAIPUR, 108, KOTRA, 1382, BEKRIYA, 42551, 1104545, Total, 0, 0, 0, 0, 0, 0, 1186740, 1186740
2015, RAJASTHAN, 8, UDAIPUR, 108, KOTRA, 1382, BIKARNI, 42552, 1104617, Drinking water, 0, 0, 0, 0, 0, 0, 824236, 824236
2015, RAJASTHAN, 8, UDAIPUR, 108, KOTRA, 1382, BIKARNI, 42552, 1104617, Roads, 0, 0, 0, 0, 0, 0, 400000, 400000
2015, RAJASTHAN, 8, UDAIPUR, 108, KOTRA, 1382, BIKARNI, 42552, 1104617, Total, 0, 0, 0, 0, 0, 0, 1224236, 1224236
2015, RAJASTHAN, 8, UDAIPUR, 108, KOTRA, 1382, BUDIYA, 42553, 1098767, Roads, 0, 0, 0, 0, 0, 0, 1167288, 1167288
2015, RAJASTHAN, 8, UDAIPUR, 108, KOTRA, 1382, BUDIYA, 42553, 1098767, Total, 0, 0, 0, 0, 0, 0, 1167288, 1167288
2015, RAJASTHAN, 8, UDAIPUR, 108, KOTRA, 1382, DANG, 42554, 1108633, Drinking water, 0, 0, 0, 0, 0, 0, 1376958, 1376958
2015, RAJASTHAN, 8, UDAIPUR, 108, KOTRA, 1382, DANG, 42554, 1108633, Total, 0, 0, 0, 0, 0, 0, 1376958, 1376958
2015, RAJASTHAN, 8, UDAIPUR, 108, KOTRA, 1382, DHEDHAMTA, 42555, 1104088, Roads, 0, 0, 0, 0, 0, 0, 1500000, 1500000
2015, RAJASTHAN, 8, UDAIPUR, 108, KOTRA, 1382, DHEDHAMTA, 42555, 1104088, Total, 0, 0, 0, 0, 0, 0, 1500000, 1500000
2015, RAJASTHAN, 8, UDAIPUR, 108, KOTRA, 1382, DHEDMARIA, 42556, 1098779, Roads, 0, 0, 0, 0, 0, 0, 1500000, 1500000
2015, RAJASTHAN, 8, UDAIPUR, 108, KOTRA, 1382, DHEDMARIA, 42556, 1098779, Rural housing, 0, 0, 0, 0, 0, 0, 163173, 163173
2015, RAJASTHAN, 8, UDAIPUR, 108, KOTRA, 1382, DHEDMARIA, 42556, 1098779, Total, 0, 0, 0, 0, 0, 0, 1663173, 1663173
2015, RAJASTHAN, 8, UDAIPUR, 108, KOTRA, 1382, GOGRUD, 42557, 1249920, Drinking water, 0, 0, 0, 0, 0, 0, 950443, 950443
2015, RAJASTHAN, 8, UDAIPUR, 108, KOTRA, 1382, GOGRUD, 42557, 1249920, Public distribution system, 0, 0, 0, 0, 0, 0, 200000, 200000
2015, RAJASTHAN, 8, UDAIPUR, 108, KOTRA, 1382, GOGRUD, 42557, 1249920, Roads, 0, 0, 0, 0, 0, 0, 1600000, 1600000
2015, RAJASTHAN, 8, UDAIPUR, 108, KOTRA, 1382, GOGRUD, 42557, 1249920, Total, 0, 0, 0, 0, 0, 0, 2750443, 2750443
2015, RAJASTHAN, 8, UDAIPUR, 108, KOTRA, 1382, GURA, 42558, 1101679, Drinking water, 0, 0, 0, 0, 0, 0, 818273, 818273
2015, RAJASTHAN, 8, UDAIPUR, 108, KOTRA, 1382, GURA, 42558, 1101679, Roads, 0, 0, 0, 0, 0, 0, 500000, 500000
2015, RAJASTHAN, 8, UDAIPUR, 108, KOTRA, 1382, GURA, 42558, 1101679, Total, 0, 0, 0, 0, 0, 0, 1318273, 1318273
2015, RAJASTHAN, 8, UDAIPUR, 108, KOTRA, 1382, JHED, 42559, 1098881, Roads, 0, 0, 0, 0, 0, 0, 824217, 824217
2015, RAJASTHAN, 8, UDAIPUR, 108, KOTRA, 1382, JHED, 42559, 1098881, Rural housing, 0, 0, 0, 0, 0, 0, 749300, 749300
2015, RAJASTHAN, 8, UDAIPUR, 108, KOTRA, 1382, JHED, 42559, 1098881, Total, 0, 0, 0, 0, 0, 0, 1573517, 1573517
2015, RAJASTHAN, 8, UDAIPUR, 108, KOTRA, 1382, JOGIBUD, 42560, 1275182, Drinking water, 0, 0, 0, 0, 0, 0, 725230, 725230
2015, RAJASTHAN, 8, UDAIPUR, 108, KOTRA, 1382, JOGIBUD, 42560, 1275182, Roads, 0, 0, 0, 0, 0, 0, 456660, 456660
2015, RAJASTHAN, 8, UDAIPUR, 108, KOTRA, 1382, JOGIBUD, 42560, 1275182, Total, 0, 0, 0, 0, 0, 0, 1181890, 1181890
2015, RAJASTHAN, 8, UDAIPUR, 108, KOTRA, 1382, JUDA, 42561, 1410409, Drinking water, 0, 0, 0, 0, 0, 0, 214825, 214825
2015, RAJASTHAN, 8, UDAIPUR, 108, KOTRA, 1382, JUDA, 42561, 1410409, Roads, 0, 0, 0, 0, 0, 0, 931790, 931790
2015, RAJASTHAN, 8, UDAIPUR, 108, KOTRA, 1382, JUDA, 42561, 1410409, Social welfare, 0, 0, 0, 0, 0, 0, 103235, 103235
2015, RAJASTHAN, 8, UDAIPUR, 108, KOTRA, 1382, JUDA, 42561, 1410409, Total, 0, 0, 0, 0, 0, 0, 1249850, 1249850
2015, RAJASTHAN, 8, UDAIPUR, 108, KOTRA, 1382, JUNAPADAR, 262810, 1108245, Roads, 0, 0, 0, 0, 0, 0, 1137207, 1137207
2015, RAJASTHAN, 8, UDAIPUR, 108, KOTRA, 1382, JUNAPADAR, 262810, 1108245, Total, 0, 0, 0, 0, 0, 0, 1137207, 1137207
2015, RAJASTHAN, 8, UDAIPUR, 108, KOTRA, 1382, KAUCHA, 262809, 1249998, Drinking water, 0, 0, 0, 0, 0, 0, 197745, 197745
2015, RAJASTHAN, 8, UDAIPUR, 108, KOTRA, 1382, KAUCHA, 262809, 1249998, Public distribution system, 0, 0, 0, 0, 0, 0, 144092, 144092
2015, RAJASTHAN, 8, UDAIPUR, 108, KOTRA, 1382, KAUCHA, 262809, 1249998, Roads, 0, 0, 0, 0, 0, 0, 1360762, 1360762
2015, RAJASTHAN, 8, UDAIPUR, 108, KOTRA, 1382, KAUCHA, 262809, 1249998, Total, 0, 0, 0, 0, 0, 0, 1702599, 1702599
2015, RAJASTHAN, 8, UDAIPUR, 108, KOTRA, 1382, KHAJURIA, 42562, 1104100, Drinking water, 0, 0, 0, 0, 0, 0, 593844, 593844
2015, RAJASTHAN, 8, UDAIPUR, 108, KOTRA, 1382, KHAJURIA, 42562, 1104100, Roads, 0, 0, 0, 0, 0, 0, 350000, 350000
2015, RAJASTHAN, 8, UDAIPUR, 108, KOTRA, 1382, KHAJURIA, 42562, 1104100, Total, 0, 0, 0, 0, 0, 0, 943844, 943844
2015, RAJASTHAN, 8, UDAIPUR, 108, KOTRA, 1382, KHAKHARIA, 42563, 1269705, Drinking water, 0, 0, 0, 0, 0, 0, 910000, 910000
2015, RAJASTHAN, 8, UDAIPUR, 108, KOTRA, 1382, KHAKHARIA, 42563, 1269705, Public distribution system, 0, 0, 0, 0, 0, 0, 233000, 233000
2015, RAJASTHAN, 8, UDAIPUR, 108, KOTRA, 1382, KHAKHARIA, 42563, 1269705, Roads, 0, 0, 0, 0, 0, 0, 255000, 255000
2015, RAJASTHAN, 8, UDAIPUR, 108, KOTRA, 1382, KHAKHARIA, 42563, 1269705, Total, 0, 0, 0, 0, 0, 0, 1398000, 1398000
2015, RAJASTHAN, 8, UDAIPUR, 108, KOTRA, 1382, KHAM, 262803, 1250115, Drinking water, 0, 0, 0, 0, 0, 0, 1116081, 1116081
2015, RAJASTHAN, 8, UDAIPUR, 108, KOTRA, 1382, KHAM, 262803, 1250115, Roads, 0, 0, 0, 0, 0, 0, 390851, 390851
2015, RAJASTHAN, 8, UDAIPUR, 108, KOTRA, 1382, KHAM, 262803, 1250115, Total, 0, 0, 0, 0, 0, 0, 1506932, 1506932
2015, RAJASTHAN, 8, UDAIPUR, 108, KOTRA, 1382, KOOKAWAS, 42565, 1271496, Drinking water, 0, 0, 0, 0, 0, 0, 1053838, 1053838
2015, RAJASTHAN, 8, UDAIPUR, 108, KOTRA, 1382, KOOKAWAS, 42565, 1271496, Roads, 0, 0, 0, 0, 0, 0, 690523, 690523
2015, RAJASTHAN, 8, UDAIPUR, 108, KOTRA, 1382, KOOKAWAS, 42565, 1271496, Total, 0, 0, 0, 0, 0, 0, 1744361, 1744361
2015, RAJASTHAN, 8, UDAIPUR, 108, KOTRA, 1382, KOTRA, 42564, 1107946, Roads, 0, 0, 0, 0, 0, 0, 2301868, 2301868
2015, RAJASTHAN, 8, UDAIPUR, 108, KOTRA, 1382, KOTRA, 42564, 1107946, Total, 0, 0, 0, 0, 0, 0, 2301868, 2301868
2015, RAJASTHAN, 8, UDAIPUR, 108, KOTRA, 1382, KYARI, 42566, 1274403, Drinking water, 0, 0, 0, 0, 0, 0, 659300, 659300
2015, RAJASTHAN, 8, UDAIPUR, 108, KOTRA, 1382, KYARI, 42566, 1274403, Roads, 0, 0, 0, 0, 0, 0, 439942, 439942
2015, RAJASTHAN, 8, UDAIPUR, 108, KOTRA, 1382, KYARI, 42566, 1274403, Total, 0, 0, 0, 0, 0, 0, 1099242, 1099242
2015, RAJASTHAN, 8, UDAIPUR, 108, KOTRA, 1382, LAMBAHALDOO, 42567, 1103643, Drinking water, 0, 0, 0, 0, 0, 0, 395580, 395580
2015, RAJASTHAN, 8, UDAIPUR, 108, KOTRA, 1382, LAMBAHALDOO, 42567, 1103643, Roads, 0, 0, 0, 0, 0, 0, 1397820, 1397820
2015, RAJASTHAN, 8, UDAIPUR, 108, KOTRA, 1382, LAMBAHALDOO, 42567, 1103643, Total, 0, 0, 0, 0, 0, 0, 1793400, 1793400
2015, RAJASTHAN, 8, UDAIPUR, 108, KOTRA, 1382, LUHARCHA, 262813, 1273948, Drinking water, 0, 0, 0, 0, 0, 0, 857090, 857090
2015, RAJASTHAN, 8, UDAIPUR, 108, KOTRA, 1382, LUHARCHA, 262813, 1273948, Roads, 0, 0, 0, 0, 0, 0, 181407, 181407
2015, RAJASTHAN, 8, UDAIPUR, 108, KOTRA, 1382, LUHARCHA, 262813, 1273948, Total, 0, 0, 0, 0, 0, 0, 1038497, 1038497
2015, RAJASTHAN, 8, UDAIPUR, 108, KOTRA, 1382, MAHAD, 42569, 1185902, Cultural activities, 0, 0, 0, 0, 0, 0, 38046, 38046
2015, RAJASTHAN, 8, UDAIPUR, 108, KOTRA, 1382, MAHAD, 42569, 1185902, Drinking water, 0, 0, 0, 0, 0, 0, 988950, 988950
2015, RAJASTHAN, 8, UDAIPUR, 108, KOTRA, 1382, MAHAD, 42569, 1185902, Libraries, 0, 0, 0, 0, 0, 0, 300000, 300000
2015, RAJASTHAN, 8, UDAIPUR, 108, KOTRA, 1382, MAHAD, 42569, 1185902, Roads, 0, 0, 0, 0, 0, 0, 750000, 750000
2015, RAJASTHAN, 8, UDAIPUR, 108, KOTRA, 1382, MAHAD, 42569, 1185902, Total, 0, 0, 0, 0, 0, 0, 2076996, 2076996
2015, RAJASTHAN, 8, UDAIPUR, 108, KOTRA, 1382, MAHADI, 42570, 1099333, Roads, 0, 0, 0, 0, 0, 0, 919923, 919923
2015, RAJASTHAN, 8, UDAIPUR, 108, KOTRA, 1382, MAHADI, 42570, 1099333, Total, 0, 0, 0, 0, 0, 0, 919923, 919923
2015, RAJASTHAN, 8, UDAIPUR, 108, KOTRA, 1382, MALVA KA CHORA, 42571, 1107859, Drinking water, 0, 0, 0, 0, 0, 0, 923020, 923020
2015, RAJASTHAN, 8, UDAIPUR, 108, KOTRA, 1382, MALVA KA CHORA, 42571, 1107859, Total, 0, 0, 0, 0, 0, 0, 923020, 923020
2015, RAJASTHAN, 8, UDAIPUR, 108, KOTRA, 1382, MAMER, 42572, 1098788, Roads, 0, 0, 0, 0, 0, 0, 1342513, 1342513
2015, RAJASTHAN, 8, UDAIPUR, 108, KOTRA, 1382, MAMER, 42572, 1098788, Total, 0, 0, 0, 0, 0, 0, 1342513, 1342513
2015, RAJASTHAN, 8, UDAIPUR, 108, KOTRA, 1382, MANDVA, 42573, 1233363, Roads, 0, 0, 0, 0, 0, 0, 1624041, 1624041
2015, RAJASTHAN, 8, UDAIPUR, 108, KOTRA, 1382, MANDVA, 42573, 1233363, Total, 0, 0, 0, 0, 0, 0, 1624041, 1624041
2015, RAJASTHAN, 8, UDAIPUR, 108, KOTRA, 1382, MANDWAL, 262806, 1271833, Drinking water, 0, 0, 0, 0, 0, 0, 329811, 329811
2015, RAJASTHAN, 8, UDAIPUR, 108, KOTRA, 1382, MANDWAL, 262806, 1271833, Roads, 0, 0, 0, 0, 0, 0, 814990, 814990
2015, RAJASTHAN, 8, UDAIPUR, 108, KOTRA, 1382, MANDWAL, 262806, 1271833, Total, 0, 0, 0, 0, 0, 0, 1144801, 1144801
2015, RAJASTHAN, 8, UDAIPUR, 108, KOTRA, 1382, MEDI, 42574, 1275147, Public distribution system, 0, 0, 0, 0, 0, 0, 450000, 450000
2015, RAJASTHAN, 8, UDAIPUR, 108, KOTRA, 1382, MEDI, 42574, 1275147, Roads, 0, 0, 0, 0, 0, 0, 992914, 992914
2015, RAJASTHAN, 8, UDAIPUR, 108, KOTRA, 1382, MEDI, 42574, 1275147, Total, 0, 0, 0, 0, 0, 0, 1442914, 1442914
2015, RAJASTHAN, 8, UDAIPUR, 108, KOTRA, 1382, MERPUR, 42575, 1108663, Drinking water, 0, 0, 0, 0, 0, 0, 1120810, 1120810
2015, RAJASTHAN, 8, UDAIPUR, 108, KOTRA, 1382, MERPUR, 42575, 1108663, Total, 0, 0, 0, 0, 0, 0, 1120810, 1120810
2015, RAJASTHAN, 8, UDAIPUR, 108, KOTRA, 1382, MEWARON KA MATH, 42576, 1271440, Drinking water, 0, 0, 0, 0, 0, 0, 1940321, 1940321
2015, RAJASTHAN, 8, UDAIPUR, 108, KOTRA, 1382, MEWARON KA MATH, 42576, 1271440, Total, 0, 0, 0, 0, 0, 0, 1940321, 1940321
2015, RAJASTHAN, 8, UDAIPUR, 108, KOTRA, 1382, NAYAWAS, 42577, 1108642, Drinking water, 0, 0, 0, 0, 0, 0, 63270, 63270
2015, RAJASTHAN, 8, UDAIPUR, 108, KOTRA, 1382, NAYAWAS, 42577, 1108642, Roads, 0, 0, 0, 0, 0, 0, 2000000, 2000000
2015, RAJASTHAN, 8, UDAIPUR, 108, KOTRA, 1382, NAYAWAS, 42577, 1108642, Total, 0, 0, 0, 0, 0, 0, 2063270, 2063270
2015, RAJASTHAN, 8, UDAIPUR, 108, KOTRA, 1382, NICHLI SUBRI, 262812, 1171820, Drinking water, 0, 0, 0, 0, 0, 0, 659708, 659708
2015, RAJASTHAN, 8, UDAIPUR, 108, KOTRA, 1382, NICHLI SUBRI, 262812, 1171820, Roads, 0, 0, 0, 0, 0, 0, 796408, 796408
2015, RAJASTHAN, 8, UDAIPUR, 108, KOTRA, 1382, NICHLI SUBRI, 262812, 1171820, Total, 0, 0, 0, 0, 0, 0, 1456116, 1456116
2015, RAJASTHAN, 8, UDAIPUR, 108, KOTRA, 1382, PEEPLA, 262804, 1104559, Drinking water, 0, 0, 0, 0, 0, 0, 923020, 923020
2015, RAJASTHAN, 8, UDAIPUR, 108, KOTRA, 1382, PEEPLA, 262804, 1104559, Total, 0, 0, 0, 0, 0, 0, 923020, 923020
2015, RAJASTHAN, 8, UDAIPUR, 108, KOTRA, 1382, SADA, 42580, 1272091, Public distribution system, 0, 0, 0, 0, 0, 0, 250000, 250000
2015, RAJASTHAN, 8, UDAIPUR, 108, KOTRA, 1382, SADA, 42580, 1272091, Roads, 0, 0, 0, 0, 0, 0, 1458440, 1458440
2015, RAJASTHAN, 8, UDAIPUR, 108, KOTRA, 1382, SADA, 42580, 1272091, Total, 0, 0, 0, 0, 0, 0, 1708440, 1708440
2015, RAJASTHAN, 8, UDAIPUR, 108, KOTRA, 1382, SAMOLI, 42582, 1103648, Roads, 0, 0, 0, 0, 0, 0, 1099420, 1099420
2015, RAJASTHAN, 8, UDAIPUR, 108, KOTRA, 1382, SAMOLI, 42582, 1103648, Total, 0, 0, 0, 0, 0, 0, 1099420, 1099420
2015, RAJASTHAN, 8, UDAIPUR, 108, KOTRA, 1382, SAWAN KA KYARA, 262879, 1171710, Drinking water, 0, 0, 0, 0, 0, 0, 329650, 329650
2015, RAJASTHAN, 8, UDAIPUR, 108, KOTRA, 1382, SAWAN KA KYARA, 262879, 1171710, Roads, 0, 0, 0, 0, 0, 0, 826248, 826248
2015, RAJASTHAN, 8, UDAIPUR, 108, KOTRA, 1382, SAWAN KA KYARA, 262879, 1171710, Total, 0, 0, 0, 0, 0, 0, 1155898, 1155898
2015, RAJASTHAN, 8, UDAIPUR, 108, KOTRA, 1382, SULAO, 262805, 1274493, Drinking water, 0, 0, 0, 0, 0, 0, 42587, 42587
2015, RAJASTHAN, 8, UDAIPUR, 108, KOTRA, 1382, SULAO, 262805, 1274493, Roads, 0, 0, 0, 0, 0, 0, 1000000, 1000000
2015, RAJASTHAN, 8, UDAIPUR, 108, KOTRA, 1382, SULAO, 262805, 1274493, Total, 0, 0, 0, 0, 0, 0, 1042587, 1042587
2015, RAJASTHAN, 8, UDAIPUR, 108, KOTRA, 1382, TEJA KA WAS, 42583, 1275000, Drinking water, 0, 0, 0, 0, 0, 0, 697952, 697952
2015, RAJASTHAN, 8, UDAIPUR, 108, KOTRA, 1382, TEJA KA WAS, 42583, 1275000, Roads, 0, 0, 0, 0, 0, 0, 500000, 500000
2015, RAJASTHAN, 8, UDAIPUR, 108, KOTRA, 1382, TEJA KA WAS, 42583, 1275000, Total, 0, 0, 0, 0, 0, 0, 1197952, 1197952
2015, RAJASTHAN, 8, UDAIPUR, 108, KOTRA, 1382, UKHLIYAT, 42584, 1109014, Roads, 0, 0, 0, 0, 0, 0, 1713405, 1713405
2015, RAJASTHAN, 8, UDAIPUR, 108, KOTRA, 1382, UKHLIYAT, 42584, 1109014, Total, 0, 0, 0, 0, 0, 0, 1713405, 1713405
2015, RAJASTHAN, 8, UDAIPUR, 108, KOTRA, 1382, UMARIYA , 262807, 1269794, Cultural activities, 0, 0, 0, 0, 0, 0, 18850, 18850
2015, RAJASTHAN, 8, UDAIPUR, 108, KOTRA, 1382, UMARIYA , 262807, 1269794, Drinking water, 0, 0, 0, 0, 0, 0, 409373, 409373
2015, RAJASTHAN, 8, UDAIPUR, 108, KOTRA, 1382, UMARIYA , 262807, 1269794, Public distribution system, 0, 0, 0, 0, 0, 0, 70700, 70700
2015, RAJASTHAN, 8, UDAIPUR, 108, KOTRA, 1382, UMARIYA , 262807, 1269794, Roads, 0, 0, 0, 0, 0, 0, 701949, 701949
2015, RAJASTHAN, 8, UDAIPUR, 108, KOTRA, 1382, UMARIYA , 262807, 1269794, Total, 0, 0, 0, 0, 0, 0, 1200872, 1200872
2015, RAJASTHAN, 8, UDAIPUR, 108, KOTRA, 1382, VAGAWAT, 262819, 1099329, Drinking water, 0, 0, 0, 0, 0, 0, 1159300, 1159300
2015, RAJASTHAN, 8, UDAIPUR, 108, KOTRA, 1382, VAGAWAT, 262819, 1099329, Roads, 0, 0, 0, 0, 0, 0, 65520, 65520
2015, RAJASTHAN, 8, UDAIPUR, 108, KOTRA, 1382, VAGAWAT, 262819, 1099329, Total, 0, 0, 0, 0, 0, 0, 1224820, 1224820
2015, RAJASTHAN, 8, UDAIPUR, 108, KURABAD, 262276, BAMBORA, 42360, 1129564, Drinking water, 0, 0, 0, 0, 0, 0, 25000, 25000
2015, RAJASTHAN, 8, UDAIPUR, 108, KURABAD, 262276, BAMBORA, 42360, 1129564, Roads, 0, 0, 0, 0, 0, 0, 1082000, 1082000
2015, RAJASTHAN, 8, UDAIPUR, 108, KURABAD, 262276, BAMBORA, 42360, 1129564, Rural housing, 0, 0, 0, 0, 0, 0, 50650, 50650
2015, RAJASTHAN, 8, UDAIPUR, 108, KURABAD, 262276, BAMBORA, 42360, 1129564, Total, 0, 0, 0, 0, 0, 0, 1157650, 1157650
2015, RAJASTHAN, 8, UDAIPUR, 108, KURABAD, 262276, BEECHDI, 42367, 1130472, Drinking water, 0, 0, 0, 0, 0, 0, 24502, 24502
2015, RAJASTHAN, 8, UDAIPUR, 108, KURABAD, 262276, BEECHDI, 42367, 1130472, Public distribution system, 0, 0, 0, 0, 0, 0, 1700000, 1700000
2015, RAJASTHAN, 8, UDAIPUR, 108, KURABAD, 262276, BEECHDI, 42367, 1130472, Total, 0, 0, 0, 0, 0, 0, 1724502, 1724502
2015, RAJASTHAN, 8, UDAIPUR, 108, KURABAD, 262276, BEMLA, 42362, 1132783, Drinking water, 0, 0, 0, 0, 0, 0, 841000, 841000
2015, RAJASTHAN, 8, UDAIPUR, 108, KURABAD, 262276, BEMLA, 42362, 1132783, Roads, 0, 0, 0, 0, 0, 0, 109010, 109010
2015, RAJASTHAN, 8, UDAIPUR, 108, KURABAD, 262276, BEMLA, 42362, 1132783, Total, 0, 0, 0, 0, 0, 0, 950010, 950010
2015, RAJASTHAN, 8, UDAIPUR, 108, KURABAD, 262276, BHALLON KA GUDA, 42363, 1167719, Drinking water, 0, 0, 0, 0, 0, 0, 1186000, 1186000
2015, RAJASTHAN, 8, UDAIPUR, 108, KURABAD, 262276, BHALLON KA GUDA, 42363, 1167719, Roads, 0, 0, 0, 0, 0, 0, 344295, 344295
2015, RAJASTHAN, 8, UDAIPUR, 108, KURABAD, 262276, BHALLON KA GUDA, 42363, 1167719, Total, 0, 0, 0, 0, 0, 0, 1530295, 1530295
2015, RAJASTHAN, 8, UDAIPUR, 108, KURABAD, 262276, BHESDA KALAN, 42364, 1196759, Drinking water, 0, 0, 0, 0, 0, 0, 258709, 258709
2015, RAJASTHAN, 8, UDAIPUR, 108, KURABAD, 262276, BHESDA KALAN, 42364, 1196759, Public distribution system, 0, 0, 0, 0, 0, 0, 500000, 500000
2015, RAJASTHAN, 8, UDAIPUR, 108, KURABAD, 262276, BHESDA KALAN, 42364, 1196759, Roads, 0, 0, 0, 0, 0, 0, 250000, 250000
2015, RAJASTHAN, 8, UDAIPUR, 108, KURABAD, 262276, BHESDA KALAN, 42364, 1196759, Total, 0, 0, 0, 0, 0, 0, 1008709, 1008709
2015, RAJASTHAN, 8, UDAIPUR, 108, KURABAD, 262276, BHESDA KHURD, 262711, 1130300, Drinking water, 0, 0, 0, 0, 0, 0, 140000, 140000
2015, RAJASTHAN, 8, UDAIPUR, 108, KURABAD, 262276, BHESDA KHURD, 262711, 1130300, Public distribution system, 0, 0, 0, 0, 0, 0, 909595, 909595
2015, RAJASTHAN, 8, UDAIPUR, 108, KURABAD, 262276, BHESDA KHURD, 262711, 1130300, Total, 0, 0, 0, 0, 0, 0, 1049595, 1049595
2015, RAJASTHAN, 8, UDAIPUR, 108, KURABAD, 262276, BORI, 42368, 1129545, Drinking water, 0, 0, 0, 0, 0, 0, 1032365, 1032365
2015, RAJASTHAN, 8, UDAIPUR, 108, KURABAD, 262276, BORI, 42368, 1129545, Total, 0, 0, 0, 0, 0, 0, 1032365, 1032365
2015, RAJASTHAN, 8, UDAIPUR, 108, KURABAD, 262276, CHANSDA, 42371, 1171762, Drinking water, 0, 0, 0, 0, 0, 0, 864000, 864000
2015, RAJASTHAN, 8, UDAIPUR, 108, KURABAD, 262276, CHANSDA, 42371, 1171762, Public distribution system, 0, 0, 0, 0, 0, 0, 672428, 672428
2015, RAJASTHAN, 8, UDAIPUR, 108, KURABAD, 262276, CHANSDA, 42371, 1171762, Total, 0, 0, 0, 0, 0, 0, 1536428, 1536428
2015, RAJASTHAN, 8, UDAIPUR, 108, KURABAD, 262276, DANTISAR, 42373, 1136024, Drinking water, 0, 0, 0, 0, 0, 0, 840000, 840000
2015, RAJASTHAN, 8, UDAIPUR, 108, KURABAD, 262276, DANTISAR, 42373, 1136024, Public distribution system, 0, 0, 0, 0, 0, 0, 98912, 98912
2015, RAJASTHAN, 8, UDAIPUR, 108, KURABAD, 262276, DANTISAR, 42373, 1136024, Total, 0, 0, 0, 0, 0, 0, 938912, 938912
2015, RAJASTHAN, 8, UDAIPUR, 108, KURABAD, 262276, GUDLI, 42376, 1176233, Roads, 0, 0, 0, 0, 0, 0, 1065365, 1065365
2015, RAJASTHAN, 8, UDAIPUR, 108, KURABAD, 262276, GUDLI, 42376, 1176233, Total, 0, 0, 0, 0, 0, 0, 1065365, 1065365
2015, RAJASTHAN, 8, UDAIPUR, 108, KURABAD, 262276, JAGAT, 42377, 1134194, Drinking water, 0, 0, 0, 0, 0, 0, 611191, 611191
2015, RAJASTHAN, 8, UDAIPUR, 108, KURABAD, 262276, JAGAT, 42377, 1134194, Public distribution system, 0, 0, 0, 0, 0, 0, 250000, 250000
2015, RAJASTHAN, 8, UDAIPUR, 108, KURABAD, 262276, JAGAT, 42377, 1134194, Roads, 0, 0, 0, 0, 0, 0, 750000, 750000
2015, RAJASTHAN, 8, UDAIPUR, 108, KURABAD, 262276, JAGAT, 42377, 1134194, Total, 0, 0, 0, 0, 0, 0, 1611191, 1611191
2015, RAJASTHAN, 8, UDAIPUR, 108, KURABAD, 262276, JHAMAR KOTRA, 42379, 1148608, Drinking water, 0, 0, 0, 0, 0, 0, 438000, 438000
2015, RAJASTHAN, 8, UDAIPUR, 108, KURABAD, 262276, JHAMAR KOTRA, 42379, 1148608, Public distribution system, 0, 0, 0, 0, 0, 0, 562214, 562214
2015, RAJASTHAN, 8, UDAIPUR, 108, KURABAD, 262276, JHAMAR KOTRA, 42379, 1148608, Roads, 0, 0, 0, 0, 0, 0, 500000, 500000
2015, RAJASTHAN, 8, UDAIPUR, 108, KURABAD, 262276, JHAMAR KOTRA, 42379, 1148608, Total, 0, 0, 0, 0, 0, 0, 1500214, 1500214
2015, RAJASTHAN, 8, UDAIPUR, 108, KURABAD, 262276, KOT, 42383, 1134233, Public distribution system, 0, 0, 0, 0, 0, 0, 456264, 456264
2015, RAJASTHAN, 8, UDAIPUR, 108, KURABAD, 262276, KOT, 42383, 1134233, Roads, 0, 0, 0, 0, 0, 0, 400000, 400000
2015, RAJASTHAN, 8, UDAIPUR, 108, KURABAD, 262276, KOT, 42383, 1134233, Total, 0, 0, 0, 0, 0, 0, 856264, 856264
2015, RAJASTHAN, 8, UDAIPUR, 108, KURABAD, 262276, KURABAD, 42384, 1115470, Roads, 0, 0, 0, 0, 0, 0, 1151518, 1151518
2015, RAJASTHAN, 8, UDAIPUR, 108, KURABAD, 262276, KURABAD, 42384, 1115470, Total, 0, 0, 0, 0, 0, 0, 1151518, 1151518
2015, RAJASTHAN, 8, UDAIPUR, 108, KURABAD, 262276, LALPURA, 42386, 1114525, Drinking water, 0, 0, 0, 0, 0, 0, 959564, 959564
2015, RAJASTHAN, 8, UDAIPUR, 108, KURABAD, 262276, LALPURA, 42386, 1114525, Sanitation, 0, 0, 0, 0, 0, 0, 260000, 260000
2015, RAJASTHAN, 8, UDAIPUR, 108, KURABAD, 262276, LALPURA, 42386, 1114525, Total, 0, 0, 0, 0, 0, 0, 1219564, 1219564
2015, RAJASTHAN, 8, UDAIPUR, 108, KURABAD, 262276, PARAMDA, 42391, 1118766, Drinking water, 0, 0, 0, 0, 0, 0, 1330520, 1330520
2015, RAJASTHAN, 8, UDAIPUR, 108, KURABAD, 262276, PARAMDA, 42391, 1118766, Public distribution system, 0, 0, 0, 0, 0, 0, 189554, 189554
2015, RAJASTHAN, 8, UDAIPUR, 108, KURABAD, 262276, PARAMDA, 42391, 1118766, Total, 0, 0, 0, 0, 0, 0, 1520074, 1520074
2015, RAJASTHAN, 8, UDAIPUR, 108, KURABAD, 262276, PHEELA, 42392, 1115129, Drinking water, 0, 0, 0, 0, 0, 0, 254356, 254356
2015, RAJASTHAN, 8, UDAIPUR, 108, KURABAD, 262276, PHEELA, 42392, 1115129, Roads, 0, 0, 0, 0, 0, 0, 270000, 270000
2015, RAJASTHAN, 8, UDAIPUR, 108, KURABAD, 262276, PHEELA, 42392, 1115129, Total, 0, 0, 0, 0, 0, 0, 524356, 524356
2015, RAJASTHAN, 8, UDAIPUR, 108, KURABAD, 262276, SAKRODA, 42393, 1113819, Drinking water, 0, 0, 0, 0, 0, 0, 1018620, 1018620
2015, RAJASTHAN, 8, UDAIPUR, 108, KURABAD, 262276, SAKRODA, 42393, 1113819, Roads, 0, 0, 0, 0, 0, 0, 341707, 341707
2015, RAJASTHAN, 8, UDAIPUR, 108, KURABAD, 262276, SAKRODA, 42393, 1113819, Total, 0, 0, 0, 0, 0, 0, 1360327, 1360327
2015, RAJASTHAN, 8, UDAIPUR, 108, KURABAD, 262276, SHISHVI, 42396, 1207676, Roads, 0, 0, 0, 0, 0, 0, 1155344, 1155344
2015, RAJASTHAN, 8, UDAIPUR, 108, KURABAD, 262276, SHISHVI, 42396, 1207676, Total, 0, 0, 0, 0, 0, 0, 1155344, 1155344
2015, RAJASTHAN, 8, UDAIPUR, 108, KURABAD, 262276, SOMA KHEDA, 42398, 1126815, Drinking water, 0, 0, 0, 0, 0, 0, 500000, 500000
2015, RAJASTHAN, 8, UDAIPUR, 108, KURABAD, 262276, SOMA KHEDA, 42398, 1126815, Roads, 0, 0, 0, 0, 0, 0, 316839, 316839
2015, RAJASTHAN, 8, UDAIPUR, 108, KURABAD, 262276, SOMA KHEDA, 42398, 1126815, Total, 0, 0, 0, 0, 0, 0, 816839, 816839
2015, RAJASTHAN, 8, UDAIPUR, 108, KURABAD, 262276, SULAWAS, 42399, 1130288, Drinking water, 0, 0, 0, 0, 0, 0, 621000, 621000
2015, RAJASTHAN, 8, UDAIPUR, 108, KURABAD, 262276, SULAWAS, 42399, 1130288, Public distribution system, 0, 0, 0, 0, 0, 0, 109687, 109687
2015, RAJASTHAN, 8, UDAIPUR, 108, KURABAD, 262276, SULAWAS, 42399, 1130288, Total, 0, 0, 0, 0, 0, 0, 730687, 730687
2015, RAJASTHAN, 8, UDAIPUR, 108, KURABAD, 262276, VALI, 42403, 1130517, Drinking water, 0, 0, 0, 0, 0, 0, 206809, 206809
2015, RAJASTHAN, 8, UDAIPUR, 108, KURABAD, 262276, VALI, 42403, 1130517, Public distribution system, 0, 0, 0, 0, 0, 0, 500000, 500000
2015, RAJASTHAN, 8, UDAIPUR, 108, KURABAD, 262276, VALI, 42403, 1130517, Roads, 0, 0, 0, 0, 0, 0, 477029, 477029
2015, RAJASTHAN, 8, UDAIPUR, 108, KURABAD, 262276, VALI, 42403, 1130517, Rural electrification, 0, 0, 0, 0, 0, 0, 249500, 249500
2015, RAJASTHAN, 8, UDAIPUR, 108, KURABAD, 262276, VALI, 42403, 1130517, Total, 0, 0, 0, 0, 0, 0, 1433338, 1433338
2015, RAJASTHAN, 8, UDAIPUR, 108, KURABAD, 262276, VALLABH, 42402, 1129557, Drinking water, 0, 0, 0, 0, 0, 0, 288000, 288000
2015, RAJASTHAN, 8, UDAIPUR, 108, KURABAD, 262276, VALLABH, 42402, 1129557, Public distribution system, 0, 0, 0, 0, 0, 0, 263653, 263653
2015, RAJASTHAN, 8, UDAIPUR, 108, KURABAD, 262276, VALLABH, 42402, 1129557, Roads, 0, 0, 0, 0, 0, 0, 250000, 250000
2015, RAJASTHAN, 8, UDAIPUR, 108, KURABAD, 262276, VALLABH, 42402, 1129557, Total, 0, 0, 0, 0, 0, 0, 801653, 801653
2015, RAJASTHAN, 8, UDAIPUR, 108, KURABAD, 262276, ZINC-SMELTER, 262651, 1117307, Drinking water, 0, 0, 0, 0, 0, 0, 1051055, 1051055
2015, RAJASTHAN, 8, UDAIPUR, 108, KURABAD, 262276, ZINC-SMELTER, 262651, 1117307, Total, 0, 0, 0, 0, 0, 0, 1051055, 1051055
2015, RAJASTHAN, 8, UDAIPUR, 108, LASADIYA, 6846, AANJANI, 42308, 1171409, Drinking water, 0, 0, 0, 0, 0, 0, 815000, 815000
2015, RAJASTHAN, 8, UDAIPUR, 108, LASADIYA, 6846, AANJANI, 42308, 1171409, Total, 0, 0, 0, 0, 0, 0, 815000, 815000
2015, RAJASTHAN, 8, UDAIPUR, 108, LASADIYA, 6846, AARNIYA, 42309, 1162748, Drinking water, 0, 0, 0, 0, 0, 0, 1119000, 1119000
2015, RAJASTHAN, 8, UDAIPUR, 108, LASADIYA, 6846, AARNIYA, 42309, 1162748, Roads, 0, 0, 0, 0, 0, 0, 550000, 550000
2015, RAJASTHAN, 8, UDAIPUR, 108, LASADIYA, 6846, AARNIYA, 42309, 1162748, Total, 0, 0, 0, 0, 0, 0, 1669000, 1669000
2015, RAJASTHAN, 8, UDAIPUR, 108, LASADIYA, 6846, AGGAD, 42310, 1114791, Roads, 0, 0, 0, 0, 0, 0, 100000, 100000
2015, RAJASTHAN, 8, UDAIPUR, 108, LASADIYA, 6846, AGGAD, 42310, 1114791, Rural housing, 0, 0, 0, 0, 0, 0, 100000, 100000
2015, RAJASTHAN, 8, UDAIPUR, 108, LASADIYA, 6846, AGGAD, 42310, 1114791, Social welfare, 0, 0, 0, 0, 0, 0, 300000, 300000
2015, RAJASTHAN, 8, UDAIPUR, 108, LASADIYA, 6846, AGGAD, 42310, 1114791, Total, 0, 0, 0, 0, 0, 0, 500000, 500000
2015, RAJASTHAN, 8, UDAIPUR, 108, LASADIYA, 6846, BALICHA, 42313, 1114126, Roads, 0, 0, 0, 0, 0, 0, 650000, 650000
2015, RAJASTHAN, 8, UDAIPUR, 108, LASADIYA, 6846, BALICHA, 42313, 1114126, Total, 0, 0, 0, 0, 0, 0, 650000, 650000
2015, RAJASTHAN, 8, UDAIPUR, 108, LASADIYA, 6846, BHAREV, 42315, 1114782, Roads, 0, 0, 0, 0, 0, 0, 900000, 900000
2015, RAJASTHAN, 8, UDAIPUR, 108, LASADIYA, 6846, BHAREV, 42315, 1114782, Rural housing, 0, 0, 0, 0, 0, 0, 450000, 450000
2015, RAJASTHAN, 8, UDAIPUR, 108, LASADIYA, 6846, BHAREV, 42315, 1114782, Total, 0, 0, 0, 0, 0, 0, 1350000, 1350000
2015, RAJASTHAN, 8, UDAIPUR, 108, LASADIYA, 6846, DEOLIA, 42324, 1114106, Roads, 0, 0, 0, 0, 0, 0, 1500000, 1500000
2015, RAJASTHAN, 8, UDAIPUR, 108, LASADIYA, 6846, DEOLIA, 42324, 1114106, Total, 0, 0, 0, 0, 0, 0, 1500000, 1500000
2015, RAJASTHAN, 8, UDAIPUR, 108, LASADIYA, 6846, DHAMNIYA, 42325, 1171407, Health, 0, 0, 0, 0, 0, 0, 1000000, 1000000
2015, RAJASTHAN, 8, UDAIPUR, 108, LASADIYA, 6846, DHAMNIYA, 42325, 1171407, Maintenance of community system, 0, 0, 0, 0, 0, 0, 50000, 50000
2015, RAJASTHAN, 8, UDAIPUR, 108, LASADIYA, 6846, DHAMNIYA, 42325, 1171407, Roads, 0, 0, 0, 0, 0, 0, 3170000, 3170000
2015, RAJASTHAN, 8, UDAIPUR, 108, LASADIYA, 6846, DHAMNIYA, 42325, 1171407, Rural housing, 0, 0, 0, 0, 0, 0, 570000, 570000
2015, RAJASTHAN, 8, UDAIPUR, 108, LASADIYA, 6846, DHAMNIYA, 42325, 1171407, Social welfare, 0, 0, 0, 0, 0, 0, 80000, 80000
2015, RAJASTHAN, 8, UDAIPUR, 108, LASADIYA, 6846, DHAMNIYA, 42325, 1171407, Total, 0, 0, 0, 0, 0, 0, 4970000, 4970000
2015, RAJASTHAN, 8, UDAIPUR, 108, LASADIYA, 6846, DHAMNIYA, 42325, 1171407, Welfare of the weaker sections, 0, 0, 0, 0, 0, 0, 100000, 100000
2015, RAJASTHAN, 8, UDAIPUR, 108, LASADIYA, 6846, DHAVDI, 42327, 1113117, Drinking water, 0, 0, 0, 0, 0, 0, 500000, 500000
2015, RAJASTHAN, 8, UDAIPUR, 108, LASADIYA, 6846, DHAVDI, 42327, 1113117, Health, 0, 0, 0, 0, 0, 0, 500000, 500000
2015, RAJASTHAN, 8, UDAIPUR, 108, LASADIYA, 6846, DHAVDI, 42327, 1113117, Total, 0, 0, 0, 0, 0, 0, 1000000, 1000000
2015, RAJASTHAN, 8, UDAIPUR, 108, LASADIYA, 6846, DHEEKIYA, 42328, 1113630, Land improvement, 0, 0, 0, 0, 0, 0, 50000, 50000
2015, RAJASTHAN, 8, UDAIPUR, 108, LASADIYA, 6846, DHEEKIYA, 42328, 1113630, Roads, 0, 0, 0, 0, 0, 0, 3100000, 3100000
2015, RAJASTHAN, 8, UDAIPUR, 108, LASADIYA, 6846, DHEEKIYA, 42328, 1113630, Rural housing, 0, 0, 0, 0, 0, 0, 330000, 330000
2015, RAJASTHAN, 8, UDAIPUR, 108, LASADIYA, 6846, DHEEKIYA, 42328, 1113630, Total, 0, 0, 0, 0, 0, 0, 3480000, 3480000
2015, RAJASTHAN, 8, UDAIPUR, 108, LASADIYA, 6846, DHOLIA, 42329, 1114119, Roads, 0, 0, 0, 0, 0, 0, 700000, 700000
2015, RAJASTHAN, 8, UDAIPUR, 108, LASADIYA, 6846, DHOLIA, 42329, 1114119, Total, 0, 0, 0, 0, 0, 0, 700000, 700000
2015, RAJASTHAN, 8, UDAIPUR, 108, LASADIYA, 6846, KALIBHEET, 42335, 1113251, Drinking water, 0, 0, 0, 0, 0, 0, 495000, 495000
2015, RAJASTHAN, 8, UDAIPUR, 108, LASADIYA, 6846, KALIBHEET, 42335, 1113251, Health, 0, 0, 0, 0, 0, 0, 300000, 300000
2015, RAJASTHAN, 8, UDAIPUR, 108, LASADIYA, 6846, KALIBHEET, 42335, 1113251, Roads, 0, 0, 0, 0, 0, 0, 1450000, 1450000
2015, RAJASTHAN, 8, UDAIPUR, 108, LASADIYA, 6846, KALIBHEET, 42335, 1113251, Social welfare, 0, 0, 0, 0, 0, 0, 150000, 150000
2015, RAJASTHAN, 8, UDAIPUR, 108, LASADIYA, 6846, KALIBHEET, 42335, 1113251, Total, 0, 0, 0, 0, 0, 0, 2395000, 2395000
2015, RAJASTHAN, 8, UDAIPUR, 108, LASADIYA, 6846, KHAJURI, 42664, 1113145, Roads, 0, 0, 0, 0, 0, 0, 1000000, 1000000
2015, RAJASTHAN, 8, UDAIPUR, 108, LASADIYA, 6846, KHAJURI, 42664, 1113145, Total, 0, 0, 0, 0, 0, 0, 1000000, 1000000
2015, RAJASTHAN, 8, UDAIPUR, 108, LASADIYA, 6846, KUN, 42338, 1113502, Drinking water, 0, 0, 0, 0, 0, 0, 162000, 162000
2015, RAJASTHAN, 8, UDAIPUR, 108, LASADIYA, 6846, KUN, 42338, 1113502, Roads, 0, 0, 0, 0, 0, 0, 1686000, 1686000
2015, RAJASTHAN, 8, UDAIPUR, 108, LASADIYA, 6846, KUN, 42338, 1113502, Total, 0, 0, 0, 0, 0, 0, 1848000, 1848000
2015, RAJASTHAN, 8, UDAIPUR, 108, LASADIYA, 6846, LAKUKALEVA, 42339, 1114772, Roads, 0, 0, 0, 0, 0, 0, 4100000, 4100000
2015, RAJASTHAN, 8, UDAIPUR, 108, LASADIYA, 6846, LAKUKALEVA, 42339, 1114772, Total, 0, 0, 0, 0, 0, 0, 4100000, 4100000
2015, RAJASTHAN, 8, UDAIPUR, 108, LASADIYA, 6846, LASADIA, 42340, 1114081, Roads, 0, 0, 0, 0, 0, 0, 1600000, 1600000
2015, RAJASTHAN, 8, UDAIPUR, 108, LASADIYA, 6846, LASADIA, 42340, 1114081, Total, 0, 0, 0, 0, 0, 0, 1600000, 1600000
2015, RAJASTHAN, 8, UDAIPUR, 108, LASADIYA, 6846, MANPURION KA GUDA, 42344, 1113723, Roads, 0, 0, 0, 0, 0, 0, 792000, 792000
2015, RAJASTHAN, 8, UDAIPUR, 108, LASADIYA, 6846, MANPURION KA GUDA, 42344, 1113723, Total, 0, 0, 0, 0, 0, 0, 792000, 792000
2015, RAJASTHAN, 8, UDAIPUR, 108, LASADIYA, 6846, OVRA, 42349, 1135144, Roads, 0, 0, 0, 0, 0, 0, 1100000, 1100000
2015, RAJASTHAN, 8, UDAIPUR, 108, LASADIYA, 6846, OVRA, 42349, 1135144, Rural housing, 0, 0, 0, 0, 0, 0, 100000, 100000
2015, RAJASTHAN, 8, UDAIPUR, 108, LASADIYA, 6846, OVRA, 42349, 1135144, Total, 0, 0, 0, 0, 0, 0, 1200000, 1200000
2015, RAJASTHAN, 8, UDAIPUR, 108, LASADIYA, 6846, TATAKIYA, 42354, 1167006, Drinking water, 0, 0, 0, 0, 0, 0, 1356000, 1356000
2015, RAJASTHAN, 8, UDAIPUR, 108, LASADIYA, 6846, TATAKIYA, 42354, 1167006, Roads, 0, 0, 0, 0, 0, 0, 800000, 800000
2015, RAJASTHAN, 8, UDAIPUR, 108, LASADIYA, 6846, TATAKIYA, 42354, 1167006, Total, 0, 0, 0, 0, 0, 0, 2156000, 2156000
2015, RAJASTHAN, 8, UDAIPUR, 108, LASADIYA, 6846, TEKAN, 42355, 1114090, Drinking water, 0, 0, 0, 0, 0, 0, 240000, 240000
2015, RAJASTHAN, 8, UDAIPUR, 108, LASADIYA, 6846, TEKAN, 42355, 1114090, Total, 0, 0, 0, 0, 0, 0, 240000, 240000
2015, RAJASTHAN, 8, UDAIPUR, 108, MAVLI, 1383, AAMLI, 42586, 1157944, Public distribution system, 0, 0, 0, 0, 0, 0, 129242, 129242
2015, RAJASTHAN, 8, UDAIPUR, 108, MAVLI, 1383, AAMLI, 42586, 1157944, Roads, 0, 0, 0, 0, 0, 0, 900000, 900000
2015, RAJASTHAN, 8, UDAIPUR, 108, MAVLI, 1383, AAMLI, 42586, 1157944, Total, 0, 0, 0, 0, 0, 0, 1029242, 1029242
2015, RAJASTHAN, 8, UDAIPUR, 108, MAVLI, 1383, BADGAON, 42587, 1116733, Roads, 0, 0, 0, 0, 0, 0, 860449, 860449
2015, RAJASTHAN, 8, UDAIPUR, 108, MAVLI, 1383, BADGAON, 42587, 1116733, Social welfare, 0, 0, 0, 0, 0, 0, 400000, 400000
2015, RAJASTHAN, 8, UDAIPUR, 108, MAVLI, 1383, BADGAON, 42587, 1116733, Total, 0, 0, 0, 0, 0, 0, 1260449, 1260449
2015, RAJASTHAN, 8, UDAIPUR, 108, MAVLI, 1383, BADIYAR, 42588, 1172959, Drinking water, 0, 0, 0, 0, 0, 0, 1400000, 1400000
2015, RAJASTHAN, 8, UDAIPUR, 108, MAVLI, 1383, BADIYAR, 42588, 1172959, Social welfare, 0, 0, 0, 0, 0, 0, 353706, 353706
2015, RAJASTHAN, 8, UDAIPUR, 108, MAVLI, 1383, BADIYAR, 42588, 1172959, Total, 0, 0, 0, 0, 0, 0, 1753706, 1753706
2015, RAJASTHAN, 8, UDAIPUR, 108, MAVLI, 1383, BANSLIA, 42589, 1157303, Roads, 0, 0, 0, 0, 0, 0, 1100000, 1100000
2015, RAJASTHAN, 8, UDAIPUR, 108, MAVLI, 1383, BANSLIA, 42589, 1157303, Social welfare, 0, 0, 0, 0, 0, 0, 1287, 1287
2015, RAJASTHAN, 8, UDAIPUR, 108, MAVLI, 1383, BANSLIA, 42589, 1157303, Total, 0, 0, 0, 0, 0, 0, 1101287, 1101287
2015, RAJASTHAN, 8, UDAIPUR, 108, MAVLI, 1383, BHANSOL, 42590, 1137894, Drinking water, 0, 0, 0, 0, 0, 0, 1306883, 1306883
2015, RAJASTHAN, 8, UDAIPUR, 108, MAVLI, 1383, BHANSOL, 42590, 1137894, Total, 0, 0, 0, 0, 0, 0, 1306883, 1306883
2015, RAJASTHAN, 8, UDAIPUR, 108, MAVLI, 1383, BHEEMAL, 42591, 1135141, Roads, 0, 0, 0, 0, 0, 0, 744817, 744817
2015, RAJASTHAN, 8, UDAIPUR, 108, MAVLI, 1383, BHEEMAL, 42591, 1135141, Social welfare, 0, 0, 0, 0, 0, 0, 282000, 282000
2015, RAJASTHAN, 8, UDAIPUR, 108, MAVLI, 1383, BHEEMAL, 42591, 1135141, Total, 0, 0, 0, 0, 0, 0, 1026817, 1026817
2015, RAJASTHAN, 8, UDAIPUR, 108, MAVLI, 1383, BOYNA, 42593, 1135818, Drinking water, 0, 0, 0, 0, 0, 0, 1093110, 1093110
2015, RAJASTHAN, 8, UDAIPUR, 108, MAVLI, 1383, BOYNA, 42593, 1135818, Total, 0, 0, 0, 0, 0, 0, 1093110, 1093110
2015, RAJASTHAN, 8, UDAIPUR, 108, MAVLI, 1383, CHANDESRA, 42594, 1159415, Roads, 0, 0, 0, 0, 0, 0, 1200000, 1200000
2015, RAJASTHAN, 8, UDAIPUR, 108, MAVLI, 1383, CHANDESRA, 42594, 1159415, Social welfare, 0, 0, 0, 0, 0, 0, 284736, 284736
2015, RAJASTHAN, 8, UDAIPUR, 108, MAVLI, 1383, CHANDESRA, 42594, 1159415, Total, 0, 0, 0, 0, 0, 0, 1484736, 1484736
2015, RAJASTHAN, 8, UDAIPUR, 108, MAVLI, 1383, CHANGEDI, 42595, 1154651, Roads, 0, 0, 0, 0, 0, 0, 1493790, 1493790
2015, RAJASTHAN, 8, UDAIPUR, 108, MAVLI, 1383, CHANGEDI, 42595, 1154651, Total, 0, 0, 0, 0, 0, 0, 1493790, 1493790
2015, RAJASTHAN, 8, UDAIPUR, 108, MAVLI, 1383, DABOK, 42596, 1116737, Roads, 0, 0, 0, 0, 0, 0, 1247933, 1247933
2015, RAJASTHAN, 8, UDAIPUR, 108, MAVLI, 1383, DABOK, 42596, 1116737, Social welfare, 0, 0, 0, 0, 0, 0, 780000, 780000
2015, RAJASTHAN, 8, UDAIPUR, 108, MAVLI, 1383, DABOK, 42596, 1116737, Total, 0, 0, 0, 0, 0, 0, 2027933, 2027933
2015, RAJASTHAN, 8, UDAIPUR, 108, MAVLI, 1383, DHOLI MAGRI, 42597, 1157646, Drinking water, 0, 0, 0, 0, 0, 0, 572493, 572493
2015, RAJASTHAN, 8, UDAIPUR, 108, MAVLI, 1383, DHOLI MAGRI, 42597, 1157646, Social welfare, 0, 0, 0, 0, 0, 0, 235000, 235000
2015, RAJASTHAN, 8, UDAIPUR, 108, MAVLI, 1383, DHOLI MAGRI, 42597, 1157646, Total, 0, 0, 0, 0, 0, 0, 807493, 807493
2015, RAJASTHAN, 8, UDAIPUR, 108, MAVLI, 1383, DHOONIMATA, 262415, 1118699, Drinking water, 0, 0, 0, 0, 0, 0, 778000, 778000
2015, RAJASTHAN, 8, UDAIPUR, 108, MAVLI, 1383, DHOONIMATA, 262415, 1118699, Roads, 0, 0, 0, 0, 0, 0, 508668, 508668
2015, RAJASTHAN, 8, UDAIPUR, 108, MAVLI, 1383, DHOONIMATA, 262415, 1118699, Social welfare, 0, 0, 0, 0, 0, 0, 307000, 307000
2015, RAJASTHAN, 8, UDAIPUR, 108, MAVLI, 1383, DHOONIMATA, 262415, 1118699, Total, 0, 0, 0, 0, 0, 0, 1593668, 1593668
2015, RAJASTHAN, 8, UDAIPUR, 108, MAVLI, 1383, DHUNDHIYA, 42598, 1157762, Roads, 0, 0, 0, 0, 0, 0, 1467214, 1467214
2015, RAJASTHAN, 8, UDAIPUR, 108, MAVLI, 1383, DHUNDHIYA, 42598, 1157762, Total, 0, 0, 0, 0, 0, 0, 1467214, 1467214
2015, RAJASTHAN, 8, UDAIPUR, 108, MAVLI, 1383, GADOLI, 42600, 1154570, Roads, 0, 0, 0, 0, 0, 0, 1469258, 1469258
2015, RAJASTHAN, 8, UDAIPUR, 108, MAVLI, 1383, GADOLI, 42600, 1154570, Total, 0, 0, 0, 0, 0, 0, 1469258, 1469258
2015, RAJASTHAN, 8, UDAIPUR, 108, MAVLI, 1383, GHASA, 42601, 1173528, Drinking water, 0, 0, 0, 0, 0, 0, 1000000, 1000000
2015, RAJASTHAN, 8, UDAIPUR, 108, MAVLI, 1383, GHASA, 42601, 1173528, Roads, 0, 0, 0, 0, 0, 0, 1044288, 1044288
2015, RAJASTHAN, 8, UDAIPUR, 108, MAVLI, 1383, GHASA, 42601, 1173528, Total, 0, 0, 0, 0, 0, 0, 2044288, 2044288
2015, RAJASTHAN, 8, UDAIPUR, 108, MAVLI, 1383, GOLWADA, 42602, 1159383, Drinking water, 0, 0, 0, 0, 0, 0, 750228, 750228
2015, RAJASTHAN, 8, UDAIPUR, 108, MAVLI, 1383, GOLWADA, 42602, 1159383, Roads, 0, 0, 0, 0, 0, 0, 500000, 500000
2015, RAJASTHAN, 8, UDAIPUR, 108, MAVLI, 1383, GOLWADA, 42602, 1159383, Total, 0, 0, 0, 0, 0, 0, 1250228, 1250228
2015, RAJASTHAN, 8, UDAIPUR, 108, MAVLI, 1383, GUDLI, 42603, 1118714, Drinking water, 0, 0, 0, 0, 0, 0, 1132178, 1132178
2015, RAJASTHAN, 8, UDAIPUR, 108, MAVLI, 1383, GUDLI, 42603, 1118714, Roads, 0, 0, 0, 0, 0, 0, 800000, 800000
2015, RAJASTHAN, 8, UDAIPUR, 108, MAVLI, 1383, GUDLI, 42603, 1118714, Social welfare, 0, 0, 0, 0, 0, 0, 450000, 450000
2015, RAJASTHAN, 8, UDAIPUR, 108, MAVLI, 1383, GUDLI, 42603, 1118714, Total, 0, 0, 0, 0, 0, 0, 2382178, 2382178
2015, RAJASTHAN, 8, UDAIPUR, 108, MAVLI, 1383, INTALI, 42604, 1172938, Roads, 0, 0, 0, 0, 0, 0, 1589287, 1589287
2015, RAJASTHAN, 8, UDAIPUR, 108, MAVLI, 1383, INTALI, 42604, 1172938, Total, 0, 0, 0, 0, 0, 0, 1589287, 1589287
2015, RAJASTHAN, 8, UDAIPUR, 108, MAVLI, 1383, JAIVANA, 42606, 1173020, Roads, 0, 0, 0, 0, 0, 0, 1022727, 1022727
2015, RAJASTHAN, 8, UDAIPUR, 108, MAVLI, 1383, JAIVANA, 42606, 1173020, Total, 0, 0, 0, 0, 0, 0, 1022727, 1022727
2015, RAJASTHAN, 8, UDAIPUR, 108, MAVLI, 1383, JAWAD, 42605, 1136153, Drinking water, 0, 0, 0, 0, 0, 0, 300000, 300000
2015, RAJASTHAN, 8, UDAIPUR, 108, MAVLI, 1383, JAWAD, 42605, 1136153, Roads, 0, 0, 0, 0, 0, 0, 830878, 830878
2015, RAJASTHAN, 8, UDAIPUR, 108, MAVLI, 1383, JAWAD, 42605, 1136153, Social welfare, 0, 0, 0, 0, 0, 0, 334000, 334000
2015, RAJASTHAN, 8, UDAIPUR, 108, MAVLI, 1383, JAWAD, 42605, 1136153, Total, 0, 0, 0, 0, 0, 0, 1464878, 1464878
2015, RAJASTHAN, 8, UDAIPUR, 108, MAVLI, 1383, KHARTANA, 42607, 1157970, Roads, 0, 0, 0, 0, 0, 0, 695000, 695000
2015, RAJASTHAN, 8, UDAIPUR, 108, MAVLI, 1383, KHARTANA, 42607, 1157970, Social welfare, 0, 0, 0, 0, 0, 0, 674673, 674673
2015, RAJASTHAN, 8, UDAIPUR, 108, MAVLI, 1383, KHARTANA, 42607, 1157970, Total, 0, 0, 0, 0, 0, 0, 1369673, 1369673
2015, RAJASTHAN, 8, UDAIPUR, 108, MAVLI, 1383, KHEMLI, 42608, 1157507, Drinking water, 0, 0, 0, 0, 0, 0, 977824, 977824
2015, RAJASTHAN, 8, UDAIPUR, 108, MAVLI, 1383, KHEMLI, 42608, 1157507, Roads, 0, 0, 0, 0, 0, 0, 300000, 300000
2015, RAJASTHAN, 8, UDAIPUR, 108, MAVLI, 1383, KHEMLI, 42608, 1157507, Social welfare, 0, 0, 0, 0, 0, 0, 600000, 600000
2015, RAJASTHAN, 8, UDAIPUR, 108, MAVLI, 1383, KHEMLI, 42608, 1157507, Total, 0, 0, 0, 0, 0, 0, 1877824, 1877824
2015, RAJASTHAN, 8, UDAIPUR, 108, MAVLI, 1383, KHEMPUR, 42609, 1174056, Roads, 0, 0, 0, 0, 0, 0, 1129907, 1129907
2015, RAJASTHAN, 8, UDAIPUR, 108, MAVLI, 1383, KHEMPUR, 42609, 1174056, Total, 0, 0, 0, 0, 0, 0, 1129907, 1129907
2015, RAJASTHAN, 8, UDAIPUR, 108, MAVLI, 1383, LADANI, 42610, 1173507, Drinking water, 0, 0, 0, 0, 0, 0, 73835, 73835
2015, RAJASTHAN, 8, UDAIPUR, 108, MAVLI, 1383, LADANI, 42610, 1173507, Roads, 0, 0, 0, 0, 0, 0, 1000000, 1000000
2015, RAJASTHAN, 8, UDAIPUR, 108, MAVLI, 1383, LADANI, 42610, 1173507, Total, 0, 0, 0, 0, 0, 0, 1073835, 1073835
2015, RAJASTHAN, 8, UDAIPUR, 108, MAVLI, 1383, LOPRA, 42611, 1157957, Drinking water, 0, 0, 0, 0, 0, 0, 862930, 862930
2015, RAJASTHAN, 8, UDAIPUR, 108, MAVLI, 1383, LOPRA, 42611, 1157957, Roads, 0, 0, 0, 0, 0, 0, 1000000, 1000000
2015, RAJASTHAN, 8, UDAIPUR, 108, MAVLI, 1383, LOPRA, 42611, 1157957, Total, 0, 0, 0, 0, 0, 0, 1862930, 1862930
2015, RAJASTHAN, 8, UDAIPUR, 108, MAVLI, 1383, MAHUDA, 42612, 1173012, Roads, 0, 0, 0, 0, 0, 0, 885468, 885468
2015, RAJASTHAN, 8, UDAIPUR, 108, MAVLI, 1383, MAHUDA, 42612, 1173012, Total, 0, 0, 0, 0, 0, 0, 885468, 885468
2015, RAJASTHAN, 8, UDAIPUR, 108, MAVLI, 1383, MANGTHALA, 42613, 1172951, Roads, 0, 0, 0, 0, 0, 0, 1765096, 1765096
2015, RAJASTHAN, 8, UDAIPUR, 108, MAVLI, 1383, MANGTHALA, 42613, 1172951, Total, 0, 0, 0, 0, 0, 0, 1765096, 1765096
2015, RAJASTHAN, 8, UDAIPUR, 108, MAVLI, 1383, MAVLI, 42614, 1138567, Roads, 0, 0, 0, 0, 0, 0, 1765000, 1765000
2015, RAJASTHAN, 8, UDAIPUR, 108, MAVLI, 1383, MAVLI, 42614, 1138567, Social welfare, 0, 0, 0, 0, 0, 0, 1296174, 1296174
2015, RAJASTHAN, 8, UDAIPUR, 108, MAVLI, 1383, MAVLI, 42614, 1138567, Total, 0, 0, 0, 0, 0, 0, 3061174, 3061174
2015, RAJASTHAN, 8, UDAIPUR, 108, MAVLI, 1383, MERTA, 42615, 1118725, Roads, 0, 0, 0, 0, 0, 0, 805292, 805292
2015, RAJASTHAN, 8, UDAIPUR, 108, MAVLI, 1383, MERTA, 42615, 1118725, Social welfare, 0, 0, 0, 0, 0, 0, 560000, 560000
2015, RAJASTHAN, 8, UDAIPUR, 108, MAVLI, 1383, MERTA, 42615, 1118725, Total, 0, 0, 0, 0, 0, 0, 1365292, 1365292
2015, RAJASTHAN, 8, UDAIPUR, 108, MAVLI, 1383, MORATH, 42616, 1137164, Drinking water, 0, 0, 0, 0, 0, 0, 1183350, 1183350
2015, RAJASTHAN, 8, UDAIPUR, 108, MAVLI, 1383, MORATH, 42616, 1137164, Total, 0, 0, 0, 0, 0, 0, 1183350, 1183350
2015, RAJASTHAN, 8, UDAIPUR, 108, MAVLI, 1383, NAMRI, 42617, 1173131, Social welfare, 0, 0, 0, 0, 0, 0, 1380770, 1380770
2015, RAJASTHAN, 8, UDAIPUR, 108, MAVLI, 1383, NAMRI, 42617, 1173131, Total, 0, 0, 0, 0, 0, 0, 1380770, 1380770
2015, RAJASTHAN, 8, UDAIPUR, 108, MAVLI, 1383, NANDWEL, 42618, 1174047, Drinking water, 0, 0, 0, 0, 0, 0, 500000, 500000
2015, RAJASTHAN, 8, UDAIPUR, 108, MAVLI, 1383, NANDWEL, 42618, 1174047, Roads, 0, 0, 0, 0, 0, 0, 984736, 984736
2015, RAJASTHAN, 8, UDAIPUR, 108, MAVLI, 1383, NANDWEL, 42618, 1174047, Total, 0, 0, 0, 0, 0, 0, 1484736, 1484736
2015, RAJASTHAN, 8, UDAIPUR, 108, MAVLI, 1383, NAUVA, 42619, 1118733, Roads, 0, 0, 0, 0, 0, 0, 250603, 250603
2015, RAJASTHAN, 8, UDAIPUR, 108, MAVLI, 1383, NAUVA, 42619, 1118733, Social welfare, 0, 0, 0, 0, 0, 0, 740000, 740000
2015, RAJASTHAN, 8, UDAIPUR, 108, MAVLI, 1383, NAUVA, 42619, 1118733, Total, 0, 0, 0, 0, 0, 0, 990603, 990603
2015, RAJASTHAN, 8, UDAIPUR, 108, MAVLI, 1383, NOORDA, 42620, 1118746, Drinking water, 0, 0, 0, 0, 0, 0, 668000, 668000
2015, RAJASTHAN, 8, UDAIPUR, 108, MAVLI, 1383, NOORDA, 42620, 1118746, Roads, 0, 0, 0, 0, 0, 0, 730585, 730585
2015, RAJASTHAN, 8, UDAIPUR, 108, MAVLI, 1383, NOORDA, 42620, 1118746, Total, 0, 0, 0, 0, 0, 0, 1398585, 1398585
2015, RAJASTHAN, 8, UDAIPUR, 108, MAVLI, 1383, PALANA KALAN, 42621, 1173515, Roads, 0, 0, 0, 0, 0, 0, 858234, 858234
2015, RAJASTHAN, 8, UDAIPUR, 108, MAVLI, 1383, PALANA KALAN, 42621, 1173515, Social welfare, 0, 0, 0, 0, 0, 0, 300000, 300000
2015, RAJASTHAN, 8, UDAIPUR, 108, MAVLI, 1383, PALANA KALAN, 42621, 1173515, Total, 0, 0, 0, 0, 0, 0, 1158234, 1158234
2015, RAJASTHAN, 8, UDAIPUR, 108, MAVLI, 1383, PALANA KHURD, 42622, 1118750, Drinking water, 0, 0, 0, 0, 0, 0, 596048, 596048
2015, RAJASTHAN, 8, UDAIPUR, 108, MAVLI, 1383, PALANA KHURD, 42622, 1118750, Roads, 0, 0, 0, 0, 0, 0, 547000, 547000
2015, RAJASTHAN, 8, UDAIPUR, 108, MAVLI, 1383, PALANA KHURD, 42622, 1118750, Total, 0, 0, 0, 0, 0, 0, 1143048, 1143048
2015, RAJASTHAN, 8, UDAIPUR, 108, MAVLI, 1383, PHALICHADA, 42599, 1138035, Drinking water, 0, 0, 0, 0, 0, 0, 477525, 477525
2015, RAJASTHAN, 8, UDAIPUR, 108, MAVLI, 1383, PHALICHADA, 42599, 1138035, Roads, 0, 0, 0, 0, 0, 0, 1034000, 1034000
2015, RAJASTHAN, 8, UDAIPUR, 108, MAVLI, 1383, PHALICHADA, 42599, 1138035, Social welfare, 0, 0, 0, 0, 0, 0, 36000, 36000
2015, RAJASTHAN, 8, UDAIPUR, 108, MAVLI, 1383, PHALICHADA, 42599, 1138035, Total, 0, 0, 0, 0, 0, 0, 1547525, 1547525
2015, RAJASTHAN, 8, UDAIPUR, 108, MAVLI, 1383, RAKHYAVAL, 42623, 1173521, Roads, 0, 0, 0, 0, 0, 0, 604753, 604753
2015, RAJASTHAN, 8, UDAIPUR, 108, MAVLI, 1383, RAKHYAVAL, 42623, 1173521, Social welfare, 0, 0, 0, 0, 0, 0, 795000, 795000
2015, RAJASTHAN, 8, UDAIPUR, 108, MAVLI, 1383, RAKHYAVAL, 42623, 1173521, Total, 0, 0, 0, 0, 0, 0, 1399753, 1399753
2015, RAJASTHAN, 8, UDAIPUR, 108, MAVLI, 1383, SAKRIYAKHEDI, 42624, 1173151, Drinking water, 0, 0, 0, 0, 0, 0, 500000, 500000
2015, RAJASTHAN, 8, UDAIPUR, 108, MAVLI, 1383, SAKRIYAKHEDI, 42624, 1173151, Roads, 0, 0, 0, 0, 0, 0, 101287, 101287
2015, RAJASTHAN, 8, UDAIPUR, 108, MAVLI, 1383, SAKRIYAKHEDI, 42624, 1173151, Social welfare, 0, 0, 0, 0, 0, 0, 500000, 500000
2015, RAJASTHAN, 8, UDAIPUR, 108, MAVLI, 1383, SAKRIYAKHEDI, 42624, 1173151, Total, 0, 0, 0, 0, 0, 0, 1101287, 1101287
2015, RAJASTHAN, 8, UDAIPUR, 108, MAVLI, 1383, SAKRODA, 42625, 1174039, Roads, 0, 0, 0, 0, 0, 0, 1186854, 1186854
2015, RAJASTHAN, 8, UDAIPUR, 108, MAVLI, 1383, SAKRODA, 42625, 1174039, Total, 0, 0, 0, 0, 0, 0, 1186854, 1186854
2015, RAJASTHAN, 8, UDAIPUR, 108, MAVLI, 1383, SALERA KALAN, 42626, 1118759, Drinking water, 0, 0, 0, 0, 0, 0, 376000, 376000
2015, RAJASTHAN, 8, UDAIPUR, 108, MAVLI, 1383, SALERA KALAN, 42626, 1118759, Roads, 0, 0, 0, 0, 0, 0, 531664, 531664
2015, RAJASTHAN, 8, UDAIPUR, 108, MAVLI, 1383, SALERA KALAN, 42626, 1118759, Total, 0, 0, 0, 0, 0, 0, 907664, 907664
2015, RAJASTHAN, 8, UDAIPUR, 108, MAVLI, 1383, SANGWA, 42627, 1136767, Roads, 0, 0, 0, 0, 0, 0, 263126, 263126
2015, RAJASTHAN, 8, UDAIPUR, 108, MAVLI, 1383, SANGWA, 42627, 1136767, Social welfare, 0, 0, 0, 0, 0, 0, 1200000, 1200000
2015, RAJASTHAN, 8, UDAIPUR, 108, MAVLI, 1383, SANGWA, 42627, 1136767, Total, 0, 0, 0, 0, 0, 0, 1463126, 1463126
2015, RAJASTHAN, 8, UDAIPUR, 108, MAVLI, 1383, SINDHU, 42628, 1157445, Roads, 0, 0, 0, 0, 0, 0, 600000, 600000
2015, RAJASTHAN, 8, UDAIPUR, 108, MAVLI, 1383, SINDHU, 42628, 1157445, Social welfare, 0, 0, 0, 0, 0, 0, 436453, 436453
2015, RAJASTHAN, 8, UDAIPUR, 108, MAVLI, 1383, SINDHU, 42628, 1157445, Total, 0, 0, 0, 0, 0, 0, 1036453, 1036453
2015, RAJASTHAN, 8, UDAIPUR, 108, MAVLI, 1383, THAMLA, 42629, 1155076, Drinking water, 0, 0, 0, 0, 0, 0, 1033677, 1033677
2015, RAJASTHAN, 8, UDAIPUR, 108, MAVLI, 1383, THAMLA, 42629, 1155076, Social welfare, 0, 0, 0, 0, 0, 0, 600000, 600000
2015, RAJASTHAN, 8, UDAIPUR, 108, MAVLI, 1383, THAMLA, 42629, 1155076, Total, 0, 0, 0, 0, 0, 0, 1633677, 1633677
2015, RAJASTHAN, 8, UDAIPUR, 108, MAVLI, 1383, TULSIDAS JI KI SARAY, 262412, 1157843, Drinking water, 0, 0, 0, 0, 0, 0, 297586, 297586
2015, RAJASTHAN, 8, UDAIPUR, 108, MAVLI, 1383, TULSIDAS JI KI SARAY, 262412, 1157843, Roads, 0, 0, 0, 0, 0, 0, 1000000, 1000000
2015, RAJASTHAN, 8, UDAIPUR, 108, MAVLI, 1383, TULSIDAS JI KI SARAY, 262412, 1157843, Social welfare, 0, 0, 0, 0, 0, 0, 200000, 200000
2015, RAJASTHAN, 8, UDAIPUR, 108, MAVLI, 1383, TULSIDAS JI KI SARAY, 262412, 1157843, Total, 0, 0, 0, 0, 0, 0, 1497586, 1497586
2015, RAJASTHAN, 8, UDAIPUR, 108, MAVLI, 1383, VARNI, 42630, 1135454, Social welfare, 0, 0, 0, 0, 0, 0, 983302, 983302
2015, RAJASTHAN, 8, UDAIPUR, 108, MAVLI, 1383, VARNI, 42630, 1135454, Total, 0, 0, 0, 0, 0, 0, 983302, 983302
2015, RAJASTHAN, 8, UDAIPUR, 108, MAVLI, 1383, VASNI KALLAN, 42631, 1138329, Drinking water, 0, 0, 0, 0, 0, 0, 1016000, 1016000
2015, RAJASTHAN, 8, UDAIPUR, 108, MAVLI, 1383, VASNI KALLAN, 42631, 1138329, Roads, 0, 0, 0, 0, 0, 0, 445958, 445958
2015, RAJASTHAN, 8, UDAIPUR, 108, MAVLI, 1383, VASNI KALLAN, 42631, 1138329, Total, 0, 0, 0, 0, 0, 0, 1461958, 1461958
2015, RAJASTHAN, 8, UDAIPUR, 108, MAVLI, 1383, VIJANWAS, 42592, 1157350, Roads, 0, 0, 0, 0, 0, 0, 964830, 964830
2015, RAJASTHAN, 8, UDAIPUR, 108, MAVLI, 1383, VIJANWAS, 42592, 1157350, Social welfare, 0, 0, 0, 0, 0, 0, 300000, 300000
2015, RAJASTHAN, 8, UDAIPUR, 108, MAVLI, 1383, VIJANWAS, 42592, 1157350, Total, 0, 0, 0, 0, 0, 0, 1264830, 1264830
2015, RAJASTHAN, 8, UDAIPUR, 108, MAVLI, 1383, VIRDHOLIA, 42632, 1155357, Drinking water, 0, 0, 0, 0, 0, 0, 880000, 880000
2015, RAJASTHAN, 8, UDAIPUR, 108, MAVLI, 1383, VIRDHOLIA, 42632, 1155357, Social welfare, 0, 0, 0, 0, 0, 0, 342192, 342192
2015, RAJASTHAN, 8, UDAIPUR, 108, MAVLI, 1383, VIRDHOLIA, 42632, 1155357, Total, 0, 0, 0, 0, 0, 0, 1222192, 1222192
2015, RAJASTHAN, 8, UDAIPUR, 108, PHALASIYA, 262252, AAMLIYA, 42446, 1162347, Roads, 0, 0, 0, 0, 0, 0, 1508684, 1508684
2015, RAJASTHAN, 8, UDAIPUR, 108, PHALASIYA, 262252, AAMLIYA, 42446, 1162347, Total, 0, 0, 0, 0, 0, 0, 1508684, 1508684
2015, RAJASTHAN, 8, UDAIPUR, 108, PHALASIYA, 262252, AMBASA, 42444, 1160808, Roads, 0, 0, 0, 0, 0, 0, 1400337, 1400337
2015, RAJASTHAN, 8, UDAIPUR, 108, PHALASIYA, 262252, AMBASA, 42444, 1160808, Total, 0, 0, 0, 0, 0, 0, 1400337, 1400337
2015, RAJASTHAN, 8, UDAIPUR, 108, PHALASIYA, 262252, AMBAVI, 262390, 1164416, Roads, 0, 0, 0, 0, 0, 0, 1192112, 1192112
2015, RAJASTHAN, 8, UDAIPUR, 108, PHALASIYA, 262252, AMBAVI, 262390, 1164416, Total, 0, 0, 0, 0, 0, 0, 1192112, 1192112
2015, RAJASTHAN, 8, UDAIPUR, 108, PHALASIYA, 262252, AMIWARA, 42445, 1160810, Roads, 0, 0, 0, 0, 0, 0, 1510276, 1510276
2015, RAJASTHAN, 8, UDAIPUR, 108, PHALASIYA, 262252, AMIWARA, 42445, 1160810, Total, 0, 0, 0, 0, 0, 0, 1510276, 1510276
2015, RAJASTHAN, 8, UDAIPUR, 108, PHALASIYA, 262252, AMOD, 42447, 1160811, Roads, 0, 0, 0, 0, 0, 0, 1042879, 1042879
2015, RAJASTHAN, 8, UDAIPUR, 108, PHALASIYA, 262252, AMOD, 42447, 1160811, Total, 0, 0, 0, 0, 0, 0, 1042879, 1042879
2015, RAJASTHAN, 8, UDAIPUR, 108, PHALASIYA, 262252, BHESANA, 262389, 1162342, Roads, 0, 0, 0, 0, 0, 0, 1105375, 1105375
2015, RAJASTHAN, 8, UDAIPUR, 108, PHALASIYA, 262252, BHESANA, 262389, 1162342, Total, 0, 0, 0, 0, 0, 0, 1105375, 1105375
2015, RAJASTHAN, 8, UDAIPUR, 108, PHALASIYA, 262252, BICHHIWADA, 42452, 1160816, Roads, 0, 0, 0, 0, 0, 0, 1314769, 1314769
2015, RAJASTHAN, 8, UDAIPUR, 108, PHALASIYA, 262252, BICHHIWADA, 42452, 1160816, Total, 0, 0, 0, 0, 0, 0, 1314769, 1314769
2015, RAJASTHAN, 8, UDAIPUR, 108, PHALASIYA, 262252, BIROTHI, 42453, 1463950, Drinking water, 0, 0, 0, 0, 0, 0, 1403000, 1403000
2015, RAJASTHAN, 8, UDAIPUR, 108, PHALASIYA, 262252, BIROTHI, 42453, 1463950, Land improvement, 0, 0, 0, 0, 0, 0, 571000, 571000
2015, RAJASTHAN, 8, UDAIPUR, 108, PHALASIYA, 262252, BIROTHI, 42453, 1463950, Roads, 0, 0, 0, 0, 0, 0, 1240000, 1240000
2015, RAJASTHAN, 8, UDAIPUR, 108, PHALASIYA, 262252, BIROTHI, 42453, 1463950, Social welfare, 0, 0, 0, 0, 0, 0, 2910000, 2910000
2015, RAJASTHAN, 8, UDAIPUR, 108, PHALASIYA, 262252, BIROTHI, 42453, 1463950, Total, 0, 0, 0, 0, 0, 0, 6124000, 6124000
2015, RAJASTHAN, 8, UDAIPUR, 108, PHALASIYA, 262252, DAIYA, 42456, 1162359, Roads, 0, 0, 0, 0, 0, 0, 1312725, 1312725
2015, RAJASTHAN, 8, UDAIPUR, 108, PHALASIYA, 262252, DAIYA, 42456, 1162359, Total, 0, 0, 0, 0, 0, 0, 1312725, 1312725
2015, RAJASTHAN, 8, UDAIPUR, 108, PHALASIYA, 262252, DAMANA PEEPALBARA, 262701, 1463954, Drinking water, 0, 0, 0, 0, 0, 0, 1025000, 1025000
2015, RAJASTHAN, 8, UDAIPUR, 108, PHALASIYA, 262252, DAMANA PEEPALBARA, 262701, 1463954, Roads, 0, 0, 0, 0, 0, 0, 9000000, 9000000
2015, RAJASTHAN, 8, UDAIPUR, 108, PHALASIYA, 262252, DAMANA PEEPALBARA, 262701, 1463954, Total, 0, 0, 0, 0, 0, 0, 10025000, 10025000
2015, RAJASTHAN, 8, UDAIPUR, 108, PHALASIYA, 262252, DHARAVAN, 42458, 1164418, Roads, 0, 0, 0, 0, 0, 0, 1284981, 1284981
2015, RAJASTHAN, 8, UDAIPUR, 108, PHALASIYA, 262252, DHARAVAN, 42458, 1164418, Total, 0, 0, 0, 0, 0, 0, 1284981, 1284981
2015, RAJASTHAN, 8, UDAIPUR, 108, PHALASIYA, 262252, GARANWAS, 42464, 1516690, Drinking water, 0, 0, 0, 0, 0, 0, 200000, 200000
2015, RAJASTHAN, 8, UDAIPUR, 108, PHALASIYA, 262252, GARANWAS, 42464, 1516690, Education, 0, 0, 0, 0, 0, 0, 300000, 300000
2015, RAJASTHAN, 8, UDAIPUR, 108, PHALASIYA, 262252, GARANWAS, 42464, 1516690, Family welfare, 0, 0, 0, 0, 0, 0, 150000, 150000
2015, RAJASTHAN, 8, UDAIPUR, 108, PHALASIYA, 262252, GARANWAS, 42464, 1516690, Health, 0, 0, 0, 0, 0, 0, 150000, 150000
2015, RAJASTHAN, 8, UDAIPUR, 108, PHALASIYA, 262252, GARANWAS, 42464, 1516690, Roads, 0, 0, 0, 0, 0, 0, 875000, 875000
2015, RAJASTHAN, 8, UDAIPUR, 108, PHALASIYA, 262252, GARANWAS, 42464, 1516690, Social welfare, 0, 0, 0, 0, 0, 0, 600000, 600000
2015, RAJASTHAN, 8, UDAIPUR, 108, PHALASIYA, 262252, GARANWAS, 42464, 1516690, Total, 0, 0, 0, 0, 0, 0, 2275000, 2275000
2015, RAJASTHAN, 8, UDAIPUR, 108, PHALASIYA, 262252, JAITAWADA, 42466, 1160822, Roads, 0, 0, 0, 0, 0, 0, 1118225, 1118225
2015, RAJASTHAN, 8, UDAIPUR, 108, PHALASIYA, 262252, JAITAWADA, 42466, 1160822, Total, 0, 0, 0, 0, 0, 0, 1118225, 1118225
2015, RAJASTHAN, 8, UDAIPUR, 108, PHALASIYA, 262252, KAVEL, 262391, 1162353, Roads, 0, 0, 0, 0, 0, 0, 1051055, 1051055
2015, RAJASTHAN, 8, UDAIPUR, 108, PHALASIYA, 262252, KAVEL, 262391, 1162353, Total, 0, 0, 0, 0, 0, 0, 1051055, 1051055
2015, RAJASTHAN, 8, UDAIPUR, 108, PHALASIYA, 262252, KHARDIYA, 262392, 1160825, Roads, 0, 0, 0, 0, 0, 0, 1019515, 1019515
2015, RAJASTHAN, 8, UDAIPUR, 108, PHALASIYA, 262252, KHARDIYA, 262392, 1160825, Total, 0, 0, 0, 0, 0, 0, 1019515, 1019515
2015, RAJASTHAN, 8, UDAIPUR, 108, PHALASIYA, 262252, KHATI KAMDI, 42471, 1520036, Drinking water, 0, 0, 0, 0, 0, 0, 455000, 455000
2015, RAJASTHAN, 8, UDAIPUR, 108, PHALASIYA, 262252, KHATI KAMDI, 42471, 1520036, Education, 0, 0, 0, 0, 0, 0, 250000, 250000
2015, RAJASTHAN, 8, UDAIPUR, 108, PHALASIYA, 262252, KHATI KAMDI, 42471, 1520036, Roads, 0, 0, 0, 0, 0, 0, 1000000, 1000000
2015, RAJASTHAN, 8, UDAIPUR, 108, PHALASIYA, 262252, KHATI KAMDI, 42471, 1520036, Total, 0, 0, 0, 0, 0, 0, 1705000, 1705000
2015, RAJASTHAN, 8, UDAIPUR, 108, PHALASIYA, 262252, KOLYARI, 42472, 1162334, Roads, 0, 0, 0, 0, 0, 0, 1482984, 1482984
2015, RAJASTHAN, 8, UDAIPUR, 108, PHALASIYA, 262252, KOLYARI, 42472, 1162334, Total, 0, 0, 0, 0, 0, 0, 1482984, 1482984
2015, RAJASTHAN, 8, UDAIPUR, 108, PHALASIYA, 262252, MADLA, 42474, 1160829, Education, 0, 0, 0, 0, 0, 0, 500000, 500000
2015, RAJASTHAN, 8, UDAIPUR, 108, PHALASIYA, 262252, MADLA, 42474, 1160829, Roads, 0, 0, 0, 0, 0, 0, 735918, 735918
2015, RAJASTHAN, 8, UDAIPUR, 108, PHALASIYA, 262252, MADLA, 42474, 1160829, Total, 0, 0, 0, 0, 0, 0, 1235918, 1235918
2015, RAJASTHAN, 8, UDAIPUR, 108, PHALASIYA, 262252, MADRI, 42475, 1160831, Roads, 0, 0, 0, 0, 0, 0, 1050179, 1050179
2015, RAJASTHAN, 8, UDAIPUR, 108, PHALASIYA, 262252, MADRI, 42475, 1160831, Total, 0, 0, 0, 0, 0, 0, 1050179, 1050179
2015, RAJASTHAN, 8, UDAIPUR, 108, PHALASIYA, 262252, NEVAJ, 42478, 1160833, Drinking water, 0, 0, 0, 0, 0, 0, 360985, 360985
2015, RAJASTHAN, 8, UDAIPUR, 108, PHALASIYA, 262252, NEVAJ, 42478, 1160833, Roads, 0, 0, 0, 0, 0, 0, 700000, 700000
2015, RAJASTHAN, 8, UDAIPUR, 108, PHALASIYA, 262252, NEVAJ, 42478, 1160833, Total, 0, 0, 0, 0, 0, 0, 1060985, 1060985
2015, RAJASTHAN, 8, UDAIPUR, 108, PHALASIYA, 262252, NICHLI SIGRI, 42479, 1162341, Roads, 0, 0, 0, 0, 0, 0, 1644191, 1644191
2015, RAJASTHAN, 8, UDAIPUR, 108, PHALASIYA, 262252, NICHLI SIGRI, 42479, 1162341, Total, 0, 0, 0, 0, 0, 0, 1644191, 1644191
2015, RAJASTHAN, 8, UDAIPUR, 108, PHALASIYA, 262252, PANARVA, 42482, 1160834, Roads, 0, 0, 0, 0, 0, 0, 1049303, 1049303
2015, RAJASTHAN, 8, UDAIPUR, 108, PHALASIYA, 262252, PANARVA, 42482, 1160834, Total, 0, 0, 0, 0, 0, 0, 1049303, 1049303
2015, RAJASTHAN, 8, UDAIPUR, 108, PHALASIYA, 262252, PHALASIYA, 42483, 1160820, Roads, 0, 0, 0, 0, 0, 0, 1558623, 1558623
2015, RAJASTHAN, 8, UDAIPUR, 108, PHALASIYA, 262252, PHALASIYA, 42483, 1160820, Total, 0, 0, 0, 0, 0, 0, 1558623, 1558623
2015, RAJASTHAN, 8, UDAIPUR, 108, PHALASIYA, 262252, PIPALBARA, 42484, 1164424, Roads, 0, 0, 0, 0, 0, 0, 1242050, 1242050
2015, RAJASTHAN, 8, UDAIPUR, 108, PHALASIYA, 262252, PIPALBARA, 42484, 1164424, Total, 0, 0, 0, 0, 0, 0, 1242050, 1242050
2015, RAJASTHAN, 8, UDAIPUR, 108, PHALASIYA, 262252, SADA, 42485, 1160835, Roads, 0, 0, 0, 0, 0, 0, 1023895, 1023895
2015, RAJASTHAN, 8, UDAIPUR, 108, PHALASIYA, 262252, SADA, 42485, 1160835, Total, 0, 0, 0, 0, 0, 0, 1023895, 1023895
2015, RAJASTHAN, 8, UDAIPUR, 108, PHALASIYA, 262252, SARADIT, 262421, 1162350, Roads, 0, 0, 0, 0, 0, 0, 1115305, 1115305
2015, RAJASTHAN, 8, UDAIPUR, 108, PHALASIYA, 262252, SARADIT, 262421, 1162350, Total, 0, 0, 0, 0, 0, 0, 1115305, 1115305
2015, RAJASTHAN, 8, UDAIPUR, 108, PHALASIYA, 262252, SOM, 42486, 1160838, Roads, 0, 0, 0, 0, 0, 0, 1518614, 1518614
2015, RAJASTHAN, 8, UDAIPUR, 108, PHALASIYA, 262252, SOM, 42486, 1160838, Total, 0, 0, 0, 0, 0, 0, 1518614, 1518614
2015, RAJASTHAN, 8, UDAIPUR, 108, RISHBHDEO, 262235, BHUDER, 42499, 1143770, Drinking water, 0, 0, 0, 0, 0, 0, 900000, 900000
2015, RAJASTHAN, 8, UDAIPUR, 108, RISHBHDEO, 262235, BHUDER, 42499, 1143770, Roads, 0, 0, 0, 0, 0, 0, 2725000, 2725000
2015, RAJASTHAN, 8, UDAIPUR, 108, RISHBHDEO, 262235, BHUDER, 42499, 1143770, Sanitation, 0, 0, 0, 0, 0, 0, 555000, 555000
2015, RAJASTHAN, 8, UDAIPUR, 108, RISHBHDEO, 262235, BHUDER, 42499, 1143770, Total, 0, 0, 0, 0, 0, 0, 4180000, 4180000
2015, RAJASTHAN, 8, UDAIPUR, 108, RISHBHDEO, 262235, BICHHIWADA, 42500, 1142137, Roads, 0, 0, 0, 0, 0, 0, 600000, 600000
2015, RAJASTHAN, 8, UDAIPUR, 108, RISHBHDEO, 262235, BICHHIWADA, 42500, 1142137, Total, 0, 0, 0, 0, 0, 0, 600000, 600000
2015, RAJASTHAN, 8, UDAIPUR, 108, RISHBHDEO, 262235, CHIKLA, 42502, 1141647, Roads, 0, 0, 0, 0, 0, 0, 1380000, 1380000
2015, RAJASTHAN, 8, UDAIPUR, 108, RISHBHDEO, 262235, CHIKLA, 42502, 1141647, Total, 0, 0, 0, 0, 0, 0, 1380000, 1380000
2015, RAJASTHAN, 8, UDAIPUR, 108, RISHBHDEO, 262235, DHELANA, 42506, 1142114, Health, 0, 0, 0, 0, 0, 0, 600000, 600000
2015, RAJASTHAN, 8, UDAIPUR, 108, RISHBHDEO, 262235, DHELANA, 42506, 1142114, Roads, 0, 0, 0, 0, 0, 0, 1000000, 1000000
2015, RAJASTHAN, 8, UDAIPUR, 108, RISHBHDEO, 262235, DHELANA, 42506, 1142114, Sanitation, 0, 0, 0, 0, 0, 0, 2100000, 2100000
2015, RAJASTHAN, 8, UDAIPUR, 108, RISHBHDEO, 262235, DHELANA, 42506, 1142114, Total, 0, 0, 0, 0, 0, 0, 3700000, 3700000
2015, RAJASTHAN, 8, UDAIPUR, 108, RISHBHDEO, 262235, GADAWAN, 262528, 1126058, Drinking water, 0, 0, 0, 0, 0, 0, 408852, 408852
2015, RAJASTHAN, 8, UDAIPUR, 108, RISHBHDEO, 262235, GADAWAN, 262528, 1126058, Roads, 0, 0, 0, 0, 0, 0, 400000, 400000
2015, RAJASTHAN, 8, UDAIPUR, 108, RISHBHDEO, 262235, GADAWAN, 262528, 1126058, Total, 0, 0, 0, 0, 0, 0, 808852, 808852
2015, RAJASTHAN, 8, UDAIPUR, 108, RISHBHDEO, 262235, GADAWAT, 42507, 1143958, Health, 0, 0, 0, 0, 0, 0, 810000, 810000
2015, RAJASTHAN, 8, UDAIPUR, 108, RISHBHDEO, 262235, GADAWAT, 42507, 1143958, Roads, 0, 0, 0, 0, 0, 0, 750000, 750000
2015, RAJASTHAN, 8, UDAIPUR, 108, RISHBHDEO, 262235, GADAWAT, 42507, 1143958, Sanitation, 0, 0, 0, 0, 0, 0, 250000, 250000
2015, RAJASTHAN, 8, UDAIPUR, 108, RISHBHDEO, 262235, GADAWAT, 42507, 1143958, Total, 0, 0, 0, 0, 0, 0, 1810000, 1810000
2015, RAJASTHAN, 8, UDAIPUR, 108, RISHBHDEO, 262235, GARNALA  KOTRA, 42508, 1141807, Roads, 0, 0, 0, 0, 0, 0, 900000, 900000
2015, RAJASTHAN, 8, UDAIPUR, 108, RISHBHDEO, 262235, GARNALA  KOTRA, 42508, 1141807, Total, 0, 0, 0, 0, 0, 0, 900000, 900000
2015, RAJASTHAN, 8, UDAIPUR, 108, RISHBHDEO, 262235, GHODI, 42509, 1122715, Drinking water, 0, 0, 0, 0, 0, 0, 45000, 45000
2015, RAJASTHAN, 8, UDAIPUR, 108, RISHBHDEO, 262235, GHODI, 42509, 1122715, Roads, 0, 0, 0, 0, 0, 0, 1657806, 1657806
2015, RAJASTHAN, 8, UDAIPUR, 108, RISHBHDEO, 262235, GHODI, 42509, 1122715, Sanitation, 0, 0, 0, 0, 0, 0, 1100000, 1100000
2015, RAJASTHAN, 8, UDAIPUR, 108, RISHBHDEO, 262235, GHODI, 42509, 1122715, Total, 0, 0, 0, 0, 0, 0, 2802806, 2802806
2015, RAJASTHAN, 8, UDAIPUR, 108, RISHBHDEO, 262235, JALPAKA, 42512, 1122756, Drinking water, 0, 0, 0, 0, 0, 0, 495000, 495000
2015, RAJASTHAN, 8, UDAIPUR, 108, RISHBHDEO, 262235, JALPAKA, 42512, 1122756, Roads, 0, 0, 0, 0, 0, 0, 1500000, 1500000
2015, RAJASTHAN, 8, UDAIPUR, 108, RISHBHDEO, 262235, JALPAKA, 42512, 1122756, Total, 0, 0, 0, 0, 0, 0, 1995000, 1995000
2015, RAJASTHAN, 8, UDAIPUR, 108, RISHBHDEO, 262235, KAGDAR BHATIA, 42515, 1123940, Drinking water, 0, 0, 0, 0, 0, 0, 125000, 125000
2015, RAJASTHAN, 8, UDAIPUR, 108, RISHBHDEO, 262235, KAGDAR BHATIA, 42515, 1123940, Roads, 0, 0, 0, 0, 0, 0, 750000, 750000
2015, RAJASTHAN, 8, UDAIPUR, 108, RISHBHDEO, 262235, KAGDAR BHATIA, 42515, 1123940, Sanitation, 0, 0, 0, 0, 0, 0, 899000, 899000
2015, RAJASTHAN, 8, UDAIPUR, 108, RISHBHDEO, 262235, KAGDAR BHATIA, 42515, 1123940, Total, 0, 0, 0, 0, 0, 0, 1774000, 1774000
2015, RAJASTHAN, 8, UDAIPUR, 108, RISHBHDEO, 262235, KALYANPUR, 42516, 1142263, Roads, 0, 0, 0, 0, 0, 0, 1180000, 1180000
2015, RAJASTHAN, 8, UDAIPUR, 108, RISHBHDEO, 262235, KALYANPUR, 42516, 1142263, Sanitation, 0, 0, 0, 0, 0, 0, 200000, 200000
2015, RAJASTHAN, 8, UDAIPUR, 108, RISHBHDEO, 262235, KALYANPUR, 42516, 1142263, Total, 0, 0, 0, 0, 0, 0, 1380000, 1380000
2015, RAJASTHAN, 8, UDAIPUR, 108, RISHBHDEO, 262235, KANUWADA, 42519, 1125675, Drinking water, 0, 0, 0, 0, 0, 0, 180000, 180000
2015, RAJASTHAN, 8, UDAIPUR, 108, RISHBHDEO, 262235, KANUWADA, 42519, 1125675, Health, 0, 0, 0, 0, 0, 0, 276000, 276000
2015, RAJASTHAN, 8, UDAIPUR, 108, RISHBHDEO, 262235, KANUWADA, 42519, 1125675, Roads, 0, 0, 0, 0, 0, 0, 661000, 661000
2015, RAJASTHAN, 8, UDAIPUR, 108, RISHBHDEO, 262235, KANUWADA, 42519, 1125675, Sanitation, 0, 0, 0, 0, 0, 0, 491000, 491000
2015, RAJASTHAN, 8, UDAIPUR, 108, RISHBHDEO, 262235, KANUWADA, 42519, 1125675, Total, 0, 0, 0, 0, 0, 0, 1608000, 1608000
2015, RAJASTHAN, 8, UDAIPUR, 108, RISHBHDEO, 262235, KATEV, 42523, 1141837, Roads, 0, 0, 0, 0, 0, 0, 250000, 250000
2015, RAJASTHAN, 8, UDAIPUR, 108, RISHBHDEO, 262235, KATEV, 42523, 1141837, Sanitation, 0, 0, 0, 0, 0, 0, 1164000, 1164000
2015, RAJASTHAN, 8, UDAIPUR, 108, RISHBHDEO, 262235, KATEV, 42523, 1141837, Total, 0, 0, 0, 0, 0, 0, 1414000, 1414000
2015, RAJASTHAN, 8, UDAIPUR, 108, RISHBHDEO, 262235, KATEV, 42523, 1397924, Roads, 0, 0, 0, 0, 0, 0, 1300000, 1300000
2015, RAJASTHAN, 8, UDAIPUR, 108, RISHBHDEO, 262235, KATEV, 42523, 1397924, Total, 0, 0, 0, 0, 0, 0, 1300000, 1300000
2015, RAJASTHAN, 8, UDAIPUR, 108, RISHBHDEO, 262235, KEEKAWAT, 42527, 1142106, Roads, 0, 0, 0, 0, 0, 0, 430000, 430000
2015, RAJASTHAN, 8, UDAIPUR, 108, RISHBHDEO, 262235, KEEKAWAT, 42527, 1142106, Sanitation, 0, 0, 0, 0, 0, 0, 250000, 250000
2015, RAJASTHAN, 8, UDAIPUR, 108, RISHBHDEO, 262235, KEEKAWAT, 42527, 1142106, Total, 0, 0, 0, 0, 0, 0, 680000, 680000
2015, RAJASTHAN, 8, UDAIPUR, 108, RISHBHDEO, 262235, KOJAWADA, 42528, 1142227, Health, 0, 0, 0, 0, 0, 0, 500000, 500000
2015, RAJASTHAN, 8, UDAIPUR, 108, RISHBHDEO, 262235, KOJAWADA, 42528, 1142227, Roads, 0, 0, 0, 0, 0, 0, 1700000, 1700000
2015, RAJASTHAN, 8, UDAIPUR, 108, RISHBHDEO, 262235, KOJAWADA, 42528, 1142227, Total, 0, 0, 0, 0, 0, 0, 2200000, 2200000
2015, RAJASTHAN, 8, UDAIPUR, 108, RISHBHDEO, 262235, MANDVA PHALA, 244178, 1144196, Drinking water, 0, 0, 0, 0, 0, 0, 300000, 300000
2015, RAJASTHAN, 8, UDAIPUR, 108, RISHBHDEO, 262235, MANDVA PHALA, 244178, 1144196, Health, 0, 0, 0, 0, 0, 0, 110000, 110000
2015, RAJASTHAN, 8, UDAIPUR, 108, RISHBHDEO, 262235, MANDVA PHALA, 244178, 1144196, Roads, 0, 0, 0, 0, 0, 0, 1185000, 1185000
2015, RAJASTHAN, 8, UDAIPUR, 108, RISHBHDEO, 262235, MANDVA PHALA, 244178, 1144196, Sanitation, 0, 0, 0, 0, 0, 0, 300000, 300000
2015, RAJASTHAN, 8, UDAIPUR, 108, RISHBHDEO, 262235, MANDVA PHALA, 244178, 1144196, Total, 0, 0, 0, 0, 0, 0, 1895000, 1895000
2015, RAJASTHAN, 8, UDAIPUR, 108, RISHBHDEO, 262235, MASARO KI OVRI, 42531, 1126211, Drinking water, 0, 0, 0, 0, 0, 0, 1540000, 1540000
2015, RAJASTHAN, 8, UDAIPUR, 108, RISHBHDEO, 262235, MASARO KI OVRI, 42531, 1126211, Roads, 0, 0, 0, 0, 0, 0, 1650000, 1650000
2015, RAJASTHAN, 8, UDAIPUR, 108, RISHBHDEO, 262235, MASARO KI OVRI, 42531, 1126211, Total, 0, 0, 0, 0, 0, 0, 3190000, 3190000
2015, RAJASTHAN, 8, UDAIPUR, 108, RISHBHDEO, 262235, NALAPEEPLA, 262522, 1141798, Roads, 0, 0, 0, 0, 0, 0, 800000, 800000
2015, RAJASTHAN, 8, UDAIPUR, 108, RISHBHDEO, 262235, NALAPEEPLA, 262522, 1141798, Sanitation, 0, 0, 0, 0, 0, 0, 650000, 650000
2015, RAJASTHAN, 8, UDAIPUR, 108, RISHBHDEO, 262235, NALAPEEPLA, 262522, 1141798, Total, 0, 0, 0, 0, 0, 0, 1450000, 1450000
2015, RAJASTHAN, 8, UDAIPUR, 108, RISHBHDEO, 262235, NICHLA MANDWA, 42534, 1142435, Drinking water, 0, 0, 0, 0, 0, 0, 630000, 630000
2015, RAJASTHAN, 8, UDAIPUR, 108, RISHBHDEO, 262235, NICHLA MANDWA, 42534, 1142435, Health, 0, 0, 0, 0, 0, 0, 51000, 51000
2015, RAJASTHAN, 8, UDAIPUR, 108, RISHBHDEO, 262235, NICHLA MANDWA, 42534, 1142435, Roads, 0, 0, 0, 0, 0, 0, 500000, 500000
2015, RAJASTHAN, 8, UDAIPUR, 108, RISHBHDEO, 262235, NICHLA MANDWA, 42534, 1142435, Total, 0, 0, 0, 0, 0, 0, 1181000, 1181000
2015, RAJASTHAN, 8, UDAIPUR, 108, RISHBHDEO, 262235, PADERI, 42535, 1141580, Drinking water, 0, 0, 0, 0, 0, 0, 660000, 660000
2015, RAJASTHAN, 8, UDAIPUR, 108, RISHBHDEO, 262235, PADERI, 42535, 1141580, Roads, 0, 0, 0, 0, 0, 0, 1180000, 1180000
2015, RAJASTHAN, 8, UDAIPUR, 108, RISHBHDEO, 262235, PADERI, 42535, 1141580, Sanitation, 0, 0, 0, 0, 0, 0, 190000, 190000
2015, RAJASTHAN, 8, UDAIPUR, 108, RISHBHDEO, 262235, PADERI, 42535, 1141580, Total, 0, 0, 0, 0, 0, 0, 2030000, 2030000
2015, RAJASTHAN, 8, UDAIPUR, 108, RISHBHDEO, 262235, PANDYA WADA, 42537, 1126706, Roads, 0, 0, 0, 0, 0, 0, 1311950, 1311950
2015, RAJASTHAN, 8, UDAIPUR, 108, RISHBHDEO, 262235, PANDYA WADA, 42537, 1126706, Sanitation, 0, 0, 0, 0, 0, 0, 89900, 89900
2015, RAJASTHAN, 8, UDAIPUR, 108, RISHBHDEO, 262235, PANDYA WADA, 42537, 1126706, Total, 0, 0, 0, 0, 0, 0, 1401850, 1401850
2015, RAJASTHAN, 8, UDAIPUR, 108, RISHBHDEO, 262235, PIPLI A, 42539, 1142369, Drinking water, 0, 0, 0, 0, 0, 0, 45000, 45000
2015, RAJASTHAN, 8, UDAIPUR, 108, RISHBHDEO, 262235, PIPLI A, 42539, 1142369, Health, 0, 0, 0, 0, 0, 0, 550000, 550000
2015, RAJASTHAN, 8, UDAIPUR, 108, RISHBHDEO, 262235, PIPLI A, 42539, 1142369, Roads, 0, 0, 0, 0, 0, 0, 750000, 750000
2015, RAJASTHAN, 8, UDAIPUR, 108, RISHBHDEO, 262235, PIPLI A, 42539, 1142369, Sanitation, 0, 0, 0, 0, 0, 0, 800000, 800000
2015, RAJASTHAN, 8, UDAIPUR, 108, RISHBHDEO, 262235, PIPLI A, 42539, 1142369, Total, 0, 0, 0, 0, 0, 0, 2145000, 2145000
2015, RAJASTHAN, 8, UDAIPUR, 108, RISHBHDEO, 262235, PIPLI B, 42540, 1123969, Drinking water, 0, 0, 0, 0, 0, 0, 727000, 727000
2015, RAJASTHAN, 8, UDAIPUR, 108, RISHBHDEO, 262235, PIPLI B, 42540, 1123969, Roads, 0, 0, 0, 0, 0, 0, 1225000, 1225000
2015, RAJASTHAN, 8, UDAIPUR, 108, RISHBHDEO, 262235, PIPLI B, 42540, 1123969, Sanitation, 0, 0, 0, 0, 0, 0, 250000, 250000
2015, RAJASTHAN, 8, UDAIPUR, 108, RISHBHDEO, 262235, PIPLI B, 42540, 1123969, Total, 0, 0, 0, 0, 0, 0, 2202000, 2202000
2015, RAJASTHAN, 8, UDAIPUR, 108, RISHBHDEO, 262235, RAJOL, 262512, 1141689, Sanitation, 0, 0, 0, 0, 0, 0, 750000, 750000
2015, RAJASTHAN, 8, UDAIPUR, 108, RISHBHDEO, 262235, RAJOL, 262512, 1141689, Total, 0, 0, 0, 0, 0, 0, 750000, 750000
2015, RAJASTHAN, 8, UDAIPUR, 108, RISHBHDEO, 262235, RISHABHDEO, 42541, 1143864, Health, 0, 0, 0, 0, 0, 0, 350000, 350000
2015, RAJASTHAN, 8, UDAIPUR, 108, RISHBHDEO, 262235, RISHABHDEO, 42541, 1143864, Roads, 0, 0, 0, 0, 0, 0, 5327000, 5327000
2015, RAJASTHAN, 8, UDAIPUR, 108, RISHBHDEO, 262235, RISHABHDEO, 42541, 1143864, Sanitation, 0, 0, 0, 0, 0, 0, 2098000, 2098000
2015, RAJASTHAN, 8, UDAIPUR, 108, RISHBHDEO, 262235, RISHABHDEO, 42541, 1143864, Total, 0, 0, 0, 0, 0, 0, 7775000, 7775000
2015, RAJASTHAN, 8, UDAIPUR, 108, RISHBHDEO, 262235, SAGWARA, 42542, 1125628, Roads, 0, 0, 0, 0, 0, 0, 2341000, 2341000
2015, RAJASTHAN, 8, UDAIPUR, 108, RISHBHDEO, 262235, SAGWARA, 42542, 1125628, Total, 0, 0, 0, 0, 0, 0, 2341000, 2341000
2015, RAJASTHAN, 8, UDAIPUR, 108, RISHBHDEO, 262235, SHYAMPURA, 262518, 1143920, Drinking water, 0, 0, 0, 0, 0, 0, 450000, 450000
2015, RAJASTHAN, 8, UDAIPUR, 108, RISHBHDEO, 262235, SHYAMPURA, 262518, 1143920, Total, 0, 0, 0, 0, 0, 0, 450000, 450000
2015, RAJASTHAN, 8, UDAIPUR, 108, RISHBHDEO, 262235, SOMAWAT, 262502, 1142311, Drinking water, 0, 0, 0, 0, 0, 0, 441000, 441000
2015, RAJASTHAN, 8, UDAIPUR, 108, RISHBHDEO, 262235, SOMAWAT, 262502, 1142311, Roads, 0, 0, 0, 0, 0, 0, 1238000, 1238000
2015, RAJASTHAN, 8, UDAIPUR, 108, RISHBHDEO, 262235, SOMAWAT, 262502, 1142311, Total, 0, 0, 0, 0, 0, 0, 1679000, 1679000
2015, RAJASTHAN, 8, UDAIPUR, 108, SALUMBAR, 1384, ADKALIYA, 42634, 1099209, Drinking water, 0, 0, 0, 0, 0, 0, 801456, 801456
2015, RAJASTHAN, 8, UDAIPUR, 108, SALUMBAR, 1384, ADKALIYA, 42634, 1099209, Sanitation, 0, 0, 0, 0, 0, 0, 400000, 400000
2015, RAJASTHAN, 8, UDAIPUR, 108, SALUMBAR, 1384, ADKALIYA, 42634, 1099209, Total, 0, 0, 0, 0, 0, 0, 1201456, 1201456
2015, RAJASTHAN, 8, UDAIPUR, 108, SALUMBAR, 1384, BAMNIYA, 42636, 1099234, Drinking water, 0, 0, 0, 0, 0, 0, 1130000, 1130000
2015, RAJASTHAN, 8, UDAIPUR, 108, SALUMBAR, 1384, BAMNIYA, 42636, 1099234, Sanitation, 0, 0, 0, 0, 0, 0, 347728, 347728
2015, RAJASTHAN, 8, UDAIPUR, 108, SALUMBAR, 1384, BAMNIYA, 42636, 1099234, Total, 0, 0, 0, 0, 0, 0, 1477728, 1477728
2015, RAJASTHAN, 8, UDAIPUR, 108, SALUMBAR, 1384, BARODA, 42638, 1097772, Drinking water, 0, 0, 0, 0, 0, 0, 480000, 480000
2015, RAJASTHAN, 8, UDAIPUR, 108, SALUMBAR, 1384, BARODA, 42638, 1097772, Sanitation, 0, 0, 0, 0, 0, 0, 594711, 594711
2015, RAJASTHAN, 8, UDAIPUR, 108, SALUMBAR, 1384, BARODA, 42638, 1097772, Total, 0, 0, 0, 0, 0, 0, 1074711, 1074711
2015, RAJASTHAN, 8, UDAIPUR, 108, SALUMBAR, 1384, BASSI JHUJHAWAT, 42639, 1095756, Drinking water, 0, 0, 0, 0, 0, 0, 652516, 652516
2015, RAJASTHAN, 8, UDAIPUR, 108, SALUMBAR, 1384, BASSI JHUJHAWAT, 42639, 1095756, Roads, 0, 0, 0, 0, 0, 0, 400000, 400000
2015, RAJASTHAN, 8, UDAIPUR, 108, SALUMBAR, 1384, BASSI JHUJHAWAT, 42639, 1095756, Total, 0, 0, 0, 0, 0, 0, 1052516, 1052516
2015, RAJASTHAN, 8, UDAIPUR, 108, SALUMBAR, 1384, BASSI SAMCHOTT, 42640, 1097303, Drinking water, 0, 0, 0, 0, 0, 0, 1355363, 1355363
2015, RAJASTHAN, 8, UDAIPUR, 108, SALUMBAR, 1384, BASSI SAMCHOTT, 42640, 1097303, Total, 0, 0, 0, 0, 0, 0, 1355363, 1355363
2015, RAJASTHAN, 8, UDAIPUR, 108, SALUMBAR, 1384, BEDAWAL, 42641, 1098000, Drinking water, 0, 0, 0, 0, 0, 0, 1161740, 1161740
2015, RAJASTHAN, 8, UDAIPUR, 108, SALUMBAR, 1384, BEDAWAL, 42641, 1098000, Total, 0, 0, 0, 0, 0, 0, 1161740, 1161740
2015, RAJASTHAN, 8, UDAIPUR, 108, SALUMBAR, 1384, CHIBODA, 42644, 1096141, Drinking water, 0, 0, 0, 0, 0, 0, 1115415, 1115415
2015, RAJASTHAN, 8, UDAIPUR, 108, SALUMBAR, 1384, CHIBODA, 42644, 1096141, Maintenance of community system, 0, 0, 0, 0, 0, 0, 63000, 63000
2015, RAJASTHAN, 8, UDAIPUR, 108, SALUMBAR, 1384, CHIBODA, 42644, 1096141, Social welfare, 0, 0, 0, 0, 0, 0, 120000, 120000
2015, RAJASTHAN, 8, UDAIPUR, 108, SALUMBAR, 1384, CHIBODA, 42644, 1096141, Total, 0, 0, 0, 0, 0, 0, 1298415, 1298415
2015, RAJASTHAN, 8, UDAIPUR, 108, SALUMBAR, 1384, DAAL, 42646, 1098591, Drinking water, 0, 0, 0, 0, 0, 0, 1140000, 1140000
2015, RAJASTHAN, 8, UDAIPUR, 108, SALUMBAR, 1384, DAAL, 42646, 1098591, Land improvement, 0, 0, 0, 0, 0, 0, 160000, 160000
2015, RAJASTHAN, 8, UDAIPUR, 108, SALUMBAR, 1384, DAAL, 42646, 1098591, Rural electrification, 0, 0, 0, 0, 0, 0, 5271, 5271
2015, RAJASTHAN, 8, UDAIPUR, 108, SALUMBAR, 1384, DAAL, 42646, 1098591, Sanitation, 0, 0, 0, 0, 0, 0, 431789, 431789
2015, RAJASTHAN, 8, UDAIPUR, 108, SALUMBAR, 1384, DAAL, 42646, 1098591, Total, 0, 0, 0, 0, 0, 0, 1737060, 1737060
2015, RAJASTHAN, 8, UDAIPUR, 108, SALUMBAR, 1384, DAGAR, 42645, 1101008, Drinking water, 0, 0, 0, 0, 0, 0, 550000, 550000
2015, RAJASTHAN, 8, UDAIPUR, 108, SALUMBAR, 1384, DAGAR, 42645, 1101008, Rural electrification, 0, 0, 0, 0, 0, 0, 234349, 234349
2015, RAJASTHAN, 8, UDAIPUR, 108, SALUMBAR, 1384, DAGAR, 42645, 1101008, Sanitation, 0, 0, 0, 0, 0, 0, 300000, 300000
2015, RAJASTHAN, 8, UDAIPUR, 108, SALUMBAR, 1384, DAGAR, 42645, 1101008, Total, 0, 0, 0, 0, 0, 0, 1084349, 1084349
2015, RAJASTHAN, 8, UDAIPUR, 108, SALUMBAR, 1384, DHAROD, 42648, 1103432, Drinking water, 0, 0, 0, 0, 0, 0, 456000, 456000
2015, RAJASTHAN, 8, UDAIPUR, 108, SALUMBAR, 1384, DHAROD, 42648, 1103432, Roads, 0, 0, 0, 0, 0, 0, 500000, 500000
2015, RAJASTHAN, 8, UDAIPUR, 108, SALUMBAR, 1384, DHAROD, 42648, 1103432, Sanitation, 0, 0, 0, 0, 0, 0, 232899, 232899
2015, RAJASTHAN, 8, UDAIPUR, 108, SALUMBAR, 1384, DHAROD, 42648, 1103432, Total, 0, 0, 0, 0, 0, 0, 1188899, 1188899
2015, RAJASTHAN, 8, UDAIPUR, 108, SALUMBAR, 1384, GAVDAPAL, 42650, 1099215, Drinking water, 0, 0, 0, 0, 0, 0, 540080, 540080
2015, RAJASTHAN, 8, UDAIPUR, 108, SALUMBAR, 1384, GAVDAPAL, 42650, 1099215, Roads, 0, 0, 0, 0, 0, 0, 300000, 300000
2015, RAJASTHAN, 8, UDAIPUR, 108, SALUMBAR, 1384, GAVDAPAL, 42650, 1099215, Rural electrification, 0, 0, 0, 0, 0, 0, 200000, 200000
2015, RAJASTHAN, 8, UDAIPUR, 108, SALUMBAR, 1384, GAVDAPAL, 42650, 1099215, Sanitation, 0, 0, 0, 0, 0, 0, 251033, 251033
2015, RAJASTHAN, 8, UDAIPUR, 108, SALUMBAR, 1384, GAVDAPAL, 42650, 1099215, Total, 0, 0, 0, 0, 0, 0, 1291113, 1291113
2015, RAJASTHAN, 8, UDAIPUR, 108, SALUMBAR, 1384, GINGLA, 42652, 1098455, Drinking water, 0, 0, 0, 0, 0, 0, 291000, 291000
2015, RAJASTHAN, 8, UDAIPUR, 108, SALUMBAR, 1384, GINGLA, 42652, 1098455, Rural electrification, 0, 0, 0, 0, 0, 0, 1049177, 1049177
2015, RAJASTHAN, 8, UDAIPUR, 108, SALUMBAR, 1384, GINGLA, 42652, 1098455, Total, 0, 0, 0, 0, 0, 0, 1340177, 1340177
2015, RAJASTHAN, 8, UDAIPUR, 108, SALUMBAR, 1384, GUDEL, 42653, 1099503, Drinking water, 0, 0, 0, 0, 0, 0, 1468192, 1468192
2015, RAJASTHAN, 8, UDAIPUR, 108, SALUMBAR, 1384, GUDEL, 42653, 1099503, Sanitation, 0, 0, 0, 0, 0, 0, 72616, 72616
2015, RAJASTHAN, 8, UDAIPUR, 108, SALUMBAR, 1384, GUDEL, 42653, 1099503, Total, 0, 0, 0, 0, 0, 0, 1540808, 1540808
2015, RAJASTHAN, 8, UDAIPUR, 108, SALUMBAR, 1384, IDANA, 42654, 1099419, Drinking water, 0, 0, 0, 0, 0, 0, 1225988, 1225988
2015, RAJASTHAN, 8, UDAIPUR, 108, SALUMBAR, 1384, IDANA, 42654, 1099419, Total, 0, 0, 0, 0, 0, 0, 1225988, 1225988
2015, RAJASTHAN, 8, UDAIPUR, 108, SALUMBAR, 1384, INTALI KHEDA, 42655, 1097316, Drinking water, 0, 0, 0, 0, 0, 0, 1060000, 1060000
2015, RAJASTHAN, 8, UDAIPUR, 108, SALUMBAR, 1384, INTALI KHEDA, 42655, 1097316, Sanitation, 0, 0, 0, 0, 0, 0, 316097, 316097
2015, RAJASTHAN, 8, UDAIPUR, 108, SALUMBAR, 1384, INTALI KHEDA, 42655, 1097316, Total, 0, 0, 0, 0, 0, 0, 1376097, 1376097
2015, RAJASTHAN, 8, UDAIPUR, 108, SALUMBAR, 1384, ISARVAS, 42656, 1097705, Drinking water, 0, 0, 0, 0, 0, 0, 540000, 540000
2015, RAJASTHAN, 8, UDAIPUR, 108, SALUMBAR, 1384, ISARVAS, 42656, 1097705, Sanitation, 0, 0, 0, 0, 0, 0, 683360, 683360
2015, RAJASTHAN, 8, UDAIPUR, 108, SALUMBAR, 1384, ISARVAS, 42656, 1097705, Total, 0, 0, 0, 0, 0, 0, 1223360, 1223360
2015, RAJASTHAN, 8, UDAIPUR, 108, SALUMBAR, 1384, KADUNI, 42660, 1096749, Drinking water, 0, 0, 0, 0, 0, 0, 1125818, 1125818
2015, RAJASTHAN, 8, UDAIPUR, 108, SALUMBAR, 1384, KADUNI, 42660, 1096749, Total, 0, 0, 0, 0, 0, 0, 1125818, 1125818
2015, RAJASTHAN, 8, UDAIPUR, 108, SALUMBAR, 1384, KANT, 262823, 1095936, Animal husbandry, 0, 0, 0, 0, 0, 0, 74000, 74000
2015, RAJASTHAN, 8, UDAIPUR, 108, SALUMBAR, 1384, KANT, 262823, 1095936, Drinking water, 0, 0, 0, 0, 0, 0, 480080, 480080
2015, RAJASTHAN, 8, UDAIPUR, 108, SALUMBAR, 1384, KANT, 262823, 1095936, Land improvement, 0, 0, 0, 0, 0, 0, 246000, 246000
2015, RAJASTHAN, 8, UDAIPUR, 108, SALUMBAR, 1384, KANT, 262823, 1095936, Rural electrification, 0, 0, 0, 0, 0, 0, 229968, 229968
2015, RAJASTHAN, 8, UDAIPUR, 108, SALUMBAR, 1384, KANT, 262823, 1095936, Rural housing, 0, 0, 0, 0, 0, 0, 80000, 80000
2015, RAJASTHAN, 8, UDAIPUR, 108, SALUMBAR, 1384, KANT, 262823, 1095936, Total, 0, 0, 0, 0, 0, 0, 1110048, 1110048
2015, RAJASTHAN, 8, UDAIPUR, 108, SALUMBAR, 1384, KARAWALI, 42663, 1097162, Drinking water, 0, 0, 0, 0, 0, 0, 1011046, 1011046
2015, RAJASTHAN, 8, UDAIPUR, 108, SALUMBAR, 1384, KARAWALI, 42663, 1097162, Total, 0, 0, 0, 0, 0, 0, 1011046, 1011046
2015, RAJASTHAN, 8, UDAIPUR, 108, SALUMBAR, 1384, KHARKA, 42665, 1097141, Drinking water, 0, 0, 0, 0, 0, 0, 562355, 562355
2015, RAJASTHAN, 8, UDAIPUR, 108, SALUMBAR, 1384, KHARKA, 42665, 1097141, Sanitation, 0, 0, 0, 0, 0, 0, 984294, 984294
2015, RAJASTHAN, 8, UDAIPUR, 108, SALUMBAR, 1384, KHARKA, 42665, 1097141, Total, 0, 0, 0, 0, 0, 0, 1546649, 1546649
2015, RAJASTHAN, 8, UDAIPUR, 108, SALUMBAR, 1384, KHERAD, 42666, 1099785, Drinking water, 0, 0, 0, 0, 0, 0, 1086488, 1086488
2015, RAJASTHAN, 8, UDAIPUR, 108, SALUMBAR, 1384, KHERAD, 42666, 1099785, Sanitation, 0, 0, 0, 0, 0, 0, 400000, 400000
2015, RAJASTHAN, 8, UDAIPUR, 108, SALUMBAR, 1384, KHERAD, 42666, 1099785, Total, 0, 0, 0, 0, 0, 0, 1486488, 1486488
2015, RAJASTHAN, 8, UDAIPUR, 108, SALUMBAR, 1384, LAMBI DUNGRI, 262424, 1097749, Rural housing, 0, 0, 0, 0, 0, 0, 1000000, 1000000
2015, RAJASTHAN, 8, UDAIPUR, 108, SALUMBAR, 1384, LAMBI DUNGRI, 262424, 1097749, Social welfare, 0, 0, 0, 0, 0, 0, 21559, 21559
2015, RAJASTHAN, 8, UDAIPUR, 108, SALUMBAR, 1384, LAMBI DUNGRI, 262424, 1097749, Total, 0, 0, 0, 0, 0, 0, 1021559, 1021559
2015, RAJASTHAN, 8, UDAIPUR, 108, SALUMBAR, 1384, MAKADSEEMA, 42667, 1098025, Drinking water, 0, 0, 0, 0, 0, 0, 1040000, 1040000
2015, RAJASTHAN, 8, UDAIPUR, 108, SALUMBAR, 1384, MAKADSEEMA, 42667, 1098025, Sanitation, 0, 0, 0, 0, 0, 0, 207599, 207599
2015, RAJASTHAN, 8, UDAIPUR, 108, SALUMBAR, 1384, MAKADSEEMA, 42667, 1098025, Total, 0, 0, 0, 0, 0, 0, 1247599, 1247599
2015, RAJASTHAN, 8, UDAIPUR, 108, SALUMBAR, 1384, METHUDI, 42671, 1097748, Drinking water, 0, 0, 0, 0, 0, 0, 1040000, 1040000
2015, RAJASTHAN, 8, UDAIPUR, 108, SALUMBAR, 1384, METHUDI, 42671, 1097748, Maintenance of community system, 0, 0, 0, 0, 0, 0, 15000, 15000
2015, RAJASTHAN, 8, UDAIPUR, 108, SALUMBAR, 1384, METHUDI, 42671, 1097748, Rural electrification, 0, 0, 0, 0, 0, 0, 250000, 250000
2015, RAJASTHAN, 8, UDAIPUR, 108, SALUMBAR, 1384, METHUDI, 42671, 1097748, Sanitation, 0, 0, 0, 0, 0, 0, 272897, 272897
2015, RAJASTHAN, 8, UDAIPUR, 108, SALUMBAR, 1384, METHUDI, 42671, 1097748, Total, 0, 0, 0, 0, 0, 0, 1577897, 1577897
2015, RAJASTHAN, 8, UDAIPUR, 108, SALUMBAR, 1384, NOLI, 262449, 1123087, Education, 0, 0, 0, 0, 0, 0, 15000, 15000
2015, RAJASTHAN, 8, UDAIPUR, 108, SALUMBAR, 1384, NOLI, 262449, 1123087, Rural electrification, 0, 0, 0, 0, 0, 0, 50365, 50365
2015, RAJASTHAN, 8, UDAIPUR, 108, SALUMBAR, 1384, NOLI, 262449, 1123087, Sanitation, 0, 0, 0, 0, 0, 0, 1000000, 1000000
2015, RAJASTHAN, 8, UDAIPUR, 108, SALUMBAR, 1384, NOLI, 262449, 1123087, Total, 0, 0, 0, 0, 0, 0, 1065365, 1065365
2015, RAJASTHAN, 8, UDAIPUR, 108, SALUMBAR, 1384, ORWARIYA, 42673, 1099406, Drinking water, 0, 0, 0, 0, 0, 0, 1258620, 1258620
2015, RAJASTHAN, 8, UDAIPUR, 108, SALUMBAR, 1384, ORWARIYA, 42673, 1099406, Rural electrification, 0, 0, 0, 0, 0, 0, 300003, 300003
2015, RAJASTHAN, 8, UDAIPUR, 108, SALUMBAR, 1384, ORWARIYA, 42673, 1099406, Total, 0, 0, 0, 0, 0, 0, 1558623, 1558623
2015, RAJASTHAN, 8, UDAIPUR, 108, SALUMBAR, 1384, SARADI, 42675, 1100634, Drinking water, 0, 0, 0, 0, 0, 0, 1316521, 1316521
2015, RAJASTHAN, 8, UDAIPUR, 108, SALUMBAR, 1384, SARADI, 42675, 1100634, Total, 0, 0, 0, 0, 0, 0, 1316521, 1316521
2015, RAJASTHAN, 8, UDAIPUR, 108, SALUMBAR, 1384, SATI KI CHORI, 262821, 1129203, Drinking water, 0, 0, 0, 0, 0, 0, 1275853, 1275853
2015, RAJASTHAN, 8, UDAIPUR, 108, SALUMBAR, 1384, SATI KI CHORI, 262821, 1129203, Sanitation, 0, 0, 0, 0, 0, 0, 300000, 300000
2015, RAJASTHAN, 8, UDAIPUR, 108, SALUMBAR, 1384, SATI KI CHORI, 262821, 1129203, Total, 0, 0, 0, 0, 0, 0, 1575853, 1575853
2015, RAJASTHAN, 8, UDAIPUR, 108, SALUMBAR, 1384, SERIYA, 42676, 1101622, Drinking water, 0, 0, 0, 0, 0, 0, 553392, 553392
2015, RAJASTHAN, 8, UDAIPUR, 108, SALUMBAR, 1384, SERIYA, 42676, 1101622, Education, 0, 0, 0, 0, 0, 0, 500000, 500000
2015, RAJASTHAN, 8, UDAIPUR, 108, SALUMBAR, 1384, SERIYA, 42676, 1101622, Total, 0, 0, 0, 0, 0, 0, 1053392, 1053392
2015, RAJASTHAN, 8, UDAIPUR, 108, SALUMBAR, 1384, THADAA, 42678, 1096878, Drinking water, 0, 0, 0, 0, 0, 0, 561277, 561277
2015, RAJASTHAN, 8, UDAIPUR, 108, SALUMBAR, 1384, THADAA, 42678, 1096878, Land improvement, 0, 0, 0, 0, 0, 0, 500000, 500000
2015, RAJASTHAN, 8, UDAIPUR, 108, SALUMBAR, 1384, THADAA, 42678, 1096878, Total, 0, 0, 0, 0, 0, 0, 1061277, 1061277
2015, RAJASTHAN, 8, UDAIPUR, 108, SALUMBAR, 1384, TODA, 42679, 1099224, Drinking water, 0, 0, 0, 0, 0, 0, 861670, 861670
2015, RAJASTHAN, 8, UDAIPUR, 108, SALUMBAR, 1384, TODA, 42679, 1099224, Land improvement, 0, 0, 0, 0, 0, 0, 126840, 126840
2015, RAJASTHAN, 8, UDAIPUR, 108, SALUMBAR, 1384, TODA, 42679, 1099224, Maintenance of community system, 0, 0, 0, 0, 0, 0, 8179, 8179
2015, RAJASTHAN, 8, UDAIPUR, 108, SALUMBAR, 1384, TODA, 42679, 1099224, Rural electrification, 0, 0, 0, 0, 0, 0, 8730, 8730
2015, RAJASTHAN, 8, UDAIPUR, 108, SALUMBAR, 1384, TODA, 42679, 1099224, Sanitation, 0, 0, 0, 0, 0, 0, 91195, 91195
2015, RAJASTHAN, 8, UDAIPUR, 108, SALUMBAR, 1384, TODA, 42679, 1099224, Total, 0, 0, 0, 0, 0, 0, 1096614, 1096614
2015, RAJASTHAN, 8, UDAIPUR, 108, SALUMBAR, 1384, UTHARDA, 42680, 1096348, Animal husbandry, 0, 0, 0, 0, 0, 0, 123383, 123383
2015, RAJASTHAN, 8, UDAIPUR, 108, SALUMBAR, 1384, UTHARDA, 42680, 1096348, Drinking water, 0, 0, 0, 0, 0, 0, 1800000, 1800000
2015, RAJASTHAN, 8, UDAIPUR, 108, SALUMBAR, 1384, UTHARDA, 42680, 1096348, Total, 0, 0, 0, 0, 0, 0, 1923383, 1923383
2015, RAJASTHAN, 8, UDAIPUR, 108, SARADA, 1385, ADWAS, 42681, 1142616, Land improvement, 0, 0, 0, 0, 0, 0, 200000, 200000
2015, RAJASTHAN, 8, UDAIPUR, 108, SARADA, 1385, ADWAS, 42681, 1142616, Public distribution system, 0, 0, 0, 0, 0, 0, 300000, 300000
2015, RAJASTHAN, 8, UDAIPUR, 108, SARADA, 1385, ADWAS, 42681, 1142616, Roads, 0, 0, 0, 0, 0, 0, 2150000, 2150000
2015, RAJASTHAN, 8, UDAIPUR, 108, SARADA, 1385, ADWAS, 42681, 1142616, Total, 0, 0, 0, 0, 0, 0, 2650000, 2650000
2015, RAJASTHAN, 8, UDAIPUR, 108, SARADA, 1385, BHALADIYA, 42687, 1144058, Roads, 0, 0, 0, 0, 0, 0, 521000, 521000
2015, RAJASTHAN, 8, UDAIPUR, 108, SARADA, 1385, BHALADIYA, 42687, 1144058, Total, 0, 0, 0, 0, 0, 0, 521000, 521000
2015, RAJASTHAN, 8, UDAIPUR, 108, SARADA, 1385, CHAWAND, 42690, 1115828, Drinking water, 0, 0, 0, 0, 0, 0, 320000, 320000
2015, RAJASTHAN, 8, UDAIPUR, 108, SARADA, 1385, CHAWAND, 42690, 1115828, Roads, 0, 0, 0, 0, 0, 0, 190000, 190000
2015, RAJASTHAN, 8, UDAIPUR, 108, SARADA, 1385, CHAWAND, 42690, 1115828, Social welfare, 0, 0, 0, 0, 0, 0, 350000, 350000
2015, RAJASTHAN, 8, UDAIPUR, 108, SARADA, 1385, CHAWAND, 42690, 1115828, Total, 0, 0, 0, 0, 0, 0, 860000, 860000
2015, RAJASTHAN, 8, UDAIPUR, 108, SARADA, 1385, DELWAS, 262745, 1179020, Administrative & Technical Support, 0, 0, 0, 0, 0, 0, 7413, 7413
2015, RAJASTHAN, 8, UDAIPUR, 108, SARADA, 1385, DELWAS, 262745, 1179020, Drinking water, 0, 0, 0, 0, 0, 0, 440000, 440000
2015, RAJASTHAN, 8, UDAIPUR, 108, SARADA, 1385, DELWAS, 262745, 1179020, Roads, 0, 0, 0, 0, 0, 0, 785000, 785000
2015, RAJASTHAN, 8, UDAIPUR, 108, SARADA, 1385, DELWAS, 262745, 1179020, Total, 0, 0, 0, 0, 0, 0, 1232413, 1232413
2015, RAJASTHAN, 8, UDAIPUR, 108, SARADA, 1385, DEVPURA, 42691, 1158461, Drinking water, 0, 0, 0, 0, 0, 0, 646520, 646520
2015, RAJASTHAN, 8, UDAIPUR, 108, SARADA, 1385, DEVPURA, 42691, 1158461, Roads, 0, 0, 0, 0, 0, 0, 604000, 604000
2015, RAJASTHAN, 8, UDAIPUR, 108, SARADA, 1385, DEVPURA, 42691, 1158461, Total, 0, 0, 0, 0, 0, 0, 1250520, 1250520
2015, RAJASTHAN, 8, UDAIPUR, 108, SARADA, 1385, GAATOD, 42693, 1131020, Roads, 0, 0, 0, 0, 0, 0, 2349000, 2349000
2015, RAJASTHAN, 8, UDAIPUR, 108, SARADA, 1385, GAATOD, 42693, 1131020, Total, 0, 0, 0, 0, 0, 0, 2349000, 2349000
2015, RAJASTHAN, 8, UDAIPUR, 108, SARADA, 1385, JAWAD, 42696, 1142232, Drinking water, 0, 0, 0, 0, 0, 0, 270000, 270000
2015, RAJASTHAN, 8, UDAIPUR, 108, SARADA, 1385, JAWAD, 42696, 1142232, Public distribution system, 0, 0, 0, 0, 0, 0, 250000, 250000
2015, RAJASTHAN, 8, UDAIPUR, 108, SARADA, 1385, JAWAD, 42696, 1142232, Roads, 0, 0, 0, 0, 0, 0, 669000, 669000
2015, RAJASTHAN, 8, UDAIPUR, 108, SARADA, 1385, JAWAD, 42696, 1142232, Total, 0, 0, 0, 0, 0, 0, 1189000, 1189000
2015, RAJASTHAN, 8, UDAIPUR, 108, SARADA, 1385, JHADOL, 42697, 1142996, Public distribution system, 0, 0, 0, 0, 0, 0, 200000, 200000
2015, RAJASTHAN, 8, UDAIPUR, 108, SARADA, 1385, JHADOL, 42697, 1142996, Roads, 0, 0, 0, 0, 0, 0, 2415000, 2415000
2015, RAJASTHAN, 8, UDAIPUR, 108, SARADA, 1385, JHADOL, 42697, 1142996, Total, 0, 0, 0, 0, 0, 0, 2615000, 2615000
2015, RAJASTHAN, 8, UDAIPUR, 108, SARADA, 1385, KALAT, 262743, 1474891, Administrative & Technical Support, 0, 0, 0, 0, 0, 0, 88193, 88193
2015, RAJASTHAN, 8, UDAIPUR, 108, SARADA, 1385, KALAT, 262743, 1474891, Roads, 0, 0, 0, 0, 0, 0, 1200000, 1200000
2015, RAJASTHAN, 8, UDAIPUR, 108, SARADA, 1385, KALAT, 262743, 1474891, Total, 0, 0, 0, 0, 0, 0, 1288193, 1288193
2015, RAJASTHAN, 8, UDAIPUR, 108, SARADA, 1385, KATANWADA, 42698, 1142083, Roads, 0, 0, 0, 0, 0, 0, 850000, 850000
2015, RAJASTHAN, 8, UDAIPUR, 108, SARADA, 1385, KATANWADA, 42698, 1142083, Total, 0, 0, 0, 0, 0, 0, 850000, 850000
2015, RAJASTHAN, 8, UDAIPUR, 108, SARADA, 1385, KEJAD, 42699, 1142936, Public distribution system, 0, 0, 0, 0, 0, 0, 280000, 280000
2015, RAJASTHAN, 8, UDAIPUR, 108, SARADA, 1385, KEJAD, 42699, 1142936, Roads, 0, 0, 0, 0, 0, 0, 975000, 975000
2015, RAJASTHAN, 8, UDAIPUR, 108, SARADA, 1385, KEJAD, 42699, 1142936, Total, 0, 0, 0, 0, 0, 0, 1255000, 1255000
2015, RAJASTHAN, 8, UDAIPUR, 108, SARADA, 1385, KEVRA KHURD, 42700, 1144234, Roads, 0, 0, 0, 0, 0, 0, 1262000, 1262000
2015, RAJASTHAN, 8, UDAIPUR, 108, SARADA, 1385, KEVRA KHURD, 42700, 1144234, Total, 0, 0, 0, 0, 0, 0, 1262000, 1262000
2015, RAJASTHAN, 8, UDAIPUR, 108, SARADA, 1385, KHARBAR A, 262751, 1179095, Roads, 0, 0, 0, 0, 0, 0, 1111800, 1111800
2015, RAJASTHAN, 8, UDAIPUR, 108, SARADA, 1385, KHARBAR A, 262751, 1179095, Total, 0, 0, 0, 0, 0, 0, 1111800, 1111800
2015, RAJASTHAN, 8, UDAIPUR, 108, SARADA, 1385, KHARBAR, 42701, 1142624, Drinking water, 0, 0, 0, 0, 0, 0, 270000, 270000
2015, RAJASTHAN, 8, UDAIPUR, 108, SARADA, 1385, KHARBAR, 42701, 1142624, Roads, 0, 0, 0, 0, 0, 0, 500000, 500000
2015, RAJASTHAN, 8, UDAIPUR, 108, SARADA, 1385, KHARBAR, 42701, 1142624, Total, 0, 0, 0, 0, 0, 0, 770000, 770000
2015, RAJASTHAN, 8, UDAIPUR, 108, SARADA, 1385, NAIJHAR, 262734, 1492793, Drinking water, 0, 0, 0, 0, 0, 0, 350000, 350000
2015, RAJASTHAN, 8, UDAIPUR, 108, SARADA, 1385, NAIJHAR, 262734, 1492793, Roads, 0, 0, 0, 0, 0, 2500000, 1000000, 3500000
2015, RAJASTHAN, 8, UDAIPUR, 108, SARADA, 1385, NAIJHAR, 262734, 1492793, Total, 0, 0, 0, 0, 0, 2500000, 1350000, 3850000
2015, RAJASTHAN, 8, UDAIPUR, 108, SARADA, 1385, NAL ALKAR, 262749, 1514717, Education, 0, 0, 0, 0, 0, 0, 100000, 100000
2015, RAJASTHAN, 8, UDAIPUR, 108, SARADA, 1385, NAL ALKAR, 262749, 1514717, Roads, 0, 0, 0, 0, 0, 2500000, 1500000, 4000000
2015, RAJASTHAN, 8, UDAIPUR, 108, SARADA, 1385, NAL ALKAR, 262749, 1514717, Total, 0, 0, 0, 0, 0, 2500000, 1600000, 4100000
2015, RAJASTHAN, 8, UDAIPUR, 108, SARADA, 1385, NATHARA, 42705, 1141590, Public distribution system, 0, 0, 0, 0, 0, 0, 250000, 250000
2015, RAJASTHAN, 8, UDAIPUR, 108, SARADA, 1385, NATHARA, 42705, 1141590, Roads, 0, 0, 0, 0, 0, 0, 2005000, 2005000
2015, RAJASTHAN, 8, UDAIPUR, 108, SARADA, 1385, NATHARA, 42705, 1141590, Total, 0, 0, 0, 0, 0, 0, 2255000, 2255000
2015, RAJASTHAN, 8, UDAIPUR, 108, SARADA, 1385, NEVA TALAI, 42706, 1157836, Public distribution system, 0, 0, 0, 0, 0, 0, 22403, 22403
2015, RAJASTHAN, 8, UDAIPUR, 108, SARADA, 1385, NEVA TALAI, 42706, 1157836, Roads, 0, 0, 0, 0, 0, 0, 715000, 715000
2015, RAJASTHAN, 8, UDAIPUR, 108, SARADA, 1385, NEVA TALAI, 42706, 1157836, Total, 0, 0, 0, 0, 0, 0, 737403, 737403
2015, RAJASTHAN, 8, UDAIPUR, 108, SARADA, 1385, NIMBODA, 42707, 1152309, Drinking water, 0, 0, 0, 0, 0, 0, 796000, 796000
2015, RAJASTHAN, 8, UDAIPUR, 108, SARADA, 1385, NIMBODA, 42707, 1152309, Public distribution system, 0, 0, 0, 0, 0, 0, 678000, 678000
2015, RAJASTHAN, 8, UDAIPUR, 108, SARADA, 1385, NIMBODA, 42707, 1152309, Roads, 0, 0, 0, 0, 0, 0, 420000, 420000
2015, RAJASTHAN, 8, UDAIPUR, 108, SARADA, 1385, NIMBODA, 42707, 1152309, Total, 0, 0, 0, 0, 0, 0, 1894000, 1894000
2015, RAJASTHAN, 8, UDAIPUR, 108, SARADA, 1385, ODA, 262731, 1517591, Roads, 0, 0, 0, 0, 0, 650623, 453000, 1103623
2015, RAJASTHAN, 8, UDAIPUR, 108, SARADA, 1385, ODA, 262731, 1517591, Total, 0, 0, 0, 0, 0, 650623, 453000, 1103623
2015, RAJASTHAN, 8, UDAIPUR, 108, SARADA, 1385, PADLA, 42708, 1158217, Drinking water, 0, 0, 0, 0, 0, 0, 798000, 798000
2015, RAJASTHAN, 8, UDAIPUR, 108, SARADA, 1385, PADLA, 42708, 1158217, Public distribution system, 0, 0, 0, 0, 0, 0, 104908, 104908
2015, RAJASTHAN, 8, UDAIPUR, 108, SARADA, 1385, PADLA, 42708, 1158217, Roads, 0, 0, 0, 0, 0, 0, 300000, 300000
2015, RAJASTHAN, 8, UDAIPUR, 108, SARADA, 1385, PADLA, 42708, 1158217, Total, 0, 0, 0, 0, 0, 0, 1202908, 1202908
2015, RAJASTHAN, 8, UDAIPUR, 108, SARADA, 1385, PALODRA, 42710, 1115248, Drinking water, 0, 0, 0, 0, 0, 0, 799057, 799057
2015, RAJASTHAN, 8, UDAIPUR, 108, SARADA, 1385, PALODRA, 42710, 1115248, Total, 0, 0, 0, 0, 0, 0, 799057, 799057
2015, RAJASTHAN, 8, UDAIPUR, 108, SARADA, 1385, PARSAD, 42711, 1143145, Public distribution system, 0, 0, 0, 0, 0, 0, 300000, 300000
2015, RAJASTHAN, 8, UDAIPUR, 108, SARADA, 1385, PARSAD, 42711, 1143145, Roads, 0, 0, 0, 0, 0, 0, 712000, 712000
2015, RAJASTHAN, 8, UDAIPUR, 108, SARADA, 1385, PARSAD, 42711, 1143145, Total, 0, 0, 0, 0, 0, 0, 1012000, 1012000
2015, RAJASTHAN, 8, UDAIPUR, 108, SARADA, 1385, PEELADAR, 42712, 1131063, Roads, 0, 0, 0, 0, 0, 0, 400000, 400000
2015, RAJASTHAN, 8, UDAIPUR, 108, SARADA, 1385, PEELADAR, 42712, 1131063, Total, 0, 0, 0, 0, 0, 0, 400000, 400000
2015, RAJASTHAN, 8, UDAIPUR, 108, SARADA, 1385, SAGATRA, 42715, 1162125, Administrative & Technical Support, 0, 0, 0, 0, 0, 0, 187000, 187000
2015, RAJASTHAN, 8, UDAIPUR, 108, SARADA, 1385, SAGATRA, 42715, 1162125, Drinking water, 0, 0, 0, 0, 0, 0, 100000, 100000
2015, RAJASTHAN, 8, UDAIPUR, 108, SARADA, 1385, SAGATRA, 42715, 1162125, Public distribution system, 0, 0, 0, 0, 0, 0, 1495922, 1495922
2015, RAJASTHAN, 8, UDAIPUR, 108, SARADA, 1385, SAGATRA, 42715, 1162125, Total, 0, 0, 0, 0, 0, 0, 1782922, 1782922
2015, RAJASTHAN, 8, UDAIPUR, 108, SARADA, 1385, SARADA, 42717, 1117806, Drinking water, 0, 0, 0, 0, 0, 0, 580000, 580000
2015, RAJASTHAN, 8, UDAIPUR, 108, SARADA, 1385, SARADA, 42717, 1117806, Health, 0, 0, 0, 0, 0, 0, 700000, 700000
2015, RAJASTHAN, 8, UDAIPUR, 108, SARADA, 1385, SARADA, 42717, 1117806, Roads, 0, 0, 0, 0, 0, 0, 195000, 195000
2015, RAJASTHAN, 8, UDAIPUR, 108, SARADA, 1385, SARADA, 42717, 1117806, Sanitation, 0, 0, 0, 0, 0, 0, 865000, 865000
2015, RAJASTHAN, 8, UDAIPUR, 108, SARADA, 1385, SARADA, 42717, 1117806, Total, 0, 0, 0, 0, 0, 0, 2340000, 2340000
2015, RAJASTHAN, 8, UDAIPUR, 108, SARADA, 1385, SARSIYA, 262738, 1626803, Land improvement, 0, 0, 0, 0, 0, 400000, 0, 400000
2015, RAJASTHAN, 8, UDAIPUR, 108, SARADA, 1385, SARSIYA, 262738, 1626803, Public distribution system, 0, 0, 0, 0, 0, 100000, 0, 100000
2015, RAJASTHAN, 8, UDAIPUR, 108, SARADA, 1385, SARSIYA, 262738, 1626803, Roads, 0, 0, 0, 0, 0, 894496, 0, 894496
2015, RAJASTHAN, 8, UDAIPUR, 108, SARADA, 1385, SARSIYA, 262738, 1626803, Total, 0, 0, 0, 0, 0, 1394496, 0, 1394496
2015, RAJASTHAN, 8, UDAIPUR, 108, SARADA, 1385, SEMAL, 42718, 1157750, Drinking water, 0, 0, 0, 0, 0, 0, 100000, 100000
2015, RAJASTHAN, 8, UDAIPUR, 108, SARADA, 1385, SEMAL, 42718, 1157750, Public distribution system, 0, 0, 0, 0, 0, 0, 110611, 110611
2015, RAJASTHAN, 8, UDAIPUR, 108, SARADA, 1385, SEMAL, 42718, 1157750, Roads, 0, 0, 0, 0, 0, 0, 721000, 721000
2015, RAJASTHAN, 8, UDAIPUR, 108, SARADA, 1385, SEMAL, 42718, 1157750, Total, 0, 0, 0, 0, 0, 0, 931611, 931611
2015, RAJASTHAN, 8, UDAIPUR, 108, SARADA, 1385, SEPUR, 262754, 1141836, Education, 0, 0, 0, 0, 0, 0, 375000, 375000
2015, RAJASTHAN, 8, UDAIPUR, 108, SARADA, 1385, SEPUR, 262754, 1141836, Roads, 0, 0, 0, 0, 0, 0, 1199000, 1199000
2015, RAJASTHAN, 8, UDAIPUR, 108, SARADA, 1385, SEPUR, 262754, 1141836, Social welfare, 0, 0, 0, 0, 0, 0, 451000, 451000
2015, RAJASTHAN, 8, UDAIPUR, 108, SARADA, 1385, SEPUR, 262754, 1141836, Total, 0, 0, 0, 0, 0, 0, 2025000, 2025000
2015, RAJASTHAN, 8, UDAIPUR, 108, SARADA, 1385, SHYAMPURA JAGIR, 42720, 1161365, Drinking water, 0, 0, 0, 0, 0, 0, 80000, 80000
2015, RAJASTHAN, 8, UDAIPUR, 108, SARADA, 1385, SHYAMPURA JAGIR, 42720, 1161365, Public distribution system, 0, 0, 0, 0, 0, 0, 890114, 890114
2015, RAJASTHAN, 8, UDAIPUR, 108, SARADA, 1385, SHYAMPURA JAGIR, 42720, 1161365, Roads, 0, 0, 0, 0, 0, 0, 842000, 842000
2015, RAJASTHAN, 8, UDAIPUR, 108, SARADA, 1385, SHYAMPURA JAGIR, 42720, 1161365, Total, 0, 0, 0, 0, 0, 0, 1812114, 1812114
2015, RAJASTHAN, 8, UDAIPUR, 108, SARADA, 1385, SINGHATWARA, 42722, 1146779, Public distribution system, 0, 0, 0, 0, 0, 0, 500000, 500000
2015, RAJASTHAN, 8, UDAIPUR, 108, SARADA, 1385, SINGHATWARA, 42722, 1146779, Roads, 0, 0, 0, 0, 0, 0, 1300000, 1300000
2015, RAJASTHAN, 8, UDAIPUR, 108, SARADA, 1385, SINGHATWARA, 42722, 1146779, Total, 0, 0, 0, 0, 0, 0, 1800000, 1800000
2015, RAJASTHAN, 8, UDAIPUR, 108, SARADA, 1385, THANA, 42724, 1138873, Drinking water, 0, 0, 0, 0, 0, 0, 800000, 800000
2015, RAJASTHAN, 8, UDAIPUR, 108, SARADA, 1385, THANA, 42724, 1138873, Roads, 0, 0, 0, 0, 0, 0, 1700000, 1700000
2015, RAJASTHAN, 8, UDAIPUR, 108, SARADA, 1385, THANA, 42724, 1138873, Total, 0, 0, 0, 0, 0, 0, 2500000, 2500000
2015, RAJASTHAN, 8, UDAIPUR, 108, SARADA, 1385, VEERPURA, 42726, 1179223, Administrative & Technical Support, 0, 0, 0, 0, 0, 0, 69574, 69574
2015, RAJASTHAN, 8, UDAIPUR, 108, SARADA, 1385, VEERPURA, 42726, 1179223, Drinking water, 0, 0, 0, 0, 0, 0, 165000, 165000
2015, RAJASTHAN, 8, UDAIPUR, 108, SARADA, 1385, VEERPURA, 42726, 1179223, Public distribution system, 0, 0, 0, 0, 0, 0, 121000, 121000
2015, RAJASTHAN, 8, UDAIPUR, 108, SARADA, 1385, VEERPURA, 42726, 1179223, Roads, 0, 0, 0, 0, 0, 0, 1392000, 1392000
2015, RAJASTHAN, 8, UDAIPUR, 108, SARADA, 1385, VEERPURA, 42726, 1179223, Total, 0, 0, 0, 0, 0, 0, 1747574, 1747574
2015, RAJASTHAN, 8, UDAIPUR, 108, SAYRA, 262243, BHANPURA, 42405, 1163548, Drinking water, 0, 0, 0, 0, 0, 0, 792000, 792000
2015, RAJASTHAN, 8, UDAIPUR, 108, SAYRA, 262243, BHANPURA, 42405, 1163548, Maintenance of community system, 0, 0, 0, 0, 0, 0, 457000, 457000
2015, RAJASTHAN, 8, UDAIPUR, 108, SAYRA, 262243, BHANPURA, 42405, 1163548, Total, 0, 0, 0, 0, 0, 0, 1249000, 1249000
2015, RAJASTHAN, 8, UDAIPUR, 108, SAYRA, 262243, BOKHADA, 42406, 1112734, Roads, 0, 0, 0, 0, 0, 0, 1555703, 1555703
2015, RAJASTHAN, 8, UDAIPUR, 108, SAYRA, 262243, BOKHADA, 42406, 1112734, Total, 0, 0, 0, 0, 0, 0, 1555703, 1555703
2015, RAJASTHAN, 8, UDAIPUR, 108, SAYRA, 262243, BRAHMANON KA KALWANA, 42407, 1163059, Drinking water, 0, 0, 0, 0, 0, 0, 550000, 550000
2015, RAJASTHAN, 8, UDAIPUR, 108, SAYRA, 262243, BRAHMANON KA KALWANA, 42407, 1163059, Land improvement, 0, 0, 0, 0, 0, 0, 194736, 194736
2015, RAJASTHAN, 8, UDAIPUR, 108, SAYRA, 262243, BRAHMANON KA KALWANA, 42407, 1163059, Maintenance of community system, 0, 0, 0, 0, 0, 0, 510000, 510000
2015, RAJASTHAN, 8, UDAIPUR, 108, SAYRA, 262243, BRAHMANON KA KALWANA, 42407, 1163059, Roads, 0, 0, 0, 0, 0, 0, 295478, 295478
2015, RAJASTHAN, 8, UDAIPUR, 108, SAYRA, 262243, BRAHMANON KA KALWANA, 42407, 1163059, Total, 0, 0, 0, 0, 0, 0, 1550214, 1550214
2015, RAJASTHAN, 8, UDAIPUR, 108, SAYRA, 262243, CHITRAWAS, 42410, 1112739, Roads, 0, 0, 0, 0, 0, 0, 1059525, 1059525
2015, RAJASTHAN, 8, UDAIPUR, 108, SAYRA, 262243, CHITRAWAS, 42410, 1112739, Total, 0, 0, 0, 0, 0, 0, 1059525, 1059525
2015, RAJASTHAN, 8, UDAIPUR, 108, SAYRA, 262243, DHOL, 42413, 1160815, Drinking water, 0, 0, 0, 0, 0, 0, 586549, 586549
2015, RAJASTHAN, 8, UDAIPUR, 108, SAYRA, 262243, DHOL, 42413, 1160815, Roads, 0, 0, 0, 0, 0, 0, 817000, 817000
2015, RAJASTHAN, 8, UDAIPUR, 108, SAYRA, 262243, DHOL, 42413, 1160815, Total, 0, 0, 0, 0, 0, 0, 1403549, 1403549
2015, RAJASTHAN, 8, UDAIPUR, 108, SAYRA, 262243, DHUNDI, 42414, 1112154, Roads, 0, 0, 0, 0, 0, 0, 1306591, 1306591
2015, RAJASTHAN, 8, UDAIPUR, 108, SAYRA, 262243, DHUNDI, 42414, 1112154, Total, 0, 0, 0, 0, 0, 0, 1306591, 1306591
2015, RAJASTHAN, 8, UDAIPUR, 108, SAYRA, 262243, DIYAN, 42415, 1164295, Drinking water, 0, 0, 0, 0, 0, 0, 800000, 800000
2015, RAJASTHAN, 8, UDAIPUR, 108, SAYRA, 262243, DIYAN, 42415, 1164295, Roads, 0, 0, 0, 0, 0, 0, 508343, 508343
2015, RAJASTHAN, 8, UDAIPUR, 108, SAYRA, 262243, DIYAN, 42415, 1164295, Total, 0, 0, 0, 0, 0, 0, 1308343, 1308343
2015, RAJASTHAN, 8, UDAIPUR, 108, SAYRA, 262243, GUNDALI, 42417, 1162105, Drinking water, 0, 0, 0, 0, 0, 0, 712700, 712700
2015, RAJASTHAN, 8, UDAIPUR, 108, SAYRA, 262243, GUNDALI, 42417, 1162105, Roads, 0, 0, 0, 0, 0, 0, 274000, 274000
2015, RAJASTHAN, 8, UDAIPUR, 108, SAYRA, 262243, GUNDALI, 42417, 1162105, Total, 0, 0, 0, 0, 0, 0, 986700, 986700
2015, RAJASTHAN, 8, UDAIPUR, 108, SAYRA, 262243, JEMLI, 262408, 1121904, Drinking water, 0, 0, 0, 0, 0, 0, 215310, 215310
2015, RAJASTHAN, 8, UDAIPUR, 108, SAYRA, 262243, JEMLI, 262408, 1121904, Health, 0, 0, 0, 0, 0, 0, 29720, 29720
2015, RAJASTHAN, 8, UDAIPUR, 108, SAYRA, 262243, JEMLI, 262408, 1121904, Roads, 0, 0, 0, 0, 0, 0, 884000, 884000
2015, RAJASTHAN, 8, UDAIPUR, 108, SAYRA, 262243, JEMLI, 262408, 1121904, Total, 0, 0, 0, 0, 0, 0, 1129030, 1129030
2015, RAJASTHAN, 8, UDAIPUR, 108, SAYRA, 262243, KADECH, 262409, 1121895, Roads, 0, 0, 0, 0, 0, 0, 1137000, 1137000
2015, RAJASTHAN, 8, UDAIPUR, 108, SAYRA, 262243, KADECH, 262409, 1121895, Total, 0, 0, 0, 0, 0, 0, 1137000, 1137000
2015, RAJASTHAN, 8, UDAIPUR, 108, SAYRA, 262243, KAMOL, 42421, 1112746, Roads, 0, 0, 0, 0, 0, 0, 1038205, 1038205
2015, RAJASTHAN, 8, UDAIPUR, 108, SAYRA, 262243, KAMOL, 42421, 1112746, Total, 0, 0, 0, 0, 0, 0, 1038205, 1038205
2015, RAJASTHAN, 8, UDAIPUR, 108, SAYRA, 262243, KARDA, 42422, 1162938, Drinking water, 0, 0, 0, 0, 0, 0, 1002390, 1002390
2015, RAJASTHAN, 8, UDAIPUR, 108, SAYRA, 262243, KARDA, 42422, 1162938, Land improvement, 0, 0, 0, 0, 0, 0, 183576, 183576
2015, RAJASTHAN, 8, UDAIPUR, 108, SAYRA, 262243, KARDA, 42422, 1162938, Maintenance of community system, 0, 0, 0, 0, 0, 0, 250000, 250000
2015, RAJASTHAN, 8, UDAIPUR, 108, SAYRA, 262243, KARDA, 42422, 1162938, Total, 0, 0, 0, 0, 0, 0, 1435966, 1435966
2015, RAJASTHAN, 8, UDAIPUR, 108, SAYRA, 262243, NANDESHMA, 42427, 1162810, Land improvement, 0, 0, 0, 0, 0, 0, 500000, 500000
2015, RAJASTHAN, 8, UDAIPUR, 108, SAYRA, 262243, NANDESHMA, 42427, 1162810, Maintenance of community system, 0, 0, 0, 0, 0, 0, 547762, 547762
2015, RAJASTHAN, 8, UDAIPUR, 108, SAYRA, 262243, NANDESHMA, 42427, 1162810, Roads, 0, 0, 0, 0, 0, 0, 359000, 359000
2015, RAJASTHAN, 8, UDAIPUR, 108, SAYRA, 262243, NANDESHMA, 42427, 1162810, Total, 0, 0, 0, 0, 0, 0, 1406762, 1406762
2015, RAJASTHAN, 8, UDAIPUR, 108, SAYRA, 262243, PADRADA, 42429, 1162418, Drinking water, 0, 0, 0, 0, 0, 0, 288000, 288000
2015, RAJASTHAN, 8, UDAIPUR, 108, SAYRA, 262243, PADRADA, 42429, 1162418, Roads, 0, 0, 0, 0, 0, 0, 1174834, 1174834
2015, RAJASTHAN, 8, UDAIPUR, 108, SAYRA, 262243, PADRADA, 42429, 1162418, Total, 0, 0, 0, 0, 0, 0, 1462834, 1462834
2015, RAJASTHAN, 8, UDAIPUR, 108, SAYRA, 262243, PALASMA, 42430, 1175410, Drinking water, 0, 0, 0, 0, 0, 0, 495887, 495887
2015, RAJASTHAN, 8, UDAIPUR, 108, SAYRA, 262243, PALASMA, 42430, 1175410, Maintenance of community system, 0, 0, 0, 0, 0, 0, 500000, 500000
2015, RAJASTHAN, 8, UDAIPUR, 108, SAYRA, 262243, PALASMA, 42430, 1175410, Roads, 0, 0, 0, 0, 0, 0, 500000, 500000
2015, RAJASTHAN, 8, UDAIPUR, 108, SAYRA, 262243, PALASMA, 42430, 1175410, Total, 0, 0, 0, 0, 0, 0, 1495887, 1495887
2015, RAJASTHAN, 8, UDAIPUR, 108, SAYRA, 262243, PANER, 42431, 1112305, Animal husbandry, 0, 0, 0, 0, 0, 0, 38000, 38000
2015, RAJASTHAN, 8, UDAIPUR, 108, SAYRA, 262243, PANER, 42431, 1112305, Drinking water, 0, 0, 0, 0, 0, 0, 515000, 515000
2015, RAJASTHAN, 8, UDAIPUR, 108, SAYRA, 262243, PANER, 42431, 1112305, Roads, 0, 0, 0, 0, 0, 0, 863107, 863107
2015, RAJASTHAN, 8, UDAIPUR, 108, SAYRA, 262243, PANER, 42431, 1112305, Total, 0, 0, 0, 0, 0, 0, 1416107, 1416107
2015, RAJASTHAN, 8, UDAIPUR, 108, SAYRA, 262243, PUNAWALI, 42433, 1166748, Drinking water, 0, 0, 0, 0, 0, 0, 751040, 751040
2015, RAJASTHAN, 8, UDAIPUR, 108, SAYRA, 262243, PUNAWALI, 42433, 1166748, Roads, 0, 0, 0, 0, 0, 0, 461806, 461806
2015, RAJASTHAN, 8, UDAIPUR, 108, SAYRA, 262243, PUNAWALI, 42433, 1166748, Total, 0, 0, 0, 0, 0, 0, 1212846, 1212846
2015, RAJASTHAN, 8, UDAIPUR, 108, SAYRA, 262243, RAVACH, 42434, 1168245, Drinking water, 0, 0, 0, 0, 0, 0, 566728, 566728
2015, RAJASTHAN, 8, UDAIPUR, 108, SAYRA, 262243, RAVACH, 42434, 1168245, Maintenance of community system, 0, 0, 0, 0, 0, 0, 470893, 470893
2015, RAJASTHAN, 8, UDAIPUR, 108, SAYRA, 262243, RAVACH, 42434, 1168245, Total, 0, 0, 0, 0, 0, 0, 1037621, 1037621
2015, RAJASTHAN, 8, UDAIPUR, 108, SAYRA, 262243, SAYRA, 42437, 1163175, Drinking water, 0, 0, 0, 0, 0, 0, 500000, 500000
2015, RAJASTHAN, 8, UDAIPUR, 108, SAYRA, 262243, SAYRA, 42437, 1163175, Maintenance of community system, 0, 0, 0, 0, 0, 0, 547762, 547762
2015, RAJASTHAN, 8, UDAIPUR, 108, SAYRA, 262243, SAYRA, 42437, 1163175, Roads, 0, 0, 0, 0, 0, 0, 359000, 359000
2015, RAJASTHAN, 8, UDAIPUR, 108, SAYRA, 262243, SAYRA, 42437, 1163175, Total, 0, 0, 0, 0, 0, 0, 1406762, 1406762
2015, RAJASTHAN, 8, UDAIPUR, 108, SAYRA, 262243, SEMAD, 42438, 1160017, Drinking water, 0, 0, 0, 0, 0, 0, 360000, 360000
2015, RAJASTHAN, 8, UDAIPUR, 108, SAYRA, 262243, SEMAD, 42438, 1160017, Maintenance of community system, 0, 0, 0, 0, 0, 0, 479827, 479827
2015, RAJASTHAN, 8, UDAIPUR, 108, SAYRA, 262243, SEMAD, 42438, 1160017, Roads, 0, 0, 0, 0, 0, 0, 260000, 260000
2015, RAJASTHAN, 8, UDAIPUR, 108, SAYRA, 262243, SEMAD, 42438, 1160017, Total, 0, 0, 0, 0, 0, 0, 1099827, 1099827
2015, RAJASTHAN, 8, UDAIPUR, 108, SAYRA, 262243, SINGHADA, 42439, 1163978, Drinking water, 0, 0, 0, 0, 0, 0, 55631, 55631
2015, RAJASTHAN, 8, UDAIPUR, 108, SAYRA, 262243, SINGHADA, 42439, 1163978, Maintenance of community system, 0, 0, 0, 0, 0, 0, 440000, 440000
2015, RAJASTHAN, 8, UDAIPUR, 108, SAYRA, 262243, SINGHADA, 42439, 1163978, Roads, 0, 0, 0, 0, 0, 0, 549000, 549000
2015, RAJASTHAN, 8, UDAIPUR, 108, SAYRA, 262243, SINGHADA, 42439, 1163978, Total, 0, 0, 0, 0, 0, 0, 1044631, 1044631
2015, RAJASTHAN, 8, UDAIPUR, 108, SAYRA, 262243, SUAWATON KA GUDA, 42440, 1163449, Drinking water, 0, 0, 0, 0, 0, 0, 502390, 502390
2015, RAJASTHAN, 8, UDAIPUR, 108, SAYRA, 262243, SUAWATON KA GUDA, 42440, 1163449, Land improvement, 0, 0, 0, 0, 0, 0, 38355, 38355
2015, RAJASTHAN, 8, UDAIPUR, 108, SAYRA, 262243, SUAWATON KA GUDA, 42440, 1163449, Roads, 0, 0, 0, 0, 0, 0, 503000, 503000
2015, RAJASTHAN, 8, UDAIPUR, 108, SAYRA, 262243, SUAWATON KA GUDA, 42440, 1163449, Total, 0, 0, 0, 0, 0, 0, 1043745, 1043745
2015, RAJASTHAN, 8, UDAIPUR, 108, SAYRA, 262243, TARPAL, 42441, 1163123, Roads, 0, 0, 0, 0, 0, 0, 829000, 829000
2015, RAJASTHAN, 8, UDAIPUR, 108, SAYRA, 262243, TARPAL, 42441, 1163123, Total, 0, 0, 0, 0, 0, 0, 829000, 829000
2015, RAJASTHAN, 8, UDAIPUR, 108, SAYRA, 262243, TIROL, 42442, 1121019, Roads, 0, 0, 0, 0, 0, 0, 1258405, 1258405
2015, RAJASTHAN, 8, UDAIPUR, 108, SAYRA, 262243, TIROL, 42442, 1121019, Total, 0, 0, 0, 0, 0, 0, 1258405, 1258405
2015, RAJASTHAN, 8, UDAIPUR, 108, SAYRA, 262243, VISHMA, 42443, 1163758, Drinking water, 0, 0, 0, 0, 0, 0, 729000, 729000
2015, RAJASTHAN, 8, UDAIPUR, 108, SAYRA, 262243, VISHMA, 42443, 1163758, Roads, 0, 0, 0, 0, 0, 0, 525000, 525000
2015, RAJASTHAN, 8, UDAIPUR, 108, SAYRA, 262243, VISHMA, 42443, 1163758, Total, 0, 0, 0, 0, 0, 0, 1254000, 1254000
2015, RAJASTHAN, 8, UDAIPUR, 108, SEMARI, 262269, BADAWALI, 42683, 1100859, Roads, 0, 0, 0, 0, 0, 0, 1013675, 1013675
2015, RAJASTHAN, 8, UDAIPUR, 108, SEMARI, 262269, BADAWALI, 42683, 1100859, Total, 0, 0, 0, 0, 0, 0, 1013675, 1013675
2015, RAJASTHAN, 8, UDAIPUR, 108, SEMARI, 262269, BADGAON, 42684, 1113356, Roads, 0, 0, 0, 0, 0, 0, 353614, 353614
2015, RAJASTHAN, 8, UDAIPUR, 108, SEMARI, 262269, BADGAON, 42684, 1113356, Social welfare, 0, 0, 0, 0, 0, 0, 438109, 438109
2015, RAJASTHAN, 8, UDAIPUR, 108, SEMARI, 262269, BADGAON, 42684, 1113356, Total, 0, 0, 0, 0, 0, 0, 791723, 791723
2015, RAJASTHAN, 8, UDAIPUR, 108, SEMARI, 262269, BALUA, 42685, 1104323, Drinking water, 0, 0, 0, 0, 0, 0, 627600, 627600
2015, RAJASTHAN, 8, UDAIPUR, 108, SEMARI, 262269, BALUA, 42685, 1104323, Roads, 0, 0, 0, 0, 0, 0, 1086710, 1086710
2015, RAJASTHAN, 8, UDAIPUR, 108, SEMARI, 262269, BALUA, 42685, 1104323, Sanitation, 0, 0, 0, 0, 0, 0, 32388, 32388
2015, RAJASTHAN, 8, UDAIPUR, 108, SEMARI, 262269, BALUA, 42685, 1104323, Total, 0, 0, 0, 0, 0, 0, 1746698, 1746698
2015, RAJASTHAN, 8, UDAIPUR, 108, SEMARI, 262269, BANA KALAN, 42686, 1106836, Family welfare, 0, 0, 0, 0, 0, 0, 137704, 137704
2015, RAJASTHAN, 8, UDAIPUR, 108, SEMARI, 262269, BANA KALAN, 42686, 1106836, Roads, 0, 0, 0, 0, 0, 0, 972636, 972636
2015, RAJASTHAN, 8, UDAIPUR, 108, SEMARI, 262269, BANA KALAN, 42686, 1106836, Total, 0, 0, 0, 0, 0, 0, 1110340, 1110340
2015, RAJASTHAN, 8, UDAIPUR, 108, SEMARI, 262269, BHORAI, 42688, 1107667, Drinking water, 0, 0, 0, 0, 0, 0, 935360, 935360
2015, RAJASTHAN, 8, UDAIPUR, 108, SEMARI, 262269, BHORAI, 42688, 1107667, Roads, 0, 0, 0, 0, 0, 0, 1535307, 1535307
2015, RAJASTHAN, 8, UDAIPUR, 108, SEMARI, 262269, BHORAI, 42688, 1107667, Total, 0, 0, 0, 0, 0, 0, 2470667, 2470667
2015, RAJASTHAN, 8, UDAIPUR, 108, SEMARI, 262269, CHANDORA, 42689, 1112010, Drinking water, 0, 0, 0, 0, 0, 0, 120000, 120000
2015, RAJASTHAN, 8, UDAIPUR, 108, SEMARI, 262269, CHANDORA, 42689, 1112010, Family welfare, 0, 0, 0, 0, 0, 0, 12895, 12895
2015, RAJASTHAN, 8, UDAIPUR, 108, SEMARI, 262269, CHANDORA, 42689, 1112010, Roads, 0, 0, 0, 0, 0, 0, 942016, 942016
2015, RAJASTHAN, 8, UDAIPUR, 108, SEMARI, 262269, CHANDORA, 42689, 1112010, Rural housing, 0, 0, 0, 0, 0, 0, 286000, 286000
2015, RAJASTHAN, 8, UDAIPUR, 108, SEMARI, 262269, CHANDORA, 42689, 1112010, Total, 0, 0, 0, 0, 0, 0, 1360911, 1360911
2015, RAJASTHAN, 8, UDAIPUR, 108, SEMARI, 262269, DHANKAWADA, 42692, 1118403, Roads, 0, 0, 0, 0, 0, 0, 1896378, 1896378
2015, RAJASTHAN, 8, UDAIPUR, 108, SEMARI, 262269, DHANKAWADA, 42692, 1118403, Social welfare, 0, 0, 0, 0, 0, 0, 48615, 48615
2015, RAJASTHAN, 8, UDAIPUR, 108, SEMARI, 262269, DHANKAWADA, 42692, 1118403, Total, 0, 0, 0, 0, 0, 0, 1944993, 1944993
2015, RAJASTHAN, 8, UDAIPUR, 108, SEMARI, 262269, GHODASAR, 42694, 1117879, Drinking water, 0, 0, 0, 0, 0, 0, 470700, 470700
2015, RAJASTHAN, 8, UDAIPUR, 108, SEMARI, 262269, GHODASAR, 42694, 1117879, Roads, 0, 0, 0, 0, 0, 0, 1480134, 1480134
2015, RAJASTHAN, 8, UDAIPUR, 108, SEMARI, 262269, GHODASAR, 42694, 1117879, Total, 0, 0, 0, 0, 0, 0, 1950834, 1950834
2015, RAJASTHAN, 8, UDAIPUR, 108, SEMARI, 262269, INTALI, 42695, 1107597, Drinking water, 0, 0, 0, 0, 0, 0, 85138, 85138
2015, RAJASTHAN, 8, UDAIPUR, 108, SEMARI, 262269, INTALI, 42695, 1107597, Family welfare, 0, 0, 0, 0, 0, 0, 127329, 127329
2015, RAJASTHAN, 8, UDAIPUR, 108, SEMARI, 262269, INTALI, 42695, 1107597, Roads, 0, 0, 0, 0, 0, 0, 905636, 905636
2015, RAJASTHAN, 8, UDAIPUR, 108, SEMARI, 262269, INTALI, 42695, 1107597, Rural housing, 0, 0, 0, 0, 0, 0, 100000, 100000
2015, RAJASTHAN, 8, UDAIPUR, 108, SEMARI, 262269, INTALI, 42695, 1107597, Total, 0, 0, 0, 0, 0, 0, 1218103, 1218103
2015, RAJASTHAN, 8, UDAIPUR, 108, SEMARI, 262269, JAMBUDA, 262343, 1117963, Drinking water, 0, 0, 0, 0, 0, 0, 470700, 470700
2015, RAJASTHAN, 8, UDAIPUR, 108, SEMARI, 262269, JAMBUDA, 262343, 1117963, Roads, 0, 0, 0, 0, 0, 0, 548477, 548477
2015, RAJASTHAN, 8, UDAIPUR, 108, SEMARI, 262269, JAMBUDA, 262343, 1117963, Social welfare, 0, 0, 0, 0, 0, 0, 49693, 49693
2015, RAJASTHAN, 8, UDAIPUR, 108, SEMARI, 262269, JAMBUDA, 262343, 1117963, Total, 0, 0, 0, 0, 0, 0, 1068870, 1068870
2015, RAJASTHAN, 8, UDAIPUR, 108, SEMARI, 262269, KALIGHATI, 262339, 1118960, Drinking water, 0, 0, 0, 0, 0, 0, 523000, 523000
2015, RAJASTHAN, 8, UDAIPUR, 108, SEMARI, 262269, KALIGHATI, 262339, 1118960, Roads, 0, 0, 0, 0, 0, 0, 606446, 606446
2015, RAJASTHAN, 8, UDAIPUR, 108, SEMARI, 262269, KALIGHATI, 262339, 1118960, Sanitation, 0, 0, 0, 0, 0, 0, 43974, 43974
2015, RAJASTHAN, 8, UDAIPUR, 108, SEMARI, 262269, KALIGHATI, 262339, 1118960, Total, 0, 0, 0, 0, 0, 0, 1173420, 1173420
2015, RAJASTHAN, 8, UDAIPUR, 108, SEMARI, 262269, KUNDA, 42702, 1103558, Drinking water, 0, 0, 0, 0, 0, 0, 313800, 313800
2015, RAJASTHAN, 8, UDAIPUR, 108, SEMARI, 262269, KUNDA, 42702, 1103558, Family welfare, 0, 0, 0, 0, 0, 0, 13035, 13035
2015, RAJASTHAN, 8, UDAIPUR, 108, SEMARI, 262269, KUNDA, 42702, 1103558, Roads, 0, 0, 0, 0, 0, 0, 897978, 897978
2015, RAJASTHAN, 8, UDAIPUR, 108, SEMARI, 262269, KUNDA, 42702, 1103558, Social welfare, 0, 0, 0, 0, 0, 0, 125000, 125000
2015, RAJASTHAN, 8, UDAIPUR, 108, SEMARI, 262269, KUNDA, 42702, 1103558, Total, 0, 0, 0, 0, 0, 0, 1349813, 1349813
2015, RAJASTHAN, 8, UDAIPUR, 108, SEMARI, 262269, KURADIA, 42703, 1108323, Roads, 0, 0, 0, 0, 0, 0, 1427204, 1427204
2015, RAJASTHAN, 8, UDAIPUR, 108, SEMARI, 262269, KURADIA, 42703, 1108323, Total, 0, 0, 0, 0, 0, 0, 1427204, 1427204
2015, RAJASTHAN, 8, UDAIPUR, 108, SEMARI, 262269, MALLADA, 42704, 1098687, Roads, 0, 0, 0, 0, 0, 0, 734684, 734684
2015, RAJASTHAN, 8, UDAIPUR, 108, SEMARI, 262269, MALLADA, 42704, 1098687, Sanitation, 0, 0, 0, 0, 0, 0, 440782, 440782
2015, RAJASTHAN, 8, UDAIPUR, 108, SEMARI, 262269, MALLADA, 42704, 1098687, Total, 0, 0, 0, 0, 0, 0, 1175466, 1175466
2015, RAJASTHAN, 8, UDAIPUR, 108, SEMARI, 262269, PAAL SARADA, 42709, 1104444, Drinking water, 0, 0, 0, 0, 0, 0, 679900, 679900
2015, RAJASTHAN, 8, UDAIPUR, 108, SEMARI, 262269, PAAL SARADA, 42709, 1104444, Roads, 0, 0, 0, 0, 0, 0, 906175, 906175
2015, RAJASTHAN, 8, UDAIPUR, 108, SEMARI, 262269, PAAL SARADA, 42709, 1104444, Total, 0, 0, 0, 0, 0, 0, 1586075, 1586075
2015, RAJASTHAN, 8, UDAIPUR, 108, SEMARI, 262269, RATHORA, 42713, 1120297, Drinking water, 0, 0, 0, 0, 0, 0, 25000, 25000
2015, RAJASTHAN, 8, UDAIPUR, 108, SEMARI, 262269, RATHORA, 42713, 1120297, Roads, 0, 0, 0, 0, 0, 0, 950000, 950000
2015, RAJASTHAN, 8, UDAIPUR, 108, SEMARI, 262269, RATHORA, 42713, 1120297, Social welfare, 0, 0, 0, 0, 0, 0, 299175, 299175
2015, RAJASTHAN, 8, UDAIPUR, 108, SEMARI, 262269, RATHORA, 42713, 1120297, Total, 0, 0, 0, 0, 0, 0, 1274175, 1274175
2015, RAJASTHAN, 8, UDAIPUR, 108, SEMARI, 262269, SADKARI, 42714, 1109374, Drinking water, 0, 0, 0, 0, 0, 0, 673200, 673200
2015, RAJASTHAN, 8, UDAIPUR, 108, SEMARI, 262269, SADKARI, 42714, 1109374, Family welfare, 0, 0, 0, 0, 0, 0, 125277, 125277
2015, RAJASTHAN, 8, UDAIPUR, 108, SEMARI, 262269, SADKARI, 42714, 1109374, Roads, 0, 0, 0, 0, 0, 0, 1156446, 1156446
2015, RAJASTHAN, 8, UDAIPUR, 108, SEMARI, 262269, SADKARI, 42714, 1109374, Total, 0, 0, 0, 0, 0, 0, 1954923, 1954923
2015, RAJASTHAN, 8, UDAIPUR, 108, SEMARI, 262269, SALLARA, 42716, 1111379, Roads, 0, 0, 0, 0, 0, 0, 1049250, 1049250
2015, RAJASTHAN, 8, UDAIPUR, 108, SEMARI, 262269, SALLARA, 42716, 1111379, Social welfare, 0, 0, 0, 0, 0, 0, 581507, 581507
2015, RAJASTHAN, 8, UDAIPUR, 108, SEMARI, 262269, SALLARA, 42716, 1111379, Total, 0, 0, 0, 0, 0, 0, 1630757, 1630757
2015, RAJASTHAN, 8, UDAIPUR, 108, SEMARI, 262269, SEMARI, 42719, 1109003, Family welfare, 0, 0, 0, 0, 0, 0, 733000, 733000
2015, RAJASTHAN, 8, UDAIPUR, 108, SEMARI, 262269, SEMARI, 42719, 1109003, Roads, 0, 0, 0, 0, 0, 0, 711818, 711818
2015, RAJASTHAN, 8, UDAIPUR, 108, SEMARI, 262269, SEMARI, 42719, 1109003, Rural electrification, 0, 0, 0, 0, 0, 0, 290000, 290000
2015, RAJASTHAN, 8, UDAIPUR, 108, SEMARI, 262269, SEMARI, 42719, 1109003, Social welfare, 0, 0, 0, 0, 0, 0, 238211, 238211
2015, RAJASTHAN, 8, UDAIPUR, 108, SEMARI, 262269, SEMARI, 42719, 1109003, Total, 0, 0, 0, 0, 0, 0, 1973029, 1973029
2015, RAJASTHAN, 8, UDAIPUR, 108, SEMARI, 262269, SHAKTAWATO KA GURA, 262347, 1099779, Drinking water, 0, 0, 0, 0, 0, 0, 69141, 69141
2015, RAJASTHAN, 8, UDAIPUR, 108, SEMARI, 262269, SHAKTAWATO KA GURA, 262347, 1099779, Roads, 0, 0, 0, 0, 0, 0, 1006446, 1006446
2015, RAJASTHAN, 8, UDAIPUR, 108, SEMARI, 262269, SHAKTAWATO KA GURA, 262347, 1099779, Total, 0, 0, 0, 0, 0, 0, 1075587, 1075587
2015, RAJASTHAN, 8, UDAIPUR, 108, SEMARI, 262269, SHYAMPURA S., 42721, 1128645, Drinking water, 0, 0, 0, 0, 0, 0, 200000, 200000
2015, RAJASTHAN, 8, UDAIPUR, 108, SEMARI, 262269, SHYAMPURA S., 42721, 1128645, Roads, 0, 0, 0, 0, 0, 0, 150000, 150000
2015, RAJASTHAN, 8, UDAIPUR, 108, SEMARI, 262269, SHYAMPURA S., 42721, 1128645, Social welfare, 0, 0, 0, 0, 0, 0, 622789, 622789
2015, RAJASTHAN, 8, UDAIPUR, 108, SEMARI, 262269, SHYAMPURA S., 42721, 1128645, Total, 0, 0, 0, 0, 0, 0, 972789, 972789
2015, RAJASTHAN, 8, UDAIPUR, 108, SEMARI, 262269, SURKHAND KHEDA, 42723, 1114922, Drinking water, 0, 0, 0, 0, 0, 0, 541247, 541247
2015, RAJASTHAN, 8, UDAIPUR, 108, SEMARI, 262269, SURKHAND KHEDA, 42723, 1114922, Roads, 0, 0, 0, 0, 0, 0, 605636, 605636
2015, RAJASTHAN, 8, UDAIPUR, 108, SEMARI, 262269, SURKHAND KHEDA, 42723, 1114922, Social welfare, 0, 0, 0, 0, 0, 0, 160000, 160000
2015, RAJASTHAN, 8, UDAIPUR, 108, SEMARI, 262269, SURKHAND KHEDA, 42723, 1114922, Total, 0, 0, 0, 0, 0, 0, 1306883, 1306883
2015, RAJASTHAN, 8, UDAIPUR, 108, SEMARI, 262269, TOKER, 42725, 1113766, Drinking water, 0, 0, 0, 0, 0, 0, 627600, 627600
2015, RAJASTHAN, 8, UDAIPUR, 108, SEMARI, 262269, TOKER, 42725, 1113766, Family welfare, 0, 0, 0, 0, 0, 0, 186378, 186378
2015, RAJASTHAN, 8, UDAIPUR, 108, SEMARI, 262269, TOKER, 42725, 1113766, Roads, 0, 0, 0, 0, 0, 0, 1856446, 1856446
2015, RAJASTHAN, 8, UDAIPUR, 108, SEMARI, 262269, TOKER, 42725, 1113766, Total, 0, 0, 0, 0, 0, 0, 2670424, 2670424
2015, RAJASTHAN, 8, UDAIPUR, 108, SEMARI, 262269, UPLAPHALA-SADKARI, 262336, 1101030, Roads, 0, 0, 0, 0, 0, 0, 500000, 500000
2015, RAJASTHAN, 8, UDAIPUR, 108, SEMARI, 262269, UPLAPHALA-SADKARI, 262336, 1101030, Social welfare, 0, 0, 0, 0, 0, 0, 529765, 529765
2015, RAJASTHAN, 8, UDAIPUR, 108, SEMARI, 262269, UPLAPHALA-SADKARI, 262336, 1101030, Total, 0, 0, 0, 0, 0, 0, 1029765, 1029765
2015, RAJASTHAN, 8, ALWAR, 78, KISHANGARH BAS, 1160, BAHADURPUR PATTI MEERAN, 33980, 1187803, Total, 0, 0, 0, 0, 0, 0, 0, 0
2015, RAJASTHAN, 8, ALWAR, 78, KISHANGARH BAS, 1160, ISMAILPUR, 33979, 1187698, Total, 0, 0, 0, 0, 0, 0, 0, 0
2015, RAJASTHAN, 8, ALWAR, 78, KISHANGARH BAS, 1160, KAROLI, 33981, 1187722, Total, 0, 0, 0, 0, 0, 0, 0, 0
2015, RAJASTHAN, 8, ALWAR, 78, KISHANGARH BAS, 1160, LANGARWAS, 33986, 1183864, Total, 0, 0, 0, 0, 0, 0, 0, 0
2015, RAJASTHAN, 8, ALWAR, 78, KISHANGARH BAS, 1160, MANCHA, 33990, 1187835, Total, 0, 0, 0, 0, 0, 0, 0, 0
2015, RAJASTHAN, 8, ALWAR, 78, KISHANGARH BAS, 1160, RATA KHURD, 33994, 1187866, Total, 0, 0, 0, 0, 0, 0, 0, 0
2015, RAJASTHAN, 8, ALWAR, 78, KISHANGARH BAS, 1160, TARWALA, 33997, 1183852, Total, 0, 0, 0, 0, 0, 0, 0, 0
2015, RAJASTHAN, 8, ALWAR, 78, KISHANGARH BAS, 1160, SIRMOLI, 33996, 1187895, Total, 0, 0, 0, 0, 0, 0, 0, 0
2015, RAJASTHAN, 8, ALWAR, 78, KISHANGARH BAS, 1160, TARWALA, 33997, 1275058, Total, 0, 0, 0, 0, 0, 0, 0, 0
2015, RAJASTHAN, 8, ALWAR, 78, LAXMANGARH, 1162, BARODA MEO, 34023, 1183750, Total, 0, 0, 0, 0, 0, 0, 0, 0
2015, RAJASTHAN, 8, ALWAR, 78, LAXMANGARH, 1162, BOONTOLI, 34027, 1187394, Total, 0, 0, 0, 0, 0, 0, 0, 0
2015, RAJASTHAN, 8, ALWAR, 78, LAXMANGARH, 1162, CHIDWAI, 34029, 1186004, Total, 0, 0, 0, 0, 0, 0, 0, 0
2015, RAJASTHAN, 8, ALWAR, 78, LAXMANGARH, 1162, BUTYANA, 34028, 1187690, Total, 0, 0, 0, 0, 0, 0, 0, 0
2015, RAJASTHAN, 8, ALWAR, 78, LAXMANGARH, 1162, DEENAR, 34031, 1186067, Total, 0, 0, 0, 0, 0, 0, 0, 0
2015, RAJASTHAN, 8, ALWAR, 78, LAXMANGARH, 1162, DONGRI, 34033, 1275324, Total, 0, 0, 0, 0, 0, 0, 0, 0
2015, RAJASTHAN, 8, ALWAR, 78, LAXMANGARH, 1162, DEEWLI, 34032, 1187298, Total, 0, 0, 0, 0, 0, 0, 0, 0
2015, RAJASTHAN, 8, ALWAR, 78, LAXMANGARH, 1162, GANDOORA, 34036, 1186989, Total, 0, 0, 0, 0, 0, 0, 0, 0
2015, RAJASTHAN, 8, ALWAR, 78, LAXMANGARH, 1162, PHAHRI, 34035, 1275380, Total, 0, 0, 0, 0, 0, 0, 0, 0
2015, RAJASTHAN, 8, ALWAR, 78, LAXMANGARH, 1162, GHAT, 34037, 1184011, Total, 0, 0, 0, 0, 0, 0, 0, 0
2015, RAJASTHAN, 8, ALWAR, 78, LAXMANGARH, 1162, HARSANA, 34039, 1186978, Total, 0, 0, 0, 0, 0, 0, 0, 0
2015, RAJASTHAN, 8, ALWAR, 78, LAXMANGARH, 1162, INDPUR, 34041, 1184049, Total, 0, 0, 0, 0, 0, 0, 0, 0
2015, RAJASTHAN, 8, ALWAR, 78, LAXMANGARH, 1162, KHUDIYANA, 34047, 1187738, Total, 0, 0, 0, 0, 0, 0, 0, 0
2015, RAJASTHAN, 8, ALWAR, 78, LAXMANGARH, 1162, JAWLI, 34042, 1187264, Total, 0, 0, 0, 0, 0, 0, 0, 0
2015, RAJASTHAN, 8, ALWAR, 78, LAXMANGARH, 1162, HASANPUR, 34040, 1187084, Total, 0, 0, 0, 0, 0, 0, 0, 0
2015, RAJASTHAN, 8, ALWAR, 78, LAXMANGARH, 1162, MALPUR, 34050, 1187000, Total, 0, 0, 0, 0, 0, 0, 0, 0
2015, RAJASTHAN, 8, ALWAR, 78, LAXMANGARH, 1162, NANGAL KHANJADI, 34053, 1275343, Total, 0, 0, 0, 0, 0, 0, 0, 0
2015, RAJASTHAN, 8, ALWAR, 78, LAXMANGARH, 1162, NIZAM NAGAR, 34055, 1187118, Total, 0, 0, 0, 0, 0, 0, 0, 0
2015, RAJASTHAN, 8, ALWAR, 78, LAXMANGARH, 1162, NASWARI, 34054, 1275362, Total, 0, 0, 0, 0, 0, 0, 0, 0
2015, RAJASTHAN, 8, ALWAR, 78, LAXMANGARH, 1162, RAMWAS, 34057, 1187212, Total, 0, 0, 0, 0, 0, 0, 0, 0
2015, RAJASTHAN, 8, ALWAR, 78, LAXMANGARH, 1162, RAMWAS, 34057, 1275391, Total, 0, 0, 0, 0, 0, 0, 0, 0
2015, RAJASTHAN, 8, ALWAR, 78, LAXMANGARH, 1162, SEHRA, 34059, 1185862, Total, 0, 0, 0, 0, 0, 0, 0, 0
2015, RAJASTHAN, 8, ALWAR, 78, LAXMANGARH, 1162, TODANAGAR, 34063, 1341442, Total, 0, 0, 0, 0, 0, 0, 0, 0
2015, RAJASTHAN, 8, ALWAR, 78, LAXMANGARH, 1162, SORAI, 34062, 1341433, Total, 0, 0, 0, 0, 0, 0, 0, 0
2015, RAJASTHAN, 8, ALWAR, 78, LAXMANGARH, 1162, GOVINDGARH, 236075, 1187342, Total, 0, 0, 0, 0, 0, 0, 0, 0
2015, RAJASTHAN, 8, ALWAR, 78, LAXMANGARH, 1162, RONPUR, 262533, 1186052, Total, 0, 0, 0, 0, 0, 0, 0, 0
2015, RAJASTHAN, 8, ALWAR, 78, RAMGARH, 1166, ALAWARA, 34167, 1096931, Total, 0, 0, 0, 0, 0, 0, 0, 0
2015, RAJASTHAN, 8, ALWAR, 78, RAMGARH, 1166, BAMBOLI, 34170, 1097161, Total, 0, 0, 0, 0, 0, 0, 0, 0
2015, RAJASTHAN, 8, ALWAR, 78, RAMGARH, 1166, BEEJWA, 34172, 1096902, Total, 0, 0, 0, 0, 0, 0, 0, 0
2015, RAJASTHAN, 8, ALWAR, 78, RAMGARH, 1166, BAGAR RAJPUT, 34168, 1096350, Total, 0, 0, 0, 0, 0, 0, 0, 0
2015, RAJASTHAN, 8, ALWAR, 78, RAMGARH, 1166, CHEERWA, 34173, 1096912, Total, 0, 0, 0, 0, 0, 0, 0, 0
2015, RAJASTHAN, 8, ALWAR, 78, RAMGARH, 1166, CHAUMA, 34174, 1097208, Total, 0, 0, 0, 0, 0, 0, 0, 0
2015, RAJASTHAN, 8, ALWAR, 78, RAMGARH, 1166, DESOOLA, 34177, 1097195, Total, 0, 0, 0, 0, 0, 0, 0, 0
2015, RAJASTHAN, 8, ALWAR, 78, RAMGARH, 1166, CHOROTI PAHAR, 34175, 1097382, Total, 0, 0, 0, 0, 0, 0, 0, 0
2015, RAJASTHAN, 8, ALWAR, 78, RAMGARH, 1166, DABARI, 34176, 1097268, Total, 0, 0, 0, 0, 0, 0, 0, 0
2015, RAJASTHAN, 8, ALWAR, 78, RAMGARH, 1166, DHOLI, 34178, 1096889, Total, 0, 0, 0, 0, 0, 0, 0, 0
2015, RAJASTHAN, 8, ALWAR, 78, RAMGARH, 1166, GARHI, 34179, 1096961, Total, 0, 0, 0, 0, 0, 0, 0, 0
2015, RAJASTHAN, 8, ALWAR, 78, RAMGARH, 1166, JATPUR, 34182, 1097281, Total, 0, 0, 0, 0, 0, 0, 0, 0
2015, RAJASTHAN, 8, ALWAR, 78, RAMGARH, 1166, MUBARIKPUR, 34191, 1097188, Total, 0, 0, 0, 0, 0, 0, 0, 0
2015, RAJASTHAN, 8, ALWAR, 78, RAMGARH, 1166, KAKRALI, 34183, 1097283, Total, 0, 0, 0, 0, 0, 0, 0, 0
2015, RAJASTHAN, 8, ALWAR, 78, RAMGARH, 1166, KHILORA, 34187, 1097152, Total, 0, 0, 0, 0, 0, 0, 0, 0
2015, RAJASTHAN, 8, ALWAR, 78, RAMGARH, 1166, NAGLI MEGHA, 34193, 1097289, Total, 0, 0, 0, 0, 0, 0, 0, 0
2015, RAJASTHAN, 8, ALWAR, 78, RAMGARH, 1166, NEEKACH, 34195, 1097370, Total, 0, 0, 0, 0, 0, 0, 0, 0
2015, RAJASTHAN, 8, ALWAR, 78, RAMGARH, 1166, KHOH, 34188, 1097175, Total, 0, 0, 0, 0, 0, 0, 0, 0
2015, RAJASTHAN, 8, ALWAR, 78, RAMGARH, 1166, NAUGAWAN, 34194, 1097298, Total, 0, 0, 0, 0, 0, 0, 0, 0
2015, RAJASTHAN, 8, ALWAR, 78, RAMGARH, 1166, PEEPROLI, 34197, 1097377, Total, 0, 0, 0, 0, 0, 0, 0, 0
2015, RAJASTHAN, 8, ALWAR, 78, RAMGARH, 1166, SAHDOLI, 34201, 1096295, Total, 0, 0, 0, 0, 0, 0, 0, 0
2015, RAJASTHAN, 8, ALWAR, 78, RAMGARH, 1166, RAGHUNATHGARH, 34198, 1097395, Total, 0, 0, 0, 0, 0, 0, 0, 0
2015, RAJASTHAN, 8, ALWAR, 78, RAMGARH, 1166, TIKARI, 262069, 1097407, Total, 0, 0, 0, 0, 0, 0, 0, 0
2015, RAJASTHAN, 8, ALWAR, 78, RAMGARH, 1166, ghegholi, 262693, 1161033, Total, 0, 0, 0, 0, 0, 0, 0, 0
2015, RAJASTHAN, 8, ALWAR, 78, RAMGARH, 1166, UNTWAL, 34203, 1097411, Total, 0, 0, 0, 0, 0, 0, 0, 0
2015, RAJASTHAN, 8, ALWAR, 78, RAMGARH, 1166, moonpur, 262860, 1161036, Total, 0, 0, 0, 0, 0, 0, 0, 0
2015, RAJASTHAN, 8, BHARATPUR, 82, BAYANA, 1194, GURDHA NADI, 35263, 1459142, Total, 0, 0, 0, 0, 0, 0, 0, 0
2015, RAJASTHAN, 8, BHARATPUR, 82, BAYANA, 1194, BEERAMPURA, 35256, 1405597, Total, 0, 0, 0, 0, 0, 0, 0, 0
2015, RAJASTHAN, 8, BHARATPUR, 82, BAYANA, 1194, KHOHRA, 35275, 1455933, Total, 0, 0, 0, 0, 0, 0, 0, 0
2015, RAJASTHAN, 8, BHARATPUR, 82, BAYANA, 1194, HARNAGAR, 35264, 1405558, Total, 0, 0, 0, 0, 0, 0, 0, 0
2015, RAJASTHAN, 8, BHARATPUR, 82, KUMHER, 1197, KOOMHA, 35392, 1574279, Total, 0, 0, 0, 0, 0, 0, 0, 0
2015, RAJASTHAN, 8, JHUNJHUNU, 97, JHUNJHUNU, 1299, BAKRA, 39425, 1226910, Total, 0, 0, 0, 0, 0, 0, 0, 0
2015, RAJASTHAN, 8, JHUNJHUNU, 97, JHUNJHUNU, 1299, BHADARWAS, 39427, 1226920, Total, 0, 0, 0, 0, 0, 0, 0, 0
2015, RAJASTHAN, 8, JHUNJHUNU, 97, JHUNJHUNU, 1299, CHURI CHATARPURA, 39436, 1226952, Total, 0, 0, 0, 0, 0, 0, 0, 0
2015, RAJASTHAN, 8, JHUNJHUNU, 97, JHUNJHUNU, 1299, DHANI PUROHITON KI, 39453, 1226963, Total, 0, 0, 0, 0, 0, 0, 0, 0
